x,y,z,b
500,1,609.808,0.0115095
499.5,1,608.942,0.0114931
499,1,608.076,0.0114845
498.5,1,607.21,0.011488
498,1,606.344,0.011492
497.5,1,605.477,0.0114972
497,1,604.611,0.0115039
496.5,1,603.745,0.0115085
496,1,602.879,0.0115127
495.5,1,602.013,0.0115046
495,1,601.147,0.0114936
494.5,1,600.281,0.0114796
494,1,599.415,0.0114716
493.5,1,598.549,0.0114592
493,1,597.683,0.0114478
492.5,1,596.817,0.0114505
492,1,595.951,0.0114516
491.5,1,595.085,0.0114447
491,1,594.219,0.0114549
490.5,1,593.353,0.01148
490,1,592.487,0.0114996
489.5,1,591.621,0.0115273
489,1,590.755,0.0115666
488.5,1,589.889,0.0115956
488,1,589.023,0.0116323
487.5,1,588.157,0.0117151
487,1,587.291,0.0117961
486.5,1,586.425,0.0118711
486,1,585.559,0.0119156
485.5,1,584.693,0.011966
485,1,583.827,0.0120211
484.5,1,582.961,0.0120369
484,1,582.095,0.0120527
483.5,1,581.229,0.0120704
483,1,580.363,0.0120704
482.5,1,579.497,0.0120641
482,1,578.631,0.0120591
481.5,1,577.765,0.0120468
481,1,576.899,0.0120263
480.5,1,576.033,0.0120008
480,1,575.167,0.0119851
479.5,1,574.301,0.0119865
479,1,573.435,0.0119855
478.5,1,572.569,0.0119906
478,1,571.703,0.012018
477.5,1,570.836,0.0120501
477,1,569.97,0.0120864
476.5,1,569.104,0.0121289
476,1,568.238,0.012179
475.5,1,567.372,0.0122364
475,1,566.506,0.012284
474.5,1,565.64,0.0123325
474,1,564.774,0.0123804
473.5,1,563.908,0.0124507
473,1,563.042,0.0125233
472.5,1,562.176,0.0125946
472,1,561.31,0.0126984
471.5,1,560.444,0.0128164
471,1,559.578,0.0129327
470.5,1,558.712,0.0130309
470,1,557.846,0.0131124
469.5,1,556.98,0.0131915
469,1,556.114,0.0132433
468.5,1,555.248,0.0132346
468,1,554.382,0.0132194
467.5,1,553.516,0.0131971
467,1,552.65,0.0131631
466.5,1,551.784,0.0131269
466,1,550.918,0.0130795
465.5,1,550.052,0.0130036
465,1,549.186,0.0129278
464.5,1,548.32,0.0128519
464,1,547.454,0.0126662
463.5,1,546.588,0.0124668
463,1,545.722,0.0122719
462.5,1,544.856,0.0120977
462,1,543.99,0.0119394
461.5,1,543.124,0.0117926
461,1,542.258,0.0117078
460.5,1,541.392,0.0116743
460,1,540.526,0.011656
459.5,1,539.66,0.0116854
459,1,538.794,0.0117704
458.5,1,537.928,0.0118566
458,1,537.061,0.0119225
457.5,1,536.195,0.0119378
457,1,535.329,0.0119531
456.5,1,534.463,0.0119637
456,1,533.597,0.0119428
455.5,1,532.731,0.0119262
455,1,531.865,0.0119212
454.5,1,530.999,0.0119674
454,1,530.133,0.0120116
453.5,1,529.267,0.0120521
453,1,528.401,0.0121023
452.5,1,527.535,0.012144
452,1,526.669,0.0121702
451.5,1,525.803,0.0121198
451,1,524.937,0.0120289
450.5,1,524.071,0.0119338
450,1,523.205,0.0118634
449.5,1,522.339,0.0118287
449,1,521.473,0.0118006
448.5,1,520.607,0.011807
448,1,519.741,0.0118791
447.5,1,518.875,0.0119623
447,1,518.009,0.0120603
446.5,1,517.143,0.0121715
446,1,516.277,0.0122721
445.5,1,515.411,0.0123599
445,1,514.545,0.0123323
444.5,1,513.679,0.0122882
444,1,512.813,0.0122348
443.5,1,511.947,0.0121175
443,1,511.081,0.0119963
442.5,1,510.215,0.0118816
442,1,509.349,0.0118145
441.5,1,508.483,0.0117805
441,1,507.617,0.0118024
440.5,1,506.751,0.0119123
440,1,505.885,0.0121035
439.5,1,505.019,0.0123207
439,1,504.153,0.0125896
438.5,1,503.286,0.0128367
438,1,502.42,0.013023
437.5,1,501.554,0.0131785
437,1,500.688,0.013359
436.5,1,499.822,0.0135301
436,1,498.956,0.0137041
435.5,1,498.09,0.0140782
435,1,497.224,0.0145253
434.5,1,496.358,0.0150454
434,1,495.492,0.0157411
433.5,1,494.626,0.0165159
433,1,493.76,0.0172353
432.5,1,492.894,0.0178194
432,1,492.028,0.0183792
431.5,1,491.162,0.0189574
431,1,490.296,0.0194196
430.5,1,489.43,0.0197884
430,1,488.564,0.0201417
429.5,1,487.698,0.0205453
429,1,486.832,0.0209825
428.5,1,485.966,0.0214645
428,1,485.1,0.0221433
427.5,1,484.234,0.0231618
427,1,483.368,0.0241882
426.5,1,482.502,0.0251686
426,1,481.636,0.0257083
425.5,1,480.77,0.0261993
425,1,479.904,0.0266843
424.5,1,479.038,0.0270815
424,1,478.172,0.0275182
423.5,1,477.306,0.0279986
423,1,476.44,0.0293456
422.5,1,475.574,0.0312839
422,1,474.708,0.0319762
421.5,1,473.842,0.0327039
421,1,472.976,0.0334345
420.5,1,472.11,0.0337693
420,1,471.244,0.0340103
419.5,1,470.378,0.0341575
419,1,469.512,0.034211
418.5,1,468.645,0.0341708
418,1,467.779,0.0342667
417.5,1,466.913,0.0348155
417,1,466.047,0.0354167
416.5,1,465.181,0.0359532
416,1,464.315,0.0371756
415.5,1,463.449,0.0377843
415,1,462.583,0.0377719
414.5,1,461.717,0.037584
414,1,460.851,0.0374175
413.5,1,459.985,0.0373275
413,1,459.119,0.037662
412.5,1,458.253,0.0373679
412,1,457.387,0.0374826
411.5,1,456.521,0.0375165
411,1,455.655,0.0375768
410.5,1,454.789,0.0376962
410,1,453.923,0.0382084
409.5,1,453.057,0.038614
409,1,452.191,0.0389843
408.5,1,451.325,0.0397596
408,1,450.459,0.0404696
407.5,1,449.593,0.04115
407,1,448.727,0.0419297
406.5,1,447.861,0.0425688
406,1,446.995,0.0430529
405.5,1,446.129,0.0434411
405,1,445.263,0.0444628
404.5,1,444.397,0.0460626
404,1,443.531,0.047525
403.5,1,442.665,0.04885
403,1,441.799,0.0500375
402.5,1,440.933,0.0510876
402,1,440.067,0.0517704
401.5,1,439.201,0.0515914
401,1,438.335,0.0513725
400.5,1,437.469,0.0510949
400,1,436.603,0.0507586
399.5,1,435.737,0.0503636
399,1,434.87,0.0499098
398.5,1,434.004,0.048877
398,1,433.138,0.0477569
397.5,1,432.272,0.0466242
397,1,431.406,0.0519093
396.5,1,430.54,0.051064
396,1,429.674,0.0457918
395.5,1,428.808,0.0413551
395,1,427.942,0.0378946
394.5,1,427.076,0.0364255
394,1,426.21,0.0342812
393.5,1,425.344,0.0329449
393,1,424.478,0.0323817
392.5,1,423.612,0.032032
392,1,422.746,0.0320476
391.5,1,421.88,0.032483
391,1,421.014,0.0333768
390.5,1,420.148,0.0337781
390,1,419.282,0.0341669
389.5,1,418.416,0.0344478
389,1,417.55,0.0336633
388.5,1,416.684,0.0335941
388,1,415.818,0.0340785
387.5,1,414.952,0.0349555
387,1,414.086,0.037752
386.5,1,413.22,0.0427366
386,1,412.354,0.0515368
385.5,1,411.488,0.0586831
385,1,410.622,0.0640522
384.5,1,409.756,0.0701117
384,1,408.89,0.0718025
383.5,1,408.024,0.0718506
383,1,407.158,0.0710504
382.5,1,406.292,0.0699761
382,1,405.426,0.0690011
381.5,1,404.56,0.0686871
381,1,403.694,0.0687123
380.5,1,402.828,0.068879
380,1,401.962,0.0688017
379.5,1,401.095,0.0688686
379,1,400.229,0.070053
378.5,1,399.363,0.075701
378,1,398.497,0.0841683
377.5,1,397.631,0.0866722
377,1,396.765,0.0875182
376.5,1,395.899,0.0922859
376,1,395.033,0.0973355
375.5,1,394.167,0.0995423
375,1,393.301,0.102004
374.5,1,392.435,0.104233
374,1,391.569,0.106426
373.5,1,390.703,0.109161
373,1,389.837,0.111381
372.5,1,388.971,0.111428
372,1,388.105,0.110667
371.5,1,387.239,0.109601
371,1,386.373,0.105809
370.5,1,385.507,0.100515
370,1,384.641,0.0962168
369.5,1,383.775,0.0906553
369,1,382.909,0.0838188
368.5,1,382.043,0.0777759
368,1,381.177,0.0696089
367.5,1,380.311,0.0617319
367,1,379.445,0.0521413
366.5,1,378.579,0.0481442
366,1,377.713,0.0450132
365.5,1,376.847,0.0451407
365,1,375.981,0.0494105
364.5,1,375.115,0.0540151
364,1,374.249,0.0565531
363.5,1,373.383,0.0579866
363,1,372.517,0.0595342
362.5,1,371.651,0.0597594
362,1,370.785,0.0600996
361.5,1,369.919,0.059849
361,1,369.053,0.058919
360.5,1,368.187,0.0586831
360,1,367.321,0.0566117
359.5,1,366.454,0.0550703
359,1,365.588,0.0534497
358.5,1,364.722,0.0507447
358,1,363.856,0.0482527
357.5,1,362.99,0.0460795
357,1,362.124,0.0439346
356.5,1,361.258,0.0420815
356,1,360.392,0.0405973
355.5,1,359.526,0.0393336
355,1,358.66,0.0377486
354.5,1,357.794,0.0358413
354,1,356.928,0.0334706
353.5,1,356.062,0.0306873
353,1,355.196,0.0280178
352.5,1,354.33,0.0254304
352,1,353.464,0.0248012
351.5,1,352.598,0.0253474
351,1,351.732,0.0266747
350.5,1,350.866,0.0279794
350,1,350,0.0289605
349.5,1,349.134,0.0297822
349,1,348.268,0.0297337
348.5,1,347.402,0.0298077
348,1,346.536,0.0295549
347.5,1,345.67,0.0294488
347,1,344.804,0.0289403
346.5,1,343.938,0.028713
346,1,343.072,0.0279085
345.5,1,342.206,0.0270206
345,1,341.34,0.0258939
344.5,1,340.474,0.0258773
344,1,339.608,0.0262668
343.5,1,338.742,0.0267389
343,1,337.876,0.0272899
342.5,1,337.01,0.0279142
342,1,336.144,0.0303646
341.5,1,335.278,0.03118
341,1,334.412,0.0327079
340.5,1,333.546,0.0338168
340,1,332.679,0.0347028
339.5,1,331.813,0.0368044
339,1,330.947,0.0386062
338.5,1,330.081,0.040204
338,1,329.215,0.0410181
337.5,1,328.349,0.0404251
337,1,327.483,0.0391595
336.5,1,326.617,0.0388136
336,1,325.751,0.0384727
335.5,1,324.885,0.0379611
335,1,324.019,0.0373654
334.5,1,323.153,0.0368036
334,1,322.287,0.0340302
333.5,1,321.421,0.0324275
333,1,320.555,0.0322439
332.5,1,319.689,0.0322912
332,1,318.823,0.0322661
331.5,1,317.957,0.0323672
331,1,317.091,0.029633
330.5,1,316.225,0.0272721
330,1,315.359,0.028026
329.5,1,314.493,0.0278831
329,1,313.627,0.0264941
328.5,1,312.761,0.0266208
328,1,311.895,0.0261349
327.5,1,311.029,0.0247248
327,1,310.163,0.0232153
326.5,1,309.297,0.0219979
326,1,308.431,0.0214834
325.5,1,307.565,0.021937
325,1,306.699,0.022902
324.5,1,305.833,0.0242875
324,1,304.967,0.0247998
323.5,1,304.101,0.0258668
323,1,303.235,0.026865
322.5,1,302.369,0.0277411
322,1,301.503,0.0285613
321.5,1,300.637,0.0295101
321,1,299.771,0.0307402
320.5,1,298.905,0.0318662
320,1,298.038,0.032841
319.5,1,297.172,0.0338327
319,1,296.306,0.0343453
318.5,1,295.44,0.034211
318,1,294.574,0.0341249
317.5,1,293.708,0.0339967
317,1,292.842,0.0342514
316.5,1,291.976,0.0335286
316,1,291.11,0.0326084
315.5,1,290.244,0.0317493
315,1,289.378,0.0332965
314.5,1,288.512,0.0335359
314,1,287.646,0.0321814
313.5,1,286.78,0.0306149
313,1,285.914,0.0288875
312.5,1,285.048,0.0271372
312,1,284.182,0.0253811
311.5,1,283.316,0.0235846
311,1,282.45,0.0224112
310.5,1,281.584,0.0215977
310,1,280.718,0.0208244
309.5,1,279.852,0.0204371
309,1,278.986,0.0203327
308.5,1,278.12,0.0200871
308,1,277.254,0.02014
307.5,1,276.388,0.021089
307,1,275.522,0.021944
306.5,1,274.656,0.0224481
306,1,273.79,0.0221942
305.5,1,272.924,0.0219903
305,1,272.058,0.0218323
304.5,1,271.192,0.0215655
304,1,270.326,0.0213346
303.5,1,269.46,0.021101
303,1,268.594,0.0208288
302.5,1,267.728,0.0205061
302,1,266.862,0.0201493
301.5,1,265.996,0.0196356
301,1,265.13,0.0190981
300.5,1,264.263,0.0186159
300,1,263.397,0.0180846
299.5,1,262.531,0.0175637
299,1,261.665,0.0171773
298.5,1,260.799,0.0168875
298,1,259.933,0.0166707
297.5,1,259.067,0.0164812
297,1,258.201,0.0163188
296.5,1,257.335,0.0161902
296,1,256.469,0.016101
295.5,1,255.603,0.0160383
295,1,254.737,0.0160678
294.5,1,253.871,0.0161108
294,1,253.005,0.0161672
293.5,1,252.139,0.0161825
293,1,251.273,0.016188
292.5,1,250.407,0.0161881
292,1,249.541,0.0161173
291.5,1,248.675,0.0160195
291,1,247.809,0.0159015
290.5,1,246.943,0.0156478
290,1,246.077,0.0153301
289.5,1,245.211,0.0150258
289,1,244.345,0.0147209
288.5,1,243.479,0.0144236
288,1,242.613,0.0141335
287.5,1,241.747,0.0138872
287,1,240.881,0.0137175
286.5,1,240.015,0.0135788
286,1,239.149,0.0134705
285.5,1,238.283,0.0133752
285,1,237.417,0.0132899
284.5,1,236.551,0.0132206
284,1,235.685,0.0131291
283.5,1,234.819,0.0130449
283,1,233.953,0.012969
282.5,1,233.087,0.0129146
282,1,232.221,0.0128733
281.5,1,231.355,0.0128426
281,1,230.488,0.0128417
280.5,1,229.622,0.0128588
280,1,228.756,0.0128872
279.5,1,227.89,0.0129413
279,1,227.024,0.0130103
278.5,1,226.158,0.0130772
278,1,225.292,0.0131372
277.5,1,224.426,0.0131882
277,1,223.56,0.0132401
276.5,1,222.694,0.0132932
276,1,221.828,0.0133379
275.5,1,220.962,0.0133823
275,1,220.096,0.0134258
274.5,1,219.23,0.0134501
274,1,218.364,0.0134758
273.5,1,217.498,0.0135041
273,1,216.632,0.0135514
272.5,1,215.766,0.0136015
272,1,214.9,0.0136512
271.5,1,214.034,0.0137311
271,1,213.168,0.0138264
270.5,1,212.302,0.0139242
270,1,211.436,0.0140168
269.5,1,210.57,0.0141014
269,1,209.704,0.0141775
268.5,1,208.838,0.0142522
268,1,207.972,0.0143339
267.5,1,207.106,0.0144147
267,1,206.24,0.0144708
266.5,1,205.374,0.0144351
266,1,204.508,0.0143717
265.5,1,203.642,0.0143147
265,1,202.776,0.0143513
264.5,1,201.91,0.0143863
264,1,201.044,0.0144197
263.5,1,200.178,0.0143623
263,1,199.312,0.0142944
262.5,1,198.446,0.0142243
262,1,197.58,0.0141817
261.5,1,196.714,0.0141478
261,1,195.847,0.0141102
260.5,1,194.981,0.0140398
260,1,194.115,0.0139529
259.5,1,193.249,0.0138641
259,1,192.383,0.0137846
258.5,1,191.517,0.0137189
258,1,190.651,0.0136505
257.5,1,189.785,0.0135851
257,1,188.919,0.0135291
256.5,1,188.053,0.0134749
256,1,187.187,0.0134169
255.5,1,186.321,0.0133282
255,1,185.455,0.0132469
254.5,1,184.589,0.0131681
254,1,183.723,0.0131337
253.5,1,182.857,0.0131038
253,1,181.991,0.0130775
252.5,1,181.125,0.0130087
252,1,180.259,0.0129344
251.5,1,179.393,0.0128658
251,1,178.527,0.0128503
250.5,1,177.661,0.0128589
250,1,176.795,0.0128685
249.5,1,175.929,0.0128519
249,1,175.063,0.0128114
248.5,1,174.197,0.0127756
248,1,173.331,0.0127619
247.5,1,172.465,0.0127796
247,1,171.599,0.0128012
246.5,1,170.733,0.0128142
246,1,169.867,0.0128001
245.5,1,169.001,0.0127894
245,1,168.135,0.0127834
244.5,1,167.269,0.0128191
244,1,166.403,0.0128561
243.5,1,165.537,0.0128922
243,1,164.671,0.0128972
242.5,1,163.805,0.0128986
242,1,162.939,0.0129007
241.5,1,162.072,0.0129292
241,1,161.206,0.0129671
240.5,1,160.34,0.0130053
240,1,159.474,0.0130254
239.5,1,158.608,0.0130345
239,1,157.742,0.0130511
238.5,1,156.876,0.0130828
238,1,156.01,0.0131308
237.5,1,155.144,0.0131783
237,1,154.278,0.0132127
236.5,1,153.412,0.0132082
236,1,152.546,0.0132053
235.5,1,151.68,0.0132051
235,1,150.814,0.0132419
234.5,1,149.948,0.0132787
234,1,149.082,0.0133153
233.5,1,148.216,0.0133142
233,1,147.35,0.0133107
232.5,1,146.484,0.0133062
232,1,145.618,0.0133451
231.5,1,144.752,0.0133959
231,1,143.886,0.0134461
230.5,1,143.02,0.0134657
230,1,142.154,0.0134639
229.5,1,141.288,0.0134607
229,1,140.422,0.013478
228.5,1,139.556,0.0135203
228,1,138.69,0.0135631
227.5,1,137.824,0.0135876
227,1,136.958,0.01357
226.5,1,136.092,0.0135518
226,1,135.226,0.013541
225.5,1,134.36,0.013578
225,1,133.494,0.013616
224.5,1,132.628,0.0136551
224,1,131.762,0.0136251
223.5,1,130.896,0.0135923
223,1,130.03,0.0135578
222.5,1,129.164,0.0135716
222,1,128.297,0.0135949
221.5,1,127.431,0.0136179
221,1,126.565,0.0135949
220.5,1,125.699,0.0135498
220,1,124.833,0.0135045
219.5,1,123.967,0.0134983
219,1,123.101,0.0135299
218.5,1,122.235,0.013561
218,1,121.369,0.0135607
217.5,1,120.503,0.0135047
217,1,119.637,0.0134479
216.5,1,118.771,0.0134075
216,1,117.905,0.0134334
215.5,1,117.039,0.0134603
215,1,116.173,0.0134847
214.5,1,115.307,0.0134377
214,1,114.441,0.0133916
213.5,1,113.575,0.0133448
213,1,112.709,0.0133787
212.5,1,111.843,0.013425
212,1,110.977,0.0134735
211.5,1,110.111,0.0134386
211,1,109.245,0.013369
210.5,1,108.379,0.0132962
210,1,107.513,0.0133022
209.5,1,106.647,0.0133726
209,1,105.781,0.0134481
208.5,1,104.915,0.0134651
208,1,104.049,0.013388
207.5,1,103.183,0.0133045
207,1,102.317,0.0132653
206.5,1,101.451,0.0133747
206,1,100.585,0.0134914
205.5,1,99.7187,0.0135934
205,1,98.8526,0.0134987
204.5,1,97.9866,0.0133959
204,1,97.1206,0.0132848
203.5,1,96.2546,0.0134014
203,1,95.3885,0.013539
202.5,1,94.5225,0.013684
202,1,93.6565,0.0136051
201.5,1,92.7905,0.0134544
201,1,91.9244,0.0132935
200.5,1,91.0584,0.0133221
200,1,90.1924,0.0134758
