x,y,z,b
500,1,609.808,0.0116291
499.5,1,608.942,0.0116021
499,1,608.076,0.0115807
498.5,1,607.21,0.0115656
498,1,606.344,0.0115514
497.5,1,605.477,0.0115411
497,1,604.611,0.0115416
496.5,1,603.745,0.0115423
496,1,602.879,0.0115416
495.5,1,602.013,0.0115446
495,1,601.147,0.0115476
494.5,1,600.281,0.0115508
494,1,599.415,0.0115558
493.5,1,598.549,0.0115605
493,1,597.683,0.011563
492.5,1,596.817,0.0115738
492,1,595.951,0.0115866
491.5,1,595.085,0.0115984
491,1,594.219,0.0116157
490.5,1,593.353,0.0116352
490,1,592.487,0.0116525
489.5,1,591.621,0.0116714
489,1,590.755,0.0116923
488.5,1,589.889,0.0117106
488,1,589.023,0.0117341
487.5,1,588.157,0.0117763
487,1,587.291,0.0118149
486.5,1,586.425,0.0118535
486,1,585.559,0.0119184
485.5,1,584.693,0.0119824
485,1,583.827,0.0120449
484.5,1,582.961,0.0120975
484,1,582.095,0.0121512
483.5,1,581.229,0.0122067
483,1,580.363,0.0122362
482.5,1,579.497,0.0122616
482,1,578.631,0.0122894
481.5,1,577.765,0.0123047
481,1,576.899,0.0123147
480.5,1,576.033,0.0123283
480,1,575.167,0.0123387
479.5,1,574.301,0.0123423
479,1,573.435,0.0123477
478.5,1,572.569,0.0123527
478,1,571.703,0.0123534
477.5,1,570.836,0.0123546
477,1,569.97,0.0123527
476.5,1,569.104,0.012338
476,1,568.238,0.0123224
475.5,1,567.372,0.0123055
475,1,566.506,0.0122777
474.5,1,565.64,0.012247
474,1,564.774,0.0122067
473.5,1,563.908,0.0121721
473,1,563.042,0.012139
472.5,1,562.176,0.0121058
472,1,561.31,0.0120752
471.5,1,560.444,0.0120433
471,1,559.578,0.0120084
470.5,1,558.712,0.011965
470,1,557.846,0.0119137
469.5,1,556.98,0.0118608
469,1,556.114,0.0118121
468.5,1,555.248,0.0117731
468,1,554.382,0.0117336
467.5,1,553.516,0.0117055
467,1,552.65,0.0117157
466.5,1,551.784,0.0117211
466,1,550.918,0.0117322
465.5,1,550.052,0.0118178
465,1,549.186,0.0118961
464.5,1,548.32,0.0119672
464,1,547.454,0.0120403
463.5,1,546.588,0.012117
463,1,545.722,0.0121974
462.5,1,544.856,0.0122464
462,1,543.99,0.0122878
461.5,1,543.124,0.0123317
461,1,542.258,0.0123658
460.5,1,541.392,0.012388
460,1,540.526,0.0124073
459.5,1,539.66,0.0124317
459,1,538.794,0.0124551
458.5,1,537.928,0.0124656
458,1,537.061,0.0124874
457.5,1,536.195,0.0125704
457,1,535.329,0.0126444
456.5,1,534.463,0.0127099
456,1,533.597,0.0127575
455.5,1,532.731,0.012776
455,1,531.865,0.0127729
454.5,1,530.999,0.012901
454,1,530.133,0.0130229
453.5,1,529.267,0.0131335
453,1,528.401,0.0132539
452.5,1,527.535,0.0133579
452,1,526.669,0.0134439
451.5,1,525.803,0.0134902
451,1,524.937,0.0135057
450.5,1,524.071,0.0134977
450,1,523.205,0.013475
449.5,1,522.339,0.0134531
449,1,521.473,0.0134243
448.5,1,520.607,0.0133991
448,1,519.741,0.0134051
447.5,1,518.875,0.0134165
447,1,518.009,0.0134533
446.5,1,517.143,0.0135884
446,1,516.277,0.0137092
445.5,1,515.411,0.0138135
445,1,514.545,0.0138106
444.5,1,513.679,0.0137867
444,1,512.813,0.0137558
443.5,1,511.947,0.0136446
443,1,511.081,0.0135173
442.5,1,510.215,0.0133857
442,1,509.349,0.0132387
441.5,1,508.483,0.013104
441,1,507.617,0.0130204
440.5,1,506.751,0.0129532
440,1,505.885,0.0128658
439.5,1,505.019,0.0127496
439,1,504.153,0.0126661
438.5,1,503.286,0.0126916
438,1,502.42,0.0127056
437.5,1,501.554,0.0127174
437,1,500.688,0.0127591
436.5,1,499.822,0.0127203
436,1,498.956,0.0126497
435.5,1,498.09,0.0127226
435,1,497.224,0.0128087
434.5,1,496.358,0.012908
434,1,495.492,0.0130794
433.5,1,494.626,0.0132621
433,1,493.76,0.0134757
432.5,1,492.894,0.0136243
432,1,492.028,0.0137041
431.5,1,491.162,0.0137292
431,1,490.296,0.0135784
430.5,1,489.43,0.0133254
430,1,488.564,0.0131007
429.5,1,487.698,0.0130323
429,1,486.832,0.0131293
428.5,1,485.966,0.0132581
428,1,485.1,0.0134498
427.5,1,484.234,0.0137677
427,1,483.368,0.0140976
426.5,1,482.502,0.0144341
426,1,481.636,0.0147685
425.5,1,480.77,0.0150952
425,1,479.904,0.0153937
424.5,1,479.038,0.0157575
424,1,478.172,0.0161208
423.5,1,477.306,0.016481
423,1,476.44,0.0169159
422.5,1,475.574,0.0173902
422,1,474.708,0.0176759
421.5,1,473.842,0.0181503
421,1,472.976,0.0186992
420.5,1,472.11,0.0192097
420,1,471.244,0.0189657
419.5,1,470.378,0.0180668
419,1,469.512,0.0173174
418.5,1,468.645,0.017052
418,1,467.779,0.0173255
417.5,1,466.913,0.0175868
417,1,466.047,0.0178321
416.5,1,465.181,0.0178875
416,1,464.315,0.0179768
415.5,1,463.449,0.0180959
415,1,462.583,0.0180683
414.5,1,461.717,0.0181339
414,1,460.851,0.0183961
413.5,1,459.985,0.0186312
413,1,459.119,0.0189313
412.5,1,458.253,0.0193281
412,1,457.387,0.0204057
411.5,1,456.521,0.0214018
411,1,455.655,0.0215217
410.5,1,454.789,0.0217095
410,1,453.923,0.0236144
409.5,1,453.057,0.0254378
409,1,452.191,0.0258941
408.5,1,451.325,0.0252964
408,1,450.459,0.0228426
407.5,1,449.593,0.0218144
407,1,448.727,0.0214528
406.5,1,447.861,0.021625
406,1,446.995,0.0217209
405.5,1,446.129,0.0216682
405,1,445.263,0.0216341
404.5,1,444.397,0.0216719
404,1,443.531,0.0221126
403.5,1,442.665,0.023469
403,1,441.799,0.0244484
402.5,1,440.933,0.0250912
402,1,440.067,0.0259006
401.5,1,439.201,0.0259907
401,1,438.335,0.0268564
400.5,1,437.469,0.0281588
400,1,436.603,0.0293428
399.5,1,435.737,0.0308489
399,1,434.87,0.032725
398.5,1,434.004,0.034556
398,1,433.138,0.0366288
397.5,1,432.272,0.0393893
397,1,431.406,0.0422158
396.5,1,430.54,0.0447483
396,1,429.674,0.0450296
395.5,1,428.808,0.0453351
395,1,427.942,0.0455995
394.5,1,427.076,0.0450859
394,1,426.21,0.0445893
393.5,1,425.344,0.0441184
393,1,424.478,0.043967
392.5,1,423.612,0.0438827
392,1,422.746,0.0441062
391.5,1,421.88,0.0440435
391,1,421.014,0.0437276
390.5,1,420.148,0.0433169
390,1,419.282,0.0428479
389.5,1,418.416,0.0424306
389,1,417.55,0.042115
388.5,1,416.684,0.0422141
388,1,415.818,0.0430895
387.5,1,414.952,0.0453914
387,1,414.086,0.0452062
386.5,1,413.22,0.0449618
386,1,412.354,0.045812
385.5,1,411.488,0.0475762
385,1,410.622,0.049731
384.5,1,409.756,0.0517978
384,1,408.89,0.0537766
383.5,1,408.024,0.0556676
383,1,407.158,0.0571408
382.5,1,406.292,0.0578214
382,1,405.426,0.058485
381.5,1,404.56,0.0591317
381,1,403.694,0.0597615
380.5,1,402.828,0.0603743
380,1,401.962,0.0609359
379.5,1,401.095,0.0612027
379,1,400.229,0.0614845
378.5,1,399.363,0.0617823
378,1,398.497,0.062096
377.5,1,397.631,0.0624258
377,1,396.765,0.0627716
376.5,1,395.899,0.0626156
376,1,395.033,0.0621635
375.5,1,394.167,0.0616518
375,1,393.301,0.0606146
374.5,1,392.435,0.0598502
374,1,391.569,0.0591445
373.5,1,390.703,0.0584617
373,1,389.837,0.0577673
372.5,1,388.971,0.0571407
372,1,388.105,0.0566859
371.5,1,387.239,0.0564044
371,1,386.373,0.0562291
370.5,1,385.507,0.0559732
370,1,384.641,0.0555211
369.5,1,383.775,0.0547001
369,1,382.909,0.0535182
368.5,1,382.043,0.0526124
368,1,381.177,0.0520124
367.5,1,380.311,0.0516629
367,1,379.445,0.0517542
366.5,1,378.579,0.0522347
366,1,377.713,0.0528127
365.5,1,376.847,0.0531258
365,1,375.981,0.0531079
364.5,1,375.115,0.0516152
364,1,374.249,0.0499808
363.5,1,373.383,0.0477427
363,1,372.517,0.0464445
362.5,1,371.651,0.0455913
362,1,370.785,0.0441812
361.5,1,369.919,0.0426162
361,1,369.053,0.0415361
360.5,1,368.187,0.0410835
360,1,367.321,0.0393379
359.5,1,366.454,0.0380346
359,1,365.588,0.0374098
358.5,1,364.722,0.0380241
358,1,363.856,0.0383834
357.5,1,362.99,0.0384297
357,1,362.124,0.0385247
356.5,1,361.258,0.0391029
356,1,360.392,0.0405536
355.5,1,359.526,0.0432291
355,1,358.66,0.0460222
354.5,1,357.794,0.0474009
354,1,356.928,0.0480232
353.5,1,356.062,0.0483459
353,1,355.196,0.048637
352.5,1,354.33,0.0488314
352,1,353.464,0.0488983
351.5,1,352.598,0.0494587
351,1,351.732,0.0493234
350.5,1,350.866,0.0485315
350,1,350,0.0469853
349.5,1,349.134,0.04505
349,1,348.268,0.0435217
348.5,1,347.402,0.043193
348,1,346.536,0.0429273
347.5,1,345.67,0.0431771
347,1,344.804,0.0454002
346.5,1,343.938,0.0490237
346,1,343.072,0.0501052
345.5,1,342.206,0.0510209
345,1,341.34,0.0510888
344.5,1,340.474,0.0519616
344,1,339.608,0.0512583
343.5,1,338.742,0.0500129
343,1,337.876,0.0482882
342.5,1,337.01,0.04714
342,1,336.144,0.0460669
341.5,1,335.278,0.0454255
341,1,334.412,0.0453272
340.5,1,333.546,0.0451235
340,1,332.679,0.0448812
339.5,1,331.813,0.044584
339,1,330.947,0.0453944
338.5,1,330.081,0.0465165
338,1,329.215,0.046193
337.5,1,328.349,0.0467392
337,1,327.483,0.04771
336.5,1,326.617,0.0475146
336,1,325.751,0.0467204
335.5,1,324.885,0.0459784
335,1,324.019,0.0452935
334.5,1,323.153,0.04601
334,1,322.287,0.0469413
333.5,1,321.421,0.0480614
333,1,320.555,0.0494455
332.5,1,319.689,0.050536
332,1,318.823,0.0511688
331.5,1,317.957,0.0500268
331,1,317.091,0.0455623
330.5,1,316.225,0.0429497
330,1,315.359,0.0456213
329.5,1,314.493,0.0471136
329,1,313.627,0.0483423
328.5,1,312.761,0.049748
328,1,311.895,0.0518835
327.5,1,311.029,0.0542676
327,1,310.163,0.0561828
326.5,1,309.297,0.0584036
326,1,308.431,0.0605144
325.5,1,307.565,0.0625365
325,1,306.699,0.0625037
324.5,1,305.833,0.0616762
324,1,304.967,0.0619143
323.5,1,304.101,0.0622095
323,1,303.235,0.0620931
322.5,1,302.369,0.0609903
322,1,301.503,0.0598419
321.5,1,300.637,0.058648
321,1,299.771,0.0574085
320.5,1,298.905,0.0561235
320,1,298.038,0.0547901
319.5,1,297.172,0.0530505
319,1,296.306,0.0515097
318.5,1,295.44,0.0502033
318,1,294.574,0.0480649
317.5,1,293.708,0.0469307
317,1,292.842,0.0465749
316.5,1,291.976,0.046296
316,1,291.11,0.0460857
315.5,1,290.244,0.0457871
315,1,289.378,0.0454005
314.5,1,288.512,0.0449292
314,1,287.646,0.0443749
313.5,1,286.78,0.0438393
313,1,285.914,0.0433299
312.5,1,285.048,0.0432929
312,1,284.182,0.0433051
311.5,1,283.316,0.0432534
311,1,282.45,0.0430795
310.5,1,281.584,0.0427979
310,1,280.718,0.0426328
309.5,1,279.852,0.0432423
309,1,278.986,0.0446547
308.5,1,278.12,0.046147
308,1,277.254,0.0474849
307.5,1,276.388,0.0483438
307,1,275.522,0.0491142
306.5,1,274.656,0.0499578
306,1,273.79,0.0517536
305.5,1,272.924,0.0534383
305,1,272.058,0.0550021
304.5,1,271.192,0.0558701
304,1,270.326,0.0572472
303.5,1,269.46,0.0592263
303,1,268.594,0.0581484
302.5,1,267.728,0.0576878
302,1,266.862,0.0577012
301.5,1,265.996,0.0546609
301,1,265.13,0.0509238
300.5,1,264.263,0.0472417
300,1,263.397,0.0430806
299.5,1,262.531,0.0381571
299,1,261.665,0.0330918
298.5,1,260.799,0.0299415
298,1,259.933,0.0287297
297.5,1,259.067,0.0276094
297,1,258.201,0.0266359
296.5,1,257.335,0.0257748
296,1,256.469,0.0247694
295.5,1,255.603,0.0236375
295,1,254.737,0.0217961
294.5,1,253.871,0.0200401
294,1,253.005,0.0183695
293.5,1,252.139,0.0173556
293,1,251.273,0.0165268
292.5,1,250.407,0.0158274
292,1,249.541,0.01546
291.5,1,248.675,0.0152117
291,1,247.809,0.0150191
290.5,1,246.943,0.0149188
290,1,246.077,0.0148755
289.5,1,245.211,0.0148577
289,1,244.345,0.0148803
288.5,1,243.479,0.0149421
288,1,242.613,0.0150562
287.5,1,241.747,0.0151724
287,1,240.881,0.0152575
286.5,1,240.015,0.0153223
286,1,239.149,0.0153636
285.5,1,238.283,0.0153526
285,1,237.417,0.015315
284.5,1,236.551,0.0152614
284,1,235.685,0.0152127
283.5,1,234.819,0.0151551
283,1,233.953,0.0150873
282.5,1,233.087,0.0149764
282,1,232.221,0.0148603
281.5,1,231.355,0.014737
281,1,230.488,0.0146269
280.5,1,229.622,0.0145293
280,1,228.756,0.0144329
279.5,1,227.89,0.0143399
279,1,227.024,0.0142458
278.5,1,226.158,0.0141473
278,1,225.292,0.0140336
277.5,1,224.426,0.013894
277,1,223.56,0.0137478
276.5,1,222.694,0.0136054
276,1,221.828,0.0134906
275.5,1,220.962,0.0133841
275,1,220.096,0.0132862
274.5,1,219.23,0.0132287
274,1,218.364,0.0131882
273.5,1,217.498,0.0131593
273,1,216.632,0.0131461
272.5,1,215.766,0.0131432
272,1,214.9,0.0131506
271.5,1,214.034,0.0131549
271,1,213.168,0.0131576
270.5,1,212.302,0.0131647
270,1,211.436,0.0131716
269.5,1,210.57,0.0131779
269,1,209.704,0.0131873
268.5,1,208.838,0.0131927
268,1,207.972,0.0131907
267.5,1,207.106,0.0131907
267,1,206.24,0.0131928
266.5,1,205.374,0.0131992
266,1,204.508,0.0132109
265.5,1,203.642,0.0132258
265,1,202.776,0.0132338
264.5,1,201.91,0.0132439
264,1,201.044,0.0132561
263.5,1,200.178,0.0132617
263,1,199.312,0.0132686
262.5,1,198.446,0.0132779
262,1,197.58,0.0132896
261.5,1,196.714,0.0133015
261,1,195.847,0.0133139
260.5,1,194.981,0.0133324
260,1,194.115,0.0133535
259.5,1,193.249,0.013375
259,1,192.383,0.0133976
258.5,1,191.517,0.0134211
258,1,190.651,0.0134474
257.5,1,189.785,0.0134715
257,1,188.919,0.013489
256.5,1,188.053,0.013505
256,1,187.187,0.0135215
255.5,1,186.321,0.0135497
255,1,185.455,0.0135776
254.5,1,184.589,0.0136038
254,1,183.723,0.0136169
253.5,1,182.857,0.0136283
253,1,181.991,0.0136381
252.5,1,181.125,0.0136506
252,1,180.259,0.0136637
251.5,1,179.393,0.0136765
251,1,178.527,0.0136824
250.5,1,177.661,0.0136846
250,1,176.795,0.0136864
249.5,1,175.929,0.013679
249,1,175.063,0.0136624
248.5,1,174.197,0.0136447
248,1,173.331,0.0136237
247.5,1,172.465,0.0135971
247,1,171.599,0.0135662
246.5,1,170.733,0.0135363
246,1,169.867,0.0135208
245.5,1,169.001,0.0135074
245,1,168.135,0.0134964
244.5,1,167.269,0.0134974
244,1,166.403,0.0134969
243.5,1,165.537,0.0134968
243,1,164.671,0.013489
242.5,1,163.805,0.0134808
242,1,162.939,0.0134733
241.5,1,162.072,0.0134629
241,1,161.206,0.0134527
240.5,1,160.34,0.013443
240,1,159.474,0.0134309
239.5,1,158.608,0.0134179
239,1,157.742,0.0134049
238.5,1,156.876,0.0133966
238,1,156.01,0.0133964
237.5,1,155.144,0.013397
237,1,154.278,0.0134006
236.5,1,153.412,0.0134118
236,1,152.546,0.0134214
235.5,1,151.68,0.0134304
235,1,150.814,0.0134343
234.5,1,149.948,0.0134388
234,1,149.082,0.0134439
233.5,1,148.216,0.0134428
233,1,147.35,0.0134412
232.5,1,146.484,0.0134397
232,1,145.618,0.0134349
231.5,1,144.752,0.0134295
231,1,143.886,0.0134244
230.5,1,143.02,0.0134228
230,1,142.154,0.0134236
229.5,1,141.288,0.0134242
229,1,140.422,0.0134181
228.5,1,139.556,0.0134044
228,1,138.69,0.0133904
227.5,1,137.824,0.013379
227,1,136.958,0.0133735
226.5,1,136.092,0.0133671
226,1,135.226,0.0133591
225.5,1,134.36,0.0133458
225,1,133.494,0.0133327
224.5,1,132.628,0.0133195
224,1,131.762,0.0133269
223.5,1,130.896,0.0133327
223,1,130.03,0.0133367
222.5,1,129.164,0.0133202
222,1,128.297,0.0132988
221.5,1,127.431,0.0132765
221,1,126.565,0.0132646
220.5,1,125.699,0.0132568
220,1,124.833,0.0132475
219.5,1,123.967,0.0132277
219,1,123.101,0.0132013
218.5,1,122.235,0.0131766
218,1,121.369,0.013159
217.5,1,120.503,0.0131497
217,1,119.637,0.0131377
216.5,1,118.771,0.0131195
216,1,117.905,0.0130887
215.5,1,117.039,0.0130606
215,1,116.173,0.0130362
214.5,1,115.307,0.0130318
214,1,114.441,0.0130244
213.5,1,113.575,0.0130139
213,1,112.709,0.0129969
212.5,1,111.843,0.0129825
212,1,110.977,0.0129715
211.5,1,110.111,0.0129747
211,1,109.245,0.0129775
210.5,1,108.379,0.0129746
210,1,107.513,0.0129585
209.5,1,106.647,0.01294
209,1,105.781,0.0129277
208.5,1,104.915,0.0129323
208,1,104.049,0.0129492
207.5,1,103.183,0.0129595
207,1,102.317,0.0129544
206.5,1,101.451,0.012926
206,1,100.585,0.0129052
205.5,1,99.7187,0.0128945
205,1,98.8526,0.012917
204.5,1,97.9866,0.012933
204,1,97.1206,0.0129426
203.5,1,96.2546,0.0129203
203,1,95.3885,0.0129042
202.5,1,94.5225,0.0128954
202,1,93.6565,0.0129195
201.5,1,92.7905,0.0129468
201,1,91.9244,0.0129688
200.5,1,91.0584,0.0129629
200,1,90.1924,0.0129459
