x,y,z,b
500,1,609.808,0.0123167
499.5,1,608.942,0.0123263
499,1,608.076,0.0123326
498.5,1,607.21,0.0123332
498,1,606.344,0.012334
497.5,1,605.477,0.0123305
497,1,604.611,0.012312
496.5,1,603.745,0.0122948
496,1,602.879,0.0122781
495.5,1,602.013,0.0122533
495,1,601.147,0.01223
494.5,1,600.281,0.0122082
494,1,599.415,0.0121906
493.5,1,598.549,0.012174
493,1,597.683,0.0121564
492.5,1,596.817,0.012142
492,1,595.951,0.0121284
491.5,1,595.085,0.0121145
491,1,594.219,0.0121014
490.5,1,593.353,0.0120877
490,1,592.487,0.0120729
489.5,1,591.621,0.0120596
489,1,590.755,0.0120485
488.5,1,589.889,0.012037
488,1,589.023,0.012024
487.5,1,588.157,0.0120084
487,1,587.291,0.0119931
486.5,1,586.425,0.0119781
486,1,585.559,0.0119634
485.5,1,584.693,0.011949
485,1,583.827,0.0119372
484.5,1,582.961,0.0119375
484,1,582.095,0.0119384
483.5,1,581.229,0.0119395
483,1,580.363,0.011948
482.5,1,579.497,0.0119581
482,1,578.631,0.0119698
481.5,1,577.765,0.0119844
481,1,576.899,0.0119986
480.5,1,576.033,0.0120099
480,1,575.167,0.0120204
479.5,1,574.301,0.0120329
479,1,573.435,0.0120434
478.5,1,572.569,0.0120562
478,1,571.703,0.0120776
477.5,1,570.836,0.0120979
477,1,569.97,0.0121182
476.5,1,569.104,0.0121416
476,1,568.238,0.0121647
475.5,1,567.372,0.0121872
475,1,566.506,0.0121817
474.5,1,565.64,0.0121741
474,1,564.774,0.0121654
473.5,1,563.908,0.0121028
473,1,563.042,0.012031
472.5,1,562.176,0.0119591
472,1,561.31,0.0118786
471.5,1,560.444,0.0117952
471,1,559.578,0.0117126
470.5,1,558.712,0.0116377
470,1,557.846,0.0115689
469.5,1,556.98,0.0115001
469,1,556.114,0.0114423
468.5,1,555.248,0.0114036
468,1,554.382,0.0113651
467.5,1,553.516,0.0113304
467,1,552.65,0.0113095
466.5,1,551.784,0.0112898
466,1,550.918,0.0112749
465.5,1,550.052,0.0112798
465,1,549.186,0.0112859
464.5,1,548.32,0.0112932
464,1,547.454,0.0113064
463.5,1,546.588,0.0113204
463,1,545.722,0.0113299
462.5,1,544.856,0.0113273
462,1,543.99,0.0113201
461.5,1,543.124,0.011312
461,1,542.258,0.0113097
460.5,1,541.392,0.0113097
460,1,540.526,0.0113071
459.5,1,539.66,0.0113366
459,1,538.794,0.0114034
458.5,1,537.928,0.0114635
458,1,537.061,0.0115473
457.5,1,536.195,0.0117019
457,1,535.329,0.0118448
456.5,1,534.463,0.0119855
456,1,533.597,0.012182
455.5,1,532.731,0.0123646
455,1,531.865,0.0125321
454.5,1,530.999,0.0127709
454,1,530.133,0.0129986
453.5,1,529.267,0.0132122
453,1,528.401,0.0134641
452.5,1,527.535,0.0137221
452,1,526.669,0.0139636
451.5,1,525.803,0.014236
451,1,524.937,0.0145337
450.5,1,524.071,0.0148371
450,1,523.205,0.0151564
449.5,1,522.339,0.0154898
449,1,521.473,0.0158253
448.5,1,520.607,0.0161026
448,1,519.741,0.016274
447.5,1,518.875,0.0165138
447,1,518.009,0.0167401
446.5,1,517.143,0.0167198
446,1,516.277,0.0168691
445.5,1,515.411,0.0171766
445,1,514.545,0.0171253
444.5,1,513.679,0.0172094
444,1,512.813,0.0174195
443.5,1,511.947,0.0183955
443,1,511.081,0.0193719
442.5,1,510.215,0.0203902
442,1,509.349,0.0210794
441.5,1,508.483,0.0218903
441,1,507.617,0.0228231
440.5,1,506.751,0.0238776
440,1,505.885,0.0249899
439.5,1,505.019,0.0257254
439,1,504.153,0.026379
438.5,1,503.286,0.0269591
438,1,502.42,0.0274659
437.5,1,501.554,0.0278993
437,1,500.688,0.0282592
436.5,1,499.822,0.0284615
436,1,498.956,0.0285731
435.5,1,498.09,0.0286437
435,1,497.224,0.0286733
434.5,1,496.358,0.0287437
434,1,495.492,0.0288584
433.5,1,494.626,0.0291795
433,1,493.76,0.0299307
432.5,1,492.894,0.0306718
432,1,492.028,0.0293589
431.5,1,491.162,0.029653
431,1,490.296,0.0296943
430.5,1,489.43,0.0293358
430,1,488.564,0.0289728
429.5,1,487.698,0.0287416
429,1,486.832,0.0285628
428.5,1,485.966,0.0282366
428,1,485.1,0.0280156
427.5,1,484.234,0.0287078
427,1,483.368,0.0293965
426.5,1,482.502,0.0299594
426,1,481.636,0.0300913
425.5,1,480.77,0.030298
425,1,479.904,0.0305288
424.5,1,479.038,0.0298195
424,1,478.172,0.029267
423.5,1,477.306,0.0288959
423,1,476.44,0.0289027
422.5,1,475.574,0.0283852
422,1,474.708,0.0278346
421.5,1,473.842,0.0279314
421,1,472.976,0.0288101
420.5,1,472.11,0.0291166
420,1,471.244,0.0290127
419.5,1,470.378,0.0285196
419,1,469.512,0.0280129
418.5,1,468.645,0.0275382
418,1,467.779,0.0272142
417.5,1,466.913,0.0269413
417,1,466.047,0.0267704
416.5,1,465.181,0.0267863
416,1,464.315,0.0268076
415.5,1,463.449,0.0268138
415,1,462.583,0.0261774
414.5,1,461.717,0.0255619
414,1,460.851,0.0250142
413.5,1,459.985,0.0253299
413,1,459.119,0.0257597
412.5,1,458.253,0.026188
412,1,457.387,0.0264187
411.5,1,456.521,0.0265373
411,1,455.655,0.0266649
410.5,1,454.789,0.0268242
410,1,453.923,0.0270179
409.5,1,453.057,0.0272017
409,1,452.191,0.0272566
408.5,1,451.325,0.0271622
408,1,450.459,0.0271033
407.5,1,449.593,0.027373
407,1,448.727,0.0287025
406.5,1,447.861,0.030113
406,1,446.995,0.0301153
405.5,1,446.129,0.0297287
405,1,445.263,0.0288179
404.5,1,444.397,0.0280704
404,1,443.531,0.0276091
403.5,1,442.665,0.0278077
403,1,441.799,0.0281493
402.5,1,440.933,0.0286778
402,1,440.067,0.0303025
401.5,1,439.201,0.0323826
401,1,438.335,0.0346833
400.5,1,437.469,0.0368177
400,1,436.603,0.038735
399.5,1,435.737,0.0403702
399,1,434.87,0.0419267
398.5,1,434.004,0.0432574
398,1,433.138,0.0436167
397.5,1,432.272,0.0440192
397,1,431.406,0.0445165
396.5,1,430.54,0.0449621
396,1,429.674,0.0451168
395.5,1,428.808,0.0452223
395,1,427.942,0.0453861
394.5,1,427.076,0.0470659
394,1,426.21,0.0495416
393.5,1,425.344,0.0500868
393,1,424.478,0.0507328
392.5,1,423.612,0.0515582
392,1,422.746,0.0526503
391.5,1,421.88,0.0537296
391,1,421.014,0.054786
390.5,1,420.148,0.0554974
390,1,419.282,0.0561703
389.5,1,418.416,0.0568048
389,1,417.55,0.0570618
388.5,1,416.684,0.0573651
388,1,415.818,0.0577421
387.5,1,414.952,0.0581927
387,1,414.086,0.058717
386.5,1,413.22,0.0593149
386,1,412.354,0.0593506
385.5,1,411.488,0.0590241
385,1,410.622,0.0582476
384.5,1,409.756,0.0544291
384,1,408.89,0.0519729
383.5,1,408.024,0.0499075
383,1,407.158,0.048724
382.5,1,406.292,0.0483615
382,1,405.426,0.0490493
381.5,1,404.56,0.049597
381,1,403.694,0.0493062
380.5,1,402.828,0.0485127
380,1,401.962,0.0486238
379.5,1,401.095,0.0489867
379,1,400.229,0.0484823
378.5,1,399.363,0.0481484
378,1,398.497,0.04772
377.5,1,397.631,0.0476602
377,1,396.765,0.0480293
376.5,1,395.899,0.0481261
376,1,395.033,0.0457262
375.5,1,394.167,0.0438144
375,1,393.301,0.0440629
374.5,1,392.435,0.0476106
374,1,391.569,0.054124
373.5,1,390.703,0.0658479
373,1,389.837,0.0737176
372.5,1,388.971,0.0767225
372,1,388.105,0.0782404
371.5,1,387.239,0.0793908
371,1,386.373,0.0784731
370.5,1,385.507,0.0764299
370,1,384.641,0.0735078
369.5,1,383.775,0.072413
369,1,382.909,0.0729533
368.5,1,382.043,0.0732944
368,1,381.177,0.0733441
367.5,1,380.311,0.0734433
367,1,379.445,0.0734053
366.5,1,378.579,0.0732781
366,1,377.713,0.0722459
365.5,1,376.847,0.0721764
365,1,375.981,0.0723327
364.5,1,375.115,0.072715
364,1,374.249,0.0731074
363.5,1,373.383,0.0729344
363,1,372.517,0.0720901
362.5,1,371.651,0.0711549
362,1,370.785,0.0701288
361.5,1,369.919,0.0690119
361,1,369.053,0.0678254
360.5,1,368.187,0.0667418
360,1,367.321,0.0655751
359.5,1,366.454,0.0643252
359,1,365.588,0.0618464
358.5,1,364.722,0.0596673
358,1,363.856,0.0577891
357.5,1,362.99,0.05406
357,1,362.124,0.0543963
356.5,1,361.258,0.0550247
356,1,360.392,0.0563209
355.5,1,359.526,0.056191
355,1,358.66,0.0566027
354.5,1,357.794,0.0579169
354,1,356.928,0.0596726
353.5,1,356.062,0.0584481
353,1,355.196,0.0583355
352.5,1,354.33,0.0601334
352,1,353.464,0.0626044
351.5,1,352.598,0.0597528
351,1,351.732,0.0576521
350.5,1,350.866,0.0533814
350,1,350,0.0534174
349.5,1,349.134,0.0526773
349,1,348.268,0.0506672
348.5,1,347.402,0.0483865
348,1,346.536,0.0471207
347.5,1,345.67,0.0457331
347,1,344.804,0.0448113
346.5,1,343.938,0.0440739
346,1,343.072,0.0433852
345.5,1,342.206,0.0439386
345,1,341.34,0.0442379
344.5,1,340.474,0.047466
344,1,339.608,0.0514479
343.5,1,338.742,0.0528384
343,1,337.876,0.0527461
342.5,1,337.01,0.0504423
342,1,336.144,0.0491676
341.5,1,335.278,0.0513762
341,1,334.412,0.0486509
340.5,1,333.546,0.0552636
340,1,332.679,0.0633278
339.5,1,331.813,0.0693772
339,1,330.947,0.0713794
338.5,1,330.081,0.0752561
338,1,329.215,0.0791105
337.5,1,328.349,0.0814861
337,1,327.483,0.0815341
336.5,1,326.617,0.0823925
336,1,325.751,0.0853968
335.5,1,324.885,0.088569
335,1,324.019,0.0918975
334.5,1,323.153,0.0924861
334,1,322.287,0.0934344
333.5,1,321.421,0.0948011
333,1,320.555,0.0942186
332.5,1,319.689,0.0928655
332,1,318.823,0.0916637
331.5,1,317.957,0.0906042
331,1,317.091,0.0907472
330.5,1,316.225,0.0884873
330,1,315.359,0.0875906
329.5,1,314.493,0.0878186
329,1,313.627,0.0878824
328.5,1,312.761,0.0880751
328,1,311.895,0.0865571
327.5,1,311.029,0.0845112
327,1,310.163,0.0813849
326.5,1,309.297,0.0788244
326,1,308.431,0.0771441
325.5,1,307.565,0.0779835
325,1,306.699,0.079142
324.5,1,305.833,0.0827798
324,1,304.967,0.088035
323.5,1,304.101,0.0929145
323,1,303.235,0.0946556
322.5,1,302.369,0.0950808
322,1,301.503,0.0943373
321.5,1,300.637,0.089278
321,1,299.771,0.086102
320.5,1,298.905,0.0864357
320,1,298.038,0.0883602
319.5,1,297.172,0.0896713
319,1,296.306,0.0899297
318.5,1,295.44,0.0886358
318,1,294.574,0.0864613
317.5,1,293.708,0.0841904
317,1,292.842,0.0803315
316.5,1,291.976,0.0778535
316,1,291.11,0.0741019
315.5,1,290.244,0.068641
315,1,289.378,0.0615872
314.5,1,288.512,0.055056
314,1,287.646,0.0494971
313.5,1,286.78,0.0462585
313,1,285.914,0.0449755
312.5,1,285.048,0.0442747
312,1,284.182,0.0417735
311.5,1,283.316,0.0383048
311,1,282.45,0.0339997
310.5,1,281.584,0.0310267
310,1,280.718,0.0286501
309.5,1,279.852,0.0280545
309,1,278.986,0.0297921
308.5,1,278.12,0.0316083
308,1,277.254,0.032266
307.5,1,276.388,0.0315108
307,1,275.522,0.0305636
306.5,1,274.656,0.0293472
306,1,273.79,0.0266329
305.5,1,272.924,0.024033
305,1,272.058,0.0215599
304.5,1,271.192,0.0202073
304,1,270.326,0.0184405
303.5,1,269.46,0.0161097
303,1,268.594,0.0156296
302.5,1,267.728,0.0152887
302,1,266.862,0.014704
301.5,1,265.996,0.0144194
301,1,265.13,0.0143153
300.5,1,264.263,0.0141925
300,1,263.397,0.0141381
299.5,1,262.531,0.0141469
299,1,261.665,0.0141418
298.5,1,260.799,0.0141653
298,1,259.933,0.0142398
297.5,1,259.067,0.0143221
297,1,258.201,0.0144181
296.5,1,257.335,0.0145325
296,1,256.469,0.0146404
295.5,1,255.603,0.0147495
295,1,254.737,0.0148507
294.5,1,253.871,0.0149503
294,1,253.005,0.0150483
293.5,1,252.139,0.0151054
293,1,251.273,0.0151625
292.5,1,250.407,0.0152235
292,1,249.541,0.0152698
291.5,1,248.675,0.0153123
291,1,247.809,0.0153577
290.5,1,246.943,0.0154147
290,1,246.077,0.0154781
289.5,1,245.211,0.0155424
289,1,244.345,0.0155946
288.5,1,243.479,0.0156297
288,1,242.613,0.0156617
287.5,1,241.747,0.0156834
287,1,240.881,0.0156811
286.5,1,240.015,0.0156781
286,1,239.149,0.0156687
285.5,1,238.283,0.0156171
285,1,237.417,0.015564
284.5,1,236.551,0.0155108
284,1,235.685,0.0155062
283.5,1,234.819,0.0154992
283,1,233.953,0.015488
282.5,1,233.087,0.0154578
282,1,232.221,0.0154248
281.5,1,231.355,0.0153926
281,1,230.488,0.0153795
280.5,1,229.622,0.0153747
280,1,228.756,0.0153682
279.5,1,227.89,0.0153503
279,1,227.024,0.0153211
278.5,1,226.158,0.0152905
278,1,225.292,0.0152672
277.5,1,224.426,0.0152575
277,1,223.56,0.0152408
276.5,1,222.694,0.0152143
276,1,221.828,0.0151662
275.5,1,220.962,0.0151192
275,1,220.096,0.0150738
274.5,1,219.23,0.0150393
274,1,218.364,0.0150017
273.5,1,217.498,0.0149624
273,1,216.632,0.0149005
272.5,1,215.766,0.0148407
272,1,214.9,0.0147862
271.5,1,214.034,0.0147464
271,1,213.168,0.0147073
270.5,1,212.302,0.0146629
270,1,211.436,0.0146209
269.5,1,210.57,0.0145876
269,1,209.704,0.0145566
268.5,1,208.838,0.0145105
268,1,207.972,0.014437
267.5,1,207.106,0.0143607
267,1,206.24,0.01429
266.5,1,205.374,0.0142452
266,1,204.508,0.0141979
265.5,1,203.642,0.0141474
265,1,202.776,0.0140541
264.5,1,201.91,0.0139591
264,1,201.044,0.0138626
263.5,1,200.178,0.0138181
263,1,199.312,0.0137724
262.5,1,198.446,0.0137217
262,1,197.58,0.0136642
261.5,1,196.714,0.0136001
261,1,195.847,0.01353
260.5,1,194.981,0.0135089
260,1,194.115,0.0135169
259.5,1,193.249,0.0135186
259,1,192.383,0.0134885
258.5,1,191.517,0.0134331
258,1,190.651,0.013391
257.5,1,189.785,0.0133625
257,1,188.919,0.0133479
256.5,1,188.053,0.0133359
256,1,187.187,0.013323
255.5,1,186.321,0.0132905
255,1,185.455,0.0132603
254.5,1,184.589,0.0132325
254,1,183.723,0.0132242
253.5,1,182.857,0.0132155
253,1,181.991,0.0132061
252.5,1,181.125,0.0132209
252,1,180.259,0.0132407
251.5,1,179.393,0.01326
251,1,178.527,0.0132571
250.5,1,177.661,0.0132425
250,1,176.795,0.0132279
249.5,1,175.929,0.013217
249,1,175.063,0.0132094
248.5,1,174.197,0.0132029
248,1,173.331,0.0131906
247.5,1,172.465,0.0131656
247,1,171.599,0.013142
246.5,1,170.733,0.0131286
246,1,169.867,0.0131557
245.5,1,169.001,0.0131822
245,1,168.135,0.0132063
244.5,1,167.269,0.0131807
244,1,166.403,0.0131551
243.5,1,165.537,0.0131291
243,1,164.671,0.0131202
242.5,1,163.805,0.01311
242,1,162.939,0.0130958
241.5,1,162.072,0.013076
241,1,161.206,0.0130519
240.5,1,160.34,0.0130256
240,1,159.474,0.0130267
239.5,1,158.608,0.0130518
239,1,157.742,0.0130805
238.5,1,156.876,0.0130895
238,1,156.01,0.0130655
237.5,1,155.144,0.0130406
237,1,154.278,0.013022
236.5,1,153.412,0.0130242
236,1,152.546,0.013028
235.5,1,151.68,0.0130285
235,1,150.814,0.0130026
234.5,1,149.948,0.0129763
234,1,149.082,0.0129496
233.5,1,148.216,0.0129898
233,1,147.35,0.0130381
232.5,1,146.484,0.0130883
232,1,145.618,0.0130932
231.5,1,144.752,0.0130854
231,1,143.886,0.0130787
230.5,1,143.02,0.0130831
230,1,142.154,0.0130924
229.5,1,141.288,0.0131003
229,1,140.422,0.0130993
228.5,1,139.556,0.0130888
228,1,138.69,0.0130775
227.5,1,137.824,0.0130791
227,1,136.958,0.0131103
226.5,1,136.092,0.0131406
226,1,135.226,0.0131644
225.5,1,134.36,0.0131543
225,1,133.494,0.0131434
224.5,1,132.628,0.0131318
224,1,131.762,0.0131252
223.5,1,130.896,0.0131179
223,1,130.03,0.0131097
222.5,1,129.164,0.0130911
222,1,128.297,0.0130702
221.5,1,127.431,0.013049
221,1,126.565,0.0130548
220.5,1,125.699,0.0130738
220,1,124.833,0.013093
219.5,1,123.967,0.0130933
219,1,123.101,0.0130753
218.5,1,122.235,0.0130566
218,1,121.369,0.0130429
217.5,1,120.503,0.0130402
217,1,119.637,0.013039
216.5,1,118.771,0.0130355
216,1,117.905,0.0130177
215.5,1,117.039,0.0129986
215,1,116.173,0.0129804
214.5,1,115.307,0.0130072
214,1,114.441,0.013035
213.5,1,113.575,0.0130636
213,1,112.709,0.0130414
212.5,1,111.843,0.0130109
212,1,110.977,0.0129784
211.5,1,110.111,0.012975
211,1,109.245,0.0129838
210.5,1,108.379,0.0129939
210,1,107.513,0.012978
209.5,1,106.647,0.0129399
209,1,105.781,0.0128999
208.5,1,104.915,0.0128918
208,1,104.049,0.0129311
207.5,1,103.183,0.0129719
207,1,102.317,0.0129935
206.5,1,101.451,0.0129543
206,1,100.585,0.0129135
205.5,1,99.7187,0.012878
205,1,98.8526,0.012903
204.5,1,97.9866,0.0129303
204,1,97.1206,0.0129598
203.5,1,96.2546,0.0129299
203,1,95.3885,0.0128949
202.5,1,94.5225,0.0128581
202,1,93.6565,0.0128786
201.5,1,92.7905,0.0129171
201,1,91.9244,0.0129575
200.5,1,91.0584,0.0129533
200,1,90.1924,0.0129189
