x,y,z,b
500,1,609.808,0.0114771
499.5,1,608.942,0.0114535
499,1,608.076,0.0114367
498.5,1,607.21,0.0114304
498,1,606.344,0.0114233
497.5,1,605.477,0.0114197
497,1,604.611,0.0114307
496.5,1,603.745,0.0114406
496,1,602.879,0.0114482
495.5,1,602.013,0.0114543
495,1,601.147,0.0114601
494.5,1,600.281,0.0114656
494,1,599.415,0.0114676
493.5,1,598.549,0.0114697
493,1,597.683,0.0114712
492.5,1,596.817,0.0114872
492,1,595.951,0.0115093
491.5,1,595.085,0.0115329
491,1,594.219,0.0115601
490.5,1,593.353,0.0115891
490,1,592.487,0.0116186
489.5,1,591.621,0.0116523
489,1,590.755,0.0116895
488.5,1,589.889,0.0117248
488,1,589.023,0.011764
487.5,1,588.157,0.0118174
487,1,587.291,0.0118676
486.5,1,586.425,0.0119174
486,1,585.559,0.011984
485.5,1,584.693,0.0120467
485,1,583.827,0.012107
484.5,1,582.961,0.0121703
484,1,582.095,0.0122317
483.5,1,581.229,0.012291
483,1,580.363,0.0123298
482.5,1,579.497,0.0123651
482,1,578.631,0.0123998
481.5,1,577.765,0.0124136
481,1,576.899,0.0124171
480.5,1,576.033,0.0124223
480,1,575.167,0.012418
479.5,1,574.301,0.0124021
479,1,573.435,0.0123869
478.5,1,572.569,0.0123676
478,1,571.703,0.012337
477.5,1,570.836,0.0123043
477,1,569.97,0.0122669
476.5,1,569.104,0.0122107
476,1,568.238,0.0121506
475.5,1,567.372,0.0120866
475,1,566.506,0.012045
474.5,1,565.64,0.0120015
474,1,564.774,0.0119607
473.5,1,563.908,0.011947
473,1,563.042,0.0119361
472.5,1,562.176,0.0119232
472,1,561.31,0.0119269
471.5,1,560.444,0.0119435
471,1,559.578,0.011967
470.5,1,558.712,0.0119868
470,1,557.846,0.0120051
469.5,1,556.98,0.0120269
469,1,556.114,0.0120487
468.5,1,555.248,0.0120709
468,1,554.382,0.0120954
467.5,1,553.516,0.0121303
467,1,552.65,0.0121945
466.5,1,551.784,0.0122565
466,1,550.918,0.0123219
465.5,1,550.052,0.0124117
465,1,549.186,0.012495
464.5,1,548.32,0.0125717
464,1,547.454,0.0126605
463.5,1,546.588,0.0127448
463,1,545.722,0.0128251
462.5,1,544.856,0.0128619
462,1,543.99,0.0128792
461.5,1,543.124,0.0128886
461,1,542.258,0.012886
460.5,1,541.392,0.0128713
460,1,540.526,0.0128475
459.5,1,539.66,0.0127942
459,1,538.794,0.0127015
458.5,1,537.928,0.0125971
458,1,537.061,0.0125201
457.5,1,536.195,0.0125388
457,1,535.329,0.0125545
456.5,1,534.463,0.012557
456,1,533.597,0.0124845
455.5,1,532.731,0.0124076
455,1,531.865,0.0123329
454.5,1,530.999,0.012401
454,1,530.133,0.0124539
453.5,1,529.267,0.0124864
453,1,528.401,0.0123773
452.5,1,527.535,0.0122114
452,1,526.669,0.0120382
451.5,1,525.803,0.0119392
451,1,524.937,0.0118994
450.5,1,524.071,0.011878
450,1,523.205,0.0118896
449.5,1,522.339,0.0119548
449,1,521.473,0.0120472
448.5,1,520.607,0.0121799
448,1,519.741,0.01236
447.5,1,518.875,0.0125265
447,1,518.009,0.0126208
446.5,1,517.143,0.0124311
446,1,516.277,0.0122353
445.5,1,515.411,0.0120375
445,1,514.545,0.0120325
444.5,1,513.679,0.0120517
444,1,512.813,0.0121125
443.5,1,511.947,0.0121249
443,1,511.081,0.0121323
442.5,1,510.215,0.0121456
442,1,509.349,0.0121561
441.5,1,508.483,0.0121574
441,1,507.617,0.0121534
440.5,1,506.751,0.0121092
440,1,505.885,0.0120347
439.5,1,505.019,0.0119628
439,1,504.153,0.0119242
438.5,1,503.286,0.0119554
438,1,502.42,0.0119981
437.5,1,501.554,0.012056
437,1,500.688,0.0121545
436.5,1,499.822,0.0122533
436,1,498.956,0.0123583
435.5,1,498.09,0.0124608
435,1,497.224,0.0125209
434.5,1,496.358,0.0125387
434,1,495.492,0.0124686
433.5,1,494.626,0.012374
433,1,493.76,0.0122841
432.5,1,492.894,0.0123513
432,1,492.028,0.0125483
431.5,1,491.162,0.0128433
431,1,490.296,0.0132809
430.5,1,489.43,0.0137207
430,1,488.564,0.0140827
429.5,1,487.698,0.0143182
429,1,486.832,0.0144121
428.5,1,485.966,0.0144682
428,1,485.1,0.0144568
427.5,1,484.234,0.0143034
427,1,483.368,0.0141676
426.5,1,482.502,0.0140877
426,1,481.636,0.0141874
425.5,1,480.77,0.0142592
425,1,479.904,0.0143392
424.5,1,479.038,0.0144983
424,1,478.172,0.0146217
423.5,1,477.306,0.0147083
423,1,476.44,0.0148827
422.5,1,475.574,0.0149456
422,1,474.708,0.0150801
421.5,1,473.842,0.0154352
421,1,472.976,0.0156638
420.5,1,472.11,0.0155918
420,1,471.244,0.0151135
419.5,1,470.378,0.0147422
419,1,469.512,0.0146553
418.5,1,468.645,0.0147014
418,1,467.779,0.0148261
417.5,1,466.913,0.0149269
417,1,466.047,0.0153707
416.5,1,465.181,0.0173855
416,1,464.315,0.0193146
415.5,1,463.449,0.0211132
415,1,462.583,0.0215173
414.5,1,461.717,0.0219353
414,1,460.851,0.0226943
413.5,1,459.985,0.0237965
413,1,459.119,0.0244245
412.5,1,458.253,0.0244234
412,1,457.387,0.0248693
411.5,1,456.521,0.0257622
411,1,455.655,0.0261827
410.5,1,454.789,0.025827
410,1,453.923,0.0275247
409.5,1,453.057,0.0277273
409,1,452.191,0.0273743
408.5,1,451.325,0.0266294
408,1,450.459,0.027151
407.5,1,449.593,0.0289095
407,1,448.727,0.0312498
406.5,1,447.861,0.0334097
406,1,446.995,0.0351823
405.5,1,446.129,0.0349922
405,1,445.263,0.0350995
404.5,1,444.397,0.0355041
404,1,443.531,0.0365443
403.5,1,442.665,0.0368578
403,1,441.799,0.0365234
402.5,1,440.933,0.0359963
402,1,440.067,0.0354235
401.5,1,439.201,0.0348485
401,1,438.335,0.0342766
400.5,1,437.469,0.0338085
400,1,436.603,0.0341014
399.5,1,435.737,0.0357508
399,1,434.87,0.0390509
398.5,1,434.004,0.0399077
398,1,433.138,0.0408787
397.5,1,432.272,0.0418474
397,1,431.406,0.0430311
396.5,1,430.54,0.0438386
396,1,429.674,0.0440506
395.5,1,428.808,0.0442379
395,1,427.942,0.0443876
394.5,1,427.076,0.0445387
394,1,426.21,0.0447575
393.5,1,425.344,0.0450438
393,1,424.478,0.0455131
392.5,1,423.612,0.0460241
392,1,422.746,0.0466522
391.5,1,421.88,0.0474119
391,1,421.014,0.0484587
390.5,1,420.148,0.0498144
390,1,419.282,0.0517416
389.5,1,418.416,0.0541966
389,1,417.55,0.0566586
388.5,1,416.684,0.0597122
388,1,415.818,0.0633194
387.5,1,414.952,0.0666415
387,1,414.086,0.0695794
386.5,1,413.22,0.0717751
386,1,412.354,0.0708506
385.5,1,411.488,0.0758257
385,1,410.622,0.0764601
384.5,1,409.756,0.0761474
384,1,408.89,0.0758473
383.5,1,408.024,0.0753811
383,1,407.158,0.074538
382.5,1,406.292,0.0727665
382,1,405.426,0.0703718
381.5,1,404.56,0.0679709
381,1,403.694,0.0656925
380.5,1,402.828,0.0637422
380,1,401.962,0.0623237
379.5,1,401.095,0.0611472
379,1,400.229,0.0604527
378.5,1,399.363,0.0596863
378,1,398.497,0.0585522
377.5,1,397.631,0.0567481
377,1,396.765,0.0545353
376.5,1,395.899,0.0517675
376,1,395.033,0.0499611
375.5,1,394.167,0.047662
375,1,393.301,0.045809
374.5,1,392.435,0.0448147
374,1,391.569,0.0434505
373.5,1,390.703,0.0434644
373,1,389.837,0.044497
372.5,1,388.971,0.0455746
372,1,388.105,0.048032
371.5,1,387.239,0.0510329
371,1,386.373,0.0532739
370.5,1,385.507,0.0559999
370,1,384.641,0.0580283
369.5,1,383.775,0.0591981
369,1,382.909,0.0589882
368.5,1,382.043,0.0571447
368,1,381.177,0.0549869
367.5,1,380.311,0.0523965
367,1,379.445,0.0504656
366.5,1,378.579,0.0497495
366,1,377.713,0.049301
365.5,1,376.847,0.0484975
365,1,375.981,0.0495397
364.5,1,375.115,0.0506622
364,1,374.249,0.0506276
363.5,1,373.383,0.0498899
363,1,372.517,0.0489577
362.5,1,371.651,0.0465233
362,1,370.785,0.0435281
361.5,1,369.919,0.0402983
361,1,369.053,0.0380692
360.5,1,368.187,0.0360968
360,1,367.321,0.0341489
359.5,1,366.454,0.032419
359,1,365.588,0.0308116
358.5,1,364.722,0.0304671
358,1,363.856,0.0310554
357.5,1,362.99,0.031538
357,1,362.124,0.0329497
356.5,1,361.258,0.0336857
356,1,360.392,0.0340783
355.5,1,359.526,0.034927
355,1,358.66,0.0357935
354.5,1,357.794,0.037158
354,1,356.928,0.0383552
353.5,1,356.062,0.0390476
353,1,355.196,0.0389308
352.5,1,354.33,0.039144
352,1,353.464,0.0392937
351.5,1,352.598,0.04055
351,1,351.732,0.0409435
350.5,1,350.866,0.0411539
350,1,350,0.0412698
349.5,1,349.134,0.041363
349,1,348.268,0.0418319
348.5,1,347.402,0.0427721
348,1,346.536,0.0432697
347.5,1,345.67,0.0435436
347,1,344.804,0.0443336
346.5,1,343.938,0.0456087
346,1,343.072,0.0468972
345.5,1,342.206,0.044371
345,1,341.34,0.0419155
344.5,1,340.474,0.0406073
344,1,339.608,0.0394489
343.5,1,338.742,0.0374554
343,1,337.876,0.0361951
342.5,1,337.01,0.035845
342,1,336.144,0.0360265
341.5,1,335.278,0.0364544
341,1,334.412,0.0371019
340.5,1,333.546,0.0380889
340,1,332.679,0.0387664
339.5,1,331.813,0.0390049
339,1,330.947,0.0407206
338.5,1,330.081,0.042707
338,1,329.215,0.042871
337.5,1,328.349,0.0446767
337,1,327.483,0.0479918
336.5,1,326.617,0.0508426
336,1,325.751,0.0527781
335.5,1,324.885,0.0533871
335,1,324.019,0.0537779
334.5,1,323.153,0.0520689
334,1,322.287,0.0500972
333.5,1,321.421,0.0478743
333,1,320.555,0.0456444
332.5,1,319.689,0.0435328
332,1,318.823,0.0415883
331.5,1,317.957,0.0411101
331,1,317.091,0.0402599
330.5,1,316.225,0.0396101
330,1,315.359,0.0408246
329.5,1,314.493,0.0415013
329,1,313.627,0.0419064
328.5,1,312.761,0.0424218
328,1,311.895,0.043533
327.5,1,311.029,0.044531
327,1,310.163,0.0447316
326.5,1,309.297,0.0451074
326,1,308.431,0.0455592
325.5,1,307.565,0.0458644
325,1,306.699,0.0465169
324.5,1,305.833,0.0477419
324,1,304.967,0.0481119
323.5,1,304.101,0.0483729
323,1,303.235,0.0480398
322.5,1,302.369,0.0469093
322,1,301.503,0.0460934
321.5,1,300.637,0.0446966
321,1,299.771,0.0439013
320.5,1,298.905,0.0432655
320,1,298.038,0.0427964
319.5,1,297.172,0.0431111
319,1,296.306,0.043409
318.5,1,295.44,0.0436903
318,1,294.574,0.0425348
317.5,1,293.708,0.0427131
317,1,292.842,0.0444339
316.5,1,291.976,0.0443261
316,1,291.11,0.0440155
315.5,1,290.244,0.0436356
315,1,289.378,0.0420447
314.5,1,288.512,0.0411177
314,1,287.646,0.0409495
313.5,1,286.78,0.0407296
313,1,285.914,0.0404206
312.5,1,285.048,0.0398766
312,1,284.182,0.0391786
311.5,1,283.316,0.0383894
311,1,282.45,0.038235
310.5,1,281.584,0.0384111
310,1,280.718,0.0383955
309.5,1,279.852,0.038064
309,1,278.986,0.0376069
308.5,1,278.12,0.0368901
308,1,277.254,0.0363373
307.5,1,276.388,0.0357421
307,1,275.522,0.036033
306.5,1,274.656,0.0365217
306,1,273.79,0.0360681
305.5,1,272.924,0.0371382
305,1,272.058,0.037266
304.5,1,271.192,0.0372734
304,1,270.326,0.036687
303.5,1,269.46,0.0355339
303,1,268.594,0.0346323
302.5,1,267.728,0.0337693
302,1,266.862,0.0329449
301.5,1,265.996,0.0321589
301,1,265.13,0.0313695
300.5,1,264.263,0.0303123
300,1,263.397,0.0292917
299.5,1,262.531,0.0283079
299,1,261.665,0.0236841
298.5,1,260.799,0.0218223
298,1,259.933,0.0210391
297.5,1,259.067,0.0202695
297,1,258.201,0.0195507
296.5,1,257.335,0.0190329
296,1,256.469,0.0186159
295.5,1,255.603,0.0182492
295,1,254.737,0.0179214
294.5,1,253.871,0.0176144
294,1,253.005,0.0173282
293.5,1,252.139,0.0170971
293,1,251.273,0.0168564
292.5,1,250.407,0.016601
292,1,249.541,0.0164343
291.5,1,248.675,0.0163252
291,1,247.809,0.0162552
290.5,1,246.943,0.0162025
290,1,246.077,0.0161513
289.5,1,245.211,0.0161166
289,1,244.345,0.0161232
288.5,1,243.479,0.0161658
288,1,242.613,0.0161813
287.5,1,241.747,0.0161781
287,1,240.881,0.0161304
286.5,1,240.015,0.0160681
286,1,239.149,0.0159835
285.5,1,238.283,0.0158066
285,1,237.417,0.0155777
284.5,1,236.551,0.0153193
284,1,235.685,0.0150526
283.5,1,234.819,0.014772
283,1,233.953,0.0144769
282.5,1,233.087,0.0142808
282,1,232.221,0.0141195
281.5,1,231.355,0.0139682
281,1,230.488,0.0138152
280.5,1,229.622,0.0136621
280,1,228.756,0.0135063
279.5,1,227.89,0.0133304
279,1,227.024,0.0131399
278.5,1,226.158,0.0129515
278,1,225.292,0.0127696
277.5,1,224.426,0.0126112
277,1,223.56,0.0124981
276.5,1,222.694,0.0124178
276,1,221.828,0.0124005
275.5,1,220.962,0.0123935
275,1,220.096,0.0123972
274.5,1,219.23,0.0124362
274,1,218.364,0.0124824
273.5,1,217.498,0.01253
273,1,216.632,0.0125831
272.5,1,215.766,0.0126374
272,1,214.9,0.0126928
271.5,1,214.034,0.0127479
271,1,213.168,0.0128018
270.5,1,212.302,0.0128568
270,1,211.436,0.0129069
269.5,1,210.57,0.0129534
269,1,209.704,0.0130093
268.5,1,208.838,0.0130662
268,1,207.972,0.013117
267.5,1,207.106,0.013166
267,1,206.24,0.0132124
266.5,1,205.374,0.013256
266,1,204.508,0.0133016
265.5,1,203.642,0.0133469
265,1,202.776,0.0133859
264.5,1,201.91,0.0134265
264,1,201.044,0.0134689
263.5,1,200.178,0.0135089
263,1,199.312,0.0135485
262.5,1,198.446,0.0135881
262,1,197.58,0.013621
261.5,1,196.714,0.0136537
261,1,195.847,0.0136874
260.5,1,194.981,0.0137149
260,1,194.115,0.0137401
259.5,1,193.249,0.0137659
259,1,192.383,0.0137912
258.5,1,191.517,0.0138154
258,1,190.651,0.0138365
257.5,1,189.785,0.0138551
257,1,188.919,0.0138683
256.5,1,188.053,0.013881
256,1,187.187,0.0138955
255.5,1,186.321,0.013923
255,1,185.455,0.013948
254.5,1,184.589,0.0139726
254,1,183.723,0.0139839
253.5,1,182.857,0.0139953
253,1,181.991,0.0140071
252.5,1,181.125,0.0140023
252,1,180.259,0.0139928
251.5,1,179.393,0.013982
251,1,178.527,0.0139693
250.5,1,177.661,0.013956
250,1,176.795,0.0139416
249.5,1,175.929,0.0139003
249,1,175.063,0.0138335
248.5,1,174.197,0.0137654
248,1,173.331,0.0137014
247.5,1,172.465,0.0136469
247,1,171.599,0.0135921
246.5,1,170.733,0.0135405
246,1,169.867,0.0135017
245.5,1,169.001,0.0134631
245,1,168.135,0.013426
244.5,1,167.269,0.013425
244,1,166.403,0.0134235
243.5,1,165.537,0.0134225
243,1,164.671,0.0134079
242.5,1,163.805,0.0133919
242,1,162.939,0.0133767
241.5,1,162.072,0.0133712
241,1,161.206,0.0133701
240.5,1,160.34,0.013369
240,1,159.474,0.0133571
239.5,1,158.608,0.0133375
239,1,157.742,0.0133179
238.5,1,156.876,0.013309
238,1,156.01,0.0133154
237.5,1,155.144,0.0133225
237,1,154.278,0.0133294
236.5,1,153.412,0.0133341
236,1,152.546,0.0133391
235.5,1,151.68,0.0133452
235,1,150.814,0.0133584
234.5,1,149.948,0.0133722
234,1,149.082,0.0133866
233.5,1,148.216,0.0133863
233,1,147.35,0.0133851
232.5,1,146.484,0.0133841
232,1,145.618,0.0133868
231.5,1,144.752,0.0133909
231,1,143.886,0.0133957
230.5,1,143.02,0.0134045
230,1,142.154,0.0134144
229.5,1,141.288,0.0134237
229,1,140.422,0.0134272
228.5,1,139.556,0.0134245
228,1,138.69,0.0134223
227.5,1,137.824,0.0134164
227,1,136.958,0.0134005
226.5,1,136.092,0.0133837
226,1,135.226,0.0133672
225.5,1,134.36,0.0133565
225,1,133.494,0.0133455
224.5,1,132.628,0.0133348
224,1,131.762,0.0133181
223.5,1,130.896,0.0132988
223,1,130.03,0.0132771
222.5,1,129.164,0.0132561
222,1,128.297,0.0132364
221.5,1,127.431,0.0132178
221,1,126.565,0.0131846
220.5,1,125.699,0.0131421
220,1,124.833,0.0130979
219.5,1,123.967,0.0130741
219,1,123.101,0.01307
218.5,1,122.235,0.0130665
218,1,121.369,0.0130564
217.5,1,120.503,0.0130318
217,1,119.637,0.0130065
216.5,1,118.771,0.0129872
216,1,117.905,0.0129947
215.5,1,117.039,0.0130034
215,1,116.173,0.0130115
214.5,1,115.307,0.0129843
214,1,114.441,0.0129565
213.5,1,113.575,0.012928
213,1,112.709,0.0129364
212.5,1,111.843,0.0129511
212,1,110.977,0.0129674
211.5,1,110.111,0.0129552
211,1,109.245,0.0129295
210.5,1,108.379,0.012901
210,1,107.513,0.0129025
209.5,1,106.647,0.0129311
209,1,105.781,0.0129636
208.5,1,104.915,0.0129742
208,1,104.049,0.0129457
207.5,1,103.183,0.0129122
207,1,102.317,0.0128932
206.5,1,101.451,0.0129329
206,1,100.585,0.0129788
205.5,1,99.7187,0.0130227
205,1,98.8526,0.0130032
204.5,1,97.9866,0.0129779
204,1,97.1206,0.012947
203.5,1,96.2546,0.0129757
203,1,95.3885,0.0130137
202.5,1,94.5225,0.013056
202,1,93.6565,0.0130574
201.5,1,92.7905,0.0130422
201,1,91.9244,0.0130219
200.5,1,91.0584,0.0130158
200,1,90.1924,0.013023
