x,y,z,b
500,1,609.808,0.0126032
499.5,1,608.942,0.0124781
499,1,608.076,0.0124392
498.5,1,607.21,0.0125571
498,1,606.344,0.0126733
497.5,1,605.477,0.0127565
497,1,604.611,0.0127276
496.5,1,603.745,0.012703
496,1,602.879,0.0126878
495.5,1,602.013,0.0127237
495,1,601.147,0.012758
494.5,1,600.281,0.0127907
494,1,599.415,0.01275
493.5,1,598.549,0.0127036
493,1,597.683,0.0126606
492.5,1,596.817,0.0126342
492,1,595.951,0.012609
491.5,1,595.085,0.0125796
491,1,594.219,0.0125619
490.5,1,593.353,0.0125516
490,1,592.487,0.0125389
489.5,1,591.621,0.0125456
489,1,590.755,0.0125759
488.5,1,589.889,0.0125999
488,1,589.023,0.0126169
487.5,1,588.157,0.0126313
487,1,587.291,0.012649
486.5,1,586.425,0.0126655
486,1,585.559,0.0126495
485.5,1,584.693,0.0126334
485,1,583.827,0.0126174
484.5,1,582.961,0.0126635
484,1,582.095,0.0127114
483.5,1,581.229,0.0127584
483,1,580.363,0.0128471
482.5,1,579.497,0.0129428
482,1,578.631,0.0130378
481.5,1,577.765,0.0131728
481,1,576.899,0.0133317
480.5,1,576.033,0.013491
480,1,575.167,0.0136225
479.5,1,574.301,0.0137287
479,1,573.435,0.0138384
478.5,1,572.569,0.0139364
478,1,571.703,0.0140073
477.5,1,570.836,0.0140806
477,1,569.97,0.0141459
476.5,1,569.104,0.0141545
476,1,568.238,0.0141599
475.5,1,567.372,0.0141619
475,1,566.506,0.0141499
474.5,1,565.64,0.0141327
474,1,564.774,0.014114
473.5,1,563.908,0.014126
473,1,563.042,0.0141413
472.5,1,562.176,0.014154
472,1,561.31,0.0141974
471.5,1,560.444,0.0142582
471,1,559.578,0.0143227
470.5,1,558.712,0.0143745
470,1,557.846,0.0144138
469.5,1,556.98,0.0144524
469,1,556.114,0.014494
468.5,1,555.248,0.0145399
468,1,554.382,0.0145828
467.5,1,553.516,0.014621
467,1,552.65,0.0146475
466.5,1,551.784,0.0146661
466,1,550.918,0.0146798
465.5,1,550.052,0.0147234
465,1,549.186,0.0147598
464.5,1,548.32,0.014789
464,1,547.454,0.0148049
463.5,1,546.588,0.0148099
463,1,545.722,0.0148058
462.5,1,544.856,0.014849
462,1,543.99,0.0148956
461.5,1,543.124,0.0149266
461,1,542.258,0.0149697
460.5,1,541.392,0.0150158
460,1,540.526,0.0150438
459.5,1,539.66,0.0150831
459,1,538.794,0.0151446
458.5,1,537.928,0.0151882
458,1,537.061,0.0152195
457.5,1,536.195,0.015252
457,1,535.329,0.015267
456.5,1,534.463,0.0152632
456,1,533.597,0.0152396
455.5,1,532.731,0.0152124
455,1,531.865,0.0151918
454.5,1,530.999,0.0152091
454,1,530.133,0.0152318
453.5,1,529.267,0.0152587
453,1,528.401,0.0152692
452.5,1,527.535,0.0152824
452,1,526.669,0.0153214
451.5,1,525.803,0.0153609
451,1,524.937,0.0154001
450.5,1,524.071,0.0154393
450,1,523.205,0.0154231
449.5,1,522.339,0.0153657
449,1,521.473,0.0153219
448.5,1,520.607,0.0152884
448,1,519.741,0.0152741
447.5,1,518.875,0.0152733
447,1,518.009,0.0152945
446.5,1,517.143,0.0153671
446,1,516.277,0.0154446
445.5,1,515.411,0.0155251
445,1,514.545,0.0155223
444.5,1,513.679,0.0155066
444,1,512.813,0.0154752
443.5,1,511.947,0.0153891
443,1,511.081,0.0152995
442.5,1,510.215,0.0152135
442,1,509.349,0.0152247
441.5,1,508.483,0.0152919
441,1,507.617,0.0153812
440.5,1,506.751,0.0155244
440,1,505.885,0.0157065
439.5,1,505.019,0.01589
439,1,504.153,0.0160321
438.5,1,503.286,0.0161018
438,1,502.42,0.0161679
437.5,1,501.554,0.016272
437,1,500.688,0.0165151
436.5,1,499.822,0.0167683
436,1,498.956,0.0170357
435.5,1,498.09,0.0173582
435,1,497.224,0.0176769
434.5,1,496.358,0.0179919
434,1,495.492,0.0182669
433.5,1,494.626,0.0184961
433,1,493.76,0.0186424
432.5,1,492.894,0.018628
432,1,492.028,0.0185171
431.5,1,491.162,0.0183397
431,1,490.296,0.0181546
430.5,1,489.43,0.0179608
430,1,488.564,0.0177541
429.5,1,487.698,0.0175147
429,1,486.832,0.017228
428.5,1,485.966,0.0168559
428,1,485.1,0.0163836
427.5,1,484.234,0.0160253
427,1,483.368,0.0157082
426.5,1,482.502,0.0154132
426,1,481.636,0.0151974
425.5,1,480.77,0.0149931
425,1,479.904,0.014836
424.5,1,479.038,0.0149941
424,1,478.172,0.0151733
423.5,1,477.306,0.0153673
423,1,476.44,0.0155155
422.5,1,475.574,0.0156796
422,1,474.708,0.0161812
421.5,1,473.842,0.0170887
421,1,472.976,0.0181543
420.5,1,472.11,0.0192522
420,1,471.244,0.0200579
419.5,1,470.378,0.0205235
419,1,469.512,0.0209452
418.5,1,468.645,0.0217664
418,1,467.779,0.0232425
417.5,1,466.913,0.0245327
417,1,466.047,0.0256526
416.5,1,465.181,0.0268773
416,1,464.315,0.028244
415.5,1,463.449,0.0296991
415,1,462.583,0.0295865
414.5,1,461.717,0.0295239
414,1,460.851,0.0295619
413.5,1,459.985,0.0295106
413,1,459.119,0.0292058
412.5,1,458.253,0.0286622
412,1,457.387,0.0288913
411.5,1,456.521,0.0294235
411,1,455.655,0.0311495
410.5,1,454.789,0.0324045
410,1,453.923,0.0379248
409.5,1,453.057,0.0313527
409,1,452.191,0.0301963
408.5,1,451.325,0.0309214
408,1,450.459,0.0328717
407.5,1,449.593,0.0355085
407,1,448.727,0.0377722
406.5,1,447.861,0.0402798
406,1,446.995,0.0427475
405.5,1,446.129,0.0428642
405,1,445.263,0.0432312
404.5,1,444.397,0.0438485
404,1,443.531,0.0442249
403.5,1,442.665,0.0447831
403,1,441.799,0.0451107
402.5,1,440.933,0.044228
402,1,440.067,0.0428655
401.5,1,439.201,0.0413111
401,1,438.335,0.0388653
400.5,1,437.469,0.0341959
400,1,436.603,0.0281786
399.5,1,435.737,0.0253488
399,1,434.87,0.0237809
398.5,1,434.004,0.0233419
398,1,433.138,0.0281772
397.5,1,432.272,0.0337836
397,1,431.406,0.0390451
396.5,1,430.54,0.0439001
396,1,429.674,0.0480024
395.5,1,428.808,0.0511855
395,1,427.942,0.0530275
394.5,1,427.076,0.0539699
394,1,426.21,0.0547695
393.5,1,425.344,0.0554938
393,1,424.478,0.0558377
392.5,1,423.612,0.0558525
392,1,422.746,0.055321
391.5,1,421.88,0.0549021
391,1,421.014,0.0545897
390.5,1,420.148,0.0540678
390,1,419.282,0.0534009
389.5,1,418.416,0.0525888
389,1,417.55,0.0524311
388.5,1,416.684,0.052267
388,1,415.818,0.0525889
387.5,1,414.952,0.05176
387,1,414.086,0.0514172
386.5,1,413.22,0.0510148
386,1,412.354,0.0505959
385.5,1,411.488,0.050231
385,1,410.622,0.0502594
384.5,1,409.756,0.0503144
384,1,408.89,0.0503959
383.5,1,408.024,0.0505039
383,1,407.158,0.0508655
382.5,1,406.292,0.0516632
382,1,405.426,0.0523226
381.5,1,404.56,0.0528436
381,1,403.694,0.0532262
380.5,1,402.828,0.0534704
380,1,401.962,0.0536374
379.5,1,401.095,0.055057
379,1,400.229,0.0564184
378.5,1,399.363,0.0577115
378,1,398.497,0.0589365
377.5,1,397.631,0.0600932
377,1,396.765,0.0611818
376.5,1,395.899,0.0617369
376,1,395.033,0.0621897
375.5,1,394.167,0.0628006
375,1,393.301,0.0635694
374.5,1,392.435,0.0643289
374,1,391.569,0.0645039
373.5,1,390.703,0.0642822
373,1,389.837,0.0634976
372.5,1,388.971,0.0627496
372,1,388.105,0.0620381
371.5,1,387.239,0.0613631
371,1,386.373,0.0607246
370.5,1,385.507,0.0601041
370,1,384.641,0.0591085
369.5,1,383.775,0.0581004
369,1,382.909,0.0569438
368.5,1,382.043,0.0554455
368,1,381.177,0.0539641
367.5,1,380.311,0.0524997
367,1,379.445,0.0510736
366.5,1,378.579,0.0498723
366,1,377.713,0.0453885
365.5,1,376.847,0.0437023
365,1,375.981,0.0426008
364.5,1,375.115,0.0422514
364,1,374.249,0.041982
363.5,1,373.383,0.0417942
363,1,372.517,0.0434828
362.5,1,371.651,0.0477846
362,1,370.785,0.0481552
361.5,1,369.919,0.0486198
361,1,369.053,0.0491842
360.5,1,368.187,0.0498707
360,1,367.321,0.050613
359.5,1,366.454,0.051411
359,1,365.588,0.0522648
358.5,1,364.722,0.0531743
358,1,363.856,0.0539596
357.5,1,362.99,0.0540149
357,1,362.124,0.0538837
356.5,1,361.258,0.0536839
356,1,360.392,0.0534156
355.5,1,359.526,0.0530788
355,1,358.66,0.0526735
354.5,1,357.794,0.0518309
354,1,356.928,0.0505643
353.5,1,356.062,0.0493063
353,1,355.196,0.0482094
352.5,1,354.33,0.0470554
352,1,353.464,0.0454168
351.5,1,352.598,0.0436138
351,1,351.732,0.0418639
350.5,1,350.866,0.040583
350,1,350,0.039552
349.5,1,349.134,0.0384535
349,1,348.268,0.0381688
348.5,1,347.402,0.0389425
348,1,346.536,0.0391466
347.5,1,345.67,0.0393196
347,1,344.804,0.0403733
346.5,1,343.938,0.0419334
346,1,343.072,0.0438188
345.5,1,342.206,0.0445929
345,1,341.34,0.0454675
344.5,1,340.474,0.0464038
344,1,339.608,0.046421
343.5,1,338.742,0.0474409
343,1,337.876,0.046078
342.5,1,337.01,0.0441249
342,1,336.144,0.0415883
341.5,1,335.278,0.0394678
341,1,334.412,0.0378341
340.5,1,333.546,0.036524
340,1,332.679,0.0353708
339.5,1,331.813,0.0342311
339,1,330.947,0.0343997
338.5,1,330.081,0.0344381
338,1,329.215,0.0339285
337.5,1,328.349,0.0338533
337,1,327.483,0.0343979
336.5,1,326.617,0.0359515
336,1,325.751,0.037262
335.5,1,324.885,0.0382814
335,1,324.019,0.0381695
334.5,1,323.153,0.0383461
334,1,322.287,0.0394286
333.5,1,321.421,0.0401931
333,1,320.555,0.0408757
332.5,1,319.689,0.0427647
332,1,318.823,0.0438412
331.5,1,317.957,0.0445666
331,1,317.091,0.0449603
330.5,1,316.225,0.0449403
330,1,315.359,0.0436057
329.5,1,314.493,0.0419188
329,1,313.627,0.0420919
328.5,1,312.761,0.0400087
328,1,311.895,0.0385342
327.5,1,311.029,0.0375713
327,1,310.163,0.0368222
326.5,1,309.297,0.0376475
326,1,308.431,0.0398871
325.5,1,307.565,0.040847
325,1,306.699,0.0417502
324.5,1,305.833,0.0425828
324,1,304.967,0.0433699
323.5,1,304.101,0.0450731
323,1,303.235,0.0465742
322.5,1,302.369,0.0460596
322,1,301.503,0.0443431
321.5,1,300.637,0.0458644
321,1,299.771,0.0480863
320.5,1,298.905,0.0500264
320,1,298.038,0.050492
319.5,1,297.172,0.0495925
319,1,296.306,0.0473585
318.5,1,295.44,0.0444889
318,1,294.574,0.0420019
317.5,1,293.708,0.0431447
317,1,292.842,0.0487267
316.5,1,291.976,0.0589816
316,1,291.11,0.0656866
315.5,1,290.244,0.0713581
315,1,289.378,0.0762946
314.5,1,288.512,0.0803238
314,1,287.646,0.0804798
313.5,1,286.78,0.0804899
313,1,285.914,0.0805329
312.5,1,285.048,0.0799869
312,1,284.182,0.079281
311.5,1,283.316,0.0784007
311,1,282.45,0.0781297
310.5,1,281.584,0.0778939
310,1,280.718,0.0769451
309.5,1,279.852,0.0759862
309,1,278.986,0.0750171
308.5,1,278.12,0.0758754
308,1,277.254,0.0755644
307.5,1,276.388,0.072689
307,1,275.522,0.0704383
306.5,1,274.656,0.0693136
306,1,273.79,0.0683522
305.5,1,272.924,0.0682711
305,1,272.058,0.0691095
304.5,1,271.192,0.0701806
304,1,270.326,0.0694791
303.5,1,269.46,0.0677388
303,1,268.594,0.0651853
302.5,1,267.728,0.0631192
302,1,266.862,0.0615888
301.5,1,265.996,0.0602936
301,1,265.13,0.0588281
300.5,1,264.263,0.0571916
300,1,263.397,0.0551558
299.5,1,262.531,0.052911
299,1,261.665,0.0506779
298.5,1,260.799,0.0494283
298,1,259.933,0.0496923
297.5,1,259.067,0.0502621
297,1,258.201,0.0506804
296.5,1,257.335,0.0493201
296,1,256.469,0.0478953
295.5,1,255.603,0.0469224
295,1,254.737,0.0452148
294.5,1,253.871,0.0438067
294,1,253.005,0.042698
293.5,1,252.139,0.0419796
293,1,251.273,0.0413833
292.5,1,250.407,0.0408945
292,1,249.541,0.0403675
291.5,1,248.675,0.0398694
291,1,247.809,0.0386388
290.5,1,246.943,0.0362111
290,1,246.077,0.0337769
289.5,1,245.211,0.0313869
289,1,244.345,0.0290099
288.5,1,243.479,0.0266433
288,1,242.613,0.0245353
287.5,1,241.747,0.0223092
287,1,240.881,0.0198452
286.5,1,240.015,0.0176497
286,1,239.149,0.0157746
285.5,1,238.283,0.014925
285,1,237.417,0.0145934
284.5,1,236.551,0.0143871
284,1,235.685,0.0144038
283.5,1,234.819,0.0144362
283,1,233.953,0.0144792
282.5,1,233.087,0.0144244
282,1,232.221,0.0143397
281.5,1,231.355,0.014243
281,1,230.488,0.0141872
280.5,1,229.622,0.0141761
280,1,228.756,0.0142113
279.5,1,227.89,0.0142955
279,1,227.024,0.0143763
278.5,1,226.158,0.0144484
278,1,225.292,0.0145263
277.5,1,224.426,0.0146281
277,1,223.56,0.0147284
276.5,1,222.694,0.0147969
276,1,221.828,0.0147416
275.5,1,220.962,0.0146867
275,1,220.096,0.0146366
274.5,1,219.23,0.0147611
274,1,218.364,0.0148677
273.5,1,217.498,0.0149557
273,1,216.632,0.0149146
272.5,1,215.766,0.0148551
272,1,214.9,0.0147962
271.5,1,214.034,0.0149635
271,1,213.168,0.0152162
270.5,1,212.302,0.0154641
270,1,211.436,0.0154842
269.5,1,210.57,0.0153065
269,1,209.704,0.0151122
268.5,1,208.838,0.0150634
268,1,207.972,0.0152074
267.5,1,207.106,0.0153308
267,1,206.24,0.0153617
266.5,1,205.374,0.0151646
266,1,204.508,0.0149947
265.5,1,203.642,0.0148589
265,1,202.776,0.0149461
264.5,1,201.91,0.0150006
264,1,201.044,0.0150226
263.5,1,200.178,0.0149067
263,1,199.312,0.0147903
262.5,1,198.446,0.0146763
262,1,197.58,0.0147932
261.5,1,196.714,0.0149871
261,1,195.847,0.0151838
260.5,1,194.981,0.0151742
260,1,194.115,0.0150643
259.5,1,193.249,0.0149841
259,1,192.383,0.0149574
258.5,1,191.517,0.0149617
258,1,190.651,0.014949
257.5,1,189.785,0.014931
257,1,188.919,0.0149229
256.5,1,188.053,0.0149244
256,1,187.187,0.014943
255.5,1,186.321,0.0150092
255,1,185.455,0.0150668
254.5,1,184.589,0.0151191
254,1,183.723,0.015175
253.5,1,182.857,0.0152469
253,1,181.991,0.0153347
252.5,1,181.125,0.0154143
252,1,180.259,0.0154769
251.5,1,179.393,0.0155252
251,1,178.527,0.0155466
250.5,1,177.661,0.0155918
250,1,176.795,0.0156739
249.5,1,175.929,0.0158015
249,1,175.063,0.0159364
248.5,1,174.197,0.0160564
248,1,173.331,0.0160484
247.5,1,172.465,0.0158444
247,1,171.599,0.0156746
246.5,1,170.733,0.0156364
246,1,169.867,0.0159345
245.5,1,169.001,0.0162025
245,1,168.135,0.0164233
244.5,1,167.269,0.0161113
244,1,166.403,0.0157693
243.5,1,165.537,0.0154121
243,1,164.671,0.015565
242.5,1,163.805,0.0157868
242,1,162.939,0.0160041
241.5,1,162.072,0.0160411
241,1,161.206,0.0160028
240.5,1,160.34,0.0159708
240,1,159.474,0.016031
239.5,1,158.608,0.016138
239,1,157.742,0.0162291
238.5,1,156.876,0.0162264
238,1,156.01,0.016106
237.5,1,155.144,0.015964
237,1,154.278,0.0157857
236.5,1,153.412,0.0155462
236,1,152.546,0.0153232
235.5,1,151.68,0.0151583
235,1,150.814,0.0155586
234.5,1,149.948,0.0159399
234,1,149.082,0.0163021
233.5,1,148.216,0.015982
233,1,147.35,0.0156415
232.5,1,146.484,0.0153189
232,1,145.618,0.0155104
231.5,1,144.752,0.0158321
231,1,143.886,0.0161344
230.5,1,143.02,0.0160498
230,1,142.154,0.0157507
229.5,1,141.288,0.0154638
229,1,140.422,0.0154071
228.5,1,139.556,0.0156037
228,1,138.69,0.0157837
227.5,1,137.824,0.0158449
227,1,136.958,0.0156934
226.5,1,136.092,0.0155706
226,1,135.226,0.0155147
225.5,1,134.36,0.0156889
225,1,133.494,0.0158395
224.5,1,132.628,0.0159619
224,1,131.762,0.015983
223.5,1,130.896,0.0160393
223,1,130.03,0.0161322
222.5,1,129.164,0.0162188
222,1,128.297,0.0162648
221.5,1,127.431,0.0162723
221,1,126.565,0.0163348
220.5,1,125.699,0.0164583
220,1,124.833,0.016607
219.5,1,123.967,0.0166043
219,1,123.101,0.0164485
218.5,1,122.235,0.0162977
218,1,121.369,0.0162273
217.5,1,120.503,0.0162956
217,1,119.637,0.016364
216.5,1,118.771,0.0163731
216,1,117.905,0.0161188
215.5,1,117.039,0.0158575
215,1,116.173,0.0156076
214.5,1,115.307,0.0157657
214,1,114.441,0.0159332
213.5,1,113.575,0.0161122
213,1,112.709,0.0159231
212.5,1,111.843,0.0156867
212,1,110.977,0.0154509
211.5,1,110.111,0.0154964
211,1,109.245,0.0156409
210.5,1,108.379,0.0157787
210,1,107.513,0.01574
209.5,1,106.647,0.0155719
209,1,105.781,0.0154025
208.5,1,104.915,0.0153301
208,1,104.049,0.0153955
207.5,1,103.183,0.0154598
207,1,102.317,0.0154854
206.5,1,101.451,0.0154026
206,1,100.585,0.0153213
205.5,1,99.7187,0.0152535
205,1,98.8526,0.0152815
204.5,1,97.9866,0.0153076
204,1,97.1206,0.0153317
203.5,1,96.2546,0.0153029
203,1,95.3885,0.0152706
202.5,1,94.5225,0.015239
202,1,93.6565,0.0152278
201.5,1,92.7905,0.0152215
201,1,91.9244,0.0152142
200.5,1,91.0584,0.0152199
200,1,90.1924,0.0152377
