x,y,z,b
500,1,609.808,0.0115282
499.5,1,608.942,0.0115082
499,1,608.076,0.0114897
498.5,1,607.21,0.0114781
498,1,606.344,0.0114658
497.5,1,605.477,0.0114535
497,1,604.611,0.0114435
496.5,1,603.745,0.0114334
496,1,602.879,0.0114248
495.5,1,602.013,0.0114252
495,1,601.147,0.0114255
494.5,1,600.281,0.0114258
494,1,599.415,0.0114222
493.5,1,598.549,0.0114209
493,1,597.683,0.0114225
492.5,1,596.817,0.0113889
492,1,595.951,0.0113457
491.5,1,595.085,0.0113056
491,1,594.219,0.011252
490.5,1,593.353,0.0111894
490,1,592.487,0.0111312
489.5,1,591.621,0.011085
489,1,590.755,0.0110441
488.5,1,589.889,0.0109951
488,1,589.023,0.010959
487.5,1,588.157,0.0109748
487,1,587.291,0.0109827
486.5,1,586.425,0.0109958
486,1,585.559,0.0110905
485.5,1,584.693,0.011154
485,1,583.827,0.0112044
484.5,1,582.961,0.0114998
484,1,582.095,0.0117673
483.5,1,581.229,0.0119949
483,1,580.363,0.0122228
482.5,1,579.497,0.0124368
482,1,578.631,0.0126289
481.5,1,577.765,0.0128235
481,1,576.899,0.0130249
480.5,1,576.033,0.0132143
480,1,575.167,0.0133657
479.5,1,574.301,0.0135052
479,1,573.435,0.0136483
478.5,1,572.569,0.0137439
478,1,571.703,0.0137523
477.5,1,570.836,0.0137826
477,1,569.97,0.0138238
476.5,1,569.104,0.0138372
476,1,568.238,0.0138691
475.5,1,567.372,0.0139177
475,1,566.506,0.0138158
474.5,1,565.64,0.0137296
474,1,564.774,0.0136539
473.5,1,563.908,0.0135807
473,1,563.042,0.0135212
472.5,1,562.176,0.0134773
472,1,561.31,0.0133756
471.5,1,560.444,0.013242
471,1,559.578,0.0131119
470.5,1,558.712,0.0130493
470,1,557.846,0.0130363
469.5,1,556.98,0.0130169
469,1,556.114,0.0129973
468.5,1,555.248,0.0129904
468,1,554.382,0.012981
467.5,1,553.516,0.0129572
467,1,552.65,0.0129061
466.5,1,551.784,0.0128777
466,1,550.918,0.0128634
465.5,1,550.052,0.0127986
465,1,549.186,0.0127446
464.5,1,548.32,0.0127016
464,1,547.454,0.0127018
463.5,1,546.588,0.0126942
463,1,545.722,0.0126769
462.5,1,544.856,0.0127164
462,1,543.99,0.0127707
461.5,1,543.124,0.0128193
461,1,542.258,0.0128972
460.5,1,541.392,0.0129796
460,1,540.526,0.0130388
459.5,1,539.66,0.0131307
459,1,538.794,0.0132941
458.5,1,537.928,0.0134619
458,1,537.061,0.0136233
457.5,1,536.195,0.0137554
457,1,535.329,0.0138603
456.5,1,534.463,0.0139437
456,1,533.597,0.0140463
455.5,1,532.731,0.0141315
455,1,531.865,0.0142182
454.5,1,530.999,0.0143235
454,1,530.133,0.0144081
453.5,1,529.267,0.0144713
453,1,528.401,0.014507
452.5,1,527.535,0.0145341
452,1,526.669,0.0145922
451.5,1,525.803,0.0145859
451,1,524.937,0.0145376
450.5,1,524.071,0.0144787
450,1,523.205,0.0144112
449.5,1,522.339,0.0143652
449,1,521.473,0.0143323
448.5,1,520.607,0.0143114
448,1,519.741,0.0143138
447.5,1,518.875,0.0143097
447,1,518.009,0.01432
446.5,1,517.143,0.0144278
446,1,516.277,0.0145292
445.5,1,515.411,0.0146262
445,1,514.545,0.0148022
444.5,1,513.679,0.0149721
444,1,512.813,0.0151479
443.5,1,511.947,0.0152552
443,1,511.081,0.0153509
442.5,1,510.215,0.0154462
442,1,509.349,0.0155021
441.5,1,508.483,0.0155526
441,1,507.617,0.0155976
440.5,1,506.751,0.0156297
440,1,505.885,0.0156635
439.5,1,505.019,0.0157117
439,1,504.153,0.0157843
438.5,1,503.286,0.015869
438,1,502.42,0.0159521
437.5,1,501.554,0.0160284
437,1,500.688,0.016088
436.5,1,499.822,0.0161644
436,1,498.956,0.0162508
435.5,1,498.09,0.0162588
435,1,497.224,0.0162752
434.5,1,496.358,0.0162999
434,1,495.492,0.0163645
433.5,1,494.626,0.0164253
433,1,493.76,0.0164567
432.5,1,492.894,0.0161056
432,1,492.028,0.0155728
431.5,1,491.162,0.014963
431,1,490.296,0.0145345
430.5,1,489.43,0.0142931
430,1,488.564,0.0141015
429.5,1,487.698,0.0138898
429,1,486.832,0.0136318
428.5,1,485.966,0.0133755
428,1,485.1,0.0132367
427.5,1,484.234,0.0134199
427,1,483.368,0.0136051
426.5,1,482.502,0.0137839
426,1,481.636,0.0139752
425.5,1,480.77,0.0142064
425,1,479.904,0.0145884
424.5,1,479.038,0.0152045
424,1,478.172,0.0158001
423.5,1,477.306,0.0163745
423,1,476.44,0.0168813
422.5,1,475.574,0.0173223
422,1,474.708,0.017677
421.5,1,473.842,0.017926
421,1,472.976,0.0181116
420.5,1,472.11,0.0182398
420,1,471.244,0.0183933
419.5,1,470.378,0.0185822
419,1,469.512,0.0187589
418.5,1,468.645,0.018903
418,1,467.779,0.0189377
417.5,1,466.913,0.0189193
417,1,466.047,0.018861
416.5,1,465.181,0.0188339
416,1,464.315,0.018761
415.5,1,463.449,0.0186492
415,1,462.583,0.018725
414.5,1,461.717,0.0187546
414,1,460.851,0.0187691
413.5,1,459.985,0.0190884
413,1,459.119,0.0194265
412.5,1,458.253,0.0197387
412,1,457.387,0.0200294
411.5,1,456.521,0.0203699
411,1,455.655,0.0208231
410.5,1,454.789,0.0212887
410,1,453.923,0.0217468
409.5,1,453.057,0.0222183
409,1,452.191,0.0227191
408.5,1,451.325,0.0232131
408,1,450.459,0.0237036
407.5,1,449.593,0.0243005
407,1,448.727,0.0251967
406.5,1,447.861,0.0261435
406,1,446.995,0.0271043
405.5,1,446.129,0.0276379
405,1,445.263,0.0280691
404.5,1,444.397,0.0283979
404,1,443.531,0.0292358
403.5,1,442.665,0.0297015
403,1,441.799,0.0300382
402.5,1,440.933,0.0299846
402,1,440.067,0.0299079
401.5,1,439.201,0.0299465
401,1,438.335,0.0313801
400.5,1,437.469,0.0341807
400,1,436.603,0.0363708
399.5,1,435.737,0.0382012
399,1,434.87,0.0392177
398.5,1,434.004,0.0395716
398,1,433.138,0.0396361
397.5,1,432.272,0.0408504
397,1,431.406,0.0430405
396.5,1,430.54,0.043991
396,1,429.674,0.0446828
395.5,1,428.808,0.0451556
395,1,427.942,0.0456763
394.5,1,427.076,0.0463542
394,1,426.21,0.0467891
393.5,1,425.344,0.0477006
393,1,424.478,0.0469236
392.5,1,423.612,0.0464726
392,1,422.746,0.0472241
391.5,1,421.88,0.0479854
391,1,421.014,0.0487666
390.5,1,420.148,0.0497849
390,1,419.282,0.0506472
389.5,1,418.416,0.0513535
389,1,417.55,0.0516308
388.5,1,416.684,0.0518698
388,1,415.818,0.0520943
387.5,1,414.952,0.0507475
387,1,414.086,0.050014
386.5,1,413.22,0.0499355
386,1,412.354,0.0499166
385.5,1,411.488,0.0499679
385,1,410.622,0.051225
384.5,1,409.756,0.0534558
384,1,408.89,0.0536018
383.5,1,408.024,0.0537273
383,1,407.158,0.0536782
382.5,1,406.292,0.0529474
382,1,405.426,0.0526647
381.5,1,404.56,0.0526845
381,1,403.694,0.0524455
380.5,1,402.828,0.0522525
380,1,401.962,0.0521321
379.5,1,401.095,0.0533548
379,1,400.229,0.0546278
378.5,1,399.363,0.0559398
378,1,398.497,0.0572908
377.5,1,397.631,0.0586808
377,1,396.765,0.0601098
376.5,1,395.899,0.060728
376,1,395.033,0.0609687
375.5,1,394.167,0.0612383
375,1,393.301,0.0615368
374.5,1,392.435,0.0618427
374,1,391.569,0.0620725
373.5,1,390.703,0.0617486
373,1,389.837,0.0604141
372.5,1,388.971,0.0590008
372,1,388.105,0.0575085
371.5,1,387.239,0.0531008
371,1,386.373,0.0507562
370.5,1,385.507,0.0493071
370,1,384.641,0.0487905
369.5,1,383.775,0.0485133
369,1,382.909,0.0483838
368.5,1,382.043,0.0483385
368,1,381.177,0.048516
367.5,1,380.311,0.0488891
367,1,379.445,0.0489809
366.5,1,378.579,0.0491453
366,1,377.713,0.0509256
365.5,1,376.847,0.0528438
365,1,375.981,0.0548198
364.5,1,375.115,0.0535298
364,1,374.249,0.0523196
363.5,1,373.383,0.0512008
363,1,372.517,0.0497109
362.5,1,371.651,0.0483763
362,1,370.785,0.0475985
361.5,1,369.919,0.0471803
361,1,369.053,0.047137
360.5,1,368.187,0.0466716
360,1,367.321,0.0459497
359.5,1,366.454,0.0446502
359,1,365.588,0.043089
358.5,1,364.722,0.0414368
358,1,363.856,0.03999
357.5,1,362.99,0.0387323
357,1,362.124,0.0373694
356.5,1,361.258,0.0361718
356,1,360.392,0.0349957
355.5,1,359.526,0.0342555
355,1,358.66,0.0338116
354.5,1,357.794,0.0340468
354,1,356.928,0.0334911
353.5,1,356.062,0.0348391
353,1,355.196,0.0360403
352.5,1,354.33,0.0368636
352,1,353.464,0.0405624
351.5,1,352.598,0.0470598
351,1,351.732,0.0516136
350.5,1,350.866,0.0524397
350,1,350,0.0429838
349.5,1,349.134,0.0356357
349,1,348.268,0.0316349
348.5,1,347.402,0.0293495
348,1,346.536,0.0241102
347.5,1,345.67,0.0258426
347,1,344.804,0.0271806
346.5,1,343.938,0.0279211
346,1,343.072,0.028001
345.5,1,342.206,0.0276105
345,1,341.34,0.0243216
344.5,1,340.474,0.0253008
344,1,339.608,0.0270297
343.5,1,338.742,0.0280674
343,1,337.876,0.0291286
342.5,1,337.01,0.0301952
342,1,336.144,0.0308924
341.5,1,335.278,0.0312402
341,1,334.412,0.0312915
340.5,1,333.546,0.0310534
340,1,332.679,0.0308917
339.5,1,331.813,0.031134
339,1,330.947,0.0311402
338.5,1,330.081,0.0312047
338,1,329.215,0.0324046
337.5,1,328.349,0.0332167
337,1,327.483,0.0339829
336.5,1,326.617,0.0346408
336,1,325.751,0.0347869
335.5,1,324.885,0.0336576
335,1,324.019,0.0334522
334.5,1,323.153,0.0335375
334,1,322.287,0.0330558
333.5,1,321.421,0.0323201
333,1,320.555,0.0314747
332.5,1,319.689,0.0309643
332,1,318.823,0.0300862
331.5,1,317.957,0.0290602
331,1,317.091,0.0297723
330.5,1,316.225,0.0308391
330,1,315.359,0.032147
329.5,1,314.493,0.0337485
329,1,313.627,0.0354421
328.5,1,312.761,0.0371792
328,1,311.895,0.0416926
327.5,1,311.029,0.0478411
327,1,310.163,0.0513353
326.5,1,309.297,0.0526819
326,1,308.431,0.053961
325.5,1,307.565,0.0551904
325,1,306.699,0.0548367
324.5,1,305.833,0.0537631
324,1,304.967,0.0542519
323.5,1,304.101,0.0549334
323,1,303.235,0.0554935
322.5,1,302.369,0.0555432
322,1,301.503,0.0557122
321.5,1,300.637,0.0560005
321,1,299.771,0.0564079
320.5,1,298.905,0.0569347
320,1,298.038,0.0575842
319.5,1,297.172,0.0582355
319,1,296.306,0.0587402
318.5,1,295.44,0.0591717
318,1,294.574,0.0595301
317.5,1,293.708,0.0598153
317,1,292.842,0.0600274
316.5,1,291.976,0.0597489
316,1,291.11,0.0594872
315.5,1,290.244,0.0594744
315,1,289.378,0.0597107
314.5,1,288.512,0.060196
314,1,287.646,0.0608301
313.5,1,286.78,0.0605881
313,1,285.914,0.0586798
312.5,1,285.048,0.0566536
312,1,284.182,0.0533765
311.5,1,283.316,0.0502222
311,1,282.45,0.0478238
310.5,1,281.584,0.0459557
310,1,280.718,0.044081
309.5,1,279.852,0.042511
309,1,278.986,0.0411685
308.5,1,278.12,0.0376622
308,1,277.254,0.0376085
307.5,1,276.388,0.0382955
307,1,275.522,0.0385313
306.5,1,274.656,0.0382513
306,1,273.79,0.0376183
305.5,1,272.924,0.0369821
305,1,272.058,0.0363318
304.5,1,271.192,0.0349768
304,1,270.326,0.0336662
303.5,1,269.46,0.0323973
303,1,268.594,0.0317457
302.5,1,267.728,0.031217
302,1,266.862,0.0307577
301.5,1,265.996,0.0304466
301,1,265.13,0.0302718
300.5,1,264.263,0.0302288
300,1,263.397,0.0302364
299.5,1,262.531,0.0301639
299,1,261.665,0.0299347
298.5,1,260.799,0.0296306
298,1,259.933,0.0292895
297.5,1,259.067,0.0289933
297,1,258.201,0.0286654
296.5,1,257.335,0.0280587
296,1,256.469,0.0274049
295.5,1,255.603,0.0267742
295,1,254.737,0.0256116
294.5,1,253.871,0.0245272
294,1,253.005,0.0235208
293.5,1,252.139,0.0216353
293,1,251.273,0.0197762
292.5,1,250.407,0.0180427
292,1,249.541,0.0167389
291.5,1,248.675,0.0155686
291,1,247.809,0.0143947
290.5,1,246.943,0.0137556
290,1,246.077,0.0134724
289.5,1,245.211,0.0132126
289,1,244.345,0.0130241
288.5,1,243.479,0.0129085
288,1,242.613,0.0127991
287.5,1,241.747,0.012728
287,1,240.881,0.0127576
286.5,1,240.015,0.0128046
286,1,239.149,0.0128711
285.5,1,238.283,0.0129487
285,1,237.417,0.0130109
284.5,1,236.551,0.01307
284,1,235.685,0.0130945
283.5,1,234.819,0.0131126
283,1,233.953,0.0131249
282.5,1,233.087,0.0131536
282,1,232.221,0.0131943
281.5,1,231.355,0.0132388
281,1,230.488,0.0132514
280.5,1,229.622,0.013256
280,1,228.756,0.013283
279.5,1,227.89,0.0133954
279,1,227.024,0.0135847
278.5,1,226.158,0.0137942
278,1,225.292,0.0139821
277.5,1,224.426,0.0140928
277,1,223.56,0.0141947
276.5,1,222.694,0.0142916
276,1,221.828,0.0144047
275.5,1,220.962,0.0145082
275,1,220.096,0.0146005
274.5,1,219.23,0.0146078
274,1,218.364,0.0146146
273.5,1,217.498,0.0146251
273,1,216.632,0.0147379
272.5,1,215.766,0.014866
272,1,214.9,0.014992
271.5,1,214.034,0.0149801
271,1,213.168,0.014922
270.5,1,212.302,0.0148693
270,1,211.436,0.0148568
269.5,1,210.57,0.0148709
269,1,209.704,0.0148714
268.5,1,208.838,0.0148423
268,1,207.972,0.0147855
267.5,1,207.106,0.0147371
267,1,206.24,0.0147071
266.5,1,205.374,0.0147069
266,1,204.508,0.0146977
265.5,1,203.642,0.0146805
265,1,202.776,0.0146467
264.5,1,201.91,0.0146231
264,1,201.044,0.0146096
263.5,1,200.178,0.0146228
263,1,199.312,0.0146241
262.5,1,198.446,0.0146104
262,1,197.58,0.0146477
261.5,1,196.714,0.0147222
261,1,195.847,0.0148166
260.5,1,194.981,0.0148213
260,1,194.115,0.0147523
259.5,1,193.249,0.0146714
259,1,192.383,0.0146972
258.5,1,191.517,0.0148735
258,1,190.651,0.0150536
257.5,1,189.785,0.0151376
257,1,188.919,0.0149824
256.5,1,188.053,0.0148206
256,1,187.187,0.0147196
255.5,1,186.321,0.0150491
255,1,185.455,0.0153782
254.5,1,184.589,0.0157043
254,1,183.723,0.0155128
253.5,1,182.857,0.0153047
253,1,181.991,0.0150913
252.5,1,181.125,0.0153192
252,1,180.259,0.0156355
251.5,1,179.393,0.0159432
251,1,178.527,0.015824
250.5,1,177.661,0.0154916
250,1,176.795,0.0151634
249.5,1,175.929,0.0151738
249,1,175.063,0.0154879
248.5,1,174.197,0.0157824
248,1,173.331,0.0158968
247.5,1,172.465,0.0157046
247,1,171.599,0.0155111
246.5,1,170.733,0.0153922
246,1,169.867,0.0155461
245.5,1,169.001,0.0157056
245,1,168.135,0.0158613
244.5,1,167.269,0.0157504
244,1,166.403,0.015641
243.5,1,165.537,0.0155348
243,1,164.671,0.0156276
242.5,1,163.805,0.015746
242,1,162.939,0.0158622
241.5,1,162.072,0.0158332
241,1,161.206,0.0157566
240.5,1,160.34,0.0156854
240,1,159.474,0.015695
239.5,1,158.608,0.0157636
239,1,157.742,0.0158214
238.5,1,156.876,0.015812
238,1,156.01,0.0157183
237.5,1,155.144,0.015627
237,1,154.278,0.0155709
236.5,1,153.412,0.0156185
236,1,152.546,0.0156692
235.5,1,151.68,0.0157131
235,1,150.814,0.0156304
234.5,1,149.948,0.0155502
234,1,149.082,0.0154725
233.5,1,148.216,0.0155086
233,1,147.35,0.0155555
232.5,1,146.484,0.0156026
232,1,145.618,0.0155459
231.5,1,144.752,0.0154613
231,1,143.886,0.0153803
230.5,1,143.02,0.0154377
230,1,142.154,0.0155694
229.5,1,141.288,0.0156951
229,1,140.422,0.0157231
228.5,1,139.556,0.0156429
228,1,138.69,0.0155626
227.5,1,137.824,0.0155256
227,1,136.958,0.0155772
226.5,1,136.092,0.0156209
226,1,135.226,0.0156422
225.5,1,134.36,0.0155804
225,1,133.494,0.0155278
224.5,1,132.628,0.0154831
224,1,131.762,0.0155541
223.5,1,130.896,0.0156184
223,1,130.03,0.0156744
222.5,1,129.164,0.0156052
222,1,128.297,0.0155128
221.5,1,127.431,0.0154221
221,1,126.565,0.0153834
220.5,1,125.699,0.0153654
220,1,124.833,0.0153433
219.5,1,123.967,0.0152946
219,1,123.101,0.0152241
218.5,1,122.235,0.0151568
218,1,121.369,0.0151122
217.5,1,120.503,0.0151008
217,1,119.637,0.0150883
216.5,1,118.771,0.0150599
216,1,117.905,0.0149778
215.5,1,117.039,0.0148958
215,1,116.173,0.0148172
214.5,1,115.307,0.0148088
214,1,114.441,0.0148018
213.5,1,113.575,0.0147949
213,1,112.709,0.0147513
212.5,1,111.843,0.0147037
212,1,110.977,0.0146569
211.5,1,110.111,0.0146555
211,1,109.245,0.0146726
210.5,1,108.379,0.0146921
210,1,107.513,0.0146606
209.5,1,106.647,0.014589
209,1,105.781,0.0145168
208.5,1,104.915,0.0144933
208,1,104.049,0.0145394
207.5,1,103.183,0.0145865
207,1,102.317,0.0146085
206.5,1,101.451,0.0145558
206,1,100.585,0.0145053
205.5,1,99.7187,0.0144696
205,1,98.8526,0.0145451
204.5,1,97.9866,0.0146188
204,1,97.1206,0.0146906
203.5,1,96.2546,0.0145948
203,1,95.3885,0.0144912
202.5,1,94.5225,0.0143903
202,1,93.6565,0.0144079
201.5,1,92.7905,0.0144542
201,1,91.9244,0.0144971
200.5,1,91.0584,0.0144565
200,1,90.1924,0.0143704
