x,y,z,b
500,1,609.808,0.0128718
499.5,1,608.942,0.012766
499,1,608.076,0.0127493
498.5,1,607.21,0.0128475
498,1,606.344,0.0129251
497.5,1,605.477,0.0129729
497,1,604.611,0.0129859
496.5,1,603.745,0.0130103
496,1,602.879,0.0130422
495.5,1,602.013,0.01304
495,1,601.147,0.0130291
494.5,1,600.281,0.0130095
494,1,599.415,0.012985
493.5,1,598.549,0.012962
493,1,597.683,0.0129389
492.5,1,596.817,0.0128772
492,1,595.951,0.0127986
491.5,1,595.085,0.0127159
491,1,594.219,0.0126659
490.5,1,593.353,0.0126401
490,1,592.487,0.0126135
489.5,1,591.621,0.0125888
489,1,590.755,0.0125647
488.5,1,589.889,0.0125366
488,1,589.023,0.0125235
487.5,1,588.157,0.0125583
487,1,587.291,0.0125888
486.5,1,586.425,0.0126126
486,1,585.559,0.0126174
485.5,1,584.693,0.0126244
485,1,583.827,0.0126309
484.5,1,582.961,0.0127377
484,1,582.095,0.0128526
483.5,1,581.229,0.0129711
483,1,580.363,0.0131057
482.5,1,579.497,0.0132432
482,1,578.631,0.0133814
481.5,1,577.765,0.0135621
481,1,576.899,0.0137666
480.5,1,576.033,0.0139716
480,1,575.167,0.0141404
479.5,1,574.301,0.0142728
479,1,573.435,0.0144117
478.5,1,572.569,0.0145301
478,1,571.703,0.0145951
477.5,1,570.836,0.0146624
477,1,569.97,0.0147145
476.5,1,569.104,0.0146847
476,1,568.238,0.0146569
475.5,1,567.372,0.0146315
475,1,566.506,0.0146206
474.5,1,565.64,0.0146103
474,1,564.774,0.0146031
473.5,1,563.908,0.0146405
473,1,563.042,0.0146831
472.5,1,562.176,0.0147236
472,1,561.31,0.0147909
471.5,1,560.444,0.0148685
471,1,559.578,0.0149428
470.5,1,558.712,0.0149996
470,1,557.846,0.0150411
469.5,1,556.98,0.0150799
469,1,556.114,0.0151125
468.5,1,555.248,0.0151277
468,1,554.382,0.0151399
467.5,1,553.516,0.0151468
467,1,552.65,0.0151386
466.5,1,551.784,0.0151269
466,1,550.918,0.0151107
465.5,1,550.052,0.0150859
465,1,549.186,0.0150543
464.5,1,548.32,0.015016
464,1,547.454,0.0149833
463.5,1,546.588,0.0149484
463,1,545.722,0.0149209
462.5,1,544.856,0.0148763
462,1,543.99,0.0148132
461.5,1,543.124,0.0147362
461,1,542.258,0.0146755
460.5,1,541.392,0.0146374
460,1,540.526,0.0146081
459.5,1,539.66,0.0145634
459,1,538.794,0.0144871
458.5,1,537.928,0.0143894
458,1,537.061,0.0142924
457.5,1,536.195,0.0142724
457,1,535.329,0.0142425
456.5,1,534.463,0.0142069
456,1,533.597,0.0141961
455.5,1,532.731,0.0141804
455,1,531.865,0.0141764
454.5,1,530.999,0.0142139
454,1,530.133,0.0142477
453.5,1,529.267,0.0142766
453,1,528.401,0.0143389
452.5,1,527.535,0.0144123
452,1,526.669,0.0145038
451.5,1,525.803,0.0146028
451,1,524.937,0.0147027
450.5,1,524.071,0.0147987
450,1,523.205,0.0149012
449.5,1,522.339,0.0150232
449,1,521.473,0.0151514
448.5,1,520.607,0.0152722
448,1,519.741,0.0153785
447.5,1,518.875,0.0154892
447,1,518.009,0.0155879
446.5,1,517.143,0.0156024
446,1,516.277,0.0155993
445.5,1,515.411,0.0155758
445,1,514.545,0.0154135
444.5,1,513.679,0.0152477
444,1,512.813,0.0150897
443.5,1,511.947,0.0151492
443,1,511.081,0.0152539
442.5,1,510.215,0.0153721
442,1,509.349,0.0154727
441.5,1,508.483,0.0155617
441,1,507.617,0.0156449
440.5,1,506.751,0.0157884
440,1,505.885,0.0159911
439.5,1,505.019,0.0161985
439,1,504.153,0.0164325
438.5,1,503.286,0.0167026
438,1,502.42,0.0169754
437.5,1,501.554,0.017261
437,1,500.688,0.0175726
436.5,1,499.822,0.0178773
436,1,498.956,0.0181574
435.5,1,498.09,0.0182957
435,1,497.224,0.0184235
434.5,1,496.358,0.0185406
434,1,495.492,0.0185862
433.5,1,494.626,0.0186174
433,1,493.76,0.0186417
432.5,1,492.894,0.018505
432,1,492.028,0.0183153
431.5,1,491.162,0.0181207
431,1,490.296,0.0179223
430.5,1,489.43,0.0177234
430,1,488.564,0.0175361
429.5,1,487.698,0.0173355
429,1,486.832,0.0171169
428.5,1,485.966,0.0168983
428,1,485.1,0.016702
427.5,1,484.234,0.0165835
427,1,483.368,0.01648
426.5,1,482.502,0.0163939
426,1,481.636,0.0163551
425.5,1,480.77,0.0163321
425,1,479.904,0.0163561
424.5,1,479.038,0.0175734
424,1,478.172,0.0188806
423.5,1,477.306,0.0202508
423,1,476.44,0.0213209
422.5,1,475.574,0.0222715
422,1,474.708,0.0231091
421.5,1,473.842,0.0234627
421,1,472.976,0.0235721
420.5,1,472.11,0.0236744
420,1,471.244,0.0245457
419.5,1,470.378,0.0264994
419,1,469.512,0.0288364
418.5,1,468.645,0.0307434
418,1,467.779,0.0314173
417.5,1,466.913,0.0321251
417,1,466.047,0.0330563
416.5,1,465.181,0.0345034
416,1,464.315,0.0359463
415.5,1,463.449,0.0363713
415,1,462.583,0.036923
414.5,1,461.717,0.0375247
414,1,460.851,0.0380586
413.5,1,459.985,0.0385793
413,1,459.119,0.0375475
412.5,1,458.253,0.0374507
412,1,457.387,0.0382284
411.5,1,456.521,0.0392888
411,1,455.655,0.0400526
410.5,1,454.789,0.041296
410,1,453.923,0.0429239
409.5,1,453.057,0.0446284
409,1,452.191,0.0455721
408.5,1,451.325,0.0465204
408,1,450.459,0.0472409
407.5,1,449.593,0.0479655
407,1,448.727,0.0483401
406.5,1,447.861,0.0480873
406,1,446.995,0.0481244
405.5,1,446.129,0.0483638
405,1,445.263,0.0486392
404.5,1,444.397,0.0489506
404,1,443.531,0.0487304
403.5,1,442.665,0.0481597
403,1,441.799,0.0480782
402.5,1,440.933,0.0480473
402,1,440.067,0.0480325
401.5,1,439.201,0.0479558
401,1,438.335,0.0480022
400.5,1,437.469,0.0454686
400,1,436.603,0.0446087
399.5,1,435.737,0.0440516
399,1,434.87,0.0435592
398.5,1,434.004,0.0419796
398,1,433.138,0.0408294
397.5,1,432.272,0.0425309
397,1,431.406,0.044997
396.5,1,430.54,0.0467276
396,1,429.674,0.0500134
395.5,1,428.808,0.0526036
395,1,427.942,0.0539452
394.5,1,427.076,0.0542706
394,1,426.21,0.0542511
393.5,1,425.344,0.0541345
393,1,424.478,0.053902
392.5,1,423.612,0.0532506
392,1,422.746,0.0515115
391.5,1,421.88,0.0495617
391,1,421.014,0.047423
390.5,1,420.148,0.0458953
390,1,419.282,0.0444349
389.5,1,418.416,0.043042
389,1,417.55,0.0444554
388.5,1,416.684,0.0459724
388,1,415.818,0.0473959
387.5,1,414.952,0.0478364
387,1,414.086,0.0482539
386.5,1,413.22,0.0481494
386,1,412.354,0.0482511
385.5,1,411.488,0.0485915
385,1,410.622,0.0499933
384.5,1,409.756,0.0517813
384,1,408.89,0.0520341
383.5,1,408.024,0.0524277
383,1,407.158,0.0527204
382.5,1,406.292,0.0525
382,1,405.426,0.0522625
381.5,1,404.56,0.052008
381,1,403.694,0.0517363
380.5,1,402.828,0.0514476
380,1,401.962,0.0511273
379.5,1,401.095,0.0514254
379,1,400.229,0.0516581
378.5,1,399.363,0.051818
378,1,398.497,0.0519051
377.5,1,397.631,0.0519194
377,1,396.765,0.0518611
376.5,1,395.899,0.0516748
376,1,395.033,0.0512618
375.5,1,394.167,0.0506238
375,1,393.301,0.0497609
374.5,1,392.435,0.0487676
374,1,391.569,0.0480179
373.5,1,390.703,0.0472398
373,1,389.837,0.0464076
372.5,1,388.971,0.0455478
372,1,388.105,0.0446606
371.5,1,387.239,0.0437458
371,1,386.373,0.0428035
370.5,1,385.507,0.0418484
370,1,384.641,0.0411439
369.5,1,383.775,0.0403617
369,1,382.909,0.0396611
368.5,1,382.043,0.039352
368,1,381.177,0.0390608
367.5,1,380.311,0.0387876
367,1,379.445,0.0389755
366.5,1,378.579,0.0393487
366,1,377.713,0.0397451
365.5,1,376.847,0.0401647
365,1,375.981,0.0406076
364.5,1,375.115,0.0410737
364,1,374.249,0.0414035
363.5,1,373.383,0.0413715
363,1,372.517,0.0411926
362.5,1,371.651,0.0411065
362,1,370.785,0.0411132
361.5,1,369.919,0.0412128
361,1,369.053,0.0414518
360.5,1,368.187,0.0421381
360,1,367.321,0.0428136
359.5,1,366.454,0.0434783
359,1,365.588,0.0441323
358.5,1,364.722,0.0447754
358,1,363.856,0.0453832
357.5,1,362.99,0.0454018
357,1,362.124,0.0452883
356.5,1,361.258,0.0451806
356,1,360.392,0.0450788
355.5,1,359.526,0.0449829
355,1,358.66,0.044893
354.5,1,357.794,0.044781
354,1,356.928,0.0446361
353.5,1,356.062,0.044487
353,1,355.196,0.0443336
352.5,1,354.33,0.0440157
352,1,353.464,0.0433854
351.5,1,352.598,0.0424381
351,1,351.732,0.0407118
350.5,1,350.866,0.0390683
350,1,350,0.0375077
349.5,1,349.134,0.0355422
349,1,348.268,0.0342814
348.5,1,347.402,0.0336912
348,1,346.536,0.0334198
347.5,1,345.67,0.0332549
347,1,344.804,0.0333359
346.5,1,343.938,0.0328904
346,1,343.072,0.0327951
345.5,1,342.206,0.0326169
345,1,341.34,0.0322631
344.5,1,340.474,0.0315716
344,1,339.608,0.0288692
343.5,1,338.742,0.0262282
343,1,337.876,0.023797
342.5,1,337.01,0.0229019
342,1,336.144,0.0216428
341.5,1,335.278,0.0205747
341,1,334.412,0.0207907
340.5,1,333.546,0.0209634
340,1,332.679,0.0214492
339.5,1,331.813,0.0224027
339,1,330.947,0.0227444
338.5,1,330.081,0.0219844
338,1,329.215,0.022101
337.5,1,328.349,0.0228285
337,1,327.483,0.0234405
336.5,1,326.617,0.0239101
336,1,325.751,0.024427
335.5,1,324.885,0.0254386
335,1,324.019,0.0262037
334.5,1,323.153,0.0271614
334,1,322.287,0.0281815
333.5,1,321.421,0.0294301
333,1,320.555,0.0315281
332.5,1,319.689,0.033128
332,1,318.823,0.0343206
331.5,1,317.957,0.0359658
331,1,317.091,0.0396694
330.5,1,316.225,0.038814
330,1,315.359,0.0388241
329.5,1,314.493,0.0404313
329,1,313.627,0.0424189
328.5,1,312.761,0.0440679
328,1,311.895,0.0455299
327.5,1,311.029,0.0471156
327,1,310.163,0.0466657
326.5,1,309.297,0.04702
326,1,308.431,0.0486455
325.5,1,307.565,0.0496246
325,1,306.699,0.0529061
324.5,1,305.833,0.0553534
324,1,304.967,0.0575638
323.5,1,304.101,0.0598156
323,1,303.235,0.0613954
322.5,1,302.369,0.0620606
322,1,301.503,0.0624061
321.5,1,300.637,0.0642386
321,1,299.771,0.0649907
320.5,1,298.905,0.0652685
320,1,298.038,0.0652779
319.5,1,297.172,0.065359
319,1,296.306,0.0646697
318.5,1,295.44,0.0628335
318,1,294.574,0.0606203
317.5,1,293.708,0.058353
317,1,292.842,0.0537873
316.5,1,291.976,0.0562991
316,1,291.11,0.0572325
315.5,1,290.244,0.0635395
315,1,289.378,0.0695739
314.5,1,288.512,0.0746269
314,1,287.646,0.0767632
313.5,1,286.78,0.0782434
313,1,285.914,0.0789925
312.5,1,285.048,0.0771374
312,1,284.182,0.0730851
311.5,1,283.316,0.072145
311,1,282.45,0.0712473
310.5,1,281.584,0.0703908
310,1,280.718,0.0695468
309.5,1,279.852,0.0687259
309,1,278.986,0.0679278
308.5,1,278.12,0.0716468
308,1,277.254,0.0721544
307.5,1,276.388,0.0689767
307,1,275.522,0.0662244
306.5,1,274.656,0.065009
306,1,273.79,0.0647914
305.5,1,272.924,0.0650382
305,1,272.058,0.0657391
304.5,1,271.192,0.062104
304,1,270.326,0.057436
303.5,1,269.46,0.052884
303,1,268.594,0.0485885
302.5,1,267.728,0.0449615
302,1,266.862,0.0422227
301.5,1,265.996,0.0398736
301,1,265.13,0.0375761
300.5,1,264.263,0.0355762
300,1,263.397,0.0345068
299.5,1,262.531,0.0339467
299,1,261.665,0.0334978
298.5,1,260.799,0.0335576
298,1,259.933,0.0342136
297.5,1,259.067,0.0345115
297,1,258.201,0.0346097
296.5,1,257.335,0.0352632
296,1,256.469,0.035864
295.5,1,255.603,0.0360677
295,1,254.737,0.0351522
294.5,1,253.871,0.034211
294,1,253.005,0.0332441
293.5,1,252.139,0.0317386
293,1,251.273,0.030128
292.5,1,250.407,0.0284611
292,1,249.541,0.0265954
291.5,1,248.675,0.0246697
291,1,247.809,0.0229427
290.5,1,246.943,0.0216388
290,1,246.077,0.020437
289.5,1,245.211,0.0192618
289,1,244.345,0.018174
288.5,1,243.479,0.0171921
288,1,242.613,0.0166219
287.5,1,241.747,0.0161406
287,1,240.881,0.01577
286.5,1,240.015,0.0154724
286,1,239.149,0.0152374
285.5,1,238.283,0.0150562
285,1,237.417,0.0149507
284.5,1,236.551,0.0148416
284,1,235.685,0.0147297
283.5,1,234.819,0.0146236
283,1,233.953,0.0145237
282.5,1,233.087,0.014409
282,1,232.221,0.0142986
281.5,1,231.355,0.0142018
281,1,230.488,0.0142903
280.5,1,229.622,0.0144714
280,1,228.756,0.014639
279.5,1,227.89,0.0147212
279,1,227.024,0.01473
278.5,1,226.158,0.0147369
278,1,225.292,0.0147605
277.5,1,224.426,0.0148182
277,1,223.56,0.0148659
276.5,1,222.694,0.0149021
276,1,221.828,0.0148954
275.5,1,220.962,0.0148961
275,1,220.096,0.0149038
274.5,1,219.23,0.0148951
274,1,218.364,0.0148746
273.5,1,217.498,0.0148461
273,1,216.632,0.0148461
272.5,1,215.766,0.0148625
272,1,214.9,0.0148915
271.5,1,214.034,0.0149419
271,1,213.168,0.0149735
270.5,1,212.302,0.0149776
270,1,211.436,0.0149323
269.5,1,210.57,0.0148866
269,1,209.704,0.0148966
268.5,1,208.838,0.0149485
268,1,207.972,0.0149735
267.5,1,207.106,0.0149621
267,1,206.24,0.0149331
266.5,1,205.374,0.0149799
266,1,204.508,0.0150693
265.5,1,203.642,0.0151768
265,1,202.776,0.0150756
264.5,1,201.91,0.0149423
264,1,201.044,0.0147769
263.5,1,200.178,0.0146749
263,1,199.312,0.0146134
262.5,1,198.446,0.014585
262,1,197.58,0.0146969
261.5,1,196.714,0.014811
261,1,195.847,0.0148851
260.5,1,194.981,0.0149036
260,1,194.115,0.014899
259.5,1,193.249,0.0148879
259,1,192.383,0.0148436
258.5,1,191.517,0.0147571
258,1,190.651,0.0146645
257.5,1,189.785,0.0146314
257,1,188.919,0.0147602
256.5,1,188.053,0.0149092
256,1,187.187,0.0150583
255.5,1,186.321,0.0150826
255,1,185.455,0.0150969
254.5,1,184.589,0.0150964
254,1,183.723,0.0153308
253.5,1,182.857,0.0155963
253,1,181.991,0.0158875
252.5,1,181.125,0.0159001
252,1,180.259,0.0158278
251.5,1,179.393,0.0157325
251,1,178.527,0.015821
250.5,1,177.661,0.0160192
250,1,176.795,0.0162229
249.5,1,175.929,0.0162956
249,1,175.063,0.0162367
248.5,1,174.197,0.0161659
248,1,173.331,0.0161437
247.5,1,172.465,0.0162647
247,1,171.599,0.0163954
246.5,1,170.733,0.0165154
246,1,169.867,0.0164974
245.5,1,169.001,0.0164675
245,1,168.135,0.0164168
244.5,1,167.269,0.0161138
244,1,166.403,0.0158842
243.5,1,165.537,0.0157395
243,1,164.671,0.0158549
242.5,1,163.805,0.0159557
242,1,162.939,0.0160091
241.5,1,162.072,0.0160586
241,1,161.206,0.0161471
240.5,1,160.34,0.0162683
240,1,159.474,0.0163108
239.5,1,158.608,0.0162358
239,1,157.742,0.0160975
238.5,1,156.876,0.0159375
238,1,156.01,0.0158021
237.5,1,155.144,0.0156606
237,1,154.278,0.0154884
236.5,1,153.412,0.015256
236,1,152.546,0.0150729
235.5,1,151.68,0.0149573
235,1,150.814,0.0152874
234.5,1,149.948,0.0155806
234,1,149.082,0.015837
233.5,1,148.216,0.0155482
233,1,147.35,0.0152318
232.5,1,146.484,0.0149274
232,1,145.618,0.0150161
231.5,1,144.752,0.0151899
231,1,143.886,0.0153334
230.5,1,143.02,0.0152783
230,1,142.154,0.0151428
229.5,1,141.288,0.0150464
229,1,140.422,0.0150567
228.5,1,139.556,0.0151284
228,1,138.69,0.0151645
227.5,1,137.824,0.0151914
227,1,136.958,0.015333
226.5,1,136.092,0.0155291
226,1,135.226,0.015722
225.5,1,134.36,0.0155544
225,1,133.494,0.0153093
224.5,1,132.628,0.014977
224,1,131.762,0.0153644
223.5,1,130.896,0.0158256
223,1,130.03,0.0163519
222.5,1,129.164,0.0163459
222,1,128.297,0.0161959
221.5,1,127.431,0.0160154
221,1,126.565,0.0161016
220.5,1,125.699,0.0163512
220,1,124.833,0.0166283
219.5,1,123.967,0.0166786
219,1,123.101,0.0164801
218.5,1,122.235,0.0162568
218,1,121.369,0.0161515
217.5,1,120.503,0.0163117
217,1,119.637,0.0164932
216.5,1,118.771,0.0165944
216,1,117.905,0.0162955
215.5,1,117.039,0.0159919
215,1,116.173,0.0157079
214.5,1,115.307,0.0159567
214,1,114.441,0.0162083
213.5,1,113.575,0.0164629
213,1,112.709,0.0162531
212.5,1,111.843,0.0159825
212,1,110.977,0.015711
211.5,1,110.111,0.0156821
211,1,109.245,0.0157329
210.5,1,108.379,0.0157709
210,1,107.513,0.0157195
209.5,1,106.647,0.0156226
209,1,105.781,0.0155438
208.5,1,104.915,0.015525
208,1,104.049,0.0155615
207.5,1,103.183,0.0155869
207,1,102.317,0.0155943
206.5,1,101.451,0.0155835
206,1,100.585,0.0155773
205.5,1,99.7187,0.0155797
205,1,98.8526,0.0155486
204.5,1,97.9866,0.0155104
204,1,97.1206,0.0154652
203.5,1,96.2546,0.0154605
203,1,95.3885,0.015461
202.5,1,94.5225,0.0154682
202,1,93.6565,0.0154558
201.5,1,92.7905,0.0154342
201,1,91.9244,0.0154096
200.5,1,91.0584,0.0154151
200,1,90.1924,0.0154461
