x,y,z,b
500,1,609.808,0.0115863
499.5,1,608.942,0.0115944
499,1,608.076,0.0115903
498.5,1,607.21,0.0115676
498,1,606.344,0.011547
497.5,1,605.477,0.0115378
497,1,604.611,0.0115628
496.5,1,603.745,0.0115873
496,1,602.879,0.0116096
495.5,1,602.013,0.0116205
495,1,601.147,0.0116326
494.5,1,600.281,0.0116458
494,1,599.415,0.0116331
493.5,1,598.549,0.0116179
493,1,597.683,0.0115989
492.5,1,596.817,0.0115925
492,1,595.951,0.0115907
491.5,1,595.085,0.0115895
491,1,594.219,0.0115946
490.5,1,593.353,0.0116009
490,1,592.487,0.0116052
489.5,1,591.621,0.0116066
489,1,590.755,0.0116039
488.5,1,589.889,0.0116002
488,1,589.023,0.0115911
487.5,1,588.157,0.0115673
487,1,587.291,0.0115423
486.5,1,586.425,0.0115199
486,1,585.559,0.0115248
485.5,1,584.693,0.0115266
485,1,583.827,0.011526
484.5,1,582.961,0.0114964
484,1,582.095,0.0114734
483.5,1,581.229,0.0114584
483,1,580.363,0.0115611
482.5,1,579.497,0.0116934
482,1,578.631,0.0118228
481.5,1,577.765,0.0119347
481,1,576.899,0.0120508
480.5,1,576.033,0.0121767
480,1,575.167,0.0122435
479.5,1,574.301,0.0122314
479,1,573.435,0.0122104
478.5,1,572.569,0.0121838
478,1,571.703,0.0121601
477.5,1,570.836,0.0121372
477,1,569.97,0.0121184
476.5,1,569.104,0.0121132
476,1,568.238,0.0121021
475.5,1,567.372,0.0120855
475,1,566.506,0.0121057
474.5,1,565.64,0.012136
474,1,564.774,0.0121798
473.5,1,563.908,0.012148
473,1,563.042,0.0121062
472.5,1,562.176,0.0120688
472,1,561.31,0.0121824
471.5,1,560.444,0.0123528
471,1,559.578,0.0125129
470.5,1,558.712,0.0126013
470,1,557.846,0.0126411
469.5,1,556.98,0.0126873
469,1,556.114,0.0127731
468.5,1,555.248,0.0128961
468,1,554.382,0.0129997
467.5,1,553.516,0.0130579
467,1,552.65,0.0130221
466.5,1,551.784,0.0129934
466,1,550.918,0.0129763
465.5,1,550.052,0.0130202
465,1,549.186,0.0130539
464.5,1,548.32,0.0130774
464,1,547.454,0.0130942
463.5,1,546.588,0.0131211
463,1,545.722,0.0131592
462.5,1,544.856,0.0131967
462,1,543.99,0.0132246
461.5,1,543.124,0.013244
461,1,542.258,0.013274
460.5,1,541.392,0.0133113
460,1,540.526,0.0133423
459.5,1,539.66,0.0133791
459,1,538.794,0.0134224
458.5,1,537.928,0.0134561
458,1,537.061,0.013487
457.5,1,536.195,0.013541
457,1,535.329,0.0135978
456.5,1,534.463,0.0136477
456,1,533.597,0.0136342
455.5,1,532.731,0.0136255
455,1,531.865,0.0136309
454.5,1,530.999,0.0136228
454,1,530.133,0.0136252
453.5,1,529.267,0.013639
453,1,528.401,0.0136926
452.5,1,527.535,0.0137802
452,1,526.669,0.0138969
451.5,1,525.803,0.0140585
451,1,524.937,0.0142189
450.5,1,524.071,0.0143552
450,1,523.205,0.0144337
449.5,1,522.339,0.0144613
449,1,521.473,0.0144794
448.5,1,520.607,0.0144971
448,1,519.741,0.0145281
447.5,1,518.875,0.014565
447,1,518.009,0.0146297
446.5,1,517.143,0.0147972
446,1,516.277,0.0149648
445.5,1,515.411,0.0151305
445,1,514.545,0.0152007
444.5,1,513.679,0.0152685
444,1,512.813,0.0153381
443.5,1,511.947,0.0153773
443,1,511.081,0.0154287
442.5,1,510.215,0.0154991
442,1,509.349,0.0157425
441.5,1,508.483,0.0161074
441,1,507.617,0.016539
440.5,1,506.751,0.0172776
440,1,505.885,0.0182311
439.5,1,505.019,0.0191814
439,1,504.153,0.0201675
438.5,1,503.286,0.02116
438,1,502.42,0.0221213
437.5,1,501.554,0.0230268
437,1,500.688,0.023782
436.5,1,499.822,0.0245089
436,1,498.956,0.025195
435.5,1,498.09,0.0257248
435,1,497.224,0.0262401
434.5,1,496.358,0.026741
434,1,495.492,0.0272323
433.5,1,494.626,0.0276989
433,1,493.76,0.0281336
432.5,1,492.894,0.0285355
432,1,492.028,0.0288965
431.5,1,491.162,0.0292161
431,1,490.296,0.0295465
430.5,1,489.43,0.0299185
430,1,488.564,0.0303756
429.5,1,487.698,0.0309507
429,1,486.832,0.0316823
428.5,1,485.966,0.0324832
428,1,485.1,0.0332168
427.5,1,484.234,0.0335229
427,1,483.368,0.03369
426.5,1,482.502,0.0336933
426,1,481.636,0.0333891
425.5,1,480.77,0.0330156
425,1,479.904,0.0326149
424.5,1,479.038,0.0324171
424,1,478.172,0.0321999
423.5,1,477.306,0.0319589
423,1,476.44,0.0321719
422.5,1,475.574,0.032969
422,1,474.708,0.0324853
421.5,1,473.842,0.0318597
421,1,472.976,0.0311034
420.5,1,472.11,0.0304922
420,1,471.244,0.0300337
419.5,1,470.378,0.0297281
419,1,469.512,0.0295753
418.5,1,468.645,0.0295753
418,1,467.779,0.0295873
417.5,1,466.913,0.0294524
417,1,466.047,0.0292888
416.5,1,465.181,0.0291145
416,1,464.315,0.0289295
415.5,1,463.449,0.0287337
415,1,462.583,0.0285272
414.5,1,461.717,0.0283894
414,1,460.851,0.0284104
413.5,1,459.985,0.0285222
413,1,459.119,0.0274494
412.5,1,458.253,0.0267588
412,1,457.387,0.0269658
411.5,1,456.521,0.0275921
411,1,455.655,0.028421
410.5,1,454.789,0.0300988
410,1,453.923,0.0325198
409.5,1,453.057,0.0357718
409,1,452.191,0.0369167
408.5,1,451.325,0.038063
408,1,450.459,0.0389153
407.5,1,449.593,0.0395842
407,1,448.727,0.0403461
406.5,1,447.861,0.0411214
406,1,446.995,0.0418772
405.5,1,446.129,0.0426135
405,1,445.263,0.0436972
404.5,1,444.397,0.0441948
404,1,443.531,0.0448627
403.5,1,442.665,0.0457085
403,1,441.799,0.0465694
402.5,1,440.933,0.0473974
402,1,440.067,0.0482701
401.5,1,439.201,0.0491415
401,1,438.335,0.0509087
400.5,1,437.469,0.0549518
400,1,436.603,0.0567866
399.5,1,435.737,0.0586692
399,1,434.87,0.0557745
398.5,1,434.004,0.0568599
398,1,433.138,0.0587108
397.5,1,432.272,0.063279
397,1,431.406,0.0693466
396.5,1,430.54,0.0714951
396,1,429.674,0.0725553
395.5,1,428.808,0.0723634
395,1,427.942,0.0712016
394.5,1,427.076,0.0697877
394,1,426.21,0.074677
393.5,1,425.344,0.0746351
393,1,424.478,0.0720169
392.5,1,423.612,0.0686755
392,1,422.746,0.0652813
391.5,1,421.88,0.063588
391,1,421.014,0.0628417
390.5,1,420.148,0.0626009
390,1,419.282,0.0621592
389.5,1,418.416,0.0613249
389,1,417.55,0.0603237
388.5,1,416.684,0.0594115
388,1,415.818,0.0589098
387.5,1,414.952,0.0594864
387,1,414.086,0.0607256
386.5,1,413.22,0.0620534
386,1,412.354,0.0628824
385.5,1,411.488,0.0651124
385,1,410.622,0.0654384
384.5,1,409.756,0.0658333
384,1,408.89,0.0662537
383.5,1,408.024,0.0667682
383,1,407.158,0.0670321
382.5,1,406.292,0.0677832
382,1,405.426,0.068342
381.5,1,404.56,0.0688
381,1,403.694,0.0695717
380.5,1,402.828,0.0704445
380,1,401.962,0.0712643
379.5,1,401.095,0.0709831
379,1,400.229,0.0723213
378.5,1,399.363,0.0741206
378,1,398.497,0.0759012
377.5,1,397.631,0.0779667
377,1,396.765,0.0793163
376.5,1,395.899,0.0800517
376,1,395.033,0.0802264
375.5,1,394.167,0.0812855
375,1,393.301,0.0823975
374.5,1,392.435,0.0835287
374,1,391.569,0.086076
373.5,1,390.703,0.087019
373,1,389.837,0.0884546
372.5,1,388.971,0.0904891
372,1,388.105,0.0918424
371.5,1,387.239,0.0930867
371,1,386.373,0.0937582
370.5,1,385.507,0.0941152
370,1,384.641,0.0945088
369.5,1,383.775,0.0950705
369,1,382.909,0.0956259
368.5,1,382.043,0.0963971
368,1,381.177,0.0974509
367.5,1,380.311,0.0985755
367,1,379.445,0.0988169
366.5,1,378.579,0.0981689
366,1,377.713,0.096292
365.5,1,376.847,0.0942466
365,1,375.981,0.0925034
364.5,1,375.115,0.0830321
364,1,374.249,0.0705196
363.5,1,373.383,0.0611273
363,1,372.517,0.0537172
362.5,1,371.651,0.0584832
362,1,370.785,0.0620746
361.5,1,369.919,0.0661273
361,1,369.053,0.0661658
360.5,1,368.187,0.0676924
360,1,367.321,0.0672289
359.5,1,366.454,0.0637134
359,1,365.588,0.0609329
358.5,1,364.722,0.0581234
358,1,363.856,0.053229
357.5,1,362.99,0.0437073
357,1,362.124,0.0399393
356.5,1,361.258,0.0368414
356,1,360.392,0.0347624
355.5,1,359.526,0.0312866
355,1,358.66,0.0304409
354.5,1,357.794,0.0296885
354,1,356.928,0.0289742
353.5,1,356.062,0.0288084
353,1,355.196,0.02881
352.5,1,354.33,0.0288943
352,1,353.464,0.0294771
351.5,1,352.598,0.0304452
351,1,351.732,0.0316637
350.5,1,350.866,0.0326042
350,1,350,0.0331748
349.5,1,349.134,0.0330252
349,1,348.268,0.0330243
348.5,1,347.402,0.0330049
348,1,346.536,0.0319271
347.5,1,345.67,0.0315453
347,1,344.804,0.0315137
346.5,1,343.938,0.029421
346,1,343.072,0.0296604
345.5,1,342.206,0.029924
345,1,341.34,0.0297072
344.5,1,340.474,0.0292687
344,1,339.608,0.0288579
343.5,1,338.742,0.028373
343,1,337.876,0.0280411
342.5,1,337.01,0.0277785
342,1,336.144,0.0270338
341.5,1,335.278,0.0260389
341,1,334.412,0.0246843
340.5,1,333.546,0.023151
340,1,332.679,0.0215786
339.5,1,331.813,0.0199657
339,1,330.947,0.0186868
338.5,1,330.081,0.0175788
338,1,329.215,0.0169814
337.5,1,328.349,0.0166773
337,1,327.483,0.0166101
336.5,1,326.617,0.0169434
336,1,325.751,0.0182659
335.5,1,324.885,0.0209769
335,1,324.019,0.0241926
334.5,1,323.153,0.0265202
334,1,322.287,0.025548
333.5,1,321.421,0.0255956
333,1,320.555,0.0261973
332.5,1,319.689,0.0297543
332,1,318.823,0.032815
331.5,1,317.957,0.0337468
331,1,317.091,0.0328028
330.5,1,316.225,0.033305
330,1,315.359,0.0339176
329.5,1,314.493,0.0345569
329,1,313.627,0.0350941
328.5,1,312.761,0.0356091
328,1,311.895,0.0361072
327.5,1,311.029,0.0369837
327,1,310.163,0.0373368
326.5,1,309.297,0.0371894
326,1,308.431,0.0370572
325.5,1,307.565,0.0369216
325,1,306.699,0.0368112
324.5,1,305.833,0.0365526
324,1,304.967,0.0362863
323.5,1,304.101,0.0360297
323,1,303.235,0.0360346
322.5,1,302.369,0.0365421
322,1,301.503,0.037012
321.5,1,300.637,0.0373914
321,1,299.771,0.0375803
320.5,1,298.905,0.0377153
320,1,298.038,0.0377906
319.5,1,297.172,0.0378171
319,1,296.306,0.0375207
318.5,1,295.44,0.0368106
318,1,294.574,0.0358379
317.5,1,293.708,0.035099
317,1,292.842,0.0343313
316.5,1,291.976,0.0339344
316,1,291.11,0.0337492
315.5,1,290.244,0.0336118
315,1,289.378,0.0335222
314.5,1,288.512,0.0334805
314,1,287.646,0.0339551
313.5,1,286.78,0.0346924
313,1,285.914,0.03559
312.5,1,285.048,0.036404
312,1,284.182,0.0364574
311.5,1,283.316,0.036501
311,1,282.45,0.0365758
310.5,1,281.584,0.0366887
310,1,280.718,0.0367384
309.5,1,279.852,0.0365877
309,1,278.986,0.0362696
308.5,1,278.12,0.0358738
308,1,277.254,0.0351592
307.5,1,276.388,0.0345644
307,1,275.522,0.03381
306.5,1,274.656,0.0329049
306,1,273.79,0.0319167
305.5,1,272.924,0.0269076
305,1,272.058,0.0236861
304.5,1,271.192,0.0230137
304,1,270.326,0.0222684
303.5,1,269.46,0.0214718
303,1,268.594,0.0206204
302.5,1,267.728,0.0197845
302,1,266.862,0.0189846
301.5,1,265.996,0.0186447
301,1,265.13,0.0184271
300.5,1,264.263,0.0181472
300,1,263.397,0.0176814
299.5,1,262.531,0.017138
299,1,261.665,0.0167665
298.5,1,260.799,0.0165081
298,1,259.933,0.0163521
297.5,1,259.067,0.0161948
297,1,258.201,0.0160445
296.5,1,257.335,0.0159512
296,1,256.469,0.0159003
295.5,1,255.603,0.0158555
295,1,254.737,0.0158722
294.5,1,253.871,0.0158933
294,1,253.005,0.0159189
293.5,1,252.139,0.0158709
293,1,251.273,0.015823
292.5,1,250.407,0.0157825
292,1,249.541,0.0156294
291.5,1,248.675,0.015435
291,1,247.809,0.0152365
290.5,1,246.943,0.0150769
290,1,246.077,0.0149457
289.5,1,245.211,0.0148163
289,1,244.345,0.0147229
288.5,1,243.479,0.0146732
288,1,242.613,0.0146364
287.5,1,241.747,0.0146118
287,1,240.881,0.0146145
286.5,1,240.015,0.0146206
286,1,239.149,0.0146326
285.5,1,238.283,0.0146726
285,1,237.417,0.0147099
284.5,1,236.551,0.0147331
284,1,235.685,0.0147707
283.5,1,234.819,0.0148095
283,1,233.953,0.0148486
282.5,1,233.087,0.0148249
282,1,232.221,0.0147844
281.5,1,231.355,0.0147392
281,1,230.488,0.0147639
280.5,1,229.622,0.0148237
280,1,228.756,0.0148622
279.5,1,227.89,0.0148059
279,1,227.024,0.0146871
278.5,1,226.158,0.0145877
278,1,225.292,0.0145499
277.5,1,224.426,0.0145929
277,1,223.56,0.0146372
276.5,1,222.694,0.0146824
276,1,221.828,0.014761
275.5,1,220.962,0.0148503
275,1,220.096,0.0149499
274.5,1,219.23,0.0150293
274,1,218.364,0.0150826
273.5,1,217.498,0.0151064
273,1,216.632,0.0150853
272.5,1,215.766,0.0150784
272,1,214.9,0.0150926
271.5,1,214.034,0.0150868
271,1,213.168,0.0150563
270.5,1,212.302,0.0150169
270,1,211.436,0.0150288
269.5,1,210.57,0.0150913
269,1,209.704,0.0151614
268.5,1,208.838,0.0151855
268,1,207.972,0.0151264
267.5,1,207.106,0.0150566
267,1,206.24,0.0150099
266.5,1,205.374,0.0150708
266,1,204.508,0.01514
265.5,1,203.642,0.0151976
265,1,202.776,0.0151103
264.5,1,201.91,0.0150206
264,1,201.044,0.0149284
263.5,1,200.178,0.0150253
263,1,199.312,0.0151414
262.5,1,198.446,0.0152594
262,1,197.58,0.0152281
261.5,1,196.714,0.0151432
261,1,195.847,0.0150511
260.5,1,194.981,0.0151182
260,1,194.115,0.0152936
259.5,1,193.249,0.0154743
259,1,192.383,0.0155201
258.5,1,191.517,0.015393
258,1,190.651,0.0152617
257.5,1,189.785,0.0152178
257,1,188.919,0.0153904
256.5,1,188.053,0.0155616
256,1,187.187,0.0156886
255.5,1,186.321,0.0155345
255,1,185.455,0.0153712
254.5,1,184.589,0.0152022
254,1,183.723,0.0153429
253.5,1,182.857,0.015502
253,1,181.991,0.0156728
252.5,1,181.125,0.015632
252,1,180.259,0.0155457
251.5,1,179.393,0.0154614
251,1,178.527,0.0154992
250.5,1,177.661,0.015617
250,1,176.795,0.0157515
249.5,1,175.929,0.0157815
249,1,175.063,0.0157018
248.5,1,174.197,0.0156257
248,1,173.331,0.0156075
247.5,1,172.465,0.015707
247,1,171.599,0.0158193
246.5,1,170.733,0.0159099
246,1,169.867,0.0158198
245.5,1,169.001,0.0157294
245,1,168.135,0.0156463
244.5,1,167.269,0.0157778
244,1,166.403,0.0159106
243.5,1,165.537,0.0160469
243,1,164.671,0.0159936
242.5,1,163.805,0.0159037
242,1,162.939,0.0158034
241.5,1,162.072,0.0158029
241,1,161.206,0.0158417
240.5,1,160.34,0.0158769
240,1,159.474,0.0158456
239.5,1,158.608,0.01576
239,1,157.742,0.0156691
238.5,1,156.876,0.0156164
238,1,156.01,0.015619
237.5,1,155.144,0.0156151
237,1,154.278,0.0155745
236.5,1,153.412,0.0154387
236,1,152.546,0.015307
235.5,1,151.68,0.0151891
235,1,150.814,0.0151788
234.5,1,149.948,0.0151659
234,1,149.082,0.0151505
233.5,1,148.216,0.0151173
233,1,147.35,0.0150908
232.5,1,146.484,0.0150714
232,1,145.618,0.0150554
231.5,1,144.752,0.0150335
231,1,143.886,0.0150063
230.5,1,143.02,0.0150014
230,1,142.154,0.0150093
229.5,1,141.288,0.0150205
229,1,140.422,0.0150141
228.5,1,139.556,0.0149821
228,1,138.69,0.0149481
227.5,1,137.824,0.0149251
227,1,136.958,0.0149256
226.5,1,136.092,0.0149198
226,1,135.226,0.0149022
225.5,1,134.36,0.0148495
225,1,133.494,0.0147962
224.5,1,132.628,0.0147411
224,1,131.762,0.014743
223.5,1,130.896,0.0147441
223,1,130.03,0.0147438
222.5,1,129.164,0.0147103
222,1,128.297,0.0146712
221.5,1,127.431,0.0146326
221,1,126.565,0.0146191
220.5,1,125.699,0.014617
220,1,124.833,0.0146147
219.5,1,123.967,0.0146146
219,1,123.101,0.01462
218.5,1,122.235,0.014631
218,1,121.369,0.0146466
217.5,1,120.503,0.0146584
217,1,119.637,0.0146648
216.5,1,118.771,0.0146772
216,1,117.905,0.0147394
215.5,1,117.039,0.0148072
215,1,116.173,0.0148779
214.5,1,115.307,0.0148908
214,1,114.441,0.014901
213.5,1,113.575,0.0149083
213,1,112.709,0.0149718
212.5,1,111.843,0.0150479
212,1,110.977,0.0151294
211.5,1,110.111,0.0151214
211,1,109.245,0.0150772
210.5,1,108.379,0.0150305
210,1,107.513,0.0150504
209.5,1,106.647,0.0151226
209,1,105.781,0.0151946
208.5,1,104.915,0.0152319
208,1,104.049,0.0152239
207.5,1,103.183,0.0152168
207,1,102.317,0.015221
206.5,1,101.451,0.0152521
206,1,100.585,0.0152756
205.5,1,99.7187,0.0152854
205,1,98.8526,0.0152304
204.5,1,97.9866,0.0151786
204,1,97.1206,0.0151299
203.5,1,96.2546,0.0151424
203,1,95.3885,0.0151567
202.5,1,94.5225,0.0151709
202,1,93.6565,0.015167
201.5,1,92.7905,0.0151595
201,1,91.9244,0.0151536
200.5,1,91.0584,0.0151687
200,1,90.1924,0.0151952
