x,y,z,b
500,1,609.808,0.0115919
499.5,1,608.942,0.0115924
499,1,608.076,0.0115833
498.5,1,607.21,0.0115519
498,1,606.344,0.0115186
497.5,1,605.477,0.0114921
497,1,604.611,0.0114965
496.5,1,603.745,0.0115009
496,1,602.879,0.0115042
495.5,1,602.013,0.0114762
495,1,601.147,0.0114479
494.5,1,600.281,0.0114194
494,1,599.415,0.0114066
493.5,1,598.549,0.0113945
493,1,597.683,0.0113816
492.5,1,596.817,0.0113572
492,1,595.951,0.0113316
491.5,1,595.085,0.0113087
491,1,594.219,0.0112994
490.5,1,593.353,0.0112993
490,1,592.487,0.0113002
489.5,1,591.621,0.0113018
489,1,590.755,0.0113023
488.5,1,589.889,0.0113014
488,1,589.023,0.0112991
487.5,1,588.157,0.0112939
487,1,587.291,0.0112854
486.5,1,586.425,0.0112828
486,1,585.559,0.0113467
485.5,1,584.693,0.0114021
485,1,583.827,0.0114503
484.5,1,582.961,0.0114516
484,1,582.095,0.0114391
483.5,1,581.229,0.0114147
483,1,580.363,0.0114546
482.5,1,579.497,0.0115246
482,1,578.631,0.0116115
481.5,1,577.765,0.0116839
481,1,576.899,0.0117441
480.5,1,576.033,0.011803
480,1,575.167,0.0118519
479.5,1,574.301,0.0118967
479,1,573.435,0.0119445
478.5,1,572.569,0.0119959
478,1,571.703,0.0120492
477.5,1,570.836,0.0120972
477,1,569.97,0.0121418
476.5,1,569.104,0.0121923
476,1,568.238,0.0122418
475.5,1,567.372,0.0122898
475,1,566.506,0.0122724
474.5,1,565.64,0.0122476
474,1,564.774,0.0122196
473.5,1,563.908,0.01217
473,1,563.042,0.0121119
472.5,1,562.176,0.0120484
472,1,561.31,0.012125
471.5,1,560.444,0.0122713
471,1,559.578,0.0124264
470.5,1,558.712,0.0124927
470,1,557.846,0.0124763
469.5,1,556.98,0.0124535
469,1,556.114,0.0125083
468.5,1,555.248,0.012703
468,1,554.382,0.0128986
467.5,1,553.516,0.0130291
467,1,552.65,0.012933
466.5,1,551.784,0.0128339
466,1,550.918,0.0127542
465.5,1,550.052,0.0129574
465,1,549.186,0.0131507
464.5,1,548.32,0.0133342
464,1,547.454,0.0132707
463.5,1,546.588,0.0131904
463,1,545.722,0.0131183
462.5,1,544.856,0.0132068
462,1,543.99,0.0133291
461.5,1,543.124,0.0134325
461,1,542.258,0.0134258
460.5,1,541.392,0.0133671
460,1,540.526,0.0133257
459.5,1,539.66,0.0133797
459,1,538.794,0.0135217
458.5,1,537.928,0.0136397
458,1,537.061,0.0137054
457.5,1,536.195,0.0137025
457,1,535.329,0.0137205
456.5,1,534.463,0.0137682
456,1,533.597,0.0138728
455.5,1,532.731,0.0139509
455,1,531.865,0.014006
454.5,1,530.999,0.0139632
454,1,530.133,0.0139238
453.5,1,529.267,0.013891
453,1,528.401,0.0137867
452.5,1,527.535,0.0136517
452,1,526.669,0.0135199
451.5,1,525.803,0.0134549
451,1,524.937,0.0134483
450.5,1,524.071,0.013467
450,1,523.205,0.0135705
449.5,1,522.339,0.0137589
449,1,521.473,0.0139591
448.5,1,520.607,0.0141272
448,1,519.741,0.0142197
447.5,1,518.875,0.014301
447,1,518.009,0.0143681
446.5,1,517.143,0.0144104
446,1,516.277,0.0144431
445.5,1,515.411,0.0144664
445,1,514.545,0.0144968
444.5,1,513.679,0.0145335
444,1,512.813,0.0145821
443.5,1,511.947,0.0147447
443,1,511.081,0.0149254
442.5,1,510.215,0.0151073
442,1,509.349,0.015239
441.5,1,508.483,0.0153441
441,1,507.617,0.0154291
440.5,1,506.751,0.0154694
440,1,505.885,0.0154596
439.5,1,505.019,0.0154213
439,1,504.153,0.0153176
438.5,1,503.286,0.0151748
438,1,502.42,0.0150689
437.5,1,501.554,0.0150646
437,1,500.688,0.0153594
436.5,1,499.822,0.0157616
436,1,498.956,0.0162821
435.5,1,498.09,0.0169674
435,1,497.224,0.017648
434.5,1,496.358,0.0183238
434,1,495.492,0.0191876
433.5,1,494.626,0.0201589
433,1,493.76,0.021168
432.5,1,492.894,0.0220962
432,1,492.028,0.0229378
431.5,1,491.162,0.0237149
431,1,490.296,0.0243212
430.5,1,489.43,0.0248021
430,1,488.564,0.0252176
429.5,1,487.698,0.0256086
429,1,486.832,0.0260013
428.5,1,485.966,0.0264309
428,1,485.1,0.0268996
427.5,1,484.234,0.0273965
427,1,483.368,0.0279033
426.5,1,482.502,0.0285289
426,1,481.636,0.029581
425.5,1,480.77,0.030135
425,1,479.904,0.0304804
424.5,1,479.038,0.031266
424,1,478.172,0.0319528
423.5,1,477.306,0.0325358
423,1,476.44,0.0331227
422.5,1,475.574,0.0337503
422,1,474.708,0.0338671
421.5,1,473.842,0.0334729
421,1,472.976,0.0327722
420.5,1,472.11,0.0318906
420,1,471.244,0.0308131
419.5,1,470.378,0.0299962
419,1,469.512,0.0296745
418.5,1,468.645,0.0291936
418,1,467.779,0.0284191
417.5,1,466.913,0.0275952
417,1,466.047,0.026749
416.5,1,465.181,0.0260632
416,1,464.315,0.025382
415.5,1,463.449,0.0247145
415,1,462.583,0.0243661
414.5,1,461.717,0.0240306
414,1,460.851,0.0237389
413.5,1,459.985,0.0236213
413,1,459.119,0.0235465
412.5,1,458.253,0.023496
412,1,457.387,0.0236165
411.5,1,456.521,0.0238328
411,1,455.655,0.0240957
410.5,1,454.789,0.0245947
410,1,453.923,0.0253079
409.5,1,453.057,0.0260871
409,1,452.191,0.0269991
408.5,1,451.325,0.0280279
408,1,450.459,0.0290053
407.5,1,449.593,0.0299027
407,1,448.727,0.0306255
406.5,1,447.861,0.0312815
406,1,446.995,0.0318149
405.5,1,446.129,0.0318376
405,1,445.263,0.0319372
404.5,1,444.397,0.0321137
404,1,443.531,0.0324807
403.5,1,442.665,0.0329374
403,1,441.799,0.0334922
402.5,1,440.933,0.0340105
402,1,440.067,0.0341942
401.5,1,439.201,0.0343013
401,1,438.335,0.0348141
400.5,1,437.469,0.0353376
400,1,436.603,0.0354345
399.5,1,435.737,0.0357531
399,1,434.87,0.0363823
398.5,1,434.004,0.0370836
398,1,433.138,0.0381069
397.5,1,432.272,0.039542
397,1,431.406,0.0407249
396.5,1,430.54,0.0417162
396,1,429.674,0.0426378
395.5,1,428.808,0.0430914
395,1,427.942,0.0432137
394.5,1,427.076,0.0452923
394,1,426.21,0.0470727
393.5,1,425.344,0.0485272
393,1,424.478,0.051824
392.5,1,423.612,0.0547775
392,1,422.746,0.0590786
391.5,1,421.88,0.0648183
391,1,421.014,0.0709246
390.5,1,420.148,0.075683
390,1,419.282,0.076838
389.5,1,418.416,0.0771232
389,1,417.55,0.0769701
388.5,1,416.684,0.0765631
388,1,415.818,0.0763614
387.5,1,414.952,0.0761645
387,1,414.086,0.0760002
386.5,1,413.22,0.0757876
386,1,412.354,0.0757865
385.5,1,411.488,0.0763109
385,1,410.622,0.0768677
384.5,1,409.756,0.0776697
384,1,408.89,0.0784149
383.5,1,408.024,0.0792042
383,1,407.158,0.0796198
382.5,1,406.292,0.0800418
382,1,405.426,0.0803413
381.5,1,404.56,0.0802734
381,1,403.694,0.0802135
380.5,1,402.828,0.079751
380,1,401.962,0.0794207
379.5,1,401.095,0.0786416
379,1,400.229,0.0782905
378.5,1,399.363,0.077918
378,1,398.497,0.0774451
377.5,1,397.631,0.0772859
377,1,396.765,0.0768648
376.5,1,395.899,0.0762723
376,1,395.033,0.0752618
375.5,1,394.167,0.0737551
375,1,393.301,0.0718594
374.5,1,392.435,0.0701507
374,1,391.569,0.068582
373.5,1,390.703,0.0681878
373,1,389.837,0.0682083
372.5,1,388.971,0.0682992
372,1,388.105,0.0698128
371.5,1,387.239,0.0702268
371,1,386.373,0.0709491
370.5,1,385.507,0.0718493
370,1,384.641,0.0727297
369.5,1,383.775,0.0720645
369,1,382.909,0.0699802
368.5,1,382.043,0.0682766
368,1,381.177,0.0661364
367.5,1,380.311,0.0619899
367,1,379.445,0.0578962
366.5,1,378.579,0.0540621
366,1,377.713,0.050488
365.5,1,376.847,0.0444492
365,1,375.981,0.0417734
364.5,1,375.115,0.0398413
364,1,374.249,0.0400997
363.5,1,373.383,0.0373485
363,1,372.517,0.0329566
362.5,1,371.651,0.0317981
362,1,370.785,0.0306056
361.5,1,369.919,0.0301228
361,1,369.053,0.032237
360.5,1,368.187,0.0349789
360,1,367.321,0.0381083
359.5,1,366.454,0.0415054
359,1,365.588,0.0438593
358.5,1,364.722,0.0457531
358,1,363.856,0.0467148
357.5,1,362.99,0.0475612
357,1,362.124,0.0467355
356.5,1,361.258,0.0443833
356,1,360.392,0.0421376
355.5,1,359.526,0.0397494
355,1,358.66,0.0358412
354.5,1,357.794,0.0332549
354,1,356.928,0.0304606
353.5,1,356.062,0.0277724
353,1,355.196,0.0257324
352.5,1,354.33,0.0252882
352,1,353.464,0.0250114
351.5,1,352.598,0.0238957
351,1,351.732,0.0233656
350.5,1,350.866,0.0251813
350,1,350,0.0278812
349.5,1,349.134,0.0301864
349,1,348.268,0.0315666
348.5,1,347.402,0.0319266
348,1,346.536,0.032043
347.5,1,345.67,0.0314886
347,1,344.804,0.0289873
346.5,1,343.938,0.0228459
346,1,343.072,0.0220097
345.5,1,342.206,0.0216382
345,1,341.34,0.021077
344.5,1,340.474,0.0212509
344,1,339.608,0.0215212
343.5,1,338.742,0.0211921
343,1,337.876,0.0208933
342.5,1,337.01,0.0205896
342,1,336.144,0.0204069
341.5,1,335.278,0.0203887
341,1,334.412,0.020548
340.5,1,333.546,0.0211968
340,1,332.679,0.021909
339.5,1,331.813,0.0228232
339,1,330.947,0.023436
338.5,1,330.081,0.0238651
338,1,329.215,0.0242131
337.5,1,328.349,0.0244663
337,1,327.483,0.0245926
336.5,1,326.617,0.026322
336,1,325.751,0.0283429
335.5,1,324.885,0.0318044
335,1,324.019,0.0334824
334.5,1,323.153,0.0346699
334,1,322.287,0.035361
333.5,1,321.421,0.0359242
333,1,320.555,0.0363471
332.5,1,319.689,0.0385644
332,1,318.823,0.0394887
331.5,1,317.957,0.0400681
331,1,317.091,0.0406244
330.5,1,316.225,0.0413298
330,1,315.359,0.0417798
329.5,1,314.493,0.0420406
329,1,313.627,0.04225
328.5,1,312.761,0.042462
328,1,311.895,0.0423849
327.5,1,311.029,0.0420156
327,1,310.163,0.0409886
326.5,1,309.297,0.0398918
326,1,308.431,0.0399319
325.5,1,307.565,0.0408069
325,1,306.699,0.041831
324.5,1,305.833,0.0426856
324,1,304.967,0.0433418
323.5,1,304.101,0.0437996
323,1,303.235,0.0440099
322.5,1,302.369,0.0440294
322,1,301.503,0.0440163
321.5,1,300.637,0.0439705
321,1,299.771,0.043892
320.5,1,298.905,0.0437808
320,1,298.038,0.0436489
319.5,1,297.172,0.0448967
319,1,296.306,0.0459927
318.5,1,295.44,0.0468916
318,1,294.574,0.0475932
317.5,1,293.708,0.0480976
317,1,292.842,0.0484048
316.5,1,291.976,0.0479292
316,1,291.11,0.0471625
315.5,1,290.244,0.0463911
315,1,289.378,0.0456151
314.5,1,288.512,0.0448344
314,1,287.646,0.0442907
313.5,1,286.78,0.0435225
313,1,285.914,0.0425432
312.5,1,285.048,0.041714
312,1,284.182,0.0402468
311.5,1,283.316,0.0390463
311,1,282.45,0.0382764
310.5,1,281.584,0.0377634
310,1,280.718,0.0374204
309.5,1,279.852,0.0376376
309,1,278.986,0.0384294
308.5,1,278.12,0.0395691
308,1,277.254,0.039563
307.5,1,276.388,0.039543
307,1,275.522,0.0389616
306.5,1,274.656,0.0381429
306,1,273.79,0.0372627
305.5,1,272.924,0.0347056
305,1,272.058,0.0325498
304.5,1,271.192,0.0309036
304,1,270.326,0.0293306
303.5,1,269.46,0.0278693
303,1,268.594,0.0266828
302.5,1,267.728,0.0256762
302,1,266.862,0.0248497
301.5,1,265.996,0.0243373
301,1,265.13,0.0240276
300.5,1,264.263,0.023866
300,1,263.397,0.0236017
299.5,1,262.531,0.0230708
299,1,261.665,0.0222642
298.5,1,260.799,0.021586
298,1,259.933,0.021067
297.5,1,259.067,0.0205338
297,1,258.201,0.0199644
296.5,1,257.335,0.0193834
296,1,256.469,0.0188638
295.5,1,255.603,0.0183616
295,1,254.737,0.017938
294.5,1,253.871,0.0175449
294,1,253.005,0.0171823
293.5,1,252.139,0.0167882
293,1,251.273,0.0164227
292.5,1,250.407,0.0160928
292,1,249.541,0.0158099
291.5,1,248.675,0.0155567
291,1,247.809,0.0153329
290.5,1,246.943,0.0151035
290,1,246.077,0.0148535
289.5,1,245.211,0.0146048
289,1,244.345,0.0144168
288.5,1,243.479,0.0143071
288,1,242.613,0.0141868
287.5,1,241.747,0.0140823
287,1,240.881,0.0140284
286.5,1,240.015,0.0139708
286,1,239.149,0.0139184
285.5,1,238.283,0.0139246
285,1,237.417,0.0139353
284.5,1,236.551,0.0139545
284,1,235.685,0.0139469
283.5,1,234.819,0.0139571
283,1,233.953,0.0139865
282.5,1,233.087,0.0141464
282,1,232.221,0.0143046
281.5,1,231.355,0.0144351
281,1,230.488,0.0145214
280.5,1,229.622,0.0145912
280,1,228.756,0.0146537
279.5,1,227.89,0.0146865
279,1,227.024,0.014684
278.5,1,226.158,0.0146701
278,1,225.292,0.0146789
277.5,1,224.426,0.0147559
277,1,223.56,0.0148358
276.5,1,222.694,0.0149098
276,1,221.828,0.0149016
275.5,1,220.962,0.0148943
275,1,220.096,0.0148923
274.5,1,219.23,0.0150587
274,1,218.364,0.0152273
273.5,1,217.498,0.0154005
273,1,216.632,0.0154192
272.5,1,215.766,0.0154178
272,1,214.9,0.0154194
271.5,1,214.034,0.0154641
271,1,213.168,0.0155307
270.5,1,212.302,0.0155998
270,1,211.436,0.0155896
269.5,1,210.57,0.0155159
269,1,209.704,0.0154383
268.5,1,208.838,0.0154324
268,1,207.972,0.0155321
267.5,1,207.106,0.0156327
267,1,206.24,0.0156927
266.5,1,205.374,0.0156175
266,1,204.508,0.0155368
265.5,1,203.642,0.0154775
265,1,202.776,0.0155275
264.5,1,201.91,0.0155658
264,1,201.044,0.0155923
263.5,1,200.178,0.0155139
263,1,199.312,0.015444
262.5,1,198.446,0.0153955
262,1,197.58,0.0154097
261.5,1,196.714,0.0154253
261,1,195.847,0.0154251
260.5,1,194.981,0.0154077
260,1,194.115,0.0153999
259.5,1,193.249,0.0154109
259,1,192.383,0.01541
258.5,1,191.517,0.0153658
258,1,190.651,0.0153161
257.5,1,189.785,0.0152987
257,1,188.919,0.0153842
256.5,1,188.053,0.0154866
256,1,187.187,0.0155896
255.5,1,186.321,0.0155849
255,1,185.455,0.0155625
254.5,1,184.589,0.015522
254,1,183.723,0.0155916
253.5,1,182.857,0.0156754
253,1,181.991,0.0157707
252.5,1,181.125,0.0157134
252,1,180.259,0.015618
251.5,1,179.393,0.0155193
251,1,178.527,0.0154969
250.5,1,177.661,0.0155204
250,1,176.795,0.0155529
249.5,1,175.929,0.0155202
249,1,175.063,0.0154092
248.5,1,174.197,0.0152901
248,1,173.331,0.0152126
247.5,1,172.465,0.0152269
247,1,171.599,0.015251
246.5,1,170.733,0.0152534
246,1,169.867,0.0151783
245.5,1,169.001,0.0150984
245,1,168.135,0.0150179
244.5,1,167.269,0.0150557
244,1,166.403,0.0151038
243.5,1,165.537,0.0151582
243,1,164.671,0.0151519
242.5,1,163.805,0.0151359
242,1,162.939,0.0151192
241.5,1,162.072,0.01517
241,1,161.206,0.0152414
240.5,1,160.34,0.0153102
240,1,159.474,0.0153407
239.5,1,158.608,0.0153344
239,1,157.742,0.0153175
238.5,1,156.876,0.0153333
238,1,156.01,0.0154076
237.5,1,155.144,0.0154807
237,1,154.278,0.0155264
236.5,1,153.412,0.0154848
236,1,152.546,0.0154297
235.5,1,151.68,0.0153679
235,1,150.814,0.0153345
234.5,1,149.948,0.0152965
234,1,149.082,0.0152539
233.5,1,148.216,0.015178
233,1,147.35,0.0151024
232.5,1,146.484,0.0150282
232,1,145.618,0.0150081
231.5,1,144.752,0.0150034
231,1,143.886,0.0149991
230.5,1,143.02,0.0149881
230,1,142.154,0.0149686
229.5,1,141.288,0.0149477
229,1,140.422,0.0149304
228.5,1,139.556,0.0149185
228,1,138.69,0.0149075
227.5,1,137.824,0.0148944
227,1,136.958,0.0148784
226.5,1,136.092,0.0148641
226,1,135.226,0.0148503
225.5,1,134.36,0.0148316
225,1,133.494,0.0148165
224.5,1,132.628,0.0147975
224,1,131.762,0.0147933
223.5,1,130.896,0.0147889
223,1,130.03,0.0147843
222.5,1,129.164,0.0147729
222,1,128.297,0.0147577
221.5,1,127.431,0.014739
221,1,126.565,0.0147344
220.5,1,125.699,0.0147382
220,1,124.833,0.0147429
219.5,1,123.967,0.0147191
219,1,123.101,0.0146683
218.5,1,122.235,0.0146185
218,1,121.369,0.0145933
217.5,1,120.503,0.0146104
217,1,119.637,0.0146274
216.5,1,118.771,0.0146355
216,1,117.905,0.0146158
215.5,1,117.039,0.0145986
215,1,116.173,0.014587
214.5,1,115.307,0.0146473
214,1,114.441,0.0147065
213.5,1,113.575,0.0147596
213,1,112.709,0.0147554
212.5,1,111.843,0.0147495
212,1,110.977,0.014749
211.5,1,110.111,0.0147496
211,1,109.245,0.0147426
210.5,1,108.379,0.0147281
210,1,107.513,0.0147226
209.5,1,106.647,0.0147341
209,1,105.781,0.0147551
208.5,1,104.915,0.0147891
208,1,104.049,0.0148267
207.5,1,103.183,0.0148602
207,1,102.317,0.0148941
206.5,1,101.451,0.014943
206,1,100.585,0.0149965
205.5,1,99.7187,0.0150435
205,1,98.8526,0.0150032
204.5,1,97.9866,0.0149603
204,1,97.1206,0.0149149
203.5,1,96.2546,0.0149313
203,1,95.3885,0.0149553
202.5,1,94.5225,0.0149823
202,1,93.6565,0.0149842
201.5,1,92.7905,0.0149761
201,1,91.9244,0.0149649
200.5,1,91.0584,0.0149773
200,1,90.1924,0.0150055
