x,y,z,b
500,1,609.808,0.0127425
499.5,1,608.942,0.0127425
499,1,608.076,0.0127424
498.5,1,607.21,0.012742
498,1,606.344,0.0127415
497.5,1,605.477,0.0127412
497,1,604.611,0.0127415
496.5,1,603.745,0.0127418
496,1,602.879,0.0127418
495.5,1,602.013,0.012742
495,1,601.147,0.0127422
494.5,1,600.281,0.0127424
494,1,599.415,0.0127417
493.5,1,598.549,0.0127409
493,1,597.683,0.01274
492.5,1,596.817,0.0127385
492,1,595.951,0.0127369
491.5,1,595.085,0.0127352
491,1,594.219,0.0127331
490.5,1,593.353,0.0127304
490,1,592.487,0.0127277
489.5,1,591.621,0.0127248
489,1,590.755,0.0127217
488.5,1,589.889,0.0127187
488,1,589.023,0.012716
487.5,1,588.157,0.0127145
487,1,587.291,0.0127129
486.5,1,586.425,0.0127114
486,1,585.559,0.0127111
485.5,1,584.693,0.0127109
485,1,583.827,0.0127107
484.5,1,582.961,0.0127115
484,1,582.095,0.0127122
483.5,1,581.229,0.0127128
483,1,580.363,0.0127148
482.5,1,579.497,0.0127172
482,1,578.631,0.0127196
481.5,1,577.765,0.0127199
481,1,576.899,0.0127191
480.5,1,576.033,0.0127183
480,1,575.167,0.0127165
479.5,1,574.301,0.0127137
479,1,573.435,0.0127109
478.5,1,572.569,0.0127081
478,1,571.703,0.0127055
477.5,1,570.836,0.0127028
477,1,569.97,0.0126999
476.5,1,569.104,0.0126966
476,1,568.238,0.0126932
475.5,1,567.372,0.0126895
475,1,566.506,0.0126865
474.5,1,565.64,0.0126834
474,1,564.774,0.0126808
473.5,1,563.908,0.0126794
473,1,563.042,0.0126784
472.5,1,562.176,0.0126775
472,1,561.31,0.0126769
471.5,1,560.444,0.0126765
471,1,559.578,0.0126764
470.5,1,558.712,0.0126764
470,1,557.846,0.0126765
469.5,1,556.98,0.0126764
469,1,556.114,0.0126763
468.5,1,555.248,0.0126776
468,1,554.382,0.0126794
467.5,1,553.516,0.0126817
467,1,552.65,0.0126843
466.5,1,551.784,0.0126865
466,1,550.918,0.012688
465.5,1,550.052,0.0126852
465,1,549.186,0.0126823
464.5,1,548.32,0.0126792
464,1,547.454,0.0126768
463.5,1,546.588,0.0126743
463,1,545.722,0.0126715
462.5,1,544.856,0.0126706
462,1,543.99,0.0126704
461.5,1,543.124,0.01267
461,1,542.258,0.0126697
460.5,1,541.392,0.0126691
460,1,540.526,0.0126683
459.5,1,539.66,0.0126669
459,1,538.794,0.0126651
458.5,1,537.928,0.0126633
458,1,537.061,0.0126619
457.5,1,536.195,0.0126605
457,1,535.329,0.012659
456.5,1,534.463,0.0126571
456,1,533.597,0.0126515
455.5,1,532.731,0.0126459
455,1,531.865,0.0126403
454.5,1,530.999,0.0126309
454,1,530.133,0.0126215
453.5,1,529.267,0.0126124
453,1,528.401,0.0126006
452.5,1,527.535,0.0125882
452,1,526.669,0.0125762
451.5,1,525.803,0.0125664
451,1,524.937,0.0125579
450.5,1,524.071,0.0125494
450,1,523.205,0.012544
449.5,1,522.339,0.0125418
449,1,521.473,0.0125398
448.5,1,520.607,0.0125366
448,1,519.741,0.012531
447.5,1,518.875,0.0125255
447,1,518.009,0.0125198
446.5,1,517.143,0.012514
446,1,516.277,0.0125086
445.5,1,515.411,0.0125037
445,1,514.545,0.0125032
444.5,1,513.679,0.0125029
444,1,512.813,0.0125027
443.5,1,511.947,0.0125066
443,1,511.081,0.0125109
442.5,1,510.215,0.0125148
442,1,509.349,0.0125115
441.5,1,508.483,0.0125053
441,1,507.617,0.0124991
440.5,1,506.751,0.0124916
440,1,505.885,0.012483
439.5,1,505.019,0.0124745
439,1,504.153,0.0124692
438.5,1,503.286,0.0124685
438,1,502.42,0.0124676
437.5,1,501.554,0.0124686
437,1,500.688,0.0124764
436.5,1,499.822,0.0124839
436,1,498.956,0.0124901
435.5,1,498.09,0.0124861
435,1,497.224,0.0124819
434.5,1,496.358,0.0124775
434,1,495.492,0.0124671
433.5,1,494.626,0.0124561
433,1,493.76,0.0124442
432.5,1,492.894,0.0124392
432,1,492.028,0.012436
431.5,1,491.162,0.0124324
431,1,490.296,0.0124336
430.5,1,489.43,0.0124376
430,1,488.564,0.0124409
429.5,1,487.698,0.0124397
429,1,486.832,0.012433
428.5,1,485.966,0.0124253
428,1,485.1,0.0124142
427.5,1,484.234,0.0123973
427,1,483.368,0.0123806
426.5,1,482.502,0.0123652
426,1,481.636,0.0123559
425.5,1,480.77,0.0123467
425,1,479.904,0.0123378
424.5,1,479.038,0.0123319
424,1,478.172,0.0123269
423.5,1,477.306,0.0123227
423,1,476.44,0.0123194
422.5,1,475.574,0.0123148
422,1,474.708,0.0123121
421.5,1,473.842,0.0123067
421,1,472.976,0.0123014
420.5,1,472.11,0.0122975
420,1,471.244,0.012322
419.5,1,470.378,0.0123746
419,1,469.512,0.0124294
418.5,1,468.645,0.0124871
418,1,467.779,0.0125435
417.5,1,466.913,0.012583
417,1,466.047,0.0126102
416.5,1,465.181,0.0126334
416,1,464.315,0.0126432
415.5,1,463.449,0.0126393
415,1,462.583,0.012615
414.5,1,461.717,0.012591
414,1,460.851,0.0125691
413.5,1,459.985,0.012667
413,1,459.119,0.0127742
412.5,1,458.253,0.0128726
412,1,457.387,0.0131146
411.5,1,456.521,0.0134366
411,1,455.655,0.0138182
410.5,1,454.789,0.0144519
410,1,453.923,0.0152584
409.5,1,453.057,0.0160573
409,1,452.191,0.0168112
408.5,1,451.325,0.0174444
408,1,450.459,0.0180482
407.5,1,449.593,0.0183608
407,1,448.727,0.0178495
406.5,1,447.861,0.017388
406,1,446.995,0.0170241
405.5,1,446.129,0.0171935
405,1,445.263,0.0172329
404.5,1,444.397,0.0171422
404,1,443.531,0.0187127
403.5,1,442.665,0.0197225
403,1,441.799,0.0220645
402.5,1,440.933,0.0254897
402,1,440.067,0.0282148
401.5,1,439.201,0.03144
401,1,438.335,0.03677
400.5,1,437.469,0.0436281
400,1,436.603,0.0485757
399.5,1,435.737,0.052654
399,1,434.87,0.0550703
398.5,1,434.004,0.0568273
398,1,433.138,0.0569534
397.5,1,432.272,0.0547317
397,1,431.406,0.0525561
396.5,1,430.54,0.0504098
396,1,429.674,0.048539
395.5,1,428.808,0.0465764
395,1,427.942,0.0445542
394.5,1,427.076,0.0435689
394,1,426.21,0.0424514
393.5,1,425.344,0.0411859
393,1,424.478,0.0400432
392.5,1,423.612,0.0388804
392,1,422.746,0.0378632
391.5,1,421.88,0.0370559
391,1,421.014,0.0361724
390.5,1,420.148,0.0352898
390,1,419.282,0.0344075
389.5,1,418.416,0.0330907
389,1,417.55,0.0317962
388.5,1,416.684,0.0311056
388,1,415.818,0.0308594
387.5,1,414.952,0.0312712
387,1,414.086,0.0308771
386.5,1,413.22,0.0305254
386,1,412.354,0.0303344
385.5,1,411.488,0.0308251
385,1,410.622,0.0325664
384.5,1,409.756,0.0376942
384,1,408.89,0.0407371
383.5,1,408.024,0.0440081
383,1,407.158,0.0475892
382.5,1,406.292,0.0514413
382,1,405.426,0.0535513
381.5,1,404.56,0.0551342
381,1,403.694,0.0569403
380.5,1,402.828,0.059691
380,1,401.962,0.0631173
379.5,1,401.095,0.0666722
379,1,400.229,0.0705237
378.5,1,399.363,0.0750104
378,1,398.497,0.0802921
377.5,1,397.631,0.08578
377,1,396.765,0.0898345
376.5,1,395.899,0.0936935
376,1,395.033,0.0968734
375.5,1,394.167,0.0950071
375,1,393.301,0.0930215
374.5,1,392.435,0.0909333
374,1,391.569,0.0846076
373.5,1,390.703,0.07556
373,1,389.837,0.0730741
372.5,1,388.971,0.0721737
372,1,388.105,0.0686287
371.5,1,387.239,0.0640059
371,1,386.373,0.0583769
370.5,1,385.507,0.0528163
370,1,384.641,0.0471163
369.5,1,383.775,0.0448863
369,1,382.909,0.0439793
368.5,1,382.043,0.0444329
368,1,381.177,0.0468831
367.5,1,380.311,0.0494681
367,1,379.445,0.052021
366.5,1,378.579,0.0508244
366,1,377.713,0.048602
365.5,1,376.847,0.0451979
365,1,375.981,0.0413393
364.5,1,375.115,0.0369348
364,1,374.249,0.0330226
363.5,1,373.383,0.0296363
363,1,372.517,0.0263159
362.5,1,371.651,0.0288001
362,1,370.785,0.0312382
361.5,1,369.919,0.033072
361,1,369.053,0.0345874
360.5,1,368.187,0.0357113
360,1,367.321,0.0384336
359.5,1,366.454,0.0444942
359,1,365.588,0.0510946
358.5,1,364.722,0.0543226
358,1,363.856,0.0551242
357.5,1,362.99,0.0541029
357,1,362.124,0.048443
356.5,1,361.258,0.0432843
356,1,360.392,0.0393598
355.5,1,359.526,0.0360956
355,1,358.66,0.0326996
354.5,1,357.794,0.0289548
354,1,356.928,0.0255094
353.5,1,356.062,0.0214065
353,1,355.196,0.0220695
352.5,1,354.33,0.0178996
352,1,353.464,0.0152456
351.5,1,352.598,0.0137978
351,1,351.732,0.0111534
350.5,1,350.866,0.00748802
350,1,350,0.004078
349.5,1,349.134,-0.000306305
349,1,348.268,-0.0023223
348.5,1,347.402,-0.00164111
348,1,346.536,0.000226107
347.5,1,345.67,0.00270138
347,1,344.804,0.00620922
346.5,1,343.938,0.009205
346,1,343.072,0.011554
345.5,1,342.206,0.0124005
345,1,341.34,0.0131753
344.5,1,340.474,0.0139057
344,1,339.608,0.0140555
343.5,1,338.742,0.0142002
343,1,337.876,0.0143572
342.5,1,337.01,0.014494
342,1,336.144,0.0146184
341.5,1,335.278,0.0147367
341,1,334.412,0.0147727
340.5,1,333.546,0.0147552
340,1,332.679,0.0146624
339.5,1,331.813,0.0145653
339,1,330.947,0.0144775
338.5,1,330.081,0.014421
338,1,329.215,0.014327
337.5,1,328.349,0.0140799
337,1,327.483,0.0138195
336.5,1,326.617,0.0135842
336,1,325.751,0.0134249
335.5,1,324.885,0.0132751
335,1,324.019,0.0131351
334.5,1,323.153,0.0130786
334,1,322.287,0.0130344
333.5,1,321.421,0.013002
333,1,320.555,0.0129923
332.5,1,319.689,0.0129869
332,1,318.823,0.0129842
331.5,1,317.957,0.0130017
331,1,317.091,0.0130267
330.5,1,316.225,0.013051
330,1,315.359,0.0130768
329.5,1,314.493,0.0131052
329,1,313.627,0.0131294
328.5,1,312.761,0.0131485
328,1,311.895,0.0131653
327.5,1,311.029,0.0131845
327,1,310.163,0.0132027
326.5,1,309.297,0.0132074
326,1,308.431,0.0132111
325.5,1,307.565,0.0132164
325,1,306.699,0.0131982
324.5,1,305.833,0.0131859
324,1,304.967,0.0131795
323.5,1,304.101,0.0131792
323,1,303.235,0.0131825
322.5,1,302.369,0.0131888
322,1,301.503,0.0132009
321.5,1,300.637,0.0132174
321,1,299.771,0.0132362
320.5,1,298.905,0.0132521
320,1,298.038,0.0132673
319.5,1,297.172,0.0132855
319,1,296.306,0.0132978
318.5,1,295.44,0.0133005
318,1,294.574,0.0133053
317.5,1,293.708,0.0133149
317,1,292.842,0.0133299
316.5,1,291.976,0.0133469
316,1,291.11,0.0133659
315.5,1,290.244,0.0133868
315,1,289.378,0.0134097
314.5,1,288.512,0.0134344
314,1,287.646,0.0134478
313.5,1,286.78,0.0134601
313,1,285.914,0.0134719
312.5,1,285.048,0.0134809
312,1,284.182,0.0134871
311.5,1,283.316,0.0134911
311,1,282.45,0.0134953
310.5,1,281.584,0.0135
310,1,280.718,0.013504
309.5,1,279.852,0.0135121
309,1,278.986,0.0135235
308.5,1,278.12,0.0135334
308,1,277.254,0.0135407
307.5,1,276.388,0.0135442
307,1,275.522,0.0135469
306.5,1,274.656,0.013548
306,1,273.79,0.0135457
305.5,1,272.924,0.0135408
305,1,272.058,0.0135332
304.5,1,271.192,0.0135294
304,1,270.326,0.0135248
303.5,1,269.46,0.0135194
303,1,268.594,0.0135082
302.5,1,267.728,0.0134948
302,1,266.862,0.0134805
301.5,1,265.996,0.0134673
301,1,265.13,0.0134542
300.5,1,264.263,0.0134408
300,1,263.397,0.013421
299.5,1,262.531,0.0133958
299,1,261.665,0.0133703
298.5,1,260.799,0.0133481
298,1,259.933,0.0133312
297.5,1,259.067,0.0133138
297,1,258.201,0.013293
296.5,1,257.335,0.0132618
296,1,256.469,0.0132296
295.5,1,255.603,0.0131985
295,1,254.737,0.0131719
294.5,1,253.871,0.0131457
294,1,253.005,0.0131198
293.5,1,252.139,0.0130811
293,1,251.273,0.0130416
292.5,1,250.407,0.0130026
292,1,249.541,0.0129746
291.5,1,248.675,0.0129507
291,1,247.809,0.0129263
290.5,1,246.943,0.0128978
290,1,246.077,0.0128678
289.5,1,245.211,0.0128387
289,1,244.345,0.0128165
288.5,1,243.479,0.0128034
288,1,242.613,0.0127903
287.5,1,241.747,0.0127771
287,1,240.881,0.0127609
286.5,1,240.015,0.0127463
286,1,239.149,0.0127344
285.5,1,238.283,0.0127311
285,1,237.417,0.0127283
284.5,1,236.551,0.0127263
284,1,235.685,0.0127262
283.5,1,234.819,0.0127265
283,1,233.953,0.0127273
282.5,1,233.087,0.0127309
282,1,232.221,0.0127353
281.5,1,231.355,0.0127401
281,1,230.488,0.0127491
280.5,1,229.622,0.0127606
280,1,228.756,0.0127723
279.5,1,227.89,0.0127808
279,1,227.024,0.0127856
278.5,1,226.158,0.0127902
278,1,225.292,0.0127967
277.5,1,224.426,0.0128064
277,1,223.56,0.0128148
276.5,1,222.694,0.0128211
276,1,221.828,0.0128219
275.5,1,220.962,0.0128221
275,1,220.096,0.012822
274.5,1,219.23,0.0128234
274,1,218.364,0.0128237
273.5,1,217.498,0.012823
273,1,216.632,0.0128186
272.5,1,215.766,0.0128133
272,1,214.9,0.0128077
271.5,1,214.034,0.0128027
271,1,213.168,0.0127953
270.5,1,212.302,0.0127856
270,1,211.436,0.0127791
269.5,1,210.57,0.0127767
269,1,209.704,0.0127755
268.5,1,208.838,0.0127761
268,1,207.972,0.0127785
267.5,1,207.106,0.0127797
267,1,206.24,0.01278
266.5,1,205.374,0.0127816
266,1,204.508,0.0127854
265.5,1,203.642,0.012788
265,1,202.776,0.0127874
264.5,1,201.91,0.0127858
264,1,201.044,0.0127834
263.5,1,200.178,0.012786
263,1,199.312,0.0127889
262.5,1,198.446,0.0127907
262,1,197.58,0.0127945
261.5,1,196.714,0.0127983
261,1,195.847,0.0128013
260.5,1,194.981,0.0128024
260,1,194.115,0.0128025
259.5,1,193.249,0.0128023
259,1,192.383,0.0128023
258.5,1,191.517,0.0128027
258,1,190.651,0.0128026
257.5,1,189.785,0.0128022
257,1,188.919,0.0128014
256.5,1,188.053,0.0128005
256,1,187.187,0.0127995
255.5,1,186.321,0.0127988
255,1,185.455,0.0127971
254.5,1,184.589,0.0127953
254,1,183.723,0.012793
253.5,1,182.857,0.0127907
253,1,181.991,0.0127884
252.5,1,181.125,0.012787
252,1,180.259,0.0127862
251.5,1,179.393,0.0127856
251,1,178.527,0.012786
250.5,1,177.661,0.012787
250,1,176.795,0.0127884
249.5,1,175.929,0.0127924
249,1,175.063,0.012799
248.5,1,174.197,0.0128058
248,1,173.331,0.0128116
247.5,1,172.465,0.012815
247,1,171.599,0.0128188
246.5,1,170.733,0.0128227
246,1,169.867,0.0128267
245.5,1,169.001,0.0128308
245,1,168.135,0.0128349
244.5,1,167.269,0.0128373
244,1,166.403,0.0128398
243.5,1,165.537,0.0128422
243,1,164.671,0.012846
242.5,1,163.805,0.0128497
242,1,162.939,0.0128533
241.5,1,162.072,0.0128554
241,1,161.206,0.0128571
240.5,1,160.34,0.0128588
240,1,159.474,0.0128602
239.5,1,158.608,0.0128613
239,1,157.742,0.012862
238.5,1,156.876,0.012862
238,1,156.01,0.0128616
237.5,1,155.144,0.012861
237,1,154.278,0.0128601
236.5,1,153.412,0.0128589
236,1,152.546,0.0128575
235.5,1,151.68,0.0128561
235,1,150.814,0.0128544
234.5,1,149.948,0.0128527
234,1,149.082,0.0128509
233.5,1,148.216,0.0128478
233,1,147.35,0.0128444
232.5,1,146.484,0.0128411
232,1,145.618,0.0128382
231.5,1,144.752,0.0128353
231,1,143.886,0.0128325
230.5,1,143.02,0.0128285
230,1,142.154,0.0128242
229.5,1,141.288,0.01282
229,1,140.422,0.0128166
228.5,1,139.556,0.0128141
228,1,138.69,0.0128114
227.5,1,137.824,0.0128083
227,1,136.958,0.0128045
226.5,1,136.092,0.012801
226,1,135.226,0.0127978
225.5,1,134.36,0.0127956
225,1,133.494,0.0127934
224.5,1,132.628,0.0127913
224,1,131.762,0.0127881
223.5,1,130.896,0.0127852
223,1,130.03,0.0127824
222.5,1,129.164,0.012781
222,1,128.297,0.0127799
221.5,1,127.431,0.012779
221,1,126.565,0.0127777
220.5,1,125.699,0.0127763
220,1,124.833,0.0127751
219.5,1,123.967,0.0127739
219,1,123.101,0.0127727
218.5,1,122.235,0.0127716
218,1,121.369,0.0127704
217.5,1,120.503,0.0127691
217,1,119.637,0.0127681
216.5,1,118.771,0.0127672
216,1,117.905,0.0127667
215.5,1,117.039,0.0127662
215,1,116.173,0.0127657
214.5,1,115.307,0.0127661
214,1,114.441,0.0127667
213.5,1,113.575,0.0127673
213,1,112.709,0.0127676
212.5,1,111.843,0.0127679
212,1,110.977,0.0127681
211.5,1,110.111,0.0127686
211,1,109.245,0.0127693
210.5,1,108.379,0.0127699
210,1,107.513,0.0127705
209.5,1,106.647,0.0127708
209,1,105.781,0.0127713
208.5,1,104.915,0.0127718
208,1,104.049,0.0127724
207.5,1,103.183,0.0127731
207,1,102.317,0.0127738
206.5,1,101.451,0.0127738
206,1,100.585,0.0127738
205.5,1,99.7187,0.0127739
205,1,98.8526,0.0127738
204.5,1,97.9866,0.0127737
204,1,97.1206,0.0127737
203.5,1,96.2546,0.0127731
203,1,95.3885,0.0127725
202.5,1,94.5225,0.0127718
202,1,93.6565,0.0127709
201.5,1,92.7905,0.01277
201,1,91.9244,0.0127692
200.5,1,91.0584,0.0127681
200,1,90.1924,0.0127669
