x,y,z,b
500,1,609.808,0.0127443
499.5,1,608.942,0.0127443
499,1,608.076,0.0127443
498.5,1,607.21,0.0127439
498,1,606.344,0.0127434
497.5,1,605.477,0.0127431
497,1,604.611,0.0127435
496.5,1,603.745,0.0127438
496,1,602.879,0.0127439
495.5,1,602.013,0.012744
495,1,601.147,0.0127442
494.5,1,600.281,0.0127444
494,1,599.415,0.0127437
493.5,1,598.549,0.0127429
493,1,597.683,0.0127419
492.5,1,596.817,0.0127404
492,1,595.951,0.0127386
491.5,1,595.085,0.0127369
491,1,594.219,0.0127347
490.5,1,593.353,0.0127321
490,1,592.487,0.0127295
489.5,1,591.621,0.0127268
489,1,590.755,0.0127238
488.5,1,589.889,0.0127209
488,1,589.023,0.0127183
487.5,1,588.157,0.0127167
487,1,587.291,0.0127151
486.5,1,586.425,0.0127135
486,1,585.559,0.0127131
485.5,1,584.693,0.0127126
485,1,583.827,0.0127123
484.5,1,582.961,0.0127129
484,1,582.095,0.0127136
483.5,1,581.229,0.0127141
483,1,580.363,0.0127161
482.5,1,579.497,0.0127185
482,1,578.631,0.0127209
481.5,1,577.765,0.0127213
481,1,576.899,0.0127205
480.5,1,576.033,0.0127197
480,1,575.167,0.012718
479.5,1,574.301,0.0127153
479,1,573.435,0.0127126
478.5,1,572.569,0.01271
478,1,571.703,0.0127076
477.5,1,570.836,0.0127051
477,1,569.97,0.0127025
476.5,1,569.104,0.0126995
476,1,568.238,0.0126964
475.5,1,567.372,0.0126931
475,1,566.506,0.0126902
474.5,1,565.64,0.0126872
474,1,564.774,0.0126846
473.5,1,563.908,0.012683
473,1,563.042,0.0126817
472.5,1,562.176,0.0126805
472,1,561.31,0.01268
471.5,1,560.444,0.0126798
471,1,559.578,0.0126798
470.5,1,558.712,0.0126802
470,1,557.846,0.0126807
469.5,1,556.98,0.0126811
469,1,556.114,0.0126812
468.5,1,555.248,0.012682
468,1,554.382,0.0126832
467.5,1,553.516,0.0126848
467,1,552.65,0.012687
466.5,1,551.784,0.012689
466,1,550.918,0.0126904
465.5,1,550.052,0.012688
465,1,549.186,0.0126855
464.5,1,548.32,0.0126828
464,1,547.454,0.0126805
463.5,1,546.588,0.0126782
463,1,545.722,0.0126756
462.5,1,544.856,0.0126745
462,1,543.99,0.012674
461.5,1,543.124,0.0126734
461,1,542.258,0.0126729
460.5,1,541.392,0.0126723
460,1,540.526,0.0126715
459.5,1,539.66,0.0126705
459,1,538.794,0.0126692
458.5,1,537.928,0.012668
458,1,537.061,0.0126672
457.5,1,536.195,0.0126662
457,1,535.329,0.0126653
456.5,1,534.463,0.0126638
456,1,533.597,0.0126586
455.5,1,532.731,0.0126531
455,1,531.865,0.0126475
454.5,1,530.999,0.0126379
454,1,530.133,0.0126284
453.5,1,529.267,0.0126192
453,1,528.401,0.0126077
452.5,1,527.535,0.0125957
452,1,526.669,0.0125842
451.5,1,525.803,0.0125746
451,1,524.937,0.012566
450.5,1,524.071,0.0125576
450,1,523.205,0.012552
449.5,1,522.339,0.0125494
449,1,521.473,0.0125469
448.5,1,520.607,0.0125434
448,1,519.741,0.0125379
447.5,1,518.875,0.0125324
447,1,518.009,0.0125268
446.5,1,517.143,0.0125212
446,1,516.277,0.0125161
445.5,1,515.411,0.0125114
445,1,514.545,0.0125109
444.5,1,513.679,0.0125105
444,1,512.813,0.0125105
443.5,1,511.947,0.0125141
443,1,511.081,0.012518
442.5,1,510.215,0.0125215
442,1,509.349,0.0125179
441.5,1,508.483,0.0125116
441,1,507.617,0.0125052
440.5,1,506.751,0.0124979
440,1,505.885,0.0124898
439.5,1,505.019,0.0124817
439,1,504.153,0.0124767
438.5,1,503.286,0.0124759
438,1,502.42,0.012475
437.5,1,501.554,0.0124758
437,1,500.688,0.0124826
436.5,1,499.822,0.0124891
436,1,498.956,0.0124946
435.5,1,498.09,0.0124912
435,1,497.224,0.0124875
434.5,1,496.358,0.0124836
434,1,495.492,0.0124746
433.5,1,494.626,0.0124652
433,1,493.76,0.012455
432.5,1,492.894,0.0124507
432,1,492.028,0.0124481
431.5,1,491.162,0.0124452
431,1,490.296,0.0124456
430.5,1,489.43,0.0124475
430,1,488.564,0.0124485
429.5,1,487.698,0.0124455
429,1,486.832,0.0124375
428.5,1,485.966,0.0124288
428,1,485.1,0.0124177
427.5,1,484.234,0.0124015
427,1,483.368,0.0123858
426.5,1,482.502,0.0123714
426,1,481.636,0.0123632
425.5,1,480.77,0.0123553
425,1,479.904,0.0123477
424.5,1,479.038,0.0123375
424,1,478.172,0.0123278
423.5,1,477.306,0.0123187
423,1,476.44,0.0123107
422.5,1,475.574,0.0123009
422,1,474.708,0.0122928
421.5,1,473.842,0.0122856
421,1,472.976,0.0122788
420.5,1,472.11,0.0122718
420,1,471.244,0.0122887
419.5,1,470.378,0.0123308
419,1,469.512,0.0123762
418.5,1,468.645,0.0124302
418,1,467.779,0.0124947
417.5,1,466.913,0.012546
417,1,466.047,0.012586
416.5,1,465.181,0.0126058
416,1,464.315,0.0126125
415.5,1,463.449,0.0126062
415,1,462.583,0.0125892
414.5,1,461.717,0.0125735
414,1,460.851,0.0125626
413.5,1,459.985,0.0126642
413,1,459.119,0.012768
412.5,1,458.253,0.0128569
412,1,457.387,0.0130516
411.5,1,456.521,0.0132952
411,1,455.655,0.0135979
410.5,1,454.789,0.0141441
410,1,453.923,0.0148773
409.5,1,453.057,0.0156281
409,1,452.191,0.0164704
408.5,1,451.325,0.0173608
408,1,450.459,0.0181951
407.5,1,449.593,0.0186506
407,1,448.727,0.0181409
406.5,1,447.861,0.0177564
406,1,446.995,0.0175761
405.5,1,446.129,0.0184008
405,1,445.263,0.0194595
404.5,1,444.397,0.0221212
404,1,443.531,0.0244341
403.5,1,442.665,0.0217384
403,1,441.799,0.0216023
402.5,1,440.933,0.0246945
402,1,440.067,0.0267873
401.5,1,439.201,0.0293731
401,1,438.335,0.0336796
400.5,1,437.469,0.0383171
400,1,436.603,0.0438075
399.5,1,435.737,0.0489908
399,1,434.87,0.0536143
398.5,1,434.004,0.0568106
398,1,433.138,0.0581251
397.5,1,432.272,0.0564518
397,1,431.406,0.0547684
396.5,1,430.54,0.0529953
396,1,429.674,0.0508989
395.5,1,428.808,0.048743
395,1,427.942,0.0465599
394.5,1,427.076,0.0456881
394,1,426.21,0.0446891
393.5,1,425.344,0.0435437
393,1,424.478,0.0424669
392.5,1,423.612,0.0413
392,1,422.746,0.0401223
391.5,1,421.88,0.0391707
391,1,421.014,0.0383459
390.5,1,420.148,0.037548
390,1,419.282,0.0367262
389.5,1,418.416,0.0357833
389,1,417.55,0.0345553
388.5,1,416.684,0.0337179
388,1,415.818,0.033077
387.5,1,414.952,0.03311
387,1,414.086,0.032896
386.5,1,413.22,0.0329249
386,1,412.354,0.0327339
385.5,1,411.488,0.0332965
385,1,410.622,0.0351842
384.5,1,409.756,0.0406476
384,1,408.89,0.0445649
383.5,1,408.024,0.0474574
383,1,407.158,0.0505085
382.5,1,406.292,0.0538556
382,1,405.426,0.0556706
381.5,1,404.56,0.056962
381,1,403.694,0.0583346
380.5,1,402.828,0.060882
380,1,401.962,0.0643387
379.5,1,401.095,0.0679447
379,1,400.229,0.0716239
378.5,1,399.363,0.0755254
378,1,398.497,0.080039
377.5,1,397.631,0.0846844
377,1,396.765,0.0883246
376.5,1,395.899,0.0921371
376,1,395.033,0.0957772
375.5,1,394.167,0.0954028
375,1,393.301,0.0946021
374.5,1,392.435,0.0934059
374,1,391.569,0.0868428
373.5,1,390.703,0.076108
373,1,389.837,0.0742999
372.5,1,388.971,0.0751113
372,1,388.105,0.0729111
371.5,1,387.239,0.0698381
371,1,386.373,0.066894
370.5,1,385.507,0.0611508
370,1,384.641,0.0541212
369.5,1,383.775,0.05032
369,1,382.909,0.0472473
368.5,1,382.043,0.0456888
368,1,381.177,0.0462316
367.5,1,380.311,0.0470761
367,1,379.445,0.0481616
366.5,1,378.579,0.0476583
366,1,377.713,0.0454802
365.5,1,376.847,0.0423176
365,1,375.981,0.0391621
364.5,1,375.115,0.0352358
364,1,374.249,0.0314747
363.5,1,373.383,0.0284774
363,1,372.517,0.0259759
362.5,1,371.651,0.0285649
362,1,370.785,0.0313126
361.5,1,369.919,0.0339326
361,1,369.053,0.0357199
360.5,1,368.187,0.0365902
360,1,367.321,0.0375699
359.5,1,366.454,0.0422513
359,1,365.588,0.0475331
358.5,1,364.722,0.0503001
358,1,363.856,0.0506683
357.5,1,362.99,0.0489997
357,1,362.124,0.0449322
356.5,1,361.258,0.0406008
356,1,360.392,0.0368032
355.5,1,359.526,0.0333602
355,1,358.66,0.0306343
354.5,1,357.794,0.0263211
354,1,356.928,0.0231103
353.5,1,356.062,0.0198898
353,1,355.196,0.0195134
352.5,1,354.33,0.0160649
352,1,353.464,0.013709
351.5,1,352.598,0.0125268
351,1,351.732,0.00995366
350.5,1,350.866,0.00624791
350,1,350,0.00290382
349.5,1,349.134,-0.000876401
349,1,348.268,-0.00316137
348.5,1,347.402,-0.00148807
348,1,346.536,0.00190755
347.5,1,345.67,0.00500496
347,1,344.804,0.0080984
346.5,1,343.938,0.0105327
346,1,343.072,0.0122272
345.5,1,342.206,0.0128857
345,1,341.34,0.013505
344.5,1,340.474,0.0140966
344,1,339.608,0.0141452
343.5,1,338.742,0.0141613
343,1,337.876,0.0141665
342.5,1,337.01,0.0142566
342,1,336.144,0.0143722
341.5,1,335.278,0.0144895
341,1,334.412,0.014553
340.5,1,333.546,0.0145756
340,1,332.679,0.0145375
339.5,1,331.813,0.0144652
339,1,330.947,0.0143745
338.5,1,330.081,0.0143001
338,1,329.215,0.0141962
337.5,1,328.349,0.0139925
337,1,327.483,0.0137827
336.5,1,326.617,0.0135903
336,1,325.751,0.0134453
335.5,1,324.885,0.0133052
335,1,324.019,0.0131703
334.5,1,323.153,0.0131065
334,1,322.287,0.0130539
333.5,1,321.421,0.0130122
333,1,320.555,0.0130006
332.5,1,319.689,0.0129959
332,1,318.823,0.0129964
331.5,1,317.957,0.0130179
331,1,317.091,0.0130461
330.5,1,316.225,0.0130732
330,1,315.359,0.0131009
329.5,1,314.493,0.0131314
329,1,313.627,0.0131587
328.5,1,312.761,0.0131785
328,1,311.895,0.0131928
327.5,1,311.029,0.0132112
327,1,310.163,0.0132293
326.5,1,309.297,0.0132299
326,1,308.431,0.0132301
325.5,1,307.565,0.0132331
325,1,306.699,0.0132142
324.5,1,305.833,0.0131992
324,1,304.967,0.0131883
323.5,1,304.101,0.0131848
323,1,303.235,0.0131854
322.5,1,302.369,0.0131894
322,1,301.503,0.0131987
321.5,1,300.637,0.0132119
321,1,299.771,0.0132271
320.5,1,298.905,0.0132404
320,1,298.038,0.0132537
319.5,1,297.172,0.0132699
319,1,296.306,0.0132808
318.5,1,295.44,0.0132831
318,1,294.574,0.0132868
317.5,1,293.708,0.0132948
317,1,292.842,0.0133084
316.5,1,291.976,0.0133237
316,1,291.11,0.0133409
315.5,1,290.244,0.0133599
315,1,289.378,0.0133808
314.5,1,288.512,0.0134035
314,1,287.646,0.0134172
313.5,1,286.78,0.0134298
313,1,285.914,0.0134418
312.5,1,285.048,0.0134531
312,1,284.182,0.0134621
311.5,1,283.316,0.013469
311,1,282.45,0.0134749
310.5,1,281.584,0.0134805
310,1,280.718,0.0134854
309.5,1,279.852,0.0134943
309,1,278.986,0.0135067
308.5,1,278.12,0.0135176
308,1,277.254,0.013526
307.5,1,276.388,0.0135308
307,1,275.522,0.0135347
306.5,1,274.656,0.013537
306,1,273.79,0.0135363
305.5,1,272.924,0.0135332
305,1,272.058,0.0135278
304.5,1,271.192,0.0135245
304,1,270.326,0.0135204
303.5,1,269.46,0.0135154
303,1,268.594,0.0135049
302.5,1,267.728,0.0134923
302,1,266.862,0.0134786
301.5,1,265.996,0.0134651
301,1,265.13,0.0134514
300.5,1,264.263,0.0134374
300,1,263.397,0.0134172
299.5,1,262.531,0.0133916
299,1,261.665,0.0133658
298.5,1,260.799,0.0133433
298,1,259.933,0.013326
297.5,1,259.067,0.0133083
297,1,258.201,0.0132874
296.5,1,257.335,0.013256
296,1,256.469,0.0132238
295.5,1,255.603,0.0131926
295,1,254.737,0.0131662
294.5,1,253.871,0.0131402
294,1,253.005,0.0131144
293.5,1,252.139,0.0130765
293,1,251.273,0.0130377
292.5,1,250.407,0.0129995
292,1,249.541,0.0129718
291.5,1,248.675,0.0129478
291,1,247.809,0.0129233
290.5,1,246.943,0.0128948
290,1,246.077,0.0128648
289.5,1,245.211,0.0128356
289,1,244.345,0.0128132
288.5,1,243.479,0.0127998
288,1,242.613,0.0127862
287.5,1,241.747,0.0127726
287,1,240.881,0.0127561
286.5,1,240.015,0.012741
286,1,239.149,0.0127285
285.5,1,238.283,0.0127246
285,1,237.417,0.0127213
284.5,1,236.551,0.0127187
284,1,235.685,0.0127178
283.5,1,234.819,0.0127174
283,1,233.953,0.0127174
282.5,1,233.087,0.0127206
282,1,232.221,0.0127247
281.5,1,231.355,0.012729
281,1,230.488,0.0127375
280.5,1,229.622,0.0127484
280,1,228.756,0.0127596
279.5,1,227.89,0.0127678
279,1,227.024,0.0127728
278.5,1,226.158,0.0127775
278,1,225.292,0.0127841
277.5,1,224.426,0.012794
277,1,223.56,0.0128026
276.5,1,222.694,0.0128093
276,1,221.828,0.0128108
275.5,1,220.962,0.0128117
275,1,220.096,0.0128122
274.5,1,219.23,0.0128148
274,1,218.364,0.0128162
273.5,1,217.498,0.0128165
273,1,216.632,0.0128126
272.5,1,215.766,0.0128073
272,1,214.9,0.0128016
271.5,1,214.034,0.0127977
271,1,213.168,0.0127918
270.5,1,212.302,0.0127836
270,1,211.436,0.0127779
269.5,1,210.57,0.0127755
269,1,209.704,0.0127738
268.5,1,208.838,0.0127737
268,1,207.972,0.0127759
267.5,1,207.106,0.0127773
267,1,206.24,0.0127779
266.5,1,205.374,0.0127789
266,1,204.508,0.0127812
265.5,1,203.642,0.0127826
265,1,202.776,0.0127812
264.5,1,201.91,0.0127793
264,1,201.044,0.0127768
263.5,1,200.178,0.0127791
263,1,199.312,0.0127815
262.5,1,198.446,0.012783
262,1,197.58,0.0127864
261.5,1,196.714,0.01279
261,1,195.847,0.0127933
260.5,1,194.981,0.0127949
260,1,194.115,0.0127954
259.5,1,193.249,0.0127954
259,1,192.383,0.0127956
258.5,1,191.517,0.0127962
258,1,190.651,0.0127965
257.5,1,189.785,0.0127964
257,1,188.919,0.0127958
256.5,1,188.053,0.0127951
256,1,187.187,0.0127944
255.5,1,186.321,0.0127942
255,1,185.455,0.012793
254.5,1,184.589,0.0127917
254,1,183.723,0.0127896
253.5,1,182.857,0.0127876
253,1,181.991,0.0127855
252.5,1,181.125,0.0127841
252,1,180.259,0.0127831
251.5,1,179.393,0.0127824
251,1,178.527,0.0127826
250.5,1,177.661,0.0127834
250,1,176.795,0.0127846
249.5,1,175.929,0.0127884
249,1,175.063,0.0127945
248.5,1,174.197,0.0128011
248,1,173.331,0.0128066
247.5,1,172.465,0.01281
247,1,171.599,0.0128137
246.5,1,170.733,0.0128176
246,1,169.867,0.0128216
245.5,1,169.001,0.0128256
245,1,168.135,0.0128298
244.5,1,167.269,0.0128323
244,1,166.403,0.0128348
243.5,1,165.537,0.0128374
243,1,164.671,0.0128413
242.5,1,163.805,0.0128453
242,1,162.939,0.0128492
241.5,1,162.072,0.0128515
241,1,161.206,0.0128533
240.5,1,160.34,0.0128551
240,1,159.474,0.0128567
239.5,1,158.608,0.0128579
239,1,157.742,0.0128587
238.5,1,156.876,0.012859
238,1,156.01,0.0128588
237.5,1,155.144,0.0128584
237,1,154.278,0.0128577
236.5,1,153.412,0.0128566
236,1,152.546,0.0128553
235.5,1,151.68,0.0128541
235,1,150.814,0.0128526
234.5,1,149.948,0.0128511
234,1,149.082,0.0128495
233.5,1,148.216,0.0128466
233,1,147.35,0.0128433
232.5,1,146.484,0.0128401
232,1,145.618,0.0128373
231.5,1,144.752,0.0128346
231,1,143.886,0.0128319
230.5,1,143.02,0.0128281
230,1,142.154,0.0128238
229.5,1,141.288,0.0128198
229,1,140.422,0.0128164
228.5,1,139.556,0.0128139
228,1,138.69,0.0128113
227.5,1,137.824,0.0128082
227,1,136.958,0.0128045
226.5,1,136.092,0.012801
226,1,135.226,0.0127978
225.5,1,134.36,0.0127956
225,1,133.494,0.0127933
224.5,1,132.628,0.0127912
224,1,131.762,0.012788
223.5,1,130.896,0.012785
223,1,130.03,0.0127822
222.5,1,129.164,0.0127807
222,1,128.297,0.0127796
221.5,1,127.431,0.0127787
221,1,126.565,0.0127774
220.5,1,125.699,0.0127761
220,1,124.833,0.0127749
219.5,1,123.967,0.0127737
219,1,123.101,0.0127726
218.5,1,122.235,0.0127715
218,1,121.369,0.0127704
217.5,1,120.503,0.0127691
217,1,119.637,0.012768
216.5,1,118.771,0.0127671
216,1,117.905,0.0127665
215.5,1,117.039,0.012766
215,1,116.173,0.0127656
214.5,1,115.307,0.0127659
214,1,114.441,0.0127664
213.5,1,113.575,0.0127669
213,1,112.709,0.0127672
212.5,1,111.843,0.0127674
212,1,110.977,0.0127676
211.5,1,110.111,0.0127681
211,1,109.245,0.0127688
210.5,1,108.379,0.0127694
210,1,107.513,0.0127699
209.5,1,106.647,0.0127703
209,1,105.781,0.0127707
208.5,1,104.915,0.0127712
208,1,104.049,0.0127718
207.5,1,103.183,0.0127725
207,1,102.317,0.0127732
206.5,1,101.451,0.0127732
206,1,100.585,0.0127733
205.5,1,99.7187,0.0127734
205,1,98.8526,0.0127733
204.5,1,97.9866,0.0127733
204,1,97.1206,0.0127733
203.5,1,96.2546,0.0127728
203,1,95.3885,0.0127722
202.5,1,94.5225,0.0127716
202,1,93.6565,0.0127708
201.5,1,92.7905,0.0127699
201,1,91.9244,0.0127691
200.5,1,91.0584,0.0127681
200,1,90.1924,0.0127669
