x,y,z,b
500,1,609.808,0.0126162
499.5,1,608.942,0.0126178
499,1,608.076,0.0126161
498.5,1,607.21,0.0126093
498,1,606.344,0.0126024
497.5,1,605.477,0.0125931
497,1,604.611,0.0125753
496.5,1,603.745,0.0125575
496,1,602.879,0.0125399
495.5,1,602.013,0.0125301
495,1,601.147,0.0125205
494.5,1,600.281,0.0125111
494,1,599.415,0.0125109
493.5,1,598.549,0.0125118
493,1,597.683,0.0125125
492.5,1,596.817,0.0125184
492,1,595.951,0.012526
491.5,1,595.085,0.0125334
491,1,594.219,0.0125423
490.5,1,593.353,0.0125517
490,1,592.487,0.0125607
489.5,1,591.621,0.0125687
489,1,590.755,0.0125755
488.5,1,589.889,0.0125822
488,1,589.023,0.0125878
487.5,1,588.157,0.0125907
487,1,587.291,0.0125936
486.5,1,586.425,0.0125959
486,1,585.559,0.0125928
485.5,1,584.693,0.0125894
485,1,583.827,0.0125857
484.5,1,582.961,0.0125814
484,1,582.095,0.0125769
483.5,1,581.229,0.0125724
483,1,580.363,0.0125707
482.5,1,579.497,0.01257
482,1,578.631,0.0125698
481.5,1,577.765,0.0125647
481,1,576.899,0.0125572
480.5,1,576.033,0.0125503
480,1,575.167,0.0125439
479.5,1,574.301,0.0125382
479,1,573.435,0.0125334
478.5,1,572.569,0.0125249
478,1,571.703,0.0125082
477.5,1,570.836,0.0124921
477,1,569.97,0.012478
476.5,1,569.104,0.0124707
476,1,568.238,0.0124639
475.5,1,567.372,0.0124576
475,1,566.506,0.012457
474.5,1,565.64,0.012457
474,1,564.774,0.0124565
473.5,1,563.908,0.0124458
473,1,563.042,0.0124332
472.5,1,562.176,0.0124203
472,1,561.31,0.0124083
471.5,1,560.444,0.0123959
471,1,559.578,0.0123827
470.5,1,558.712,0.0123769
470,1,557.846,0.0123776
469.5,1,556.98,0.0123783
469,1,556.114,0.0123896
468.5,1,555.248,0.0124181
468,1,554.382,0.0124473
467.5,1,553.516,0.0124834
467,1,552.65,0.0125414
466.5,1,551.784,0.0125993
466,1,550.918,0.0126561
465.5,1,550.052,0.0127045
465,1,549.186,0.0127508
464.5,1,548.32,0.0127949
464,1,547.454,0.0128225
463.5,1,546.588,0.0128467
463,1,545.722,0.0128701
462.5,1,544.856,0.0128755
462,1,543.99,0.0128746
461.5,1,543.124,0.012873
461,1,542.258,0.0128535
460.5,1,541.392,0.0128208
460,1,540.526,0.0127864
459.5,1,539.66,0.0127446
459,1,538.794,0.0126949
458.5,1,537.928,0.012644
458,1,537.061,0.012591
457.5,1,536.195,0.0125355
457,1,535.329,0.0124809
456.5,1,534.463,0.0124281
456,1,533.597,0.0123829
455.5,1,532.731,0.0123387
455,1,531.865,0.0122955
454.5,1,530.999,0.0122578
454,1,530.133,0.0122217
453.5,1,529.267,0.012187
453,1,528.401,0.0121768
452.5,1,527.535,0.0121742
452,1,526.669,0.012175
451.5,1,525.803,0.0121851
451,1,524.937,0.0121997
450.5,1,524.071,0.0122147
450,1,523.205,0.0122115
449.5,1,522.339,0.012191
449,1,521.473,0.0121714
448.5,1,520.607,0.0121532
448,1,519.741,0.0121373
447.5,1,518.875,0.0121223
447,1,518.009,0.0121147
446.5,1,517.143,0.0121378
446,1,516.277,0.0121614
445.5,1,515.411,0.0121853
445,1,514.545,0.0122022
444.5,1,513.679,0.0122195
444,1,512.813,0.0122359
443.5,1,511.947,0.0122944
443,1,511.081,0.0123594
442.5,1,510.215,0.0124245
442,1,509.349,0.0125125
441.5,1,508.483,0.0126122
441,1,507.617,0.012714
440.5,1,506.751,0.0128246
440,1,505.885,0.0129422
439.5,1,505.019,0.0130619
439,1,504.153,0.0131468
438.5,1,503.286,0.0131749
438,1,502.42,0.0132019
437.5,1,501.554,0.0131918
437,1,500.688,0.0130613
436.5,1,499.822,0.0129259
436,1,498.956,0.0127936
435.5,1,498.09,0.0127286
435,1,497.224,0.0126622
434.5,1,496.358,0.0125943
434,1,495.492,0.0125541
433.5,1,494.626,0.0125127
433,1,493.76,0.0124721
432.5,1,492.894,0.0123963
432,1,492.028,0.0123074
431.5,1,491.162,0.0122152
431,1,490.296,0.0121382
430.5,1,489.43,0.0120789
430,1,488.564,0.0120381
429.5,1,487.698,0.0120343
429,1,486.832,0.0120864
428.5,1,485.966,0.012157
428,1,485.1,0.0123215
427.5,1,484.234,0.0127077
427,1,483.368,0.0131169
426.5,1,482.502,0.0135265
426,1,481.636,0.013825
425.5,1,480.77,0.0141375
425,1,479.904,0.0144628
424.5,1,479.038,0.0147557
424,1,478.172,0.0151452
423.5,1,477.306,0.0156334
423,1,476.44,0.0162728
422.5,1,475.574,0.0171115
422,1,474.708,0.0182103
421.5,1,473.842,0.0194851
421,1,472.976,0.0207349
420.5,1,472.11,0.0219283
420,1,471.244,0.0231149
419.5,1,470.378,0.0241363
419,1,469.512,0.0249475
418.5,1,468.645,0.0256685
418,1,467.779,0.0260373
417.5,1,466.913,0.0268083
417,1,466.047,0.0255794
416.5,1,465.181,0.0244268
416,1,464.315,0.0237971
415.5,1,463.449,0.0240113
415,1,462.583,0.0244277
414.5,1,461.717,0.0260046
414,1,460.851,0.0282036
413.5,1,459.985,0.0308886
413,1,459.119,0.0321317
412.5,1,458.253,0.0334088
412,1,457.387,0.0346767
411.5,1,456.521,0.0362447
411,1,455.655,0.0380959
410.5,1,454.789,0.0398087
410,1,453.923,0.0409609
409.5,1,453.057,0.0416523
409,1,452.191,0.041573
408.5,1,451.325,0.0413754
408,1,450.459,0.0411382
407.5,1,449.593,0.0410908
407,1,448.727,0.0413671
406.5,1,447.861,0.0419735
406,1,446.995,0.0431198
405.5,1,446.129,0.0443837
405,1,445.263,0.0455144
404.5,1,444.397,0.0464354
404,1,443.531,0.047112
403.5,1,442.665,0.0471758
403,1,441.799,0.0471709
402.5,1,440.933,0.0465336
402,1,440.067,0.0458635
401.5,1,439.201,0.0453762
401,1,438.335,0.0446561
400.5,1,437.469,0.0442796
400,1,436.603,0.0440216
399.5,1,435.737,0.0440445
399,1,434.87,0.0440047
398.5,1,434.004,0.0436335
398,1,433.138,0.0427408
397.5,1,432.272,0.0424434
397,1,431.406,0.0427312
396.5,1,430.54,0.0426565
396,1,429.674,0.0424303
395.5,1,428.808,0.0445081
395,1,427.942,0.045427
394.5,1,427.076,0.0450421
394,1,426.21,0.044875
393.5,1,425.344,0.0451528
393,1,424.478,0.0451872
392.5,1,423.612,0.0450761
392,1,422.746,0.0449055
391.5,1,421.88,0.0452383
391,1,421.014,0.0466321
390.5,1,420.148,0.0461214
390,1,419.282,0.0455508
389.5,1,418.416,0.0449205
389,1,417.55,0.0449141
388.5,1,416.684,0.0451528
388,1,415.818,0.0455977
387.5,1,414.952,0.0462486
387,1,414.086,0.0471055
386.5,1,413.22,0.0481686
386,1,412.354,0.0482538
385.5,1,411.488,0.0476068
385,1,410.622,0.0469041
384.5,1,409.756,0.0463123
384,1,408.89,0.0458314
383.5,1,408.024,0.0454613
383,1,407.158,0.0455494
382.5,1,406.292,0.0464411
382,1,405.426,0.047293
381.5,1,404.56,0.0481052
381,1,403.694,0.0488776
380.5,1,402.828,0.0496103
380,1,401.962,0.0502378
379.5,1,401.095,0.0493011
379,1,400.229,0.0482537
378.5,1,399.363,0.0471068
378,1,398.497,0.0458603
377.5,1,397.631,0.0445143
377,1,396.765,0.0430687
376.5,1,395.899,0.0426087
376,1,395.033,0.0426183
375.5,1,394.167,0.0425854
375,1,393.301,0.0391287
374.5,1,392.435,0.0369046
374,1,391.569,0.0359587
373.5,1,390.703,0.0329862
373,1,389.837,0.0333207
372.5,1,388.971,0.0352686
372,1,388.105,0.0387526
371.5,1,387.239,0.0410983
371,1,386.373,0.0389071
370.5,1,385.507,0.0339367
370,1,384.641,0.0292683
369.5,1,383.775,0.0268165
369,1,382.909,0.0265768
368.5,1,382.043,0.026642
368,1,381.177,0.0269482
367.5,1,380.311,0.0272199
367,1,379.445,0.0273697
366.5,1,378.579,0.0274136
366,1,377.713,0.0278916
365.5,1,376.847,0.0285191
365,1,375.981,0.0292901
364.5,1,375.115,0.0299421
364,1,374.249,0.0306966
363.5,1,373.383,0.0315545
363,1,372.517,0.0327018
362.5,1,371.651,0.0340467
362,1,370.785,0.0354355
361.5,1,369.919,0.0362485
361,1,369.053,0.0367466
360.5,1,368.187,0.0358469
360,1,367.321,0.0329313
359.5,1,366.454,0.033017
359,1,365.588,0.0350192
358.5,1,364.722,0.0369425
358,1,363.856,0.0370864
357.5,1,362.99,0.0361533
357,1,362.124,0.0350463
356.5,1,361.258,0.0348992
356,1,360.392,0.034075
355.5,1,359.526,0.0322992
355,1,358.66,0.0282375
354.5,1,357.794,0.0284447
354,1,356.928,0.0274004
353.5,1,356.062,0.0298311
353,1,355.196,0.0322063
352.5,1,354.33,0.0341992
352,1,353.464,0.0355563
351.5,1,352.598,0.0366917
351,1,351.732,0.0375526
350.5,1,350.866,0.0371105
350,1,350,0.0355736
349.5,1,349.134,0.0337787
349,1,348.268,0.0316429
348.5,1,347.402,0.0293335
348,1,346.536,0.0280211
347.5,1,345.67,0.0266443
347,1,344.804,0.0254468
346.5,1,343.938,0.0242129
346,1,343.072,0.0236494
345.5,1,342.206,0.0234693
345,1,341.34,0.024074
344.5,1,340.474,0.0245601
344,1,339.608,0.0254884
343.5,1,338.742,0.0270473
343,1,337.876,0.0283412
342.5,1,337.01,0.0291863
342,1,336.144,0.0325422
341.5,1,335.278,0.0349757
341,1,334.412,0.0357021
340.5,1,333.546,0.0347675
340,1,332.679,0.0335668
339.5,1,331.813,0.0337592
339,1,330.947,0.034006
338.5,1,330.081,0.0342483
338,1,329.215,0.0348608
337.5,1,328.349,0.0354255
337,1,327.483,0.0359992
336.5,1,326.617,0.0366401
336,1,325.751,0.0369723
335.5,1,324.885,0.036695
335,1,324.019,0.0369555
334.5,1,323.153,0.0372746
334,1,322.287,0.0377285
333.5,1,321.421,0.0383062
333,1,320.555,0.039025
332.5,1,319.689,0.0405665
332,1,318.823,0.0444371
331.5,1,317.957,0.0508756
331,1,317.091,0.0558444
330.5,1,316.225,0.0583754
330,1,315.359,0.0589084
329.5,1,314.493,0.058613
329,1,313.627,0.0578937
328.5,1,312.761,0.0563539
328,1,311.895,0.0543986
327.5,1,311.029,0.0522807
327,1,310.163,0.0442183
326.5,1,309.297,0.0419119
326,1,308.431,0.0478214
325.5,1,307.565,0.0476606
325,1,306.699,0.052313
324.5,1,305.833,0.0599332
324,1,304.967,0.0611181
323.5,1,304.101,0.062143
323,1,303.235,0.062697
322.5,1,302.369,0.0624512
322,1,301.503,0.0620561
321.5,1,300.637,0.0615118
321,1,299.771,0.0608182
320.5,1,298.905,0.0599754
320,1,298.038,0.0589841
319.5,1,297.172,0.0584377
319,1,296.306,0.0579267
318.5,1,295.44,0.0573669
318,1,294.574,0.0535479
317.5,1,293.708,0.0521364
317,1,292.842,0.0514179
316.5,1,291.976,0.0505236
316,1,291.11,0.0493222
315.5,1,290.244,0.0475537
315,1,289.378,0.0463732
314.5,1,288.512,0.0456526
314,1,287.646,0.0451136
313.5,1,286.78,0.0446474
313,1,285.914,0.0441717
312.5,1,285.048,0.0439148
312,1,284.182,0.0437284
311.5,1,283.316,0.0446564
311,1,282.45,0.0436599
310.5,1,281.584,0.042663
310,1,280.718,0.0423505
309.5,1,279.852,0.0421326
309,1,278.986,0.0420093
308.5,1,278.12,0.0412201
308,1,277.254,0.0397081
307.5,1,276.388,0.037528
307,1,275.522,0.0344824
306.5,1,274.656,0.0327643
306,1,273.79,0.0324078
305.5,1,272.924,0.0332456
305,1,272.058,0.0326471
304.5,1,271.192,0.0312526
304,1,270.326,0.0297979
303.5,1,269.46,0.0278259
303,1,268.594,0.0255276
302.5,1,267.728,0.0243319
302,1,266.862,0.0231146
301.5,1,265.996,0.0216076
301,1,265.13,0.0237363
300.5,1,264.263,0.0233989
300,1,263.397,0.0225868
299.5,1,262.531,0.0214104
299,1,261.665,0.020216
298.5,1,260.799,0.019109
298,1,259.933,0.0181775
297.5,1,259.067,0.0172946
297,1,258.201,0.016445
296.5,1,257.335,0.0156008
296,1,256.469,0.0148049
295.5,1,255.603,0.0140491
295,1,254.737,0.0135604
294.5,1,253.871,0.0130779
294,1,253.005,0.0126016
293.5,1,252.139,0.0123382
293,1,251.273,0.0121283
292.5,1,250.407,0.0119521
292,1,249.541,0.0118837
291.5,1,248.675,0.0118564
291,1,247.809,0.0118581
290.5,1,246.943,0.0118935
290,1,246.077,0.0119419
289.5,1,245.211,0.0120013
289,1,244.345,0.0120545
288.5,1,243.479,0.0120879
288,1,242.613,0.0121062
287.5,1,241.747,0.0121193
287,1,240.881,0.0121219
286.5,1,240.015,0.0121237
286,1,239.149,0.0121269
285.5,1,238.283,0.0121404
285,1,237.417,0.012148
284.5,1,236.551,0.0121557
284,1,235.685,0.012162
283.5,1,234.819,0.0121667
283,1,233.953,0.0121693
282.5,1,233.087,0.0121464
282,1,232.221,0.012121
281.5,1,231.355,0.0120935
281,1,230.488,0.0120653
280.5,1,229.622,0.0120365
280,1,228.756,0.0120107
279.5,1,227.89,0.0119934
279,1,227.024,0.0119825
278.5,1,226.158,0.0119746
278,1,225.292,0.0119689
277.5,1,224.426,0.0119655
277,1,223.56,0.0119707
276.5,1,222.694,0.0119765
276,1,221.828,0.0119756
275.5,1,220.962,0.0119749
275,1,220.096,0.0119745
274.5,1,219.23,0.0119741
274,1,218.364,0.0119752
273.5,1,217.498,0.0119744
273,1,216.632,0.011978
272.5,1,215.766,0.0119815
272,1,214.9,0.0119856
271.5,1,214.034,0.0120036
271,1,213.168,0.0120235
270.5,1,212.302,0.0120438
270,1,211.436,0.0120645
269.5,1,210.57,0.0120855
269,1,209.704,0.0121062
268.5,1,208.838,0.0121295
268,1,207.972,0.0121564
267.5,1,207.106,0.0121826
267,1,206.24,0.0122099
266.5,1,205.374,0.012242
266,1,204.508,0.0122727
265.5,1,203.642,0.0123022
265,1,202.776,0.0123264
264.5,1,201.91,0.01235
264,1,201.044,0.0123729
263.5,1,200.178,0.0123909
263,1,199.312,0.0124078
262.5,1,198.446,0.0124243
262,1,197.58,0.0124414
261.5,1,196.714,0.0124577
261,1,195.847,0.0124728
260.5,1,194.981,0.0124894
260,1,194.115,0.012507
259.5,1,193.249,0.0125239
259,1,192.383,0.0125379
258.5,1,191.517,0.0125489
258,1,190.651,0.0125605
257.5,1,189.785,0.0125714
257,1,188.919,0.0125808
256.5,1,188.053,0.0125898
256,1,187.187,0.0125988
255.5,1,186.321,0.0126118
255,1,185.455,0.0126267
254.5,1,184.589,0.0126412
254,1,183.723,0.0126549
253.5,1,182.857,0.0126684
253,1,181.991,0.0126815
252.5,1,181.125,0.0126904
252,1,180.259,0.0126981
251.5,1,179.393,0.0127059
251,1,178.527,0.0127139
250.5,1,177.661,0.0127219
250,1,176.795,0.0127304
249.5,1,175.929,0.0127391
249,1,175.063,0.0127463
248.5,1,174.197,0.0127525
248,1,173.331,0.0127583
247.5,1,172.465,0.0127644
247,1,171.599,0.0127706
246.5,1,170.733,0.0127748
246,1,169.867,0.0127732
245.5,1,169.001,0.012771
245,1,168.135,0.0127683
244.5,1,167.269,0.012771
244,1,166.403,0.0127737
243.5,1,165.537,0.0127761
243,1,164.671,0.0127781
242.5,1,163.805,0.0127793
242,1,162.939,0.0127799
241.5,1,162.072,0.0127827
241,1,161.206,0.0127864
240.5,1,160.34,0.01279
240,1,159.474,0.0127893
239.5,1,158.608,0.0127855
239,1,157.742,0.0127818
238.5,1,156.876,0.0127802
238,1,156.01,0.0127817
237.5,1,155.144,0.0127834
237,1,154.278,0.0127857
236.5,1,153.412,0.0127891
236,1,152.546,0.0127927
235.5,1,151.68,0.0127973
235,1,150.814,0.0128052
234.5,1,149.948,0.0128134
234,1,149.082,0.0128218
233.5,1,148.216,0.0128272
233,1,147.35,0.0128324
232.5,1,146.484,0.0128376
232,1,145.618,0.012844
231.5,1,144.752,0.0128507
231,1,143.886,0.0128571
230.5,1,143.02,0.0128682
230,1,142.154,0.0128822
229.5,1,141.288,0.012896
229,1,140.422,0.0129082
228.5,1,139.556,0.0129183
228,1,138.69,0.012928
227.5,1,137.824,0.0129358
227,1,136.958,0.0129398
226.5,1,136.092,0.0129432
226,1,135.226,0.0129462
225.5,1,134.36,0.0129492
225,1,133.494,0.0129515
224.5,1,132.628,0.0129535
224,1,131.762,0.0129587
223.5,1,130.896,0.0129633
223,1,130.03,0.0129673
222.5,1,129.164,0.01297
222,1,128.297,0.0129722
221.5,1,127.431,0.0129743
221,1,126.565,0.0129727
220.5,1,125.699,0.0129687
220,1,124.833,0.0129638
219.5,1,123.967,0.0129598
219,1,123.101,0.012957
218.5,1,122.235,0.012954
218,1,121.369,0.0129542
217.5,1,120.503,0.0129601
217,1,119.637,0.0129655
216.5,1,118.771,0.0129695
216,1,117.905,0.0129696
215.5,1,117.039,0.0129692
215,1,116.173,0.0129681
214.5,1,115.307,0.0129618
214,1,114.441,0.012955
213.5,1,113.575,0.0129481
213,1,112.709,0.0129422
212.5,1,111.843,0.0129364
212,1,110.977,0.0129304
211.5,1,110.111,0.0129282
211,1,109.245,0.0129274
210.5,1,108.379,0.0129265
210,1,107.513,0.0129233
209.5,1,106.647,0.0129182
209,1,105.781,0.0129128
208.5,1,104.915,0.0129081
208,1,104.049,0.0129045
207.5,1,103.183,0.0129008
207,1,102.317,0.0128956
206.5,1,101.451,0.0128863
206,1,100.585,0.0128771
205.5,1,99.7187,0.0128699
205,1,98.8526,0.0128807
204.5,1,97.9866,0.0128917
204,1,97.1206,0.0129029
203.5,1,96.2546,0.0128955
203,1,95.3885,0.0128858
202.5,1,94.5225,0.0128765
202,1,93.6565,0.0128787
201.5,1,92.7905,0.0128834
201,1,91.9244,0.0128877
200.5,1,91.0584,0.0128827
200,1,90.1924,0.0128727
