x,y,z,b
500,1,609.808,0.0124241
499.5,1,608.942,0.0123988
499,1,608.076,0.0124062
498.5,1,607.21,0.0124784
498,1,606.344,0.0125511
497.5,1,605.477,0.012605
497,1,604.611,0.0125873
496.5,1,603.745,0.0125665
496,1,602.879,0.0125454
495.5,1,602.013,0.0125574
495,1,601.147,0.0125673
494.5,1,600.281,0.0125752
494,1,599.415,0.0125544
493.5,1,598.549,0.0125285
493,1,597.683,0.012501
492.5,1,596.817,0.012502
492,1,595.951,0.0125115
491.5,1,595.085,0.0125188
491,1,594.219,0.0125253
490.5,1,593.353,0.0125355
490,1,592.487,0.0125482
489.5,1,591.621,0.0125625
489,1,590.755,0.0125799
488.5,1,589.889,0.0126022
488,1,589.023,0.012618
487.5,1,588.157,0.012607
487,1,587.291,0.0126004
486.5,1,586.425,0.012597
486,1,585.559,0.0125808
485.5,1,584.693,0.0125558
485,1,583.827,0.0125233
484.5,1,582.961,0.0125221
484,1,582.095,0.0125191
483.5,1,581.229,0.0125125
483,1,580.363,0.0125473
482.5,1,579.497,0.0125841
482,1,578.631,0.0126159
481.5,1,577.765,0.012704
481,1,576.899,0.0128212
480.5,1,576.033,0.0129316
480,1,575.167,0.013008
479.5,1,574.301,0.013057
479,1,573.435,0.0131087
478.5,1,572.569,0.0131457
478,1,571.703,0.0131509
477.5,1,570.836,0.0131587
477,1,569.97,0.0131693
476.5,1,569.104,0.0131784
476,1,568.238,0.0131875
475.5,1,567.372,0.0131969
475,1,566.506,0.0132265
474.5,1,565.64,0.0132534
474,1,564.774,0.0132795
473.5,1,563.908,0.0132926
473,1,563.042,0.0133016
472.5,1,562.176,0.0133081
472,1,561.31,0.0133019
471.5,1,560.444,0.0132897
471,1,559.578,0.0132772
470.5,1,558.712,0.0132557
470,1,557.846,0.0132289
469.5,1,556.98,0.0132042
469,1,556.114,0.0131825
468.5,1,555.248,0.0131688
468,1,554.382,0.0131594
467.5,1,553.516,0.0131664
467,1,552.65,0.01322
466.5,1,551.784,0.0132764
466,1,550.918,0.013338
465.5,1,550.052,0.0134433
465,1,549.186,0.0135462
464.5,1,548.32,0.0136468
464,1,547.454,0.0138277
463.5,1,546.588,0.014012
463,1,545.722,0.0141809
462.5,1,544.856,0.0143415
462,1,543.99,0.0145007
461.5,1,543.124,0.0146592
461,1,542.258,0.014883
460.5,1,541.392,0.0151447
460,1,540.526,0.0153847
459.5,1,539.66,0.0156501
459,1,538.794,0.0159663
458.5,1,537.928,0.0162877
458,1,537.061,0.0166011
457.5,1,536.195,0.016855
457,1,535.329,0.0171135
456.5,1,534.463,0.017355
456,1,533.597,0.017471
455.5,1,532.731,0.0176323
455,1,531.865,0.0178038
454.5,1,530.999,0.017783
454,1,530.133,0.0178012
453.5,1,529.267,0.0178657
453,1,528.401,0.0178193
452.5,1,527.535,0.017743
452,1,526.669,0.0176607
451.5,1,525.803,0.0176117
451,1,524.937,0.017577
450.5,1,524.071,0.0175505
450,1,523.205,0.0175178
449.5,1,522.339,0.0174691
449,1,521.473,0.0174209
448.5,1,520.607,0.0173998
448,1,519.741,0.0174233
447.5,1,518.875,0.0174475
447,1,518.009,0.017458
446.5,1,517.143,0.017401
446,1,516.277,0.0173449
445.5,1,515.411,0.0172902
445,1,514.545,0.0172551
444.5,1,513.679,0.017222
444,1,512.813,0.0171758
443.5,1,511.947,0.0171059
443,1,511.081,0.0170427
442.5,1,510.215,0.016991
442,1,509.349,0.016937
441.5,1,508.483,0.01687
441,1,507.617,0.0167737
440.5,1,506.751,0.016708
440,1,505.885,0.0166685
439.5,1,505.019,0.0166338
439,1,504.153,0.0166517
438.5,1,503.286,0.0167393
438,1,502.42,0.0168261
437.5,1,501.554,0.0169116
437,1,500.688,0.0169772
436.5,1,499.822,0.0170287
436,1,498.956,0.0170661
435.5,1,498.09,0.0171482
435,1,497.224,0.0172222
434.5,1,496.358,0.017288
434,1,495.492,0.017377
433.5,1,494.626,0.0174588
433,1,493.76,0.0175484
432.5,1,492.894,0.0177651
432,1,492.028,0.0180307
431.5,1,491.162,0.0183087
431,1,490.296,0.0188308
430.5,1,489.43,0.0194567
430,1,488.564,0.020072
429.5,1,487.698,0.0206579
429,1,486.832,0.0212107
428.5,1,485.966,0.0216835
428,1,485.1,0.0220406
427.5,1,484.234,0.0223687
427,1,483.368,0.0226683
426.5,1,482.502,0.0228882
426,1,481.636,0.0228225
425.5,1,480.77,0.0226914
425,1,479.904,0.0224305
424.5,1,479.038,0.0219485
424,1,478.172,0.0214253
423.5,1,477.306,0.0208624
423,1,476.44,0.0204033
422.5,1,475.574,0.019986
422,1,474.708,0.0196144
421.5,1,473.842,0.0195323
421,1,472.976,0.0196124
420.5,1,472.11,0.0197256
420,1,471.244,0.0200158
419.5,1,470.378,0.0204675
419,1,469.512,0.0208574
418.5,1,468.645,0.0209881
418,1,467.779,0.0207508
417.5,1,466.913,0.0204876
417,1,466.047,0.0201724
416.5,1,465.181,0.0198141
416,1,464.315,0.0194788
415.5,1,463.449,0.0191671
415,1,462.583,0.0189258
414.5,1,461.717,0.0187119
414,1,460.851,0.0185727
413.5,1,459.985,0.0185647
413,1,459.119,0.0185848
412.5,1,458.253,0.0186217
412,1,457.387,0.0188548
411.5,1,456.521,0.0191867
411,1,455.655,0.01954
410.5,1,454.789,0.0195303
410,1,453.923,0.0184137
409.5,1,453.057,0.0174845
409,1,452.191,0.0175239
408.5,1,451.325,0.0175806
408,1,450.459,0.0177275
407.5,1,449.593,0.0183226
407,1,448.727,0.0189319
406.5,1,447.861,0.0195192
406,1,446.995,0.0197736
405.5,1,446.129,0.0198721
405,1,445.263,0.0199293
404.5,1,444.397,0.020235
404,1,443.531,0.0207032
403.5,1,442.665,0.0216465
403,1,441.799,0.0224833
402.5,1,440.933,0.0232005
402,1,440.067,0.0237392
401.5,1,439.201,0.0238488
401,1,438.335,0.0233437
400.5,1,437.469,0.0225416
400,1,436.603,0.0217553
399.5,1,435.737,0.0213597
399,1,434.87,0.0212076
398.5,1,434.004,0.0211418
398,1,433.138,0.0212656
397.5,1,432.272,0.0214801
397,1,431.406,0.0218171
396.5,1,430.54,0.0222971
396,1,429.674,0.0230878
395.5,1,428.808,0.0239924
395,1,427.942,0.0237489
394.5,1,427.076,0.025605
394,1,426.21,0.025055
393.5,1,425.344,0.0241343
393,1,424.478,0.0242858
392.5,1,423.612,0.0259883
392,1,422.746,0.0273824
391.5,1,421.88,0.0290926
391,1,421.014,0.0310532
390.5,1,420.148,0.0321643
390,1,419.282,0.0325809
389.5,1,418.416,0.0327895
389,1,417.55,0.0326482
388.5,1,416.684,0.0318079
388,1,415.818,0.0408669
387.5,1,414.952,0.0571144
387,1,414.086,0.065049
386.5,1,413.22,0.0662764
386,1,412.354,0.0672453
385.5,1,411.488,0.0680632
385,1,410.622,0.0675549
384.5,1,409.756,0.0670828
384,1,408.89,0.0670473
383.5,1,408.024,0.0672045
383,1,407.158,0.0672844
382.5,1,406.292,0.0669621
382,1,405.426,0.0668632
381.5,1,404.56,0.0669876
381,1,403.694,0.0673354
380.5,1,402.828,0.0679066
380,1,401.962,0.0686157
379.5,1,401.095,0.0673001
379,1,400.229,0.0660249
378.5,1,399.363,0.064807
378,1,398.497,0.0636462
377.5,1,397.631,0.0625427
377,1,396.765,0.0606823
376.5,1,395.899,0.058414
376,1,395.033,0.055917
375.5,1,394.167,0.0562597
375,1,393.301,0.0579599
374.5,1,392.435,0.0568798
374,1,391.569,0.0560837
373.5,1,390.703,0.056148
373,1,389.837,0.0575765
372.5,1,388.971,0.058915
372,1,388.105,0.0590481
371.5,1,387.239,0.0613222
371,1,386.373,0.0623909
370.5,1,385.507,0.0633702
370,1,384.641,0.064304
369.5,1,383.775,0.0652096
369,1,382.909,0.0659438
368.5,1,382.043,0.0670044
368,1,381.177,0.0677266
367.5,1,380.311,0.0667142
367,1,379.445,0.0654412
366.5,1,378.579,0.0642
366,1,377.713,0.0627215
365.5,1,376.847,0.0620779
365,1,375.981,0.0613704
364.5,1,375.115,0.0608882
364,1,374.249,0.0608488
363.5,1,373.383,0.0611484
363,1,372.517,0.0617308
362.5,1,371.651,0.0625394
362,1,370.785,0.0631818
361.5,1,369.919,0.0640918
361,1,369.053,0.0651584
360.5,1,368.187,0.0662957
360,1,367.321,0.0668538
359.5,1,366.454,0.0665058
359,1,365.588,0.0653892
358.5,1,364.722,0.0641786
358,1,363.856,0.0630376
357.5,1,362.99,0.0629274
357,1,362.124,0.0629906
356.5,1,361.258,0.0630259
356,1,360.392,0.0620598
355.5,1,359.526,0.0616062
355,1,358.66,0.0609927
354.5,1,357.794,0.0603651
354,1,356.928,0.0597622
353.5,1,356.062,0.0593186
353,1,355.196,0.0587165
352.5,1,354.33,0.0579448
352,1,353.464,0.0570724
351.5,1,352.598,0.055956
351,1,351.732,0.0546923
350.5,1,350.866,0.0541386
350,1,350,0.0543041
349.5,1,349.134,0.054617
349,1,348.268,0.0558852
348.5,1,347.402,0.0585884
348,1,346.536,0.0618061
347.5,1,345.67,0.0646229
347,1,344.804,0.064899
346.5,1,343.938,0.0644008
346,1,343.072,0.0639887
345.5,1,342.206,0.0629405
345,1,341.34,0.0615836
344.5,1,340.474,0.0649093
344,1,339.608,0.0686963
343.5,1,338.742,0.0684596
343,1,337.876,0.0674695
342.5,1,337.01,0.0654187
342,1,336.144,0.0629812
341.5,1,335.278,0.0616546
341,1,334.412,0.0588005
340.5,1,333.546,0.056352
340,1,332.679,0.0546094
339.5,1,331.813,0.0538544
339,1,330.947,0.053829
338.5,1,330.081,0.0540921
338,1,329.215,0.0551938
337.5,1,328.349,0.0568103
337,1,327.483,0.0587878
336.5,1,326.617,0.0608495
336,1,325.751,0.0627798
335.5,1,324.885,0.0646096
335,1,324.019,0.0662051
334.5,1,323.153,0.0672109
334,1,322.287,0.06749
333.5,1,321.421,0.0674047
333,1,320.555,0.0671095
332.5,1,319.689,0.0666021
332,1,318.823,0.0663132
331.5,1,317.957,0.0662902
331,1,317.091,0.0668294
330.5,1,316.225,0.0675009
330,1,315.359,0.0685075
329.5,1,314.493,0.070064
329,1,313.627,0.0714404
328.5,1,312.761,0.0729739
328,1,311.895,0.074787
327.5,1,311.029,0.0757876
327,1,310.163,0.0761356
326.5,1,309.297,0.076807
326,1,308.431,0.0775955
325.5,1,307.565,0.0781133
325,1,306.699,0.0798907
324.5,1,305.833,0.0817557
324,1,304.967,0.0837567
323.5,1,304.101,0.0856454
323,1,303.235,0.0865085
322.5,1,302.369,0.0851429
322,1,301.503,0.0821739
321.5,1,300.637,0.0779268
321,1,299.771,0.0728771
320.5,1,298.905,0.0684305
320,1,298.038,0.0653311
319.5,1,297.172,0.0632214
319,1,296.306,0.0628183
318.5,1,295.44,0.064184
318,1,294.574,0.0670919
317.5,1,293.708,0.0695237
317,1,292.842,0.0715551
316.5,1,291.976,0.0708962
316,1,291.11,0.0696236
315.5,1,290.244,0.068119
315,1,289.378,0.0663823
314.5,1,288.512,0.0644136
314,1,287.646,0.0644256
313.5,1,286.78,0.0658638
313,1,285.914,0.068525
312.5,1,285.048,0.0708634
312,1,284.182,0.0722997
311.5,1,283.316,0.074572
311,1,282.45,0.0759421
310.5,1,281.584,0.0769399
310,1,280.718,0.077185
309.5,1,279.852,0.0776294
309,1,278.986,0.0782733
308.5,1,278.12,0.0778748
308,1,277.254,0.0787716
307.5,1,276.388,0.0789354
307,1,275.522,0.07859
306.5,1,274.656,0.0788143
306,1,273.79,0.0791662
305.5,1,272.924,0.0800805
305,1,272.058,0.0815469
304.5,1,271.192,0.0810746
304,1,270.326,0.0803672
303.5,1,269.46,0.079943
303,1,268.594,0.0778289
302.5,1,267.728,0.0758028
302,1,266.862,0.0738183
301.5,1,265.996,0.0715718
301,1,265.13,0.0697057
300.5,1,264.263,0.0680543
300,1,263.397,0.0668505
299.5,1,262.531,0.065597
299,1,261.665,0.0636771
298.5,1,260.799,0.0618475
298,1,259.933,0.0604168
297.5,1,259.067,0.0591578
297,1,258.201,0.0577844
296.5,1,257.335,0.0556533
296,1,256.469,0.0538749
295.5,1,255.603,0.0522428
295,1,254.737,0.0498422
294.5,1,253.871,0.0467588
294,1,253.005,0.0429925
293.5,1,252.139,0.0392316
293,1,251.273,0.0357588
292.5,1,250.407,0.0323571
292,1,249.541,0.0293993
291.5,1,248.675,0.0268271
291,1,247.809,0.0253637
290.5,1,246.943,0.0238425
290,1,246.077,0.0231668
289.5,1,245.211,0.0208343
289,1,244.345,0.0186484
288.5,1,243.479,0.0172574
288,1,242.613,0.0158833
287.5,1,241.747,0.0150006
287,1,240.881,0.0148336
286.5,1,240.015,0.0147187
286,1,239.149,0.0146687
285.5,1,238.283,0.0147454
285,1,237.417,0.0148421
284.5,1,236.551,0.0149537
284,1,235.685,0.0150159
283.5,1,234.819,0.0150689
283,1,233.953,0.0151147
282.5,1,233.087,0.0151442
282,1,232.221,0.01517
281.5,1,231.355,0.0151955
281,1,230.488,0.0152447
280.5,1,229.622,0.015307
280,1,228.756,0.0153674
279.5,1,227.89,0.015399
279,1,227.024,0.0153976
278.5,1,226.158,0.0153887
278,1,225.292,0.0153853
277.5,1,224.426,0.0154038
277,1,223.56,0.0154236
276.5,1,222.694,0.0154525
276,1,221.828,0.0155186
275.5,1,220.962,0.0155775
275,1,220.096,0.0156326
274.5,1,219.23,0.0158195
274,1,218.364,0.016004
273.5,1,217.498,0.0161874
273,1,216.632,0.0162063
272.5,1,215.766,0.0162044
272,1,214.9,0.016206
271.5,1,214.034,0.0161859
271,1,213.168,0.0161733
270.5,1,212.302,0.0161778
270,1,211.436,0.016157
269.5,1,210.57,0.0161038
269,1,209.704,0.0160492
268.5,1,208.838,0.0160105
268,1,207.972,0.0159951
267.5,1,207.106,0.0159791
267,1,206.24,0.0159447
266.5,1,205.374,0.0158426
266,1,204.508,0.0157291
265.5,1,203.642,0.0156083
265,1,202.776,0.0156081
264.5,1,201.91,0.0156019
264,1,201.044,0.0155896
263.5,1,200.178,0.0154509
263,1,199.312,0.0152819
262.5,1,198.446,0.0150891
262,1,197.58,0.0151327
261.5,1,196.714,0.0152578
261,1,195.847,0.0153948
260.5,1,194.981,0.0152644
260,1,194.115,0.0149463
259.5,1,193.249,0.0146272
259,1,192.383,0.0145538
258.5,1,191.517,0.0147817
258,1,190.651,0.0150223
257.5,1,189.785,0.0151305
257,1,188.919,0.0149137
256.5,1,188.053,0.0147023
256,1,187.187,0.0145485
255.5,1,186.321,0.0147377
255,1,185.455,0.0149399
254.5,1,184.589,0.015136
254,1,183.723,0.0149431
253.5,1,182.857,0.0147529
253,1,181.991,0.0145741
252.5,1,181.125,0.0146891
252,1,180.259,0.0148685
251.5,1,179.393,0.0150503
251,1,178.527,0.0149517
250.5,1,177.661,0.0146903
250,1,176.795,0.0144103
249.5,1,175.929,0.0144463
249,1,175.063,0.0147842
248.5,1,174.197,0.0151102
248,1,173.331,0.0151838
247.5,1,172.465,0.0147936
247,1,171.599,0.0144061
246.5,1,170.733,0.0141569
246,1,169.867,0.014557
245.5,1,169.001,0.0149856
245,1,168.135,0.0154252
244.5,1,167.269,0.0153544
244,1,166.403,0.0152371
243.5,1,165.537,0.0150685
243,1,164.671,0.0152661
242.5,1,163.805,0.0155228
242,1,162.939,0.015783
241.5,1,162.072,0.0158659
241,1,161.206,0.0158529
240.5,1,160.34,0.0158163
240,1,159.474,0.0160094
239.5,1,158.608,0.0163915
239,1,157.742,0.0167749
238.5,1,156.876,0.016952
238,1,156.01,0.0168175
237.5,1,155.144,0.016665
237,1,154.278,0.0165661
236.5,1,153.412,0.0166809
236,1,152.546,0.0167827
235.5,1,151.68,0.0168395
235,1,150.814,0.0165155
234.5,1,149.948,0.0162434
234,1,149.082,0.0160231
233.5,1,148.216,0.0160158
233,1,147.35,0.0159829
232.5,1,146.484,0.0158966
232,1,145.618,0.0159212
231.5,1,144.752,0.0160376
231,1,143.886,0.0162096
230.5,1,143.02,0.0161744
230,1,142.154,0.0159699
229.5,1,141.288,0.0157367
229,1,140.422,0.0157065
228.5,1,139.556,0.0159554
228,1,138.69,0.0162216
227.5,1,137.824,0.0163329
227,1,136.958,0.0160605
226.5,1,136.092,0.0157791
226,1,135.226,0.0155767
225.5,1,134.36,0.0158899
225,1,133.494,0.0162044
224.5,1,132.628,0.0165082
224,1,131.762,0.0162557
223.5,1,130.896,0.0159897
223,1,130.03,0.0157168
222.5,1,129.164,0.0158089
222,1,128.297,0.015976
221.5,1,127.431,0.0161415
221,1,126.565,0.0160658
220.5,1,125.699,0.0158787
220,1,124.833,0.0157014
219.5,1,123.967,0.0156287
219,1,123.101,0.0156181
218.5,1,122.235,0.0155824
218,1,121.369,0.015528
217.5,1,120.503,0.0154995
217,1,119.637,0.0155082
216.5,1,118.771,0.0155128
216,1,117.905,0.0153795
215.5,1,117.039,0.015217
215,1,116.173,0.015038
214.5,1,115.307,0.015132
214,1,114.441,0.0152365
213.5,1,113.575,0.015347
213,1,112.709,0.0152257
212.5,1,111.843,0.0150713
212,1,110.977,0.0149137
211.5,1,110.111,0.0149793
211,1,109.245,0.0151399
210.5,1,108.379,0.0153135
210,1,107.513,0.0153041
209.5,1,106.647,0.0151492
209,1,105.781,0.0149917
208.5,1,104.915,0.0149363
208,1,104.049,0.0150273
207.5,1,103.183,0.0151156
207,1,102.317,0.015156
206.5,1,101.451,0.0150637
206,1,100.585,0.0149683
205.5,1,99.7187,0.0148896
205,1,98.8526,0.0149617
204.5,1,97.9866,0.0150308
204,1,97.1206,0.0150971
203.5,1,96.2546,0.0149882
203,1,95.3885,0.0148734
202.5,1,94.5225,0.0147648
202,1,93.6565,0.0147651
201.5,1,92.7905,0.0147937
201,1,91.9244,0.0148218
200.5,1,91.0584,0.0147983
200,1,90.1924,0.0147498
