x,y,z,b
500,1,609.808,0.0123192
499.5,1,608.942,0.0123349
499,1,608.076,0.0123579
498.5,1,607.21,0.012395
498,1,606.344,0.0124304
497.5,1,605.477,0.0124605
497,1,604.611,0.0124767
496.5,1,603.745,0.012492
496,1,602.879,0.0125054
495.5,1,602.013,0.0125006
495,1,601.147,0.0124952
494.5,1,600.281,0.0124893
494,1,599.415,0.0124525
493.5,1,598.549,0.0124118
493,1,597.683,0.0123709
492.5,1,596.817,0.0123313
492,1,595.951,0.0122924
491.5,1,595.085,0.0122539
491,1,594.219,0.0122224
490.5,1,593.353,0.0121979
490,1,592.487,0.0121755
489.5,1,591.621,0.0121582
489,1,590.755,0.0121472
488.5,1,589.889,0.0121372
488,1,589.023,0.0121321
487.5,1,588.157,0.0121366
487,1,587.291,0.0121406
486.5,1,586.425,0.0121447
486,1,585.559,0.0121524
485.5,1,584.693,0.0121586
485,1,583.827,0.0121626
484.5,1,582.961,0.0121594
484,1,582.095,0.0121531
483.5,1,581.229,0.0121438
483,1,580.363,0.0121346
482.5,1,579.497,0.0121238
482,1,578.631,0.0121107
481.5,1,577.765,0.0121076
481,1,576.899,0.01211
480.5,1,576.033,0.012111
480,1,575.167,0.012115
479.5,1,574.301,0.0121232
479,1,573.435,0.0121308
478.5,1,572.569,0.0121356
478,1,571.703,0.0121373
477.5,1,570.836,0.0121399
477,1,569.97,0.0121425
476.5,1,569.104,0.0121414
476,1,568.238,0.0121421
475.5,1,567.372,0.0121447
475,1,566.506,0.0121538
474.5,1,565.64,0.0121637
474,1,564.774,0.0121739
473.5,1,563.908,0.0121747
473,1,563.042,0.0121743
472.5,1,562.176,0.0121745
472,1,561.31,0.0121494
471.5,1,560.444,0.0121139
471,1,559.578,0.0120818
470.5,1,558.712,0.0120094
470,1,557.846,0.0119023
469.5,1,556.98,0.011797
469,1,556.114,0.0116992
468.5,1,555.248,0.0116144
468,1,554.382,0.0115279
467.5,1,553.516,0.011452
467,1,552.65,0.0114179
466.5,1,551.784,0.0113808
466,1,550.918,0.0113426
465.5,1,550.052,0.0113326
465,1,549.186,0.0113209
464.5,1,548.32,0.0113076
464,1,547.454,0.0113062
463.5,1,546.588,0.0113055
463,1,545.722,0.0113044
462.5,1,544.856,0.0113113
462,1,543.99,0.0113198
461.5,1,543.124,0.0113273
461,1,542.258,0.0113434
460.5,1,541.392,0.0113646
460,1,540.526,0.0113846
459.5,1,539.66,0.0113986
459,1,538.794,0.0114047
458.5,1,537.928,0.0114076
458,1,537.061,0.011418
457.5,1,536.195,0.0114559
457,1,535.329,0.0114897
456.5,1,534.463,0.0115267
456,1,533.597,0.0116107
455.5,1,532.731,0.0116914
455,1,531.865,0.01177
454.5,1,530.999,0.0119081
454,1,530.133,0.0120445
453.5,1,529.267,0.012177
453,1,528.401,0.0124127
452.5,1,527.535,0.0126702
452,1,526.669,0.0129221
451.5,1,525.803,0.0131955
451,1,524.937,0.013475
450.5,1,524.071,0.0137452
450,1,523.205,0.0139813
449.5,1,522.339,0.014177
449,1,521.473,0.0143586
448.5,1,520.607,0.0144886
448,1,519.741,0.0145281
447.5,1,518.875,0.0145572
447,1,518.009,0.014561
446.5,1,517.143,0.0144875
446,1,516.277,0.0144061
445.5,1,515.411,0.0143147
445,1,514.545,0.0141275
444.5,1,513.679,0.0139487
444,1,512.813,0.0137966
443.5,1,511.947,0.0137385
443,1,511.081,0.013713
442.5,1,510.215,0.0137094
442,1,509.349,0.0139066
441.5,1,508.483,0.0142287
441,1,507.617,0.0145709
440.5,1,506.751,0.0150306
440,1,505.885,0.0156075
439.5,1,505.019,0.016232
439,1,504.153,0.0166839
438.5,1,503.286,0.0168343
438,1,502.42,0.0170386
437.5,1,501.554,0.016847
437,1,500.688,0.0167224
436.5,1,499.822,0.0176912
436,1,498.956,0.0191793
435.5,1,498.09,0.0206313
435,1,497.224,0.0220471
434.5,1,496.358,0.0233715
434,1,495.492,0.0246001
433.5,1,494.626,0.025871
433,1,493.76,0.0272373
432.5,1,492.894,0.0285034
432,1,492.028,0.0296692
431.5,1,491.162,0.0307349
431,1,490.296,0.0317003
430.5,1,489.43,0.0325513
430,1,488.564,0.0327964
429.5,1,487.698,0.0329702
429,1,486.832,0.0331431
428.5,1,485.966,0.0305028
428,1,485.1,0.0295626
427.5,1,484.234,0.0295149
427,1,483.368,0.0294798
426.5,1,482.502,0.0293923
426,1,481.636,0.0289256
425.5,1,480.77,0.0270577
425,1,479.904,0.0269359
424.5,1,479.038,0.0271924
424,1,478.172,0.0274637
423.5,1,477.306,0.0280571
423,1,476.44,0.0289449
422.5,1,475.574,0.0307922
422,1,474.708,0.0325988
421.5,1,473.842,0.0344311
421,1,472.976,0.0347571
420.5,1,472.11,0.0357035
420,1,471.244,0.0355882
419.5,1,470.378,0.0346121
419,1,469.512,0.0327155
418.5,1,468.645,0.032151
418,1,467.779,0.0323227
417.5,1,466.913,0.0331336
417,1,466.047,0.0339768
416.5,1,465.181,0.0347616
416,1,464.315,0.035488
415.5,1,463.449,0.036156
415,1,462.583,0.0367656
414.5,1,461.717,0.0371144
414,1,460.851,0.0371443
413.5,1,459.985,0.0370943
413,1,459.119,0.0369645
412.5,1,458.253,0.0365672
412,1,457.387,0.0361958
411.5,1,456.521,0.035899
411,1,455.655,0.0355502
410.5,1,454.789,0.0352928
410,1,453.923,0.0350433
409.5,1,453.057,0.0352991
409,1,452.191,0.0354755
408.5,1,451.325,0.0348762
408,1,450.459,0.0341989
407.5,1,449.593,0.0336326
407,1,448.727,0.0332222
406.5,1,447.861,0.0329108
406,1,446.995,0.032669
405.5,1,446.129,0.0321945
405,1,445.263,0.0317631
404.5,1,444.397,0.0313748
404,1,443.531,0.0318113
403.5,1,442.665,0.0318491
403,1,441.799,0.0320106
402.5,1,440.933,0.03253
402,1,440.067,0.0332708
401.5,1,439.201,0.0333537
401,1,438.335,0.0331493
400.5,1,437.469,0.0328283
400,1,436.603,0.0326083
399.5,1,435.737,0.032208
399,1,434.87,0.032081
398.5,1,434.004,0.0323377
398,1,433.138,0.0334666
397.5,1,432.272,0.0348846
397,1,431.406,0.0363786
396.5,1,430.54,0.0377186
396,1,429.674,0.0392282
395.5,1,428.808,0.0415228
395,1,427.942,0.0447944
394.5,1,427.076,0.0485048
394,1,426.21,0.0515188
393.5,1,425.344,0.0527466
393,1,424.478,0.0529296
392.5,1,423.612,0.054896
392,1,422.746,0.0589416
391.5,1,421.88,0.0626278
391,1,421.014,0.0629025
390.5,1,420.148,0.0626573
390,1,419.282,0.0619204
389.5,1,418.416,0.0611161
389,1,417.55,0.0599626
388.5,1,416.684,0.058841
388,1,415.818,0.058363
387.5,1,414.952,0.0585028
387,1,414.086,0.0589754
386.5,1,413.22,0.0584393
386,1,412.354,0.0579496
385.5,1,411.488,0.057531
385,1,410.622,0.0568925
384.5,1,409.756,0.0561531
384,1,408.89,0.0552201
383.5,1,408.024,0.0531026
383,1,407.158,0.04973
382.5,1,406.292,0.0463041
382,1,405.426,0.0423226
381.5,1,404.56,0.0430908
381,1,403.694,0.0444773
380.5,1,402.828,0.0462746
380,1,401.962,0.0481048
379.5,1,401.095,0.049929
379,1,400.229,0.0515527
378.5,1,399.363,0.0561013
378,1,398.497,0.0612957
377.5,1,397.631,0.0627441
377,1,396.765,0.0626452
376.5,1,395.899,0.0632408
376,1,395.033,0.0643219
375.5,1,394.167,0.0637825
375,1,393.301,0.0633615
374.5,1,392.435,0.0630626
374,1,391.569,0.0618257
373.5,1,390.703,0.0608255
373,1,389.837,0.0606249
372.5,1,388.971,0.0652803
372,1,388.105,0.0691692
371.5,1,387.239,0.074686
371,1,386.373,0.0773954
370.5,1,385.507,0.0805691
370,1,384.641,0.0834605
369.5,1,383.775,0.0843001
369,1,382.909,0.0831973
368.5,1,382.043,0.0818379
368,1,381.177,0.0799831
367.5,1,380.311,0.0788542
367,1,379.445,0.0783224
366.5,1,378.579,0.0778071
366,1,377.713,0.0762826
365.5,1,376.847,0.0752398
365,1,375.981,0.074416
364.5,1,375.115,0.0738115
364,1,374.249,0.0735119
363.5,1,373.383,0.0733261
363,1,372.517,0.0727852
362.5,1,371.651,0.0719796
362,1,370.785,0.0710093
361.5,1,369.919,0.0700342
361,1,369.053,0.0691572
360.5,1,368.187,0.0682726
360,1,367.321,0.06773
359.5,1,366.454,0.0679045
359,1,365.588,0.0685133
358.5,1,364.722,0.0690171
358,1,363.856,0.0696515
357.5,1,362.99,0.0710501
357,1,362.124,0.0727421
356.5,1,361.258,0.0724215
356,1,360.392,0.0723419
355.5,1,359.526,0.072709
355,1,358.66,0.0718053
354.5,1,357.794,0.0701215
354,1,356.928,0.0673505
353.5,1,356.062,0.0628112
353,1,355.196,0.0689083
352.5,1,354.33,0.0674574
352,1,353.464,0.0627193
351.5,1,352.598,0.0574497
351,1,351.732,0.0500048
350.5,1,350.866,0.0410767
350,1,350,0.0371558
349.5,1,349.134,0.0364932
349,1,348.268,0.0395841
348.5,1,347.402,0.0426257
348,1,346.536,0.0462767
347.5,1,345.67,0.0509063
347,1,344.804,0.0527749
346.5,1,343.938,0.051146
346,1,343.072,0.0461559
345.5,1,342.206,0.0418792
345,1,341.34,0.0397589
344.5,1,340.474,0.0388296
344,1,339.608,0.0370569
343.5,1,338.742,0.0361168
343,1,337.876,0.0352546
342.5,1,337.01,0.0337282
342,1,336.144,0.0335902
341.5,1,335.278,0.0333839
341,1,334.412,0.0332095
340.5,1,333.546,0.0333178
340,1,332.679,0.0364494
339.5,1,331.813,0.0440695
339,1,330.947,0.0562958
338.5,1,330.081,0.0705152
338,1,329.215,0.0798908
337.5,1,328.349,0.0847753
337,1,327.483,0.0867195
336.5,1,326.617,0.0927368
336,1,325.751,0.0924068
335.5,1,324.885,0.0918725
335,1,324.019,0.0980337
334.5,1,323.153,0.0985071
334,1,322.287,0.100825
333.5,1,321.421,0.104883
333,1,320.555,0.109356
332.5,1,319.689,0.115336
332,1,318.823,0.119616
331.5,1,317.957,0.1218
331,1,317.091,0.123581
330.5,1,316.225,0.124827
330,1,315.359,0.12629
329.5,1,314.493,0.128966
329,1,313.627,0.13143
328.5,1,312.761,0.134533
328,1,311.895,0.135986
327.5,1,311.029,0.135783
327,1,310.163,0.134658
326.5,1,309.297,0.134827
326,1,308.431,0.135405
325.5,1,307.565,0.132593
325,1,306.699,0.127682
324.5,1,305.833,0.121701
324,1,304.967,0.115296
323.5,1,304.101,0.107049
323,1,303.235,0.0896248
322.5,1,302.369,0.0677618
322,1,301.503,0.0439812
321.5,1,300.637,0.0309782
321,1,299.771,0.0228089
320.5,1,298.905,0.0199154
320,1,298.038,0.0210062
319.5,1,297.172,0.022514
319,1,296.306,0.0226312
318.5,1,295.44,0.022262
318,1,294.574,0.0218992
317.5,1,293.708,0.0218358
317,1,292.842,0.0173217
316.5,1,291.976,0.0153676
316,1,291.11,0.0142773
315.5,1,290.244,0.0132023
315,1,289.378,0.0122347
314.5,1,288.512,0.0118545
314,1,287.646,0.0115495
313.5,1,286.78,0.0117889
313,1,285.914,0.0120786
312.5,1,285.048,0.0123975
312,1,284.182,0.0130814
311.5,1,283.316,0.0137469
311,1,282.45,0.0141696
310.5,1,281.584,0.0141151
310,1,280.718,0.0139835
309.5,1,279.852,0.0137627
309,1,278.986,0.013496
308.5,1,278.12,0.0132075
308,1,277.254,0.0130998
307.5,1,276.388,0.013134
307,1,275.522,0.0132858
306.5,1,274.656,0.0135423
306,1,273.79,0.0138816
305.5,1,272.924,0.0143957
305,1,272.058,0.0145117
304.5,1,271.192,0.0149932
304,1,270.326,0.0165769
303.5,1,269.46,0.0171341
303,1,268.594,0.0168029
302.5,1,267.728,0.0163491
302,1,266.862,0.0159211
301.5,1,265.996,0.015724
301,1,265.13,0.0156202
300.5,1,264.263,0.0155166
300,1,263.397,0.0153473
299.5,1,262.531,0.0151383
299,1,261.665,0.0149493
298.5,1,260.799,0.0148066
298,1,259.933,0.014721
297.5,1,259.067,0.0146411
297,1,258.201,0.0145801
296.5,1,257.335,0.0145747
296,1,256.469,0.0145826
295.5,1,255.603,0.0145956
295,1,254.737,0.0145706
294.5,1,253.871,0.0145475
294,1,253.005,0.0145262
293.5,1,252.139,0.0145057
293,1,251.273,0.0144863
292.5,1,250.407,0.0144682
292,1,249.541,0.0144779
291.5,1,248.675,0.0144953
291,1,247.809,0.0145122
290.5,1,246.943,0.0145425
290,1,246.077,0.0145803
289.5,1,245.211,0.0146169
289,1,244.345,0.0146458
288.5,1,243.479,0.0146618
288,1,242.613,0.0146751
287.5,1,241.747,0.0146878
287,1,240.881,0.0147085
286.5,1,240.015,0.0147247
286,1,239.149,0.0147333
285.5,1,238.283,0.0147207
285,1,237.417,0.0147088
284.5,1,236.551,0.0146946
284,1,235.685,0.0147031
283.5,1,234.819,0.0147135
283,1,233.953,0.0147249
282.5,1,233.087,0.0147189
282,1,232.221,0.0147044
281.5,1,231.355,0.0146864
281,1,230.488,0.0146748
280.5,1,229.622,0.0146676
280,1,228.756,0.0146614
279.5,1,227.89,0.0146371
279,1,227.024,0.0145939
278.5,1,226.158,0.0145511
278,1,225.292,0.0145183
277.5,1,224.426,0.0145057
277,1,223.56,0.0144976
276.5,1,222.694,0.0144835
276,1,221.828,0.0144414
275.5,1,220.962,0.0144014
275,1,220.096,0.0143639
274.5,1,219.23,0.014342
274,1,218.364,0.0143213
273.5,1,217.498,0.0143014
273,1,216.632,0.0142733
272.5,1,215.766,0.014243
272,1,214.9,0.0142118
271.5,1,214.034,0.0141902
271,1,213.168,0.0141748
270.5,1,212.302,0.014161
270,1,211.436,0.0141324
269.5,1,210.57,0.0140886
269,1,209.704,0.014041
268.5,1,208.838,0.0140029
268,1,207.972,0.0139826
267.5,1,207.106,0.0139613
267,1,206.24,0.0139387
266.5,1,205.374,0.0139128
266,1,204.508,0.013883
265.5,1,203.642,0.0138527
265,1,202.776,0.0138339
264.5,1,201.91,0.0138161
264,1,201.044,0.0137992
263.5,1,200.178,0.0137731
263,1,199.312,0.0137468
262.5,1,198.446,0.0137223
262,1,197.58,0.0137075
261.5,1,196.714,0.0136974
261,1,195.847,0.0136876
260.5,1,194.981,0.0136814
260,1,194.115,0.013681
259.5,1,193.249,0.0136814
259,1,192.383,0.0136765
258.5,1,191.517,0.0136638
258,1,190.651,0.0136453
257.5,1,189.785,0.0136238
257,1,188.919,0.013601
256.5,1,188.053,0.0135782
256,1,187.187,0.0135544
255.5,1,186.321,0.013524
255,1,185.455,0.0134926
254.5,1,184.589,0.0134624
254,1,183.723,0.0134549
253.5,1,182.857,0.0134476
253,1,181.991,0.0134399
252.5,1,181.125,0.0134525
252,1,180.259,0.0134706
251.5,1,179.393,0.0134897
251,1,178.527,0.0134963
250.5,1,177.661,0.013496
250,1,176.795,0.0134948
249.5,1,175.929,0.0134909
249,1,175.063,0.0134845
248.5,1,174.197,0.0134768
248,1,173.331,0.0134772
247.5,1,172.465,0.0134949
247,1,171.599,0.0135029
246.5,1,170.733,0.0135101
246,1,169.867,0.0135241
245.5,1,169.001,0.0135386
245,1,168.135,0.0135537
244.5,1,167.269,0.0135653
244,1,166.403,0.0135736
243.5,1,165.537,0.0135802
243,1,164.671,0.0135643
242.5,1,163.805,0.0135505
242,1,162.939,0.0135423
241.5,1,162.072,0.0135325
241,1,161.206,0.0135224
240.5,1,160.34,0.0135124
240,1,159.474,0.0134995
239.5,1,158.608,0.013484
239,1,157.742,0.0134652
238.5,1,156.876,0.0134495
238,1,156.01,0.0134407
237.5,1,155.144,0.0134308
237,1,154.278,0.0134143
236.5,1,153.412,0.0133816
236,1,152.546,0.0133476
235.5,1,151.68,0.0133174
235,1,150.814,0.0133042
234.5,1,149.948,0.0132886
234,1,149.082,0.0132707
233.5,1,148.216,0.0132162
233,1,147.35,0.0131631
232.5,1,146.484,0.0131147
232,1,145.618,0.0130864
231.5,1,144.752,0.0130612
231,1,143.886,0.0130347
230.5,1,143.02,0.013011
230,1,142.154,0.0129894
229.5,1,141.288,0.0129721
229,1,140.422,0.0129601
228.5,1,139.556,0.0129504
228,1,138.69,0.0129441
227.5,1,137.824,0.0129493
227,1,136.958,0.0129769
226.5,1,136.092,0.0130054
226,1,135.226,0.0130302
225.5,1,134.36,0.0130279
225,1,133.494,0.0130262
224.5,1,132.628,0.0130234
224,1,131.762,0.0130252
223.5,1,130.896,0.0130269
223,1,130.03,0.0130285
222.5,1,129.164,0.0130308
222,1,128.297,0.0130317
221.5,1,127.431,0.0130306
221,1,126.565,0.0130355
220.5,1,125.699,0.0130443
220,1,124.833,0.0130536
219.5,1,123.967,0.0130572
219,1,123.101,0.0130541
218.5,1,122.235,0.0130499
218,1,121.369,0.0130413
217.5,1,120.503,0.0130276
217,1,119.637,0.0130154
216.5,1,118.771,0.0130065
216,1,117.905,0.0130046
215.5,1,117.039,0.0130019
215,1,116.173,0.0129981
214.5,1,115.307,0.0129919
214,1,114.441,0.0129875
213.5,1,113.575,0.0129846
213,1,112.709,0.0129843
212.5,1,111.843,0.0129825
212,1,110.977,0.0129789
211.5,1,110.111,0.01296
211,1,109.245,0.0129377
210.5,1,108.379,0.0129177
210,1,107.513,0.0129116
209.5,1,106.647,0.0129129
209,1,105.781,0.0129119
208.5,1,104.915,0.0129059
208,1,104.049,0.0128968
207.5,1,103.183,0.0128902
207,1,102.317,0.012889
206.5,1,101.451,0.0128955
206,1,100.585,0.0128992
205.5,1,99.7187,0.0128982
205,1,98.8526,0.012881
204.5,1,97.9866,0.0128674
204,1,97.1206,0.0128573
203.5,1,96.2546,0.0128676
203,1,95.3885,0.012876
202.5,1,94.5225,0.0128805
202,1,93.6565,0.0128724
201.5,1,92.7905,0.0128651
201,1,91.9244,0.0128618
200.5,1,91.0584,0.012869
200,1,90.1924,0.0128771
