x,y,z,b
500,1,609.808,0.0131918
499.5,1,608.942,0.0133118
499,1,608.076,0.0133795
498.5,1,607.21,0.0132931
498,1,606.344,0.0131864
497.5,1,605.477,0.0131056
497,1,604.611,0.0131922
496.5,1,603.745,0.0132903
496,1,602.879,0.0133878
495.5,1,602.013,0.0133098
495,1,601.147,0.0132228
494.5,1,600.281,0.0131267
494,1,599.415,0.0131229
493.5,1,598.549,0.0131339
493,1,597.683,0.013151
492.5,1,596.817,0.0130788
492,1,595.951,0.01297
491.5,1,595.085,0.012856
491,1,594.219,0.0128026
490.5,1,593.353,0.0127943
490,1,592.487,0.0127849
489.5,1,591.621,0.0127552
489,1,590.755,0.0126991
488.5,1,589.889,0.0126418
488,1,589.023,0.0126059
487.5,1,588.157,0.0126271
487,1,587.291,0.0126427
486.5,1,586.425,0.0126523
486,1,585.559,0.0126534
485.5,1,584.693,0.0126498
485,1,583.827,0.0126436
484.5,1,582.961,0.0127909
484,1,582.095,0.0129374
483.5,1,581.229,0.0130759
483,1,580.363,0.0132329
482.5,1,579.497,0.0134016
482,1,578.631,0.0135748
481.5,1,577.765,0.0137795
481,1,576.899,0.013995
480.5,1,576.033,0.0142076
480,1,575.167,0.0143947
479.5,1,574.301,0.0145604
479,1,573.435,0.0147404
478.5,1,572.569,0.0148834
478,1,571.703,0.0149239
477.5,1,570.836,0.0149687
477,1,569.97,0.0150025
476.5,1,569.104,0.0149717
476,1,568.238,0.0149493
475.5,1,567.372,0.0149355
475,1,566.506,0.0149426
474.5,1,565.64,0.0149509
474,1,564.774,0.0149575
473.5,1,563.908,0.015008
473,1,563.042,0.0150652
472.5,1,562.176,0.0151216
472,1,561.31,0.0151744
471.5,1,560.444,0.0152195
471,1,559.578,0.0152541
470.5,1,558.712,0.0152799
470,1,557.846,0.0153007
469.5,1,556.98,0.0153189
469,1,556.114,0.0153315
468.5,1,555.248,0.0153331
468,1,554.382,0.0153308
467.5,1,553.516,0.0153236
467,1,552.65,0.0153134
466.5,1,551.784,0.0153082
466,1,550.918,0.0153044
465.5,1,550.052,0.0152421
465,1,549.186,0.0151751
464.5,1,548.32,0.0151036
464,1,547.454,0.0150949
463.5,1,546.588,0.0151007
463,1,545.722,0.0151168
462.5,1,544.856,0.0150523
462,1,543.99,0.0149595
461.5,1,543.124,0.0148671
461,1,542.258,0.0148138
460.5,1,541.392,0.0147897
460,1,540.526,0.0147709
459.5,1,539.66,0.0147218
459,1,538.794,0.0146303
458.5,1,537.928,0.0145403
458,1,537.061,0.0144655
457.5,1,536.195,0.0144362
457,1,535.329,0.0144085
456.5,1,534.463,0.0143856
456,1,533.597,0.0143808
455.5,1,532.731,0.014369
455,1,531.865,0.0143623
454.5,1,530.999,0.0143936
454,1,530.133,0.0144224
453.5,1,529.267,0.0144475
453,1,528.401,0.0145128
452.5,1,527.535,0.0145852
452,1,526.669,0.0146846
451.5,1,525.803,0.0148064
451,1,524.937,0.0149339
450.5,1,524.071,0.0150509
450,1,523.205,0.0151981
449.5,1,522.339,0.0153791
449,1,521.473,0.0155478
448.5,1,520.607,0.0156684
448,1,519.741,0.0157033
447.5,1,518.875,0.0157208
447,1,518.009,0.0156953
446.5,1,517.143,0.0155517
446,1,516.277,0.0154224
445.5,1,515.411,0.0153095
445,1,514.545,0.0152916
444.5,1,513.679,0.0152825
444,1,512.813,0.0152918
443.5,1,511.947,0.0154601
443,1,511.081,0.0156389
442.5,1,510.215,0.0158039
442,1,509.349,0.015844
441.5,1,508.483,0.0158367
441,1,507.617,0.0158351
440.5,1,506.751,0.0160281
440,1,505.885,0.0163827
439.5,1,505.019,0.0167444
439,1,504.153,0.0171014
438.5,1,503.286,0.0174286
438,1,502.42,0.0177419
437.5,1,501.554,0.0180226
437,1,500.688,0.0182216
436.5,1,499.822,0.0184049
436,1,498.956,0.0185679
435.5,1,498.09,0.0186641
435,1,497.224,0.0187541
434.5,1,496.358,0.0188378
434,1,495.492,0.0188775
433.5,1,494.626,0.0189117
433,1,493.76,0.0189421
432.5,1,492.894,0.0188585
432,1,492.028,0.0187421
431.5,1,491.162,0.0186285
431,1,490.296,0.0185062
430.5,1,489.43,0.0183866
430,1,488.564,0.0182865
429.5,1,487.698,0.0182102
429,1,486.832,0.0181552
428.5,1,485.966,0.0181071
428,1,485.1,0.0181179
427.5,1,484.234,0.0183258
427,1,483.368,0.0186263
426.5,1,482.502,0.019017
426,1,481.636,0.0194964
425.5,1,480.77,0.0200478
425,1,479.904,0.0206861
424.5,1,479.038,0.0223535
424,1,478.172,0.0240217
423.5,1,477.306,0.0256663
423,1,476.44,0.0270493
422.5,1,475.574,0.0283239
422,1,474.708,0.029729
421.5,1,473.842,0.0310767
421,1,472.976,0.0326652
420.5,1,472.11,0.0336241
420,1,471.244,0.0347229
419.5,1,470.378,0.0359618
419,1,469.512,0.0373406
418.5,1,468.645,0.0388593
418,1,467.779,0.0402471
417.5,1,466.913,0.0409465
417,1,466.047,0.0414803
416.5,1,465.181,0.042027
416,1,464.315,0.0417664
415.5,1,463.449,0.0419077
415,1,462.583,0.0424947
414.5,1,461.717,0.0431036
414,1,460.851,0.0437067
413.5,1,459.985,0.0442205
413,1,459.119,0.0447375
412.5,1,458.253,0.0452686
412,1,457.387,0.0457211
411.5,1,456.521,0.0461225
411,1,455.655,0.0463768
410.5,1,454.789,0.0462714
410,1,453.923,0.0457274
409.5,1,453.057,0.0441985
409,1,452.191,0.0438629
408.5,1,451.325,0.0434587
408,1,450.459,0.0430085
407.5,1,449.593,0.0426518
407,1,448.727,0.0423517
406.5,1,447.861,0.0421954
406,1,446.995,0.0418343
405.5,1,446.129,0.0418785
405,1,445.263,0.0419678
404.5,1,444.397,0.0421023
404,1,443.531,0.0420386
403.5,1,442.665,0.0421651
403,1,441.799,0.0425002
402.5,1,440.933,0.0429979
402,1,440.067,0.0435399
401.5,1,439.201,0.0441215
401,1,438.335,0.0450602
400.5,1,437.469,0.0461525
400,1,436.603,0.0469712
399.5,1,435.737,0.0470152
399,1,434.87,0.0467209
398.5,1,434.004,0.0471478
398,1,433.138,0.0482026
397.5,1,432.272,0.0486444
397,1,431.406,0.0492262
396.5,1,430.54,0.0503365
396,1,429.674,0.0513731
395.5,1,428.808,0.052167
395,1,427.942,0.0526335
394.5,1,427.076,0.0515787
394,1,426.21,0.0502797
393.5,1,425.344,0.049793
393,1,424.478,0.0494241
392.5,1,423.612,0.0490892
392,1,422.746,0.0485339
391.5,1,421.88,0.047959
391,1,421.014,0.0473585
390.5,1,420.148,0.0466546
390,1,419.282,0.0461223
389.5,1,418.416,0.0457615
389,1,417.55,0.0465007
388.5,1,416.684,0.0472839
388,1,415.818,0.0480399
387.5,1,414.952,0.0479571
387,1,414.086,0.0478368
386.5,1,413.22,0.0480751
386,1,412.354,0.0484252
385.5,1,411.488,0.0488636
385,1,410.622,0.0504386
384.5,1,409.756,0.052514
384,1,408.89,0.0530495
383.5,1,408.024,0.0535669
383,1,407.158,0.0537807
382.5,1,406.292,0.0533081
382,1,405.426,0.05279
381.5,1,404.56,0.0522264
381,1,403.694,0.0516173
380.5,1,402.828,0.0509627
380,1,401.962,0.0502379
379.5,1,401.095,0.049499
379,1,400.229,0.0487163
378.5,1,399.363,0.047888
378,1,398.497,0.0470142
377.5,1,397.631,0.0460949
377,1,396.765,0.0451301
376.5,1,395.899,0.0442987
376,1,395.033,0.0436001
375.5,1,394.167,0.0429662
375,1,393.301,0.0423969
374.5,1,392.435,0.0419495
374,1,391.569,0.0417433
373.5,1,390.703,0.0414992
373,1,389.837,0.0411889
372.5,1,388.971,0.040921
372,1,388.105,0.0406955
371.5,1,387.239,0.0405124
371,1,386.373,0.0403718
370.5,1,385.507,0.0402666
370,1,384.641,0.0400585
369.5,1,383.775,0.0398899
369,1,382.909,0.0397131
368.5,1,382.043,0.0394473
368,1,381.177,0.0392119
367.5,1,380.311,0.0390067
367,1,379.445,0.0390666
366.5,1,378.579,0.0392117
366,1,377.713,0.0393507
365.5,1,376.847,0.0394836
365,1,375.981,0.0396105
364.5,1,375.115,0.0397314
364,1,374.249,0.0400475
363.5,1,373.383,0.0406639
363,1,372.517,0.0412894
362.5,1,371.651,0.0419576
362,1,370.785,0.0426685
361.5,1,369.919,0.043422
361,1,369.053,0.0441566
360.5,1,368.187,0.0443459
360,1,367.321,0.0444998
359.5,1,366.454,0.0446184
359,1,365.588,0.0447016
358.5,1,364.722,0.0447494
358,1,363.856,0.044722
357.5,1,362.99,0.0448041
357,1,362.124,0.044932
356.5,1,361.258,0.0450559
356,1,360.392,0.0451758
355.5,1,359.526,0.0452917
355,1,358.66,0.0454036
354.5,1,357.794,0.0451612
354,1,356.928,0.044557
353.5,1,356.062,0.0439945
353,1,355.196,0.0434738
352.5,1,354.33,0.0427533
352,1,353.464,0.0417111
351.5,1,352.598,0.0405736
351,1,351.732,0.0393586
350.5,1,350.866,0.0382081
350,1,350,0.0371221
349.5,1,349.134,0.0321336
349,1,348.268,0.030288
348.5,1,347.402,0.0293176
348,1,346.536,0.0289234
347.5,1,345.67,0.0287599
347,1,344.804,0.0294866
346.5,1,343.938,0.0318664
346,1,343.072,0.0313503
345.5,1,342.206,0.0308374
345,1,341.34,0.030329
344.5,1,340.474,0.0258448
344,1,339.608,0.0233021
343.5,1,338.742,0.0219325
343,1,337.876,0.0219212
342.5,1,337.01,0.0224907
342,1,336.144,0.0221573
341.5,1,335.278,0.0215839
341,1,334.412,0.021949
340.5,1,333.546,0.022671
340,1,332.679,0.023605
339.5,1,331.813,0.0245143
339,1,330.947,0.0258573
338.5,1,330.081,0.0264929
338,1,329.215,0.0268797
337.5,1,328.349,0.0276548
337,1,327.483,0.0284796
336.5,1,326.617,0.0295505
336,1,325.751,0.0315731
335.5,1,324.885,0.0336351
335,1,324.019,0.0354065
334.5,1,323.153,0.0369359
334,1,322.287,0.0374494
333.5,1,321.421,0.0380721
333,1,320.555,0.0385971
332.5,1,319.689,0.0375343
332,1,318.823,0.0381288
331.5,1,317.957,0.0408587
331,1,317.091,0.0420639
330.5,1,316.225,0.0431392
330,1,315.359,0.0441341
329.5,1,314.493,0.0452371
329,1,313.627,0.0459895
328.5,1,312.761,0.0466762
328,1,311.895,0.0472642
327.5,1,311.029,0.0479612
327,1,310.163,0.0487583
326.5,1,309.297,0.049537
326,1,308.431,0.0502375
325.5,1,307.565,0.0509784
325,1,306.699,0.0516649
324.5,1,305.833,0.0525446
324,1,304.967,0.0536099
323.5,1,304.101,0.0547672
323,1,303.235,0.0559296
322.5,1,302.369,0.0570794
322,1,301.503,0.0588403
321.5,1,300.637,0.0607805
321,1,299.771,0.0628905
320.5,1,298.905,0.0642218
320,1,298.038,0.0648598
319.5,1,297.172,0.0654934
319,1,296.306,0.0653826
318.5,1,295.44,0.0643179
318,1,294.574,0.0634639
317.5,1,293.708,0.0626676
317,1,292.842,0.0589386
316.5,1,291.976,0.0625079
316,1,291.11,0.0642141
315.5,1,290.244,0.0673193
315,1,289.378,0.0696242
314.5,1,288.512,0.0712674
314,1,287.646,0.0715767
313.5,1,286.78,0.0715554
313,1,285.914,0.0708565
312.5,1,285.048,0.0668491
312,1,284.182,0.0616105
311.5,1,283.316,0.0597519
311,1,282.45,0.0580103
310.5,1,281.584,0.0564284
310,1,280.718,0.0555904
309.5,1,279.852,0.0549012
309,1,278.986,0.0543608
308.5,1,278.12,0.060248
308,1,277.254,0.0603631
307.5,1,276.388,0.0579256
307,1,275.522,0.0546015
306.5,1,274.656,0.0511364
306,1,273.79,0.0448163
305.5,1,272.924,0.0430201
305,1,272.058,0.0414328
304.5,1,271.192,0.0400541
304,1,270.326,0.038671
303.5,1,269.46,0.0371942
303,1,268.594,0.0361494
302.5,1,267.728,0.0327409
302,1,266.862,0.0299542
301.5,1,265.996,0.0288436
301,1,265.13,0.0284474
300.5,1,264.263,0.0280804
300,1,263.397,0.0278747
299.5,1,262.531,0.0277998
299,1,261.665,0.0276016
298.5,1,260.799,0.0273585
298,1,259.933,0.0271404
297.5,1,259.067,0.0268848
297,1,258.201,0.0265548
296.5,1,257.335,0.0259856
296,1,256.469,0.025358
295.5,1,255.603,0.024632
295,1,254.737,0.0235118
294.5,1,253.871,0.0223988
294,1,253.005,0.021293
293.5,1,252.139,0.0205286
293,1,251.273,0.0198334
292.5,1,250.407,0.0191651
292,1,249.541,0.0186089
291.5,1,248.675,0.0181339
291,1,247.809,0.0177981
290.5,1,246.943,0.0176493
290,1,246.077,0.0175455
289.5,1,245.211,0.017455
289,1,244.345,0.017372
288.5,1,243.479,0.017284
288,1,242.613,0.0172204
287.5,1,241.747,0.0171281
287,1,240.881,0.0169681
286.5,1,240.015,0.0167927
286,1,239.149,0.0166001
285.5,1,238.283,0.0163874
285,1,237.417,0.01617
284.5,1,236.551,0.0159514
284,1,235.685,0.0158276
283.5,1,234.819,0.0157128
283,1,233.953,0.015603
282.5,1,233.087,0.0153853
282,1,232.221,0.0151649
281.5,1,231.355,0.0149511
281,1,230.488,0.0148614
280.5,1,229.622,0.0148476
280,1,228.756,0.0148152
279.5,1,227.89,0.0147434
279,1,227.024,0.0146816
278.5,1,226.158,0.0146513
278,1,225.292,0.0146091
277.5,1,224.426,0.0144772
277,1,223.56,0.014324
276.5,1,222.694,0.0141954
276,1,221.828,0.0142855
275.5,1,220.962,0.0144065
275,1,220.096,0.0145537
274.5,1,219.23,0.014535
274,1,218.364,0.0145107
273.5,1,217.498,0.0144773
273,1,216.632,0.014579
272.5,1,215.766,0.0147418
272,1,214.9,0.0149454
271.5,1,214.034,0.0149566
271,1,213.168,0.014884
270.5,1,212.302,0.0148129
270,1,211.436,0.0148856
269.5,1,210.57,0.0150916
269,1,209.704,0.0153115
268.5,1,208.838,0.0154089
268,1,207.972,0.0153168
267.5,1,207.106,0.0152269
267,1,206.24,0.0151871
266.5,1,205.374,0.0152934
266,1,204.508,0.01538
265.5,1,203.642,0.0154422
265,1,202.776,0.0152932
264.5,1,201.91,0.0151537
264,1,201.044,0.0150238
263.5,1,200.178,0.015081
263,1,199.312,0.0151509
262.5,1,198.446,0.0152219
262,1,197.58,0.0151664
261.5,1,196.714,0.0150658
261,1,195.847,0.0149518
260.5,1,194.981,0.0149281
260,1,194.115,0.0149943
259.5,1,193.249,0.0150821
259,1,192.383,0.015102
258.5,1,191.517,0.0150195
258,1,190.651,0.0149519
257.5,1,189.785,0.0150016
257,1,188.919,0.0153052
256.5,1,188.053,0.0156126
256,1,187.187,0.0158801
255.5,1,186.321,0.0158752
255,1,185.455,0.0158808
254.5,1,184.589,0.0158968
254,1,183.723,0.0162728
253.5,1,182.857,0.0166383
253,1,181.991,0.016985
252.5,1,181.125,0.0169059
252,1,180.259,0.0167401
251.5,1,179.393,0.0165777
251,1,178.527,0.0165804
250.5,1,177.661,0.0166612
250,1,176.795,0.0167338
249.5,1,175.929,0.0166322
249,1,175.063,0.0163577
248.5,1,174.197,0.0160695
248,1,173.331,0.015942
247.5,1,172.465,0.0161416
247,1,171.599,0.0163441
246.5,1,170.733,0.0164791
246,1,169.867,0.0163427
245.5,1,169.001,0.0162007
245,1,168.135,0.0160563
244.5,1,167.269,0.0160439
244,1,166.403,0.0160942
243.5,1,165.537,0.0162142
243,1,164.671,0.0161894
242.5,1,163.805,0.016126
242,1,162.939,0.016049
241.5,1,162.072,0.0161228
241,1,161.206,0.0162755
240.5,1,160.34,0.0164358
240,1,159.474,0.0163742
239.5,1,158.608,0.0161144
239,1,157.742,0.0158128
238.5,1,156.876,0.0155476
238,1,156.01,0.0153913
237.5,1,155.144,0.0152633
237,1,154.278,0.0151627
236.5,1,153.412,0.0150813
236,1,152.546,0.0150065
235.5,1,151.68,0.0149371
235,1,150.814,0.015043
234.5,1,149.948,0.0151326
234,1,149.082,0.0152057
233.5,1,148.216,0.0150501
233,1,147.35,0.0149089
232.5,1,146.484,0.0147998
232,1,145.618,0.0147903
231.5,1,144.752,0.0147723
231,1,143.886,0.0147203
230.5,1,143.02,0.0148514
230,1,142.154,0.015143
229.5,1,141.288,0.0154835
229,1,140.422,0.0155639
228.5,1,139.556,0.0152586
228,1,138.69,0.0149077
227.5,1,137.824,0.0148066
227,1,136.958,0.0153613
226.5,1,136.092,0.0159442
226,1,135.226,0.0163723
225.5,1,134.36,0.0157143
225,1,133.494,0.0150332
224.5,1,132.628,0.0143383
224,1,131.762,0.0150098
223.5,1,130.896,0.0157084
223,1,130.03,0.0164175
222.5,1,129.164,0.0163016
222,1,128.297,0.015997
221.5,1,127.431,0.0156723
221,1,126.565,0.0157847
220.5,1,125.699,0.0161236
220,1,124.833,0.0164715
219.5,1,123.967,0.0165079
219,1,123.101,0.0162489
218.5,1,122.235,0.0159896
218,1,121.369,0.0159076
217.5,1,120.503,0.0161441
217,1,119.637,0.0163771
216.5,1,118.771,0.016504
216,1,117.905,0.0162443
215.5,1,117.039,0.0159939
215,1,116.173,0.0157733
214.5,1,115.307,0.0159993
214,1,114.441,0.0162012
213.5,1,113.575,0.0163788
213,1,112.709,0.0161967
212.5,1,111.843,0.0159937
212,1,110.977,0.0158158
211.5,1,110.111,0.0157369
211,1,109.245,0.0156839
210.5,1,108.379,0.0156249
210,1,107.513,0.0156298
209.5,1,106.647,0.01569
209,1,105.781,0.0157545
208.5,1,104.915,0.0157748
208,1,104.049,0.0157252
207.5,1,103.183,0.0156678
207,1,102.317,0.0156363
206.5,1,101.451,0.0157037
206,1,100.585,0.0157684
205.5,1,99.7187,0.0158144
205,1,98.8526,0.0157108
204.5,1,97.9866,0.0156082
204,1,97.1206,0.0155065
203.5,1,96.2546,0.0155185
203,1,95.3885,0.0155351
202.5,1,94.5225,0.0155502
202,1,93.6565,0.0155259
201.5,1,92.7905,0.015492
201,1,91.9244,0.0154592
200.5,1,91.0584,0.0154638
200,1,90.1924,0.0154936
