x,y,z,b
500,1,609.808,0.0119233
499.5,1,608.942,0.0119256
499,1,608.076,0.0119392
498.5,1,607.21,0.0119649
498,1,606.344,0.0119913
497.5,1,605.477,0.0120221
497,1,604.611,0.0120683
496.5,1,603.745,0.0121177
496,1,602.879,0.0121655
495.5,1,602.013,0.0121832
495,1,601.147,0.0122006
494.5,1,600.281,0.0122178
494,1,599.415,0.0122525
493.5,1,598.549,0.0122888
493,1,597.683,0.0123191
492.5,1,596.817,0.0123309
492,1,595.951,0.0123395
491.5,1,595.085,0.0123513
491,1,594.219,0.0123573
490.5,1,593.353,0.0123549
490,1,592.487,0.0123505
489.5,1,591.621,0.0123427
489,1,590.755,0.0123382
488.5,1,589.889,0.0123448
488,1,589.023,0.0123568
487.5,1,588.157,0.0123574
487,1,587.291,0.012364
486.5,1,586.425,0.0123782
486,1,585.559,0.0124115
485.5,1,584.693,0.0124499
485,1,583.827,0.0124862
484.5,1,582.961,0.0125633
484,1,582.095,0.0126368
483.5,1,581.229,0.0127049
483,1,580.363,0.0127509
482.5,1,579.497,0.0127902
482,1,578.631,0.0128221
481.5,1,577.765,0.0128032
481,1,576.899,0.0127627
480.5,1,576.033,0.0127308
480,1,575.167,0.012683
479.5,1,574.301,0.0126097
479,1,573.435,0.0125444
478.5,1,572.569,0.0125039
478,1,571.703,0.0124961
477.5,1,570.836,0.0124859
477,1,569.97,0.0124844
476.5,1,569.104,0.0125391
476,1,568.238,0.0125834
475.5,1,567.372,0.0126177
475,1,566.506,0.0126897
474.5,1,565.64,0.0127465
474,1,564.774,0.0127831
473.5,1,563.908,0.0128331
473,1,563.042,0.0128912
472.5,1,562.176,0.0129536
472,1,561.31,0.0129358
471.5,1,560.444,0.0128775
471,1,559.578,0.0128156
470.5,1,558.712,0.0127952
470,1,557.846,0.0128171
469.5,1,556.98,0.0128456
469,1,556.114,0.012852
468.5,1,555.248,0.0128124
468,1,554.382,0.0127703
467.5,1,553.516,0.0127465
467,1,552.65,0.0127943
466.5,1,551.784,0.0128432
466,1,550.918,0.0128886
465.5,1,550.052,0.0128958
465,1,549.186,0.0129029
464.5,1,548.32,0.01291
464,1,547.454,0.0128943
463.5,1,546.588,0.0128758
463,1,545.722,0.0128576
462.5,1,544.856,0.0128396
462,1,543.99,0.0128296
461.5,1,543.124,0.0128289
461,1,542.258,0.0128971
460.5,1,541.392,0.013023
460,1,540.526,0.0131645
459.5,1,539.66,0.0133113
459,1,538.794,0.013453
458.5,1,537.928,0.0135918
458,1,537.061,0.0137324
457.5,1,536.195,0.0138668
457,1,535.329,0.0139851
456.5,1,534.463,0.0140855
456,1,533.597,0.0141597
455.5,1,532.731,0.0142216
455,1,531.865,0.0142714
454.5,1,530.999,0.0143381
454,1,530.133,0.0144153
453.5,1,529.267,0.0145024
453,1,528.401,0.0146336
452.5,1,527.535,0.0147858
452,1,526.669,0.0149556
451.5,1,525.803,0.0151425
451,1,524.937,0.0153399
450.5,1,524.071,0.0155437
450,1,523.205,0.0157518
449.5,1,522.339,0.0159626
449,1,521.473,0.0161829
448.5,1,520.607,0.016402
448,1,519.741,0.0166042
447.5,1,518.875,0.0168053
447,1,518.009,0.0169934
446.5,1,517.143,0.0171295
446,1,516.277,0.0172629
445.5,1,515.411,0.0173935
445,1,514.545,0.0174988
444.5,1,513.679,0.0175648
444,1,512.813,0.0176266
443.5,1,511.947,0.0178923
443,1,511.081,0.0181145
442.5,1,510.215,0.0182565
442,1,509.349,0.0188096
441.5,1,508.483,0.0194141
441,1,507.617,0.019901
440.5,1,506.751,0.0205645
440,1,505.885,0.0214185
439.5,1,505.019,0.022194
439,1,504.153,0.0227412
438.5,1,503.286,0.0230397
438,1,502.42,0.0233227
437.5,1,501.554,0.0235467
437,1,500.688,0.0237164
436.5,1,499.822,0.0240503
436,1,498.956,0.0244436
435.5,1,498.09,0.024186
435,1,497.224,0.023952
434.5,1,496.358,0.0241002
434,1,495.492,0.0245439
433.5,1,494.626,0.0250187
433,1,493.76,0.0254451
432.5,1,492.894,0.0255019
432,1,492.028,0.0253876
431.5,1,491.162,0.0252241
431,1,490.296,0.0251293
430.5,1,489.43,0.0252215
430,1,488.564,0.0254769
429.5,1,487.698,0.025827
429,1,486.832,0.026325
428.5,1,485.966,0.0268661
428,1,485.1,0.0273798
427.5,1,484.234,0.0276884
427,1,483.368,0.0279742
426.5,1,482.502,0.028209
426,1,481.636,0.0281802
425.5,1,480.77,0.028091
425,1,479.904,0.0279761
424.5,1,479.038,0.0291209
424,1,478.172,0.0302349
423.5,1,477.306,0.0312869
423,1,476.44,0.0316622
422.5,1,475.574,0.0317509
422,1,474.708,0.0317541
421.5,1,473.842,0.0317998
421,1,472.976,0.0318532
420.5,1,472.11,0.0318634
420,1,471.244,0.0319424
419.5,1,470.378,0.0322483
419,1,469.512,0.032694
418.5,1,468.645,0.0332012
418,1,467.779,0.0337545
417.5,1,466.913,0.0343021
417,1,466.047,0.034736
416.5,1,465.181,0.0351116
416,1,464.315,0.0361216
415.5,1,463.449,0.0392918
415,1,462.583,0.039618
414.5,1,461.717,0.0397201
414,1,460.851,0.0394255
413.5,1,459.985,0.0390487
413,1,459.119,0.0352385
412.5,1,458.253,0.0326523
412,1,457.387,0.0322603
411.5,1,456.521,0.0324674
411,1,455.655,0.0327647
410.5,1,454.789,0.0333047
410,1,453.923,0.0340852
409.5,1,453.057,0.0348534
409,1,452.191,0.0357411
408.5,1,451.325,0.0367161
408,1,450.459,0.0375571
407.5,1,449.593,0.0379351
407,1,448.727,0.0374827
406.5,1,447.861,0.0373211
406,1,446.995,0.0374687
405.5,1,446.129,0.037908
405,1,445.263,0.0383936
404.5,1,444.397,0.0389253
404,1,443.531,0.0431917
403.5,1,442.665,0.048513
403,1,441.799,0.053266
402.5,1,440.933,0.0551062
402,1,440.067,0.0560383
401.5,1,439.201,0.0566771
401,1,438.335,0.0568778
400.5,1,437.469,0.0574431
400,1,436.603,0.0590389
399.5,1,435.737,0.0596873
399,1,434.87,0.0564405
398.5,1,434.004,0.0503712
398,1,433.138,0.0477758
397.5,1,432.272,0.0442789
397,1,431.406,0.0408038
396.5,1,430.54,0.03758
396,1,429.674,0.035223
395.5,1,428.808,0.0330879
395,1,427.942,0.031866
394.5,1,427.076,0.0313124
394,1,426.21,0.0318524
393.5,1,425.344,0.0320791
393,1,424.478,0.0320689
392.5,1,423.612,0.0319561
392,1,422.746,0.0320385
391.5,1,421.88,0.0321712
391,1,421.014,0.0319136
390.5,1,420.148,0.0314489
390,1,419.282,0.0307138
389.5,1,418.416,0.0300317
389,1,417.55,0.0294135
388.5,1,416.684,0.0292115
388,1,415.818,0.0302577
387.5,1,414.952,0.0313124
387,1,414.086,0.0320318
386.5,1,413.22,0.0324405
386,1,412.354,0.0327765
385.5,1,411.488,0.0329681
385,1,410.622,0.0329694
384.5,1,409.756,0.0330962
384,1,408.89,0.033323
383.5,1,408.024,0.0340069
383,1,407.158,0.0349649
382.5,1,406.292,0.036153
382,1,405.426,0.0373005
381.5,1,404.56,0.0382167
381,1,403.694,0.0394644
380.5,1,402.828,0.0427675
380,1,401.962,0.046792
379.5,1,401.095,0.049973
379,1,400.229,0.0546848
378.5,1,399.363,0.0627986
378,1,398.497,0.070468
377.5,1,397.631,0.0763098
377,1,396.765,0.0793437
376.5,1,395.899,0.0825925
376,1,395.033,0.0858877
375.5,1,394.167,0.0889871
375,1,393.301,0.0910654
374.5,1,392.435,0.0927506
374,1,391.569,0.0945484
373.5,1,390.703,0.0955471
373,1,389.837,0.0954639
372.5,1,388.971,0.0955559
372,1,388.105,0.0973904
371.5,1,387.239,0.0984973
371,1,386.373,0.098615
370.5,1,385.507,0.0987707
370,1,384.641,0.0984556
369.5,1,383.775,0.0964476
369,1,382.909,0.0932912
368.5,1,382.043,0.0912926
368,1,381.177,0.0911863
367.5,1,380.311,0.0929095
367,1,379.445,0.0943001
366.5,1,378.579,0.095513
366,1,377.713,0.0934995
365.5,1,376.847,0.0925097
365,1,375.981,0.0882106
364.5,1,375.115,0.0839483
364,1,374.249,0.0754486
363.5,1,373.383,0.0730522
363,1,372.517,0.0699383
362.5,1,371.651,0.0592743
362,1,370.785,0.0525129
361.5,1,369.919,0.0479212
361,1,369.053,0.0463965
360.5,1,368.187,0.041271
360,1,367.321,0.0410764
359.5,1,366.454,0.0394746
359,1,365.588,0.0377967
358.5,1,364.722,0.0373814
358,1,363.856,0.039273
357.5,1,362.99,0.0411845
357,1,362.124,0.0467512
356.5,1,361.258,0.0524378
356,1,360.392,0.0629424
355.5,1,359.526,0.063392
355,1,358.66,0.0646071
354.5,1,357.794,0.0652194
354,1,356.928,0.0671759
353.5,1,356.062,0.068593
353,1,355.196,0.0669768
352.5,1,354.33,0.0645147
352,1,353.464,0.061449
351.5,1,352.598,0.0550719
351,1,351.732,0.046799
350.5,1,350.866,0.0389445
350,1,350,0.036217
349.5,1,349.134,0.036101
349,1,348.268,0.0394991
348.5,1,347.402,0.0429987
348,1,346.536,0.0458013
347.5,1,345.67,0.0450193
347,1,344.804,0.0458952
346.5,1,343.938,0.0482494
346,1,343.072,0.0533905
345.5,1,342.206,0.0545528
345,1,341.34,0.0589583
344.5,1,340.474,0.0638408
344,1,339.608,0.0693202
343.5,1,338.742,0.0734098
343,1,337.876,0.0717442
342.5,1,337.01,0.0644656
342,1,336.144,0.0497444
341.5,1,335.278,0.0407148
341,1,334.412,0.0327487
340.5,1,333.546,0.0309254
340,1,332.679,0.028034
339.5,1,331.813,0.0290385
339,1,330.947,0.0320794
338.5,1,330.081,0.0367207
338,1,329.215,0.0486684
337.5,1,328.349,0.0632438
337,1,327.483,0.0726764
336.5,1,326.617,0.0841502
336,1,325.751,0.0945147
335.5,1,324.885,0.100502
335,1,324.019,0.102463
334.5,1,323.153,0.106363
334,1,322.287,0.103252
333.5,1,321.421,0.0985741
333,1,320.555,0.093922
332.5,1,319.689,0.0869895
332,1,318.823,0.0826471
331.5,1,317.957,0.0808171
331,1,317.091,0.0711219
330.5,1,316.225,0.0677369
330,1,315.359,0.0617726
329.5,1,314.493,0.0567351
329,1,313.627,0.0529258
328.5,1,312.761,0.0470345
328,1,311.895,0.042665
327.5,1,311.029,0.029651
327,1,310.163,0.0273743
326.5,1,309.297,0.0214938
326,1,308.431,0.0192357
325.5,1,307.565,0.0187969
325,1,306.699,0.0191927
324.5,1,305.833,0.0228293
324,1,304.967,0.0226067
323.5,1,304.101,0.0232999
323,1,303.235,0.0241135
322.5,1,302.369,0.0249075
322,1,301.503,0.0258932
321.5,1,300.637,0.0269208
321,1,299.771,0.0280307
320.5,1,298.905,0.0292148
320,1,298.038,0.0304582
319.5,1,297.172,0.0300269
319,1,296.306,0.0295616
318.5,1,295.44,0.0291
318,1,294.574,0.0286419
317.5,1,293.708,0.0281874
317,1,292.842,0.0277365
316.5,1,291.976,0.0278059
316,1,291.11,0.0280571
315.5,1,290.244,0.0282545
315,1,289.378,0.0287656
314.5,1,288.512,0.0289782
314,1,287.646,0.0291177
313.5,1,286.78,0.0293074
313,1,285.914,0.0295388
312.5,1,285.048,0.029625
312,1,284.182,0.0295208
311.5,1,283.316,0.0292348
311,1,282.45,0.0284493
310.5,1,281.584,0.0274442
310,1,280.718,0.0264244
309.5,1,279.852,0.0252816
309,1,278.986,0.0240853
308.5,1,278.12,0.0229188
308,1,277.254,0.0217066
307.5,1,276.388,0.020499
307,1,275.522,0.0195124
306.5,1,274.656,0.0186178
306,1,273.79,0.0177988
305.5,1,272.924,0.0169997
305,1,272.058,0.0162208
304.5,1,271.192,0.0155427
304,1,270.326,0.0150099
303.5,1,269.46,0.0146259
303,1,268.594,0.014553
302.5,1,267.728,0.0145557
302,1,266.862,0.0145352
301.5,1,265.996,0.0145328
301,1,265.13,0.0145965
300.5,1,264.263,0.0146677
300,1,263.397,0.0147158
299.5,1,262.531,0.014745
299,1,261.665,0.0147927
298.5,1,260.799,0.0148338
298,1,259.933,0.0148724
297.5,1,259.067,0.0149175
297,1,258.201,0.0149682
296.5,1,257.335,0.0150224
296,1,256.469,0.015078
295.5,1,255.603,0.0151349
295,1,254.737,0.0151478
294.5,1,253.871,0.0151644
294,1,253.005,0.0151848
293.5,1,252.139,0.0151345
293,1,251.273,0.0150679
292.5,1,250.407,0.0149925
292,1,249.541,0.0149081
291.5,1,248.675,0.0148185
291,1,247.809,0.01472
290.5,1,246.943,0.0146036
290,1,246.077,0.0144865
289.5,1,245.211,0.0143749
289,1,244.345,0.0142747
288.5,1,243.479,0.0141908
288,1,242.613,0.014149
287.5,1,241.747,0.0141149
287,1,240.881,0.0140852
286.5,1,240.015,0.0140642
286,1,239.149,0.0140565
285.5,1,238.283,0.0140948
285,1,237.417,0.014145
284.5,1,236.551,0.0141991
284,1,235.685,0.0142275
283.5,1,234.819,0.0142577
283,1,233.953,0.014291
282.5,1,233.087,0.0143905
282,1,232.221,0.0144997
281.5,1,231.355,0.0146071
281,1,230.488,0.0146876
280.5,1,229.622,0.0147543
280,1,228.756,0.0148215
279.5,1,227.89,0.014914
279,1,227.024,0.0150292
278.5,1,226.158,0.0151413
278,1,225.292,0.0152384
277.5,1,224.426,0.0153161
277,1,223.56,0.0154023
276.5,1,222.694,0.0154953
276,1,221.828,0.0156135
275.5,1,220.962,0.0157255
275,1,220.096,0.0158296
274.5,1,219.23,0.015869
274,1,218.364,0.0159089
273.5,1,217.498,0.0159493
273,1,216.632,0.0159818
272.5,1,215.766,0.016007
272,1,214.9,0.0160262
271.5,1,214.034,0.0160058
271,1,213.168,0.0159808
270.5,1,212.302,0.0159692
270,1,211.436,0.0159598
269.5,1,210.57,0.0159406
269,1,209.704,0.0159412
268.5,1,208.838,0.0159332
268,1,207.972,0.0159052
267.5,1,207.106,0.015884
267,1,206.24,0.0158623
266.5,1,205.374,0.0158088
266,1,204.508,0.0157493
265.5,1,203.642,0.0156757
265,1,202.776,0.0156351
264.5,1,201.91,0.0155874
264,1,201.044,0.0155327
263.5,1,200.178,0.0155392
263,1,199.312,0.0155249
262.5,1,198.446,0.0154798
262,1,197.58,0.015393
261.5,1,196.714,0.0153015
261,1,195.847,0.0152128
260.5,1,194.981,0.0151696
260,1,194.115,0.0151433
259.5,1,193.249,0.0151028
259,1,192.383,0.0150298
258.5,1,191.517,0.0149343
258,1,190.651,0.0148487
257.5,1,189.785,0.0148213
257,1,188.919,0.0149257
256.5,1,188.053,0.015028
256,1,187.187,0.0150996
255.5,1,186.321,0.0149881
255,1,185.455,0.0148816
254.5,1,184.589,0.0147834
254,1,183.723,0.0149713
253.5,1,182.857,0.015155
253,1,181.991,0.0153282
252.5,1,181.125,0.0152335
252,1,180.259,0.0151134
251.5,1,179.393,0.015027
251,1,178.527,0.015151
250.5,1,177.661,0.0153348
250,1,176.795,0.0154742
249.5,1,175.929,0.0154584
249,1,175.063,0.0153456
248.5,1,174.197,0.0152603
248,1,173.331,0.0153642
247.5,1,172.465,0.0157665
247,1,171.599,0.0161399
246.5,1,170.733,0.0164036
246,1,169.867,0.0163558
245.5,1,169.001,0.0163356
245,1,168.135,0.0163483
244.5,1,167.269,0.0165275
244,1,166.403,0.0167112
243.5,1,165.537,0.0169016
243,1,164.671,0.0168212
242.5,1,163.805,0.0167146
242,1,162.939,0.0166213
241.5,1,162.072,0.0165837
241,1,161.206,0.016557
240.5,1,160.34,0.016521
240,1,159.474,0.0164358
239.5,1,158.608,0.0163221
239,1,157.742,0.0162172
238.5,1,156.876,0.0161475
238,1,156.01,0.0160976
237.5,1,155.144,0.0160278
237,1,154.278,0.0159697
236.5,1,153.412,0.0160108
236,1,152.546,0.0160708
235.5,1,151.68,0.0161291
235,1,150.814,0.0160122
234.5,1,149.948,0.0158768
234,1,149.082,0.0157231
233.5,1,148.216,0.0158105
233,1,147.35,0.0159416
232.5,1,146.484,0.0160992
232,1,145.618,0.0160443
231.5,1,144.752,0.0159102
231,1,143.886,0.0157615
230.5,1,143.02,0.0157448
230,1,142.154,0.0158271
229.5,1,141.288,0.0159207
229,1,140.422,0.0158936
228.5,1,139.556,0.0157101
228,1,138.69,0.0155185
227.5,1,137.824,0.0154065
227,1,136.958,0.0154926
226.5,1,136.092,0.015588
226,1,135.226,0.015659
225.5,1,134.36,0.0155389
225,1,133.494,0.0154233
224.5,1,132.628,0.0153186
224,1,131.762,0.0153893
223.5,1,130.896,0.0154595
223,1,130.03,0.015527
222.5,1,129.164,0.0154947
222,1,128.297,0.0154503
221.5,1,127.431,0.015415
221,1,126.565,0.0154083
220.5,1,125.699,0.0154062
220,1,124.833,0.0153958
219.5,1,123.967,0.0154147
219,1,123.101,0.0154722
218.5,1,122.235,0.0155346
218,1,121.369,0.0155585
217.5,1,120.503,0.0155012
217,1,119.637,0.0154341
216.5,1,118.771,0.0153876
216,1,117.905,0.0154501
215.5,1,117.039,0.0155117
215,1,116.173,0.015566
214.5,1,115.307,0.0154728
214,1,114.441,0.0153721
213.5,1,113.575,0.0152663
213,1,112.709,0.015316
212.5,1,111.843,0.0153869
212,1,110.977,0.0154589
211.5,1,110.111,0.0154197
211,1,109.245,0.0153379
210.5,1,108.379,0.0152536
210,1,107.513,0.0152315
209.5,1,106.647,0.015254
209,1,105.781,0.0152702
208.5,1,104.915,0.0152394
208,1,104.049,0.0151591
207.5,1,103.183,0.0150889
207,1,102.317,0.015024
206.5,1,101.451,0.0149427
206,1,100.585,0.0148519
205.5,1,99.7187,0.0147605
205,1,98.8526,0.0147322
204.5,1,97.9866,0.0147054
204,1,97.1206,0.0146802
203.5,1,96.2546,0.0146779
203,1,95.3885,0.0146776
202.5,1,94.5225,0.0146748
202,1,93.6565,0.0146781
201.5,1,92.7905,0.0146847
201,1,91.9244,0.0146925
200.5,1,91.0584,0.014714
200,1,90.1924,0.0147391
