x,y,z,b
500,1,609.808,0.0127609
499.5,1,608.942,0.0127614
499,1,608.076,0.0127617
498.5,1,607.21,0.0127619
498,1,606.344,0.012762
497.5,1,605.477,0.0127621
497,1,604.611,0.0127624
496.5,1,603.745,0.0127627
496,1,602.879,0.012763
495.5,1,602.013,0.0127635
495,1,601.147,0.0127639
494.5,1,600.281,0.0127643
494,1,599.415,0.0127644
493.5,1,598.549,0.0127645
493,1,597.683,0.0127645
492.5,1,596.817,0.0127641
492,1,595.951,0.0127634
491.5,1,595.085,0.0127625
491,1,594.219,0.0127618
490.5,1,593.353,0.0127612
490,1,592.487,0.0127604
489.5,1,591.621,0.0127595
489,1,590.755,0.0127585
488.5,1,589.889,0.0127574
488,1,589.023,0.0127564
487.5,1,588.157,0.0127555
487,1,587.291,0.0127545
486.5,1,586.425,0.0127536
486,1,585.559,0.0127527
485.5,1,584.693,0.0127518
485,1,583.827,0.0127507
484.5,1,582.961,0.0127499
484,1,582.095,0.0127491
483.5,1,581.229,0.0127483
483,1,580.363,0.012748
482.5,1,579.497,0.0127478
482,1,578.631,0.0127474
481.5,1,577.765,0.0127465
481,1,576.899,0.0127452
480.5,1,576.033,0.012744
480,1,575.167,0.0127425
479.5,1,574.301,0.0127408
479,1,573.435,0.012739
478.5,1,572.569,0.0127373
478,1,571.703,0.0127357
477.5,1,570.836,0.0127341
477,1,569.97,0.0127326
476.5,1,569.104,0.0127311
476,1,568.238,0.0127297
475.5,1,567.372,0.0127282
475,1,566.506,0.0127268
474.5,1,565.64,0.0127254
474,1,564.774,0.0127243
473.5,1,563.908,0.0127229
473,1,563.042,0.0127215
472.5,1,562.176,0.0127201
472,1,561.31,0.0127193
471.5,1,560.444,0.0127188
471,1,559.578,0.0127185
470.5,1,558.712,0.0127188
470,1,557.846,0.0127194
469.5,1,556.98,0.0127201
469,1,556.114,0.0127203
468.5,1,555.248,0.0127206
468,1,554.382,0.0127211
467.5,1,553.516,0.0127214
467,1,552.65,0.012721
466.5,1,551.784,0.0127205
466,1,550.918,0.0127201
465.5,1,550.052,0.0127201
465,1,549.186,0.0127201
464.5,1,548.32,0.0127201
464,1,547.454,0.0127201
463.5,1,546.588,0.0127201
463,1,545.722,0.0127202
462.5,1,544.856,0.0127205
462,1,543.99,0.0127209
461.5,1,543.124,0.0127212
461,1,542.258,0.012721
460.5,1,541.392,0.0127203
460,1,540.526,0.0127195
459.5,1,539.66,0.0127194
459,1,538.794,0.0127204
458.5,1,537.928,0.0127213
458,1,537.061,0.0127228
457.5,1,536.195,0.0127254
457,1,535.329,0.012728
456.5,1,534.463,0.0127302
456,1,533.597,0.0127293
455.5,1,532.731,0.0127285
455,1,531.865,0.0127274
454.5,1,530.999,0.0127246
454,1,530.133,0.0127216
453.5,1,529.267,0.0127186
453,1,528.401,0.0127165
452.5,1,527.535,0.0127146
452,1,526.669,0.0127122
451.5,1,525.803,0.0127102
451,1,524.937,0.0127081
450.5,1,524.071,0.0127056
450,1,523.205,0.0127022
449.5,1,522.339,0.0126979
449,1,521.473,0.0126935
448.5,1,520.607,0.0126892
448,1,519.741,0.012685
447.5,1,518.875,0.0126808
447,1,518.009,0.0126771
446.5,1,517.143,0.0126759
446,1,516.277,0.0126745
445.5,1,515.411,0.012673
445,1,514.545,0.0126743
444.5,1,513.679,0.0126752
444,1,512.813,0.012676
443.5,1,511.947,0.012672
443,1,511.081,0.0126676
442.5,1,510.215,0.0126634
442,1,509.349,0.0126584
441.5,1,508.483,0.0126534
441,1,507.617,0.0126488
440.5,1,506.751,0.0126444
440,1,505.885,0.0126401
439.5,1,505.019,0.0126357
439,1,504.153,0.0126317
438.5,1,503.286,0.0126286
438,1,502.42,0.0126254
437.5,1,501.554,0.0126221
437,1,500.688,0.0126182
436.5,1,499.822,0.0126143
436,1,498.956,0.0126105
435.5,1,498.09,0.0126061
435,1,497.224,0.0126017
434.5,1,496.358,0.0125973
434,1,495.492,0.0125959
433.5,1,494.626,0.0125952
433,1,493.76,0.0125954
432.5,1,492.894,0.0125976
432,1,492.028,0.0126004
431.5,1,491.162,0.0126032
431,1,490.296,0.0126024
430.5,1,489.43,0.0125991
430,1,488.564,0.0125958
429.5,1,487.698,0.0125914
429,1,486.832,0.012586
428.5,1,485.966,0.0125806
428,1,485.1,0.0125762
427.5,1,484.234,0.0125736
427,1,483.368,0.012571
426.5,1,482.502,0.0125685
426,1,481.636,0.0125683
425.5,1,480.77,0.0125678
425,1,479.904,0.0125669
424.5,1,479.038,0.0125589
424,1,478.172,0.0125506
423.5,1,477.306,0.0125422
423,1,476.44,0.0125344
422.5,1,475.574,0.0125268
422,1,474.708,0.012519
421.5,1,473.842,0.0125126
421,1,472.976,0.0125071
420.5,1,472.11,0.0125016
420,1,471.244,0.0124966
419.5,1,470.378,0.0124915
419,1,469.512,0.0124853
418.5,1,468.645,0.0124752
418,1,467.779,0.0124584
417.5,1,466.913,0.0124414
417,1,466.047,0.0124248
416.5,1,465.181,0.0124103
416,1,464.315,0.0123967
415.5,1,463.449,0.0123841
415,1,462.583,0.0123726
414.5,1,461.717,0.0123621
414,1,460.851,0.0123522
413.5,1,459.985,0.0123434
413,1,459.119,0.0123351
412.5,1,458.253,0.0123272
412,1,457.387,0.0123169
411.5,1,456.521,0.0123055
411,1,455.655,0.0122939
410.5,1,454.789,0.0122881
410,1,453.923,0.0122876
409.5,1,453.057,0.0122886
409,1,452.191,0.0122989
408.5,1,451.325,0.0123219
408,1,450.459,0.0123456
407.5,1,449.593,0.0123859
407,1,448.727,0.0124769
406.5,1,447.861,0.0125699
406,1,446.995,0.0126736
405.5,1,446.129,0.0128765
405,1,445.263,0.0130923
404.5,1,444.397,0.0133212
404,1,443.531,0.0138386
403.5,1,442.665,0.0144345
403,1,441.799,0.0150022
402.5,1,440.933,0.0163433
402,1,440.067,0.0179602
401.5,1,439.201,0.019618
401,1,438.335,0.021396
400.5,1,437.469,0.0223194
400,1,436.603,0.0251324
399.5,1,435.737,0.0319406
399,1,434.87,0.0382364
398.5,1,434.004,0.0464013
398,1,433.138,0.0482081
397.5,1,432.272,0.0494481
397,1,431.406,0.0496367
396.5,1,430.54,0.0486136
396,1,429.674,0.048089
395.5,1,428.808,0.0485107
395,1,427.942,0.049195
394.5,1,427.076,0.0499872
394,1,426.21,0.0493244
393.5,1,425.344,0.049302
393,1,424.478,0.0500164
392.5,1,423.612,0.052652
392,1,422.746,0.0561835
391.5,1,421.88,0.0605761
391,1,421.014,0.0662462
390.5,1,420.148,0.0707724
390,1,419.282,0.0727364
389.5,1,418.416,0.0739048
389,1,417.55,0.0748347
388.5,1,416.684,0.0743433
388,1,415.818,0.073821
387.5,1,414.952,0.0733481
387,1,414.086,0.0725764
386.5,1,413.22,0.0717549
386,1,412.354,0.0710102
385.5,1,411.488,0.0704068
385,1,410.622,0.0704188
384.5,1,409.756,0.0706237
384,1,408.89,0.0711195
383.5,1,408.024,0.0722251
383,1,407.158,0.0732733
382.5,1,406.292,0.0742154
382,1,405.426,0.075826
381.5,1,404.56,0.0741615
381,1,403.694,0.0738188
380.5,1,402.828,0.0789248
380,1,401.962,0.0817253
379.5,1,401.095,0.0846138
379,1,400.229,0.0854183
378.5,1,399.363,0.0821122
378,1,398.497,0.0790808
377.5,1,397.631,0.0770564
377,1,396.765,0.0750258
376.5,1,395.899,0.0730889
376,1,395.033,0.071256
375.5,1,394.167,0.0694166
375,1,393.301,0.0676628
374.5,1,392.435,0.0657263
374,1,391.569,0.0634372
373.5,1,390.703,0.0603686
373,1,389.837,0.0567314
372.5,1,388.971,0.0525434
372,1,388.105,0.0486099
371.5,1,387.239,0.0454089
371,1,386.373,0.0431405
370.5,1,385.507,0.0409168
370,1,384.641,0.0373112
369.5,1,383.775,0.0351388
369,1,382.909,0.0338129
368.5,1,382.043,0.0330875
368,1,381.177,0.0366735
367.5,1,380.311,0.0401819
367,1,379.445,0.043742
366.5,1,378.579,0.0496233
366,1,377.713,0.0534785
365.5,1,376.847,0.0547088
365,1,375.981,0.0540086
364.5,1,375.115,0.0513724
364,1,374.249,0.0456503
363.5,1,373.383,0.0416446
363,1,372.517,0.0377661
362.5,1,371.651,0.0373465
362,1,370.785,0.0382331
361.5,1,369.919,0.040927
361,1,369.053,0.0418076
360.5,1,368.187,0.0403124
360,1,367.321,0.035932
359.5,1,366.454,0.0307577
359,1,365.588,0.0252414
358.5,1,364.722,0.0207958
358,1,363.856,0.0179349
357.5,1,362.99,0.0148179
357,1,362.124,0.0124336
356.5,1,361.258,0.0119195
356,1,360.392,0.0111069
355.5,1,359.526,0.00950877
355,1,358.66,0.00861194
354.5,1,357.794,0.00809635
354,1,356.928,0.00808731
353.5,1,356.062,0.00735077
353,1,355.196,0.00572311
352.5,1,354.33,0.00330095
352,1,353.464,0.000563907
351.5,1,352.598,-0.00221224
351,1,351.732,-0.00231631
350.5,1,350.866,0.000429472
350,1,350,0.00361776
349.5,1,349.134,0.00597958
349,1,348.268,0.0075537
348.5,1,347.402,0.00892142
348,1,346.536,0.0103092
347.5,1,345.67,0.0113257
347,1,344.804,0.0118951
346.5,1,343.938,0.0123907
346,1,343.072,0.0127977
345.5,1,342.206,0.0129883
345,1,341.34,0.0131484
344.5,1,340.474,0.0132883
344,1,339.608,0.0133793
343.5,1,338.742,0.0134115
343,1,337.876,0.0133802
342.5,1,337.01,0.0133916
342,1,336.144,0.0134151
341.5,1,335.278,0.0134287
341,1,334.412,0.013478
340.5,1,333.546,0.0135356
340,1,332.679,0.01357
339.5,1,331.813,0.0135929
339,1,330.947,0.0136211
338.5,1,330.081,0.0136475
338,1,329.215,0.0136671
337.5,1,328.349,0.0136738
337,1,327.483,0.0136741
336.5,1,326.617,0.0136661
336,1,325.751,0.0136475
335.5,1,324.885,0.0136279
335,1,324.019,0.0136071
334.5,1,323.153,0.0135613
334,1,322.287,0.0135162
333.5,1,321.421,0.013472
333,1,320.555,0.0134348
332.5,1,319.689,0.013403
332,1,318.823,0.0133745
331.5,1,317.957,0.0133439
331,1,317.091,0.0133173
330.5,1,316.225,0.0132974
330,1,315.359,0.013288
329.5,1,314.493,0.0132851
329,1,313.627,0.0132806
328.5,1,312.761,0.0132703
328,1,311.895,0.0132449
327.5,1,311.029,0.0132189
327,1,310.163,0.0131926
326.5,1,309.297,0.0131652
326,1,308.431,0.0131362
325.5,1,307.565,0.0131075
325,1,306.699,0.0130774
324.5,1,305.833,0.0130483
324,1,304.967,0.0130202
323.5,1,304.101,0.0130025
323,1,303.235,0.0129863
322.5,1,302.369,0.012971
322,1,301.503,0.012958
321.5,1,300.637,0.0129455
321,1,299.771,0.0129341
320.5,1,298.905,0.0129308
320,1,298.038,0.0129325
319.5,1,297.172,0.0129348
319,1,296.306,0.0129399
318.5,1,295.44,0.0129486
318,1,294.574,0.0129596
317.5,1,293.708,0.0129688
317,1,292.842,0.0129725
316.5,1,291.976,0.012976
316,1,291.11,0.0129791
315.5,1,290.244,0.0129831
315,1,289.378,0.012988
314.5,1,288.512,0.0129927
314,1,287.646,0.0130044
313.5,1,286.78,0.0130163
313,1,285.914,0.0130283
312.5,1,285.048,0.0130416
312,1,284.182,0.0130548
311.5,1,283.316,0.0130678
311,1,282.45,0.0130788
310.5,1,281.584,0.0130882
310,1,280.718,0.0130968
309.5,1,279.852,0.0131024
309,1,278.986,0.0131054
308.5,1,278.12,0.013108
308,1,277.254,0.0131122
307.5,1,276.388,0.0131195
307,1,275.522,0.0131261
306.5,1,274.656,0.0131334
306,1,273.79,0.0131456
305.5,1,272.924,0.0131566
305,1,272.058,0.0131661
304.5,1,271.192,0.0131682
304,1,270.326,0.0131697
303.5,1,269.46,0.0131707
303,1,268.594,0.0131695
302.5,1,267.728,0.0131678
302,1,266.862,0.0131658
301.5,1,265.996,0.0131608
301,1,265.13,0.0131541
300.5,1,264.263,0.0131469
300,1,263.397,0.0131385
299.5,1,262.531,0.0131287
299,1,261.665,0.0131181
298.5,1,260.799,0.0131057
298,1,259.933,0.0130918
297.5,1,259.067,0.0130776
297,1,258.201,0.0130619
296.5,1,257.335,0.0130425
296,1,256.469,0.0130233
295.5,1,255.603,0.0130041
295,1,254.737,0.012986
294.5,1,253.871,0.0129679
294,1,253.005,0.0129498
293.5,1,252.139,0.0129273
293,1,251.273,0.0129044
292.5,1,250.407,0.0128815
292,1,249.541,0.0128641
291.5,1,248.675,0.0128485
291,1,247.809,0.0128327
290.5,1,246.943,0.0128175
290,1,246.077,0.0128026
289.5,1,245.211,0.0127875
289,1,244.345,0.0127745
288.5,1,243.479,0.0127644
288,1,242.613,0.0127534
287.5,1,241.747,0.0127432
287,1,240.881,0.0127343
286.5,1,240.015,0.0127251
286,1,239.149,0.0127162
285.5,1,238.283,0.0127117
285,1,237.417,0.0127069
284.5,1,236.551,0.012702
284,1,235.685,0.0126989
283.5,1,234.819,0.0126955
283,1,233.953,0.0126918
282.5,1,233.087,0.0126905
282,1,232.221,0.0126896
281.5,1,231.355,0.0126885
281,1,230.488,0.0126886
280.5,1,229.622,0.0126895
280,1,228.756,0.012691
279.5,1,227.89,0.0126931
279,1,227.024,0.0126953
278.5,1,226.158,0.0126974
278,1,225.292,0.0127013
277.5,1,224.426,0.012708
277,1,223.56,0.0127148
276.5,1,222.694,0.0127215
276,1,221.828,0.0127288
275.5,1,220.962,0.0127356
275,1,220.096,0.0127421
274.5,1,219.23,0.012755
274,1,218.364,0.0127673
273.5,1,217.498,0.0127788
273,1,216.632,0.0127842
272.5,1,215.766,0.0127881
272,1,214.9,0.0127913
271.5,1,214.034,0.0127972
271,1,213.168,0.0128035
270.5,1,212.302,0.0128088
270,1,211.436,0.0128119
269.5,1,210.57,0.0128137
269,1,209.704,0.012815
268.5,1,208.838,0.012817
268,1,207.972,0.0128201
267.5,1,207.106,0.0128226
267,1,206.24,0.0128238
266.5,1,205.374,0.012822
266,1,204.508,0.0128198
265.5,1,203.642,0.0128173
265,1,202.776,0.0128148
264.5,1,201.91,0.0128123
264,1,201.044,0.0128096
263.5,1,200.178,0.0128069
263,1,199.312,0.0128042
262.5,1,198.446,0.0128016
262,1,197.58,0.012799
261.5,1,196.714,0.0127965
261,1,195.847,0.0127942
260.5,1,194.981,0.0127919
260,1,194.115,0.0127892
259.5,1,193.249,0.0127866
259,1,192.383,0.0127835
258.5,1,191.517,0.01278
258,1,190.651,0.012777
257.5,1,189.785,0.0127742
257,1,188.919,0.0127715
256.5,1,188.053,0.0127688
256,1,187.187,0.0127661
255.5,1,186.321,0.0127637
255,1,185.455,0.0127618
254.5,1,184.589,0.0127602
254,1,183.723,0.0127585
253.5,1,182.857,0.0127567
253,1,181.991,0.0127551
252.5,1,181.125,0.0127537
252,1,180.259,0.0127525
251.5,1,179.393,0.0127516
251,1,178.527,0.0127513
250.5,1,177.661,0.0127513
250,1,176.795,0.0127516
249.5,1,175.929,0.0127528
249,1,175.063,0.0127549
248.5,1,174.197,0.0127572
248,1,173.331,0.0127594
247.5,1,172.465,0.012761
247,1,171.599,0.0127627
246.5,1,170.733,0.0127645
246,1,169.867,0.0127667
245.5,1,169.001,0.0127691
245,1,168.135,0.0127718
244.5,1,167.269,0.0127741
244,1,166.403,0.0127764
243.5,1,165.537,0.0127788
243,1,164.671,0.0127823
242.5,1,163.805,0.0127861
242,1,162.939,0.01279
241.5,1,162.072,0.0127927
241,1,161.206,0.012795
240.5,1,160.34,0.0127974
240,1,159.474,0.0127997
239.5,1,158.608,0.012802
239,1,157.742,0.0128042
238.5,1,156.876,0.012806
238,1,156.01,0.0128072
237.5,1,155.144,0.0128084
237,1,154.278,0.0128096
236.5,1,153.412,0.0128104
236,1,152.546,0.012811
235.5,1,151.68,0.0128116
235,1,150.814,0.0128119
234.5,1,149.948,0.0128121
234,1,149.082,0.0128124
233.5,1,148.216,0.0128118
233,1,147.35,0.0128109
232.5,1,146.484,0.0128099
232,1,145.618,0.0128087
231.5,1,144.752,0.0128075
231,1,143.886,0.0128063
230.5,1,143.02,0.012804
230,1,142.154,0.0128013
229.5,1,141.288,0.0127987
229,1,140.422,0.0127964
228.5,1,139.556,0.0127944
228,1,138.69,0.0127925
227.5,1,137.824,0.0127906
227,1,136.958,0.0127884
226.5,1,136.092,0.0127862
226,1,135.226,0.0127842
225.5,1,134.36,0.012782
225,1,133.494,0.0127799
224.5,1,132.628,0.0127779
224,1,131.762,0.0127754
223.5,1,130.896,0.0127729
223,1,130.03,0.0127705
222.5,1,129.164,0.0127686
222,1,128.297,0.0127668
221.5,1,127.431,0.0127652
221,1,126.565,0.0127639
220.5,1,125.699,0.0127629
220,1,124.833,0.012762
219.5,1,123.967,0.0127613
219,1,123.101,0.0127607
218.5,1,122.235,0.0127603
218,1,121.369,0.0127599
217.5,1,120.503,0.0127596
217,1,119.637,0.0127593
216.5,1,118.771,0.0127591
216,1,117.905,0.0127591
215.5,1,117.039,0.0127591
215,1,116.173,0.0127592
214.5,1,115.307,0.0127592
214,1,114.441,0.0127593
213.5,1,113.575,0.0127594
213,1,112.709,0.0127597
212.5,1,111.843,0.01276
212,1,110.977,0.0127603
211.5,1,110.111,0.0127607
211,1,109.245,0.012761
210.5,1,108.379,0.0127614
210,1,107.513,0.0127617
209.5,1,106.647,0.012762
209,1,105.781,0.0127623
208.5,1,104.915,0.0127626
208,1,104.049,0.0127629
207.5,1,103.183,0.0127632
207,1,102.317,0.0127635
206.5,1,101.451,0.0127636
206,1,100.585,0.0127636
205.5,1,99.7187,0.0127637
205,1,98.8526,0.0127634
204.5,1,97.9866,0.0127631
204,1,97.1206,0.0127628
203.5,1,96.2546,0.0127627
203,1,95.3885,0.0127625
202.5,1,94.5225,0.0127623
202,1,93.6565,0.0127622
201.5,1,92.7905,0.0127621
201,1,91.9244,0.012762
200.5,1,91.0584,0.0127618
200,1,90.1924,0.0127614
