x,y,z,b
500,1,609.808,0.0124611
499.5,1,608.942,0.0124298
499,1,608.076,0.0124337
498.5,1,607.21,0.0125027
498,1,606.344,0.0125731
497.5,1,605.477,0.0126248
497,1,604.611,0.0126024
496.5,1,603.745,0.0125774
496,1,602.879,0.0125526
495.5,1,602.013,0.0125613
495,1,601.147,0.0125679
494.5,1,600.281,0.0125725
494,1,599.415,0.0125478
493.5,1,598.549,0.0125178
493,1,597.683,0.0124864
492.5,1,596.817,0.0124851
492,1,595.951,0.012493
491.5,1,595.085,0.0124988
491,1,594.219,0.0125079
490.5,1,593.353,0.012523
490,1,592.487,0.0125398
489.5,1,591.621,0.012559
489,1,590.755,0.012583
488.5,1,589.889,0.0126115
488,1,589.023,0.012633
487.5,1,588.157,0.0126269
487,1,587.291,0.0126251
486.5,1,586.425,0.012625
486,1,585.559,0.0126039
485.5,1,584.693,0.0125752
485,1,583.827,0.0125406
484.5,1,582.961,0.0125404
484,1,582.095,0.0125382
483.5,1,581.229,0.0125323
483,1,580.363,0.0125677
482.5,1,579.497,0.0126053
482,1,578.631,0.012638
481.5,1,577.765,0.0127273
481,1,576.899,0.0128453
480.5,1,576.033,0.0129561
480,1,575.167,0.0130336
479.5,1,574.301,0.0130861
479,1,573.435,0.0131419
478.5,1,572.569,0.0131834
478,1,571.703,0.0131931
477.5,1,570.836,0.0132054
477,1,569.97,0.0132207
476.5,1,569.104,0.0132333
476,1,568.238,0.0132451
475.5,1,567.372,0.0132563
475,1,566.506,0.0132856
474.5,1,565.64,0.0133117
474,1,564.774,0.0133367
473.5,1,563.908,0.0133483
473,1,563.042,0.0133553
472.5,1,562.176,0.0133594
472,1,561.31,0.0133537
471.5,1,560.444,0.0133439
471,1,559.578,0.0133345
470.5,1,558.712,0.0133161
470,1,557.846,0.0132926
469.5,1,556.98,0.013272
469,1,556.114,0.0132549
468.5,1,555.248,0.0132454
468,1,554.382,0.0132403
467.5,1,553.516,0.0132527
467,1,552.65,0.0133131
466.5,1,551.784,0.0133752
466,1,550.918,0.013441
465.5,1,550.052,0.0135488
465,1,549.186,0.0136538
464.5,1,548.32,0.013756
464,1,547.454,0.0139279
463.5,1,546.588,0.0141014
463,1,545.722,0.0142601
462.5,1,544.856,0.0144204
462,1,543.99,0.0145816
461.5,1,543.124,0.0147407
461,1,542.258,0.0149608
460.5,1,541.392,0.0152139
460,1,540.526,0.0154427
459.5,1,539.66,0.0156968
459,1,538.794,0.0160002
458.5,1,537.928,0.0163025
458,1,537.061,0.0165968
457.5,1,536.195,0.0168514
457,1,535.329,0.0171029
456.5,1,534.463,0.0173327
456,1,533.597,0.0174579
455.5,1,532.731,0.0176318
455,1,531.865,0.0178106
454.5,1,530.999,0.0177934
454,1,530.133,0.0178282
453.5,1,529.267,0.0179222
453,1,528.401,0.0178893
452.5,1,527.535,0.0178218
452,1,526.669,0.0177426
451.5,1,525.803,0.0177011
451,1,524.937,0.0176723
450.5,1,524.071,0.0176549
450,1,523.205,0.0176277
449.5,1,522.339,0.0175751
449,1,521.473,0.0175249
448.5,1,520.607,0.0175012
448,1,519.741,0.0175137
447.5,1,518.875,0.017528
447,1,518.009,0.0175279
446.5,1,517.143,0.0174502
446,1,516.277,0.017376
445.5,1,515.411,0.0173058
445,1,514.545,0.0172608
444.5,1,513.679,0.0172238
444,1,512.813,0.0171593
443.5,1,511.947,0.0170703
443,1,511.081,0.0170011
442.5,1,510.215,0.0169564
442,1,509.349,0.0168938
441.5,1,508.483,0.0168093
441,1,507.617,0.0166935
440.5,1,506.751,0.0166117
440,1,505.885,0.0165595
439.5,1,505.019,0.016518
439,1,504.153,0.0165366
438.5,1,503.286,0.0166389
438,1,502.42,0.0167407
437.5,1,501.554,0.0168314
437,1,500.688,0.0168767
436.5,1,499.822,0.0169034
436,1,498.956,0.0169129
435.5,1,498.09,0.0169788
435,1,497.224,0.0170411
434.5,1,496.358,0.0170999
434,1,495.492,0.0171885
433.5,1,494.626,0.0172781
433,1,493.76,0.0173858
432.5,1,492.894,0.0176252
432,1,492.028,0.0179265
431.5,1,491.162,0.0182543
431,1,490.296,0.0187498
430.5,1,489.43,0.0192995
430,1,488.564,0.0198492
429.5,1,487.698,0.0204027
429,1,486.832,0.0209438
428.5,1,485.966,0.0213969
428,1,485.1,0.0217483
427.5,1,484.234,0.022094
427,1,483.368,0.022387
426.5,1,482.502,0.0225752
426,1,481.636,0.0224388
425.5,1,480.77,0.0222139
425,1,479.904,0.0218327
424.5,1,479.038,0.0212221
424,1,478.172,0.020585
423.5,1,477.306,0.0199232
423,1,476.44,0.0194095
422.5,1,475.574,0.0189568
422,1,474.708,0.0186099
421.5,1,473.842,0.0185364
421,1,472.976,0.0186091
420.5,1,472.11,0.0187098
420,1,471.244,0.0189776
419.5,1,470.378,0.0193825
419,1,469.512,0.019713
418.5,1,468.645,0.0198006
418,1,467.779,0.0195642
417.5,1,466.913,0.0192781
417,1,466.047,0.0189264
416.5,1,465.181,0.0187077
416,1,464.315,0.0185047
415.5,1,463.449,0.0183152
415,1,462.583,0.0181696
414.5,1,461.717,0.0180269
414,1,460.851,0.0179434
413.5,1,459.985,0.0180636
413,1,459.119,0.0182665
412.5,1,458.253,0.0185332
412,1,457.387,0.0189389
411.5,1,456.521,0.0196122
411,1,455.655,0.0191927
410.5,1,454.789,0.0187598
410,1,453.923,0.0183217
409.5,1,453.057,0.0179758
409,1,452.191,0.0184621
408.5,1,451.325,0.0190108
408,1,450.459,0.0194389
407.5,1,449.593,0.0196109
407,1,448.727,0.0197038
406.5,1,447.861,0.0196725
406,1,446.995,0.0195408
405.5,1,446.129,0.019371
405,1,445.263,0.0193059
404.5,1,444.397,0.0194599
404,1,443.531,0.0197258
403.5,1,442.665,0.0207399
403,1,441.799,0.0215566
402.5,1,440.933,0.0222055
402,1,440.067,0.0228438
401.5,1,439.201,0.0229516
401,1,438.335,0.0225586
400.5,1,437.469,0.0219161
400,1,436.603,0.0212243
399.5,1,435.737,0.0209263
399,1,434.87,0.0208521
398.5,1,434.004,0.020791
398,1,433.138,0.021031
397.5,1,432.272,0.0211123
397,1,431.406,0.0214166
396.5,1,430.54,0.0223811
396,1,429.674,0.0236355
395.5,1,428.808,0.0251109
395,1,427.942,0.0250803
394.5,1,427.076,0.0278009
394,1,426.21,0.0270749
393.5,1,425.344,0.0257025
393,1,424.478,0.0257388
392.5,1,423.612,0.0280404
392,1,422.746,0.0299289
391.5,1,421.88,0.0317372
391,1,421.014,0.0335225
390.5,1,420.148,0.0345418
390,1,419.282,0.0346387
389.5,1,418.416,0.0342933
389,1,417.55,0.0334671
388.5,1,416.684,0.0320107
388,1,415.818,0.0407927
387.5,1,414.952,0.0571852
387,1,414.086,0.0650846
386.5,1,413.22,0.0661057
386,1,412.354,0.0668859
385.5,1,411.488,0.0675421
385,1,410.622,0.0672485
384.5,1,409.756,0.0669881
384,1,408.89,0.067066
383.5,1,408.024,0.0673336
383,1,407.158,0.067498
382.5,1,406.292,0.0672188
382,1,405.426,0.0671812
381.5,1,404.56,0.0673852
381,1,403.694,0.0678308
380.5,1,402.828,0.0685179
380,1,401.962,0.0693564
379.5,1,401.095,0.0681401
379,1,400.229,0.0669768
378.5,1,399.363,0.0658835
378,1,398.497,0.0648602
377.5,1,397.631,0.0639068
377,1,396.765,0.0620653
376.5,1,395.899,0.0599417
376,1,395.033,0.0576173
375.5,1,394.167,0.0574917
375,1,393.301,0.0586376
374.5,1,392.435,0.0573559
374,1,391.569,0.0563781
373.5,1,390.703,0.0563186
373,1,389.837,0.05766
372.5,1,388.971,0.0588753
372,1,388.105,0.0591002
371.5,1,387.239,0.0609278
371,1,386.373,0.061765
370.5,1,385.507,0.0624868
370,1,384.641,0.0633669
369.5,1,383.775,0.0642422
369,1,382.909,0.0650004
368.5,1,382.043,0.0662843
368,1,381.177,0.0668003
367.5,1,380.311,0.0657472
367,1,379.445,0.0643094
366.5,1,378.579,0.062916
366,1,377.713,0.0619117
365.5,1,376.847,0.0603303
365,1,375.981,0.0596541
364.5,1,375.115,0.059368
364,1,374.249,0.0596203
363.5,1,373.383,0.059893
363,1,372.517,0.0602504
362.5,1,371.651,0.060879
362,1,370.785,0.0615664
361.5,1,369.919,0.0623669
361,1,369.053,0.0634414
360.5,1,368.187,0.0647337
360,1,367.321,0.0652443
359.5,1,366.454,0.0645983
359,1,365.588,0.0631277
358.5,1,364.722,0.0619774
358,1,363.856,0.0610044
357.5,1,362.99,0.0613643
357,1,362.124,0.0618802
356.5,1,361.258,0.0623069
356,1,360.392,0.0615692
355.5,1,359.526,0.0610926
355,1,358.66,0.0606734
354.5,1,357.794,0.0602634
354,1,356.928,0.0598801
353.5,1,356.062,0.0593476
353,1,355.196,0.058725
352.5,1,354.33,0.0580346
352,1,353.464,0.0569438
351.5,1,352.598,0.055474
351,1,351.732,0.0539022
350.5,1,350.866,0.053069
350,1,350,0.0528385
349.5,1,349.134,0.0527048
349,1,348.268,0.0538147
348.5,1,347.402,0.0568639
348,1,346.536,0.0602621
347.5,1,345.67,0.0632834
347,1,344.804,0.0639926
346.5,1,343.938,0.0642088
346,1,343.072,0.0637823
345.5,1,342.206,0.0630065
345,1,341.34,0.06241
344.5,1,340.474,0.0645167
344,1,339.608,0.0671879
343.5,1,338.742,0.0664305
343,1,337.876,0.065604
342.5,1,337.01,0.0634741
342,1,336.144,0.0608781
341.5,1,335.278,0.0599286
341,1,334.412,0.0567905
340.5,1,333.546,0.054049
340,1,332.679,0.0528247
339.5,1,331.813,0.0531717
339,1,330.947,0.053874
338.5,1,330.081,0.0545167
338,1,329.215,0.0555647
337.5,1,328.349,0.0571798
337,1,327.483,0.0592517
336.5,1,326.617,0.0618482
336,1,325.751,0.0640838
335.5,1,324.885,0.065823
335,1,324.019,0.0669105
334.5,1,323.153,0.0675581
334,1,322.287,0.0677598
333.5,1,321.421,0.0678578
333,1,320.555,0.0675891
332.5,1,319.689,0.0672164
332,1,318.823,0.0668554
331.5,1,317.957,0.066908
331,1,317.091,0.066855
330.5,1,316.225,0.0669619
330,1,315.359,0.0673547
329.5,1,314.493,0.0685787
329,1,313.627,0.0696454
328.5,1,312.761,0.0707764
328,1,311.895,0.0721968
327.5,1,311.029,0.0731601
327,1,310.163,0.0737307
326.5,1,309.297,0.0741439
326,1,308.431,0.0746142
325.5,1,307.565,0.0750135
325,1,306.699,0.0767211
324.5,1,305.833,0.0784732
324,1,304.967,0.0803121
323.5,1,304.101,0.0814081
323,1,303.235,0.0816435
322.5,1,302.369,0.0790689
322,1,301.503,0.0747357
321.5,1,300.637,0.0695685
321,1,299.771,0.0637942
320.5,1,298.905,0.0582453
320,1,298.038,0.0584417
319.5,1,297.172,0.0584731
319,1,296.306,0.0598516
318.5,1,295.44,0.0623717
318,1,294.574,0.0657807
317.5,1,293.708,0.0686838
317,1,292.842,0.07145
316.5,1,291.976,0.0711261
316,1,291.11,0.0701464
315.5,1,290.244,0.0689832
315,1,289.378,0.0676367
314.5,1,288.512,0.0661067
314,1,287.646,0.0663368
313.5,1,286.78,0.0678252
313,1,285.914,0.0703393
312.5,1,285.048,0.0725531
312,1,284.182,0.0736947
311.5,1,283.316,0.0760792
311,1,282.45,0.0773917
310.5,1,281.584,0.0783409
310,1,280.718,0.0783276
309.5,1,279.852,0.0784552
309,1,278.986,0.0787237
308.5,1,278.12,0.0774591
308,1,277.254,0.0779995
307.5,1,276.388,0.0779589
307,1,275.522,0.0774714
306.5,1,274.656,0.0775845
306,1,273.79,0.0776352
305.5,1,272.924,0.0784753
305,1,272.058,0.0801006
304.5,1,271.192,0.0800121
304,1,270.326,0.079589
303.5,1,269.46,0.0794257
303,1,268.594,0.0775973
302.5,1,267.728,0.0757166
302,1,266.862,0.0737306
301.5,1,265.996,0.0712973
301,1,265.13,0.069295
300.5,1,264.263,0.0676531
300,1,263.397,0.0666599
299.5,1,262.531,0.0656287
299,1,261.665,0.0637698
298.5,1,260.799,0.0619737
298,1,259.933,0.0605877
297.5,1,259.067,0.059361
297,1,258.201,0.0581727
296.5,1,257.335,0.056782
296,1,256.469,0.055587
295.5,1,255.603,0.0543165
295,1,254.737,0.0518408
294.5,1,253.871,0.0488446
294,1,253.005,0.0453279
293.5,1,252.139,0.041065
293,1,251.273,0.0363489
292.5,1,250.407,0.0330257
292,1,249.541,0.030355
291.5,1,248.675,0.028025
291,1,247.809,0.0265354
290.5,1,246.943,0.0249585
290,1,246.077,0.0253453
289.5,1,245.211,0.0233348
289,1,244.345,0.0211128
288.5,1,243.479,0.0191746
288,1,242.613,0.0168888
287.5,1,241.747,0.0153485
287,1,240.881,0.0149857
286.5,1,240.015,0.0147219
286,1,239.149,0.0145759
285.5,1,238.283,0.0146278
285,1,237.417,0.0147156
284.5,1,236.551,0.0148319
284,1,235.685,0.0149175
283.5,1,234.819,0.014993
283,1,233.953,0.0150596
282.5,1,233.087,0.0150919
282,1,232.221,0.0151164
281.5,1,231.355,0.0151396
281,1,230.488,0.0151859
280.5,1,229.622,0.015245
280,1,228.756,0.0153016
279.5,1,227.89,0.015329
279,1,227.024,0.015324
278.5,1,226.158,0.0153126
278,1,225.292,0.0153087
277.5,1,224.426,0.0153292
277,1,223.56,0.0153522
276.5,1,222.694,0.0153831
276,1,221.828,0.0154393
275.5,1,220.962,0.0154852
275,1,220.096,0.0155248
274.5,1,219.23,0.0157169
274,1,218.364,0.0159026
273.5,1,217.498,0.0160829
273,1,216.632,0.0161093
272.5,1,215.766,0.0161191
272,1,214.9,0.0161339
271.5,1,214.034,0.0161313
271,1,213.168,0.016145
270.5,1,212.302,0.0161823
270,1,211.436,0.0161834
269.5,1,210.57,0.0161408
269,1,209.704,0.0160969
268.5,1,208.838,0.0160684
268,1,207.972,0.0160653
267.5,1,207.106,0.0160659
267,1,206.24,0.0160427
266.5,1,205.374,0.0159203
266,1,204.508,0.0157816
265.5,1,203.642,0.0156395
265,1,202.776,0.0156418
264.5,1,201.91,0.0156417
264,1,201.044,0.0156394
263.5,1,200.178,0.015468
263,1,199.312,0.0152661
262.5,1,198.446,0.0150453
262,1,197.58,0.0150914
261.5,1,196.714,0.0152266
261,1,195.847,0.0153724
260.5,1,194.981,0.0152477
260,1,194.115,0.0149332
259.5,1,193.249,0.0146168
259,1,192.383,0.0145413
258.5,1,191.517,0.0147628
258,1,190.651,0.0149946
257.5,1,189.785,0.0151025
257,1,188.919,0.0149092
256.5,1,188.053,0.0147251
256,1,187.187,0.0145979
255.5,1,186.321,0.0147853
255,1,185.455,0.0149809
254.5,1,184.589,0.0151684
254,1,183.723,0.0150015
253.5,1,182.857,0.0148413
253,1,181.991,0.014696
252.5,1,181.125,0.0148029
252,1,180.259,0.0149665
251.5,1,179.393,0.0151341
251,1,178.527,0.0150257
250.5,1,177.661,0.0147612
250,1,176.795,0.0144839
249.5,1,175.929,0.0145211
249,1,175.063,0.014852
248.5,1,174.197,0.0151692
248,1,173.331,0.0152359
247.5,1,172.465,0.0148446
247,1,171.599,0.0144601
246.5,1,170.733,0.0142186
246,1,169.867,0.0146339
245.5,1,169.001,0.0150736
245,1,168.135,0.0155191
244.5,1,167.269,0.015423
244,1,166.403,0.0152782
243.5,1,165.537,0.0150813
243,1,164.671,0.0152772
242.5,1,163.805,0.0155398
242,1,162.939,0.0158103
241.5,1,162.072,0.0158809
241,1,161.206,0.0158499
240.5,1,160.34,0.0157982
240,1,159.474,0.0159804
239.5,1,158.608,0.0163498
239,1,157.742,0.0167166
238.5,1,156.876,0.0168849
238,1,156.01,0.0167524
237.5,1,155.144,0.0165973
237,1,154.278,0.0164875
236.5,1,153.412,0.0165757
236,1,152.546,0.0166549
235.5,1,151.68,0.0166955
235,1,150.814,0.016442
234.5,1,149.948,0.0162543
234,1,149.082,0.0161322
233.5,1,148.216,0.016071
233,1,147.35,0.0159696
232.5,1,146.484,0.0158166
232,1,145.618,0.0158776
231.5,1,144.752,0.0160535
231,1,143.886,0.0162772
230.5,1,143.02,0.0162322
230,1,142.154,0.0159918
229.5,1,141.288,0.0157297
229,1,140.422,0.015693
228.5,1,139.556,0.0159519
228,1,138.69,0.0162238
227.5,1,137.824,0.0163366
227,1,136.958,0.0160641
226.5,1,136.092,0.0157868
226,1,135.226,0.01559
225.5,1,134.36,0.015893
225,1,133.494,0.0161927
224.5,1,132.628,0.0164802
224,1,131.762,0.0162362
223.5,1,130.896,0.0159822
223,1,130.03,0.0157246
222.5,1,129.164,0.015818
222,1,128.297,0.0159842
221.5,1,127.431,0.0161501
221,1,126.565,0.0160861
220.5,1,125.699,0.0159172
220,1,124.833,0.0157601
219.5,1,123.967,0.0156867
219,1,123.101,0.0156511
218.5,1,122.235,0.0155894
218,1,121.369,0.0155315
217.5,1,120.503,0.0155396
217,1,119.637,0.0155785
216.5,1,118.771,0.0155967
216,1,117.905,0.0154333
215.5,1,117.039,0.0152441
215,1,116.173,0.0150434
214.5,1,115.307,0.0151473
214,1,114.441,0.0152593
213.5,1,113.575,0.0153756
213,1,112.709,0.0152507
212.5,1,111.843,0.0150917
212,1,110.977,0.0149298
211.5,1,110.111,0.0150028
211,1,109.245,0.0151747
210.5,1,108.379,0.015359
210,1,107.513,0.0153543
209.5,1,106.647,0.0151996
209,1,105.781,0.0150423
208.5,1,104.915,0.0149862
208,1,104.049,0.015075
207.5,1,103.183,0.0151609
207,1,102.317,0.0151981
206.5,1,101.451,0.0151015
206,1,100.585,0.0150025
205.5,1,99.7187,0.014921
205,1,98.8526,0.0149877
204.5,1,97.9866,0.0150513
204,1,97.1206,0.0151117
203.5,1,96.2546,0.0150104
203,1,95.3885,0.0149051
202.5,1,94.5225,0.0148067
202,1,93.6565,0.0148075
201.5,1,92.7905,0.0148329
201,1,91.9244,0.0148566
200.5,1,91.0584,0.0148349
200,1,90.1924,0.0147925
