x,y,z,b
500,1,609.808,0.0127181
499.5,1,608.942,0.0125753
499,1,608.076,0.0125373
498.5,1,607.21,0.0126675
498,1,606.344,0.0127852
497.5,1,605.477,0.0128654
497,1,604.611,0.0128547
496.5,1,603.745,0.012851
496,1,602.879,0.0128581
495.5,1,602.013,0.01289
495,1,601.147,0.0129125
494.5,1,600.281,0.0129254
494,1,599.415,0.0128952
493.5,1,598.549,0.0128644
493,1,597.683,0.0128354
492.5,1,596.817,0.0127879
492,1,595.951,0.0127288
491.5,1,595.085,0.0126645
491,1,594.219,0.0126225
490.5,1,593.353,0.0125974
490,1,592.487,0.0125706
489.5,1,591.621,0.0125551
489,1,590.755,0.0125527
488.5,1,589.889,0.0125452
488,1,589.023,0.0125449
487.5,1,588.157,0.0125761
487,1,587.291,0.0126067
486.5,1,586.425,0.0126324
486,1,585.559,0.0126258
485.5,1,584.693,0.0126213
485,1,583.827,0.0126179
484.5,1,582.961,0.012701
484,1,582.095,0.0127889
483.5,1,581.229,0.0128774
483,1,580.363,0.0129947
482.5,1,579.497,0.0131173
482,1,578.631,0.0132404
481.5,1,577.765,0.0134045
481,1,576.899,0.0135924
480.5,1,576.033,0.0137809
480,1,575.167,0.0139361
479.5,1,574.301,0.0140595
479,1,573.435,0.0141884
478.5,1,572.569,0.0143015
478,1,571.703,0.0143746
477.5,1,570.836,0.0144507
477,1,569.97,0.0145129
476.5,1,569.104,0.0144968
476,1,568.238,0.0144822
475.5,1,567.372,0.0144689
475,1,566.506,0.0144521
474.5,1,565.64,0.0144316
474,1,564.774,0.0144121
473.5,1,563.908,0.0144394
473,1,563.042,0.0144711
472.5,1,562.176,0.0144995
472,1,561.31,0.0145615
471.5,1,560.444,0.0146407
471,1,559.578,0.0147197
470.5,1,558.712,0.0147797
470,1,557.846,0.014824
469.5,1,556.98,0.014867
469,1,556.114,0.0149075
468.5,1,555.248,0.0149379
468,1,554.382,0.0149635
467.5,1,553.516,0.014982
467,1,552.65,0.0149862
466.5,1,551.784,0.0149859
466,1,550.918,0.014981
465.5,1,550.052,0.0149822
465,1,549.186,0.0149757
464.5,1,548.32,0.0149616
464,1,547.454,0.0149401
463.5,1,546.588,0.0149116
463,1,545.722,0.014883
462.5,1,544.856,0.0148691
462,1,543.99,0.0148452
461.5,1,543.124,0.0148038
461,1,542.258,0.014768
460.5,1,541.392,0.0147409
460,1,540.526,0.0147135
459.5,1,539.66,0.0146889
459,1,538.794,0.0146579
458.5,1,537.928,0.014599
458,1,537.061,0.0145285
457.5,1,536.195,0.0145177
457,1,535.329,0.014492
456.5,1,534.463,0.0144544
456,1,533.597,0.0144263
455.5,1,532.731,0.0143916
455,1,531.865,0.0143749
454.5,1,530.999,0.0144174
454,1,530.133,0.0144551
453.5,1,529.267,0.0144861
453,1,528.401,0.0145295
452.5,1,527.535,0.0145803
452,1,526.669,0.0146604
451.5,1,525.803,0.0147451
451,1,524.937,0.0148256
450.5,1,524.071,0.0148982
450,1,523.205,0.0149498
449.5,1,522.339,0.0150057
449,1,521.473,0.0150767
448.5,1,520.607,0.0151527
448,1,519.741,0.0152325
447.5,1,518.875,0.0153181
447,1,518.009,0.0154057
446.5,1,517.143,0.0154754
446,1,516.277,0.0155384
445.5,1,515.411,0.0155915
445,1,514.545,0.0154834
444.5,1,513.679,0.0153544
444,1,512.813,0.0152074
443.5,1,511.947,0.0151783
443,1,511.081,0.0151877
442.5,1,510.215,0.0152174
442,1,509.349,0.0152974
441.5,1,508.483,0.0154028
441,1,507.617,0.0155178
440.5,1,506.751,0.0156751
440,1,505.885,0.0158625
439.5,1,505.019,0.0160474
439,1,504.153,0.0162271
438.5,1,503.286,0.0164027
438,1,502.42,0.0165855
437.5,1,501.554,0.0168079
437,1,500.688,0.0171332
436.5,1,499.822,0.0174553
436,1,498.956,0.0177684
435.5,1,498.09,0.0180188
435,1,497.224,0.0182317
434.5,1,496.358,0.018407
434,1,495.492,0.0184621
433.5,1,494.626,0.0184908
433,1,493.76,0.0185161
432.5,1,492.894,0.018383
432,1,492.028,0.0181797
431.5,1,491.162,0.0179518
431,1,490.296,0.0177157
430.5,1,489.43,0.0174787
430,1,488.564,0.0172624
429.5,1,487.698,0.017029
429,1,486.832,0.0167773
428.5,1,485.966,0.0165181
428,1,485.1,0.0162687
427.5,1,484.234,0.0161034
427,1,483.368,0.0159502
426.5,1,482.502,0.0158059
426,1,481.636,0.0156914
425.5,1,480.77,0.0155848
425,1,479.904,0.015499
424.5,1,479.038,0.0160893
424,1,478.172,0.0168762
423.5,1,477.306,0.0178456
423,1,476.44,0.0190672
422.5,1,475.574,0.0203826
422,1,474.708,0.0215822
421.5,1,473.842,0.0223426
421,1,472.976,0.0228307
420.5,1,472.11,0.0232289
420,1,471.244,0.0235605
419.5,1,470.378,0.0239795
419,1,469.512,0.0245638
418.5,1,468.645,0.0253296
418,1,467.779,0.0261312
417.5,1,466.913,0.0268903
417,1,466.047,0.0276745
416.5,1,465.181,0.0285918
416,1,464.315,0.0293851
415.5,1,463.449,0.0300422
415,1,462.583,0.030219
414.5,1,461.717,0.030378
414,1,460.851,0.0307293
413.5,1,459.985,0.0323934
413,1,459.119,0.0354907
412.5,1,458.253,0.0357245
412,1,457.387,0.0360423
411.5,1,456.521,0.0365121
411,1,455.655,0.0376972
410.5,1,454.789,0.0388008
410,1,453.923,0.0398231
409.5,1,453.057,0.040764
409,1,452.191,0.0416235
408.5,1,451.325,0.0424015
408,1,450.459,0.0432673
407.5,1,449.593,0.0443891
407,1,448.727,0.0455278
406.5,1,447.861,0.0465276
406,1,446.995,0.0475784
405.5,1,446.129,0.0479758
405,1,445.263,0.0484223
404.5,1,444.397,0.0489178
404,1,443.531,0.0488731
403.5,1,442.665,0.0488112
403,1,441.799,0.0486725
402.5,1,440.933,0.0474638
402,1,440.067,0.0460371
401.5,1,439.201,0.0447098
401,1,438.335,0.0430843
400.5,1,437.469,0.0390351
400,1,436.603,0.0349285
399.5,1,435.737,0.0363965
399,1,434.87,0.0402419
398.5,1,434.004,0.0345359
398,1,433.138,0.0363165
397.5,1,432.272,0.0396921
397,1,431.406,0.0425132
396.5,1,430.54,0.0449653
396,1,429.674,0.0489044
395.5,1,428.808,0.0519271
395,1,427.942,0.0536437
394.5,1,427.076,0.0542522
394,1,426.21,0.0546944
393.5,1,425.344,0.0550229
393,1,424.478,0.0549811
392.5,1,423.612,0.0545457
392,1,422.746,0.0533406
391.5,1,421.88,0.0520781
391,1,421.014,0.0507736
390.5,1,420.148,0.0498758
390,1,419.282,0.0488737
389.5,1,418.416,0.0477672
389,1,417.55,0.0479253
388.5,1,416.684,0.0482065
388,1,415.818,0.0485195
387.5,1,414.952,0.0480215
387,1,414.086,0.0475222
386.5,1,413.22,0.0471253
386,1,412.354,0.0468181
385.5,1,411.488,0.0466251
385,1,410.622,0.0480703
384.5,1,409.756,0.0506347
384,1,408.89,0.0509841
383.5,1,408.024,0.0514035
383,1,407.158,0.0517644
382.5,1,406.292,0.051812
382,1,405.426,0.0517907
381.5,1,404.56,0.0517006
381,1,403.694,0.0515417
380.5,1,402.828,0.0513139
380,1,401.962,0.051017
379.5,1,401.095,0.0517562
379,1,400.229,0.0524409
378.5,1,399.363,0.0530601
378,1,398.497,0.0536139
377.5,1,397.631,0.0541023
377,1,396.765,0.0545252
376.5,1,395.899,0.0549399
376,1,395.033,0.0552549
375.5,1,394.167,0.0554308
375,1,393.301,0.0554674
374.5,1,392.435,0.0553349
374,1,391.569,0.0549511
373.5,1,390.703,0.0543088
373,1,389.837,0.0533638
372.5,1,388.971,0.0523322
372,1,388.105,0.0512138
371.5,1,387.239,0.0500088
371,1,386.373,0.0487171
370.5,1,385.507,0.0473471
370,1,384.641,0.0460761
369.5,1,383.775,0.0447431
369,1,382.909,0.0436002
368.5,1,382.043,0.0431025
368,1,381.177,0.0426408
367.5,1,380.311,0.0422151
367,1,379.445,0.0422461
366.5,1,378.579,0.0424946
366,1,377.713,0.0428102
365.5,1,376.847,0.0431928
365,1,375.981,0.0436425
364.5,1,375.115,0.0441592
364,1,374.249,0.0445451
363.5,1,373.383,0.0445333
363,1,372.517,0.0442845
362.5,1,371.651,0.0441422
362,1,370.785,0.0441062
361.5,1,369.919,0.0441766
361,1,369.053,0.0443795
360.5,1,368.187,0.0449153
360,1,367.321,0.045549
359.5,1,366.454,0.0462806
359,1,365.588,0.04711
358.5,1,364.722,0.0480373
358,1,363.856,0.0489433
357.5,1,362.99,0.0489209
357,1,362.124,0.0486545
356.5,1,361.258,0.0483462
356,1,360.392,0.0479961
355.5,1,359.526,0.0476041
355,1,358.66,0.0471704
354.5,1,357.794,0.0467001
354,1,356.928,0.0462744
353.5,1,356.062,0.0459159
353,1,355.196,0.0456248
352.5,1,354.33,0.0452973
352,1,353.464,0.0447855
351.5,1,352.598,0.0439807
351,1,351.732,0.0422299
350.5,1,350.866,0.0405713
350,1,350,0.0390047
349.5,1,349.134,0.0369313
349,1,348.268,0.0354533
348.5,1,347.402,0.0349651
348,1,346.536,0.0347094
347.5,1,345.67,0.0346775
347,1,344.804,0.0352923
346.5,1,343.938,0.0358845
346,1,343.072,0.0360572
345.5,1,342.206,0.0361468
345,1,341.34,0.0358599
344.5,1,340.474,0.0393158
344,1,339.608,0.0367119
343.5,1,338.742,0.0328936
343,1,337.876,0.0281
342.5,1,337.01,0.0268504
342,1,336.144,0.0265368
341.5,1,335.278,0.0256686
341,1,334.412,0.0252805
340.5,1,333.546,0.0243773
340,1,332.679,0.0238274
339.5,1,331.813,0.024288
339,1,330.947,0.0257609
338.5,1,330.081,0.0270681
338,1,329.215,0.0272376
337.5,1,328.349,0.0274483
337,1,327.483,0.0277745
336.5,1,326.617,0.0287963
336,1,325.751,0.0299775
335.5,1,324.885,0.0309526
335,1,324.019,0.0306091
334.5,1,323.153,0.0303402
334,1,322.287,0.0302876
333.5,1,321.421,0.0304341
333,1,320.555,0.030572
332.5,1,319.689,0.0307716
332,1,318.823,0.031264
331.5,1,317.957,0.0329681
331,1,317.091,0.0351387
330.5,1,316.225,0.0374234
330,1,315.359,0.0389699
329.5,1,314.493,0.0395443
329,1,313.627,0.0380513
328.5,1,312.761,0.0375418
328,1,311.895,0.037098
327.5,1,311.029,0.036662
327,1,310.163,0.0364409
326.5,1,309.297,0.036993
326,1,308.431,0.0387884
325.5,1,307.565,0.0404385
325,1,306.699,0.04208
324.5,1,305.833,0.0457918
324,1,304.967,0.0487401
323.5,1,304.101,0.0513336
323,1,303.235,0.0544339
322.5,1,302.369,0.0563739
322,1,301.503,0.0572136
321.5,1,300.637,0.0576014
321,1,299.771,0.0579274
320.5,1,298.905,0.0583908
320,1,298.038,0.0587659
319.5,1,297.172,0.0590255
319,1,296.306,0.0584306
318.5,1,295.44,0.056482
318,1,294.574,0.0540725
317.5,1,293.708,0.0488415
317,1,292.842,0.0482866
316.5,1,291.976,0.0544717
316,1,291.11,0.0572012
315.5,1,290.244,0.0645506
315,1,289.378,0.071269
314.5,1,288.512,0.0768351
314,1,287.646,0.07826
313.5,1,286.78,0.0791782
313,1,285.914,0.0796699
312.5,1,285.048,0.0788685
312,1,284.182,0.0777419
311.5,1,283.316,0.0754892
311,1,282.45,0.0750275
310.5,1,281.584,0.0746436
310,1,280.718,0.0737752
309.5,1,279.852,0.0728357
309,1,278.986,0.071825
308.5,1,278.12,0.0735519
308,1,277.254,0.0735401
307.5,1,276.388,0.0700174
307,1,275.522,0.067255
306.5,1,274.656,0.0660787
306,1,273.79,0.066065
305.5,1,272.924,0.0665871
305,1,272.058,0.0676602
304.5,1,271.192,0.0663277
304,1,270.326,0.063536
303.5,1,269.46,0.0603275
303,1,268.594,0.0572608
302.5,1,267.728,0.0548002
302,1,266.862,0.0528534
301.5,1,265.996,0.0500579
301,1,265.13,0.0468749
300.5,1,264.263,0.0436878
300,1,263.397,0.0413841
299.5,1,262.531,0.0400668
299,1,261.665,0.0392682
298.5,1,260.799,0.0391781
298,1,259.933,0.0399285
297.5,1,259.067,0.0403601
297,1,258.201,0.0404007
296.5,1,257.335,0.0405221
296,1,256.469,0.040904
295.5,1,255.603,0.0411901
295,1,254.737,0.0402121
294.5,1,253.871,0.0396664
294,1,253.005,0.0395531
293.5,1,252.139,0.0380342
293,1,251.273,0.0363114
292.5,1,250.407,0.0345665
292,1,249.541,0.0325544
291.5,1,248.675,0.0304514
291,1,247.809,0.0284095
290.5,1,246.943,0.0265559
290,1,246.077,0.0247847
289.5,1,245.211,0.0230396
289,1,244.345,0.0213599
288.5,1,243.479,0.0197326
288,1,242.613,0.018685
287.5,1,241.747,0.0176872
287,1,240.881,0.0167348
286.5,1,240.015,0.0159019
286,1,239.149,0.015201
285.5,1,238.283,0.0148612
285,1,237.417,0.0147305
284.5,1,236.551,0.0146417
284,1,235.685,0.0145695
283.5,1,234.819,0.0144912
283,1,233.953,0.014407
282.5,1,233.087,0.0142633
282,1,232.221,0.0141146
281.5,1,231.355,0.0139747
281,1,230.488,0.0140176
280.5,1,229.622,0.0141916
280,1,228.756,0.0144039
279.5,1,227.89,0.0145448
279,1,227.024,0.0146029
278.5,1,226.158,0.0146553
278,1,225.292,0.0147154
277.5,1,224.426,0.0147929
277,1,223.56,0.0148505
276.5,1,222.694,0.0148889
276,1,221.828,0.0148607
275.5,1,220.962,0.0148462
275,1,220.096,0.0148465
274.5,1,219.23,0.0148847
274,1,218.364,0.0149026
273.5,1,217.498,0.0149053
273,1,216.632,0.0148817
272.5,1,215.766,0.0148667
272,1,214.9,0.0148634
271.5,1,214.034,0.0149951
271,1,213.168,0.0151427
270.5,1,212.302,0.0152466
270,1,211.436,0.0151804
269.5,1,210.57,0.0150291
269,1,209.704,0.0149222
268.5,1,208.838,0.0149043
268,1,207.972,0.0149702
267.5,1,207.106,0.0150226
267,1,206.24,0.0150244
266.5,1,205.374,0.0149152
266,1,204.508,0.0148506
265.5,1,203.642,0.0148252
265,1,202.776,0.0148458
264.5,1,201.91,0.0148319
264,1,201.044,0.0147835
263.5,1,200.178,0.0146735
263,1,199.312,0.0145595
262.5,1,198.446,0.0144425
262,1,197.58,0.0145432
261.5,1,196.714,0.0147005
261,1,195.847,0.0148508
260.5,1,194.981,0.0149092
260,1,194.115,0.0149074
259.5,1,193.249,0.0149044
259,1,192.383,0.0148792
258.5,1,191.517,0.0148236
258,1,190.651,0.0147482
257.5,1,189.785,0.0146967
257,1,188.919,0.0147469
256.5,1,188.053,0.0148211
256,1,187.187,0.0149107
255.5,1,186.321,0.014955
255,1,185.455,0.0149936
254.5,1,184.589,0.0150221
254,1,183.723,0.0151722
253.5,1,182.857,0.0153471
253,1,181.991,0.0155444
252.5,1,181.125,0.015592
252,1,180.259,0.0155832
251.5,1,179.393,0.0155517
251,1,178.527,0.0156419
250.5,1,177.661,0.0158262
250,1,176.795,0.0160328
249.5,1,175.929,0.0161495
249,1,175.063,0.0161632
248.5,1,174.197,0.016162
248,1,173.331,0.0161411
247.5,1,172.465,0.0161504
247,1,171.599,0.0161944
246.5,1,170.733,0.0162833
246,1,169.867,0.016377
245.5,1,169.001,0.0164425
245,1,168.135,0.0164679
244.5,1,167.269,0.016135
244,1,166.403,0.0158231
243.5,1,165.537,0.015546
243,1,164.671,0.0156705
242.5,1,163.805,0.0158236
242,1,162.939,0.0159498
241.5,1,162.072,0.0160131
241,1,161.206,0.0160625
240.5,1,160.34,0.0161345
240,1,159.474,0.0161996
239.5,1,158.608,0.0162079
239,1,157.742,0.0161615
238.5,1,156.876,0.0160663
238,1,156.01,0.0159431
237.5,1,155.144,0.0158014
237,1,154.278,0.0156148
236.5,1,153.412,0.0153474
236,1,152.546,0.0151246
235.5,1,151.68,0.0149756
235,1,150.814,0.0153559
234.5,1,149.948,0.0157079
234,1,149.082,0.0160316
233.5,1,148.216,0.0157418
233,1,147.35,0.0154181
232.5,1,146.484,0.0151016
232,1,145.618,0.0152372
231.5,1,144.752,0.0154795
231,1,143.886,0.0156946
230.5,1,143.02,0.0156082
230,1,142.154,0.0153709
229.5,1,141.288,0.015159
229,1,140.422,0.0151277
228.5,1,139.556,0.0152699
228,1,138.69,0.015393
227.5,1,137.824,0.0154509
227,1,136.958,0.015442
226.5,1,136.092,0.0154747
226,1,135.226,0.0155467
225.5,1,134.36,0.015595
225,1,133.494,0.0155811
224.5,1,132.628,0.0154985
224,1,131.762,0.0157016
223.5,1,130.896,0.0159697
223,1,130.03,0.0162993
222.5,1,129.164,0.0163145
222,1,128.297,0.0162337
221.5,1,127.431,0.0161264
221,1,126.565,0.0162031
220.5,1,125.699,0.0163936
220,1,124.833,0.0166041
219.5,1,123.967,0.0166471
219,1,123.101,0.0165061
218.5,1,122.235,0.016354
218,1,121.369,0.0162812
217.5,1,120.503,0.0163762
217,1,119.637,0.0164779
216.5,1,118.771,0.0165221
216,1,117.905,0.0162461
215.5,1,117.039,0.0159604
215,1,116.173,0.0156872
214.5,1,115.307,0.0159009
214,1,114.441,0.0161223
213.5,1,113.575,0.0163516
213,1,112.709,0.0161583
212.5,1,111.843,0.0159088
212,1,110.977,0.0156578
211.5,1,110.111,0.0156547
211,1,109.245,0.0157437
210.5,1,108.379,0.0158312
210,1,107.513,0.0157794
209.5,1,106.647,0.0156272
209,1,105.781,0.0154779
208.5,1,104.915,0.015421
208,1,104.049,0.0154829
207.5,1,103.183,0.0155409
207,1,102.317,0.015568
206.5,1,101.451,0.0155192
206,1,100.585,0.0154712
205.5,1,99.7187,0.0154371
205,1,98.8526,0.0154383
204.5,1,97.9866,0.0154355
204,1,97.1206,0.0154285
203.5,1,96.2546,0.0154097
203,1,95.3885,0.0153909
202.5,1,94.5225,0.0153783
202,1,93.6565,0.0153694
201.5,1,92.7905,0.0153591
201,1,91.9244,0.0153471
200.5,1,91.0584,0.0153511
200,1,90.1924,0.0153748
