x,y,z,b
500,1,609.808,0.0126678
499.5,1,608.942,0.0126767
499,1,608.076,0.0126836
498.5,1,607.21,0.0126867
498,1,606.344,0.0126901
497.5,1,605.477,0.0126897
497,1,604.611,0.0126749
496.5,1,603.745,0.0126605
496,1,602.879,0.0126457
495.5,1,602.013,0.0126285
495,1,601.147,0.0126113
494.5,1,600.281,0.0125939
494,1,599.415,0.0125907
493.5,1,598.549,0.0125886
493,1,597.683,0.0125858
492.5,1,596.817,0.0125872
492,1,595.951,0.0125901
491.5,1,595.085,0.0125927
491,1,594.219,0.0125965
490.5,1,593.353,0.0126013
490,1,592.487,0.0126059
489.5,1,591.621,0.0126118
489,1,590.755,0.0126192
488.5,1,589.889,0.0126265
488,1,589.023,0.0126328
487.5,1,588.157,0.0126372
487,1,587.291,0.0126414
486.5,1,586.425,0.0126443
486,1,585.559,0.012638
485.5,1,584.693,0.0126317
485,1,583.827,0.0126253
484.5,1,582.961,0.0126052
484,1,582.095,0.0125844
483.5,1,581.229,0.0125636
483,1,580.363,0.0125523
482.5,1,579.497,0.0125434
482,1,578.631,0.0125344
481.5,1,577.765,0.0125395
481,1,576.899,0.0125519
480.5,1,576.033,0.0125633
480,1,575.167,0.0125707
479.5,1,574.301,0.0125741
479,1,573.435,0.0125773
478.5,1,572.569,0.0125761
478,1,571.703,0.0125657
477.5,1,570.836,0.0125552
477,1,569.97,0.0125461
476.5,1,569.104,0.0125436
476,1,568.238,0.0125412
475.5,1,567.372,0.0125388
475,1,566.506,0.0125408
474.5,1,565.64,0.012542
474,1,564.774,0.0125438
473.5,1,563.908,0.0125412
473,1,563.042,0.0125365
472.5,1,562.176,0.0125306
472,1,561.31,0.012509
471.5,1,560.444,0.0124823
471,1,559.578,0.0124564
470.5,1,558.712,0.0124363
470,1,557.846,0.0124209
469.5,1,556.98,0.0124055
469,1,556.114,0.0123945
468.5,1,555.248,0.012392
468,1,554.382,0.0123899
467.5,1,553.516,0.0123901
467,1,552.65,0.0123971
466.5,1,551.784,0.0124035
466,1,550.918,0.0124101
465.5,1,550.052,0.0124247
465,1,549.186,0.0124395
464.5,1,548.32,0.0124545
464,1,547.454,0.012479
463.5,1,546.588,0.0125054
463,1,545.722,0.0125318
462.5,1,544.856,0.0125436
462,1,543.99,0.0125513
461.5,1,543.124,0.01256
461,1,542.258,0.0125519
460.5,1,541.392,0.0125298
460,1,540.526,0.0125052
459.5,1,539.66,0.0124782
459,1,538.794,0.0124488
458.5,1,537.928,0.0124204
458,1,537.061,0.0123951
457.5,1,536.195,0.0123727
457,1,535.329,0.0123513
456.5,1,534.463,0.0123358
456,1,533.597,0.012357
455.5,1,532.731,0.0123793
455,1,531.865,0.0124016
454.5,1,530.999,0.01241
454,1,530.133,0.0124163
453.5,1,529.267,0.0124209
453,1,528.401,0.0124157
452.5,1,527.535,0.0124083
452,1,526.669,0.0123997
451.5,1,525.803,0.0123953
451,1,524.937,0.0123951
450.5,1,524.071,0.0123969
450,1,523.205,0.0124046
449.5,1,522.339,0.0124182
449,1,521.473,0.0124332
448.5,1,520.607,0.0124437
448,1,519.741,0.0124437
447.5,1,518.875,0.0124447
447,1,518.009,0.0124412
446.5,1,517.143,0.0124121
446,1,516.277,0.0123833
445.5,1,515.411,0.0123551
445,1,514.545,0.0123437
444.5,1,513.679,0.0123321
444,1,512.813,0.0123206
443.5,1,511.947,0.0123652
443,1,511.081,0.0124203
442.5,1,510.215,0.0124773
442,1,509.349,0.0125184
441.5,1,508.483,0.0125524
441,1,507.617,0.0125847
440.5,1,506.751,0.0126063
440,1,505.885,0.0126132
439.5,1,505.019,0.0126121
439,1,504.153,0.012604
438.5,1,503.286,0.0125933
438,1,502.42,0.0125771
437.5,1,501.554,0.0125494
437,1,500.688,0.0124976
436.5,1,499.822,0.0124384
436,1,498.956,0.0123722
435.5,1,498.09,0.0122856
435,1,497.224,0.0121997
434.5,1,496.358,0.0121144
434,1,495.492,0.0120451
433.5,1,494.626,0.0119827
433,1,493.76,0.0119327
432.5,1,492.894,0.0119007
432,1,492.028,0.0118744
431.5,1,491.162,0.0118499
431,1,490.296,0.0118359
430.5,1,489.43,0.0118263
430,1,488.564,0.0118156
429.5,1,487.698,0.0117896
429,1,486.832,0.0117515
428.5,1,485.966,0.0117151
428,1,485.1,0.011684
427.5,1,484.234,0.0116711
427,1,483.368,0.0116576
426.5,1,482.502,0.0116448
426,1,481.636,0.011651
425.5,1,480.77,0.0116605
425,1,479.904,0.0116738
424.5,1,479.038,0.0116802
424,1,478.172,0.0116974
423.5,1,477.306,0.0117256
423,1,476.44,0.0118021
422.5,1,475.574,0.0118779
422,1,474.708,0.0119329
421.5,1,473.842,0.011976
421,1,472.976,0.0120092
420.5,1,472.11,0.0120326
420,1,471.244,0.0120431
419.5,1,470.378,0.0120492
419,1,469.512,0.0120624
418.5,1,468.645,0.0120649
418,1,467.779,0.0120498
417.5,1,466.913,0.0120599
417,1,466.047,0.0121504
416.5,1,465.181,0.0126265
416,1,464.315,0.0131297
415.5,1,463.449,0.0136611
415,1,462.583,0.014498
414.5,1,461.717,0.0157163
414,1,460.851,0.0175047
413.5,1,459.985,0.0200636
413,1,459.119,0.020997
412.5,1,458.253,0.0223187
412,1,457.387,0.0243931
411.5,1,456.521,0.0278927
411,1,455.655,0.031117
410.5,1,454.789,0.0331442
410,1,453.923,0.0343951
409.5,1,453.057,0.0352871
409,1,452.191,0.0355721
408.5,1,451.325,0.0349922
408,1,450.459,0.0340148
407.5,1,449.593,0.0345163
407,1,448.727,0.0360533
406.5,1,447.861,0.0391099
406,1,446.995,0.0419097
405.5,1,446.129,0.044428
405,1,445.263,0.0459793
404.5,1,444.397,0.0466113
404,1,443.531,0.0472507
403.5,1,442.665,0.0480651
403,1,441.799,0.0483014
402.5,1,440.933,0.0477954
402,1,440.067,0.0443738
401.5,1,439.201,0.0388168
401,1,438.335,0.0286275
400.5,1,437.469,0.0229387
400,1,436.603,0.0198807
399.5,1,435.737,0.0205701
399,1,434.87,0.0211952
398.5,1,434.004,0.0219931
398,1,433.138,0.0240475
397.5,1,432.272,0.028561
397,1,431.406,0.0344253
396.5,1,430.54,0.0370588
396,1,429.674,0.0407938
395.5,1,428.808,0.0445245
395,1,427.942,0.0483795
394.5,1,427.076,0.0482772
394,1,426.21,0.047333
393.5,1,425.344,0.0461532
393,1,424.478,0.0454438
392.5,1,423.612,0.0453127
392,1,422.746,0.0446868
391.5,1,421.88,0.0446677
391,1,421.014,0.0441456
390.5,1,420.148,0.0434686
390,1,419.282,0.0437105
389.5,1,418.416,0.0437882
389,1,417.55,0.0436826
388.5,1,416.684,0.0434802
388,1,415.818,0.0433975
387.5,1,414.952,0.0437147
387,1,414.086,0.0429162
386.5,1,413.22,0.0422199
386,1,412.354,0.0422582
385.5,1,411.488,0.0427353
385,1,410.622,0.0431877
384.5,1,409.756,0.0436675
384,1,408.89,0.0441748
383.5,1,408.024,0.0447094
383,1,407.158,0.0455616
382.5,1,406.292,0.0470147
382,1,405.426,0.0483608
381.5,1,404.56,0.0495999
381,1,403.694,0.0507319
380.5,1,402.828,0.051757
380,1,401.962,0.0526579
379.5,1,401.095,0.0518783
379,1,400.229,0.0510544
378.5,1,399.363,0.0502014
378,1,398.497,0.0493192
377.5,1,397.631,0.0484079
377,1,396.765,0.0474673
376.5,1,395.899,0.0474944
376,1,395.033,0.0480187
375.5,1,394.167,0.0485707
375,1,393.301,0.0495899
374.5,1,392.435,0.0502694
374,1,391.569,0.0503413
373.5,1,390.703,0.0503965
373,1,389.837,0.0504656
372.5,1,388.971,0.0497609
372,1,388.105,0.048955
371.5,1,387.239,0.0482742
371,1,386.373,0.0471473
370.5,1,385.507,0.0452596
370,1,384.641,0.0426971
369.5,1,383.775,0.0395082
369,1,382.909,0.0360642
368.5,1,382.043,0.0301322
368,1,381.177,0.0284986
367.5,1,380.311,0.0283029
367,1,379.445,0.0286801
366.5,1,378.579,0.0278711
366,1,377.713,0.0265479
365.5,1,376.847,0.026213
365,1,375.981,0.02508
364.5,1,375.115,0.0250689
364,1,374.249,0.0249949
363.5,1,373.383,0.0248549
363,1,372.517,0.0243199
362.5,1,371.651,0.0236457
362,1,370.785,0.0232453
361.5,1,369.919,0.0236863
361,1,369.053,0.0245996
360.5,1,368.187,0.0257121
360,1,367.321,0.0264146
359.5,1,366.454,0.0262434
359,1,365.588,0.0258197
358.5,1,364.722,0.0258412
358,1,363.856,0.0262636
357.5,1,362.99,0.026884
357,1,362.124,0.027934
356.5,1,361.258,0.029917
356,1,360.392,0.0322983
355.5,1,359.526,0.0350694
355,1,358.66,0.0363905
354.5,1,357.794,0.0376167
354,1,356.928,0.0387698
353.5,1,356.062,0.0394316
353,1,355.196,0.0394981
352.5,1,354.33,0.0390126
352,1,353.464,0.0406355
351.5,1,352.598,0.0438421
351,1,351.732,0.0465632
350.5,1,350.866,0.0465169
350,1,350,0.0437192
349.5,1,349.134,0.0314723
349,1,348.268,0.0267088
348.5,1,347.402,0.0287738
348,1,346.536,0.03207
347.5,1,345.67,0.0353435
347,1,344.804,0.0382169
346.5,1,343.938,0.0403388
346,1,343.072,0.042282
345.5,1,342.206,0.0443786
345,1,341.34,0.0464136
344.5,1,340.474,0.0482817
344,1,339.608,0.0489696
343.5,1,338.742,0.0488725
343,1,337.876,0.0479508
342.5,1,337.01,0.0458796
342,1,336.144,0.0434533
341.5,1,335.278,0.0418637
341,1,334.412,0.0411665
340.5,1,333.546,0.0396477
340,1,332.679,0.03783
339.5,1,331.813,0.035466
339,1,330.947,0.0345047
338.5,1,330.081,0.034483
338,1,329.215,0.0350566
337.5,1,328.349,0.0362546
337,1,327.483,0.0382757
336.5,1,326.617,0.0390077
336,1,325.751,0.0396236
335.5,1,324.885,0.0398691
335,1,324.019,0.0397643
334.5,1,323.153,0.0401623
334,1,322.287,0.0435674
333.5,1,321.421,0.0421625
333,1,320.555,0.0411921
332.5,1,319.689,0.041448
332,1,318.823,0.0411364
331.5,1,317.957,0.0397157
331,1,317.091,0.0375451
330.5,1,316.225,0.035567
330,1,315.359,0.0338468
329.5,1,314.493,0.0326942
329,1,313.627,0.0318464
328.5,1,312.761,0.0325709
328,1,311.895,0.0376176
327.5,1,311.029,0.045258
327,1,310.163,0.0508687
326.5,1,309.297,0.0579159
326,1,308.431,0.0648848
325.5,1,307.565,0.0716417
325,1,306.699,0.071426
324.5,1,305.833,0.0711409
324,1,304.967,0.0708178
323.5,1,304.101,0.0685937
323,1,303.235,0.0626693
322.5,1,302.369,0.0586971
322,1,301.503,0.0562122
321.5,1,300.637,0.0554566
321,1,299.771,0.0547851
320.5,1,298.905,0.0556189
320,1,298.038,0.0575521
319.5,1,297.172,0.0596306
319,1,296.306,0.0638724
318.5,1,295.44,0.0671114
318,1,294.574,0.0698683
317.5,1,293.708,0.0719106
317,1,292.842,0.0733711
316.5,1,291.976,0.074833
316,1,291.11,0.0775986
315.5,1,290.244,0.0790571
315,1,289.378,0.0775559
314.5,1,288.512,0.0764664
314,1,287.646,0.0693607
313.5,1,286.78,0.0610531
313,1,285.914,0.0523351
312.5,1,285.048,0.044576
312,1,284.182,0.0381166
311.5,1,283.316,0.0346782
311,1,282.45,0.0342448
310.5,1,281.584,0.0346212
310,1,280.718,0.0343366
309.5,1,279.852,0.0352054
309,1,278.986,0.0376797
308.5,1,278.12,0.0403872
308,1,277.254,0.0425651
307.5,1,276.388,0.0433707
307,1,275.522,0.0466775
306.5,1,274.656,0.046002
306,1,273.79,0.0450792
305.5,1,272.924,0.043631
305,1,272.058,0.0439681
304.5,1,271.192,0.0433402
304,1,270.326,0.0425405
303.5,1,269.46,0.041557
303,1,268.594,0.0391475
302.5,1,267.728,0.035948
302,1,266.862,0.0326482
301.5,1,265.996,0.0292703
301,1,265.13,0.0298819
300.5,1,264.263,0.027856
300,1,263.397,0.0254937
299.5,1,262.531,0.0230535
299,1,261.665,0.0207293
298.5,1,260.799,0.0185767
298,1,259.933,0.0167756
297.5,1,259.067,0.0151752
297,1,258.201,0.0139631
296.5,1,257.335,0.0135194
296,1,256.469,0.0131505
295.5,1,255.603,0.0128104
295,1,254.737,0.0126427
294.5,1,253.871,0.0124862
294,1,253.005,0.0123411
293.5,1,252.139,0.0122504
293,1,251.273,0.0121733
292.5,1,250.407,0.012105
292,1,249.541,0.0120618
291.5,1,248.675,0.0120315
291,1,247.809,0.0120122
290.5,1,246.943,0.0120205
290,1,246.077,0.0120427
289.5,1,245.211,0.0120673
289,1,244.345,0.0120928
288.5,1,243.479,0.0121149
288,1,242.613,0.012129
287.5,1,241.747,0.0121396
287,1,240.881,0.0121457
286.5,1,240.015,0.0121514
286,1,239.149,0.0121572
285.5,1,238.283,0.0121668
285,1,237.417,0.012176
284.5,1,236.551,0.0121859
284,1,235.685,0.0121993
283.5,1,234.819,0.0122139
283,1,233.953,0.0122295
282.5,1,233.087,0.0122462
282,1,232.221,0.0122635
281.5,1,231.355,0.0122815
281,1,230.488,0.0122905
280.5,1,229.622,0.0122929
280,1,228.756,0.0122915
279.5,1,227.89,0.012288
279,1,227.024,0.0122846
278.5,1,226.158,0.0122812
278,1,225.292,0.0122796
277.5,1,224.426,0.0122816
277,1,223.56,0.0122836
276.5,1,222.694,0.012287
276,1,221.828,0.0122926
275.5,1,220.962,0.0122982
275,1,220.096,0.0123038
274.5,1,219.23,0.0123116
274,1,218.364,0.0123196
273.5,1,217.498,0.0123275
273,1,216.632,0.0123439
272.5,1,215.766,0.0123618
272,1,214.9,0.0123801
271.5,1,214.034,0.0123987
271,1,213.168,0.012417
270.5,1,212.302,0.0124356
270,1,211.436,0.0124517
269.5,1,210.57,0.012466
269,1,209.704,0.0124822
268.5,1,208.838,0.0124972
268,1,207.972,0.0125085
267.5,1,207.106,0.0125201
267,1,206.24,0.0125327
266.5,1,205.374,0.0125471
266,1,204.508,0.0125622
265.5,1,203.642,0.0125767
265,1,202.776,0.0125879
264.5,1,201.91,0.0125988
264,1,201.044,0.0126092
263.5,1,200.178,0.0126173
263,1,199.312,0.0126251
262.5,1,198.446,0.0126327
262,1,197.58,0.0126408
261.5,1,196.714,0.012649
261,1,195.847,0.0126569
260.5,1,194.981,0.0126645
260,1,194.115,0.0126723
259.5,1,193.249,0.0126799
259,1,192.383,0.0126862
258.5,1,191.517,0.012691
258,1,190.651,0.0126944
257.5,1,189.785,0.0126956
257,1,188.919,0.0126933
256.5,1,188.053,0.0126913
256,1,187.187,0.0126897
255.5,1,186.321,0.0126891
255,1,185.455,0.0126887
254.5,1,184.589,0.0126883
254,1,183.723,0.012689
253.5,1,182.857,0.0126899
253,1,181.991,0.0126908
252.5,1,181.125,0.0126898
252,1,180.259,0.0126882
251.5,1,179.393,0.0126867
251,1,178.527,0.0126841
250.5,1,177.661,0.0126812
250,1,176.795,0.0126785
249.5,1,175.929,0.0126768
249,1,175.063,0.0126759
248.5,1,174.197,0.012675
248,1,173.331,0.0126744
247.5,1,172.465,0.0126742
247,1,171.599,0.0126746
246.5,1,170.733,0.0126746
246,1,169.867,0.012671
245.5,1,169.001,0.0126677
245,1,168.135,0.0126648
244.5,1,167.269,0.0126619
244,1,166.403,0.0126609
243.5,1,165.537,0.0126611
243,1,164.671,0.0126629
242.5,1,163.805,0.0126649
242,1,162.939,0.012667
241.5,1,162.072,0.0126715
241,1,161.206,0.0126765
240.5,1,160.34,0.0126815
240,1,159.474,0.0126839
239.5,1,158.608,0.0126845
239,1,157.742,0.0126855
238.5,1,156.876,0.0126877
238,1,156.01,0.0126914
237.5,1,155.144,0.0126951
237,1,154.278,0.012699
236.5,1,153.412,0.0127035
236,1,152.546,0.0127084
235.5,1,151.68,0.0127134
235,1,150.814,0.0127199
234.5,1,149.948,0.0127263
234,1,149.082,0.0127327
233.5,1,148.216,0.0127371
233,1,147.35,0.0127415
232.5,1,146.484,0.0127458
232,1,145.618,0.0127505
231.5,1,144.752,0.0127552
231,1,143.886,0.0127597
230.5,1,143.02,0.0127666
230,1,142.154,0.0127749
229.5,1,141.288,0.0127827
229,1,140.422,0.012789
228.5,1,139.556,0.0127934
228,1,138.69,0.0127976
227.5,1,137.824,0.0128023
227,1,136.958,0.0128081
226.5,1,136.092,0.0128136
226,1,135.226,0.0128185
225.5,1,134.36,0.0128219
225,1,133.494,0.0128252
224.5,1,132.628,0.0128283
224,1,131.762,0.012837
223.5,1,130.896,0.0128455
223,1,130.03,0.0128538
222.5,1,129.164,0.0128582
222,1,128.297,0.0128618
221.5,1,127.431,0.0128652
221,1,126.565,0.0128693
220.5,1,125.699,0.0128734
220,1,124.833,0.0128773
219.5,1,123.967,0.0128796
219,1,123.101,0.0128804
218.5,1,122.235,0.0128812
218,1,121.369,0.012883
217.5,1,120.503,0.0128867
217,1,119.637,0.01289
216.5,1,118.771,0.0128925
216,1,117.905,0.0128931
215.5,1,117.039,0.0128936
215,1,116.173,0.012894
214.5,1,115.307,0.0128937
214,1,114.441,0.0128928
213.5,1,113.575,0.0128917
213,1,112.709,0.0128914
212.5,1,111.843,0.0128912
212,1,110.977,0.0128908
211.5,1,110.111,0.0128923
211,1,109.245,0.0128946
210.5,1,108.379,0.0128969
210,1,107.513,0.0128985
209.5,1,106.647,0.0128995
209,1,105.781,0.0129002
208.5,1,104.915,0.0128998
208,1,104.049,0.0128985
207.5,1,103.183,0.0128975
207,1,102.317,0.0128967
206.5,1,101.451,0.0128954
206,1,100.585,0.0128934
205.5,1,99.7187,0.0128913
205,1,98.8526,0.0128918
204.5,1,97.9866,0.0128928
204,1,97.1206,0.0128943
203.5,1,96.2546,0.0128928
203,1,95.3885,0.0128905
202.5,1,94.5225,0.0128879
202,1,93.6565,0.0128892
201.5,1,92.7905,0.0128918
201,1,91.9244,0.0128947
200.5,1,91.0584,0.0128942
200,1,90.1924,0.0128915
