x,y,z,b
500,1,609.808,0.0127485
499.5,1,608.942,0.0127571
499,1,608.076,0.012764
498.5,1,607.21,0.0127675
498,1,606.344,0.0127709
497.5,1,605.477,0.0127717
497,1,604.611,0.0127625
496.5,1,603.745,0.0127529
496,1,602.879,0.0127426
495.5,1,602.013,0.0127262
495,1,601.147,0.0127099
494.5,1,600.281,0.0126937
494,1,599.415,0.0126882
493.5,1,598.549,0.0126845
493,1,597.683,0.0126822
492.5,1,596.817,0.0126825
492,1,595.951,0.0126841
491.5,1,595.085,0.0126863
491,1,594.219,0.012685
490.5,1,593.353,0.0126811
490,1,592.487,0.0126774
489.5,1,591.621,0.0126744
489,1,590.755,0.0126725
488.5,1,589.889,0.0126705
488,1,589.023,0.0126698
487.5,1,588.157,0.0126728
487,1,587.291,0.0126758
486.5,1,586.425,0.0126784
486,1,585.559,0.0126777
485.5,1,584.693,0.0126769
485,1,583.827,0.0126763
484.5,1,582.961,0.0126583
484,1,582.095,0.0126398
483.5,1,581.229,0.0126216
483,1,580.363,0.012606
482.5,1,579.497,0.0125914
482,1,578.631,0.0125777
481.5,1,577.765,0.0125805
481,1,576.899,0.0125925
480.5,1,576.033,0.0126047
480,1,575.167,0.0126167
479.5,1,574.301,0.0126279
479,1,573.435,0.0126389
478.5,1,572.569,0.0126456
478,1,571.703,0.0126441
477.5,1,570.836,0.0126427
477,1,569.97,0.0126425
476.5,1,569.104,0.0126476
476,1,568.238,0.0126527
475.5,1,567.372,0.0126578
475,1,566.506,0.0126695
474.5,1,565.64,0.0126811
474,1,564.774,0.012692
473.5,1,563.908,0.0126933
473,1,563.042,0.0126931
472.5,1,562.176,0.012693
472,1,561.31,0.0126743
471.5,1,560.444,0.0126475
471,1,559.578,0.0126206
470.5,1,558.712,0.0125987
470,1,557.846,0.012581
469.5,1,556.98,0.0125633
469,1,556.114,0.0125527
468.5,1,555.248,0.012552
468,1,554.382,0.0125502
467.5,1,553.516,0.0125471
467,1,552.65,0.0125432
466.5,1,551.784,0.0125402
466,1,550.918,0.0125374
465.5,1,550.052,0.0125268
465,1,549.186,0.0125165
464.5,1,548.32,0.0125064
464,1,547.454,0.0125071
463.5,1,546.588,0.012509
463,1,545.722,0.0125101
462.5,1,544.856,0.0125129
462,1,543.99,0.0125163
461.5,1,543.124,0.0125197
461,1,542.258,0.012513
460.5,1,541.392,0.0124993
460,1,540.526,0.0124854
459.5,1,539.66,0.0124633
459,1,538.794,0.0124309
458.5,1,537.928,0.0123986
458,1,537.061,0.0123713
457.5,1,536.195,0.0123561
457,1,535.329,0.0123409
456.5,1,534.463,0.0123303
456,1,533.597,0.0123516
455.5,1,532.731,0.0123727
455,1,531.865,0.0123936
454.5,1,530.999,0.0124076
454,1,530.133,0.0124214
453.5,1,529.267,0.0124353
453,1,528.401,0.0124448
452.5,1,527.535,0.0124534
452,1,526.669,0.012463
451.5,1,525.803,0.0124862
451,1,524.937,0.0125166
450.5,1,524.071,0.0125472
450,1,523.205,0.0125713
449.5,1,522.339,0.0125888
449,1,521.473,0.0126063
448.5,1,520.607,0.0126092
448,1,519.741,0.0125832
447.5,1,518.875,0.0125564
447,1,518.009,0.0125258
446.5,1,517.143,0.0124812
446,1,516.277,0.0124371
445.5,1,515.411,0.0123938
445,1,514.545,0.0123708
444.5,1,513.679,0.0123486
444,1,512.813,0.0123276
443.5,1,511.947,0.0123385
443,1,511.081,0.0123539
442.5,1,510.215,0.0123689
442,1,509.349,0.0123709
441.5,1,508.483,0.0123658
441,1,507.617,0.012358
440.5,1,506.751,0.0123403
440,1,505.885,0.0123142
439.5,1,505.019,0.0122858
439,1,504.153,0.012262
438.5,1,503.286,0.0122484
438,1,502.42,0.0122341
437.5,1,501.554,0.01222
437,1,500.688,0.0122093
436.5,1,499.822,0.0121978
436,1,498.956,0.0121855
435.5,1,498.09,0.012162
435,1,497.224,0.0121355
434.5,1,496.358,0.0121058
434,1,495.492,0.0120661
433.5,1,494.626,0.0120261
433,1,493.76,0.0119895
432.5,1,492.894,0.0119723
432,1,492.028,0.0119597
431.5,1,491.162,0.0119457
431,1,490.296,0.0119611
430.5,1,489.43,0.0119945
430,1,488.564,0.0120255
429.5,1,487.698,0.0120442
429,1,486.832,0.0120464
428.5,1,485.966,0.0120415
428,1,485.1,0.0120229
427.5,1,484.234,0.0119836
427,1,483.368,0.0119387
426.5,1,482.502,0.0118796
426,1,481.636,0.0117686
425.5,1,480.77,0.0116632
425,1,479.904,0.0115671
424.5,1,479.038,0.0115408
424,1,478.172,0.0115214
423.5,1,477.306,0.0115074
423,1,476.44,0.0115038
422.5,1,475.574,0.0115015
422,1,474.708,0.0115099
421.5,1,473.842,0.0115333
421,1,472.976,0.0115658
420.5,1,472.11,0.0116018
420,1,471.244,0.0116091
419.5,1,470.378,0.011579
419,1,469.512,0.0115443
418.5,1,468.645,0.0115744
418,1,467.779,0.0117281
417.5,1,466.913,0.0118775
417,1,466.047,0.0120249
416.5,1,465.181,0.0121759
416,1,464.315,0.0123258
415.5,1,463.449,0.0124772
415,1,462.583,0.0127139
414.5,1,461.717,0.0129638
414,1,460.851,0.0132164
413.5,1,459.985,0.0133084
413,1,459.119,0.0134026
412.5,1,458.253,0.0135234
412,1,457.387,0.0138518
411.5,1,456.521,0.0142366
411,1,455.655,0.0146094
410.5,1,454.789,0.0149664
410,1,453.923,0.0153013
409.5,1,453.057,0.0156274
409,1,452.191,0.0159941
408.5,1,451.325,0.0163798
408,1,450.459,0.0166835
407.5,1,449.593,0.0170524
407,1,448.727,0.0179532
406.5,1,447.861,0.0189683
406,1,446.995,0.0200652
405.5,1,446.129,0.0208466
405,1,445.263,0.0210751
404.5,1,444.397,0.0203869
404,1,443.531,0.0201663
403.5,1,442.665,0.020895
403,1,441.799,0.0214159
402.5,1,440.933,0.0214641
402,1,440.067,0.0218646
401.5,1,439.201,0.0227729
401,1,438.335,0.0245001
400.5,1,437.469,0.0265638
400,1,436.603,0.0286039
399.5,1,435.737,0.0302673
399,1,434.87,0.0316937
398.5,1,434.004,0.0335234
398,1,433.138,0.0372759
397.5,1,432.272,0.0398673
397,1,431.406,0.0414497
396.5,1,430.54,0.0425317
396,1,429.674,0.0434948
395.5,1,428.808,0.044326
395,1,427.942,0.0444351
394.5,1,427.076,0.0442836
394,1,426.21,0.0435874
393.5,1,425.344,0.0422257
393,1,424.478,0.0404844
392.5,1,423.612,0.040654
392,1,422.746,0.0409233
391.5,1,421.88,0.0410576
391,1,421.014,0.0396803
390.5,1,420.148,0.0373347
390,1,419.282,0.0322841
389.5,1,418.416,0.0266707
389,1,417.55,0.0228185
388.5,1,416.684,0.0250025
388,1,415.818,0.0286873
387.5,1,414.952,0.0322858
387,1,414.086,0.0340924
386.5,1,413.22,0.0360858
386,1,412.354,0.0386192
385.5,1,411.488,0.0410409
385,1,410.622,0.0420106
384.5,1,409.756,0.0426152
384,1,408.89,0.0427166
383.5,1,408.024,0.042789
383,1,407.158,0.0433632
382.5,1,406.292,0.0467972
382,1,405.426,0.048024
381.5,1,404.56,0.0449775
381,1,403.694,0.0429488
380.5,1,402.828,0.0427052
380,1,401.962,0.0441012
379.5,1,401.095,0.0456244
379,1,400.229,0.0466643
378.5,1,399.363,0.0469689
378,1,398.497,0.0472595
377.5,1,397.631,0.0468914
377,1,396.765,0.0448737
376.5,1,395.899,0.0400074
376,1,395.033,0.0399309
375.5,1,394.167,0.0414679
375,1,393.301,0.0447661
374.5,1,392.435,0.0464519
374,1,391.569,0.0483349
373.5,1,390.703,0.0499997
373,1,389.837,0.0517841
372.5,1,388.971,0.0524341
372,1,388.105,0.0497945
371.5,1,387.239,0.0495011
371,1,386.373,0.0533976
370.5,1,385.507,0.059413
370,1,384.641,0.0634268
369.5,1,383.775,0.0654443
369,1,382.909,0.0662796
368.5,1,382.043,0.0681308
368,1,381.177,0.0705603
367.5,1,380.311,0.0708417
367,1,379.445,0.0703158
366.5,1,378.579,0.0699518
366,1,377.713,0.0685246
365.5,1,376.847,0.0705217
365,1,375.981,0.0715983
364.5,1,375.115,0.0719604
364,1,374.249,0.0724348
363.5,1,373.383,0.072677
363,1,372.517,0.0730382
362.5,1,371.651,0.074036
362,1,370.785,0.0752143
361.5,1,369.919,0.0752408
361,1,369.053,0.0748528
360.5,1,368.187,0.0742579
360,1,367.321,0.0728558
359.5,1,366.454,0.0687715
359,1,365.588,0.063582
358.5,1,364.722,0.0545953
358,1,363.856,0.0473701
357.5,1,362.99,0.0420225
357,1,362.124,0.0405943
356.5,1,361.258,0.0378935
356,1,360.392,0.0327017
355.5,1,359.526,0.03163
355,1,358.66,0.0296596
354.5,1,357.794,0.0275886
354,1,356.928,0.0265956
353.5,1,356.062,0.0260917
353,1,355.196,0.0251128
352.5,1,354.33,0.0242069
352,1,353.464,0.0232892
351.5,1,352.598,0.0226333
351,1,351.732,0.0234332
350.5,1,350.866,0.0270068
350,1,350,0.0275978
349.5,1,349.134,0.0252905
349,1,348.268,0.0182105
348.5,1,347.402,0.020345
348,1,346.536,0.0300102
347.5,1,345.67,0.0385492
347,1,344.804,0.0413474
346.5,1,343.938,0.0417315
346,1,343.072,0.0426179
345.5,1,342.206,0.0471663
345,1,341.34,0.0605155
344.5,1,340.474,0.0730593
344,1,339.608,0.0746378
343.5,1,338.742,0.0748731
343,1,337.876,0.0739607
342.5,1,337.01,0.0712121
342,1,336.144,0.0651085
341.5,1,335.278,0.0594865
341,1,334.412,0.0505078
340.5,1,333.546,0.0478307
340,1,332.679,0.0456147
339.5,1,331.813,0.0456645
339,1,330.947,0.0448886
338.5,1,330.081,0.0415904
338,1,329.215,0.0395142
337.5,1,328.349,0.0381661
337,1,327.483,0.0392555
336.5,1,326.617,0.0515972
336,1,325.751,0.0638476
335.5,1,324.885,0.0716505
335,1,324.019,0.0773904
334.5,1,323.153,0.07903
334,1,322.287,0.0805005
333.5,1,321.421,0.0816574
333,1,320.555,0.0827625
332.5,1,319.689,0.084452
332,1,318.823,0.0862159
331.5,1,317.957,0.0873998
331,1,317.091,0.0889255
330.5,1,316.225,0.0907651
330,1,315.359,0.0931548
329.5,1,314.493,0.0949168
329,1,313.627,0.0961332
328.5,1,312.761,0.096775
328,1,311.895,0.0972694
327.5,1,311.029,0.0978143
327,1,310.163,0.0985001
326.5,1,309.297,0.099734
326,1,308.431,0.101671
325.5,1,307.565,0.102415
325,1,306.699,0.102282
324.5,1,305.833,0.102028
324,1,304.967,0.101655
323.5,1,304.101,0.0998827
323,1,303.235,0.0981854
322.5,1,302.369,0.0967187
322,1,301.503,0.0944135
321.5,1,300.637,0.0917983
321,1,299.771,0.0891156
320.5,1,298.905,0.0861486
320,1,298.038,0.0916856
319.5,1,297.172,0.0920669
319,1,296.306,0.0905682
318.5,1,295.44,0.0871029
318,1,294.574,0.0835048
317.5,1,293.708,0.0794884
317,1,292.842,0.075229
316.5,1,291.976,0.0694241
316,1,291.11,0.0696083
315.5,1,290.244,0.0711052
315,1,289.378,0.0742809
314.5,1,288.512,0.0765491
314,1,287.646,0.0790317
313.5,1,286.78,0.0797173
313,1,285.914,0.0730938
312.5,1,285.048,0.0576022
312,1,284.182,0.0573187
311.5,1,283.316,0.0567177
311,1,282.45,0.0530368
310.5,1,281.584,0.0352453
310,1,280.718,0.0212883
309.5,1,279.852,0.0157415
309,1,278.986,0.0136106
308.5,1,278.12,0.0123742
308,1,277.254,0.0118214
307.5,1,276.388,0.0124714
307,1,275.522,0.0135073
306.5,1,274.656,0.0142125
306,1,273.79,0.014286
305.5,1,272.924,0.0146997
305,1,272.058,0.0146803
304.5,1,271.192,0.0147755
304,1,270.326,0.0147701
303.5,1,269.46,0.0146282
303,1,268.594,0.0145276
302.5,1,267.728,0.0144098
302,1,266.862,0.0142385
301.5,1,265.996,0.0140181
301,1,265.13,0.0137908
300.5,1,264.263,0.0135538
300,1,263.397,0.0133262
299.5,1,262.531,0.0131147
299,1,261.665,0.0128887
298.5,1,260.799,0.0127207
298,1,259.933,0.0126336
297.5,1,259.067,0.0125486
297,1,258.201,0.01248
296.5,1,257.335,0.0124575
296,1,256.469,0.0124311
295.5,1,255.603,0.0124127
295,1,254.737,0.0124227
294.5,1,253.871,0.0124391
294,1,253.005,0.0124621
293.5,1,252.139,0.0124946
293,1,251.273,0.0125312
292.5,1,250.407,0.0125716
292,1,249.541,0.0126078
291.5,1,248.675,0.0126436
291,1,247.809,0.0126819
290.5,1,246.943,0.0127168
290,1,246.077,0.0127486
289.5,1,245.211,0.0127808
289,1,244.345,0.012814
288.5,1,243.479,0.0128483
288,1,242.613,0.0128814
287.5,1,241.747,0.0129105
287,1,240.881,0.0129286
286.5,1,240.015,0.0129454
286,1,239.149,0.0129596
285.5,1,238.283,0.012964
285,1,237.417,0.0129664
284.5,1,236.551,0.0129685
284,1,235.685,0.0129765
283.5,1,234.819,0.0129846
283,1,233.953,0.0129926
282.5,1,233.087,0.0130043
282,1,232.221,0.0130169
281.5,1,231.355,0.0130292
281,1,230.488,0.0130335
280.5,1,229.622,0.0130337
280,1,228.756,0.0130329
279.5,1,227.89,0.0130305
279,1,227.024,0.0130269
278.5,1,226.158,0.0130229
278,1,225.292,0.0130198
277.5,1,224.426,0.0130177
277,1,223.56,0.0130095
276.5,1,222.694,0.013002
276,1,221.828,0.0129974
275.5,1,220.962,0.0129933
275,1,220.096,0.0129895
274.5,1,219.23,0.0129826
274,1,218.364,0.012976
273.5,1,217.498,0.0129697
273,1,216.632,0.0129689
272.5,1,215.766,0.0129694
272,1,214.9,0.0129704
271.5,1,214.034,0.0129686
271,1,213.168,0.0129663
270.5,1,212.302,0.0129644
270,1,211.436,0.0129642
269.5,1,210.57,0.0129657
269,1,209.704,0.0129678
268.5,1,208.838,0.0129649
268,1,207.972,0.0129542
267.5,1,207.106,0.0129441
267,1,206.24,0.0129363
266.5,1,205.374,0.012935
266,1,204.508,0.0129349
265.5,1,203.642,0.012935
265,1,202.776,0.0129306
264.5,1,201.91,0.0129264
264,1,201.044,0.0129225
263.5,1,200.178,0.0129215
263,1,199.312,0.012921
262.5,1,198.446,0.0129208
262,1,197.58,0.0129168
261.5,1,196.714,0.012912
261,1,195.847,0.0129076
260.5,1,194.981,0.0129056
260,1,194.115,0.0129051
259.5,1,193.249,0.0129049
259,1,192.383,0.0129041
258.5,1,191.517,0.0129025
258,1,190.651,0.0129009
257.5,1,189.785,0.0128997
257,1,188.919,0.0128991
256.5,1,188.053,0.0128986
256,1,187.187,0.0128983
255.5,1,186.321,0.0128984
255,1,185.455,0.012898
254.5,1,184.589,0.0128975
254,1,183.723,0.0128949
253.5,1,182.857,0.0128922
253,1,181.991,0.0128896
252.5,1,181.125,0.0128856
252,1,180.259,0.0128812
251.5,1,179.393,0.0128768
251,1,178.527,0.0128699
250.5,1,177.661,0.0128623
250,1,176.795,0.0128547
249.5,1,175.929,0.0128492
249,1,175.063,0.0128459
248.5,1,174.197,0.0128428
248,1,173.331,0.0128387
247.5,1,172.465,0.012833
247,1,171.599,0.0128275
246.5,1,170.733,0.0128227
246,1,169.867,0.0128199
245.5,1,169.001,0.0128175
245,1,168.135,0.0128153
244.5,1,167.269,0.0128113
244,1,166.403,0.0128072
243.5,1,165.537,0.0128034
243,1,164.671,0.0128013
242.5,1,163.805,0.0127991
242,1,162.939,0.0127964
241.5,1,162.072,0.0127915
241,1,161.206,0.0127862
240.5,1,160.34,0.0127813
240,1,159.474,0.0127761
239.5,1,158.608,0.0127706
239,1,157.742,0.0127653
238.5,1,156.876,0.0127608
238,1,156.01,0.0127574
237.5,1,155.144,0.0127546
237,1,154.278,0.0127525
236.5,1,153.412,0.0127515
236,1,152.546,0.0127515
235.5,1,151.68,0.0127517
235,1,150.814,0.0127521
234.5,1,149.948,0.0127527
234,1,149.082,0.0127534
233.5,1,148.216,0.0127539
233,1,147.35,0.0127547
232.5,1,146.484,0.0127558
232,1,145.618,0.0127565
231.5,1,144.752,0.0127572
231,1,143.886,0.0127582
230.5,1,143.02,0.0127587
230,1,142.154,0.0127589
229.5,1,141.288,0.0127591
229,1,140.422,0.0127591
228.5,1,139.556,0.012759
228,1,138.69,0.0127588
227.5,1,137.824,0.012759
227,1,136.958,0.0127602
226.5,1,136.092,0.0127616
226,1,135.226,0.0127627
225.5,1,134.36,0.0127622
225,1,133.494,0.0127616
224.5,1,132.628,0.012761
224,1,131.762,0.0127633
223.5,1,130.896,0.0127657
223,1,130.03,0.0127679
222.5,1,129.164,0.0127675
222,1,128.297,0.0127666
221.5,1,127.431,0.0127655
221,1,126.565,0.0127667
220.5,1,125.699,0.0127689
220,1,124.833,0.0127712
219.5,1,123.967,0.0127718
219,1,123.101,0.0127708
218.5,1,122.235,0.0127698
218,1,121.369,0.0127699
217.5,1,120.503,0.0127718
217,1,119.637,0.0127737
216.5,1,118.771,0.0127751
216,1,117.905,0.0127749
215.5,1,117.039,0.0127748
215,1,116.173,0.0127748
214.5,1,115.307,0.0127758
214,1,114.441,0.0127768
213.5,1,113.575,0.0127778
213,1,112.709,0.0127779
212.5,1,111.843,0.012778
212,1,110.977,0.0127781
211.5,1,110.111,0.0127785
211,1,109.245,0.0127789
210.5,1,108.379,0.0127794
210,1,107.513,0.0127798
209.5,1,106.647,0.0127803
209,1,105.781,0.0127809
208.5,1,104.915,0.0127817
208,1,104.049,0.0127824
207.5,1,103.183,0.012783
207,1,102.317,0.0127838
206.5,1,101.451,0.0127854
206,1,100.585,0.0127874
205.5,1,99.7187,0.0127891
205,1,98.8526,0.0127886
204.5,1,97.9866,0.0127881
204,1,97.1206,0.0127875
203.5,1,96.2546,0.0127904
203,1,95.3885,0.0127934
202.5,1,94.5225,0.0127965
202,1,93.6565,0.0127978
201.5,1,92.7905,0.0127985
201,1,91.9244,0.0127991
200.5,1,91.0584,0.0128021
200,1,90.1924,0.0128066
