x,y,z,b
500,1,609.808,0.0125431
499.5,1,608.942,0.0125549
499,1,608.076,0.012569
498.5,1,607.21,0.0125861
498,1,606.344,0.012603
497.5,1,605.477,0.0126237
497,1,604.611,0.0126594
496.5,1,603.745,0.0126953
496,1,602.879,0.0127298
495.5,1,602.013,0.0127484
495,1,601.147,0.0127673
494.5,1,600.281,0.0127863
494,1,599.415,0.0127882
493.5,1,598.549,0.0127884
493,1,597.683,0.0127878
492.5,1,596.817,0.0127754
492,1,595.951,0.01276
491.5,1,595.085,0.012746
491,1,594.219,0.0127214
490.5,1,593.353,0.0126886
490,1,592.487,0.0126561
489.5,1,591.621,0.0126273
489,1,590.755,0.0126032
488.5,1,589.889,0.0125793
488,1,589.023,0.0125587
487.5,1,588.157,0.0125462
487,1,587.291,0.0125337
486.5,1,586.425,0.0125214
486,1,585.559,0.0125101
485.5,1,584.693,0.0124989
485,1,583.827,0.0124875
484.5,1,582.961,0.012477
484,1,582.095,0.0124665
483.5,1,581.229,0.0124559
483,1,580.363,0.0124266
482.5,1,579.497,0.0123934
482,1,578.631,0.0123628
481.5,1,577.765,0.0123332
481,1,576.899,0.0123041
480.5,1,576.033,0.0122758
480,1,575.167,0.0122549
479.5,1,574.301,0.0122439
479,1,573.435,0.0122344
478.5,1,572.569,0.0122299
478,1,571.703,0.0122335
477.5,1,570.836,0.0122351
477,1,569.97,0.0122331
476.5,1,569.104,0.0122164
476,1,568.238,0.0121995
475.5,1,567.372,0.0121823
475,1,566.506,0.0121598
474.5,1,565.64,0.0121363
474,1,564.774,0.0121114
473.5,1,563.908,0.0121106
473,1,563.042,0.0121125
472.5,1,562.176,0.012113
472,1,561.31,0.012143
471.5,1,560.444,0.0121826
471,1,559.578,0.0122181
470.5,1,558.712,0.0122435
470,1,557.846,0.0122613
469.5,1,556.98,0.0122777
469,1,556.114,0.012283
468.5,1,555.248,0.0122713
468,1,554.382,0.0122576
467.5,1,553.516,0.0122394
467,1,552.65,0.0122111
466.5,1,551.784,0.0121809
466,1,550.918,0.0121476
465.5,1,550.052,0.0120876
465,1,549.186,0.0120287
464.5,1,548.32,0.0119707
464,1,547.454,0.0119101
463.5,1,546.588,0.0118542
463,1,545.722,0.0118029
462.5,1,544.856,0.0117843
462,1,543.99,0.011777
461.5,1,543.124,0.0117713
461,1,542.258,0.0117836
460.5,1,541.392,0.0118084
460,1,540.526,0.0118344
459.5,1,539.66,0.0118768
459,1,538.794,0.0119361
458.5,1,537.928,0.0119927
458,1,537.061,0.0120414
457.5,1,536.195,0.0120722
457,1,535.329,0.0120989
456.5,1,534.463,0.0121187
456,1,533.597,0.012116
455.5,1,532.731,0.0121087
455,1,531.865,0.0120967
454.5,1,530.999,0.0120531
454,1,530.133,0.012006
453.5,1,529.267,0.0119563
453,1,528.401,0.0118694
452.5,1,527.535,0.0117764
452,1,526.669,0.0116899
451.5,1,525.803,0.0116408
451,1,524.937,0.0116125
450.5,1,524.071,0.0115867
450,1,523.205,0.0115839
449.5,1,522.339,0.0116076
449,1,521.473,0.0116381
448.5,1,520.607,0.0117453
448,1,519.741,0.0120041
447.5,1,518.875,0.0122767
447,1,518.009,0.0125697
446.5,1,517.143,0.0128958
446,1,516.277,0.0132201
445.5,1,515.411,0.013539
445,1,514.545,0.013694
444.5,1,513.679,0.013848
444,1,512.813,0.0139957
443.5,1,511.947,0.0140278
443,1,511.081,0.0140438
442.5,1,510.215,0.0140616
442,1,509.349,0.014026
441.5,1,508.483,0.0139661
441,1,507.617,0.0139033
440.5,1,506.751,0.0138683
440,1,505.885,0.0138536
439.5,1,505.019,0.0138361
439,1,504.153,0.0138428
438.5,1,503.286,0.013873
438,1,502.42,0.0138876
437.5,1,501.554,0.0138899
437,1,500.688,0.0138826
436.5,1,499.822,0.0138674
436,1,498.956,0.0138547
435.5,1,498.09,0.0139567
435,1,497.224,0.014066
434.5,1,496.358,0.0141827
434,1,495.492,0.0143935
433.5,1,494.626,0.0146253
433,1,493.76,0.0148749
432.5,1,492.894,0.0151771
432,1,492.028,0.0155145
431.5,1,491.162,0.0158767
431,1,490.296,0.0163222
430.5,1,489.43,0.0168432
430,1,488.564,0.0173741
429.5,1,487.698,0.0180179
429,1,486.832,0.0188649
428.5,1,485.966,0.0198365
428,1,485.1,0.0209111
427.5,1,484.234,0.021934
427,1,483.368,0.0230277
426.5,1,482.502,0.024155
426,1,481.636,0.0248985
425.5,1,480.77,0.0257103
425,1,479.904,0.0255792
424.5,1,479.038,0.025327
424,1,478.172,0.0254969
423.5,1,477.306,0.0268809
423,1,476.44,0.0282391
422.5,1,475.574,0.0271434
422,1,474.708,0.0265767
421.5,1,473.842,0.0262654
421,1,472.976,0.0262832
420.5,1,472.11,0.026443
420,1,471.244,0.0265324
419.5,1,470.378,0.0263901
419,1,469.512,0.0262617
418.5,1,468.645,0.0264373
418,1,467.779,0.0268115
417.5,1,466.913,0.0259938
417,1,466.047,0.0258278
416.5,1,465.181,0.0262688
416,1,464.315,0.0274897
415.5,1,463.449,0.0279386
415,1,462.583,0.0284244
414.5,1,461.717,0.0289903
414,1,460.851,0.0294948
413.5,1,459.985,0.0315296
413,1,459.119,0.0335965
412.5,1,458.253,0.0355151
412,1,457.387,0.0368529
411.5,1,456.521,0.0377661
411,1,455.655,0.039134
410.5,1,454.789,0.040547
410,1,453.923,0.0418623
409.5,1,453.057,0.0404749
409,1,452.191,0.0413821
408.5,1,451.325,0.0420713
408,1,450.459,0.0430374
407.5,1,449.593,0.045004
407,1,448.727,0.0463234
406.5,1,447.861,0.0474727
406,1,446.995,0.0501369
405.5,1,446.129,0.0533026
405,1,445.263,0.0557264
404.5,1,444.397,0.0572443
404,1,443.531,0.0580741
403.5,1,442.665,0.059323
403,1,441.799,0.060872
402.5,1,440.933,0.0623906
402,1,440.067,0.0646305
401.5,1,439.201,0.0678609
401,1,438.335,0.0706922
400.5,1,437.469,0.0728363
400,1,436.603,0.0734234
399.5,1,435.737,0.073838
399,1,434.87,0.074108
398.5,1,434.004,0.0743484
398,1,433.138,0.0745988
397.5,1,432.272,0.0746646
397,1,431.406,0.0746635
396.5,1,430.54,0.0741851
396,1,429.674,0.0732567
395.5,1,428.808,0.0716281
395,1,427.942,0.0694298
394.5,1,427.076,0.0672622
394,1,426.21,0.0660871
393.5,1,425.344,0.0643215
393,1,424.478,0.0638036
392.5,1,423.612,0.0631979
392,1,422.746,0.0629001
391.5,1,421.88,0.0629338
391,1,421.014,0.0633122
390.5,1,420.148,0.0637095
390,1,419.282,0.0636739
389.5,1,418.416,0.0632281
389,1,417.55,0.0627365
388.5,1,416.684,0.0621528
388,1,415.818,0.0614564
387.5,1,414.952,0.0609196
387,1,414.086,0.0606384
386.5,1,413.22,0.0604169
386,1,412.354,0.0602297
385.5,1,411.488,0.060587
385,1,410.622,0.0607038
384.5,1,409.756,0.0606938
384,1,408.89,0.0605918
383.5,1,408.024,0.0602137
383,1,407.158,0.0598066
382.5,1,406.292,0.0594131
382,1,405.426,0.0593565
381.5,1,404.56,0.0593322
381,1,403.694,0.0593839
380.5,1,402.828,0.0593854
380,1,401.962,0.0593867
379.5,1,401.095,0.0606082
379,1,400.229,0.0617043
378.5,1,399.363,0.0626649
378,1,398.497,0.060036
377.5,1,397.631,0.0592404
377,1,396.765,0.0591141
376.5,1,395.899,0.0589796
376,1,395.033,0.0589597
375.5,1,394.167,0.0605035
375,1,393.301,0.0595313
374.5,1,392.435,0.0580842
374,1,391.569,0.057533
373.5,1,390.703,0.0634784
373,1,389.837,0.075058
372.5,1,388.971,0.086856
372,1,388.105,0.0923752
371.5,1,387.239,0.0963789
371,1,386.373,0.0976751
370.5,1,385.507,0.0980337
370,1,384.641,0.0960567
369.5,1,383.775,0.0879752
369,1,382.909,0.0722307
368.5,1,382.043,0.0476065
368,1,381.177,0.0443451
367.5,1,380.311,0.0442984
367,1,379.445,0.046111
366.5,1,378.579,0.0511575
366,1,377.713,0.0538157
365.5,1,376.847,0.0562386
365,1,375.981,0.0582061
364.5,1,375.115,0.0576669
364,1,374.249,0.0563069
363.5,1,373.383,0.0502299
363,1,372.517,0.0451328
362.5,1,371.651,0.0389583
362,1,370.785,0.0324552
361.5,1,369.919,0.0296428
361,1,369.053,0.0245473
360.5,1,368.187,0.0219627
360,1,367.321,0.0226816
359.5,1,366.454,0.0236651
359,1,365.588,0.0249378
358.5,1,364.722,0.0255943
358,1,363.856,0.025589
357.5,1,362.99,0.0252107
357,1,362.124,0.0228146
356.5,1,361.258,0.0206573
356,1,360.392,0.0181504
355.5,1,359.526,0.0166316
355,1,358.66,0.0152575
354.5,1,357.794,0.0152137
354,1,356.928,0.0163288
353.5,1,356.062,0.0176468
353,1,355.196,0.0182971
352.5,1,354.33,0.0183582
352,1,353.464,0.0183386
351.5,1,352.598,0.0203458
351,1,351.732,0.0222641
350.5,1,350.866,0.0234725
350,1,350,0.0246766
349.5,1,349.134,0.0253538
349,1,348.268,0.0257139
348.5,1,347.402,0.0256101
348,1,346.536,0.0253854
347.5,1,345.67,0.0250463
347,1,344.804,0.0230467
346.5,1,343.938,0.0221113
346,1,343.072,0.0217702
345.5,1,342.206,0.0214295
345,1,341.34,0.0209279
344.5,1,340.474,0.0202183
344,1,339.608,0.0194626
343.5,1,338.742,0.0192788
343,1,337.876,0.0196521
342.5,1,337.01,0.0204002
342,1,336.144,0.0207747
341.5,1,335.278,0.020588
341,1,334.412,0.0196502
340.5,1,333.546,0.0189224
340,1,332.679,0.0182289
339.5,1,331.813,0.0177928
339,1,330.947,0.0174446
338.5,1,330.081,0.0172442
338,1,329.215,0.017589
337.5,1,328.349,0.0181225
337,1,327.483,0.0188032
336.5,1,326.617,0.0194013
336,1,325.751,0.0199307
335.5,1,324.885,0.0204787
335,1,324.019,0.0214161
334.5,1,323.153,0.0226425
334,1,322.287,0.0250115
333.5,1,321.421,0.0263006
333,1,320.555,0.0269966
332.5,1,319.689,0.0276955
332,1,318.823,0.0284303
331.5,1,317.957,0.029276
331,1,317.091,0.0308561
330.5,1,316.225,0.0321574
330,1,315.359,0.032692
329.5,1,314.493,0.033403
329,1,313.627,0.0335137
328.5,1,312.761,0.0332124
328,1,311.895,0.03239
327.5,1,311.029,0.0314836
327,1,310.163,0.030858
326.5,1,309.297,0.0303111
326,1,308.431,0.0301169
325.5,1,307.565,0.0300508
325,1,306.699,0.0298195
324.5,1,305.833,0.0275016
324,1,304.967,0.0262529
323.5,1,304.101,0.0246991
323,1,303.235,0.0230916
322.5,1,302.369,0.0214548
322,1,301.503,0.0202525
321.5,1,300.637,0.0184326
321,1,299.771,0.0167122
320.5,1,298.905,0.0167468
320,1,298.038,0.0162075
319.5,1,297.172,0.0158378
319,1,296.306,0.0165789
318.5,1,295.44,0.0171713
318,1,294.574,0.0176262
317.5,1,293.708,0.0184543
317,1,292.842,0.0191263
316.5,1,291.976,0.0193841
316,1,291.11,0.0197914
315.5,1,290.244,0.0201193
315,1,289.378,0.0201682
314.5,1,288.512,0.0199518
314,1,287.646,0.0194177
313.5,1,286.78,0.0191163
313,1,285.914,0.0190563
312.5,1,285.048,0.0183119
312,1,284.182,0.0165862
311.5,1,283.316,0.0155613
311,1,282.45,0.0161395
310.5,1,281.584,0.0167547
310,1,280.718,0.0171629
309.5,1,279.852,0.017242
309,1,278.986,0.0168976
308.5,1,278.12,0.0154508
308,1,277.254,0.0154516
307.5,1,276.388,0.0153007
307,1,275.522,0.015005
306.5,1,274.656,0.0148956
306,1,273.79,0.0148643
305.5,1,272.924,0.014955
305,1,272.058,0.0152047
304.5,1,271.192,0.0155531
304,1,270.326,0.0156042
303.5,1,269.46,0.015313
303,1,268.594,0.0149102
302.5,1,267.728,0.0144838
302,1,266.862,0.0140779
301.5,1,265.996,0.0138038
301,1,265.13,0.0135363
300.5,1,264.263,0.0132387
300,1,263.397,0.0129038
299.5,1,262.531,0.0125716
299,1,261.665,0.0122958
298.5,1,260.799,0.0120547
298,1,259.933,0.0118454
297.5,1,259.067,0.0116447
297,1,258.201,0.0114571
296.5,1,257.335,0.011296
296,1,256.469,0.011146
295.5,1,255.603,0.0109985
295,1,254.737,0.0109046
294.5,1,253.871,0.0108069
294,1,253.005,0.0107053
293.5,1,252.139,0.0106857
293,1,251.273,0.0106717
292.5,1,250.407,0.0106544
292,1,249.541,0.0106708
291.5,1,248.675,0.0107043
291,1,247.809,0.0107871
290.5,1,246.943,0.0109693
290,1,246.077,0.0111814
289.5,1,245.211,0.011402
289,1,244.345,0.0116347
288.5,1,243.479,0.011866
288,1,242.613,0.0120561
287.5,1,241.747,0.0122219
287,1,240.881,0.0123632
286.5,1,240.015,0.012488
286,1,239.149,0.0125929
285.5,1,238.283,0.0126553
285,1,237.417,0.0127047
284.5,1,236.551,0.0127491
284,1,235.685,0.0127853
283.5,1,234.819,0.0128178
283,1,233.953,0.0128467
282.5,1,233.087,0.0128516
282,1,232.221,0.0128508
281.5,1,231.355,0.0128497
281,1,230.488,0.0128555
280.5,1,229.622,0.0128658
280,1,228.756,0.0128782
279.5,1,227.89,0.0128981
279,1,227.024,0.0129245
278.5,1,226.158,0.0129512
278,1,225.292,0.0129857
277.5,1,224.426,0.0130339
277,1,223.56,0.0130767
276.5,1,222.694,0.0131117
276,1,221.828,0.013114
275.5,1,220.962,0.0131137
275,1,220.096,0.0131115
274.5,1,219.23,0.0131271
274,1,218.364,0.0131359
273.5,1,217.498,0.0131405
273,1,216.632,0.0131278
272.5,1,215.766,0.0131109
272,1,214.9,0.0130919
271.5,1,214.034,0.0131034
271,1,213.168,0.0131283
270.5,1,212.302,0.0131542
270,1,211.436,0.0131649
269.5,1,210.57,0.0131616
269,1,209.704,0.0131546
268.5,1,208.838,0.0131618
268,1,207.972,0.0131922
267.5,1,207.106,0.0132198
267,1,206.24,0.013239
266.5,1,205.374,0.0132368
266,1,204.508,0.0132306
265.5,1,203.642,0.0132256
265,1,202.776,0.0132505
264.5,1,201.91,0.0132745
264,1,201.044,0.0132977
263.5,1,200.178,0.0132752
263,1,199.312,0.0132479
262.5,1,198.446,0.0132195
262,1,197.58,0.013213
261.5,1,196.714,0.0132127
261,1,195.847,0.0132117
260.5,1,194.981,0.0132022
260,1,194.115,0.0131875
259.5,1,193.249,0.0131723
259,1,192.383,0.013164
258.5,1,191.517,0.0131642
258,1,190.651,0.0131627
257.5,1,189.785,0.0131594
257,1,188.919,0.013158
256.5,1,188.053,0.0131588
256,1,187.187,0.0131596
255.5,1,186.321,0.0131466
255,1,185.455,0.0131325
254.5,1,184.589,0.0131176
254,1,183.723,0.01314
253.5,1,182.857,0.013164
253,1,181.991,0.0131888
252.5,1,181.125,0.0131827
252,1,180.259,0.0131684
251.5,1,179.393,0.0131526
251,1,178.527,0.0131638
250.5,1,177.661,0.0131906
250,1,176.795,0.0132179
249.5,1,175.929,0.013223
249,1,175.063,0.013211
248.5,1,174.197,0.0132027
248,1,173.331,0.0132101
247.5,1,172.465,0.0132424
247,1,171.599,0.0132756
246.5,1,170.733,0.0133042
246,1,169.867,0.0133095
245.5,1,169.001,0.0133169
245,1,168.135,0.0133275
244.5,1,167.269,0.0133631
244,1,166.403,0.0133991
243.5,1,165.537,0.0134357
243,1,164.671,0.0134529
242.5,1,163.805,0.0134691
242,1,162.939,0.013487
241.5,1,162.072,0.0135063
241,1,161.206,0.0135269
240.5,1,160.34,0.0135479
240,1,159.474,0.0135596
239.5,1,158.608,0.0135639
239,1,157.742,0.0135669
238.5,1,156.876,0.013569
238,1,156.01,0.0135719
237.5,1,155.144,0.0135748
237,1,154.278,0.013572
236.5,1,153.412,0.0135513
236,1,152.546,0.0135294
235.5,1,151.68,0.0135092
235,1,150.814,0.0135037
234.5,1,149.948,0.0134986
234,1,149.082,0.013494
233.5,1,148.216,0.0134838
233,1,147.35,0.0134723
232.5,1,146.484,0.0134605
232,1,145.618,0.0134565
231.5,1,144.752,0.0134547
231,1,143.886,0.0134529
230.5,1,143.02,0.0134464
230,1,142.154,0.013435
229.5,1,141.288,0.0134201
229,1,140.422,0.0134083
228.5,1,139.556,0.0134053
228,1,138.69,0.013402
227.5,1,137.824,0.0133879
227,1,136.958,0.0133518
226.5,1,136.092,0.0133165
226,1,135.226,0.0132862
225.5,1,134.36,0.013283
225,1,133.494,0.0132807
224.5,1,132.628,0.0132796
224,1,131.762,0.0132507
223.5,1,130.896,0.0132238
223,1,130.03,0.013199
222.5,1,129.164,0.0131932
222,1,128.297,0.0131918
221.5,1,127.431,0.0131918
221,1,126.565,0.013175
220.5,1,125.699,0.0131502
220,1,124.833,0.0131253
219.5,1,123.967,0.0131127
219,1,123.101,0.0131136
218.5,1,122.235,0.0131149
218,1,121.369,0.0131116
217.5,1,120.503,0.0130989
217,1,119.637,0.0130845
216.5,1,118.771,0.0130738
216,1,117.905,0.013078
215.5,1,117.039,0.0130822
215,1,116.173,0.0130852
214.5,1,115.307,0.0130635
214,1,114.441,0.0130419
213.5,1,113.575,0.0130204
213,1,112.709,0.0130197
212.5,1,111.843,0.013022
212,1,110.977,0.0130246
211.5,1,110.111,0.0130075
211,1,109.245,0.0129828
210.5,1,108.379,0.0129578
210,1,107.513,0.01295
209.5,1,106.647,0.0129559
209,1,105.781,0.0129622
208.5,1,104.915,0.012957
208,1,104.049,0.0129349
207.5,1,103.183,0.0129124
207,1,102.317,0.012899
206.5,1,101.451,0.0129139
206,1,100.585,0.0129295
205.5,1,99.7187,0.0129421
205,1,98.8526,0.012922
204.5,1,97.9866,0.0129009
204,1,97.1206,0.0128789
203.5,1,96.2546,0.0128968
203,1,95.3885,0.0129181
202.5,1,94.5225,0.0129404
202,1,93.6565,0.0129209
201.5,1,92.7905,0.0128889
201,1,91.9244,0.012856
200.5,1,91.0584,0.0128567
200,1,90.1924,0.0128789
