x,y,z,b
500,1,609.808,0.0129838
499.5,1,608.942,0.0129246
499,1,608.076,0.0129273
498.5,1,607.21,0.0129815
498,1,606.344,0.0130115
497.5,1,605.477,0.0130236
497,1,604.611,0.0130556
496.5,1,603.745,0.0130992
496,1,602.879,0.0131481
495.5,1,602.013,0.0131253
495,1,601.147,0.013095
494.5,1,600.281,0.0130571
494,1,599.415,0.0130349
493.5,1,598.549,0.0130161
493,1,597.683,0.0129975
492.5,1,596.817,0.0129303
492,1,595.951,0.0128426
491.5,1,595.085,0.0127512
491,1,594.219,0.012699
490.5,1,593.353,0.0126758
490,1,592.487,0.0126521
489.5,1,591.621,0.012624
489,1,590.755,0.0125884
488.5,1,589.889,0.0125499
488,1,589.023,0.0125295
487.5,1,588.157,0.0125615
487,1,587.291,0.012588
486.5,1,586.425,0.0126081
486,1,585.559,0.012618
485.5,1,584.693,0.0126282
485,1,583.827,0.0126362
484.5,1,582.961,0.0127589
484,1,582.095,0.0128912
483.5,1,581.229,0.0130279
483,1,580.363,0.0131715
482.5,1,579.497,0.0133162
482,1,578.631,0.0134615
481.5,1,577.765,0.0136507
481,1,576.899,0.0138634
480.5,1,576.033,0.0140763
480,1,575.167,0.0142519
479.5,1,574.301,0.0143893
479,1,573.435,0.0145356
478.5,1,572.569,0.0146583
478,1,571.703,0.0147162
477.5,1,570.836,0.0147759
477,1,569.97,0.0148205
476.5,1,569.104,0.0147852
476,1,568.238,0.0147529
475.5,1,567.372,0.0147239
475,1,566.506,0.0147199
474.5,1,565.64,0.0147186
474,1,564.774,0.0147191
473.5,1,563.908,0.0147616
473,1,563.042,0.0148098
472.5,1,562.176,0.0148567
472,1,561.31,0.0149229
471.5,1,560.444,0.0149945
471,1,559.578,0.0150613
470.5,1,558.712,0.0151124
470,1,557.846,0.0151486
469.5,1,556.98,0.0151805
469,1,556.114,0.0152052
468.5,1,555.248,0.015214
468,1,554.382,0.0152205
467.5,1,553.516,0.0152217
467,1,552.65,0.0152076
466.5,1,551.784,0.0151911
466,1,550.918,0.0151714
465.5,1,550.052,0.0151333
465,1,549.186,0.0150893
464.5,1,548.32,0.0150394
464,1,547.454,0.0150068
463.5,1,546.588,0.0149759
463,1,545.722,0.014956
462.5,1,544.856,0.0148996
462,1,543.99,0.0148215
461.5,1,543.124,0.0147341
461,1,542.258,0.0146716
460.5,1,541.392,0.0146359
460,1,540.526,0.0146089
459.5,1,539.66,0.0145569
459,1,538.794,0.0144637
458.5,1,537.928,0.0143568
458,1,537.061,0.0142582
457.5,1,536.195,0.0142332
457,1,535.329,0.0142006
456.5,1,534.463,0.0141659
456,1,533.597,0.0141627
455.5,1,532.731,0.0141554
455,1,531.865,0.0141558
454.5,1,530.999,0.0141893
454,1,530.133,0.0142201
453.5,1,529.267,0.0142473
453,1,528.401,0.0143162
452.5,1,527.535,0.0143968
452,1,526.669,0.0144882
451.5,1,525.803,0.0145918
451,1,524.937,0.0147008
450.5,1,524.071,0.0148082
450,1,523.205,0.0149311
449.5,1,522.339,0.0150782
449,1,521.473,0.0152324
448.5,1,520.607,0.0153754
448,1,519.741,0.0154874
447.5,1,518.875,0.015596
447,1,518.009,0.0156771
446.5,1,517.143,0.0156349
446,1,516.277,0.0155747
445.5,1,515.411,0.0154954
445,1,514.545,0.0153498
444.5,1,513.679,0.0152142
444,1,512.813,0.0150956
443.5,1,511.947,0.0152016
443,1,511.081,0.0153532
442.5,1,510.215,0.0155171
442,1,509.349,0.0156096
441.5,1,508.483,0.0156606
441,1,507.617,0.0157014
440.5,1,506.751,0.0158423
440,1,505.885,0.0160756
439.5,1,505.019,0.016317
439,1,504.153,0.0165915
438.5,1,503.286,0.016904
438,1,502.42,0.0172135
437.5,1,501.554,0.0175172
437,1,500.688,0.0178004
436.5,1,499.822,0.0180712
436,1,498.956,0.0183144
435.5,1,498.09,0.0184266
435,1,497.224,0.0185354
434.5,1,496.358,0.0186409
434,1,495.492,0.0186849
433.5,1,494.626,0.0187157
433,1,493.76,0.0187378
432.5,1,492.894,0.0186141
432,1,492.028,0.0184463
431.5,1,491.162,0.0182788
431,1,490.296,0.0181028
430.5,1,489.43,0.0179212
430,1,488.564,0.0177448
429.5,1,487.698,0.0175572
429,1,486.832,0.0173579
428.5,1,485.966,0.0171648
428,1,485.1,0.0170057
427.5,1,484.234,0.0169416
427,1,483.368,0.0168907
426.5,1,482.502,0.0168596
426,1,481.636,0.0169155
425.5,1,480.77,0.017007
425,1,479.904,0.0171807
424.5,1,479.038,0.01854
424,1,478.172,0.0198717
423.5,1,477.306,0.0211482
423,1,476.44,0.0221282
422.5,1,475.574,0.0230552
422,1,474.708,0.0240822
421.5,1,473.842,0.0247931
421,1,472.976,0.0254571
420.5,1,472.11,0.0263015
420,1,471.244,0.0281708
419.5,1,470.378,0.030803
419,1,469.512,0.0338476
418.5,1,468.645,0.0341733
418,1,467.779,0.0345776
417.5,1,466.913,0.0352327
417,1,466.047,0.0359736
416.5,1,465.181,0.0367666
416,1,464.315,0.0371173
415.5,1,463.449,0.0377772
415,1,462.583,0.038403
414.5,1,461.717,0.0390729
414,1,460.851,0.0396441
413.5,1,459.985,0.0399431
413,1,459.119,0.0403695
412.5,1,458.253,0.0409583
412,1,457.387,0.0418248
411.5,1,456.521,0.0427458
411,1,455.655,0.0434498
410.5,1,454.789,0.0444901
410,1,453.923,0.0456229
409.5,1,453.057,0.046559
409,1,452.191,0.0471339
408.5,1,451.325,0.0473892
408,1,450.459,0.0475945
407.5,1,449.593,0.0477154
407,1,448.727,0.0476712
406.5,1,447.861,0.0475636
406,1,446.995,0.0474042
405.5,1,446.129,0.0474583
405,1,445.263,0.0475844
404.5,1,444.397,0.0477823
404,1,443.531,0.047187
403.5,1,442.665,0.0460049
403,1,441.799,0.0455845
402.5,1,440.933,0.0451667
402,1,440.067,0.044836
401.5,1,439.201,0.0453593
401,1,438.335,0.0459475
400.5,1,437.469,0.0464575
400,1,436.603,0.0470024
399.5,1,435.737,0.0465485
399,1,434.87,0.0454935
398.5,1,434.004,0.0454386
398,1,433.138,0.0461389
397.5,1,432.272,0.0459328
397,1,431.406,0.0467731
396.5,1,430.54,0.0483013
396,1,429.674,0.0507974
395.5,1,428.808,0.0529933
395,1,427.942,0.054116
394.5,1,427.076,0.0540735
394,1,426.21,0.0537456
393.5,1,425.344,0.0536087
393,1,424.478,0.0534451
392.5,1,423.612,0.052937
392,1,422.746,0.0513514
391.5,1,421.88,0.0495885
391,1,421.014,0.0455055
390.5,1,420.148,0.042615
390,1,419.282,0.041365
389.5,1,418.416,0.0415566
389,1,417.55,0.0420373
388.5,1,416.684,0.0432763
388,1,415.818,0.0461343
387.5,1,414.952,0.0468325
387,1,414.086,0.0474992
386.5,1,413.22,0.0474409
386,1,412.354,0.0474461
385.5,1,411.488,0.0475457
385,1,410.622,0.0490241
384.5,1,409.756,0.0513253
384,1,408.89,0.0520451
383.5,1,408.024,0.0527465
383,1,407.158,0.0531529
382.5,1,406.292,0.0529135
382,1,405.426,0.0526598
381.5,1,404.56,0.0523919
381,1,403.694,0.0521097
380.5,1,402.828,0.0518132
380,1,401.962,0.0514751
379.5,1,401.095,0.051478
379,1,400.229,0.0514021
378.5,1,399.363,0.051242
378,1,398.497,0.0509979
377.5,1,397.631,0.0506697
377,1,396.765,0.0502574
376.5,1,395.899,0.049672
376,1,395.033,0.0488901
375.5,1,394.167,0.0479411
375,1,393.301,0.0468249
374.5,1,392.435,0.0456805
374,1,391.569,0.0450083
373.5,1,390.703,0.0443934
373,1,389.837,0.0437769
372.5,1,388.971,0.043155
372,1,388.105,0.0425277
371.5,1,387.239,0.0418951
371,1,386.373,0.041257
370.5,1,385.507,0.0406242
370,1,384.641,0.0401799
369.5,1,383.775,0.0396782
369,1,382.909,0.0391817
368.5,1,382.043,0.0388361
368,1,381.177,0.0385092
367.5,1,380.311,0.0382011
367,1,379.445,0.0383442
366.5,1,378.579,0.0386913
366,1,377.713,0.0390874
365.5,1,376.847,0.0395327
365,1,375.981,0.040027
364.5,1,375.115,0.0405705
364,1,374.249,0.0410229
363.5,1,373.383,0.0411494
363,1,372.517,0.0411143
362.5,1,371.651,0.0411909
362,1,370.785,0.0413793
361.5,1,369.919,0.0416793
361,1,369.053,0.0420974
360.5,1,368.187,0.0426006
360,1,367.321,0.0430676
359.5,1,366.454,0.0434983
359,1,365.588,0.0438928
358.5,1,364.722,0.044251
358,1,363.856,0.0445396
357.5,1,362.99,0.0445887
357,1,362.124,0.0446217
356.5,1,361.258,0.0446783
356,1,360.392,0.0447583
355.5,1,359.526,0.0448619
355,1,358.66,0.044989
354.5,1,357.794,0.0449448
354,1,356.928,0.044667
353.5,1,356.062,0.0443595
353,1,355.196,0.0440222
352.5,1,354.33,0.0434722
352,1,353.464,0.0425857
351.5,1,352.598,0.0414423
351,1,351.732,0.0398034
350.5,1,350.866,0.0382783
350,1,350,0.0368669
349.5,1,349.134,0.0347986
349,1,348.268,0.0335829
348.5,1,347.402,0.0329474
348,1,346.536,0.0325695
347.5,1,345.67,0.0323071
347,1,344.804,0.0323776
346.5,1,343.938,0.032334
346,1,343.072,0.0320776
345.5,1,342.206,0.0317693
345,1,341.34,0.0313575
344.5,1,340.474,0.0280457
344,1,339.608,0.0253125
343.5,1,338.742,0.0233257
343,1,337.876,0.0222308
342.5,1,337.01,0.0217746
342,1,336.144,0.0205874
341.5,1,335.278,0.019513
341,1,334.412,0.0196599
340.5,1,333.546,0.0196315
340,1,332.679,0.0196006
339.5,1,331.813,0.0198696
339,1,330.947,0.0210224
338.5,1,330.081,0.021042
338,1,329.215,0.0217394
337.5,1,328.349,0.0222461
337,1,327.483,0.0223064
336.5,1,326.617,0.0228537
336,1,325.751,0.0231815
335.5,1,324.885,0.0231181
335,1,324.019,0.0238715
334.5,1,323.153,0.0256301
334,1,322.287,0.0308034
333.5,1,321.421,0.0342235
333,1,320.555,0.0363038
332.5,1,319.689,0.0362093
332,1,318.823,0.0364965
331.5,1,317.957,0.0375109
331,1,317.091,0.0409369
330.5,1,316.225,0.0396864
330,1,315.359,0.0398134
329.5,1,314.493,0.0419952
329,1,313.627,0.0444446
328.5,1,312.761,0.0468375
328,1,311.895,0.0490017
327.5,1,311.029,0.0508725
327,1,310.163,0.0518169
326.5,1,309.297,0.0520716
326,1,308.431,0.0525773
325.5,1,307.565,0.0535175
325,1,306.699,0.0557487
324.5,1,305.833,0.057733
324,1,304.967,0.0589898
323.5,1,304.101,0.060217
323,1,303.235,0.061026
322.5,1,302.369,0.0620734
322,1,301.503,0.0632388
321.5,1,300.637,0.0643974
321,1,299.771,0.0652524
320.5,1,298.905,0.0655819
320,1,298.038,0.0658904
319.5,1,297.172,0.0664514
319,1,296.306,0.0661937
318.5,1,295.44,0.0645298
318,1,294.574,0.0625574
317.5,1,293.708,0.0603943
317,1,292.842,0.0555783
316.5,1,291.976,0.0578629
316,1,291.11,0.0586317
315.5,1,290.244,0.0641928
315,1,289.378,0.0695556
314.5,1,288.512,0.0740286
314,1,287.646,0.0761598
313.5,1,286.78,0.0776896
313,1,285.914,0.0782825
312.5,1,285.048,0.075127
312,1,284.182,0.0706464
311.5,1,283.316,0.0694082
311,1,282.45,0.0681916
310.5,1,281.584,0.0670199
310,1,280.718,0.0662226
309.5,1,279.852,0.0654811
309,1,278.986,0.0647956
308.5,1,278.12,0.069917
308,1,277.254,0.0708204
307.5,1,276.388,0.0680218
307,1,275.522,0.0652697
306.5,1,274.656,0.0639198
306,1,273.79,0.0631561
305.5,1,272.924,0.0628425
305,1,272.058,0.0629516
304.5,1,271.192,0.0579316
304,1,270.326,0.0524309
303.5,1,269.46,0.0475411
303,1,268.594,0.0432483
302.5,1,267.728,0.039825
302,1,266.862,0.037463
301.5,1,265.996,0.0358779
301,1,265.13,0.0344819
300.5,1,264.263,0.0333085
300,1,263.397,0.0326332
299.5,1,262.531,0.0321707
299,1,261.665,0.0317068
298.5,1,260.799,0.0316589
298,1,259.933,0.0320703
297.5,1,259.067,0.032272
297,1,258.201,0.0324025
296.5,1,257.335,0.0328089
296,1,256.469,0.033013
295.5,1,255.603,0.0328769
295,1,254.737,0.0318906
294.5,1,253.871,0.0307443
294,1,253.005,0.029438
293.5,1,252.139,0.0280066
293,1,251.273,0.0265603
292.5,1,250.407,0.0250964
292,1,249.541,0.0235188
291.5,1,248.675,0.0219355
291,1,247.809,0.0205396
290.5,1,246.943,0.0194974
290,1,246.077,0.0185681
289.5,1,245.211,0.0176985
289,1,244.345,0.0169489
288.5,1,243.479,0.0163245
288,1,242.613,0.0160546
287.5,1,241.747,0.0158464
287,1,240.881,0.0157063
286.5,1,240.015,0.0155897
286,1,239.149,0.0154807
285.5,1,238.283,0.0153211
285,1,237.417,0.0151934
284.5,1,236.551,0.0150507
284,1,235.685,0.0149527
283.5,1,234.819,0.0148695
283,1,233.953,0.0147994
282.5,1,233.087,0.0146942
282,1,232.221,0.0145838
281.5,1,231.355,0.0144769
281,1,230.488,0.014528
280.5,1,229.622,0.0146583
280,1,228.756,0.0147721
279.5,1,227.89,0.0148133
279,1,227.024,0.0147944
278.5,1,226.158,0.014778
278,1,225.292,0.0147856
277.5,1,224.426,0.0148332
277,1,223.56,0.014852
276.5,1,222.694,0.0148566
276,1,221.828,0.0148481
275.5,1,220.962,0.0148598
275,1,220.096,0.0148905
274.5,1,219.23,0.0148617
274,1,218.364,0.0148273
273.5,1,217.498,0.0147925
273,1,216.632,0.0148084
272.5,1,215.766,0.0148423
272,1,214.9,0.0148891
271.5,1,214.034,0.0149162
271,1,213.168,0.0149077
270.5,1,212.302,0.0148775
270,1,211.436,0.0148672
269.5,1,210.57,0.0149145
269,1,209.704,0.0150095
268.5,1,208.838,0.0150835
268,1,207.972,0.0150455
267.5,1,207.106,0.0149732
267,1,206.24,0.0149227
266.5,1,205.374,0.0150646
266,1,204.508,0.0152268
265.5,1,203.642,0.0153672
265,1,202.776,0.0151944
264.5,1,201.91,0.0150136
264,1,201.044,0.0148247
263.5,1,200.178,0.0147894
263,1,199.312,0.0147999
262.5,1,198.446,0.0148441
262,1,197.58,0.0149175
261.5,1,196.714,0.0149599
261,1,195.847,0.0149584
260.5,1,194.981,0.0149396
260,1,194.115,0.0149328
259.5,1,193.249,0.0149261
259,1,192.383,0.0148843
258.5,1,191.517,0.0147951
258,1,190.651,0.0147012
257.5,1,189.785,0.0146813
257,1,188.919,0.0148565
256.5,1,188.053,0.0150537
256,1,187.187,0.0152431
255.5,1,186.321,0.0152448
255,1,185.455,0.0152372
254.5,1,184.589,0.0152196
254,1,183.723,0.0155169
253.5,1,182.857,0.0158464
253,1,181.991,0.0162015
252.5,1,181.125,0.0161821
252,1,180.259,0.0160634
251.5,1,179.393,0.0159282
251,1,178.527,0.0159989
250.5,1,177.661,0.01618
250,1,176.795,0.0163578
249.5,1,175.929,0.0163889
249,1,175.063,0.0162769
248.5,1,174.197,0.0161526
248,1,173.331,0.0161118
247.5,1,172.465,0.0162687
247,1,171.599,0.0164282
246.5,1,170.733,0.0165606
246,1,169.867,0.0165003
245.5,1,169.001,0.0164313
245,1,168.135,0.0163473
244.5,1,167.269,0.016103
244,1,166.403,0.0159474
243.5,1,165.537,0.0158905
243,1,164.671,0.0159774
242.5,1,163.805,0.0160314
242,1,162.939,0.0160369
241.5,1,162.072,0.0160845
241,1,161.206,0.0161959
240.5,1,160.34,0.016338
240,1,159.474,0.0163557
239.5,1,158.608,0.0162263
239,1,157.742,0.0160377
238.5,1,156.876,0.0158423
238,1,156.01,0.0156983
237.5,1,155.144,0.015557
237,1,154.278,0.015401
236.5,1,153.412,0.0152194
236,1,152.546,0.0150753
235.5,1,151.68,0.0149766
235,1,150.814,0.0152417
234.5,1,149.948,0.0154749
234,1,149.082,0.0156764
233.5,1,148.216,0.0154046
233,1,147.35,0.0151156
232.5,1,146.484,0.0148431
232,1,145.618,0.0149045
231.5,1,144.752,0.0150317
231,1,143.886,0.0151276
230.5,1,143.02,0.0151073
230,1,142.154,0.0150687
229.5,1,141.288,0.0150824
229,1,140.422,0.0151221
228.5,1,139.556,0.015103
228,1,138.69,0.0150336
227.5,1,137.824,0.0150221
227,1,136.958,0.0152942
226.5,1,136.092,0.0156252
226,1,135.226,0.0159116
225.5,1,134.36,0.0155635
225,1,133.494,0.0151453
224.5,1,132.628,0.0146557
224,1,131.762,0.0151717
223.5,1,130.896,0.0157475
223,1,130.03,0.0163707
222.5,1,129.164,0.0163418
222,1,128.297,0.0161436
221.5,1,127.431,0.0159113
221,1,126.565,0.0160068
220.5,1,125.699,0.0162978
220,1,124.833,0.0166177
219.5,1,123.967,0.0166639
219,1,123.101,0.0164217
218.5,1,122.235,0.0161575
218,1,121.369,0.0160436
217.5,1,120.503,0.016247
217,1,119.637,0.0164733
216.5,1,118.771,0.0166031
216,1,117.905,0.0163018
215.5,1,117.039,0.0159991
215,1,116.173,0.0157196
214.5,1,115.307,0.0159794
214,1,114.441,0.0162384
213.5,1,113.575,0.0164968
213,1,112.709,0.0162823
212.5,1,111.843,0.0160084
212,1,110.977,0.015736
211.5,1,110.111,0.015683
211,1,109.245,0.0156971
210.5,1,108.379,0.0156947
210,1,107.513,0.0156559
209.5,1,106.647,0.015616
209,1,105.781,0.0155983
208.5,1,104.915,0.0156042
208,1,104.049,0.015613
207.5,1,103.183,0.0156068
207,1,102.317,0.0155943
206.5,1,101.451,0.0156099
206,1,100.585,0.0156356
205.5,1,99.7187,0.0156629
205,1,98.8526,0.0156091
204.5,1,97.9866,0.0155456
204,1,97.1206,0.0154723
203.5,1,96.2546,0.01548
203,1,95.3885,0.0154948
202.5,1,94.5225,0.0155121
202,1,93.6565,0.0154942
201.5,1,92.7905,0.0154653
201,1,91.9244,0.015435
200.5,1,91.0584,0.015443
200,1,90.1924,0.0154775
