x,y,z,b
500,1,609.808,0.0126641
499.5,1,608.942,0.0126714
499,1,608.076,0.0126769
498.5,1,607.21,0.0126788
498,1,606.344,0.0126809
497.5,1,605.477,0.0126794
497,1,604.611,0.0126635
496.5,1,603.745,0.0126477
496,1,602.879,0.0126316
495.5,1,602.013,0.0126141
495,1,601.147,0.0125966
494.5,1,600.281,0.0125791
494,1,599.415,0.0125743
493.5,1,598.549,0.0125707
493,1,597.683,0.0125668
492.5,1,596.817,0.0125684
492,1,595.951,0.0125718
491.5,1,595.085,0.0125753
491,1,594.219,0.0125811
490.5,1,593.353,0.0125882
490,1,592.487,0.0125952
489.5,1,591.621,0.0126029
489,1,590.755,0.0126116
488.5,1,589.889,0.0126202
488,1,589.023,0.0126276
487.5,1,588.157,0.0126317
487,1,587.291,0.0126356
486.5,1,586.425,0.0126381
486,1,585.559,0.0126314
485.5,1,584.693,0.0126247
485,1,583.827,0.0126179
484.5,1,582.961,0.0126004
484,1,582.095,0.0125824
483.5,1,581.229,0.0125645
483,1,580.363,0.0125558
482.5,1,579.497,0.0125493
482,1,578.631,0.0125428
481.5,1,577.765,0.0125452
481,1,576.899,0.0125518
480.5,1,576.033,0.0125574
480,1,575.167,0.0125595
479.5,1,574.301,0.0125587
479,1,573.435,0.012558
478.5,1,572.569,0.0125532
478,1,571.703,0.01254
477.5,1,570.836,0.0125269
477,1,569.97,0.0125155
476.5,1,569.104,0.0125117
476,1,568.238,0.0125082
475.5,1,567.372,0.0125052
475,1,566.506,0.0125061
474.5,1,565.64,0.0125071
474,1,564.774,0.0125087
473.5,1,563.908,0.0125037
473,1,563.042,0.012497
472.5,1,562.176,0.0124898
472,1,561.31,0.0124716
471.5,1,560.444,0.0124485
471,1,559.578,0.0124252
470.5,1,558.712,0.0124091
470,1,557.846,0.0123992
469.5,1,556.98,0.0123893
469,1,556.114,0.0123838
468.5,1,555.248,0.0123861
468,1,554.382,0.0123887
467.5,1,553.516,0.0123942
467,1,552.65,0.0124091
466.5,1,551.784,0.0124241
466,1,550.918,0.0124403
465.5,1,550.052,0.0124703
465,1,549.186,0.0125006
464.5,1,548.32,0.0125311
464,1,547.454,0.0125649
463.5,1,546.588,0.0125997
463,1,545.722,0.0126319
462.5,1,544.856,0.0126463
462,1,543.99,0.0126557
461.5,1,543.124,0.0126662
461,1,542.258,0.0126608
460.5,1,541.392,0.0126409
460,1,540.526,0.0126171
459.5,1,539.66,0.0125898
459,1,538.794,0.0125591
458.5,1,537.928,0.0125291
458,1,537.061,0.0124997
457.5,1,536.195,0.0124697
457,1,535.329,0.0124404
456.5,1,534.463,0.0124159
456,1,533.597,0.0124212
455.5,1,532.731,0.0124266
455,1,531.865,0.0124319
454.5,1,530.999,0.01242
454,1,530.133,0.0124068
453.5,1,529.267,0.0123928
453,1,528.401,0.0123721
452.5,1,527.535,0.0123498
452,1,526.669,0.0123271
451.5,1,525.803,0.0123171
451,1,524.937,0.0123164
450.5,1,524.071,0.0123184
450,1,523.205,0.0123268
449.5,1,522.339,0.0123409
449,1,521.473,0.0123557
448.5,1,520.607,0.0123653
448,1,519.741,0.0123644
447.5,1,518.875,0.0123644
447,1,518.009,0.0123608
446.5,1,517.143,0.0123372
446,1,516.277,0.0123153
445.5,1,515.411,0.0122956
445,1,514.545,0.0122893
444.5,1,513.679,0.0122834
444,1,512.813,0.0122785
443.5,1,511.947,0.0123307
443,1,511.081,0.0123922
442.5,1,510.215,0.0124543
442,1,509.349,0.0124971
441.5,1,508.483,0.0125308
441,1,507.617,0.012563
440.5,1,506.751,0.0125913
440,1,505.885,0.0126137
439.5,1,505.019,0.0126318
439,1,504.153,0.0126408
438.5,1,503.286,0.0126408
438,1,502.42,0.0126372
437.5,1,501.554,0.0126173
437,1,500.688,0.0125538
436.5,1,499.822,0.0124835
436,1,498.956,0.0124091
435.5,1,498.09,0.0123363
435,1,497.224,0.0122644
434.5,1,496.358,0.0121931
434,1,495.492,0.0121427
433.5,1,494.626,0.0120967
433,1,493.76,0.0120577
432.5,1,492.894,0.0120238
432,1,492.028,0.011991
431.5,1,491.162,0.0119582
431,1,490.296,0.0119237
430.5,1,489.43,0.0118852
430,1,488.564,0.0118465
429.5,1,487.698,0.0118111
429,1,486.832,0.0117838
428.5,1,485.966,0.0117583
428,1,485.1,0.0117428
427.5,1,484.234,0.0117602
427,1,483.368,0.0117865
426.5,1,482.502,0.011821
426,1,481.636,0.0118618
425.5,1,480.77,0.0119005
425,1,479.904,0.0119383
424.5,1,479.038,0.0119385
424,1,478.172,0.0119431
423.5,1,477.306,0.0119532
423,1,476.44,0.0119582
422.5,1,475.574,0.011942
422,1,474.708,0.0119126
421.5,1,473.842,0.0119795
421,1,472.976,0.0121144
420.5,1,472.11,0.0122693
420,1,471.244,0.0123576
419.5,1,470.378,0.0123603
419,1,469.512,0.0123659
418.5,1,468.645,0.0124886
418,1,467.779,0.0129032
417.5,1,466.913,0.0134068
417,1,466.047,0.014057
416.5,1,465.181,0.0159085
416,1,464.315,0.0168561
415.5,1,463.449,0.018692
415,1,462.583,0.0214156
414.5,1,461.717,0.0254818
414,1,460.851,0.0289946
413.5,1,459.985,0.0322132
413,1,459.119,0.0329419
412.5,1,458.253,0.0336185
412,1,457.387,0.0342878
411.5,1,456.521,0.0356099
411,1,455.655,0.0367877
410.5,1,454.789,0.0377133
410,1,453.923,0.0386021
409.5,1,453.057,0.0393952
409,1,452.191,0.0393563
408.5,1,451.325,0.0398792
408,1,450.459,0.0408263
407.5,1,449.593,0.0406396
407,1,448.727,0.0404737
406.5,1,447.861,0.0404085
406,1,446.995,0.0413296
405.5,1,446.129,0.0429978
405,1,445.263,0.0454948
404.5,1,444.397,0.0463839
404,1,443.531,0.0478504
403.5,1,442.665,0.0492795
403,1,441.799,0.050572
402.5,1,440.933,0.0483962
402,1,440.067,0.0462351
401.5,1,439.201,0.0417329
401,1,438.335,0.0359031
400.5,1,437.469,0.030545
400,1,436.603,0.0244739
399.5,1,435.737,0.0254757
399,1,434.87,0.0256499
398.5,1,434.004,0.0255952
398,1,433.138,0.0294284
397.5,1,432.272,0.0338262
397,1,431.406,0.0367298
396.5,1,430.54,0.0389735
396,1,429.674,0.0417681
395.5,1,428.808,0.0437249
395,1,427.942,0.0450959
394.5,1,427.076,0.046418
394,1,426.21,0.0474364
393.5,1,425.344,0.0467089
393,1,424.478,0.0451869
392.5,1,423.612,0.0461599
392,1,422.746,0.0458447
391.5,1,421.88,0.0456814
391,1,421.014,0.0456162
390.5,1,420.148,0.0452029
390,1,419.282,0.0445499
389.5,1,418.416,0.0446679
389,1,417.55,0.0443243
388.5,1,416.684,0.0439189
388,1,415.818,0.0437489
387.5,1,414.952,0.0440495
387,1,414.086,0.0435431
386.5,1,413.22,0.0432272
386,1,412.354,0.0433401
385.5,1,411.488,0.0436377
385,1,410.622,0.0438357
384.5,1,409.756,0.0441051
384,1,408.89,0.044446
383.5,1,408.024,0.0448583
383,1,407.158,0.0455998
382.5,1,406.292,0.0468886
382,1,405.426,0.0480782
381.5,1,404.56,0.0491687
381,1,403.694,0.0501602
380.5,1,402.828,0.0510525
380,1,401.962,0.0518189
379.5,1,401.095,0.0510419
379,1,400.229,0.0502174
378.5,1,399.363,0.0493584
378,1,398.497,0.048465
377.5,1,397.631,0.0475371
377,1,396.765,0.0465748
376.5,1,395.899,0.0467354
376,1,395.033,0.0474905
375.5,1,394.167,0.0482985
375,1,393.301,0.0489872
374.5,1,392.435,0.0496745
374,1,391.569,0.0492559
373.5,1,390.703,0.0488051
373,1,389.837,0.0485601
372.5,1,388.971,0.0487437
372,1,388.105,0.0475767
371.5,1,387.239,0.047939
371,1,386.373,0.0464356
370.5,1,385.507,0.0435004
370,1,384.641,0.0401129
369.5,1,383.775,0.0367197
369,1,382.909,0.0336867
368.5,1,382.043,0.0309038
368,1,381.177,0.0288908
367.5,1,380.311,0.0279503
367,1,379.445,0.0268565
366.5,1,378.579,0.0258404
366,1,377.713,0.0255042
365.5,1,376.847,0.0255232
365,1,375.981,0.0258988
364.5,1,375.115,0.0258105
364,1,374.249,0.0259275
363.5,1,373.383,0.0262535
363,1,372.517,0.0259395
362.5,1,371.651,0.0253444
362,1,370.785,0.0246931
361.5,1,369.919,0.0250408
361,1,369.053,0.0260516
360.5,1,368.187,0.0273649
360,1,367.321,0.0284637
359.5,1,366.454,0.028491
359,1,365.588,0.0283004
358.5,1,364.722,0.0288818
358,1,363.856,0.0296056
357.5,1,362.99,0.0301272
357,1,362.124,0.0304277
356.5,1,361.258,0.030247
356,1,360.392,0.0301217
355.5,1,359.526,0.0302928
355,1,358.66,0.0316818
354.5,1,357.794,0.0334212
354,1,356.928,0.03552
353.5,1,356.062,0.0364507
353,1,355.196,0.0369832
352.5,1,354.33,0.037282
352,1,353.464,0.0386839
351.5,1,352.598,0.0410663
351,1,351.732,0.0427785
350.5,1,350.866,0.0421502
350,1,350,0.0405218
349.5,1,349.134,0.0317763
349,1,348.268,0.0343173
348.5,1,347.402,0.037922
348,1,346.536,0.0388531
347.5,1,345.67,0.0399956
347,1,344.804,0.0418338
346.5,1,343.938,0.0444407
346,1,343.072,0.0456314
345.5,1,342.206,0.0467507
345,1,341.34,0.0476779
344.5,1,340.474,0.0489467
344,1,339.608,0.0475145
343.5,1,338.742,0.0454492
343,1,337.876,0.0428088
342.5,1,337.01,0.0405838
342,1,336.144,0.0383973
341.5,1,335.278,0.0343786
341,1,334.412,0.0323877
340.5,1,333.546,0.0332471
340,1,332.679,0.0330104
339.5,1,331.813,0.0305555
339,1,330.947,0.0304958
338.5,1,330.081,0.031392
338,1,329.215,0.0321892
337.5,1,328.349,0.03331
337,1,327.483,0.0344381
336.5,1,326.617,0.0356509
336,1,325.751,0.0367958
335.5,1,324.885,0.0381239
335,1,324.019,0.0388411
334.5,1,323.153,0.0404783
334,1,322.287,0.0453269
333.5,1,321.421,0.0431063
333,1,320.555,0.0403435
332.5,1,319.689,0.0383858
332,1,318.823,0.0371554
331.5,1,317.957,0.0365308
331,1,317.091,0.0379755
330.5,1,316.225,0.0395995
330,1,315.359,0.0401478
329.5,1,314.493,0.040041
329,1,313.627,0.0390813
328.5,1,312.761,0.0353002
328,1,311.895,0.0337265
327.5,1,311.029,0.0343476
327,1,310.163,0.0410007
326.5,1,309.297,0.0495246
326,1,308.431,0.0610273
325.5,1,307.565,0.0689673
325,1,306.699,0.0690136
324.5,1,305.833,0.0693868
324,1,304.967,0.0700994
323.5,1,304.101,0.068263
323,1,303.235,0.0620965
322.5,1,302.369,0.0590953
322,1,301.503,0.0577545
321.5,1,300.637,0.0579919
321,1,299.771,0.0580616
320.5,1,298.905,0.0589886
320,1,298.038,0.0585492
319.5,1,297.172,0.0587278
319,1,296.306,0.062403
318.5,1,295.44,0.0638208
318,1,294.574,0.0645828
317.5,1,293.708,0.0683384
317,1,292.842,0.0693211
316.5,1,291.976,0.0688844
316,1,291.11,0.068107
315.5,1,290.244,0.0623731
315,1,289.378,0.0577077
314.5,1,288.512,0.0514475
314,1,287.646,0.0461947
313.5,1,286.78,0.0394849
313,1,285.914,0.0362361
312.5,1,285.048,0.0353568
312,1,284.182,0.0347131
311.5,1,283.316,0.0345025
311,1,282.45,0.0348938
310.5,1,281.584,0.0347765
310,1,280.718,0.0342784
309.5,1,279.852,0.0354648
309,1,278.986,0.0378722
308.5,1,278.12,0.0399478
308,1,277.254,0.0414193
307.5,1,276.388,0.0422581
307,1,275.522,0.0441049
306.5,1,274.656,0.0440671
306,1,273.79,0.0439272
305.5,1,272.924,0.043563
305,1,272.058,0.0434864
304.5,1,271.192,0.0423192
304,1,270.326,0.0406373
303.5,1,269.46,0.0378216
303,1,268.594,0.0336444
302.5,1,267.728,0.0307445
302,1,266.862,0.0282787
301.5,1,265.996,0.0258245
301,1,265.13,0.0271079
300.5,1,264.263,0.0260022
300,1,263.397,0.0245363
299.5,1,262.531,0.0227178
299,1,261.665,0.0209222
298.5,1,260.799,0.0192176
298,1,259.933,0.0176667
297.5,1,259.067,0.0162409
297,1,258.201,0.0150504
296.5,1,257.335,0.0143437
296,1,256.469,0.0137283
295.5,1,255.603,0.0131789
295,1,254.737,0.0129608
294.5,1,253.871,0.0127505
294,1,253.005,0.0125478
293.5,1,252.139,0.0123986
293,1,251.273,0.0122651
292.5,1,250.407,0.0121428
292,1,249.541,0.0120625
291.5,1,248.675,0.0120069
291,1,247.809,0.011969
290.5,1,246.943,0.011956
290,1,246.077,0.0119568
289.5,1,245.211,0.0119635
289,1,244.345,0.011973
288.5,1,243.479,0.0119805
288,1,242.613,0.0119869
287.5,1,241.747,0.0119921
287,1,240.881,0.0119954
286.5,1,240.015,0.0119996
286,1,239.149,0.0120061
285.5,1,238.283,0.0120231
285,1,237.417,0.0120408
284.5,1,236.551,0.0120589
284,1,235.685,0.0120804
283.5,1,234.819,0.0121018
283,1,233.953,0.0121228
282.5,1,233.087,0.012141
282,1,232.221,0.0121587
281.5,1,231.355,0.0121756
281,1,230.488,0.0121857
280.5,1,229.622,0.0121907
280,1,228.756,0.01219
279.5,1,227.89,0.0121841
279,1,227.024,0.012178
278.5,1,226.158,0.0121726
278,1,225.292,0.0121696
277.5,1,224.426,0.0121708
277,1,223.56,0.0121725
276.5,1,222.694,0.0121754
276,1,221.828,0.0121788
275.5,1,220.962,0.0121822
275,1,220.096,0.0121857
274.5,1,219.23,0.0121928
274,1,218.364,0.0122004
273.5,1,217.498,0.0122079
273,1,216.632,0.0122234
272.5,1,215.766,0.0122402
272,1,214.9,0.0122573
271.5,1,214.034,0.0122755
271,1,213.168,0.0122936
270.5,1,212.302,0.012312
270,1,211.436,0.0123287
269.5,1,210.57,0.0123441
269,1,209.704,0.0123637
268.5,1,208.838,0.0123834
268,1,207.972,0.0124003
267.5,1,207.106,0.0124173
267,1,206.24,0.012435
266.5,1,205.374,0.012454
266,1,204.508,0.0124725
265.5,1,203.642,0.0124905
265,1,202.776,0.0125043
264.5,1,201.91,0.0125178
264,1,201.044,0.012531
263.5,1,200.178,0.0125413
263,1,199.312,0.0125513
262.5,1,198.446,0.0125611
262,1,197.58,0.0125722
261.5,1,196.714,0.0125835
261,1,195.847,0.0125943
260.5,1,194.981,0.0126056
260,1,194.115,0.0126173
259.5,1,193.249,0.0126287
259,1,192.383,0.012638
258.5,1,191.517,0.0126449
258,1,190.651,0.0126511
257.5,1,189.785,0.0126555
257,1,188.919,0.0126566
256.5,1,188.053,0.0126578
256,1,187.187,0.0126593
255.5,1,186.321,0.0126618
255,1,185.455,0.0126639
254.5,1,184.589,0.012666
254,1,183.723,0.0126689
253.5,1,182.857,0.0126717
253,1,181.991,0.0126745
252.5,1,181.125,0.0126739
252,1,180.259,0.0126726
251.5,1,179.393,0.0126713
251,1,178.527,0.012669
250.5,1,177.661,0.0126663
250,1,176.795,0.0126639
249.5,1,175.929,0.0126627
249,1,175.063,0.0126621
248.5,1,174.197,0.0126616
248,1,173.331,0.0126617
247.5,1,172.465,0.0126633
247,1,171.599,0.0126672
246.5,1,170.733,0.0126708
246,1,169.867,0.0126697
245.5,1,169.001,0.0126688
245,1,168.135,0.0126681
244.5,1,167.269,0.0126695
244,1,166.403,0.0126722
243.5,1,165.537,0.0126753
243,1,164.671,0.0126786
242.5,1,163.805,0.0126816
242,1,162.939,0.0126844
241.5,1,162.072,0.0126885
241,1,161.206,0.0126929
240.5,1,160.34,0.0126972
240,1,159.474,0.0126986
239.5,1,158.608,0.0126978
239,1,157.742,0.0126973
238.5,1,156.876,0.0126984
238,1,156.01,0.0127013
237.5,1,155.144,0.0127043
237,1,154.278,0.0127077
236.5,1,153.412,0.0127117
236,1,152.546,0.0127161
235.5,1,151.68,0.0127208
235,1,150.814,0.0127276
234.5,1,149.948,0.0127345
234,1,149.082,0.0127413
233.5,1,148.216,0.0127462
233,1,147.35,0.012751
232.5,1,146.484,0.0127557
232,1,145.618,0.0127611
231.5,1,144.752,0.0127664
231,1,143.886,0.0127716
230.5,1,143.02,0.0127799
230,1,142.154,0.0127899
229.5,1,141.288,0.0127995
229,1,140.422,0.0128073
228.5,1,139.556,0.0128133
228,1,138.69,0.0128191
227.5,1,137.824,0.0128251
227,1,136.958,0.0128313
226.5,1,136.092,0.012837
226,1,135.226,0.0128423
225.5,1,134.36,0.0128464
225,1,133.494,0.0128502
224.5,1,132.628,0.0128538
224,1,131.762,0.0128632
223.5,1,130.896,0.0128724
223,1,130.03,0.0128814
222.5,1,129.164,0.0128863
222,1,128.297,0.0128903
221.5,1,127.431,0.0128942
221,1,126.565,0.0128981
220.5,1,125.699,0.0129017
220,1,124.833,0.0129049
219.5,1,123.967,0.0129065
219,1,123.101,0.0129071
218.5,1,122.235,0.0129074
218,1,121.369,0.0129091
217.5,1,120.503,0.0129131
217,1,119.637,0.0129165
216.5,1,118.771,0.012919
216,1,117.905,0.0129195
215.5,1,117.039,0.0129199
215,1,116.173,0.0129202
214.5,1,115.307,0.0129186
214,1,114.441,0.0129164
213.5,1,113.575,0.012914
213,1,112.709,0.0129127
212.5,1,111.843,0.0129114
212,1,110.977,0.0129099
211.5,1,110.111,0.0129108
211,1,109.245,0.0129127
210.5,1,108.379,0.0129146
210,1,107.513,0.0129151
209.5,1,106.647,0.0129144
209,1,105.781,0.0129133
208.5,1,104.915,0.0129118
208,1,104.049,0.0129101
207.5,1,103.183,0.0129087
207,1,102.317,0.0129069
206.5,1,101.451,0.0129035
206,1,100.585,0.0128996
205.5,1,99.7187,0.0128959
205,1,98.8526,0.0128974
204.5,1,97.9866,0.0128994
204,1,97.1206,0.0129019
203.5,1,96.2546,0.0128988
203,1,95.3885,0.0128949
202.5,1,94.5225,0.0128909
202,1,93.6565,0.0128927
201.5,1,92.7905,0.0128963
201,1,91.9244,0.0129002
200.5,1,91.0584,0.012899
200,1,90.1924,0.0128944
