x,y,z,b
500,1,609.808,0.0132144
499.5,1,608.942,0.0133615
499,1,608.076,0.0134375
498.5,1,607.21,0.0133313
498,1,606.344,0.0132046
497.5,1,605.477,0.0131101
497,1,604.611,0.0132071
496.5,1,603.745,0.0133158
496,1,602.879,0.0134225
495.5,1,602.013,0.0133335
495,1,601.147,0.013236
494.5,1,600.281,0.0131298
494,1,599.415,0.0131322
493.5,1,598.549,0.0131519
493,1,597.683,0.0131787
492.5,1,596.817,0.0131065
492,1,595.951,0.0129939
491.5,1,595.085,0.0128758
491,1,594.219,0.0128219
490.5,1,593.353,0.0128158
490,1,592.487,0.0128086
489.5,1,591.621,0.0127792
489,1,590.755,0.0127211
488.5,1,589.889,0.0126617
488,1,589.023,0.0126239
487.5,1,588.157,0.0126436
487,1,587.291,0.0126575
486.5,1,586.425,0.0126651
486,1,585.559,0.0126635
485.5,1,584.693,0.0126574
485,1,583.827,0.0126497
484.5,1,582.961,0.0127935
484,1,582.095,0.012933
483.5,1,581.229,0.0130608
483,1,580.363,0.0132191
482.5,1,579.497,0.013394
482,1,578.631,0.0135746
481.5,1,577.765,0.013781
481,1,576.899,0.0139939
480.5,1,576.033,0.014203
480,1,575.167,0.014391
479.5,1,574.301,0.0145635
479,1,573.435,0.014751
478.5,1,572.569,0.0148984
478,1,571.703,0.0149367
477.5,1,570.836,0.0149797
477,1,569.97,0.0150125
476.5,1,569.104,0.0149862
476,1,568.238,0.0149693
475.5,1,567.372,0.0149618
475,1,566.506,0.0149692
474.5,1,565.64,0.0149773
474,1,564.774,0.0149831
473.5,1,563.908,0.0150343
473,1,563.042,0.0150923
472.5,1,562.176,0.015149
472,1,561.31,0.0151976
471.5,1,560.444,0.0152363
471,1,559.578,0.0152646
470.5,1,558.712,0.0152874
470,1,557.846,0.0153081
469.5,1,556.98,0.0153268
469,1,556.114,0.0153394
468.5,1,555.248,0.0153402
468,1,554.382,0.0153366
467.5,1,553.516,0.0153286
467,1,552.65,0.0153224
466.5,1,551.784,0.0153225
466,1,550.918,0.0153246
465.5,1,550.052,0.0152593
465,1,549.186,0.0151895
464.5,1,548.32,0.0151151
464,1,547.454,0.0151122
463.5,1,546.588,0.0151255
463,1,545.722,0.0151476
462.5,1,544.856,0.0150835
462,1,543.99,0.0149905
461.5,1,543.124,0.0148993
461,1,542.258,0.0148486
460.5,1,541.392,0.0148263
460,1,540.526,0.0148089
459.5,1,539.66,0.0147624
459,1,538.794,0.0146759
458.5,1,537.928,0.0145927
458,1,537.061,0.014524
457.5,1,536.195,0.0144961
457,1,535.329,0.0144761
456.5,1,534.463,0.0144649
456,1,533.597,0.0144572
455.5,1,532.731,0.0144386
455,1,531.865,0.0144256
454.5,1,530.999,0.0144627
454,1,530.133,0.0144982
453.5,1,529.267,0.0145306
453,1,528.401,0.014598
452.5,1,527.535,0.0146687
452,1,526.669,0.014762
451.5,1,525.803,0.0148811
451,1,524.937,0.0150058
450.5,1,524.071,0.0151193
450,1,523.205,0.0152617
449.5,1,522.339,0.01543
449,1,521.473,0.0155835
448.5,1,520.607,0.0156883
448,1,519.741,0.0157033
447.5,1,518.875,0.0156989
447,1,518.009,0.0156551
446.5,1,517.143,0.0155195
446,1,516.277,0.0153997
445.5,1,515.411,0.0152979
445,1,514.545,0.015301
444.5,1,513.679,0.0153142
444,1,512.813,0.0153443
443.5,1,511.947,0.0155074
443,1,511.081,0.0156761
442.5,1,510.215,0.0158298
442,1,509.349,0.0158656
441.5,1,508.483,0.0158587
441,1,507.617,0.0158596
440.5,1,506.751,0.016065
440,1,505.885,0.016438
439.5,1,505.019,0.0168166
439,1,504.153,0.0171811
438.5,1,503.286,0.0175019
438,1,502.42,0.0178066
437.5,1,501.554,0.0180765
437,1,500.688,0.0182646
436.5,1,499.822,0.0184407
436,1,498.956,0.0185995
435.5,1,498.09,0.0186907
435,1,497.224,0.0187761
434.5,1,496.358,0.0188558
434,1,495.492,0.018897
433.5,1,494.626,0.0189338
433,1,493.76,0.0189677
432.5,1,492.894,0.0188932
432,1,492.028,0.0187888
431.5,1,491.162,0.0186886
431,1,490.296,0.0185854
430.5,1,489.43,0.0184902
430,1,488.564,0.0184165
429.5,1,487.698,0.0183641
429,1,486.832,0.0183273
428.5,1,485.966,0.0182952
428,1,485.1,0.0183401
427.5,1,484.234,0.0186438
427,1,483.368,0.0190497
426.5,1,482.502,0.0195521
426,1,481.636,0.0201347
425.5,1,480.77,0.0207952
425,1,479.904,0.0215299
424.5,1,479.038,0.0232509
424,1,478.172,0.0249748
423.5,1,477.306,0.0266777
423,1,476.44,0.0284061
422.5,1,475.574,0.0308313
422,1,474.708,0.0313016
421.5,1,473.842,0.0317075
421,1,472.976,0.0321198
420.5,1,472.11,0.0333369
420,1,471.244,0.0346364
419.5,1,470.378,0.0360184
419,1,469.512,0.0374829
418.5,1,468.645,0.0390298
418,1,467.779,0.040416
417.5,1,466.913,0.0410392
417,1,466.047,0.0415133
416.5,1,465.181,0.0420319
416,1,464.315,0.0418967
415.5,1,463.449,0.0421456
415,1,462.583,0.0427251
414.5,1,461.717,0.0433131
414,1,460.851,0.0438749
413.5,1,459.985,0.0443535
413,1,459.119,0.0448416
412.5,1,458.253,0.0453478
412,1,457.387,0.0457188
411.5,1,456.521,0.0460044
411,1,455.655,0.0460528
410.5,1,454.789,0.045497
410,1,453.923,0.0442135
409.5,1,453.057,0.0425689
409,1,452.191,0.0410828
408.5,1,451.325,0.0404905
408,1,450.459,0.0400552
407.5,1,449.593,0.0398183
407,1,448.727,0.040184
406.5,1,447.861,0.0405686
406,1,446.995,0.0409429
405.5,1,446.129,0.0410207
405,1,445.263,0.0411343
404.5,1,444.397,0.0412839
404,1,443.531,0.0414429
403.5,1,442.665,0.0418039
403,1,441.799,0.04235
402.5,1,440.933,0.0429012
402,1,440.067,0.0434518
401.5,1,439.201,0.0440319
401,1,438.335,0.0449196
400.5,1,437.469,0.0459234
400,1,436.603,0.0465173
399.5,1,435.737,0.0464497
399,1,434.87,0.0462188
398.5,1,434.004,0.0466879
398,1,433.138,0.0477797
397.5,1,432.272,0.0484182
397,1,431.406,0.0491558
396.5,1,430.54,0.0502716
396,1,429.674,0.0510467
395.5,1,428.808,0.0516554
395,1,427.942,0.0520122
394.5,1,427.076,0.0508375
394,1,426.21,0.0494235
393.5,1,425.344,0.0489099
393,1,424.478,0.0485368
392.5,1,423.612,0.0482601
392,1,422.746,0.047896
391.5,1,421.88,0.0475193
391,1,421.014,0.047125
390.5,1,420.148,0.0466535
390,1,419.282,0.046351
389.5,1,418.416,0.0462177
389,1,417.55,0.0469952
388.5,1,416.684,0.047804
388,1,415.818,0.0485858
387.5,1,414.952,0.048297
387,1,414.086,0.0480475
386.5,1,413.22,0.0483303
386,1,412.354,0.0487739
385.5,1,411.488,0.049328
385,1,410.622,0.0509139
384.5,1,409.756,0.0527782
384,1,408.89,0.0531978
383.5,1,408.024,0.0536199
383,1,407.158,0.0537571
382.5,1,406.292,0.0532087
382,1,405.426,0.0526122
381.5,1,404.56,0.0519677
381,1,403.694,0.0512752
380.5,1,402.828,0.0505346
380,1,401.962,0.0497253
379.5,1,401.095,0.0488836
379,1,400.229,0.048017
378.5,1,399.363,0.0471247
378,1,398.497,0.0462064
377.5,1,397.631,0.0452622
377,1,396.765,0.0442922
376.5,1,395.899,0.0435349
376,1,395.033,0.0429603
375.5,1,394.167,0.0424717
375,1,393.301,0.0420692
374.5,1,392.435,0.0417918
374,1,391.569,0.041684
373.5,1,390.703,0.0414992
373,1,389.837,0.0412194
372.5,1,388.971,0.0409912
372,1,388.105,0.0408145
371.5,1,387.239,0.0406892
371,1,386.373,0.0406154
370.5,1,385.507,0.0405822
370,1,384.641,0.0403593
369.5,1,383.775,0.0401615
369,1,382.909,0.0399267
368.5,1,382.043,0.0395847
368,1,381.177,0.0393091
367.5,1,380.311,0.0391001
367,1,379.445,0.0391473
366.5,1,378.579,0.0392654
366,1,377.713,0.0393743
365.5,1,376.847,0.0394741
365,1,375.981,0.0395647
364.5,1,375.115,0.0396462
364,1,374.249,0.0399525
363.5,1,373.383,0.0406097
363,1,372.517,0.0412832
362.5,1,371.651,0.0419855
362,1,370.785,0.0427165
361.5,1,369.919,0.0434763
361,1,369.053,0.0442033
360.5,1,368.187,0.0443812
360,1,367.321,0.0445255
359.5,1,366.454,0.0446361
359,1,365.588,0.0447131
358.5,1,364.722,0.0447565
358,1,363.856,0.0447304
357.5,1,362.99,0.0448041
357,1,362.124,0.0449057
356.5,1,361.258,0.0449892
356,1,360.392,0.0450548
355.5,1,359.526,0.0451023
355,1,358.66,0.0451318
354.5,1,357.794,0.0448532
354,1,356.928,0.0442956
353.5,1,356.062,0.043806
353,1,355.196,0.0433845
352.5,1,354.33,0.0427543
352,1,353.464,0.041758
351.5,1,352.598,0.0406378
351,1,351.732,0.0393708
350.5,1,350.866,0.0381753
350,1,350,0.0370514
349.5,1,349.134,0.0315207
349,1,348.268,0.0295641
348.5,1,347.402,0.0285867
348,1,346.536,0.0283053
347.5,1,345.67,0.0282407
347,1,344.804,0.0290767
346.5,1,343.938,0.031679
346,1,343.072,0.0311881
345.5,1,342.206,0.0306998
345,1,341.34,0.03024
344.5,1,340.474,0.0258734
344,1,339.608,0.0235377
343.5,1,338.742,0.0224466
343,1,337.876,0.0227417
342.5,1,337.01,0.023295
342,1,336.144,0.0226708
341.5,1,335.278,0.0219065
341,1,334.412,0.0223062
340.5,1,333.546,0.023134
340,1,332.679,0.0241148
339.5,1,331.813,0.0250162
339,1,330.947,0.0262957
338.5,1,330.081,0.0269378
338,1,329.215,0.0272603
337.5,1,328.349,0.0277391
337,1,327.483,0.0285961
336.5,1,326.617,0.0299665
336,1,325.751,0.0322092
335.5,1,324.885,0.0341919
335,1,324.019,0.0359117
334.5,1,323.153,0.0366532
334,1,322.287,0.0373334
333.5,1,321.421,0.0379699
333,1,320.555,0.0386284
332.5,1,319.689,0.0377365
332,1,318.823,0.0385199
331.5,1,317.957,0.0412015
331,1,317.091,0.0416664
330.5,1,316.225,0.0420881
330,1,315.359,0.0426329
329.5,1,314.493,0.0436001
329,1,313.627,0.0444367
328.5,1,312.761,0.0451133
328,1,311.895,0.0456124
327.5,1,311.029,0.0461631
327,1,310.163,0.0468057
326.5,1,309.297,0.0477091
326,1,308.431,0.0486427
325.5,1,307.565,0.049587
325,1,306.699,0.0505304
324.5,1,305.833,0.0516157
324,1,304.967,0.0528358
323.5,1,304.101,0.0541277
323,1,303.235,0.0554606
322.5,1,302.369,0.0568195
322,1,301.503,0.0586721
321.5,1,300.637,0.0606362
321,1,299.771,0.0626908
320.5,1,298.905,0.0638829
320,1,298.038,0.0644207
319.5,1,297.172,0.0650224
319,1,296.306,0.0650093
318.5,1,295.44,0.0641593
318,1,294.574,0.0635081
317.5,1,293.708,0.062943
317,1,292.842,0.059539
316.5,1,291.976,0.0630752
316,1,291.11,0.0648887
315.5,1,290.244,0.0675849
315,1,289.378,0.0693833
314.5,1,288.512,0.070558
314,1,287.646,0.0704888
313.5,1,286.78,0.0700962
313,1,285.914,0.0690703
312.5,1,285.048,0.0651093
312,1,284.182,0.0600104
311.5,1,283.316,0.0580882
311,1,282.45,0.0562855
310.5,1,281.584,0.0546488
310,1,280.718,0.0538252
309.5,1,279.852,0.0531799
309,1,278.986,0.0527129
308.5,1,278.12,0.0578454
308,1,277.254,0.0573933
307.5,1,276.388,0.0549077
307,1,275.522,0.0520177
306.5,1,274.656,0.0489443
306,1,273.79,0.0434005
305.5,1,272.924,0.0417101
305,1,272.058,0.040277
304.5,1,271.192,0.0391013
304,1,270.326,0.0378986
303.5,1,269.46,0.0365225
303,1,268.594,0.0355464
302.5,1,267.728,0.0318163
302,1,266.862,0.02889
301.5,1,265.996,0.0278113
301,1,265.13,0.0274645
300.5,1,264.263,0.0270914
300,1,263.397,0.0268505
299.5,1,262.531,0.0267192
299,1,261.665,0.0265004
298.5,1,260.799,0.0262357
298,1,259.933,0.0259923
297.5,1,259.067,0.0256801
297,1,258.201,0.0252589
296.5,1,257.335,0.0246545
296,1,256.469,0.0241145
295.5,1,255.603,0.0234859
295,1,254.737,0.022521
294.5,1,253.871,0.0215734
294,1,253.005,0.020643
293.5,1,252.139,0.0200378
293,1,251.273,0.0194933
292.5,1,250.407,0.0189697
292,1,249.541,0.0185666
291.5,1,248.675,0.0182358
291,1,247.809,0.0180004
290.5,1,246.943,0.0178953
290,1,246.077,0.0178234
289.5,1,245.211,0.0177581
289,1,244.345,0.017688
288.5,1,243.479,0.017602
288,1,242.613,0.0175076
287.5,1,241.747,0.0173783
287,1,240.881,0.0171764
286.5,1,240.015,0.0169661
286,1,239.149,0.0167482
285.5,1,238.283,0.0165273
285,1,237.417,0.0162985
284.5,1,236.551,0.0160689
284,1,235.685,0.0159279
283.5,1,234.819,0.0157941
283,1,233.953,0.0156634
282.5,1,233.087,0.0154168
282,1,232.221,0.0151722
281.5,1,231.355,0.0149378
281,1,230.488,0.0148223
280.5,1,229.622,0.0147786
280,1,228.756,0.0147248
279.5,1,227.89,0.0146507
279,1,227.024,0.0145986
278.5,1,226.158,0.0145775
278,1,225.292,0.0145305
277.5,1,224.426,0.0143679
277,1,223.56,0.0141939
276.5,1,222.694,0.014055
276,1,221.828,0.0141683
275.5,1,220.962,0.014309
275,1,220.096,0.0144723
274.5,1,219.23,0.0144534
274,1,218.364,0.0144242
273.5,1,217.498,0.0143796
273,1,216.632,0.0145022
272.5,1,215.766,0.0146928
272,1,214.9,0.0149256
271.5,1,214.034,0.0149437
271,1,213.168,0.0148741
270.5,1,212.302,0.0148121
270,1,211.436,0.0148975
269.5,1,210.57,0.0151105
269,1,209.704,0.0153302
268.5,1,208.838,0.0154271
268,1,207.972,0.0153366
267.5,1,207.106,0.0152476
267,1,206.24,0.0152044
266.5,1,205.374,0.0152966
266,1,204.508,0.0153721
265.5,1,203.642,0.0154267
265,1,202.776,0.0152878
264.5,1,201.91,0.0151569
264,1,201.044,0.0150339
263.5,1,200.178,0.0150901
263,1,199.312,0.0151573
262.5,1,198.446,0.0152238
262,1,197.58,0.0151582
261.5,1,196.714,0.0150462
261,1,195.847,0.0149234
260.5,1,194.981,0.014914
260,1,194.115,0.0150028
259.5,1,193.249,0.0151113
259,1,192.383,0.0151447
258.5,1,191.517,0.01507
258,1,190.651,0.0150177
257.5,1,189.785,0.0150872
257,1,188.919,0.015405
256.5,1,188.053,0.0157192
256,1,187.187,0.0159876
255.5,1,186.321,0.0159918
255,1,185.455,0.0160064
254.5,1,184.589,0.0160315
254,1,183.723,0.0163947
253.5,1,182.857,0.016742
253,1,181.991,0.0170657
252.5,1,181.125,0.0169849
252,1,180.259,0.016822
251.5,1,179.393,0.0166618
251,1,178.527,0.0166552
250.5,1,177.661,0.0167227
250,1,176.795,0.0167825
249.5,1,175.929,0.0166612
249,1,175.063,0.0163654
248.5,1,174.197,0.0160601
248,1,173.331,0.0159229
247.5,1,172.465,0.0161152
247,1,171.599,0.0163131
246.5,1,170.733,0.0164434
246,1,169.867,0.0163037
245.5,1,169.001,0.0161562
245,1,168.135,0.0160057
244.5,1,167.269,0.0160237
244,1,166.403,0.0160982
243.5,1,165.537,0.0162366
243,1,164.671,0.0162037
242.5,1,163.805,0.0161339
242,1,162.939,0.0160557
241.5,1,162.072,0.0161316
241,1,161.206,0.0162832
240.5,1,160.34,0.0164389
240,1,159.474,0.0163632
239.5,1,158.608,0.0160838
239,1,157.742,0.0157651
238.5,1,156.876,0.0154947
238,1,156.01,0.0153426
237.5,1,155.144,0.0152202
237,1,154.278,0.0151281
236.5,1,153.412,0.0150563
236,1,152.546,0.0149878
235.5,1,151.68,0.0149224
235,1,150.814,0.0150078
234.5,1,149.948,0.0150782
234,1,149.082,0.0151334
233.5,1,148.216,0.0150033
233,1,147.35,0.0148948
232.5,1,146.484,0.0148233
232,1,145.618,0.0148062
231.5,1,144.752,0.0147663
231,1,143.886,0.0146919
230.5,1,143.02,0.0148404
230,1,142.154,0.0151712
229.5,1,141.288,0.0155453
229,1,140.422,0.0156239
228.5,1,139.556,0.0152853
228,1,138.69,0.0149082
227.5,1,137.824,0.0148021
227,1,136.958,0.0153818
226.5,1,136.092,0.0159841
226,1,135.226,0.0164205
225.5,1,134.36,0.0157403
225,1,133.494,0.0150485
224.5,1,132.628,0.0143563
224,1,131.762,0.0150355
223.5,1,130.896,0.0157328
223,1,130.03,0.0164315
222.5,1,129.164,0.0163021
222,1,128.297,0.0159883
221.5,1,127.431,0.0156592
221,1,126.565,0.0157701
220.5,1,125.699,0.0161045
220,1,124.833,0.0164441
219.5,1,123.967,0.0164767
219,1,123.101,0.0162237
218.5,1,122.235,0.0159733
218,1,121.369,0.0158972
217.5,1,120.503,0.016128
217,1,119.637,0.0163531
216.5,1,118.771,0.0164745
216,1,117.905,0.0162279
215.5,1,117.039,0.0159919
215,1,116.173,0.0157859
214.5,1,115.307,0.0159944
214,1,114.441,0.016177
213.5,1,113.575,0.0163332
213,1,112.709,0.0161664
212.5,1,111.843,0.0159852
212,1,110.977,0.0158309
211.5,1,110.111,0.0157537
211,1,109.245,0.0156953
210.5,1,108.379,0.0156322
210,1,107.513,0.0156396
209.5,1,106.647,0.0157053
209,1,105.781,0.0157737
208.5,1,104.915,0.0157941
208,1,104.049,0.015741
207.5,1,103.183,0.0156811
207,1,102.317,0.015649
206.5,1,101.451,0.0157177
206,1,100.585,0.0157809
205.5,1,99.7187,0.0158231
205,1,98.8526,0.0157166
204.5,1,97.9866,0.0156134
204,1,97.1206,0.0155134
203.5,1,96.2546,0.015523
203,1,95.3885,0.0155362
202.5,1,94.5225,0.0155478
202,1,93.6565,0.0155226
201.5,1,92.7905,0.0154888
201,1,91.9244,0.0154564
200.5,1,91.0584,0.0154598
200,1,90.1924,0.0154878
