x,y,z,b
500,1,609.808,0.0117161
499.5,1,608.942,0.0117012
499,1,608.076,0.0116904
498.5,1,607.21,0.0116823
498,1,606.344,0.0116773
497.5,1,605.477,0.0116674
497,1,604.611,0.0116312
496.5,1,603.745,0.011597
496,1,602.879,0.0115633
495.5,1,602.013,0.0115359
495,1,601.147,0.0115118
494.5,1,600.281,0.0114909
494,1,599.415,0.0114656
493.5,1,598.549,0.0114442
493,1,597.683,0.0114258
492.5,1,596.817,0.011389
492,1,595.951,0.0113452
491.5,1,595.085,0.0113021
491,1,594.219,0.011258
490.5,1,593.353,0.0112074
490,1,592.487,0.011149
489.5,1,591.621,0.0111051
489,1,590.755,0.011085
488.5,1,589.889,0.0110586
488,1,589.023,0.0110464
487.5,1,588.157,0.0110795
487,1,587.291,0.0110986
486.5,1,586.425,0.0111166
486,1,585.559,0.0112313
485.5,1,584.693,0.0113482
485,1,583.827,0.011459
484.5,1,582.961,0.0116516
484,1,582.095,0.0118713
483.5,1,581.229,0.0121145
483,1,580.363,0.0124041
482.5,1,579.497,0.0127059
482,1,578.631,0.0130056
481.5,1,577.765,0.0132902
481,1,576.899,0.0135649
480.5,1,576.033,0.0138467
480,1,575.167,0.0140628
479.5,1,574.301,0.0141973
479,1,573.435,0.0143331
478.5,1,572.569,0.0144389
478,1,571.703,0.0144753
477.5,1,570.836,0.0145112
477,1,569.97,0.0145383
476.5,1,569.104,0.014527
476,1,568.238,0.0145144
475.5,1,567.372,0.0145001
475,1,566.506,0.0144462
474.5,1,565.64,0.0143823
474,1,564.774,0.0143025
473.5,1,563.908,0.0142024
473,1,563.042,0.0140915
472.5,1,562.176,0.013971
472,1,561.31,0.0138642
471.5,1,560.444,0.0137661
471,1,559.578,0.0136586
470.5,1,558.712,0.0135553
470,1,557.846,0.0134827
469.5,1,556.98,0.0134414
469,1,556.114,0.0133676
468.5,1,555.248,0.0131856
468,1,554.382,0.0130235
467.5,1,553.516,0.0128857
467,1,552.65,0.0127577
466.5,1,551.784,0.0126237
466,1,550.918,0.0124909
465.5,1,550.052,0.0124101
465,1,549.186,0.0123198
464.5,1,548.32,0.0122201
464,1,547.454,0.012241
463.5,1,546.588,0.0122516
463,1,545.722,0.0122624
462.5,1,544.856,0.0123869
462,1,543.99,0.0125129
461.5,1,543.124,0.0125952
461,1,542.258,0.012775
460.5,1,541.392,0.0130551
460,1,540.526,0.0133204
459.5,1,539.66,0.0135317
459,1,538.794,0.0137291
458.5,1,537.928,0.0139626
458,1,537.061,0.0141877
457.5,1,536.195,0.0142973
457,1,535.329,0.0144589
456.5,1,534.463,0.0146492
456,1,533.597,0.0147072
455.5,1,532.731,0.0147836
455,1,531.865,0.0148673
454.5,1,530.999,0.0149559
454,1,530.133,0.0150552
453.5,1,529.267,0.0151656
453,1,528.401,0.0151926
452.5,1,527.535,0.0152092
452,1,526.669,0.0152146
451.5,1,525.803,0.0152187
451,1,524.937,0.0152232
450.5,1,524.071,0.0152335
450,1,523.205,0.0152161
449.5,1,522.339,0.0151606
449,1,521.473,0.0151043
448.5,1,520.607,0.0150823
448,1,519.741,0.015118
447.5,1,518.875,0.0151552
447,1,518.009,0.0151912
446.5,1,517.143,0.0152134
446,1,516.277,0.0152378
445.5,1,515.411,0.0152643
445,1,514.545,0.0152852
444.5,1,513.679,0.0153123
444,1,512.813,0.015342
443.5,1,511.947,0.0153985
443,1,511.081,0.0154574
442.5,1,510.215,0.015515
442,1,509.349,0.0155611
441.5,1,508.483,0.0156155
441,1,507.617,0.0156742
440.5,1,506.751,0.0157186
440,1,505.885,0.0157469
439.5,1,505.019,0.0157772
439,1,504.153,0.0158183
438.5,1,503.286,0.0158683
438,1,502.42,0.0159193
437.5,1,501.554,0.0159621
437,1,500.688,0.0159669
436.5,1,499.822,0.015972
436,1,498.956,0.0159745
435.5,1,498.09,0.0159687
435,1,497.224,0.0159638
434.5,1,496.358,0.0159598
434,1,495.492,0.0159595
433.5,1,494.626,0.0159659
433,1,493.76,0.015975
432.5,1,492.894,0.0160179
432,1,492.028,0.016064
431.5,1,491.162,0.0161032
431,1,490.296,0.0160751
430.5,1,489.43,0.0159799
430,1,488.564,0.0158176
429.5,1,487.698,0.0155871
429,1,486.832,0.0152977
428.5,1,485.966,0.0149837
428,1,485.1,0.0146852
427.5,1,484.234,0.0144749
427,1,483.368,0.0142788
426.5,1,482.502,0.014122
426,1,481.636,0.0141316
425.5,1,480.77,0.0141424
425,1,479.904,0.0141787
424.5,1,479.038,0.0144643
424,1,478.172,0.0147597
423.5,1,477.306,0.0150599
423,1,476.44,0.0154057
422.5,1,475.574,0.0157498
422,1,474.708,0.0161109
421.5,1,473.842,0.0165407
421,1,472.976,0.0169947
420.5,1,472.11,0.0174302
420,1,471.244,0.0178603
419.5,1,470.378,0.0182819
419,1,469.512,0.0186781
418.5,1,468.645,0.0190561
418,1,467.779,0.0194332
417.5,1,466.913,0.0197953
417,1,466.047,0.0201461
416.5,1,465.181,0.0204915
416,1,464.315,0.0208212
415.5,1,463.449,0.0211336
415,1,462.583,0.0213825
414.5,1,461.717,0.021635
414,1,460.851,0.0218672
413.5,1,459.985,0.0217644
413,1,459.119,0.0215941
412.5,1,458.253,0.0213992
412,1,457.387,0.0211336
411.5,1,456.521,0.0208509
411,1,455.655,0.0206892
410.5,1,454.789,0.0208032
410,1,453.923,0.0211426
409.5,1,453.057,0.0215287
409,1,452.191,0.0219772
408.5,1,451.325,0.0225781
408,1,450.459,0.0233297
407.5,1,449.593,0.0241109
407,1,448.727,0.0247099
406.5,1,447.861,0.0253095
406,1,446.995,0.025864
405.5,1,446.129,0.0259465
405,1,445.263,0.0259937
404.5,1,444.397,0.0260054
404,1,443.531,0.0265804
403.5,1,442.665,0.0271801
403,1,441.799,0.027963
402.5,1,440.933,0.0293885
402,1,440.067,0.0313321
401.5,1,439.201,0.0337224
401,1,438.335,0.0359072
400.5,1,437.469,0.037336
400,1,436.603,0.0380406
399.5,1,435.737,0.0384372
399,1,434.87,0.0387527
398.5,1,434.004,0.0386621
398,1,433.138,0.0382543
397.5,1,432.272,0.0375921
397,1,431.406,0.0364942
396.5,1,430.54,0.0351155
396,1,429.674,0.0344796
395.5,1,428.808,0.0348688
395,1,427.942,0.0349648
394.5,1,427.076,0.0357598
394,1,426.21,0.0394863
393.5,1,425.344,0.0406809
393,1,424.478,0.0415763
392.5,1,423.612,0.0427519
392,1,422.746,0.0442409
391.5,1,421.88,0.0478629
391,1,421.014,0.0524293
390.5,1,420.148,0.0569603
390,1,419.282,0.0593212
389.5,1,418.416,0.0596199
389,1,417.55,0.059819
388.5,1,416.684,0.0597933
388,1,415.818,0.0593897
387.5,1,414.952,0.0587525
387,1,414.086,0.0585663
386.5,1,413.22,0.0584425
386,1,412.354,0.0586001
385.5,1,411.488,0.0588154
385,1,410.622,0.0586761
384.5,1,409.756,0.0585138
384,1,408.89,0.0583287
383.5,1,408.024,0.0581206
383,1,407.158,0.0579088
382.5,1,406.292,0.0564516
382,1,405.426,0.0561741
381.5,1,404.56,0.0572078
381,1,403.694,0.0569046
380.5,1,402.828,0.0565667
380,1,401.962,0.0561987
379.5,1,401.095,0.0565128
379,1,400.229,0.0569622
378.5,1,399.363,0.057541
378,1,398.497,0.0582493
377.5,1,397.631,0.059087
377,1,396.765,0.0600542
376.5,1,395.899,0.0607484
376,1,395.033,0.0611975
375.5,1,394.167,0.0615599
375,1,393.301,0.0618354
374.5,1,392.435,0.0620884
374,1,391.569,0.0625643
373.5,1,390.703,0.06279
373,1,389.837,0.0624842
372.5,1,388.971,0.0621462
372,1,388.105,0.0617761
371.5,1,387.239,0.0613738
371,1,386.373,0.0609393
370.5,1,385.507,0.0605173
370,1,384.641,0.0609973
369.5,1,383.775,0.0614617
369,1,382.909,0.0617269
368.5,1,382.043,0.060746
368,1,381.177,0.0604602
367.5,1,380.311,0.0595759
367,1,379.445,0.0583407
366.5,1,378.579,0.0573899
366,1,377.713,0.0577107
365.5,1,376.847,0.0583024
365,1,375.981,0.0591845
364.5,1,375.115,0.0596072
364,1,374.249,0.0599166
363.5,1,373.383,0.0601163
363,1,372.517,0.0594089
362.5,1,371.651,0.0585893
362,1,370.785,0.0575838
361.5,1,369.919,0.0561882
361,1,369.053,0.0545786
360.5,1,368.187,0.0522225
360,1,367.321,0.0506553
359.5,1,366.454,0.0511691
359,1,365.588,0.051971
358.5,1,364.722,0.0521305
358,1,363.856,0.0524383
357.5,1,362.99,0.0529418
357,1,362.124,0.0534198
356.5,1,361.258,0.0531275
356,1,360.392,0.0530861
355.5,1,359.526,0.0533479
355,1,358.66,0.0530529
354.5,1,357.794,0.0528499
354,1,356.928,0.052724
353.5,1,356.062,0.0547215
353,1,355.196,0.0564945
352.5,1,354.33,0.0577596
352,1,353.464,0.0584342
351.5,1,352.598,0.0585465
351,1,351.732,0.0588444
350.5,1,350.866,0.0586529
350,1,350,0.0577458
349.5,1,349.134,0.0563684
349,1,348.268,0.0547642
348.5,1,347.402,0.053713
348,1,346.536,0.0525081
347.5,1,345.67,0.0508067
347,1,344.804,0.049043
346.5,1,343.938,0.0473712
346,1,343.072,0.0455298
345.5,1,342.206,0.0421848
345,1,341.34,0.0421272
344.5,1,340.474,0.0394551
344,1,339.608,0.0360905
343.5,1,338.742,0.0317269
343,1,337.876,0.0297295
342.5,1,337.01,0.0294691
342,1,336.144,0.0307522
341.5,1,335.278,0.0320863
341,1,334.412,0.0331656
340.5,1,333.546,0.0337983
340,1,332.679,0.0343821
339.5,1,331.813,0.0351015
339,1,330.947,0.0352872
338.5,1,330.081,0.0355215
338,1,329.215,0.0361553
337.5,1,328.349,0.0369282
337,1,327.483,0.0378443
336.5,1,326.617,0.0387438
336,1,325.751,0.0394637
335.5,1,324.885,0.0395485
335,1,324.019,0.0397335
334.5,1,323.153,0.0404538
334,1,322.287,0.0417935
333.5,1,321.421,0.0432597
333,1,320.555,0.0445142
332.5,1,319.689,0.0446128
332,1,318.823,0.044307
331.5,1,317.957,0.0438644
331,1,317.091,0.0450549
330.5,1,316.225,0.0471488
330,1,315.359,0.0505165
329.5,1,314.493,0.0517678
329,1,313.627,0.0522228
328.5,1,312.761,0.0531554
328,1,311.895,0.0546946
327.5,1,311.029,0.0558585
327,1,310.163,0.0571169
326.5,1,309.297,0.0585637
326,1,308.431,0.0604588
325.5,1,307.565,0.0623884
325,1,306.699,0.0645447
324.5,1,305.833,0.0664913
324,1,304.967,0.0682129
323.5,1,304.101,0.0696143
323,1,303.235,0.0703665
322.5,1,302.369,0.0732028
322,1,301.503,0.0663697
321.5,1,300.637,0.0569293
321,1,299.771,0.0506219
320.5,1,298.905,0.0488088
320,1,298.038,0.0491219
319.5,1,297.172,0.0492718
319,1,296.306,0.0490614
318.5,1,295.44,0.049453
318,1,294.574,0.0507805
317.5,1,293.708,0.0526013
317,1,292.842,0.0546628
316.5,1,291.976,0.0566098
316,1,291.11,0.0583445
315.5,1,290.244,0.0586912
315,1,289.378,0.0586127
314.5,1,288.512,0.0584289
314,1,287.646,0.0578376
313.5,1,286.78,0.0571491
313,1,285.914,0.0564579
312.5,1,285.048,0.0562861
312,1,284.182,0.0563765
311.5,1,283.316,0.0567178
311,1,282.45,0.0570052
310.5,1,281.584,0.0571648
310,1,280.718,0.0569007
309.5,1,279.852,0.0555065
309,1,278.986,0.0531588
308.5,1,278.12,0.0506558
308,1,277.254,0.0481948
307.5,1,276.388,0.0462363
307,1,275.522,0.0442133
306.5,1,274.656,0.0422718
306,1,273.79,0.0400997
305.5,1,272.924,0.0380039
305,1,272.058,0.0359593
304.5,1,271.192,0.032827
304,1,270.326,0.0304602
303.5,1,269.46,0.0287486
303,1,268.594,0.0280764
302.5,1,267.728,0.026836
302,1,266.862,0.0247803
301.5,1,265.996,0.0243358
301,1,265.13,0.0250071
300.5,1,264.263,0.0259288
300,1,263.397,0.0264287
299.5,1,262.531,0.0264041
299,1,261.665,0.0262095
298.5,1,260.799,0.0256197
298,1,259.933,0.0246442
297.5,1,259.067,0.023713
297,1,258.201,0.022633
296.5,1,257.335,0.0208316
296,1,256.469,0.0190832
295.5,1,255.603,0.017563
295,1,254.737,0.0163658
294.5,1,253.871,0.015061
294,1,253.005,0.0136486
293.5,1,252.139,0.0131551
293,1,251.273,0.0127563
292.5,1,250.407,0.0123576
292,1,249.541,0.0122851
291.5,1,248.675,0.0123062
291,1,247.809,0.012297
290.5,1,246.943,0.0123209
290,1,246.077,0.0123868
289.5,1,245.211,0.0124489
289,1,244.345,0.0125045
288.5,1,243.479,0.0125535
288,1,242.613,0.0125913
287.5,1,241.747,0.0126323
287,1,240.881,0.0126822
286.5,1,240.015,0.0127339
286,1,239.149,0.0127927
285.5,1,238.283,0.0128809
285,1,237.417,0.0129577
284.5,1,236.551,0.0130335
284,1,235.685,0.0131471
283.5,1,234.819,0.0132546
283,1,233.953,0.0133544
282.5,1,233.087,0.0134322
282,1,232.221,0.0135094
281.5,1,231.355,0.0135852
281,1,230.488,0.0136077
280.5,1,229.622,0.0135987
280,1,228.756,0.0135813
279.5,1,227.89,0.0135724
279,1,227.024,0.0135802
278.5,1,226.158,0.0135947
278,1,225.292,0.0136164
277.5,1,224.426,0.0136457
277,1,223.56,0.013696
276.5,1,222.694,0.013768
276,1,221.828,0.0139004
275.5,1,220.962,0.0140433
275,1,220.096,0.014195
274.5,1,219.23,0.014273
274,1,218.364,0.0143355
273.5,1,217.498,0.0143819
273,1,216.632,0.0144424
272.5,1,215.766,0.0145057
272,1,214.9,0.0145686
271.5,1,214.034,0.0145431
271,1,213.168,0.0144758
270.5,1,212.302,0.014403
270,1,211.436,0.0143881
269.5,1,210.57,0.0144266
269,1,209.704,0.0144687
268.5,1,208.838,0.0144583
268,1,207.972,0.014367
267.5,1,207.106,0.0142774
267,1,206.24,0.0142155
266.5,1,205.374,0.0142374
266,1,204.508,0.0142566
265.5,1,203.642,0.0142666
265,1,202.776,0.014173
264.5,1,201.91,0.0140798
264,1,201.044,0.013987
263.5,1,200.178,0.0140229
263,1,199.312,0.0140674
262.5,1,198.446,0.0141099
262,1,197.58,0.0140833
261.5,1,196.714,0.014033
261,1,195.847,0.0139801
260.5,1,194.981,0.0140023
260,1,194.115,0.014066
259.5,1,193.249,0.0141215
259,1,192.383,0.0141425
258.5,1,191.517,0.0141377
258,1,190.651,0.0141507
257.5,1,189.785,0.0141954
257,1,188.919,0.0142702
256.5,1,188.053,0.0143335
256,1,187.187,0.0143919
255.5,1,186.321,0.0144945
255,1,185.455,0.0146132
254.5,1,184.589,0.014752
254,1,183.723,0.014792
253.5,1,182.857,0.0148151
253,1,181.991,0.0148234
252.5,1,181.125,0.0149205
252,1,180.259,0.0150576
251.5,1,179.393,0.0152149
251,1,178.527,0.0152306
250.5,1,177.661,0.0151505
250,1,176.795,0.0150485
249.5,1,175.929,0.0150821
249,1,175.063,0.0152791
248.5,1,174.197,0.0154939
248,1,173.331,0.0156052
247.5,1,172.465,0.0154914
247,1,171.599,0.0153635
246.5,1,170.733,0.0152808
246,1,169.867,0.0153976
245.5,1,169.001,0.0155193
245,1,168.135,0.0156383
244.5,1,167.269,0.0155425
244,1,166.403,0.0154485
243.5,1,165.537,0.0153619
243,1,164.671,0.0154808
242.5,1,163.805,0.0156222
242,1,162.939,0.0157573
241.5,1,162.072,0.0157112
241,1,161.206,0.0156083
240.5,1,160.34,0.0155147
240,1,159.474,0.0155183
239.5,1,158.608,0.0155895
239,1,157.742,0.0156501
238.5,1,156.876,0.0156405
238,1,156.01,0.0155408
237.5,1,155.144,0.015442
237,1,154.278,0.0153769
236.5,1,153.412,0.0154084
236,1,152.546,0.0154298
235.5,1,151.68,0.0154353
235,1,150.814,0.0153145
234.5,1,149.948,0.015198
234,1,149.082,0.0150858
233.5,1,148.216,0.0150997
233,1,147.35,0.0151211
232.5,1,146.484,0.015141
232,1,145.618,0.0150754
231.5,1,144.752,0.0149892
231,1,143.886,0.0149077
230.5,1,143.02,0.0149363
230,1,142.154,0.0150341
229.5,1,141.288,0.0151372
229,1,140.422,0.0151675
228.5,1,139.556,0.0151133
228,1,138.69,0.0150689
227.5,1,137.824,0.0150849
227,1,136.958,0.0152232
226.5,1,136.092,0.015356
226,1,135.226,0.0154527
225.5,1,134.36,0.0153704
225,1,133.494,0.01529
224.5,1,132.628,0.0152122
224,1,131.762,0.0153699
223.5,1,130.896,0.0155204
223,1,130.03,0.0156609
222.5,1,129.164,0.0155704
222,1,128.297,0.0154399
221.5,1,127.431,0.0153164
221,1,126.565,0.0153265
220.5,1,125.699,0.0153905
220,1,124.833,0.0154436
219.5,1,123.967,0.0153988
219,1,123.101,0.0152747
218.5,1,122.235,0.015156
218,1,121.369,0.0151059
217.5,1,120.503,0.0151641
217,1,119.637,0.0152118
216.5,1,118.771,0.0152092
216,1,117.905,0.0150393
215.5,1,117.039,0.014873
215,1,116.173,0.014717
214.5,1,115.307,0.0147035
214,1,114.441,0.014688
213.5,1,113.575,0.0146692
213,1,112.709,0.0145699
212.5,1,111.843,0.0144625
212,1,110.977,0.0143572
211.5,1,110.111,0.0143803
211,1,109.245,0.014449
210.5,1,108.379,0.0145171
210,1,107.513,0.0144712
209.5,1,106.647,0.0143414
209,1,105.781,0.0142141
208.5,1,104.915,0.0141583
208,1,104.049,0.014201
207.5,1,103.183,0.0142448
207,1,102.317,0.014257
206.5,1,101.451,0.0141768
206,1,100.585,0.0140998
205.5,1,99.7187,0.0140429
205,1,98.8526,0.0141538
204.5,1,97.9866,0.0142671
204,1,97.1206,0.0143828
203.5,1,96.2546,0.0143043
203,1,95.3885,0.0142122
202.5,1,94.5225,0.014119
202,1,93.6565,0.0141592
201.5,1,92.7905,0.014236
201,1,91.9244,0.0143124
200.5,1,91.0584,0.0142736
200,1,90.1924,0.0141662
