x,y,z,b
500,1,609.808,0.0115877
499.5,1,608.942,0.0115972
499,1,608.076,0.0115926
498.5,1,607.21,0.0115651
498,1,606.344,0.0115398
497.5,1,605.477,0.0115265
497,1,604.611,0.0115495
496.5,1,603.745,0.011572
496,1,602.879,0.0115927
495.5,1,602.013,0.0116
495,1,601.147,0.0116101
494.5,1,600.281,0.0116229
494,1,599.415,0.0116101
493.5,1,598.549,0.0115942
493,1,597.683,0.0115744
492.5,1,596.817,0.0115673
492,1,595.951,0.0115653
491.5,1,595.085,0.0115641
491,1,594.219,0.0115707
490.5,1,593.353,0.0115784
490,1,592.487,0.0115837
489.5,1,591.621,0.0115872
489,1,590.755,0.0115882
488.5,1,589.889,0.011588
488,1,589.023,0.0115824
487.5,1,588.157,0.0115624
487,1,587.291,0.0115407
486.5,1,586.425,0.0115214
486,1,585.559,0.0115323
485.5,1,584.693,0.0115402
485,1,583.827,0.0115439
484.5,1,582.961,0.0115043
484,1,582.095,0.0114691
483.5,1,581.229,0.0114404
483,1,580.363,0.0115425
482.5,1,579.497,0.0116791
482,1,578.631,0.0118148
481.5,1,577.765,0.011923
481,1,576.899,0.0120284
480.5,1,576.033,0.0121443
480,1,575.167,0.0122116
479.5,1,574.301,0.0122118
479,1,573.435,0.012204
478.5,1,572.569,0.0121875
478,1,571.703,0.0121652
477.5,1,570.836,0.0121429
477,1,569.97,0.0121243
476.5,1,569.104,0.0121225
476,1,568.238,0.0121156
475.5,1,567.372,0.0121037
475,1,566.506,0.0121121
474.5,1,565.64,0.0121277
474,1,564.774,0.0121544
473.5,1,563.908,0.0121135
473,1,563.042,0.012063
472.5,1,562.176,0.0120161
472,1,561.31,0.0121314
471.5,1,560.444,0.0123101
471,1,559.578,0.0124807
470.5,1,558.712,0.0125689
470,1,557.846,0.0125971
469.5,1,556.98,0.0126309
469,1,556.114,0.0127172
468.5,1,555.248,0.0128658
468,1,554.382,0.012994
467.5,1,553.516,0.0130684
467,1,552.65,0.0130231
466.5,1,551.784,0.0129848
466,1,550.918,0.0129596
465.5,1,550.052,0.0130189
465,1,549.186,0.0130672
464.5,1,548.32,0.0131043
464,1,547.454,0.0131095
463.5,1,546.588,0.0131223
463,1,545.722,0.0131471
462.5,1,544.856,0.0131861
462,1,543.99,0.0132195
461.5,1,543.124,0.0132439
461,1,542.258,0.0132757
460.5,1,541.392,0.0133155
460,1,540.526,0.0133505
459.5,1,539.66,0.0133931
459,1,538.794,0.0134429
458.5,1,537.928,0.0134821
458,1,537.061,0.0135198
457.5,1,536.195,0.0135828
457,1,535.329,0.0136475
456.5,1,534.463,0.013703
456,1,533.597,0.0136829
455.5,1,532.731,0.0136652
455,1,531.865,0.0136594
454.5,1,530.999,0.0136305
454,1,530.133,0.0136126
453.5,1,529.267,0.013607
453,1,528.401,0.0136113
452.5,1,527.535,0.0136353
452,1,526.669,0.0137038
451.5,1,525.803,0.0138818
451,1,524.937,0.0140881
450.5,1,524.071,0.01427
450,1,523.205,0.0143794
449.5,1,522.339,0.0144207
449,1,521.473,0.0144519
448.5,1,520.607,0.0144751
448,1,519.741,0.0144923
447.5,1,518.875,0.0145092
447,1,518.009,0.0145494
446.5,1,517.143,0.0147022
446,1,516.277,0.0148609
445.5,1,515.411,0.015024
445,1,514.545,0.0151159
444.5,1,513.679,0.0151982
444,1,512.813,0.0152715
443.5,1,511.947,0.0152824
443,1,511.081,0.0152908
442.5,1,510.215,0.015307
442,1,509.349,0.0154041
441.5,1,508.483,0.0155797
441,1,507.617,0.0158327
440.5,1,506.751,0.0164249
440,1,505.885,0.0172799
439.5,1,505.019,0.0181592
439,1,504.153,0.019132
438.5,1,503.286,0.0201766
438,1,502.42,0.0211915
437.5,1,501.554,0.0221624
437,1,500.688,0.0230207
436.5,1,499.822,0.0238411
436,1,498.956,0.0246041
435.5,1,498.09,0.0251521
435,1,497.224,0.0256762
434.5,1,496.358,0.0261764
434,1,495.492,0.0266751
433.5,1,494.626,0.0271564
433,1,493.76,0.0276296
432.5,1,492.894,0.0281437
432,1,492.028,0.0286402
431.5,1,491.162,0.0290992
431,1,490.296,0.0295407
430.5,1,489.43,0.0299473
430,1,488.564,0.0303017
429.5,1,487.698,0.0306323
429,1,486.832,0.0309619
428.5,1,485.966,0.0312818
428,1,485.1,0.0316188
427.5,1,484.234,0.0321585
427,1,483.368,0.0326938
426.5,1,482.502,0.0331738
426,1,481.636,0.0334074
425.5,1,480.77,0.0335354
425,1,479.904,0.0335773
424.5,1,479.038,0.0334216
424,1,478.172,0.0331809
423.5,1,477.306,0.0328584
423,1,476.44,0.0322339
422.5,1,475.574,0.0315054
422,1,474.708,0.0313621
421.5,1,473.842,0.0315341
421,1,472.976,0.0327627
420.5,1,472.11,0.0324763
420,1,471.244,0.0321333
419.5,1,470.378,0.0317336
419,1,469.512,0.0312772
418.5,1,468.645,0.0307642
418,1,467.779,0.0303029
417.5,1,466.913,0.0300623
417,1,466.047,0.0298612
416.5,1,465.181,0.0296328
416,1,464.315,0.0293771
415.5,1,463.449,0.029094
415,1,462.583,0.0287837
414.5,1,461.717,0.0284412
414,1,460.851,0.0281177
413.5,1,459.985,0.0278389
413,1,459.119,0.0271615
412.5,1,458.253,0.0265915
412,1,457.387,0.0264872
411.5,1,456.521,0.0265542
411,1,455.655,0.0267173
410.5,1,454.789,0.0271823
410,1,453.923,0.0278694
409.5,1,453.057,0.0285733
409,1,452.191,0.0294766
408.5,1,451.325,0.0306496
408,1,450.459,0.0317412
407.5,1,449.593,0.0327536
407,1,448.727,0.0338834
406.5,1,447.861,0.035194
406,1,446.995,0.0367079
405.5,1,446.129,0.0383075
405,1,445.263,0.0398228
404.5,1,444.397,0.0421703
404,1,443.531,0.0432278
403.5,1,442.665,0.0441734
403,1,441.799,0.045007
402.5,1,440.933,0.0457287
402,1,440.067,0.0465022
401.5,1,439.201,0.0482096
401,1,438.335,0.0499714
400.5,1,437.469,0.04998
400,1,436.603,0.0496552
399.5,1,435.737,0.0499604
399,1,434.87,0.0504488
398.5,1,434.004,0.0509034
398,1,433.138,0.0520064
397.5,1,432.272,0.0563119
397,1,431.406,0.0611701
396.5,1,430.54,0.0659822
396,1,429.674,0.069866
395.5,1,428.808,0.0730029
395,1,427.942,0.0753143
394.5,1,427.076,0.0761126
394,1,426.21,0.0768174
393.5,1,425.344,0.077442
393,1,424.478,0.076902
392.5,1,423.612,0.07563
392,1,422.746,0.0733948
391.5,1,421.88,0.0704062
391,1,421.014,0.0674063
390.5,1,420.148,0.0654845
390,1,419.282,0.0648107
389.5,1,418.416,0.06458
389,1,417.55,0.0646011
388.5,1,416.684,0.0648143
388,1,415.818,0.0651508
387.5,1,414.952,0.0655361
387,1,414.086,0.0654962
386.5,1,413.22,0.0657829
386,1,412.354,0.0658968
385.5,1,411.488,0.0657443
385,1,410.622,0.0656066
384.5,1,409.756,0.0656353
384,1,408.89,0.0657704
383.5,1,408.024,0.0659731
383,1,407.158,0.0662354
382.5,1,406.292,0.0664054
382,1,405.426,0.0670745
381.5,1,404.56,0.0678789
381,1,403.694,0.0684993
380.5,1,402.828,0.0689969
380,1,401.962,0.069395
379.5,1,401.095,0.0690872
379,1,400.229,0.0696045
378.5,1,399.363,0.0704478
378,1,398.497,0.0714048
377.5,1,397.631,0.0724756
377,1,396.765,0.0736972
376.5,1,395.899,0.0745637
376,1,395.033,0.0750378
375.5,1,394.167,0.077104
375,1,393.301,0.0790028
374.5,1,392.435,0.081016
374,1,391.569,0.082873
373.5,1,390.703,0.0841592
373,1,389.837,0.085541
372.5,1,388.971,0.0871097
372,1,388.105,0.0889263
371.5,1,387.239,0.0903995
371,1,386.373,0.0909508
370.5,1,385.507,0.091198
370,1,384.641,0.0912769
369.5,1,383.775,0.0914166
369,1,382.909,0.0915123
368.5,1,382.043,0.0917314
368,1,381.177,0.0923258
367.5,1,380.311,0.0937127
367,1,379.445,0.0948938
366.5,1,378.579,0.0953468
366,1,377.713,0.0937175
365.5,1,376.847,0.0916051
365,1,375.981,0.0901957
364.5,1,375.115,0.0814825
364,1,374.249,0.0732856
363.5,1,373.383,0.0639939
363,1,372.517,0.0522752
362.5,1,371.651,0.055342
362,1,370.785,0.058636
361.5,1,369.919,0.0634353
361,1,369.053,0.0642752
360.5,1,368.187,0.0641711
360,1,367.321,0.0632002
359.5,1,366.454,0.0617458
359,1,365.588,0.0612675
358.5,1,364.722,0.0593172
358,1,363.856,0.0547108
357.5,1,362.99,0.0491
357,1,362.124,0.0430949
356.5,1,361.258,0.0396473
356,1,360.392,0.0360182
355.5,1,359.526,0.0319893
355,1,358.66,0.0308053
354.5,1,357.794,0.0297229
354,1,356.928,0.0286948
353.5,1,356.062,0.0284364
353,1,355.196,0.0284287
352.5,1,354.33,0.02857
352,1,353.464,0.0290384
351.5,1,352.598,0.0297901
351,1,351.732,0.030811
350.5,1,350.866,0.0317099
350,1,350,0.0324105
349.5,1,349.134,0.032679
349,1,348.268,0.0329171
348.5,1,347.402,0.0328899
348,1,346.536,0.0319217
347.5,1,345.67,0.0314916
347,1,344.804,0.0315195
346.5,1,343.938,0.0296171
346,1,343.072,0.0298178
345.5,1,342.206,0.0300033
345,1,341.34,0.0297535
344.5,1,340.474,0.0290618
344,1,339.608,0.0283365
343.5,1,338.742,0.0274497
343,1,337.876,0.0266902
342.5,1,337.01,0.0260529
342,1,336.144,0.0255007
341.5,1,335.278,0.0247791
341,1,334.412,0.02369
340.5,1,333.546,0.0223569
340,1,332.679,0.0209569
339.5,1,331.813,0.0195046
339,1,330.947,0.0184926
338.5,1,330.081,0.0176611
338,1,329.215,0.0173296
337.5,1,328.349,0.0172759
337,1,327.483,0.0173952
336.5,1,326.617,0.0178171
336,1,325.751,0.0195196
335.5,1,324.885,0.0230568
335,1,324.019,0.0262413
334.5,1,323.153,0.028788
334,1,322.287,0.0276366
333.5,1,321.421,0.0289733
333,1,320.555,0.0296942
332.5,1,319.689,0.0324287
332,1,318.823,0.0348561
331.5,1,317.957,0.0357048
331,1,317.091,0.0358812
330.5,1,316.225,0.0361539
330,1,315.359,0.0364678
329.5,1,314.493,0.0367939
329,1,313.627,0.0371761
328.5,1,312.761,0.0374783
328,1,311.895,0.0377641
327.5,1,311.029,0.0377563
327,1,310.163,0.0378394
326.5,1,309.297,0.0376861
326,1,308.431,0.0375533
325.5,1,307.565,0.0374096
325,1,306.699,0.037231
324.5,1,305.833,0.0369127
324,1,304.967,0.0365843
323.5,1,304.101,0.0362677
323,1,303.235,0.036262
322.5,1,302.369,0.0368555
322,1,301.503,0.0374077
321.5,1,300.637,0.0378345
321,1,299.771,0.0381001
320.5,1,298.905,0.0383572
320,1,298.038,0.0385482
319.5,1,297.172,0.038649
319,1,296.306,0.0384794
318.5,1,295.44,0.0380193
318,1,294.574,0.0373053
317.5,1,293.708,0.036638
317,1,292.842,0.0358924
316.5,1,291.976,0.0352668
316,1,291.11,0.0347392
315.5,1,290.244,0.0342387
315,1,289.378,0.0337654
314.5,1,288.512,0.0333191
314,1,287.646,0.0336125
313.5,1,286.78,0.0342792
313,1,285.914,0.0352201
312.5,1,285.048,0.0360536
312,1,284.182,0.0361161
311.5,1,283.316,0.0361686
311,1,282.45,0.0362949
310.5,1,281.584,0.0365089
310,1,280.718,0.0366178
309.5,1,279.852,0.03647
309,1,278.986,0.0360949
308.5,1,278.12,0.0352452
308,1,277.254,0.0346057
307.5,1,276.388,0.0340536
307,1,275.522,0.0335224
306.5,1,274.656,0.0328767
306,1,273.79,0.032113
305.5,1,272.924,0.02742
305,1,272.058,0.0243731
304.5,1,271.192,0.0237047
304,1,270.326,0.0229963
303.5,1,269.46,0.0222625
303,1,268.594,0.021459
302.5,1,267.728,0.0206431
302,1,266.862,0.0198167
301.5,1,265.996,0.0192714
301,1,265.13,0.0189128
300.5,1,264.263,0.0186293
300,1,263.397,0.0182995
299.5,1,262.531,0.0177926
299,1,261.665,0.0172591
298.5,1,260.799,0.0168846
298,1,259.933,0.0166682
297.5,1,259.067,0.0164493
297,1,258.201,0.0162362
296.5,1,257.335,0.0160954
296,1,256.469,0.0160139
295.5,1,255.603,0.0159407
295,1,254.737,0.0159306
294.5,1,253.871,0.0159344
294,1,253.005,0.0159523
293.5,1,252.139,0.015897
293,1,251.273,0.015845
292.5,1,250.407,0.015804
292,1,249.541,0.015654
291.5,1,248.675,0.0154647
291,1,247.809,0.0152721
290.5,1,246.943,0.0151049
290,1,246.077,0.0149557
289.5,1,245.211,0.0148051
289,1,244.345,0.014693
288.5,1,243.479,0.0146302
288,1,242.613,0.0145781
287.5,1,241.747,0.0145388
287,1,240.881,0.0145302
286.5,1,240.015,0.014524
286,1,239.149,0.0145242
285.5,1,238.283,0.0145705
285,1,237.417,0.0146226
284.5,1,236.551,0.0146628
284,1,235.685,0.0147096
283.5,1,234.819,0.0147552
283,1,233.953,0.0147989
282.5,1,233.087,0.0147838
282,1,232.221,0.0147535
281.5,1,231.355,0.0147188
281,1,230.488,0.014754
280.5,1,229.622,0.0148266
280,1,228.756,0.0148844
279.5,1,227.89,0.0148419
279,1,227.024,0.0147181
278.5,1,226.158,0.0146021
278,1,225.292,0.014553
277.5,1,224.426,0.0146115
277,1,223.56,0.0146681
276.5,1,222.694,0.0147159
276,1,221.828,0.0147696
275.5,1,220.962,0.0148368
275,1,220.096,0.0149186
274.5,1,219.23,0.0150311
274,1,218.364,0.0151194
273.5,1,217.498,0.0151808
273,1,216.632,0.015138
272.5,1,215.766,0.0150946
272,1,214.9,0.015067
271.5,1,214.034,0.0150603
271,1,213.168,0.0150439
270.5,1,212.302,0.0150165
270,1,211.436,0.0150252
269.5,1,210.57,0.0150751
269,1,209.704,0.0151371
268.5,1,208.838,0.0151664
268,1,207.972,0.015126
267.5,1,207.106,0.0150707
267,1,206.24,0.0150289
266.5,1,205.374,0.0150777
266,1,204.508,0.0151394
265.5,1,203.642,0.0151916
265,1,202.776,0.0151083
264.5,1,201.91,0.0150203
264,1,201.044,0.0149276
263.5,1,200.178,0.0150168
263,1,199.312,0.0151264
262.5,1,198.446,0.0152392
262,1,197.58,0.0152168
261.5,1,196.714,0.0151442
261,1,195.847,0.0150637
260.5,1,194.981,0.0151283
260,1,194.115,0.0152929
259.5,1,193.249,0.0154641
259,1,192.383,0.0155084
258.5,1,191.517,0.015388
258,1,190.651,0.0152634
257.5,1,189.785,0.0152251
257,1,188.919,0.015402
256.5,1,188.053,0.0155794
256,1,187.187,0.0157147
255.5,1,186.321,0.0155703
255,1,185.455,0.0154144
254.5,1,184.589,0.0152504
254,1,183.723,0.0153825
253.5,1,182.857,0.0155343
253,1,181.991,0.0156991
252.5,1,181.125,0.0156567
252,1,180.259,0.0155704
251.5,1,179.393,0.0154869
251,1,178.527,0.0155138
250.5,1,177.661,0.0156125
250,1,176.795,0.0157264
249.5,1,175.929,0.0157445
249,1,175.063,0.0156635
248.5,1,174.197,0.0155874
248,1,173.331,0.0155617
247.5,1,172.465,0.0156342
247,1,171.599,0.0157198
246.5,1,170.733,0.0157913
246,1,169.867,0.0157075
245.5,1,169.001,0.0156194
245,1,168.135,0.0155344
244.5,1,167.269,0.0156616
244,1,166.403,0.0157919
243.5,1,165.537,0.0159262
243,1,164.671,0.0158883
242.5,1,163.805,0.0158148
242,1,162.939,0.0157299
241.5,1,162.072,0.0157347
241,1,161.206,0.0157756
240.5,1,160.34,0.0158129
240,1,159.474,0.0157877
239.5,1,158.608,0.015711
239,1,157.742,0.0156281
238.5,1,156.876,0.0155826
238,1,156.01,0.015593
237.5,1,155.144,0.0155973
237,1,154.278,0.0155634
236.5,1,153.412,0.0154279
236,1,152.546,0.0152933
235.5,1,151.68,0.0151694
235,1,150.814,0.0151517
234.5,1,149.948,0.0151329
234,1,149.082,0.015113
233.5,1,148.216,0.0150763
233,1,147.35,0.0150453
232.5,1,146.484,0.0150197
232,1,145.618,0.0150064
231.5,1,144.752,0.0149888
231,1,143.886,0.0149647
230.5,1,143.02,0.0149586
230,1,142.154,0.0149619
229.5,1,141.288,0.014969
229,1,140.422,0.0149629
228.5,1,139.556,0.0149348
228,1,138.69,0.0149059
227.5,1,137.824,0.0148904
227,1,136.958,0.0148998
226.5,1,136.092,0.0149032
226,1,135.226,0.0148943
225.5,1,134.36,0.0148443
225,1,133.494,0.014792
224.5,1,132.628,0.0147381
224,1,131.762,0.0147371
223.5,1,130.896,0.0147346
223,1,130.03,0.0147299
222.5,1,129.164,0.0146972
222,1,128.297,0.0146596
221.5,1,127.431,0.0146222
221,1,126.565,0.014609
220.5,1,125.699,0.0146068
220,1,124.833,0.0146045
219.5,1,123.967,0.0146004
219,1,123.101,0.0145982
218.5,1,122.235,0.0146016
218,1,121.369,0.0146143
217.5,1,120.503,0.0146312
217,1,119.637,0.0146427
216.5,1,118.771,0.0146576
216,1,117.905,0.014711
215.5,1,117.039,0.0147693
215,1,116.173,0.0148307
214.5,1,115.307,0.0148487
214,1,114.441,0.0148642
213.5,1,113.575,0.0148766
213,1,112.709,0.0149333
212.5,1,111.843,0.0150018
212,1,110.977,0.0150765
211.5,1,110.111,0.0150699
211,1,109.245,0.0150296
210.5,1,108.379,0.0149865
210,1,107.513,0.015007
209.5,1,106.647,0.015078
209,1,105.781,0.0151493
208.5,1,104.915,0.0151891
208,1,104.049,0.0151869
207.5,1,103.183,0.0151852
207,1,102.317,0.015195
206.5,1,101.451,0.0152347
206,1,100.585,0.0152673
205.5,1,99.7187,0.0152854
205,1,98.8526,0.0152282
204.5,1,97.9866,0.0151745
204,1,97.1206,0.0151244
203.5,1,96.2546,0.0151392
203,1,95.3885,0.0151557
202.5,1,94.5225,0.0151723
202,1,93.6565,0.0151678
201.5,1,92.7905,0.0151587
201,1,91.9244,0.0151509
200.5,1,91.0584,0.0151662
200,1,90.1924,0.0151941
