x,y,z,b
500,1,609.808,0.0115402
499.5,1,608.942,0.0115244
499,1,608.076,0.0115134
498.5,1,607.21,0.0115083
498,1,606.344,0.0115031
497.5,1,605.477,0.0115001
497,1,604.611,0.0115065
496.5,1,603.745,0.011513
496,1,602.879,0.0115156
495.5,1,602.013,0.0114888
495,1,601.147,0.0114618
494.5,1,600.281,0.0114344
494,1,599.415,0.0114154
493.5,1,598.549,0.0113988
493,1,597.683,0.0113839
492.5,1,596.817,0.011341
492,1,595.951,0.0112875
491.5,1,595.085,0.0112336
491,1,594.219,0.0111958
490.5,1,593.353,0.0111691
490,1,592.487,0.0111411
489.5,1,591.621,0.0111173
489,1,590.755,0.0110995
488.5,1,589.889,0.0110793
488,1,589.023,0.0110712
487.5,1,588.157,0.0110958
487,1,587.291,0.011112
486.5,1,586.425,0.0111262
486,1,585.559,0.011183
485.5,1,584.693,0.0112333
485,1,583.827,0.01128
484.5,1,582.961,0.011404
484,1,582.095,0.0115159
483.5,1,581.229,0.0116116
483,1,580.363,0.0116503
482.5,1,579.497,0.0116667
482,1,578.631,0.0116848
481.5,1,577.765,0.0117289
481,1,576.899,0.0117842
480.5,1,576.033,0.0118341
480,1,575.167,0.0118959
479.5,1,574.301,0.0119911
479,1,573.435,0.0120919
478.5,1,572.569,0.0121824
478,1,571.703,0.012249
477.5,1,570.836,0.0123133
477,1,569.97,0.0123842
476.5,1,569.104,0.0124845
476,1,568.238,0.0125804
475.5,1,567.372,0.0126712
475,1,566.506,0.0127035
474.5,1,565.64,0.0127237
474,1,564.774,0.0127399
473.5,1,563.908,0.0127604
473,1,563.042,0.0127784
472.5,1,562.176,0.0127917
472,1,561.31,0.0127781
471.5,1,560.444,0.012768
471,1,559.578,0.0127726
470.5,1,558.712,0.0127635
470,1,557.846,0.0127333
469.5,1,556.98,0.012701
469,1,556.114,0.0126968
468.5,1,555.248,0.012746
468,1,554.382,0.0128045
467.5,1,553.516,0.0128516
467,1,552.65,0.0128259
466.5,1,551.784,0.0127901
466,1,550.918,0.0127587
465.5,1,550.052,0.0128927
465,1,549.186,0.0130373
464.5,1,548.32,0.0131924
464,1,547.454,0.0131644
463.5,1,546.588,0.013109
463,1,545.722,0.0130461
462.5,1,544.856,0.0131425
462,1,543.99,0.0132955
461.5,1,543.124,0.0134516
461,1,542.258,0.0134312
460.5,1,541.392,0.0132778
460,1,540.526,0.0131204
459.5,1,539.66,0.0131468
459,1,538.794,0.0134077
458.5,1,537.928,0.013664
458,1,537.061,0.0138227
457.5,1,536.195,0.013736
457,1,535.329,0.0136427
456.5,1,534.463,0.0135767
456,1,533.597,0.0137481
455.5,1,532.731,0.0139218
455,1,531.865,0.0140978
454.5,1,530.999,0.0140734
454,1,530.133,0.0140398
453.5,1,529.267,0.0140039
453,1,528.401,0.0140305
452.5,1,527.535,0.0140711
452,1,526.669,0.0141096
451.5,1,525.803,0.0140974
451,1,524.937,0.0140646
450.5,1,524.071,0.0140369
450,1,523.205,0.0140439
449.5,1,522.339,0.0140893
449,1,521.473,0.0141459
448.5,1,520.607,0.0141886
448,1,519.741,0.0141898
447.5,1,518.875,0.0141996
447,1,518.009,0.0142253
446.5,1,517.143,0.014291
446,1,516.277,0.0143586
445.5,1,515.411,0.0144292
445,1,514.545,0.014541
444.5,1,513.679,0.0146457
444,1,512.813,0.0147388
443.5,1,511.947,0.0148104
443,1,511.081,0.0148857
442.5,1,510.215,0.0149672
442,1,509.349,0.0150004
441.5,1,508.483,0.0150165
441,1,507.617,0.0150388
440.5,1,506.751,0.0151389
440,1,505.885,0.015307
439.5,1,505.019,0.0154817
439,1,504.153,0.0156397
438.5,1,503.286,0.0157615
438,1,502.42,0.0158827
437.5,1,501.554,0.0160075
437,1,500.688,0.0161282
436.5,1,499.822,0.016226
436,1,498.956,0.016243
435.5,1,498.09,0.0156921
435,1,497.224,0.0151686
434.5,1,496.358,0.0146726
434,1,495.492,0.0146198
433.5,1,494.626,0.0146976
433,1,493.76,0.0149037
432.5,1,492.894,0.0154591
432,1,492.028,0.01603
431.5,1,491.162,0.0165203
431,1,490.296,0.0169308
430.5,1,489.43,0.0172971
430,1,488.564,0.0176176
429.5,1,487.698,0.0179981
429,1,486.832,0.0184773
428.5,1,485.966,0.0189807
428,1,485.1,0.019478
427.5,1,484.234,0.0199381
427,1,483.368,0.0204494
426.5,1,482.502,0.0210337
426,1,481.636,0.0217623
425.5,1,480.77,0.0224761
425,1,479.904,0.0231771
424.5,1,479.038,0.0238387
424,1,478.172,0.0244987
423.5,1,477.306,0.0251579
423,1,476.44,0.0257337
422.5,1,475.574,0.0263709
422,1,474.708,0.0270798
421.5,1,473.842,0.0276781
421,1,472.976,0.0281875
420.5,1,472.11,0.0286876
420,1,471.244,0.0290548
419.5,1,470.378,0.0291985
419,1,469.512,0.0291477
418.5,1,468.645,0.0289478
418,1,467.779,0.0287078
417.5,1,466.913,0.0285483
417,1,466.047,0.0283309
416.5,1,465.181,0.0274832
416,1,464.315,0.0267193
415.5,1,463.449,0.0260299
415,1,462.583,0.0250339
414.5,1,461.717,0.0240317
414,1,460.851,0.0230638
413.5,1,459.985,0.0228156
413,1,459.119,0.0226479
412.5,1,458.253,0.0224656
412,1,457.387,0.022663
411.5,1,456.521,0.0229868
411,1,455.655,0.0231565
410.5,1,454.789,0.0231296
410,1,453.923,0.0230514
409.5,1,453.057,0.0230415
409,1,452.191,0.0232922
408.5,1,451.325,0.0239165
408,1,450.459,0.0245221
407.5,1,449.593,0.0250065
407,1,448.727,0.0252982
406.5,1,447.861,0.0255667
406,1,446.995,0.0259009
405.5,1,446.129,0.0270185
405,1,445.263,0.0282273
404.5,1,444.397,0.0308312
404,1,443.531,0.0319649
403.5,1,442.665,0.0319098
403,1,441.799,0.0323686
402.5,1,440.933,0.032634
402,1,440.067,0.0328725
401.5,1,439.201,0.0330903
401,1,438.335,0.0328202
400.5,1,437.469,0.0322408
400,1,436.603,0.031693
399.5,1,435.737,0.0317393
399,1,434.87,0.032419
398.5,1,434.004,0.0325689
398,1,433.138,0.0326859
397.5,1,432.272,0.0339271
397,1,431.406,0.0354219
396.5,1,430.54,0.0364569
396,1,429.674,0.0375859
395.5,1,428.808,0.0387103
395,1,427.942,0.0398164
394.5,1,427.076,0.0405395
394,1,426.21,0.0412491
393.5,1,425.344,0.0419488
393,1,424.478,0.0422618
392.5,1,423.612,0.0424391
392,1,422.746,0.0424943
391.5,1,421.88,0.0424326
391,1,421.014,0.0423386
390.5,1,420.148,0.042231
390,1,419.282,0.0422697
389.5,1,418.416,0.0427843
389,1,417.55,0.0440569
388.5,1,416.684,0.0454407
388,1,415.818,0.049085
387.5,1,414.952,0.046981
387,1,414.086,0.0473295
386.5,1,413.22,0.0487633
386,1,412.354,0.0503185
385.5,1,411.488,0.0520417
385,1,410.622,0.0558581
384.5,1,409.756,0.056131
384,1,408.89,0.0607134
383.5,1,408.024,0.0677926
383,1,407.158,0.0739912
382.5,1,406.292,0.0792254
382,1,405.426,0.0828639
381.5,1,404.56,0.0826639
381,1,403.694,0.0821975
380.5,1,402.828,0.0802519
380,1,401.962,0.0779278
379.5,1,401.095,0.0762808
379,1,400.229,0.0753334
378.5,1,399.363,0.074784
378,1,398.497,0.0756871
377.5,1,397.631,0.0753697
377,1,396.765,0.0751319
376.5,1,395.899,0.0751927
376,1,395.033,0.0740905
375.5,1,394.167,0.0734093
375,1,393.301,0.0722914
374.5,1,392.435,0.0703751
374,1,391.569,0.0692052
373.5,1,390.703,0.0676758
373,1,389.837,0.0656504
372.5,1,388.971,0.0649242
372,1,388.105,0.063469
371.5,1,387.239,0.0617996
371,1,386.373,0.0611265
370.5,1,385.507,0.0605174
370,1,384.641,0.0591913
369.5,1,383.775,0.0591156
369,1,382.909,0.0596091
368.5,1,382.043,0.0593291
368,1,381.177,0.0591846
367.5,1,380.311,0.0587258
367,1,379.445,0.0575535
366.5,1,378.579,0.0549682
366,1,377.713,0.052487
365.5,1,376.847,0.0488551
365,1,375.981,0.0456772
364.5,1,375.115,0.0423615
364,1,374.249,0.0401621
363.5,1,373.383,0.0392103
363,1,372.517,0.0380389
362.5,1,371.651,0.0380082
362,1,370.785,0.037314
361.5,1,369.919,0.036098
361,1,369.053,0.0351754
360.5,1,368.187,0.0344255
360,1,367.321,0.033901
359.5,1,366.454,0.0347071
359,1,365.588,0.0349464
358.5,1,364.722,0.0344574
358,1,363.856,0.0326744
357.5,1,362.99,0.031037
357,1,362.124,0.0305048
356.5,1,361.258,0.0300767
356,1,360.392,0.0299081
355.5,1,359.526,0.0306438
355,1,358.66,0.0318641
354.5,1,357.794,0.0343773
354,1,356.928,0.0357783
353.5,1,356.062,0.0352341
353,1,355.196,0.0345774
352.5,1,354.33,0.0340361
352,1,353.464,0.0343249
351.5,1,352.598,0.0349068
351,1,351.732,0.0353938
350.5,1,350.866,0.036254
350,1,350,0.0296387
349.5,1,349.134,0.0249969
349,1,348.268,0.0238791
348.5,1,347.402,0.0241851
348,1,346.536,0.0250854
347.5,1,345.67,0.0257992
347,1,344.804,0.0255679
346.5,1,343.938,0.0223232
346,1,343.072,0.0222522
345.5,1,342.206,0.0229689
345,1,341.34,0.0235662
344.5,1,340.474,0.0235786
344,1,339.608,0.0234459
343.5,1,338.742,0.0236539
343,1,337.876,0.0238225
342.5,1,337.01,0.0239966
342,1,336.144,0.0238936
341.5,1,335.278,0.0239318
341,1,334.412,0.0241659
340.5,1,333.546,0.0247408
340,1,332.679,0.0251646
339.5,1,331.813,0.0252217
339,1,330.947,0.0250954
338.5,1,330.081,0.0248638
338,1,329.215,0.0243979
337.5,1,328.349,0.0240546
337,1,327.483,0.0238277
336.5,1,326.617,0.0238488
336,1,325.751,0.0240909
335.5,1,324.885,0.0245128
335,1,324.019,0.0250027
334.5,1,323.153,0.0256036
334,1,322.287,0.0264161
333.5,1,321.421,0.0270997
333,1,320.555,0.0277521
332.5,1,319.689,0.028775
332,1,318.823,0.0296352
331.5,1,317.957,0.0302458
331,1,317.091,0.0330376
330.5,1,316.225,0.0353999
330,1,315.359,0.036388
329.5,1,314.493,0.0361076
329,1,313.627,0.0345998
328.5,1,312.761,0.0349174
328,1,311.895,0.0378044
327.5,1,311.029,0.04202
327,1,310.163,0.0420908
326.5,1,309.297,0.0421127
326,1,308.431,0.0426018
325.5,1,307.565,0.0434318
325,1,306.699,0.0445825
324.5,1,305.833,0.0457532
324,1,304.967,0.0468592
323.5,1,304.101,0.0479005
323,1,303.235,0.0487479
322.5,1,302.369,0.0492179
322,1,301.503,0.0495572
321.5,1,300.637,0.0489775
321,1,299.771,0.0481327
320.5,1,298.905,0.047539
320,1,298.038,0.0471706
319.5,1,297.172,0.0468025
319,1,296.306,0.0474457
318.5,1,295.44,0.0495958
318,1,294.574,0.0527766
317.5,1,293.708,0.0534624
317,1,292.842,0.0541016
316.5,1,291.976,0.054486
316,1,291.11,0.0549027
315.5,1,290.244,0.0554739
315,1,289.378,0.0561996
314.5,1,288.512,0.0570797
314,1,287.646,0.0576102
313.5,1,286.78,0.0573333
313,1,285.914,0.0556717
312.5,1,285.048,0.0539975
312,1,284.182,0.0523109
311.5,1,283.316,0.0506117
311,1,282.45,0.0489
310.5,1,281.584,0.0472027
310,1,280.718,0.045884
309.5,1,279.852,0.0445649
309,1,278.986,0.0432455
308.5,1,278.12,0.0409965
308,1,277.254,0.039444
307.5,1,276.388,0.0382749
307,1,275.522,0.037147
306.5,1,274.656,0.0361944
306,1,273.79,0.0354428
305.5,1,272.924,0.0347962
305,1,272.058,0.0342587
304.5,1,271.192,0.0340817
304,1,270.326,0.0339303
303.5,1,269.46,0.0337985
303,1,268.594,0.0335155
302.5,1,267.728,0.0331934
302,1,266.862,0.0328119
301.5,1,265.996,0.0319151
301,1,265.13,0.0308158
300.5,1,264.263,0.0296651
300,1,263.397,0.028483
299.5,1,262.531,0.0273455
299,1,261.665,0.0262628
298.5,1,260.799,0.0253975
298,1,259.933,0.0247639
297.5,1,259.067,0.0240673
297,1,258.201,0.0232936
296.5,1,257.335,0.0224987
296,1,256.469,0.0217458
295.5,1,255.603,0.0209666
295,1,254.737,0.0202148
294.5,1,253.871,0.0194347
294,1,253.005,0.0186262
293.5,1,252.139,0.0178204
293,1,251.273,0.0170629
292.5,1,250.407,0.0163516
292,1,249.541,0.0157461
291.5,1,248.675,0.0152236
291,1,247.809,0.0147754
290.5,1,246.943,0.0144457
290,1,246.077,0.0141793
289.5,1,245.211,0.0139291
289,1,244.345,0.0137047
288.5,1,243.479,0.0135045
288,1,242.613,0.0133215
287.5,1,241.747,0.0132027
287,1,240.881,0.0132164
286.5,1,240.015,0.01322
286,1,239.149,0.0132199
285.5,1,238.283,0.0132552
285,1,237.417,0.0132921
284.5,1,236.551,0.0133403
284,1,235.685,0.0133166
283.5,1,234.819,0.0132805
283,1,233.953,0.0132345
282.5,1,233.087,0.0133181
282,1,232.221,0.0134519
281.5,1,231.355,0.0136069
281,1,230.488,0.013776
280.5,1,229.622,0.0139526
280,1,228.756,0.014135
279.5,1,227.89,0.0143152
279,1,227.024,0.0144835
278.5,1,226.158,0.0146309
278,1,225.292,0.0147167
277.5,1,224.426,0.0147144
277,1,223.56,0.0146995
276.5,1,222.694,0.0146902
276,1,221.828,0.0146976
275.5,1,220.962,0.0147053
275,1,220.096,0.0147144
274.5,1,219.23,0.0147696
274,1,218.364,0.0148328
273.5,1,217.498,0.0149053
273,1,216.632,0.0149263
272.5,1,215.766,0.0149303
272,1,214.9,0.0149267
271.5,1,214.034,0.0149506
271,1,213.168,0.0149911
270.5,1,212.302,0.0150395
270,1,211.436,0.0150411
269.5,1,210.57,0.0149954
269,1,209.704,0.0149513
268.5,1,208.838,0.0149706
268,1,207.972,0.0150873
267.5,1,207.106,0.0152069
267,1,206.24,0.0152863
266.5,1,205.374,0.0152232
266,1,204.508,0.0151529
265.5,1,203.642,0.0150926
265,1,202.776,0.015185
264.5,1,201.91,0.0152784
264,1,201.044,0.0153727
263.5,1,200.178,0.0152407
263,1,199.312,0.0150963
262.5,1,198.446,0.0149614
262,1,197.58,0.0150843
261.5,1,196.714,0.0152735
261,1,195.847,0.0154484
260.5,1,194.981,0.0154418
260,1,194.115,0.0153362
259.5,1,193.249,0.0152422
259,1,192.383,0.0152651
258.5,1,191.517,0.0154095
258,1,190.651,0.0155255
257.5,1,189.785,0.0155385
257,1,188.919,0.0153689
256.5,1,188.053,0.0152265
256,1,187.187,0.015158
255.5,1,186.321,0.0153765
255,1,185.455,0.0155607
254.5,1,184.589,0.0157135
254,1,183.723,0.0156476
253.5,1,182.857,0.01561
253,1,181.991,0.0156055
252.5,1,181.125,0.015639
252,1,180.259,0.0156498
251.5,1,179.393,0.0156311
251,1,178.527,0.0155395
250.5,1,177.661,0.0154475
250,1,176.795,0.0153897
249.5,1,175.929,0.0153818
249,1,175.063,0.0153808
248.5,1,174.197,0.0153544
248,1,173.331,0.015311
247.5,1,172.465,0.0152869
247,1,171.599,0.0152839
246.5,1,170.733,0.0152959
246,1,169.867,0.0153114
245.5,1,169.001,0.0152999
245,1,168.135,0.0152617
244.5,1,167.269,0.0152287
244,1,166.403,0.0152108
243.5,1,165.537,0.0152015
243,1,164.671,0.0151918
242.5,1,163.805,0.01517
242,1,162.939,0.015136
241.5,1,162.072,0.0151246
241,1,161.206,0.0151239
240.5,1,160.34,0.0151291
240,1,159.474,0.01516
239.5,1,158.608,0.0152013
239,1,157.742,0.0152384
238.5,1,156.876,0.0152602
238,1,156.01,0.0152665
237.5,1,155.144,0.0152791
237,1,154.278,0.0153159
236.5,1,153.412,0.0154056
236,1,152.546,0.015492
235.5,1,151.68,0.0155596
235,1,150.814,0.0155236
234.5,1,149.948,0.0154927
234,1,149.082,0.0154669
233.5,1,148.216,0.015493
233,1,147.35,0.0155079
232.5,1,146.484,0.0155057
232,1,145.618,0.0154653
231.5,1,144.752,0.0154208
231,1,143.886,0.0153803
230.5,1,143.02,0.0153695
230,1,142.154,0.0153693
229.5,1,141.288,0.0153602
229,1,140.422,0.0153313
228.5,1,139.556,0.0152937
228,1,138.69,0.0152672
227.5,1,137.824,0.0152528
227,1,136.958,0.0152493
226.5,1,136.092,0.0152406
226,1,135.226,0.0152267
225.5,1,134.36,0.0152125
225,1,133.494,0.015204
224.5,1,132.628,0.0151966
224,1,131.762,0.0151811
223.5,1,130.896,0.0151604
223,1,130.03,0.0151346
222.5,1,129.164,0.0151098
222,1,128.297,0.0150909
221.5,1,127.431,0.0150766
221,1,126.565,0.0150724
220.5,1,125.699,0.0150723
220,1,124.833,0.015073
219.5,1,123.967,0.0150471
219,1,123.101,0.0149938
218.5,1,122.235,0.0149393
218,1,121.369,0.0148944
217.5,1,120.503,0.0148671
217,1,119.637,0.0148389
216.5,1,118.771,0.0148081
216,1,117.905,0.0147683
215.5,1,117.039,0.0147262
215,1,116.173,0.0146849
214.5,1,115.307,0.0147147
214,1,114.441,0.0147465
213.5,1,113.575,0.0147792
213,1,112.709,0.0147409
212.5,1,111.843,0.0146941
212,1,110.977,0.0146482
211.5,1,110.111,0.0146652
211,1,109.245,0.0147032
210.5,1,108.379,0.0147387
210,1,107.513,0.01472
209.5,1,106.647,0.0146639
209,1,105.781,0.014611
208.5,1,104.915,0.0146042
208,1,104.049,0.0146547
207.5,1,103.183,0.0147027
207,1,102.317,0.0147289
206.5,1,101.451,0.0147028
206,1,100.585,0.0146854
205.5,1,99.7187,0.0146797
205,1,98.8526,0.0147086
204.5,1,97.9866,0.0147337
204,1,97.1206,0.0147549
203.5,1,96.2546,0.0146964
203,1,95.3885,0.014639
202.5,1,94.5225,0.0145875
202,1,93.6565,0.0145967
201.5,1,92.7905,0.0146175
201,1,91.9244,0.0146337
200.5,1,91.0584,0.0146391
200,1,90.1924,0.0146408
