x,y,z,b
500,1,609.808,0.0115194
499.5,1,608.942,0.0114991
499,1,608.076,0.0114804
498.5,1,607.21,0.0114681
498,1,606.344,0.0114556
497.5,1,605.477,0.0114435
497,1,604.611,0.0114337
496.5,1,603.745,0.0114237
496,1,602.879,0.0114152
495.5,1,602.013,0.0114164
495,1,601.147,0.0114169
494.5,1,600.281,0.0114166
494,1,599.415,0.0114131
493.5,1,598.549,0.0114122
493,1,597.683,0.0114147
492.5,1,596.817,0.0113813
492,1,595.951,0.0113378
491.5,1,595.085,0.0112966
491,1,594.219,0.0112448
490.5,1,593.353,0.0111868
490,1,592.487,0.0111324
489.5,1,591.621,0.0110873
489,1,590.755,0.0110461
488.5,1,589.889,0.0109979
488,1,589.023,0.0109636
487.5,1,588.157,0.0109809
487,1,587.291,0.0109898
486.5,1,586.425,0.0110027
486,1,585.559,0.0110902
485.5,1,584.693,0.0111492
485,1,583.827,0.0111962
484.5,1,582.961,0.0114745
484,1,582.095,0.0117258
483.5,1,581.229,0.0119387
483,1,580.363,0.0121477
482.5,1,579.497,0.0123378
482,1,578.631,0.0125104
481.5,1,577.765,0.0126923
481,1,576.899,0.0128789
480.5,1,576.033,0.0130473
480,1,575.167,0.0131855
479.5,1,574.301,0.0133289
479,1,573.435,0.0134731
478.5,1,572.569,0.0135703
478,1,571.703,0.0135885
477.5,1,570.836,0.0136249
477,1,569.97,0.0136727
476.5,1,569.104,0.0137047
476,1,568.238,0.0137525
475.5,1,567.372,0.013814
475,1,566.506,0.0137264
474.5,1,565.64,0.0136546
474,1,564.774,0.0135941
473.5,1,563.908,0.0135324
473,1,563.042,0.013484
472.5,1,562.176,0.013451
472,1,561.31,0.0133523
471.5,1,560.444,0.0132199
471,1,559.578,0.0130923
470.5,1,558.712,0.0130306
470,1,557.846,0.013016
469.5,1,556.98,0.0129951
469,1,556.114,0.0129756
468.5,1,555.248,0.01297
468,1,554.382,0.0129623
467.5,1,553.516,0.0129435
467,1,552.65,0.0129072
466.5,1,551.784,0.0128918
466,1,550.918,0.0128872
465.5,1,550.052,0.0128295
465,1,549.186,0.0127849
464.5,1,548.32,0.0127533
464,1,547.454,0.012751
463.5,1,546.588,0.012741
463,1,545.722,0.0127221
462.5,1,544.856,0.0127622
462,1,543.99,0.0128185
461.5,1,543.124,0.0128701
461,1,542.258,0.0129405
460.5,1,541.392,0.0130071
460,1,540.526,0.0130502
459.5,1,539.66,0.0131335
459,1,538.794,0.0133002
458.5,1,537.928,0.0134744
458,1,537.061,0.0136376
457.5,1,536.195,0.013751
457,1,535.329,0.0138386
456.5,1,534.463,0.0139068
456,1,533.597,0.0140031
455.5,1,532.731,0.0140869
455,1,531.865,0.0141741
454.5,1,530.999,0.0142641
454,1,530.133,0.0143363
453.5,1,529.267,0.0143907
453,1,528.401,0.0144265
452.5,1,527.535,0.0144545
452,1,526.669,0.0145117
451.5,1,525.803,0.0145068
451,1,524.937,0.0144619
450.5,1,524.071,0.0144084
450,1,523.205,0.0143491
449.5,1,522.339,0.0143095
449,1,521.473,0.0142829
448.5,1,520.607,0.014267
448,1,519.741,0.0142695
447.5,1,518.875,0.0142667
447,1,518.009,0.0142779
446.5,1,517.143,0.0143778
446,1,516.277,0.0144724
445.5,1,515.411,0.0145638
445,1,514.545,0.0147392
444.5,1,513.679,0.0149058
444,1,512.813,0.0150763
443.5,1,511.947,0.015192
443,1,511.081,0.0152944
442.5,1,510.215,0.015392
442,1,509.349,0.0154479
441.5,1,508.483,0.0154969
441,1,507.617,0.0155405
440.5,1,506.751,0.0155738
440,1,505.885,0.0156113
439.5,1,505.019,0.0156618
439,1,504.153,0.0157354
438.5,1,503.286,0.0158252
438,1,502.42,0.0159131
437.5,1,501.554,0.0159951
437,1,500.688,0.0160695
436.5,1,499.822,0.0161619
436,1,498.956,0.0162647
435.5,1,498.09,0.0162766
435,1,497.224,0.0162944
434.5,1,496.358,0.016318
434,1,495.492,0.0163701
433.5,1,494.626,0.016415
433,1,493.76,0.0164105
432.5,1,492.894,0.0159741
432,1,492.028,0.0153672
431.5,1,491.162,0.0147086
431,1,490.296,0.0143016
430.5,1,489.43,0.0141167
430,1,488.564,0.0139835
429.5,1,487.698,0.013811
429,1,486.832,0.013574
428.5,1,485.966,0.0133458
428,1,485.1,0.0132379
427.5,1,484.234,0.0134388
427,1,483.368,0.013638
426.5,1,482.502,0.0138431
426,1,481.636,0.0141961
425.5,1,480.77,0.0146549
425,1,479.904,0.0153262
424.5,1,479.038,0.0160282
424,1,478.172,0.0166974
423.5,1,477.306,0.0173385
423,1,476.44,0.0178339
422.5,1,475.574,0.0182136
422,1,474.708,0.0183894
421.5,1,473.842,0.0184881
421,1,472.976,0.0185628
420.5,1,472.11,0.0186033
420,1,471.244,0.0187066
419.5,1,470.378,0.0188772
419,1,469.512,0.01904
418.5,1,468.645,0.0191612
418,1,467.779,0.0191563
417.5,1,466.913,0.0191075
417,1,466.047,0.019025
416.5,1,465.181,0.018969
416,1,464.315,0.0188717
415.5,1,463.449,0.0187396
415,1,462.583,0.0187717
414.5,1,461.717,0.0187571
414,1,460.851,0.0187259
413.5,1,459.985,0.0190164
413,1,459.119,0.0193223
412.5,1,458.253,0.0195956
412,1,457.387,0.0199217
411.5,1,456.521,0.0203253
411,1,455.655,0.0208297
410.5,1,454.789,0.0213194
410,1,453.923,0.021785
409.5,1,453.057,0.0222622
409,1,452.191,0.0227555
408.5,1,451.325,0.0232214
408,1,450.459,0.0236873
407.5,1,449.593,0.0242727
407,1,448.727,0.0251865
406.5,1,447.861,0.0261665
406,1,446.995,0.0271698
405.5,1,446.129,0.0276846
405,1,445.263,0.0280942
404.5,1,444.397,0.0283985
404,1,443.531,0.0290375
403.5,1,442.665,0.0294128
403,1,441.799,0.0297006
402.5,1,440.933,0.0298546
402,1,440.067,0.0300801
401.5,1,439.201,0.0304401
401,1,438.335,0.0321438
400.5,1,437.469,0.035156
400,1,436.603,0.0375394
399.5,1,435.737,0.038864
399,1,434.87,0.039246
398.5,1,434.004,0.0390946
398,1,433.138,0.0395461
397.5,1,432.272,0.0407905
397,1,431.406,0.0428934
396.5,1,430.54,0.0443836
396,1,429.674,0.0453467
395.5,1,428.808,0.0461723
395,1,427.942,0.0472087
394.5,1,427.076,0.0473029
394,1,426.21,0.0471539
393.5,1,425.344,0.0472579
393,1,424.478,0.0464605
392.5,1,423.612,0.0459624
392,1,422.746,0.0464976
391.5,1,421.88,0.0470397
391,1,421.014,0.0478405
390.5,1,420.148,0.0481709
390,1,419.282,0.0486495
389.5,1,418.416,0.0492146
389,1,417.55,0.0496107
388.5,1,416.684,0.0499423
388,1,415.818,0.0505035
387.5,1,414.952,0.0516552
387,1,414.086,0.0519134
386.5,1,413.22,0.0521159
386,1,412.354,0.052275
385.5,1,411.488,0.0524838
385,1,410.622,0.052643
384.5,1,409.756,0.0530404
384,1,408.89,0.0531971
383.5,1,408.024,0.0528123
383,1,407.158,0.0523897
382.5,1,406.292,0.0519617
382,1,405.426,0.0517348
381.5,1,404.56,0.0519955
381,1,403.694,0.0518946
380.5,1,402.828,0.0518649
380,1,401.962,0.0519356
379.5,1,401.095,0.0532054
379,1,400.229,0.054504
378.5,1,399.363,0.0558217
378,1,398.497,0.0571585
377.5,1,397.631,0.0585143
377,1,396.765,0.0598891
376.5,1,395.899,0.0604681
376,1,395.033,0.0606929
375.5,1,394.167,0.0609585
375,1,393.301,0.0612649
374.5,1,392.435,0.0615909
374,1,391.569,0.06184
373.5,1,390.703,0.0614901
373,1,389.837,0.0600914
372.5,1,388.971,0.0586505
372,1,388.105,0.0547981
371.5,1,387.239,0.0513193
371,1,386.373,0.0494341
370.5,1,385.507,0.0486503
370,1,384.641,0.0484597
369.5,1,383.775,0.048456
369,1,382.909,0.048497
368.5,1,382.043,0.0485606
368,1,381.177,0.0488035
367.5,1,380.311,0.0491601
367,1,379.445,0.0491437
366.5,1,378.579,0.0491269
366,1,377.713,0.0503701
365.5,1,376.847,0.0516367
365,1,375.981,0.0528749
364.5,1,375.115,0.0517446
364,1,374.249,0.0506732
363.5,1,373.383,0.0496695
363,1,372.517,0.0482265
362.5,1,371.651,0.0469248
362,1,370.785,0.0462104
361.5,1,369.919,0.0462648
361,1,369.053,0.0467968
360.5,1,368.187,0.0466642
360,1,367.321,0.0458406
359.5,1,366.454,0.0442048
359,1,365.588,0.0424394
358.5,1,364.722,0.0409016
358,1,363.856,0.039566
357.5,1,362.99,0.0384168
357,1,362.124,0.0373531
356.5,1,361.258,0.036467
356,1,360.392,0.0357973
355.5,1,359.526,0.0351224
355,1,358.66,0.0343039
354.5,1,357.794,0.0329699
354,1,356.928,0.0325226
353.5,1,356.062,0.0326555
353,1,355.196,0.0342437
352.5,1,354.33,0.0346623
352,1,353.464,0.0384555
351.5,1,352.598,0.044627
351,1,351.732,0.049078
350.5,1,350.866,0.0506494
350,1,350,0.041368
349.5,1,349.134,0.0343037
349,1,348.268,0.0308978
348.5,1,347.402,0.0292336
348,1,346.536,0.0246332
347.5,1,345.67,0.0259428
347,1,344.804,0.02694
346.5,1,343.938,0.0275158
346,1,343.072,0.0273641
345.5,1,342.206,0.0273479
345,1,341.34,0.0248649
344.5,1,340.474,0.0257581
344,1,339.608,0.0272839
343.5,1,338.742,0.0282707
343,1,337.876,0.0292564
342.5,1,337.01,0.030206
342,1,336.144,0.0303483
341.5,1,335.278,0.0302879
341,1,334.412,0.0300875
340.5,1,333.546,0.0297316
340,1,332.679,0.0295028
339.5,1,331.813,0.029748
339,1,330.947,0.0298014
338.5,1,330.081,0.029911
338,1,329.215,0.0310352
337.5,1,328.349,0.031943
337,1,327.483,0.032784
336.5,1,326.617,0.0336401
336,1,325.751,0.0339997
335.5,1,324.885,0.0328884
335,1,324.019,0.0328108
334.5,1,323.153,0.0328675
334,1,322.287,0.0323558
333.5,1,321.421,0.0317603
333,1,320.555,0.0311228
332.5,1,319.689,0.0304049
332,1,318.823,0.0295934
331.5,1,317.957,0.0288713
331,1,317.091,0.0297565
330.5,1,316.225,0.0308395
330,1,315.359,0.031883
329.5,1,314.493,0.0333375
329,1,313.627,0.0348835
328.5,1,312.761,0.0365906
328,1,311.895,0.0411603
327.5,1,311.029,0.0474926
327,1,310.163,0.0509136
326.5,1,309.297,0.0521886
326,1,308.431,0.0534345
325.5,1,307.565,0.0546553
325,1,306.699,0.0543077
324.5,1,305.833,0.0531705
324,1,304.967,0.0537553
323.5,1,304.101,0.0545194
323,1,303.235,0.0551325
322.5,1,302.369,0.0551669
322,1,301.503,0.0552742
321.5,1,300.637,0.0554544
321,1,299.771,0.0557077
320.5,1,298.905,0.0560338
320,1,298.038,0.0564378
319.5,1,297.172,0.0571892
319,1,296.306,0.0578317
318.5,1,295.44,0.0583922
318,1,294.574,0.0588707
317.5,1,293.708,0.0592671
317,1,292.842,0.0595816
316.5,1,291.976,0.059406
316,1,291.11,0.0592489
315.5,1,290.244,0.0593397
315,1,289.378,0.0596783
314.5,1,288.512,0.0602648
314,1,287.646,0.0608926
313.5,1,286.78,0.0606082
313,1,285.914,0.0586208
312.5,1,285.048,0.0565275
312,1,284.182,0.052948
311.5,1,283.316,0.0496965
311,1,282.45,0.0474308
310.5,1,281.584,0.0457656
310,1,280.718,0.044021
309.5,1,279.852,0.042464
309,1,278.986,0.0409899
308.5,1,278.12,0.0393138
308,1,277.254,0.0380167
307.5,1,276.388,0.0379385
307,1,275.522,0.0378465
306.5,1,274.656,0.0375435
306,1,273.79,0.0371291
305.5,1,272.924,0.0366802
305,1,272.058,0.0361816
304.5,1,271.192,0.0348138
304,1,270.326,0.0335745
303.5,1,269.46,0.0324273
303,1,268.594,0.0318303
302.5,1,267.728,0.0312849
302,1,266.862,0.0307511
301.5,1,265.996,0.0305325
301,1,265.13,0.0304418
300.5,1,264.263,0.030382
300,1,263.397,0.0302672
299.5,1,262.531,0.0300983
299,1,261.665,0.0298709
298.5,1,260.799,0.0295607
298,1,259.933,0.0292069
297.5,1,259.067,0.0288792
297,1,258.201,0.0285206
296.5,1,257.335,0.0279345
296,1,256.469,0.0272675
295.5,1,255.603,0.0266115
295,1,254.737,0.0255104
294.5,1,253.871,0.0245269
294,1,253.005,0.0236609
293.5,1,252.139,0.0217633
293,1,251.273,0.0199154
292.5,1,250.407,0.0182369
292,1,249.541,0.0169023
291.5,1,248.675,0.0156876
291,1,247.809,0.0144959
290.5,1,246.943,0.0138412
290,1,246.077,0.0135372
289.5,1,245.211,0.0132618
289,1,244.345,0.0130615
288.5,1,243.479,0.012934
288,1,242.613,0.0128151
287.5,1,241.747,0.0127385
287,1,240.881,0.0127734
286.5,1,240.015,0.012826
286,1,239.149,0.0128976
285.5,1,238.283,0.0129736
285,1,237.417,0.0130331
284.5,1,236.551,0.013089
284,1,235.685,0.0131074
283.5,1,234.819,0.0131198
283,1,233.953,0.0131271
282.5,1,233.087,0.013154
282,1,232.221,0.0131939
281.5,1,231.355,0.0132386
281,1,230.488,0.0132573
280.5,1,229.622,0.0132725
280,1,228.756,0.0133129
279.5,1,227.89,0.0134425
279,1,227.024,0.0136485
278.5,1,226.158,0.0138719
278,1,225.292,0.0140659
277.5,1,224.426,0.0141705
277,1,223.56,0.0142622
276.5,1,222.694,0.0143487
276,1,221.828,0.0144514
275.5,1,220.962,0.014545
275,1,220.096,0.0146279
274.5,1,219.23,0.0146335
274,1,218.364,0.0146403
273.5,1,217.498,0.0146528
273,1,216.632,0.0147679
272.5,1,215.766,0.0148964
272,1,214.9,0.0150206
271.5,1,214.034,0.0150061
271,1,213.168,0.0149473
270.5,1,212.302,0.0148945
270,1,211.436,0.0148786
269.5,1,210.57,0.0148858
269,1,209.704,0.01488
268.5,1,208.838,0.0148492
268,1,207.972,0.0147982
267.5,1,207.106,0.0147567
267,1,206.24,0.0147314
266.5,1,205.374,0.014726
266,1,204.508,0.0147125
265.5,1,203.642,0.0146923
265,1,202.776,0.0146674
264.5,1,201.91,0.0146531
264,1,201.044,0.0146494
263.5,1,200.178,0.0146537
263,1,199.312,0.0146441
262.5,1,198.446,0.014619
262,1,197.58,0.0146679
261.5,1,196.714,0.0147604
261,1,195.847,0.0148716
260.5,1,194.981,0.0148737
260,1,194.115,0.0147929
259.5,1,193.249,0.0147022
259,1,192.383,0.0147269
258.5,1,191.517,0.0149084
258,1,190.651,0.0150922
257.5,1,189.785,0.0151744
257,1,188.919,0.0150087
256.5,1,188.053,0.014839
256,1,187.187,0.0147341
255.5,1,186.321,0.015068
255,1,185.455,0.0153992
254.5,1,184.589,0.0157253
254,1,183.723,0.0155272
253.5,1,182.857,0.0153154
253,1,181.991,0.0151017
252.5,1,181.125,0.0153334
252,1,180.259,0.0156503
251.5,1,179.393,0.0159543
251,1,178.527,0.0158299
250.5,1,177.661,0.0154965
250,1,176.795,0.0151702
249.5,1,175.929,0.015179
249,1,175.063,0.0154831
248.5,1,174.197,0.0157637
248,1,173.331,0.0158653
247.5,1,172.465,0.0156715
247,1,171.599,0.0154812
246.5,1,170.733,0.0153693
246,1,169.867,0.0155295
245.5,1,169.001,0.0156934
245,1,168.135,0.0158516
244.5,1,167.269,0.0157373
244,1,166.403,0.015625
243.5,1,165.537,0.0155179
243,1,164.671,0.0156101
242.5,1,163.805,0.015727
242,1,162.939,0.015841
241.5,1,162.072,0.0158077
241,1,161.206,0.015729
240.5,1,160.34,0.0156572
240,1,159.474,0.0156662
239.5,1,158.608,0.0157337
239,1,157.742,0.0157909
238.5,1,156.876,0.0157816
238,1,156.01,0.0156881
237.5,1,155.144,0.0155961
237,1,154.278,0.0155402
236.5,1,153.412,0.0155939
236,1,152.546,0.0156549
235.5,1,151.68,0.0157069
235,1,150.814,0.0156256
234.5,1,149.948,0.0155474
234,1,149.082,0.0154723
233.5,1,148.216,0.0155128
233,1,147.35,0.0155639
232.5,1,146.484,0.0156148
232,1,145.618,0.0155609
231.5,1,144.752,0.0154787
231,1,143.886,0.0153998
230.5,1,143.02,0.0154565
230,1,142.154,0.0155845
229.5,1,141.288,0.0157048
229,1,140.422,0.0157277
228.5,1,139.556,0.0156447
228,1,138.69,0.0155622
227.5,1,137.824,0.0155224
227,1,136.958,0.015569
226.5,1,136.092,0.0156082
226,1,135.226,0.0156268
225.5,1,134.36,0.0155694
225,1,133.494,0.0155209
224.5,1,132.628,0.01548
224,1,131.762,0.0155444
223.5,1,130.896,0.0156021
223,1,130.03,0.0156518
222.5,1,129.164,0.0155821
222,1,128.297,0.0154908
221.5,1,127.431,0.0154017
221,1,126.565,0.0153628
220.5,1,125.699,0.0153439
220,1,124.833,0.0153214
219.5,1,123.967,0.0152748
219,1,123.101,0.0152077
218.5,1,122.235,0.0151437
218,1,121.369,0.0151005
217.5,1,120.503,0.0150876
217,1,119.637,0.015073
216.5,1,118.771,0.0150435
216,1,117.905,0.0149661
215.5,1,117.039,0.0148891
215,1,116.173,0.0148156
214.5,1,115.307,0.014809
214,1,114.441,0.0148039
213.5,1,113.575,0.014799
213,1,112.709,0.0147563
212.5,1,111.843,0.0147093
212,1,110.977,0.0146628
211.5,1,110.111,0.014662
211,1,109.245,0.0146798
210.5,1,108.379,0.0146998
210,1,107.513,0.0146697
209.5,1,106.647,0.0146001
209,1,105.781,0.0145299
208.5,1,104.915,0.0145082
208,1,104.049,0.0145548
207.5,1,103.183,0.0146019
207,1,102.317,0.0146237
206.5,1,101.451,0.0145712
206,1,100.585,0.0145216
205.5,1,99.7187,0.0144867
205,1,98.8526,0.0145588
204.5,1,97.9866,0.0146286
204,1,97.1206,0.014696
203.5,1,96.2546,0.0146016
203,1,95.3885,0.0145001
202.5,1,94.5225,0.0144017
202,1,93.6565,0.0144172
201.5,1,92.7905,0.0144602
201,1,91.9244,0.0144993
200.5,1,91.0584,0.0144607
200,1,90.1924,0.0143805
