x,y,z,b
500,1,609.808,0.0118171
499.5,1,608.942,0.0118278
499,1,608.076,0.011841
498.5,1,607.21,0.011859
498,1,606.344,0.0118753
497.5,1,605.477,0.0118883
497,1,604.611,0.0118938
496.5,1,603.745,0.0118981
496,1,602.879,0.0118982
495.5,1,602.013,0.0118554
495,1,601.147,0.011811
494.5,1,600.281,0.0117651
494,1,599.415,0.0117139
493.5,1,598.549,0.0116623
493,1,597.683,0.0116096
492.5,1,596.817,0.0115562
492,1,595.951,0.0115026
491.5,1,595.085,0.011449
491,1,594.219,0.0114065
490.5,1,593.353,0.01137
490,1,592.487,0.0113316
489.5,1,591.621,0.0113052
489,1,590.755,0.011295
488.5,1,589.889,0.0112824
488,1,589.023,0.0112768
487.5,1,588.157,0.0112927
487,1,587.291,0.0113046
486.5,1,586.425,0.0113223
486,1,585.559,0.0114129
485.5,1,584.693,0.0115007
485,1,583.827,0.0115835
484.5,1,582.961,0.0116524
484,1,582.095,0.0117275
483.5,1,581.229,0.0118094
483,1,580.363,0.0118497
482.5,1,579.497,0.0118812
482,1,578.631,0.0119159
481.5,1,577.765,0.011942
481,1,576.899,0.0119611
480.5,1,576.033,0.0119796
480,1,575.167,0.0119935
479.5,1,574.301,0.0119966
479,1,573.435,0.0119929
478.5,1,572.569,0.0119787
478,1,571.703,0.0119446
477.5,1,570.836,0.0118954
477,1,569.97,0.0118367
476.5,1,569.104,0.0117924
476,1,568.238,0.0117448
475.5,1,567.372,0.0116952
475,1,566.506,0.0117513
474.5,1,565.64,0.0118082
474,1,564.774,0.0118833
473.5,1,563.908,0.0119454
473,1,563.042,0.0120043
472.5,1,562.176,0.012063
472,1,561.31,0.0120761
471.5,1,560.444,0.012074
471,1,559.578,0.0120815
470.5,1,558.712,0.0120763
470,1,557.846,0.0120597
469.5,1,556.98,0.0120426
469,1,556.114,0.0120146
468.5,1,555.248,0.0119826
468,1,554.382,0.0119576
467.5,1,553.516,0.0119435
467,1,552.65,0.0119533
466.5,1,551.784,0.011969
466,1,550.918,0.011991
465.5,1,550.052,0.0120213
465,1,549.186,0.0120502
464.5,1,548.32,0.0120777
464,1,547.454,0.0121241
463.5,1,546.588,0.0121686
463,1,545.722,0.0122034
462.5,1,544.856,0.0122423
462,1,543.99,0.0122816
461.5,1,543.124,0.0123183
461,1,542.258,0.0123384
460.5,1,541.392,0.0123467
460,1,540.526,0.0123532
459.5,1,539.66,0.0123486
459,1,538.794,0.0123274
458.5,1,537.928,0.012302
458,1,537.061,0.0122779
457.5,1,536.195,0.012266
457,1,535.329,0.0122512
456.5,1,534.463,0.012242
456,1,533.597,0.0122899
455.5,1,532.731,0.0123349
455,1,531.865,0.0123748
454.5,1,530.999,0.0124435
454,1,530.133,0.0125149
453.5,1,529.267,0.0125877
453,1,528.401,0.0126522
452.5,1,527.535,0.0127242
452,1,526.669,0.0128101
451.5,1,525.803,0.0129023
451,1,524.937,0.0130078
450.5,1,524.071,0.0131318
450,1,523.205,0.0132709
449.5,1,522.339,0.0134059
449,1,521.473,0.0135466
448.5,1,520.607,0.0136854
448,1,519.741,0.0137916
447.5,1,518.875,0.0138893
447,1,518.009,0.0139813
446.5,1,517.143,0.014088
446,1,516.277,0.0141929
445.5,1,515.411,0.0142971
445,1,514.545,0.0144234
444.5,1,513.679,0.014493
444,1,512.813,0.014567
443.5,1,511.947,0.0147776
443,1,511.081,0.014936
442.5,1,510.215,0.0150191
442,1,509.349,0.0151344
441.5,1,508.483,0.015271
441,1,507.617,0.0154636
440.5,1,506.751,0.0155854
440,1,505.885,0.0156592
439.5,1,505.019,0.0157062
439,1,504.153,0.0158249
438.5,1,503.286,0.0160965
438,1,502.42,0.0163502
437.5,1,501.554,0.0165656
437,1,500.688,0.0167085
436.5,1,499.822,0.0167984
436,1,498.956,0.0169305
435.5,1,498.09,0.0179342
435,1,497.224,0.0188764
434.5,1,496.358,0.019757
434,1,495.492,0.0195846
433.5,1,494.626,0.0194074
433,1,493.76,0.0192076
432.5,1,492.894,0.0214367
432,1,492.028,0.0272824
431.5,1,491.162,0.0280546
431,1,490.296,0.0288741
430.5,1,489.43,0.0297219
430,1,488.564,0.0298822
429.5,1,487.698,0.0300018
429,1,486.832,0.0298686
428.5,1,485.966,0.0271504
428,1,485.1,0.0262619
427.5,1,484.234,0.026135
427,1,483.368,0.0260176
426.5,1,482.502,0.0258793
426,1,481.636,0.0253671
425.5,1,480.77,0.0249276
425,1,479.904,0.0246309
424.5,1,479.038,0.0251068
424,1,478.172,0.0256676
423.5,1,477.306,0.0262991
423,1,476.44,0.0262398
422.5,1,475.574,0.0260697
422,1,474.708,0.0259111
421.5,1,473.842,0.0257132
421,1,472.976,0.025492
420.5,1,472.11,0.0253264
420,1,471.244,0.0256428
419.5,1,470.378,0.0263729
419,1,469.512,0.0270715
418.5,1,468.645,0.0273893
418,1,467.779,0.0271998
417.5,1,466.913,0.0271705
417,1,466.047,0.0274426
416.5,1,465.181,0.0282394
416,1,464.315,0.028946
415.5,1,463.449,0.0295568
415,1,462.583,0.0299368
414.5,1,461.717,0.030378
414,1,460.851,0.0308345
413.5,1,459.985,0.0301714
413,1,459.119,0.0294796
412.5,1,458.253,0.0289297
412,1,457.387,0.0287474
411.5,1,456.521,0.0284238
411,1,455.655,0.0278116
410.5,1,454.789,0.027734
410,1,453.923,0.0280708
409.5,1,453.057,0.0283987
409,1,452.191,0.0286056
408.5,1,451.325,0.0287341
408,1,450.459,0.0289127
407.5,1,449.593,0.0287554
407,1,448.727,0.0276243
406.5,1,447.861,0.0265796
406,1,446.995,0.0257917
405.5,1,446.129,0.0266304
405,1,445.263,0.0274777
404.5,1,444.397,0.0292713
404,1,443.531,0.0299068
403.5,1,442.665,0.0305105
403,1,441.799,0.0310823
402.5,1,440.933,0.0316224
402,1,440.067,0.0321921
401.5,1,439.201,0.0329128
401,1,438.335,0.0337569
400.5,1,437.469,0.0341945
400,1,436.603,0.0347429
399.5,1,435.737,0.0354116
399,1,434.87,0.0360578
398.5,1,434.004,0.0366774
398,1,433.138,0.0367938
397.5,1,432.272,0.0355116
397,1,431.406,0.0342722
396.5,1,430.54,0.0333322
396,1,429.674,0.0332505
395.5,1,428.808,0.0329949
395,1,427.942,0.0321321
394.5,1,427.076,0.0317418
394,1,426.21,0.0322213
393.5,1,425.344,0.0322863
393,1,424.478,0.0321125
392.5,1,423.612,0.0347515
392,1,422.746,0.035407
391.5,1,421.88,0.035311
391,1,421.014,0.035269
390.5,1,420.148,0.0355409
390,1,419.282,0.036302
389.5,1,418.416,0.0375154
389,1,417.55,0.0389685
388.5,1,416.684,0.0408939
388,1,415.818,0.0430769
387.5,1,414.952,0.0453085
387,1,414.086,0.0476083
386.5,1,413.22,0.0504107
386,1,412.354,0.0534618
385.5,1,411.488,0.0566587
385,1,410.622,0.0585844
384.5,1,409.756,0.0602422
384,1,408.89,0.0614746
383.5,1,408.024,0.0614524
383,1,407.158,0.0613496
382.5,1,406.292,0.0612868
382,1,405.426,0.0600879
381.5,1,404.56,0.0587803
381,1,403.694,0.0572712
380.5,1,402.828,0.0554119
380,1,401.962,0.0533631
379.5,1,401.095,0.0514655
379,1,400.229,0.0515158
378.5,1,399.363,0.0537016
378,1,398.497,0.0577397
377.5,1,397.631,0.059242
377,1,396.765,0.0556404
376.5,1,395.899,0.0569704
376,1,395.033,0.058814
375.5,1,394.167,0.0584377
375,1,393.301,0.0585682
374.5,1,392.435,0.0592454
374,1,391.569,0.0585166
373.5,1,390.703,0.0582235
373,1,389.837,0.0583309
372.5,1,388.971,0.0575042
372,1,388.105,0.0575251
371.5,1,387.239,0.0570433
371,1,386.373,0.0569739
370.5,1,385.507,0.0554637
370,1,384.641,0.0552276
369.5,1,383.775,0.05388
369,1,382.909,0.0522825
368.5,1,382.043,0.0496892
368,1,381.177,0.0491983
367.5,1,380.311,0.0481649
367,1,379.445,0.0487072
366.5,1,378.579,0.0512601
366,1,377.713,0.0525029
365.5,1,376.847,0.051702
365,1,375.981,0.0513801
364.5,1,375.115,0.0513619
364,1,374.249,0.0521713
363.5,1,373.383,0.0528585
363,1,372.517,0.0541397
362.5,1,371.651,0.0533477
362,1,370.785,0.0527287
361.5,1,369.919,0.052185
361,1,369.053,0.0497135
360.5,1,368.187,0.0470674
360,1,367.321,0.0469711
359.5,1,366.454,0.0485333
359,1,365.588,0.0495603
358.5,1,364.722,0.0531352
358,1,363.856,0.0590817
357.5,1,362.99,0.0652941
357,1,362.124,0.073846
356.5,1,361.258,0.0803646
356,1,360.392,0.0855481
355.5,1,359.526,0.0863736
355,1,358.66,0.0785108
354.5,1,357.794,0.0682344
354,1,356.928,0.0589851
353.5,1,356.062,0.0502317
353,1,355.196,0.0427154
352.5,1,354.33,0.0373205
352,1,353.464,0.0333183
351.5,1,352.598,0.0308429
351,1,351.732,0.0280295
350.5,1,350.866,0.0262667
350,1,350,0.0283392
349.5,1,349.134,0.031741
349,1,348.268,0.0399303
348.5,1,347.402,0.0478726
348,1,346.536,0.0532897
347.5,1,345.67,0.0504523
347,1,344.804,0.0444425
346.5,1,343.938,0.0341496
346,1,343.072,0.0301794
345.5,1,342.206,0.0274875
345,1,341.34,0.0265621
344.5,1,340.474,0.0276291
344,1,339.608,0.028824
343.5,1,338.742,0.0298856
343,1,337.876,0.0315858
342.5,1,337.01,0.0339947
342,1,336.144,0.0383258
341.5,1,335.278,0.0460262
341,1,334.412,0.0574834
340.5,1,333.546,0.0695114
340,1,332.679,0.0826297
339.5,1,331.813,0.0923202
339,1,330.947,0.0986182
338.5,1,330.081,0.106374
338,1,329.215,0.112424
337.5,1,328.349,0.11699
337,1,327.483,0.121716
336.5,1,326.617,0.123136
336,1,325.751,0.122396
335.5,1,324.885,0.123553
335,1,324.019,0.123715
334.5,1,323.153,0.12426
334,1,322.287,0.125815
333.5,1,321.421,0.128068
333,1,320.555,0.131096
332.5,1,319.689,0.133362
332,1,318.823,0.135621
331.5,1,317.957,0.13736
331,1,317.091,0.137504
330.5,1,316.225,0.137317
330,1,315.359,0.136432
329.5,1,314.493,0.134873
329,1,313.627,0.133215
328.5,1,312.761,0.131202
328,1,311.895,0.127118
327.5,1,311.029,0.120663
327,1,310.163,0.101122
326.5,1,309.297,0.0843124
326,1,308.431,0.0756659
325.5,1,307.565,0.0721667
325,1,306.699,0.0664902
324.5,1,305.833,0.0531861
324,1,304.967,0.0394206
323.5,1,304.101,0.0280343
323,1,303.235,0.0239614
322.5,1,302.369,0.02214
322,1,301.503,0.0224302
321.5,1,300.637,0.0238909
321,1,299.771,0.0256541
320.5,1,298.905,0.0283218
320,1,298.038,0.0343502
319.5,1,297.172,0.0357946
319,1,296.306,0.0364874
318.5,1,295.44,0.0361534
318,1,294.574,0.0360049
317.5,1,293.708,0.035797
317,1,292.842,0.0344791
316.5,1,291.976,0.0330624
316,1,291.11,0.0310114
315.5,1,290.244,0.0282397
315,1,289.378,0.0249201
314.5,1,288.512,0.020992
314,1,287.646,0.0194187
313.5,1,286.78,0.0176867
313,1,285.914,0.0156879
312.5,1,285.048,0.0151755
312,1,284.182,0.0150812
311.5,1,283.316,0.0147043
311,1,282.45,0.0145684
310.5,1,281.584,0.0145696
310,1,280.718,0.0145744
309.5,1,279.852,0.0144198
309,1,278.986,0.0141192
308.5,1,278.12,0.0138491
308,1,277.254,0.0136118
307.5,1,276.388,0.0133918
307,1,275.522,0.0131829
306.5,1,274.656,0.0130047
306,1,273.79,0.0128809
305.5,1,272.924,0.0127649
305,1,272.058,0.0126566
304.5,1,271.192,0.0125585
304,1,270.326,0.0124664
303.5,1,269.46,0.0123763
303,1,268.594,0.0123409
302.5,1,267.728,0.0123078
302,1,266.862,0.0122714
301.5,1,265.996,0.0122908
301,1,265.13,0.0123195
300.5,1,264.263,0.0123334
300,1,263.397,0.0123547
299.5,1,262.531,0.0123832
299,1,261.665,0.0124091
298.5,1,260.799,0.0124251
298,1,259.933,0.0124379
297.5,1,259.067,0.0124526
297,1,258.201,0.0124659
296.5,1,257.335,0.0124793
296,1,256.469,0.0125104
295.5,1,255.603,0.0125455
295,1,254.737,0.0125557
294.5,1,253.871,0.0125746
294,1,253.005,0.0126023
293.5,1,252.139,0.0126666
293,1,251.273,0.0127387
292.5,1,250.407,0.0128156
292,1,249.541,0.0129268
291.5,1,248.675,0.0130468
291,1,247.809,0.0131696
290.5,1,246.943,0.0133086
290,1,246.077,0.0134516
289.5,1,245.211,0.0135912
289,1,244.345,0.0137232
288.5,1,243.479,0.0138469
288,1,242.613,0.0139875
287.5,1,241.747,0.0141295
287,1,240.881,0.0142746
286.5,1,240.015,0.0144125
286,1,239.149,0.0145399
285.5,1,238.283,0.0146328
285,1,237.417,0.0147167
284.5,1,236.551,0.0147944
284,1,235.685,0.0148842
283.5,1,234.819,0.0149744
283,1,233.953,0.0150645
282.5,1,233.087,0.0151023
282,1,232.221,0.0151262
281.5,1,231.355,0.0151481
281,1,230.488,0.0151781
280.5,1,229.622,0.015213
280,1,228.756,0.0152425
279.5,1,227.89,0.015222
279,1,227.024,0.0151571
278.5,1,226.158,0.0150923
278,1,225.292,0.0150426
277.5,1,224.426,0.0150178
277,1,223.56,0.0149708
276.5,1,222.694,0.0149027
276,1,221.828,0.0147757
275.5,1,220.962,0.0146528
275,1,220.096,0.0145351
274.5,1,219.23,0.0144714
274,1,218.364,0.0144058
273.5,1,217.498,0.0143397
273,1,216.632,0.0142726
272.5,1,215.766,0.0142054
272,1,214.9,0.0141381
271.5,1,214.034,0.0141033
271,1,213.168,0.0140779
270.5,1,212.302,0.0140486
270,1,211.436,0.0140176
269.5,1,210.57,0.0139821
269,1,209.704,0.0139428
268.5,1,208.838,0.0139053
268,1,207.972,0.0138736
267.5,1,207.106,0.0138364
267,1,206.24,0.0137822
266.5,1,205.374,0.013691
266,1,204.508,0.0136055
265.5,1,203.642,0.0135231
265,1,202.776,0.0134696
264.5,1,201.91,0.0134142
264,1,201.044,0.0133569
263.5,1,200.178,0.0132679
263,1,199.312,0.0131828
262.5,1,198.446,0.0131017
262,1,197.58,0.0130386
261.5,1,196.714,0.0129814
261,1,195.847,0.0129297
260.5,1,194.981,0.0129117
260,1,194.115,0.012912
259.5,1,193.249,0.0129177
259,1,192.383,0.012919
258.5,1,191.517,0.0129112
258,1,190.651,0.0129157
257.5,1,189.785,0.0129377
257,1,188.919,0.0129903
256.5,1,188.053,0.0130471
256,1,187.187,0.0130945
255.5,1,186.321,0.0130602
255,1,185.455,0.0130315
254.5,1,184.589,0.013006
254,1,183.723,0.0130605
253.5,1,182.857,0.0131117
253,1,181.991,0.0131576
252.5,1,181.125,0.0131759
252,1,180.259,0.013196
251.5,1,179.393,0.0132238
251,1,178.527,0.0132689
250.5,1,177.661,0.0133197
250,1,176.795,0.0133685
249.5,1,175.929,0.0134153
249,1,175.063,0.0134662
248.5,1,174.197,0.013523
248,1,173.331,0.0135851
247.5,1,172.465,0.013646
247,1,171.599,0.0136997
246.5,1,170.733,0.0137489
246,1,169.867,0.0137989
245.5,1,169.001,0.0138558
245,1,168.135,0.0139195
244.5,1,167.269,0.0139761
244,1,166.403,0.0140232
243.5,1,165.537,0.0140665
243,1,164.671,0.0140762
242.5,1,163.805,0.0140868
242,1,162.939,0.014103
241.5,1,162.072,0.0141066
241,1,161.206,0.0141055
240.5,1,160.34,0.0141018
240,1,159.474,0.0141193
239.5,1,158.608,0.0141577
239,1,157.742,0.0141974
238.5,1,156.876,0.0142292
238,1,156.01,0.0142486
237.5,1,155.144,0.0142655
237,1,154.278,0.014274
236.5,1,153.412,0.0142638
236,1,152.546,0.014249
235.5,1,151.68,0.0142376
235,1,150.814,0.0142508
234.5,1,149.948,0.0142599
234,1,149.082,0.0142649
233.5,1,148.216,0.0142245
233,1,147.35,0.0141823
232.5,1,146.484,0.0141444
232,1,145.618,0.0141395
231.5,1,144.752,0.0141403
231,1,143.886,0.0141376
230.5,1,143.02,0.0140862
230,1,142.154,0.014008
229.5,1,141.288,0.0139325
229,1,140.422,0.0139071
228.5,1,139.556,0.0139371
228,1,138.69,0.0139673
227.5,1,137.824,0.0139705
227,1,136.958,0.0139214
226.5,1,136.092,0.0138795
226,1,135.226,0.013859
225.5,1,134.36,0.0139235
225,1,133.494,0.0139836
224.5,1,132.628,0.0140371
224,1,131.762,0.0139947
223.5,1,130.896,0.0139647
223,1,130.03,0.0139483
222.5,1,129.164,0.014007
222,1,128.297,0.0140653
221.5,1,127.431,0.0141066
221,1,126.565,0.0140816
220.5,1,125.699,0.0140381
220,1,124.833,0.0140052
219.5,1,123.967,0.0140215
219,1,123.101,0.0140672
218.5,1,122.235,0.0141019
218,1,121.369,0.0140883
217.5,1,120.503,0.0140111
217,1,119.637,0.0139454
216.5,1,118.771,0.0139167
216,1,117.905,0.0139861
215.5,1,117.039,0.0140437
215,1,116.173,0.0140837
214.5,1,115.307,0.0139902
214,1,114.441,0.0139031
213.5,1,113.575,0.0138223
213,1,112.709,0.0139172
212.5,1,111.843,0.0140307
212,1,110.977,0.0141404
211.5,1,110.111,0.0140819
211,1,109.245,0.0139676
210.5,1,108.379,0.0138599
210,1,107.513,0.0139019
209.5,1,106.647,0.014048
209,1,105.781,0.014188
208.5,1,104.915,0.0141848
208,1,104.049,0.0139953
207.5,1,103.183,0.0138154
207,1,102.317,0.0137402
206.5,1,101.451,0.0139379
206,1,100.585,0.0141218
205.5,1,99.7187,0.0142526
205,1,98.8526,0.014035
204.5,1,97.9866,0.0138276
204,1,97.1206,0.0136305
203.5,1,96.2546,0.0137966
203,1,95.3885,0.0139717
202.5,1,94.5225,0.0141351
202,1,93.6565,0.0139988
201.5,1,92.7905,0.0137936
201,1,91.9244,0.0136011
200.5,1,91.0584,0.0136651
200,1,90.1924,0.0138708
