x,y,z,b
500,1,609.808,0.0116398
499.5,1,608.942,0.0116252
499,1,608.076,0.0116147
498.5,1,607.21,0.011609
498,1,606.344,0.0116008
497.5,1,605.477,0.0115871
497,1,604.611,0.011563
496.5,1,603.745,0.011542
496,1,602.879,0.0115244
495.5,1,602.013,0.0115089
495,1,601.147,0.0114968
494.5,1,600.281,0.011488
494,1,599.415,0.0114739
493.5,1,598.549,0.0114642
493,1,597.683,0.0114575
492.5,1,596.817,0.0114189
492,1,595.951,0.0113727
491.5,1,595.085,0.0113312
491,1,594.219,0.0112743
490.5,1,593.353,0.0112008
490,1,592.487,0.0111255
489.5,1,591.621,0.0110712
489,1,590.755,0.0110422
488.5,1,589.889,0.0110055
488,1,589.023,0.0109787
487.5,1,588.157,0.0109921
487,1,587.291,0.0109971
486.5,1,586.425,0.0110119
486,1,585.559,0.0111551
485.5,1,584.693,0.0112786
485,1,583.827,0.0113811
484.5,1,582.961,0.0116821
484,1,582.095,0.0119947
483.5,1,581.229,0.0123095
483,1,580.363,0.0126333
482.5,1,579.497,0.0129662
482,1,578.631,0.0132697
481.5,1,577.765,0.0135111
481,1,576.899,0.013749
480.5,1,576.033,0.0140278
480,1,575.167,0.014236
479.5,1,574.301,0.0143064
479,1,573.435,0.0144044
478.5,1,572.569,0.0144998
478,1,571.703,0.014519
477.5,1,570.836,0.0145418
477,1,569.97,0.0145518
476.5,1,569.104,0.0145107
476,1,568.238,0.0144807
475.5,1,567.372,0.0144606
475,1,566.506,0.0143393
474.5,1,565.64,0.0142084
474,1,564.774,0.0140605
473.5,1,563.908,0.0139294
473,1,563.042,0.0138044
472.5,1,562.176,0.0136827
472,1,561.31,0.0135692
471.5,1,560.444,0.0134544
471,1,559.578,0.0133356
470.5,1,558.712,0.0132723
470,1,557.846,0.0132607
469.5,1,556.98,0.0132479
469,1,556.114,0.0131965
468.5,1,555.248,0.0131038
468,1,554.382,0.0130363
467.5,1,553.516,0.0129733
467,1,552.65,0.0128515
466.5,1,551.784,0.0127347
466,1,550.918,0.012626
465.5,1,550.052,0.0125383
465,1,549.186,0.0124446
464.5,1,548.32,0.012345
464,1,547.454,0.0123493
463.5,1,546.588,0.0123536
463,1,545.722,0.012355
462.5,1,544.856,0.0124149
462,1,543.99,0.0124787
461.5,1,543.124,0.0125231
461,1,542.258,0.0126647
460.5,1,541.392,0.0128629
460,1,540.526,0.0130358
459.5,1,539.66,0.0132158
459,1,538.794,0.0134269
458.5,1,537.928,0.013619
458,1,537.061,0.0138154
457.5,1,536.195,0.0140746
457,1,535.329,0.0143069
456.5,1,534.463,0.0144984
456,1,533.597,0.0146103
455.5,1,532.731,0.014776
455,1,531.865,0.0149523
454.5,1,530.999,0.0150404
454,1,530.133,0.0151633
453.5,1,529.267,0.0153236
453,1,528.401,0.0153667
452.5,1,527.535,0.0154014
452,1,526.669,0.0154072
451.5,1,525.803,0.0153803
451,1,524.937,0.0153432
450.5,1,524.071,0.0153307
450,1,523.205,0.0153051
449.5,1,522.339,0.0152203
449,1,521.473,0.0151373
448.5,1,520.607,0.0151
448,1,519.741,0.0151189
447.5,1,518.875,0.0151607
447,1,518.009,0.0152113
446.5,1,517.143,0.0152155
446,1,516.277,0.0152582
445.5,1,515.411,0.0153383
445,1,514.545,0.015396
444.5,1,513.679,0.0154721
444,1,512.813,0.0155572
443.5,1,511.947,0.0155842
443,1,511.081,0.0156073
442.5,1,510.215,0.0156379
442,1,509.349,0.0156846
441.5,1,508.483,0.01574
441,1,507.617,0.0157938
440.5,1,506.751,0.0158336
440,1,505.885,0.0158612
439.5,1,505.019,0.0158925
439,1,504.153,0.0159454
438.5,1,503.286,0.0160232
438,1,502.42,0.0161004
437.5,1,501.554,0.016161
437,1,500.688,0.0161647
436.5,1,499.822,0.0161718
436,1,498.956,0.0161775
435.5,1,498.09,0.0161502
435,1,497.224,0.0161325
434.5,1,496.358,0.0161243
434,1,495.492,0.0161679
433.5,1,494.626,0.0162247
433,1,493.76,0.0162834
432.5,1,492.894,0.016301
432,1,492.028,0.0162809
431.5,1,491.162,0.0162329
431,1,490.296,0.0160232
430.5,1,489.43,0.0156561
430,1,488.564,0.0152326
429.5,1,487.698,0.0148472
429,1,486.832,0.0145242
428.5,1,485.966,0.014198
428,1,485.1,0.0139468
427.5,1,484.234,0.0139235
427,1,483.368,0.0139114
426.5,1,482.502,0.013913
426,1,481.636,0.0139727
425.5,1,480.77,0.0140361
425,1,479.904,0.0141218
424.5,1,479.038,0.014487
424,1,478.172,0.0148578
423.5,1,477.306,0.015228
423,1,476.44,0.015576
422.5,1,475.574,0.0159084
422,1,474.708,0.0162475
421.5,1,473.842,0.0166378
421,1,472.976,0.0170451
420.5,1,472.11,0.0174359
420,1,471.244,0.0177893
419.5,1,470.378,0.0180974
419,1,469.512,0.018374
418.5,1,468.645,0.0186289
418,1,467.779,0.0188839
417.5,1,466.913,0.0191257
417,1,466.047,0.0193629
416.5,1,465.181,0.0196025
416,1,464.315,0.0198251
415.5,1,463.449,0.0200344
415,1,462.583,0.0203339
414.5,1,461.717,0.0206229
414,1,460.851,0.020886
413.5,1,459.985,0.0209189
413,1,459.119,0.0209246
412.5,1,458.253,0.0209333
412,1,457.387,0.0208277
411.5,1,456.521,0.0207153
411,1,455.655,0.020748
410.5,1,454.789,0.0209829
410,1,453.923,0.0213704
409.5,1,453.057,0.0217904
409,1,452.191,0.0223829
408.5,1,451.325,0.0232329
408,1,450.459,0.0240871
407.5,1,449.593,0.0249337
407,1,448.727,0.025768
406.5,1,447.861,0.0265953
406,1,446.995,0.0273712
405.5,1,446.129,0.0276673
405,1,445.263,0.0279239
404.5,1,444.397,0.0281412
404,1,443.531,0.0284579
403.5,1,442.665,0.0289273
403,1,441.799,0.0294839
402.5,1,440.933,0.031251
402,1,440.067,0.0333459
401.5,1,439.201,0.0354183
401,1,438.335,0.0356954
400.5,1,437.469,0.0344348
400,1,436.603,0.0326916
399.5,1,435.737,0.0318593
399,1,434.87,0.0320285
398.5,1,434.004,0.0328255
398,1,433.138,0.0330417
397.5,1,432.272,0.0330911
397,1,431.406,0.0332102
396.5,1,430.54,0.0333505
396,1,429.674,0.0339071
395.5,1,428.808,0.0348616
395,1,427.942,0.0354651
394.5,1,427.076,0.0367054
394,1,426.21,0.0384204
393.5,1,425.344,0.0396097
393,1,424.478,0.0415262
392.5,1,423.612,0.043652
392,1,422.746,0.0461171
391.5,1,421.88,0.0495521
391,1,421.014,0.0552768
390.5,1,420.148,0.0564222
390,1,419.282,0.0575604
389.5,1,418.416,0.0586916
389,1,417.55,0.0582877
388.5,1,416.684,0.057856
388,1,415.818,0.0575064
387.5,1,414.952,0.057239
387,1,414.086,0.0570538
386.5,1,413.22,0.0569507
386,1,412.354,0.0571369
385.5,1,411.488,0.057381
385,1,410.622,0.0571418
384.5,1,409.756,0.0569145
384,1,408.89,0.0566991
383.5,1,408.024,0.0564957
383,1,407.158,0.0562577
382.5,1,406.292,0.0559206
382,1,405.426,0.0555881
381.5,1,404.56,0.05526
381,1,403.694,0.0549365
380.5,1,402.828,0.0546175
380,1,401.962,0.0543156
379.5,1,401.095,0.0549493
379,1,400.229,0.0557495
378.5,1,399.363,0.0567084
378,1,398.497,0.0578261
377.5,1,397.631,0.0591025
377,1,396.765,0.0605377
376.5,1,395.899,0.0613922
376,1,395.033,0.0618826
375.5,1,394.167,0.0623315
375,1,393.301,0.0627392
374.5,1,392.435,0.0631013
374,1,391.569,0.0634389
373.5,1,390.703,0.0633251
373,1,389.837,0.0623691
372.5,1,388.971,0.061371
372,1,388.105,0.0603309
371.5,1,387.239,0.0592486
371,1,386.373,0.0581242
370.5,1,385.507,0.0570137
370,1,384.641,0.0569629
369.5,1,383.775,0.0567589
369,1,382.909,0.0564194
368.5,1,382.043,0.0522265
368,1,381.177,0.0503497
367.5,1,380.311,0.0503922
367,1,379.445,0.0500597
366.5,1,378.579,0.0505117
366,1,377.713,0.0516439
365.5,1,376.847,0.0533542
365,1,375.981,0.0542741
364.5,1,375.115,0.054753
364,1,374.249,0.0549736
363.5,1,373.383,0.054938
363,1,372.517,0.0538884
362.5,1,371.651,0.0525534
362,1,370.785,0.0513282
361.5,1,369.919,0.0502266
361,1,369.053,0.0491323
360.5,1,368.187,0.0480683
360,1,367.321,0.0470619
359.5,1,366.454,0.0459769
359,1,365.588,0.0446476
358.5,1,364.722,0.0436152
358,1,363.856,0.0434726
357.5,1,362.99,0.04386
357,1,362.124,0.0440503
356.5,1,361.258,0.0451054
356,1,360.392,0.0461871
355.5,1,359.526,0.0473064
355,1,358.66,0.0482267
354.5,1,357.794,0.0492905
354,1,356.928,0.0504751
353.5,1,356.062,0.0511734
353,1,355.196,0.0519567
352.5,1,354.33,0.0528907
352,1,353.464,0.0546842
351.5,1,352.598,0.0568521
351,1,351.732,0.0581709
350.5,1,350.866,0.0577855
350,1,350,0.0562601
349.5,1,349.134,0.0541688
349,1,348.268,0.0500631
348.5,1,347.402,0.0441892
348,1,346.536,0.0385069
347.5,1,345.67,0.0364193
347,1,344.804,0.0340789
346.5,1,343.938,0.0294031
346,1,343.072,0.0267693
345.5,1,342.206,0.0262106
345,1,341.34,0.0236056
344.5,1,340.474,0.0238058
344,1,339.608,0.0250924
343.5,1,338.742,0.0275804
343,1,337.876,0.0300916
342.5,1,337.01,0.0322497
342,1,336.144,0.0330546
341.5,1,335.278,0.0330737
341,1,334.412,0.0324679
340.5,1,333.546,0.0319801
340,1,332.679,0.0319718
339.5,1,331.813,0.0326906
339,1,330.947,0.0336543
338.5,1,330.081,0.0347626
338,1,329.215,0.0360613
337.5,1,328.349,0.0371007
337,1,327.483,0.037765
336.5,1,326.617,0.038255
336,1,325.751,0.0385988
335.5,1,324.885,0.0387196
335,1,324.019,0.038657
334.5,1,323.153,0.0384839
334,1,322.287,0.0385948
333.5,1,321.421,0.0388016
333,1,320.555,0.0390109
332.5,1,319.689,0.0401016
332,1,318.823,0.0408459
331.5,1,317.957,0.0412497
331,1,317.091,0.04082
330.5,1,316.225,0.0401334
330,1,315.359,0.0395516
329.5,1,314.493,0.0398639
329,1,313.627,0.0405943
328.5,1,312.761,0.0415397
328,1,311.895,0.0452517
327.5,1,311.029,0.0502317
327,1,310.163,0.0534515
326.5,1,309.297,0.0559321
326,1,308.431,0.0581561
325.5,1,307.565,0.0601127
325,1,306.699,0.0600764
324.5,1,305.833,0.0593558
324,1,304.967,0.0592603
323.5,1,304.101,0.0590307
323,1,303.235,0.0584237
322.5,1,302.369,0.053738
322,1,301.503,0.0513735
321.5,1,300.637,0.0501666
321,1,299.771,0.0505195
320.5,1,298.905,0.0515464
320,1,298.038,0.0530042
319.5,1,297.172,0.0548064
319,1,296.306,0.0565509
318.5,1,295.44,0.0580155
318,1,294.574,0.0588299
317.5,1,293.708,0.0596561
317,1,292.842,0.0602437
316.5,1,291.976,0.0609474
316,1,291.11,0.0617165
315.5,1,290.244,0.0618656
315,1,289.378,0.0619136
314.5,1,288.512,0.061602
314,1,287.646,0.061338
313.5,1,286.78,0.0611395
313,1,285.914,0.0606654
312.5,1,285.048,0.0599451
312,1,284.182,0.0585065
311.5,1,283.316,0.0570689
311,1,282.45,0.0553644
310.5,1,281.584,0.0533701
310,1,280.718,0.0510155
309.5,1,279.852,0.0484814
309,1,278.986,0.0460503
308.5,1,278.12,0.0438654
308,1,277.254,0.0423718
307.5,1,276.388,0.041918
307,1,275.522,0.0413574
306.5,1,274.656,0.0403905
306,1,273.79,0.039451
305.5,1,272.924,0.0362169
305,1,272.058,0.0343379
304.5,1,271.192,0.0326305
304,1,270.326,0.0312788
303.5,1,269.46,0.0303796
303,1,268.594,0.0301397
302.5,1,267.728,0.0297838
302,1,266.862,0.0292186
301.5,1,265.996,0.0293411
301,1,265.13,0.0299244
300.5,1,264.263,0.0298496
300,1,263.397,0.0298982
299.5,1,262.531,0.0297793
299,1,261.665,0.0289653
298.5,1,260.799,0.0283084
298,1,259.933,0.0274745
297.5,1,259.067,0.0266781
297,1,258.201,0.0258533
296.5,1,257.335,0.0248369
296,1,256.469,0.0238642
295.5,1,255.603,0.0229057
295,1,254.737,0.0213556
294.5,1,253.871,0.0198641
294,1,253.005,0.0184313
293.5,1,252.139,0.0171447
293,1,251.273,0.0158359
292.5,1,250.407,0.0144951
292,1,249.541,0.0139239
291.5,1,248.675,0.0135618
291,1,247.809,0.0131216
290.5,1,246.943,0.0128941
290,1,246.077,0.0128423
289.5,1,245.211,0.0127866
289,1,244.345,0.0127484
288.5,1,243.479,0.0127386
288,1,242.613,0.012715
287.5,1,241.747,0.0127037
287,1,240.881,0.0127228
286.5,1,240.015,0.0127535
286,1,239.149,0.0128005
285.5,1,238.283,0.0128749
285,1,237.417,0.0129368
284.5,1,236.551,0.0129999
284,1,235.685,0.0130755
283.5,1,234.819,0.0131466
283,1,233.953,0.0132123
282.5,1,233.087,0.013267
282,1,232.221,0.0133253
281.5,1,231.355,0.0133838
281,1,230.488,0.0133891
280.5,1,229.622,0.0133658
280,1,228.756,0.0133406
279.5,1,227.89,0.0133475
279,1,227.024,0.0133979
278.5,1,226.158,0.0134652
278,1,225.292,0.0135453
277.5,1,224.426,0.0136328
277,1,223.56,0.0137508
276.5,1,222.694,0.0138783
276,1,221.828,0.0140432
275.5,1,220.962,0.0142045
275,1,220.096,0.0143598
274.5,1,219.23,0.0143976
274,1,218.364,0.0144235
273.5,1,217.498,0.0144406
273,1,216.632,0.0145182
272.5,1,215.766,0.0146072
272,1,214.9,0.0146978
271.5,1,214.034,0.0146836
271,1,213.168,0.0146248
270.5,1,212.302,0.0145656
270,1,211.436,0.0145637
269.5,1,210.57,0.0146072
269,1,209.704,0.0146465
268.5,1,208.838,0.0146421
268,1,207.972,0.0145755
267.5,1,207.106,0.0145094
267,1,206.24,0.0144674
266.5,1,205.374,0.0144982
266,1,204.508,0.0145197
265.5,1,203.642,0.0145301
265,1,202.776,0.014455
264.5,1,201.91,0.0143852
264,1,201.044,0.0143209
263.5,1,200.178,0.0143585
263,1,199.312,0.0144019
262.5,1,198.446,0.014443
262,1,197.58,0.0144161
261.5,1,196.714,0.0143743
261,1,195.847,0.0143404
260.5,1,194.981,0.0143569
260,1,194.115,0.0143848
259.5,1,193.249,0.0143956
259,1,192.383,0.0144211
258.5,1,191.517,0.0144938
258,1,190.651,0.0145878
257.5,1,189.785,0.0146692
257,1,188.919,0.0146623
256.5,1,188.053,0.0146292
256,1,187.187,0.0146061
255.5,1,186.321,0.0148196
255,1,185.455,0.0150613
254.5,1,184.589,0.0153287
254,1,183.723,0.0152738
253.5,1,182.857,0.0151833
253,1,181.991,0.0150643
252.5,1,181.125,0.0152292
252,1,180.259,0.0154787
251.5,1,179.393,0.015749
251,1,178.527,0.0157013
250.5,1,177.661,0.0154654
250,1,176.795,0.0152055
249.5,1,175.929,0.0152175
249,1,175.063,0.0155074
248.5,1,174.197,0.0157996
248,1,173.331,0.0159368
247.5,1,172.465,0.0157783
247,1,171.599,0.0156127
246.5,1,170.733,0.0155009
246,1,169.867,0.0156246
245.5,1,169.001,0.0157528
245,1,168.135,0.0158773
244.5,1,167.269,0.0157758
244,1,166.403,0.0156773
243.5,1,165.537,0.0155837
243,1,164.671,0.0156804
242.5,1,163.805,0.0157992
242,1,162.939,0.0159135
241.5,1,162.072,0.0158869
241,1,161.206,0.0158097
240.5,1,160.34,0.0157351
240,1,159.474,0.0157412
239.5,1,158.608,0.0158076
239,1,157.742,0.0158701
238.5,1,156.876,0.0158628
238,1,156.01,0.0157597
237.5,1,155.144,0.0156587
237,1,154.278,0.0155907
236.5,1,153.412,0.0156144
236,1,152.546,0.0156306
235.5,1,151.68,0.0156374
235,1,150.814,0.015542
234.5,1,149.948,0.0154496
234,1,149.082,0.0153601
233.5,1,148.216,0.015378
233,1,147.35,0.0154026
232.5,1,146.484,0.0154264
232,1,145.618,0.015355
231.5,1,144.752,0.0152595
231,1,143.886,0.0151687
230.5,1,143.02,0.0152015
230,1,142.154,0.0153128
229.5,1,141.288,0.0154332
229,1,140.422,0.0154834
228.5,1,139.556,0.0154421
228,1,138.69,0.0153989
227.5,1,137.824,0.0153985
227,1,136.958,0.015497
226.5,1,136.092,0.0155898
226,1,135.226,0.0156531
225.5,1,134.36,0.0155753
225,1,133.494,0.0154976
224.5,1,132.628,0.0154252
224,1,131.762,0.015535
223.5,1,130.896,0.0156394
223,1,130.03,0.0157361
222.5,1,129.164,0.0156691
222,1,128.297,0.0155723
221.5,1,127.431,0.0154788
221,1,126.565,0.0154586
220.5,1,125.699,0.0154659
220,1,124.833,0.015464
219.5,1,123.967,0.0154085
219,1,123.101,0.0153139
218.5,1,122.235,0.0152251
218,1,121.369,0.0151763
217.5,1,120.503,0.0151848
217,1,119.637,0.0151874
216.5,1,118.771,0.0151607
216,1,117.905,0.015036
215.5,1,117.039,0.014914
215,1,116.173,0.014799
214.5,1,115.307,0.0147773
214,1,114.441,0.014755
213.5,1,113.575,0.0147309
213,1,112.709,0.014665
212.5,1,111.843,0.0145973
212,1,110.977,0.0145333
211.5,1,110.111,0.0145456
211,1,109.245,0.0145835
210.5,1,108.379,0.0146198
210,1,107.513,0.0145752
209.5,1,106.647,0.014473
209,1,105.781,0.014374
208.5,1,104.915,0.0143357
208,1,104.049,0.0143815
207.5,1,103.183,0.0144283
207,1,102.317,0.0144472
206.5,1,101.451,0.014384
206,1,100.585,0.0143229
205.5,1,99.7187,0.0142786
205,1,98.8526,0.0143808
204.5,1,97.9866,0.0144838
204,1,97.1206,0.0145876
203.5,1,96.2546,0.0144951
203,1,95.3885,0.014389
202.5,1,94.5225,0.0142827
202,1,93.6565,0.0143132
201.5,1,92.7905,0.0143809
201,1,91.9244,0.0144482
200.5,1,91.0584,0.0144033
200,1,90.1924,0.0142931
