x,y,z,b
500,1,609.808,0.0122776
499.5,1,608.942,0.0123251
499,1,608.076,0.0123625
498.5,1,607.21,0.0123995
498,1,606.344,0.0124446
497.5,1,605.477,0.0124861
497,1,604.611,0.0124866
496.5,1,603.745,0.0124851
496,1,602.879,0.0124836
495.5,1,602.013,0.0125194
495,1,601.147,0.0125541
494.5,1,600.281,0.0125879
494,1,599.415,0.0125859
493.5,1,598.549,0.0125782
493,1,597.683,0.0125676
492.5,1,596.817,0.0125824
492,1,595.951,0.0126056
491.5,1,595.085,0.0126284
491,1,594.219,0.0126323
490.5,1,593.353,0.0126237
490,1,592.487,0.0126164
489.5,1,591.621,0.0126056
489,1,590.755,0.0125875
488.5,1,589.889,0.0125683
488,1,589.023,0.0125502
487.5,1,588.157,0.0125372
487,1,587.291,0.0125201
486.5,1,586.425,0.0125019
486,1,585.559,0.0125013
485.5,1,584.693,0.0124946
485,1,583.827,0.0124858
484.5,1,582.961,0.0124883
484,1,582.095,0.0124857
483.5,1,581.229,0.0124772
483,1,580.363,0.0125118
482.5,1,579.497,0.012551
482,1,578.631,0.0125846
481.5,1,577.765,0.012647
481,1,576.899,0.0127289
480.5,1,576.033,0.0128104
480,1,575.167,0.0128729
479.5,1,574.301,0.0129168
479,1,573.435,0.0129605
478.5,1,572.569,0.0129873
478,1,571.703,0.0129814
477.5,1,570.836,0.0129776
477,1,569.97,0.0129724
476.5,1,569.104,0.0129524
476,1,568.238,0.0129349
475.5,1,567.372,0.0129199
475,1,566.506,0.0129284
474.5,1,565.64,0.012937
474,1,564.774,0.0129488
473.5,1,563.908,0.0129613
473,1,563.042,0.012973
472.5,1,562.176,0.0129836
472,1,561.31,0.0129783
471.5,1,560.444,0.0129662
471,1,559.578,0.0129526
470.5,1,558.712,0.0129377
470,1,557.846,0.0129208
469.5,1,556.98,0.0129014
469,1,556.114,0.0128772
468.5,1,555.248,0.0128511
468,1,554.382,0.0128264
467.5,1,553.516,0.0128056
467,1,552.65,0.0127987
466.5,1,551.784,0.0127975
466,1,550.918,0.0128068
465.5,1,550.052,0.0128627
465,1,549.186,0.0129211
464.5,1,548.32,0.0129823
464,1,547.454,0.0131901
463.5,1,546.588,0.0134096
463,1,545.722,0.0136206
462.5,1,544.856,0.0137989
462,1,543.99,0.0139636
461.5,1,543.124,0.0141236
461,1,542.258,0.0143106
460.5,1,541.392,0.0145188
460,1,540.526,0.014728
459.5,1,539.66,0.0149811
459,1,538.794,0.0152911
458.5,1,537.928,0.0156087
458,1,537.061,0.0159255
457.5,1,536.195,0.016213
457,1,535.329,0.0165166
456.5,1,534.463,0.0168127
456,1,533.597,0.0169512
455.5,1,532.731,0.0170949
455,1,531.865,0.0172403
454.5,1,530.999,0.0172677
454,1,530.133,0.0172918
453.5,1,529.267,0.0173168
453,1,528.401,0.017281
452.5,1,527.535,0.0172197
452,1,526.669,0.0171534
451.5,1,525.803,0.0170855
451,1,524.937,0.0170145
450.5,1,524.071,0.0169385
450,1,523.205,0.0168677
449.5,1,522.339,0.0168068
449,1,521.473,0.0167452
448.5,1,520.607,0.0167149
448,1,519.741,0.0167559
447.5,1,518.875,0.0167934
447,1,518.009,0.0168136
446.5,1,517.143,0.0167723
446,1,516.277,0.0167299
445.5,1,515.411,0.0166869
445,1,514.545,0.0166661
444.5,1,513.679,0.0166417
444,1,512.813,0.0166228
443.5,1,511.947,0.0165736
443,1,511.081,0.0165165
442.5,1,510.215,0.0164567
442,1,509.349,0.0164681
441.5,1,508.483,0.0165052
441,1,507.617,0.0165419
440.5,1,506.751,0.0165902
440,1,505.885,0.0166478
439.5,1,505.019,0.0166985
439,1,504.153,0.016775
438.5,1,503.286,0.0168959
438,1,502.42,0.0170085
437.5,1,501.554,0.0171228
437,1,500.688,0.0172629
436.5,1,499.822,0.017392
436,1,498.956,0.0175203
435.5,1,498.09,0.0177622
435,1,497.224,0.0179934
434.5,1,496.358,0.0182139
434,1,495.492,0.0185851
433.5,1,494.626,0.0189339
433,1,493.76,0.0192316
432.5,1,492.894,0.0197539
432,1,492.028,0.0203351
431.5,1,491.162,0.0208931
431,1,490.296,0.021532
430.5,1,489.43,0.0222748
430,1,488.564,0.0230424
429.5,1,487.698,0.0235817
429,1,486.832,0.0237861
428.5,1,485.966,0.0240129
428,1,485.1,0.0242112
427.5,1,484.234,0.0242438
427,1,483.368,0.0242946
426.5,1,482.502,0.0243776
426,1,481.636,0.0244989
425.5,1,480.77,0.024616
425,1,479.904,0.0247011
424.5,1,479.038,0.0247541
424,1,478.172,0.0247891
423.5,1,477.306,0.0248055
423,1,476.44,0.0248423
422.5,1,475.574,0.024897
422,1,474.708,0.0248919
421.5,1,473.842,0.0249892
421,1,472.976,0.0251903
420.5,1,472.11,0.0254659
420,1,471.244,0.0256962
419.5,1,470.378,0.0258142
419,1,469.512,0.0259312
418.5,1,468.645,0.0259961
418,1,467.779,0.0259036
417.5,1,466.913,0.0257764
417,1,466.047,0.0256115
416.5,1,465.181,0.0253729
416,1,464.315,0.0251345
415.5,1,463.449,0.0249021
415,1,462.583,0.0248214
414.5,1,461.717,0.0247383
414,1,460.851,0.0246615
413.5,1,459.985,0.02477
413,1,459.119,0.0248568
412.5,1,458.253,0.0248944
412,1,457.387,0.0251198
411.5,1,456.521,0.0253425
411,1,455.655,0.0254008
410.5,1,454.789,0.0252219
410,1,453.923,0.0248744
409.5,1,453.057,0.0244684
409,1,452.191,0.0240374
408.5,1,451.325,0.0236145
408,1,450.459,0.0232183
407.5,1,449.593,0.0228124
407,1,448.727,0.0222945
406.5,1,447.861,0.0219329
406,1,446.995,0.0218443
405.5,1,446.129,0.0228327
405,1,445.263,0.0225845
404.5,1,444.397,0.0226446
404,1,443.531,0.0235318
403.5,1,442.665,0.02517
403,1,441.799,0.0257385
402.5,1,440.933,0.0253275
402,1,440.067,0.025509
401.5,1,439.201,0.025524
401,1,438.335,0.0252855
400.5,1,437.469,0.0254543
400,1,436.603,0.0258764
399.5,1,435.737,0.0266038
399,1,434.87,0.0271266
398.5,1,434.004,0.0274068
398,1,433.138,0.0267039
397.5,1,432.272,0.025705
397,1,431.406,0.024427
396.5,1,430.54,0.0235712
396,1,429.674,0.0241332
395.5,1,428.808,0.0258625
395,1,427.942,0.0261081
394.5,1,427.076,0.0265799
394,1,426.21,0.0277261
393.5,1,425.344,0.0270712
393,1,424.478,0.0262124
392.5,1,423.612,0.0249989
392,1,422.746,0.0243547
391.5,1,421.88,0.0237078
391,1,421.014,0.0235193
390.5,1,420.148,0.0233253
390,1,419.282,0.0232238
389.5,1,418.416,0.0238595
389,1,417.55,0.0260112
388.5,1,416.684,0.0340467
388,1,415.818,0.0435877
387.5,1,414.952,0.0527657
387,1,414.086,0.0584411
386.5,1,413.22,0.0611462
386,1,412.354,0.0636741
385.5,1,411.488,0.0658498
385,1,410.622,0.0659769
384.5,1,409.756,0.0671615
384,1,408.89,0.0685805
383.5,1,408.024,0.066091
383,1,407.158,0.0636974
382.5,1,406.292,0.061792
382,1,405.426,0.0588779
381.5,1,404.56,0.0551353
381,1,403.694,0.0527371
380.5,1,402.828,0.0524331
380,1,401.962,0.0539373
379.5,1,401.095,0.0540745
379,1,400.229,0.0537012
378.5,1,399.363,0.0515905
378,1,398.497,0.0486203
377.5,1,397.631,0.0467299
377,1,396.765,0.0474699
376.5,1,395.899,0.0477753
376,1,395.033,0.0478719
375.5,1,394.167,0.0500236
375,1,393.301,0.0518132
374.5,1,392.435,0.0532223
374,1,391.569,0.0537636
373.5,1,390.703,0.0539096
373,1,389.837,0.0541212
372.5,1,388.971,0.0546484
372,1,388.105,0.0549451
371.5,1,387.239,0.0551286
371,1,386.373,0.0559108
370.5,1,385.507,0.0573714
370,1,384.641,0.0580774
369.5,1,383.775,0.0614333
369,1,382.909,0.0679434
368.5,1,382.043,0.0704293
368,1,381.177,0.0735205
367.5,1,380.311,0.0759347
367,1,379.445,0.0770115
366.5,1,378.579,0.0777665
366,1,377.713,0.0810528
365.5,1,376.847,0.0807929
365,1,375.981,0.0779561
364.5,1,375.115,0.0748802
364,1,374.249,0.0724561
363.5,1,373.383,0.0707441
363,1,372.517,0.0695287
362.5,1,371.651,0.0692203
362,1,370.785,0.0688596
361.5,1,369.919,0.0684706
361,1,369.053,0.0702834
360.5,1,368.187,0.0702898
360,1,367.321,0.0702729
359.5,1,366.454,0.0703177
359,1,365.588,0.0703187
358.5,1,364.722,0.0702336
358,1,363.856,0.0700084
357.5,1,362.99,0.0697696
357,1,362.124,0.0694557
356.5,1,361.258,0.0688754
356,1,360.392,0.0681942
355.5,1,359.526,0.0676699
355,1,358.66,0.0674103
354.5,1,357.794,0.0671743
354,1,356.928,0.066972
353.5,1,356.062,0.0669876
353,1,355.196,0.0670822
352.5,1,354.33,0.0672158
352,1,353.464,0.0672645
351.5,1,352.598,0.0671258
351,1,351.732,0.0673046
350.5,1,350.866,0.0672838
350,1,350,0.0668887
349.5,1,349.134,0.0664422
349,1,348.268,0.0653199
348.5,1,347.402,0.0632504
348,1,346.536,0.0616528
347.5,1,345.67,0.0607986
347,1,344.804,0.0616211
346.5,1,343.938,0.0621988
346,1,343.072,0.0612219
345.5,1,342.206,0.0623291
345,1,341.34,0.0692003
344.5,1,340.474,0.0721113
344,1,339.608,0.0741967
343.5,1,338.742,0.0755397
343,1,337.876,0.0761866
342.5,1,337.01,0.0769291
342,1,336.144,0.0795565
341.5,1,335.278,0.0814325
341,1,334.412,0.0830532
340.5,1,333.546,0.0845268
340,1,332.679,0.0850026
339.5,1,331.813,0.0847909
339,1,330.947,0.0842237
338.5,1,330.081,0.0835158
338,1,329.215,0.0827827
337.5,1,328.349,0.0822691
337,1,327.483,0.0819353
336.5,1,326.617,0.0817885
336,1,325.751,0.0818145
335.5,1,324.885,0.0816298
335,1,324.019,0.0817601
334.5,1,323.153,0.0821127
334,1,322.287,0.0826915
333.5,1,321.421,0.0835769
333,1,320.555,0.0844928
332.5,1,319.689,0.0834415
332,1,318.823,0.0834668
331.5,1,317.957,0.0840363
331,1,317.091,0.0850213
330.5,1,316.225,0.0862321
330,1,315.359,0.0892116
329.5,1,314.493,0.0937798
329,1,313.627,0.0973772
328.5,1,312.761,0.100559
328,1,311.895,0.0993646
327.5,1,311.029,0.109034
327,1,310.163,0.112934
326.5,1,309.297,0.112302
326,1,308.431,0.111484
325.5,1,307.565,0.111188
325,1,306.699,0.109361
324.5,1,305.833,0.108736
324,1,304.967,0.109233
323.5,1,304.101,0.108044
323,1,303.235,0.107483
322.5,1,302.369,0.107663
322,1,301.503,0.10659
321.5,1,300.637,0.104937
321,1,299.771,0.103173
320.5,1,298.905,0.101241
320,1,298.038,0.0987575
319.5,1,297.172,0.0959589
319,1,296.306,0.0936528
318.5,1,295.44,0.091459
318,1,294.574,0.088945
317.5,1,293.708,0.0859374
317,1,292.842,0.0828968
316.5,1,291.976,0.0790245
316,1,291.11,0.0747377
315.5,1,290.244,0.0739878
315,1,289.378,0.0734972
314.5,1,288.512,0.0717848
314,1,287.646,0.0712617
313.5,1,286.78,0.0715649
313,1,285.914,0.0730444
312.5,1,285.048,0.0748003
312,1,284.182,0.0770762
311.5,1,283.316,0.0801134
311,1,282.45,0.0819847
310.5,1,281.584,0.0834927
310,1,280.718,0.0850682
309.5,1,279.852,0.085759
309,1,278.986,0.0856105
308.5,1,278.12,0.0857876
308,1,277.254,0.0859422
307.5,1,276.388,0.0854954
307,1,275.522,0.0849984
306.5,1,274.656,0.0841853
306,1,273.79,0.0831107
305.5,1,272.924,0.0829329
305,1,272.058,0.0834491
304.5,1,271.192,0.0824296
304,1,270.326,0.0820682
303.5,1,269.46,0.0815555
303,1,268.594,0.0804737
302.5,1,267.728,0.0752259
302,1,266.862,0.0707825
301.5,1,265.996,0.0658264
301,1,265.13,0.061332
300.5,1,264.263,0.0574693
300,1,263.397,0.0545119
299.5,1,262.531,0.0525483
299,1,261.665,0.0507484
298.5,1,260.799,0.0485311
298,1,259.933,0.0455339
297.5,1,259.067,0.0425403
297,1,258.201,0.0397655
296.5,1,257.335,0.0376273
296,1,256.469,0.0363009
295.5,1,255.603,0.0337563
295,1,254.737,0.0300849
294.5,1,253.871,0.0277782
294,1,253.005,0.0255375
293.5,1,252.139,0.0240116
293,1,251.273,0.0223046
292.5,1,250.407,0.0203285
292,1,249.541,0.0187684
291.5,1,248.675,0.0173296
291,1,247.809,0.0157554
290.5,1,246.943,0.0149841
290,1,246.077,0.0147847
289.5,1,245.211,0.0146447
289,1,244.345,0.0146075
288.5,1,243.479,0.014653
288,1,242.613,0.0147159
287.5,1,241.747,0.014791
287,1,240.881,0.0148779
286.5,1,240.015,0.0149604
286,1,239.149,0.0150395
285.5,1,238.283,0.0151165
285,1,237.417,0.0151867
284.5,1,236.551,0.0152548
284,1,235.685,0.0153085
283.5,1,234.819,0.0153562
283,1,233.953,0.0153982
282.5,1,233.087,0.0154365
282,1,232.221,0.0154751
281.5,1,231.355,0.0155123
281,1,230.488,0.0155699
280.5,1,229.622,0.0156407
280,1,228.756,0.0157124
279.5,1,227.89,0.0157703
279,1,227.024,0.0158093
278.5,1,226.158,0.0158413
278,1,225.292,0.0158796
277.5,1,224.426,0.0159388
277,1,223.56,0.0159841
276.5,1,222.694,0.0160218
276,1,221.828,0.016064
275.5,1,220.962,0.016105
275,1,220.096,0.0161458
274.5,1,219.23,0.016239
274,1,218.364,0.0163352
273.5,1,217.498,0.0164331
273,1,216.632,0.016449
272.5,1,215.766,0.0164409
272,1,214.9,0.016423
271.5,1,214.034,0.0163761
271,1,213.168,0.0163056
270.5,1,212.302,0.0162251
270,1,211.436,0.0161506
269.5,1,210.57,0.016071
269,1,209.704,0.0159918
268.5,1,208.838,0.0159379
268,1,207.972,0.0159109
267.5,1,207.106,0.0158633
267,1,206.24,0.015816
266.5,1,205.374,0.0158238
266,1,204.508,0.0158282
265.5,1,203.642,0.0158071
265,1,202.776,0.0158242
264.5,1,201.91,0.015835
264,1,201.044,0.0158397
263.5,1,200.178,0.0157971
263,1,199.312,0.0157508
262.5,1,198.446,0.0157023
262,1,197.58,0.0156494
261.5,1,196.714,0.0156387
261,1,195.847,0.0156711
260.5,1,194.981,0.015562
260,1,194.115,0.0153268
259.5,1,193.249,0.0150606
259,1,192.383,0.0149737
258.5,1,191.517,0.0151676
258,1,190.651,0.0153953
257.5,1,189.785,0.0154544
257,1,188.919,0.015072
256.5,1,188.053,0.0146999
256,1,187.187,0.0144151
255.5,1,186.321,0.0146251
255,1,185.455,0.0148376
254.5,1,184.589,0.0150481
254,1,183.723,0.0147669
253.5,1,182.857,0.0144738
253,1,181.991,0.0141796
252.5,1,181.125,0.0143119
252,1,180.259,0.0145388
251.5,1,179.393,0.0147678
251,1,178.527,0.0146967
250.5,1,177.661,0.0144646
250,1,176.795,0.0142265
249.5,1,175.929,0.0142847
249,1,175.063,0.0146405
248.5,1,174.197,0.0150002
248,1,173.331,0.0151183
247.5,1,172.465,0.0147474
247,1,171.599,0.0143563
246.5,1,170.733,0.0140851
246,1,169.867,0.0144146
245.5,1,169.001,0.014769
245,1,168.135,0.0151375
244.5,1,167.269,0.0152034
244,1,166.403,0.0152371
243.5,1,165.537,0.0152181
243,1,164.671,0.0154821
242.5,1,163.805,0.0157798
242,1,162.939,0.0160664
241.5,1,162.072,0.016152
241,1,161.206,0.0161566
240.5,1,160.34,0.016161
240,1,159.474,0.0163665
239.5,1,158.608,0.0167501
239,1,157.742,0.0171523
238.5,1,156.876,0.0173027
238,1,156.01,0.0170801
237.5,1,155.144,0.0168706
237,1,154.278,0.0167704
236.5,1,153.412,0.0169695
236,1,152.546,0.0171577
235.5,1,151.68,0.0173084
235,1,150.814,0.0169245
234.5,1,149.948,0.0165285
234,1,149.082,0.0161205
233.5,1,148.216,0.0162492
233,1,147.35,0.0164
232.5,1,146.484,0.0165341
232,1,145.618,0.0163636
231.5,1,144.752,0.0161364
231,1,143.886,0.0159426
230.5,1,143.02,0.0159281
230,1,142.154,0.0159721
229.5,1,141.288,0.0159773
229,1,140.422,0.015979
228.5,1,139.556,0.0160467
228,1,138.69,0.0161621
227.5,1,137.824,0.0162153
227,1,136.958,0.016021
226.5,1,136.092,0.0157905
226,1,135.226,0.0156044
225.5,1,134.36,0.0158981
225,1,133.494,0.0162218
224.5,1,132.628,0.0165581
224,1,131.762,0.0163329
223.5,1,130.896,0.0160829
223,1,130.03,0.015815
222.5,1,129.164,0.0158699
222,1,128.297,0.0160054
221.5,1,127.431,0.0161553
221,1,126.565,0.0160614
220.5,1,125.699,0.0158371
220,1,124.833,0.0156048
219.5,1,123.967,0.0155604
219,1,123.101,0.015685
218.5,1,122.235,0.0157999
218,1,121.369,0.0157922
217.5,1,120.503,0.0155886
217,1,119.637,0.0153989
216.5,1,118.771,0.0152676
216,1,117.905,0.0152862
215.5,1,117.039,0.0152801
215,1,116.173,0.0152485
214.5,1,115.307,0.0152029
214,1,114.441,0.0151852
213.5,1,113.575,0.01519
213,1,112.709,0.0150997
212.5,1,111.843,0.0149882
212,1,110.977,0.0148689
211.5,1,110.111,0.0148824
211,1,109.245,0.0149619
210.5,1,108.379,0.0150585
210,1,107.513,0.0150088
209.5,1,106.647,0.0148384
209,1,105.781,0.0146663
208.5,1,104.915,0.014611
208,1,104.049,0.0147183
207.5,1,103.183,0.0148239
207,1,102.317,0.0148838
206.5,1,101.451,0.0148181
206,1,100.585,0.0147486
205.5,1,99.7187,0.0146964
205,1,98.8526,0.0147941
204.5,1,97.9866,0.0148877
204,1,97.1206,0.0149773
203.5,1,96.2546,0.0148696
203,1,95.3885,0.0147469
202.5,1,94.5225,0.0146233
202,1,93.6565,0.0146058
201.5,1,92.7905,0.0146212
201,1,91.9244,0.0146407
200.5,1,91.0584,0.0146105
200,1,90.1924,0.014551
