x,y,z,b
500,1,609.808,0.0124916
499.5,1,608.942,0.0125065
499,1,608.076,0.0125244
498.5,1,607.21,0.0125467
498,1,606.344,0.0125688
497.5,1,605.477,0.0125934
497,1,604.611,0.0126281
496.5,1,603.745,0.012663
496,1,602.879,0.0126964
495.5,1,602.013,0.0127076
495,1,601.147,0.0127192
494.5,1,600.281,0.0127312
494,1,599.415,0.0127275
493.5,1,598.549,0.0127226
493,1,597.683,0.0127185
492.5,1,596.817,0.0127025
492,1,595.951,0.0126819
491.5,1,595.085,0.012661
491,1,594.219,0.012633
490.5,1,593.353,0.0126002
490,1,592.487,0.0125671
489.5,1,591.621,0.0125375
489,1,590.755,0.0125138
488.5,1,589.889,0.012491
488,1,589.023,0.0124689
487.5,1,588.157,0.0124462
487,1,587.291,0.0124239
486.5,1,586.425,0.0124029
486,1,585.559,0.0123877
485.5,1,584.693,0.0123732
485,1,583.827,0.0123594
484.5,1,582.961,0.0123522
484,1,582.095,0.0123464
483.5,1,581.229,0.0123415
483,1,580.363,0.0123286
482.5,1,579.497,0.0123149
482,1,578.631,0.0123018
481.5,1,577.765,0.0122913
481,1,576.899,0.012283
480.5,1,576.033,0.0122764
480,1,575.167,0.0122774
479.5,1,574.301,0.0122848
479,1,573.435,0.0122925
478.5,1,572.569,0.0123035
478,1,571.703,0.0123205
477.5,1,570.836,0.0123386
477,1,569.97,0.0123497
476.5,1,569.104,0.0123241
476,1,568.238,0.012299
475.5,1,567.372,0.0122745
475,1,566.506,0.0122415
474.5,1,565.64,0.0122065
474,1,564.774,0.012169
473.5,1,563.908,0.0121569
473,1,563.042,0.0121486
472.5,1,562.176,0.0121394
472,1,561.31,0.0121537
471.5,1,560.444,0.0121778
471,1,559.578,0.0122014
470.5,1,558.712,0.012216
470,1,557.846,0.0122226
469.5,1,556.98,0.0122286
469,1,556.114,0.0122117
468.5,1,555.248,0.0121584
468,1,554.382,0.0121036
467.5,1,553.516,0.0120438
467,1,552.65,0.0119716
466.5,1,551.784,0.0118987
466,1,550.918,0.0118265
465.5,1,550.052,0.0117599
465,1,549.186,0.011695
464.5,1,548.32,0.0116318
464,1,547.454,0.0116036
463.5,1,546.588,0.0115808
463,1,545.722,0.0115606
462.5,1,544.856,0.0115621
462,1,543.99,0.0115706
461.5,1,543.124,0.0115794
461,1,542.258,0.0116167
460.5,1,541.392,0.0116727
460,1,540.526,0.0117267
459.5,1,539.66,0.011781
459,1,538.794,0.0118337
458.5,1,537.928,0.0118805
458,1,537.061,0.0119148
457.5,1,536.195,0.0119282
457,1,535.329,0.0119373
456.5,1,534.463,0.0119365
456,1,533.597,0.0118916
455.5,1,532.731,0.0118425
455,1,531.865,0.0117918
454.5,1,530.999,0.0117304
454,1,530.133,0.0116728
453.5,1,529.267,0.0116195
453,1,528.401,0.0115981
452.5,1,527.535,0.0115867
452,1,526.669,0.0115807
451.5,1,525.803,0.0116195
451,1,524.937,0.0116855
450.5,1,524.071,0.0117568
450,1,523.205,0.011918
449.5,1,522.339,0.0121647
449,1,521.473,0.0124083
448.5,1,520.607,0.012694
448,1,519.741,0.0130645
447.5,1,518.875,0.0134347
447,1,518.009,0.0137765
446.5,1,517.143,0.0139861
446,1,516.277,0.0141928
445.5,1,515.411,0.0143934
445,1,514.545,0.0144512
444.5,1,513.679,0.0145084
444,1,512.813,0.0145587
443.5,1,511.947,0.0144959
443,1,511.081,0.0144208
442.5,1,510.215,0.0143512
442,1,509.349,0.0142457
441.5,1,508.483,0.0141217
441,1,507.617,0.0139897
440.5,1,506.751,0.0138988
440,1,505.885,0.0138399
439.5,1,505.019,0.0137789
439,1,504.153,0.0137281
438.5,1,503.286,0.0136777
438,1,502.42,0.0136208
437.5,1,501.554,0.0135752
437,1,500.688,0.0135741
436.5,1,499.822,0.0135777
436,1,498.956,0.0136088
435.5,1,498.09,0.0138709
435,1,497.224,0.014145
434.5,1,496.358,0.0144311
434,1,495.492,0.0147761
433.5,1,494.626,0.0151422
433,1,493.76,0.0155233
432.5,1,492.894,0.0161314
432,1,492.028,0.016864
431.5,1,491.162,0.0176607
431,1,490.296,0.0186746
430.5,1,489.43,0.0197754
430,1,488.564,0.0207863
429.5,1,487.698,0.0215689
429,1,486.832,0.0220646
428.5,1,485.966,0.0223711
428,1,485.1,0.0227241
427.5,1,484.234,0.0232843
427,1,483.368,0.0245078
426.5,1,482.502,0.0257878
426,1,481.636,0.0268834
425.5,1,480.77,0.0277944
425,1,479.904,0.028521
424.5,1,479.038,0.0290632
424,1,478.172,0.0296865
423.5,1,477.306,0.0305129
423,1,476.44,0.0313416
422.5,1,475.574,0.0284479
422,1,474.708,0.0273349
421.5,1,473.842,0.0280414
421,1,472.976,0.0295823
420.5,1,472.11,0.0310792
420,1,471.244,0.0320026
419.5,1,470.378,0.0322822
419,1,469.512,0.0310002
418.5,1,468.645,0.0305656
418,1,467.779,0.0300423
417.5,1,466.913,0.0296649
417,1,466.047,0.0305292
416.5,1,465.181,0.0322119
416,1,464.315,0.0363683
415.5,1,463.449,0.0431753
415,1,462.583,0.0479418
414.5,1,461.717,0.0528132
414,1,460.851,0.0570277
413.5,1,459.985,0.0583058
413,1,459.119,0.0591709
412.5,1,458.253,0.0599296
412,1,457.387,0.0602843
411.5,1,456.521,0.0606555
411,1,455.655,0.0607554
410.5,1,454.789,0.0610008
410,1,453.923,0.0614865
409.5,1,453.057,0.0620981
409,1,452.191,0.0630211
408.5,1,451.325,0.064365
408,1,450.459,0.0655133
407.5,1,449.593,0.0665234
407,1,448.727,0.0675148
406.5,1,447.861,0.0686107
406,1,446.995,0.0695863
405.5,1,446.129,0.0688924
405,1,445.263,0.0686818
404.5,1,444.397,0.0689546
404,1,443.531,0.0694759
403.5,1,442.665,0.0704272
403,1,441.799,0.0707118
402.5,1,440.933,0.0700647
402,1,440.067,0.0696411
401.5,1,439.201,0.069674
401,1,438.335,0.0701803
400.5,1,437.469,0.0708773
400,1,436.603,0.0710167
399.5,1,435.737,0.0709959
399,1,434.87,0.0705259
398.5,1,434.004,0.0703322
398,1,433.138,0.0698798
397.5,1,432.272,0.0681669
397,1,431.406,0.0669309
396.5,1,430.54,0.0662357
396,1,429.674,0.0653398
395.5,1,428.808,0.0645055
395,1,427.942,0.063681
394.5,1,427.076,0.0605838
394,1,426.21,0.0572867
393.5,1,425.344,0.0538202
393,1,424.478,0.0507802
392.5,1,423.612,0.0478559
392,1,422.746,0.0449466
391.5,1,421.88,0.0427756
391,1,421.014,0.0411362
390.5,1,420.148,0.0394898
390,1,419.282,0.0379672
389.5,1,418.416,0.0372943
389,1,417.55,0.0368738
388.5,1,416.684,0.0364584
388,1,415.818,0.0367993
387.5,1,414.952,0.0377174
387,1,414.086,0.0407649
386.5,1,413.22,0.044667
386,1,412.354,0.0497925
385.5,1,411.488,0.0540278
385,1,410.622,0.0557398
384.5,1,409.756,0.057644
384,1,408.89,0.0595262
383.5,1,408.024,0.0595557
383,1,407.158,0.0595677
382.5,1,406.292,0.0597863
382,1,405.426,0.0601232
381.5,1,404.56,0.0606788
381,1,403.694,0.0612548
380.5,1,402.828,0.0610781
380,1,401.962,0.0601771
379.5,1,401.095,0.0587017
379,1,400.229,0.058447
378.5,1,399.363,0.0587979
378,1,398.497,0.0584472
377.5,1,397.631,0.0597184
377,1,396.765,0.0627081
376.5,1,395.899,0.0687992
376,1,395.033,0.0699044
375.5,1,394.167,0.0680157
375,1,393.301,0.0623152
374.5,1,392.435,0.069324
374,1,391.569,0.0821005
373.5,1,390.703,0.0803084
373,1,389.837,0.0858466
372.5,1,388.971,0.084716
372,1,388.105,0.0706226
371.5,1,387.239,0.0660326
371,1,386.373,0.0722487
370.5,1,385.507,0.0827523
370,1,384.641,0.0922035
369.5,1,383.775,0.0976821
369,1,382.909,0.101263
368.5,1,382.043,0.104875
368,1,381.177,0.10718
367.5,1,380.311,0.105169
367,1,379.445,0.101721
366.5,1,378.579,0.0995697
366,1,377.713,0.0964895
365.5,1,376.847,0.0924102
365,1,375.981,0.0886959
364.5,1,375.115,0.0829955
364,1,374.249,0.0794869
363.5,1,373.383,0.0761792
363,1,372.517,0.0760848
362.5,1,371.651,0.0770987
362,1,370.785,0.0774606
361.5,1,369.919,0.0767128
361,1,369.053,0.0778555
360.5,1,368.187,0.0788318
360,1,367.321,0.0794112
359.5,1,366.454,0.0764931
359,1,365.588,0.0743226
358.5,1,364.722,0.0673115
358,1,363.856,0.0683973
357.5,1,362.99,0.0524673
357,1,362.124,0.0444597
356.5,1,361.258,0.0362844
356,1,360.392,0.031929
355.5,1,359.526,0.028421
355,1,358.66,0.0244749
354.5,1,357.794,0.0232806
354,1,356.928,0.0245341
353.5,1,356.062,0.0255761
353,1,355.196,0.0252382
352.5,1,354.33,0.0249937
352,1,353.464,0.0242735
351.5,1,352.598,0.02388
351,1,351.732,0.0235267
350.5,1,350.866,0.0234714
350,1,350,0.0237499
349.5,1,349.134,0.0238494
349,1,348.268,0.0243575
348.5,1,347.402,0.0247057
348,1,346.536,0.024865
347.5,1,345.67,0.0243052
347,1,344.804,0.0234732
346.5,1,343.938,0.0229234
346,1,343.072,0.0229943
345.5,1,342.206,0.0229769
345,1,341.34,0.0226696
344.5,1,340.474,0.0223855
344,1,339.608,0.0221069
343.5,1,338.742,0.0218907
343,1,337.876,0.0216213
342.5,1,337.01,0.0212681
342,1,336.144,0.0208779
341.5,1,335.278,0.0204509
341,1,334.412,0.0200248
340.5,1,333.546,0.0192186
340,1,332.679,0.0182688
339.5,1,331.813,0.0169206
339,1,330.947,0.0158143
338.5,1,330.081,0.0148877
338,1,329.215,0.0146798
337.5,1,328.349,0.0148085
337,1,327.483,0.0151276
336.5,1,326.617,0.0167138
336,1,325.751,0.0180078
335.5,1,324.885,0.019208
335,1,324.019,0.020178
334.5,1,323.153,0.0213909
334,1,322.287,0.0225385
333.5,1,321.421,0.0236898
333,1,320.555,0.0248781
332.5,1,319.689,0.0254532
332,1,318.823,0.0261279
331.5,1,317.957,0.0276352
331,1,317.091,0.0286794
330.5,1,316.225,0.0296403
330,1,315.359,0.0300319
329.5,1,314.493,0.0305141
329,1,313.627,0.030517
328.5,1,312.761,0.0304815
328,1,311.895,0.0299402
327.5,1,311.029,0.0290503
327,1,310.163,0.0285503
326.5,1,309.297,0.0280827
326,1,308.431,0.0277521
325.5,1,307.565,0.0274642
325,1,306.699,0.0271001
324.5,1,305.833,0.0265576
324,1,304.967,0.025881
323.5,1,304.101,0.0238513
323,1,303.235,0.0220756
322.5,1,302.369,0.0206871
322,1,301.503,0.019892
321.5,1,300.637,0.0179296
321,1,299.771,0.0164847
320.5,1,298.905,0.0170916
320,1,298.038,0.0160063
319.5,1,297.172,0.0148741
319,1,296.306,0.0150516
318.5,1,295.44,0.0152969
318,1,294.574,0.0155657
317.5,1,293.708,0.0156654
317,1,292.842,0.0158436
316.5,1,291.976,0.0159085
316,1,291.11,0.0159318
315.5,1,290.244,0.0159924
315,1,289.378,0.0154708
314.5,1,288.512,0.0149415
314,1,287.646,0.0151046
313.5,1,286.78,0.0153585
313,1,285.914,0.0156867
312.5,1,285.048,0.0153802
312,1,284.182,0.0143857
311.5,1,283.316,0.0136152
311,1,282.45,0.0139922
310.5,1,281.584,0.0142396
310,1,280.718,0.0144273
309.5,1,279.852,0.0144602
309,1,278.986,0.0144089
308.5,1,278.12,0.0142896
308,1,277.254,0.0140548
307.5,1,276.388,0.0139147
307,1,275.522,0.013844
306.5,1,274.656,0.0141153
306,1,273.79,0.0144074
305.5,1,272.924,0.0146356
305,1,272.058,0.0142736
304.5,1,271.192,0.0138673
304,1,270.326,0.0131596
303.5,1,269.46,0.0132132
303,1,268.594,0.0135906
302.5,1,267.728,0.013686
302,1,266.862,0.0135262
301.5,1,265.996,0.0134671
301,1,265.13,0.0134482
300.5,1,264.263,0.0134155
300,1,263.397,0.013269
299.5,1,262.531,0.0130517
299,1,261.665,0.012853
298.5,1,260.799,0.0127017
298,1,259.933,0.0126155
297.5,1,259.067,0.0125472
297,1,258.201,0.0124892
296.5,1,257.335,0.0124246
296,1,256.469,0.0123815
295.5,1,255.603,0.0123691
295,1,254.737,0.0124033
294.5,1,253.871,0.0124571
294,1,253.005,0.0125306
293.5,1,252.139,0.0126071
293,1,251.273,0.0126884
292.5,1,250.407,0.0127763
292,1,249.541,0.0128938
291.5,1,248.675,0.0130135
291,1,247.809,0.0131103
290.5,1,246.943,0.013177
290,1,246.077,0.0132369
289.5,1,245.211,0.0132915
289,1,244.345,0.0133327
288.5,1,243.479,0.0133597
288,1,242.613,0.0133746
287.5,1,241.747,0.0134011
287,1,240.881,0.0134557
286.5,1,240.015,0.0135117
286,1,239.149,0.0135655
285.5,1,238.283,0.0135942
285,1,237.417,0.0136211
284.5,1,236.551,0.0136485
284,1,235.685,0.0136527
283.5,1,234.819,0.0136561
283,1,233.953,0.0136592
282.5,1,233.087,0.0136487
282,1,232.221,0.0136354
281.5,1,231.355,0.0136217
281,1,230.488,0.0136164
280.5,1,229.622,0.0136158
280,1,228.756,0.0136127
279.5,1,227.89,0.0136087
279,1,227.024,0.0136064
278.5,1,226.158,0.0136043
278,1,225.292,0.013604
277.5,1,224.426,0.0136063
277,1,223.56,0.0136052
276.5,1,222.694,0.0135973
276,1,221.828,0.0135589
275.5,1,220.962,0.0135206
275,1,220.096,0.0134829
274.5,1,219.23,0.0134601
274,1,218.364,0.0134382
273.5,1,217.498,0.0134172
273,1,216.632,0.0134031
272.5,1,215.766,0.0133902
272,1,214.9,0.0133775
271.5,1,214.034,0.0133733
271,1,213.168,0.013372
270.5,1,212.302,0.0133696
270,1,211.436,0.0133574
269.5,1,210.57,0.0133369
269,1,209.704,0.013317
268.5,1,208.838,0.0133079
268,1,207.972,0.0133134
267.5,1,207.106,0.013317
267,1,206.24,0.0133169
266.5,1,205.374,0.0133101
266,1,204.508,0.0133048
265.5,1,203.642,0.0132994
265,1,202.776,0.0133093
264.5,1,201.91,0.0133167
264,1,201.044,0.0133215
263.5,1,200.178,0.0132898
263,1,199.312,0.0132534
262.5,1,198.446,0.0132144
262,1,197.58,0.0131911
261.5,1,196.714,0.0131687
261,1,195.847,0.0131434
260.5,1,194.981,0.0131281
260,1,194.115,0.0131164
259.5,1,193.249,0.0131038
259,1,192.383,0.0130944
258.5,1,191.517,0.013087
258,1,190.651,0.0130833
257.5,1,189.785,0.0130879
257,1,188.919,0.013106
256.5,1,188.053,0.0131225
256,1,187.187,0.0131331
255.5,1,186.321,0.0131154
255,1,185.455,0.0130987
254.5,1,184.589,0.0130833
254,1,183.723,0.0131145
253.5,1,182.857,0.013142
253,1,181.991,0.0131647
252.5,1,181.125,0.0131639
252,1,180.259,0.0131582
251.5,1,179.393,0.0131518
251,1,178.527,0.0131703
250.5,1,177.661,0.0132003
250,1,176.795,0.0132288
249.5,1,175.929,0.0132387
249,1,175.063,0.0132329
248.5,1,174.197,0.0132294
248,1,173.331,0.0132449
247.5,1,172.465,0.013292
247,1,171.599,0.0133396
246.5,1,170.733,0.0133812
246,1,169.867,0.0134065
245.5,1,169.001,0.0134333
245,1,168.135,0.0134621
244.5,1,167.269,0.0134986
244,1,166.403,0.0135334
243.5,1,165.537,0.013567
243,1,164.671,0.01358
242.5,1,163.805,0.013591
242,1,162.939,0.0136028
241.5,1,162.072,0.0136189
241,1,161.206,0.0136369
240.5,1,160.34,0.0136547
240,1,159.474,0.0136638
239.5,1,158.608,0.013666
239,1,157.742,0.0136675
238.5,1,156.876,0.0136691
238,1,156.01,0.0136715
237.5,1,155.144,0.0136742
237,1,154.278,0.0136707
236.5,1,153.412,0.0136473
236,1,152.546,0.0136217
235.5,1,151.68,0.0136002
235,1,150.814,0.0135972
234.5,1,149.948,0.0135951
234,1,149.082,0.0135938
233.5,1,148.216,0.0135761
233,1,147.35,0.0135517
232.5,1,146.484,0.0135234
232,1,145.618,0.0135102
231.5,1,144.752,0.013504
231,1,143.886,0.0134992
230.5,1,143.02,0.013469
230,1,142.154,0.0134273
229.5,1,141.288,0.0133877
229,1,140.422,0.0133636
228.5,1,139.556,0.0133562
228,1,138.69,0.0133481
227.5,1,137.824,0.013331
227,1,136.958,0.0132948
226.5,1,136.092,0.0132606
226,1,135.226,0.0132332
225.5,1,134.36,0.013235
225,1,133.494,0.0132366
224.5,1,132.628,0.0132386
224,1,131.762,0.0132161
223.5,1,130.896,0.013195
223,1,130.03,0.0131754
222.5,1,129.164,0.0131741
222,1,128.297,0.0131762
221.5,1,127.431,0.0131783
221,1,126.565,0.0131641
220.5,1,125.699,0.0131424
220,1,124.833,0.0131211
219.5,1,123.967,0.0131127
219,1,123.101,0.0131157
218.5,1,122.235,0.0131187
218,1,121.369,0.0131144
217.5,1,120.503,0.0130974
217,1,119.637,0.0130802
216.5,1,118.771,0.0130679
216,1,117.905,0.0130732
215.5,1,117.039,0.0130786
215,1,116.173,0.0130828
214.5,1,115.307,0.0130601
214,1,114.441,0.0130372
213.5,1,113.575,0.0130146
213,1,112.709,0.0130157
212.5,1,111.843,0.0130197
212,1,110.977,0.0130237
211.5,1,110.111,0.0130008
211,1,109.245,0.0129681
210.5,1,108.379,0.0129355
210,1,107.513,0.0129266
209.5,1,106.647,0.0129354
209,1,105.781,0.0129443
208.5,1,104.915,0.0129379
208,1,104.049,0.0129101
207.5,1,103.183,0.0128822
207,1,102.317,0.0128666
206.5,1,101.451,0.012887
206,1,100.585,0.012908
205.5,1,99.7187,0.012924
205,1,98.8526,0.0128947
204.5,1,97.9866,0.0128654
204,1,97.1206,0.012836
203.5,1,96.2546,0.0128629
203,1,95.3885,0.0128935
202.5,1,94.5225,0.0129237
202,1,93.6565,0.0128997
201.5,1,92.7905,0.012861
201,1,91.9244,0.0128224
200.5,1,91.0584,0.0128296
200,1,90.1924,0.0128628
