x,y,z,b
500,1,609.808,0.0115868
499.5,1,608.942,0.0115919
499,1,608.076,0.0115885
498.5,1,607.21,0.0115749
498,1,606.344,0.0115627
497.5,1,605.477,0.0115602
497,1,604.611,0.011587
496.5,1,603.745,0.0116123
496,1,602.879,0.0116339
495.5,1,602.013,0.0116444
495,1,601.147,0.0116548
494.5,1,600.281,0.0116649
494,1,599.415,0.0116535
493.5,1,598.549,0.0116401
493,1,597.683,0.0116243
492.5,1,596.817,0.0116195
492,1,595.951,0.0116184
491.5,1,595.085,0.0116175
491,1,594.219,0.0116206
490.5,1,593.353,0.0116249
490,1,592.487,0.0116279
489.5,1,591.621,0.0116255
489,1,590.755,0.0116146
488.5,1,589.889,0.0116007
488,1,589.023,0.0115819
487.5,1,588.157,0.0115567
487,1,587.291,0.0115309
486.5,1,586.425,0.0115076
486,1,585.559,0.0115056
485.5,1,584.693,0.0114993
485,1,583.827,0.0114928
484.5,1,582.961,0.0114885
484,1,582.095,0.0114969
483.5,1,581.229,0.0115182
483,1,580.363,0.0116208
482.5,1,579.497,0.0117358
482,1,578.631,0.0118432
481.5,1,577.765,0.011958
481,1,576.899,0.0120891
480.5,1,576.033,0.0122268
480,1,575.167,0.0122875
479.5,1,574.301,0.0122508
479,1,573.435,0.0122037
478.5,1,572.569,0.0121594
478,1,571.703,0.0121391
477.5,1,570.836,0.0121213
477,1,569.97,0.0121075
476.5,1,569.104,0.0120983
476,1,568.238,0.0120845
475.5,1,567.372,0.0120666
475,1,566.506,0.0121125
474.5,1,565.64,0.0121703
474,1,564.774,0.0122406
473.5,1,563.908,0.0122255
473,1,563.042,0.0122013
472.5,1,562.176,0.0121839
472,1,561.31,0.0122911
471.5,1,560.444,0.0124401
471,1,559.578,0.012576
470.5,1,558.712,0.0126617
470,1,557.846,0.0127163
469.5,1,556.98,0.0127747
469,1,556.114,0.0128516
468.5,1,555.248,0.0129362
468,1,554.382,0.0130031
467.5,1,553.516,0.0130374
467,1,552.65,0.0130166
466.5,1,551.784,0.0130031
466,1,550.918,0.0129988
465.5,1,550.052,0.0130213
465,1,549.186,0.0130359
464.5,1,548.32,0.0130424
464,1,547.454,0.0130791
463.5,1,546.588,0.0131283
463,1,545.722,0.0131858
462.5,1,544.856,0.0132192
462,1,543.99,0.013236
461.5,1,543.124,0.0132443
461,1,542.258,0.0132656
460.5,1,541.392,0.0132938
460,1,540.526,0.013316
459.5,1,539.66,0.0133418
459,1,538.794,0.013373
458.5,1,537.928,0.0133979
458,1,537.061,0.01342
457.5,1,536.195,0.0134665
457,1,535.329,0.0135171
456.5,1,534.463,0.0135656
456,1,533.597,0.0135749
455.5,1,532.731,0.0135909
455,1,531.865,0.0136207
454.5,1,530.999,0.0136531
454,1,530.133,0.0137007
453.5,1,529.267,0.0137641
453,1,528.401,0.0138885
452.5,1,527.535,0.014038
452,1,526.669,0.0141807
451.5,1,525.803,0.0142926
451,1,524.937,0.0143817
450.5,1,524.071,0.014459
450,1,523.205,0.0145018
449.5,1,522.339,0.0145083
449,1,521.473,0.0145046
448.5,1,520.607,0.0145232
448,1,519.741,0.0146061
447.5,1,518.875,0.0147032
447,1,518.009,0.0148221
446.5,1,517.143,0.014981
446,1,516.277,0.0151416
445.5,1,515.411,0.0153022
445,1,514.545,0.0153911
444.5,1,513.679,0.0154907
444,1,512.813,0.0156034
443.5,1,511.947,0.0157506
443,1,511.081,0.0159305
442.5,1,510.215,0.0161411
442,1,509.349,0.0166458
441.5,1,508.483,0.0173009
441,1,507.617,0.0179563
440.5,1,506.751,0.0187829
440,1,505.885,0.0197263
439.5,1,505.019,0.0206547
439,1,504.153,0.0215776
438.5,1,503.286,0.0224722
438,1,502.42,0.0233499
437.5,1,501.554,0.0241777
437,1,500.688,0.0248535
436.5,1,499.822,0.0255193
436,1,498.956,0.0261607
435.5,1,498.09,0.0266515
435,1,497.224,0.0271272
434.5,1,496.358,0.0275876
434,1,495.492,0.0279644
433.5,1,494.626,0.0283192
433,1,493.76,0.0286663
432.5,1,492.894,0.0290606
432,1,492.028,0.0294943
431.5,1,491.162,0.0299584
431,1,490.296,0.0305611
430.5,1,489.43,0.0312622
430,1,488.564,0.0319742
429.5,1,487.698,0.0325512
429,1,486.832,0.032905
428.5,1,485.966,0.0331969
428,1,485.1,0.0333464
427.5,1,484.234,0.0331976
427,1,483.368,0.0330587
426.5,1,482.502,0.032892
426,1,481.636,0.0324255
425.5,1,480.77,0.0319984
425,1,479.904,0.0316408
424.5,1,479.038,0.0314599
424,1,478.172,0.0312792
423.5,1,477.306,0.0310958
423,1,476.44,0.0308048
422.5,1,475.574,0.0304826
422,1,474.708,0.0297217
421.5,1,473.842,0.0289087
421,1,472.976,0.0281198
420.5,1,472.11,0.0281605
420,1,471.244,0.0282121
419.5,1,470.378,0.0282745
419,1,469.512,0.0283477
418.5,1,468.645,0.0284317
418,1,467.779,0.0285492
417.5,1,466.913,0.0284149
417,1,466.047,0.0283256
416.5,1,465.181,0.0283659
416,1,464.315,0.0276182
415.5,1,463.449,0.0275732
415,1,462.583,0.0283027
414.5,1,461.717,0.0291782
414,1,460.851,0.029958
413.5,1,459.985,0.0295505
413,1,459.119,0.0290719
412.5,1,458.253,0.028668
412,1,457.387,0.0295825
411.5,1,456.521,0.0309747
411,1,455.655,0.0322613
410.5,1,454.789,0.0342
410,1,453.923,0.0368645
409.5,1,453.057,0.0409431
409,1,452.191,0.041628
408.5,1,451.325,0.042293
408,1,450.459,0.0431004
407.5,1,449.593,0.0438844
407,1,448.727,0.0448501
406.5,1,447.861,0.0430944
406,1,446.995,0.0425769
405.5,1,446.129,0.043846
405,1,445.263,0.0449831
404.5,1,444.397,0.0459882
404,1,443.531,0.0470111
403.5,1,442.665,0.0478019
403,1,441.799,0.0482028
402.5,1,440.933,0.048986
402,1,440.067,0.0499455
401.5,1,439.201,0.0509046
401,1,438.335,0.0524464
400.5,1,437.469,0.0544121
400,1,436.603,0.0564657
399.5,1,435.737,0.0584333
399,1,434.87,0.0604122
398.5,1,434.004,0.0629251
398,1,433.138,0.0655957
397.5,1,432.272,0.0672612
397,1,431.406,0.0686646
396.5,1,430.54,0.0693829
396,1,429.674,0.0689953
395.5,1,428.808,0.0673071
395,1,427.942,0.0647985
394.5,1,427.076,0.0622999
394,1,426.21,0.0638961
393.5,1,425.344,0.0617775
393,1,424.478,0.0594376
392.5,1,423.612,0.0574876
392,1,422.746,0.0561315
391.5,1,421.88,0.0552831
391,1,421.014,0.0547903
390.5,1,420.148,0.0539294
390,1,419.282,0.0524887
389.5,1,418.416,0.0514861
389,1,417.55,0.0506477
388.5,1,416.684,0.0500219
388,1,415.818,0.0501184
387.5,1,414.952,0.0503201
387,1,414.086,0.0541636
386.5,1,413.22,0.057097
386,1,412.354,0.0598445
385.5,1,411.488,0.0603176
385,1,410.622,0.0608869
384.5,1,409.756,0.0611089
384,1,408.89,0.0642737
383.5,1,408.024,0.0643004
383,1,407.158,0.0655973
382.5,1,406.292,0.0685541
382,1,405.426,0.0704764
381.5,1,404.56,0.0717816
381,1,403.694,0.0738917
380.5,1,402.828,0.0762419
380,1,401.962,0.0784514
379.5,1,401.095,0.0807447
379,1,400.229,0.0826597
378.5,1,399.363,0.0838523
378,1,398.497,0.0848991
377.5,1,397.631,0.0855481
377,1,396.765,0.0851258
376.5,1,395.899,0.0850546
376,1,395.033,0.0854902
375.5,1,394.167,0.086715
375,1,393.301,0.0878014
374.5,1,392.435,0.0887873
374,1,391.569,0.0905071
373.5,1,390.703,0.0925148
373,1,389.837,0.0943545
372.5,1,388.971,0.095934
372,1,388.105,0.0980963
371.5,1,387.239,0.102221
371,1,386.373,0.103727
370.5,1,385.507,0.105357
370,1,384.641,0.105271
369.5,1,383.775,0.105487
369,1,382.909,0.105742
368.5,1,382.043,0.104795
368,1,381.177,0.104979
367.5,1,380.311,0.104512
367,1,379.445,0.103864
366.5,1,378.579,0.102733
366,1,377.713,0.0985516
365.5,1,376.847,0.0942707
365,1,375.981,0.0899437
364.5,1,375.115,0.0817983
364,1,374.249,0.0648234
363.5,1,373.383,0.0584251
363,1,372.517,0.0555186
362.5,1,371.651,0.0588435
362,1,370.785,0.059568
361.5,1,369.919,0.0627863
361,1,369.053,0.0642158
360.5,1,368.187,0.0670595
360,1,367.321,0.065016
359.5,1,366.454,0.0605406
359,1,365.588,0.0574104
358.5,1,364.722,0.0543956
358,1,363.856,0.0495366
357.5,1,362.99,0.0424386
357,1,362.124,0.0385116
356.5,1,361.258,0.0351648
356,1,360.392,0.0325867
355.5,1,359.526,0.0295331
355,1,358.66,0.0294963
354.5,1,357.794,0.029464
354,1,356.928,0.0293936
353.5,1,356.062,0.0293175
353,1,355.196,0.0291867
352.5,1,354.33,0.0289737
352,1,353.464,0.0293482
351.5,1,352.598,0.0301855
351,1,351.732,0.0312402
350.5,1,350.866,0.0317576
350,1,350,0.0319002
349.5,1,349.134,0.0321504
349,1,348.268,0.0323285
348.5,1,347.402,0.0323707
348,1,346.536,0.0325635
347.5,1,345.67,0.0325721
347,1,344.804,0.0324043
346.5,1,343.938,0.0323196
346,1,343.072,0.0323112
345.5,1,342.206,0.0320903
345,1,341.34,0.0305399
344.5,1,340.474,0.0300497
344,1,339.608,0.0299206
343.5,1,338.742,0.0297575
343,1,337.876,0.0295677
342.5,1,337.01,0.0294065
342,1,336.144,0.0285639
341.5,1,335.278,0.0275528
341,1,334.412,0.0262254
340.5,1,333.546,0.02476
340,1,332.679,0.0232253
339.5,1,331.813,0.0214611
339,1,330.947,0.0197423
338.5,1,330.081,0.0180044
338,1,329.215,0.0170186
337.5,1,328.349,0.016333
337,1,327.483,0.0159555
336.5,1,326.617,0.0160459
336,1,325.751,0.0166562
335.5,1,324.885,0.0179693
335,1,324.019,0.0183706
334.5,1,323.153,0.0182272
334,1,322.287,0.0183294
333.5,1,321.421,0.0187209
333,1,320.555,0.0194898
332.5,1,319.689,0.0255358
332,1,318.823,0.0287564
331.5,1,317.957,0.0299896
331,1,317.091,0.0305464
330.5,1,316.225,0.0313248
330,1,315.359,0.0320704
329.5,1,314.493,0.0326168
329,1,313.627,0.0330979
328.5,1,312.761,0.0337451
328,1,311.895,0.0347484
327.5,1,311.029,0.0357955
327,1,310.163,0.0366178
326.5,1,309.297,0.0364986
326,1,308.431,0.0363767
325.5,1,307.565,0.0362472
325,1,306.699,0.0361709
324.5,1,305.833,0.0359985
324,1,304.967,0.0356835
323.5,1,304.101,0.0353737
323,1,303.235,0.0352991
322.5,1,302.369,0.035693
322,1,301.503,0.0360682
321.5,1,300.637,0.0362987
321,1,299.771,0.0363646
320.5,1,298.905,0.0363869
320,1,298.038,0.0363826
319.5,1,297.172,0.0363728
319,1,296.306,0.0359557
318.5,1,295.44,0.0349586
318,1,294.574,0.0336813
317.5,1,293.708,0.0327475
317,1,292.842,0.0318083
316.5,1,291.976,0.0317081
316,1,291.11,0.0320486
315.5,1,290.244,0.0324724
315,1,289.378,0.0329797
314.5,1,288.512,0.0335704
314,1,287.646,0.0344083
313.5,1,286.78,0.0351797
313,1,285.914,0.0357827
312.5,1,285.048,0.0362933
312,1,284.182,0.0366276
311.5,1,283.316,0.0366947
311,1,282.45,0.0366003
310.5,1,281.584,0.0364417
310,1,280.718,0.0361671
309.5,1,279.852,0.0353274
309,1,278.986,0.0340477
308.5,1,278.12,0.0329451
308,1,277.254,0.0320879
307.5,1,276.388,0.0314718
307,1,275.522,0.0310565
306.5,1,274.656,0.0303533
306,1,273.79,0.0305096
305.5,1,272.924,0.0254032
305,1,272.058,0.0224027
304.5,1,271.192,0.0216104
304,1,270.326,0.0208003
303.5,1,269.46,0.0199946
303,1,268.594,0.0192809
302.5,1,267.728,0.0186417
302,1,266.862,0.0180672
301.5,1,265.996,0.0177212
301,1,265.13,0.0174677
300.5,1,264.263,0.0172195
300,1,263.397,0.0169143
299.5,1,262.531,0.0165845
299,1,261.665,0.0163545
298.5,1,260.799,0.0161942
298,1,259.933,0.0161041
297.5,1,259.067,0.0160099
297,1,258.201,0.0159216
296.5,1,257.335,0.0158777
296,1,256.469,0.0158527
295.5,1,255.603,0.0158292
295,1,254.737,0.0158514
294.5,1,253.871,0.0158699
294,1,253.005,0.0158849
293.5,1,252.139,0.0158279
293,1,251.273,0.0157693
292.5,1,250.407,0.0157161
292,1,249.541,0.0155591
291.5,1,248.675,0.0153657
291,1,247.809,0.0151729
290.5,1,246.943,0.0150414
290,1,246.077,0.0149472
289.5,1,245.211,0.0148549
289,1,244.345,0.01479
288.5,1,243.479,0.0147575
288,1,242.613,0.0147452
287.5,1,241.747,0.0147439
287,1,240.881,0.0147629
286.5,1,240.015,0.0147847
286,1,239.149,0.0148083
285.5,1,238.283,0.0148206
285,1,237.417,0.0148221
284.5,1,236.551,0.0148156
284,1,235.685,0.0148434
283.5,1,234.819,0.0148729
283,1,233.953,0.0149028
282.5,1,233.087,0.0148619
282,1,232.221,0.0147983
281.5,1,231.355,0.0147249
281,1,230.488,0.0147121
280.5,1,229.622,0.0147268
280,1,228.756,0.0147254
279.5,1,227.89,0.0146745
279,1,227.024,0.0146055
278.5,1,226.158,0.0145633
278,1,225.292,0.0145615
277.5,1,224.426,0.0145913
277,1,223.56,0.0146248
276.5,1,222.694,0.0146706
276,1,221.828,0.0147847
275.5,1,220.962,0.0149077
275,1,220.096,0.015037
274.5,1,219.23,0.0150546
274,1,218.364,0.015053
273.5,1,217.498,0.01503
273,1,216.632,0.0150589
272.5,1,215.766,0.0151119
272,1,214.9,0.0151822
271.5,1,214.034,0.0151831
271,1,213.168,0.0151357
270.5,1,212.302,0.0150761
270,1,211.436,0.0150837
269.5,1,210.57,0.0151545
269,1,209.704,0.0152286
268.5,1,208.838,0.015244
268,1,207.972,0.0151627
267.5,1,207.106,0.0150752
267,1,206.24,0.0150208
266.5,1,205.374,0.0150915
266,1,204.508,0.015165
265.5,1,203.642,0.0152246
265,1,202.776,0.0151335
264.5,1,201.91,0.0150423
264,1,201.044,0.014951
263.5,1,200.178,0.015055
263,1,199.312,0.0151777
262.5,1,198.446,0.0153023
262,1,197.58,0.0152573
261.5,1,196.714,0.0151531
261,1,195.847,0.015042
260.5,1,194.981,0.0151099
260,1,194.115,0.015297
259.5,1,193.249,0.015487
259,1,192.383,0.0155326
258.5,1,191.517,0.015397
258,1,190.651,0.0152564
257.5,1,189.785,0.0152022
257,1,188.919,0.0153593
256.5,1,188.053,0.015513
256,1,187.187,0.0156218
255.5,1,186.321,0.0154593
255,1,185.455,0.0152921
254.5,1,184.589,0.0151236
254,1,183.723,0.0152748
253.5,1,182.857,0.0154401
253,1,181.991,0.0156125
252.5,1,181.125,0.0155747
252,1,180.259,0.0154861
251.5,1,179.393,0.0153924
251,1,178.527,0.0154473
250.5,1,177.661,0.0156027
250,1,176.795,0.0157818
249.5,1,175.929,0.0158361
249,1,175.063,0.0157555
248.5,1,174.197,0.0156763
248,1,173.331,0.0156701
247.5,1,172.465,0.0158161
247,1,171.599,0.0159721
246.5,1,170.733,0.0160933
246,1,169.867,0.015998
245.5,1,169.001,0.0159095
245,1,168.135,0.015835
244.5,1,167.269,0.0159686
244,1,166.403,0.0161006
243.5,1,165.537,0.016236
243,1,164.671,0.0161594
242.5,1,163.805,0.0160464
242,1,162.939,0.0159267
241.5,1,162.072,0.0159187
241,1,161.206,0.0159538
240.5,1,160.34,0.0159853
240,1,159.474,0.0159444
239.5,1,158.608,0.0158455
239,1,157.742,0.0157425
238.5,1,156.876,0.015678
238,1,156.01,0.0156678
237.5,1,155.144,0.0156505
237,1,154.278,0.0156015
236.5,1,153.412,0.0154762
236,1,152.546,0.0153571
235.5,1,151.68,0.0152538
235,1,150.814,0.0152495
234.5,1,149.948,0.0152419
234,1,149.082,0.0152311
233.5,1,148.216,0.015204
233,1,147.35,0.0151836
232.5,1,146.484,0.0151724
232,1,145.618,0.0151509
231.5,1,144.752,0.0151244
231,1,143.886,0.0150972
230.5,1,143.02,0.0150914
230,1,142.154,0.0151018
229.5,1,141.288,0.015116
229,1,140.422,0.0151056
228.5,1,139.556,0.0150611
228,1,138.69,0.0150138
227.5,1,137.824,0.014976
227,1,136.958,0.0149623
226.5,1,136.092,0.0149423
226,1,135.226,0.0149121
225.5,1,134.36,0.0148576
225,1,133.494,0.0148053
224.5,1,132.628,0.0147508
224,1,131.762,0.0147602
223.5,1,130.896,0.0147697
223,1,130.03,0.0147784
222.5,1,129.164,0.0147447
222,1,128.297,0.0147048
221.5,1,127.431,0.0146669
221,1,126.565,0.014654
220.5,1,125.699,0.0146509
220,1,124.833,0.0146463
219.5,1,123.967,0.0146512
219,1,123.101,0.0146696
218.5,1,122.235,0.0146933
218,1,121.369,0.0147136
217.5,1,120.503,0.0147159
217,1,119.637,0.0147127
216.5,1,118.771,0.0147206
216,1,117.905,0.0147981
215.5,1,117.039,0.0148811
215,1,116.173,0.0149659
214.5,1,115.307,0.0149693
214,1,114.441,0.0149693
213.5,1,113.575,0.014967
213,1,112.709,0.0150392
212.5,1,111.843,0.015125
212,1,110.977,0.0152148
211.5,1,110.111,0.0152029
211,1,109.245,0.015152
210.5,1,108.379,0.0150998
210,1,107.513,0.0151181
209.5,1,106.647,0.0151904
209,1,105.781,0.0152612
208.5,1,104.915,0.0152921
208,1,104.049,0.0152738
207.5,1,103.183,0.0152581
207,1,102.317,0.0152534
206.5,1,101.451,0.0152699
206,1,100.585,0.0152784
205.5,1,99.7187,0.0152748
205,1,98.8526,0.0152225
204.5,1,97.9866,0.0151724
204,1,97.1206,0.0151245
203.5,1,96.2546,0.0151337
203,1,95.3885,0.0151452
202.5,1,94.5225,0.0151567
202,1,93.6565,0.0151545
201.5,1,92.7905,0.01515
201,1,91.9244,0.0151472
200.5,1,91.0584,0.0151624
200,1,90.1924,0.0151871
