x,y,z,b
500,1,609.808,0.0123893
499.5,1,608.942,0.01237
499,1,608.076,0.0123797
498.5,1,607.21,0.0124539
498,1,606.344,0.0125286
497.5,1,605.477,0.0125851
497,1,604.611,0.0125719
496.5,1,603.745,0.0125554
496,1,602.879,0.0125383
495.5,1,602.013,0.0125539
495,1,601.147,0.0125674
494.5,1,600.281,0.0125789
494,1,599.415,0.0125619
493.5,1,598.549,0.0125401
493,1,597.683,0.0125164
492.5,1,596.817,0.0125201
492,1,595.951,0.0125317
491.5,1,595.085,0.012541
491,1,594.219,0.0125451
490.5,1,593.353,0.0125499
490,1,592.487,0.0125577
489.5,1,591.621,0.0125663
489,1,590.755,0.0125763
488.5,1,589.889,0.0125917
488,1,589.023,0.0126016
487.5,1,588.157,0.0125864
487,1,587.291,0.0125748
486.5,1,586.425,0.0125668
486,1,585.559,0.0125558
485.5,1,584.693,0.0125354
485,1,583.827,0.0125071
484.5,1,582.961,0.0125056
484,1,582.095,0.0125021
483.5,1,581.229,0.0124951
483,1,580.363,0.0125296
482.5,1,579.497,0.012566
482,1,578.631,0.0125971
481.5,1,577.765,0.0126835
481,1,576.899,0.0127988
480.5,1,576.033,0.0129077
480,1,575.167,0.0129829
479.5,1,574.301,0.0130301
479,1,573.435,0.0130789
478.5,1,572.569,0.0131122
478,1,571.703,0.0131135
477.5,1,570.836,0.0131174
477,1,569.97,0.013124
476.5,1,569.104,0.0131286
476,1,568.238,0.0131341
475.5,1,567.372,0.013141
475,1,566.506,0.01317
474.5,1,565.64,0.0131968
474,1,564.774,0.0132231
473.5,1,563.908,0.0132373
473,1,563.042,0.0132477
472.5,1,562.176,0.0132562
472,1,561.31,0.0132499
471.5,1,560.444,0.0132362
471,1,559.578,0.0132216
470.5,1,558.712,0.0131983
470,1,557.846,0.0131696
469.5,1,556.98,0.0131421
469,1,556.114,0.0131167
468.5,1,555.248,0.0130996
468,1,554.382,0.0130864
467.5,1,553.516,0.0130882
467,1,552.65,0.0131336
466.5,1,551.784,0.013183
466,1,550.918,0.013239
465.5,1,550.052,0.01334
465,1,549.186,0.0134394
464.5,1,548.32,0.013537
464,1,547.454,0.0137256
463.5,1,546.588,0.0139192
463,1,545.722,0.0140972
462.5,1,544.856,0.0142583
462,1,543.99,0.0144157
461.5,1,543.124,0.014573
461,1,542.258,0.0147964
460.5,1,541.392,0.01506
460,1,540.526,0.0153062
459.5,1,539.66,0.0155796
459,1,538.794,0.015905
458.5,1,537.928,0.01624
458,1,537.061,0.0165661
457.5,1,536.195,0.0168179
457,1,535.329,0.0170826
456.5,1,534.463,0.0173364
456,1,533.597,0.0174459
455.5,1,532.731,0.0175902
455,1,531.865,0.0177466
454.5,1,530.999,0.0177322
454,1,530.133,0.0177416
453.5,1,529.267,0.0177814
453,1,528.401,0.017724
452.5,1,527.535,0.0176418
452,1,526.669,0.0175577
451.5,1,525.803,0.0174997
451,1,524.937,0.0174585
450.5,1,524.071,0.0174266
450,1,523.205,0.0173896
449.5,1,522.339,0.0173366
449,1,521.473,0.017286
448.5,1,520.607,0.0172689
448,1,519.741,0.0173064
447.5,1,518.875,0.0173444
447,1,518.009,0.0173677
446.5,1,517.143,0.0173187
446,1,516.277,0.0172693
445.5,1,515.411,0.0172199
445,1,514.545,0.0171908
444.5,1,513.679,0.0171626
444,1,512.813,0.0171305
443.5,1,511.947,0.0170702
443,1,511.081,0.0170079
442.5,1,510.215,0.0169483
442,1,509.349,0.0168996
441.5,1,508.483,0.0168496
441,1,507.617,0.016784
440.5,1,506.751,0.016743
440,1,505.885,0.0167252
439.5,1,505.019,0.0167096
439,1,504.153,0.0167385
438.5,1,503.286,0.0168153
438,1,502.42,0.0168892
437.5,1,501.554,0.0169702
437,1,500.688,0.0170553
436.5,1,499.822,0.0171291
436,1,498.956,0.0171919
435.5,1,498.09,0.0173014
435,1,497.224,0.0173998
434.5,1,496.358,0.017487
434,1,495.492,0.017594
433.5,1,494.626,0.0176845
433,1,493.76,0.0177685
432.5,1,492.894,0.0179873
432,1,492.028,0.0182399
431.5,1,491.162,0.0184831
431,1,490.296,0.0190384
430.5,1,489.43,0.0197622
430,1,488.564,0.0204556
429.5,1,487.698,0.0210513
429,1,486.832,0.0215778
428.5,1,485.966,0.0220584
428,1,485.1,0.022426
427.5,1,484.234,0.0226955
427,1,483.368,0.0229609
426.5,1,482.502,0.0231786
426,1,481.636,0.0231637
425.5,1,480.77,0.0231021
425,1,479.904,0.0229359
424.5,1,479.038,0.022581
424,1,478.172,0.0221811
423.5,1,477.306,0.0217374
423,1,476.44,0.0213629
422.5,1,475.574,0.0210144
422,1,474.708,0.0206553
421.5,1,473.842,0.0205906
421,1,472.976,0.0207029
420.5,1,472.11,0.0208575
420,1,471.244,0.0211655
419.5,1,470.378,0.0216171
419,1,469.512,0.0220251
418.5,1,468.645,0.0221786
418,1,467.779,0.0219302
417.5,1,466.913,0.021678
417,1,466.047,0.0213937
416.5,1,465.181,0.0209766
416,1,464.315,0.020596
415.5,1,463.449,0.0202537
415,1,462.583,0.0199808
414.5,1,461.717,0.0197361
414,1,460.851,0.0195398
413.5,1,459.985,0.0194338
413,1,459.119,0.0193367
412.5,1,458.253,0.0192385
412,1,457.387,0.0192666
411.5,1,456.521,0.0193451
411,1,455.655,0.0194281
410.5,1,454.789,0.0193926
410,1,453.923,0.0190006
409.5,1,453.057,0.0182258
409,1,452.191,0.0179661
408.5,1,451.325,0.017919
408,1,450.459,0.0179956
407.5,1,449.593,0.0184304
407,1,448.727,0.0190349
406.5,1,447.861,0.0198508
406,1,446.995,0.0202256
405.5,1,446.129,0.0204672
405,1,445.263,0.020766
404.5,1,444.397,0.0211896
404,1,443.531,0.0216808
403.5,1,442.665,0.0223218
403,1,441.799,0.022933
402.5,1,440.933,0.0235258
402,1,440.067,0.024035
401.5,1,439.201,0.0242002
401,1,438.335,0.0237211
400.5,1,437.469,0.0229342
400,1,436.603,0.0222413
399.5,1,435.737,0.0219154
399,1,434.87,0.021768
398.5,1,434.004,0.0217408
398,1,433.138,0.02176
397.5,1,432.272,0.0219089
397,1,431.406,0.0220384
396.5,1,430.54,0.0223618
396,1,429.674,0.0229088
395.5,1,428.808,0.0231524
395,1,427.942,0.0227441
394.5,1,427.076,0.0243666
394,1,426.21,0.0240145
393.5,1,425.344,0.0238357
393,1,424.478,0.0241872
392.5,1,423.612,0.0256154
392,1,422.746,0.0267073
391.5,1,421.88,0.0280682
391,1,421.014,0.0292795
390.5,1,420.148,0.030038
390,1,419.282,0.0310099
389.5,1,418.416,0.0317257
389,1,417.55,0.0320821
388.5,1,416.684,0.0319977
388,1,415.818,0.0412044
387.5,1,414.952,0.0571103
387,1,414.086,0.0650179
386.5,1,413.22,0.0664169
386,1,412.354,0.0675257
385.5,1,411.488,0.0684552
385,1,410.622,0.0677131
384.5,1,409.756,0.0669728
384,1,408.89,0.0668094
383.5,1,408.024,0.0668405
383,1,407.158,0.0668063
382.5,1,406.292,0.0663835
382,1,405.426,0.0661696
381.5,1,404.56,0.0649736
381,1,403.694,0.064368
380.5,1,402.828,0.063846
380,1,401.962,0.0635855
379.5,1,401.095,0.0638396
379,1,400.229,0.0643598
378.5,1,399.363,0.064162
378,1,398.497,0.0631194
377.5,1,397.631,0.0616897
377,1,396.765,0.0590443
376.5,1,395.899,0.0564489
376,1,395.033,0.0542236
375.5,1,394.167,0.0550891
375,1,393.301,0.0573648
374.5,1,392.435,0.0564712
374,1,391.569,0.055867
373.5,1,390.703,0.0560792
373,1,389.837,0.0576185
372.5,1,388.971,0.0591069
372,1,388.105,0.0590936
371.5,1,387.239,0.0619312
371,1,386.373,0.0632671
370.5,1,385.507,0.0645404
370,1,384.641,0.0655071
369.5,1,383.775,0.0664001
369,1,382.909,0.0670554
368.5,1,382.043,0.067726
368,1,381.177,0.0688261
367.5,1,380.311,0.0680795
367,1,379.445,0.0664956
366.5,1,378.579,0.0649392
366,1,377.713,0.0640007
365.5,1,376.847,0.0629918
365,1,375.981,0.0622515
364.5,1,375.115,0.0618797
364,1,374.249,0.0621701
363.5,1,373.383,0.0627856
363,1,372.517,0.0636317
362.5,1,371.651,0.0645556
362,1,370.785,0.0655132
361.5,1,369.919,0.0664721
361,1,369.053,0.0671193
360.5,1,368.187,0.0679879
360,1,367.321,0.0685213
359.5,1,366.454,0.0685902
359,1,365.588,0.0684868
358.5,1,364.722,0.0678632
358,1,363.856,0.0670898
357.5,1,362.99,0.066022
357,1,362.124,0.0650604
356.5,1,361.258,0.0642325
356,1,360.392,0.0629823
355.5,1,359.526,0.0620239
355,1,358.66,0.0614273
354.5,1,357.794,0.0608345
354,1,356.928,0.0602759
353.5,1,356.062,0.060023
353,1,355.196,0.0596384
352.5,1,354.33,0.0590895
352,1,353.464,0.0586211
351.5,1,352.598,0.0580538
351,1,351.732,0.0572757
350.5,1,350.866,0.0572299
350,1,350,0.0579028
349.5,1,349.134,0.0586719
349,1,348.268,0.0597454
348.5,1,347.402,0.0615055
348,1,346.536,0.0638622
347.5,1,345.67,0.0658275
347,1,344.804,0.0654698
346.5,1,343.938,0.064663
346,1,343.072,0.0634747
345.5,1,342.206,0.0639271
345,1,341.34,0.0617407
344.5,1,340.474,0.0663512
344,1,339.608,0.0709955
343.5,1,338.742,0.0710282
343,1,337.876,0.070271
342.5,1,337.01,0.0680528
342,1,336.144,0.065438
341.5,1,335.278,0.0623154
341,1,334.412,0.0602936
340.5,1,333.546,0.0585283
340,1,332.679,0.0568675
339.5,1,331.813,0.0555431
339,1,330.947,0.0556366
338.5,1,330.081,0.0565559
338,1,329.215,0.0579166
337.5,1,328.349,0.0595679
337,1,327.483,0.0613794
336.5,1,326.617,0.0627878
336,1,325.751,0.0643189
335.5,1,324.885,0.0660866
335,1,324.019,0.0670931
334.5,1,323.153,0.0675546
334,1,322.287,0.067396
333.5,1,321.421,0.067165
333,1,320.555,0.0668698
332.5,1,319.689,0.0669187
332,1,318.823,0.06723
331.5,1,317.957,0.0678225
331,1,317.091,0.0690203
330.5,1,316.225,0.0701844
330,1,315.359,0.0712525
329.5,1,314.493,0.0728275
329,1,313.627,0.0742334
328.5,1,312.761,0.0759155
328,1,311.895,0.0780452
327.5,1,311.029,0.0791008
327,1,310.163,0.0793893
326.5,1,309.297,0.080735
326,1,308.431,0.0821247
325.5,1,307.565,0.082974
325,1,306.699,0.0844947
324.5,1,305.833,0.0862315
324,1,304.967,0.0882434
323.5,1,304.101,0.090816
323,1,303.235,0.0935778
322.5,1,302.369,0.094715
322,1,301.503,0.0940264
321.5,1,300.637,0.0882423
321,1,299.771,0.0846273
320.5,1,298.905,0.0796925
320,1,298.038,0.0750445
319.5,1,297.172,0.071102
319,1,296.306,0.0686338
318.5,1,295.44,0.0682429
318,1,294.574,0.0699071
317.5,1,293.708,0.0712916
317,1,292.842,0.0718512
316.5,1,291.976,0.0708276
316,1,291.11,0.0692849
315.5,1,290.244,0.0674738
315,1,289.378,0.0653943
314.5,1,288.512,0.0630465
314,1,287.646,0.0628202
313.5,1,286.78,0.0641479
313,1,285.914,0.0669134
312.5,1,285.048,0.0693521
312,1,284.182,0.0711903
311.5,1,283.316,0.0732489
311,1,282.45,0.074707
310.5,1,281.584,0.0757945
310,1,280.718,0.0762612
309.5,1,279.852,0.0770229
309,1,278.986,0.0780795
308.5,1,278.12,0.0785623
308,1,277.254,0.0798668
307.5,1,276.388,0.0802548
307,1,275.522,0.0800354
306.5,1,274.656,0.0802951
306,1,273.79,0.0807076
305.5,1,272.924,0.0814802
305,1,272.058,0.0825983
304.5,1,271.192,0.0817764
304,1,270.326,0.0808451
303.5,1,269.46,0.0802152
303,1,268.594,0.0778466
302.5,1,267.728,0.0757769
302,1,266.862,0.0739074
301.5,1,265.996,0.0717731
301,1,265.13,0.0699314
300.5,1,264.263,0.0681417
300,1,263.397,0.0666073
299.5,1,262.531,0.06507
299,1,261.665,0.0631197
298.5,1,260.799,0.0612922
298,1,259.933,0.0597944
297.5,1,259.067,0.0584697
297,1,258.201,0.0569632
296.5,1,257.335,0.0544378
296,1,256.469,0.0503236
295.5,1,255.603,0.0488985
295,1,254.737,0.0475601
294.5,1,253.871,0.0443375
294,1,253.005,0.0406183
293.5,1,252.139,0.0372393
293,1,251.273,0.0347195
292.5,1,250.407,0.0312876
292,1,249.541,0.0280905
291.5,1,248.675,0.0253376
291,1,247.809,0.0240246
290.5,1,246.943,0.0226753
290,1,246.077,0.0211674
289.5,1,245.211,0.0188672
289,1,244.345,0.016966
288.5,1,243.479,0.0160395
288,1,242.613,0.0153066
287.5,1,241.747,0.0148563
287,1,240.881,0.0147954
286.5,1,240.015,0.0147639
286,1,239.149,0.0147705
285.5,1,238.283,0.0148581
285,1,237.417,0.0149526
284.5,1,236.551,0.0150517
284,1,235.685,0.0150974
283.5,1,234.819,0.0151366
283,1,233.953,0.0151709
282.5,1,233.087,0.0151978
282,1,232.221,0.0152238
281.5,1,231.355,0.0152509
281,1,230.488,0.0153017
280.5,1,229.622,0.0153649
280,1,228.756,0.0154267
279.5,1,227.89,0.0154625
279,1,227.024,0.015467
278.5,1,226.158,0.0154626
278,1,225.292,0.0154619
277.5,1,224.426,0.0154799
277,1,223.56,0.0154985
276.5,1,222.694,0.0155263
276,1,221.828,0.0155978
275.5,1,220.962,0.015664
275,1,220.096,0.015728
274.5,1,219.23,0.015904
274,1,218.364,0.0160811
273.5,1,217.498,0.0162603
273,1,216.632,0.0162746
272.5,1,215.766,0.0162647
272,1,214.9,0.0162554
271.5,1,214.034,0.0162211
271,1,213.168,0.0161876
270.5,1,212.302,0.0161659
270,1,211.436,0.0161264
269.5,1,210.57,0.0160633
269,1,209.704,0.0159999
268.5,1,208.838,0.0159528
268,1,207.972,0.0159284
267.5,1,207.106,0.0159006
267,1,206.24,0.0158597
266.5,1,205.374,0.0157759
266,1,204.508,0.0156822
265.5,1,203.642,0.0155798
265,1,202.776,0.015581
264.5,1,201.91,0.0155719
264,1,201.044,0.0155527
263.5,1,200.178,0.0154474
263,1,199.312,0.0153124
262.5,1,198.446,0.0151495
262,1,197.58,0.0151883
261.5,1,196.714,0.015303
261,1,195.847,0.0154331
260.5,1,194.981,0.0152962
260,1,194.115,0.0149733
259.5,1,193.249,0.0146496
259,1,192.383,0.014576
258.5,1,191.517,0.0148089
258,1,190.651,0.0150579
257.5,1,189.785,0.0151659
257,1,188.919,0.014926
256.5,1,188.053,0.0146907
256,1,187.187,0.0145155
255.5,1,186.321,0.0147055
255,1,185.455,0.0149086
254.5,1,184.589,0.0151087
254,1,183.723,0.0148902
253.5,1,182.857,0.0146683
253,1,181.991,0.0144523
252.5,1,181.125,0.0145745
252,1,180.259,0.0147699
251.5,1,179.393,0.0149665
251,1,178.527,0.0148803
250.5,1,177.661,0.0146271
250,1,176.795,0.0143509
249.5,1,175.929,0.0143876
249,1,175.063,0.0147303
248.5,1,174.197,0.0150643
248,1,173.331,0.0151451
247.5,1,172.465,0.0147549
247,1,171.599,0.0143639
246.5,1,170.733,0.0141085
246,1,169.867,0.0144941
245.5,1,169.001,0.0149103
245,1,168.135,0.0153406
244.5,1,167.269,0.0152945
244,1,166.403,0.0152045
243.5,1,165.537,0.0150635
243,1,164.671,0.0152658
242.5,1,163.805,0.0155185
242,1,162.939,0.0157691
241.5,1,162.072,0.0158645
241,1,161.206,0.0158698
240.5,1,160.34,0.0158489
240,1,159.474,0.0160514
239.5,1,158.608,0.0164432
239,1,157.742,0.0168401
238.5,1,156.876,0.0170212
238,1,156.01,0.0168793
237.5,1,155.144,0.0167266
237,1,154.278,0.0166385
236.5,1,153.412,0.0167806
236,1,152.546,0.0169032
235.5,1,151.68,0.0169771
235,1,150.814,0.0166019
234.5,1,149.948,0.0162694
234,1,149.082,0.0159795
233.5,1,148.216,0.0160092
233,1,147.35,0.0160249
232.5,1,146.484,0.0159942
232,1,145.618,0.0159782
231.5,1,144.752,0.0160268
231,1,143.886,0.0161343
230.5,1,143.02,0.0161085
230,1,142.154,0.0159463
229.5,1,141.288,0.0157481
229,1,140.422,0.015725
228.5,1,139.556,0.0159582
228,1,138.69,0.0162142
227.5,1,137.824,0.0163223
227,1,136.958,0.0160536
226.5,1,136.092,0.0157727
226,1,135.226,0.015569
225.5,1,134.36,0.0158893
225,1,133.494,0.0162137
224.5,1,132.628,0.0165307
224,1,131.762,0.0162735
223.5,1,130.896,0.0159995
223,1,130.03,0.0157155
222.5,1,129.164,0.0158063
222,1,128.297,0.0159744
221.5,1,127.431,0.0161409
221,1,126.565,0.0160561
220.5,1,125.699,0.0158549
220,1,124.833,0.0156619
219.5,1,123.967,0.0155916
219,1,123.101,0.0156067
218.5,1,122.235,0.0155985
218,1,121.369,0.0155479
217.5,1,120.503,0.0154775
217,1,119.637,0.0154475
216.5,1,118.771,0.0154324
216,1,117.905,0.0153314
215.5,1,117.039,0.0151982
215,1,116.173,0.015044
214.5,1,115.307,0.0151245
214,1,114.441,0.0152181
213.5,1,113.575,0.01532
213,1,112.709,0.0152024
212.5,1,111.843,0.0150526
212,1,110.977,0.014899
211.5,1,110.111,0.0149569
211,1,109.245,0.0151058
210.5,1,108.379,0.0152682
210,1,107.513,0.0152536
209.5,1,106.647,0.015098
209,1,105.781,0.0149399
208.5,1,104.915,0.014885
208,1,104.049,0.0149779
207.5,1,103.183,0.0150683
207,1,102.317,0.0151117
206.5,1,101.451,0.0150248
206,1,100.585,0.0149341
205.5,1,99.7187,0.0148596
205,1,98.8526,0.0149361
204.5,1,97.9866,0.0150101
204,1,97.1206,0.0150816
203.5,1,96.2546,0.0149672
203,1,95.3885,0.014845
202.5,1,94.5225,0.0147276
202,1,93.6565,0.014726
201.5,1,92.7905,0.0147561
201,1,91.9244,0.014787
200.5,1,91.0584,0.0147618
200,1,90.1924,0.0147078
