x,y,z,b
500,1,609.808,0.0131288
499.5,1,608.942,0.0131785
499,1,608.076,0.0132234
498.5,1,607.21,0.0131873
498,1,606.344,0.0131303
497.5,1,605.477,0.0130831
497,1,604.611,0.0131466
496.5,1,603.745,0.013221
496,1,602.879,0.0132973
495.5,1,602.013,0.0132438
495,1,601.147,0.0131815
494.5,1,600.281,0.0131103
494,1,599.415,0.013096
493.5,1,598.549,0.0130909
493,1,597.683,0.0130889
492.5,1,596.817,0.0130172
492,1,595.951,0.0129167
491.5,1,595.085,0.0128118
491,1,594.219,0.0127587
490.5,1,593.353,0.0127444
490,1,592.487,0.0127293
489.5,1,591.621,0.0126992
489,1,590.755,0.0126494
488.5,1,589.889,0.0125981
488,1,589.023,0.0125675
487.5,1,588.157,0.0125926
487,1,587.291,0.0126122
486.5,1,586.425,0.012626
486,1,585.559,0.0126337
485.5,1,584.693,0.0126376
485,1,583.827,0.0126378
484.5,1,582.961,0.0127825
484,1,582.095,0.0129337
483.5,1,581.229,0.0130844
483,1,580.363,0.0132376
482.5,1,579.497,0.0133945
482,1,578.631,0.0135532
481.5,1,577.765,0.0137529
481,1,576.899,0.013971
480.5,1,576.033,0.014188
480,1,575.167,0.0143718
479.5,1,574.301,0.0145235
479,1,573.435,0.0146877
478.5,1,572.569,0.014821
478,1,571.703,0.0148672
477.5,1,570.836,0.0149169
477,1,569.97,0.0149535
476.5,1,569.104,0.0149168
476,1,568.238,0.014886
475.5,1,567.372,0.0148613
475,1,566.506,0.0148666
474.5,1,565.64,0.0148746
474,1,564.774,0.0148815
473.5,1,563.908,0.0149288
473,1,563.042,0.0149824
472.5,1,562.176,0.0150353
472,1,561.31,0.0150953
471.5,1,560.444,0.015154
471,1,559.578,0.0152039
470.5,1,558.712,0.01524
470,1,557.846,0.0152646
469.5,1,556.98,0.015285
469,1,556.114,0.0152992
468.5,1,555.248,0.0153031
468,1,554.382,0.0153041
467.5,1,553.516,0.0152994
467,1,552.65,0.0152833
466.5,1,551.784,0.0152691
466,1,550.918,0.0152546
465.5,1,550.052,0.0152003
465,1,549.186,0.0151412
464.5,1,548.32,0.0150772
464,1,547.454,0.0150559
463.5,1,546.588,0.0150442
463,1,545.722,0.0150448
462.5,1,544.856,0.0149806
462,1,543.99,0.0148903
461.5,1,543.124,0.0147967
461,1,542.258,0.0147381
460.5,1,541.392,0.014709
460,1,540.526,0.014687
459.5,1,539.66,0.0146337
459,1,538.794,0.0145358
458.5,1,537.928,0.014435
458,1,537.061,0.0143485
457.5,1,536.195,0.0143157
457,1,535.329,0.01428
456.5,1,534.463,0.0142466
456,1,533.597,0.0142479
455.5,1,532.731,0.0142461
455,1,531.865,0.0142468
454.5,1,530.999,0.0142707
454,1,530.133,0.0142934
453.5,1,529.267,0.0143142
453,1,528.401,0.0143822
452.5,1,527.535,0.0144625
452,1,526.669,0.0145586
451.5,1,525.803,0.0146709
451,1,524.937,0.0147894
450.5,1,524.071,0.014902
450,1,523.205,0.0150434
449.5,1,522.339,0.0152317
449,1,521.473,0.0154213
448.5,1,520.607,0.0155739
448,1,519.741,0.015655
447.5,1,518.875,0.0157208
447,1,518.009,0.0157405
446.5,1,517.143,0.0156098
446,1,516.277,0.0154817
445.5,1,515.411,0.0153573
445,1,514.545,0.0152875
444.5,1,513.679,0.0152273
444,1,512.813,0.0151852
443.5,1,511.947,0.0153465
443,1,511.081,0.0155344
442.5,1,510.215,0.0157184
442,1,509.349,0.0157757
441.5,1,508.483,0.015778
441,1,507.617,0.0157795
440.5,1,506.751,0.0159444
440,1,505.885,0.0162499
439.5,1,505.019,0.0165648
439,1,504.153,0.0168963
438.5,1,503.286,0.0172322
438,1,502.42,0.0175588
437.5,1,501.554,0.0178603
437,1,500.688,0.0180897
436.5,1,499.822,0.018298
436,1,498.956,0.0184801
435.5,1,498.09,0.0185865
435,1,497.224,0.0186868
434.5,1,496.358,0.0187809
434,1,495.492,0.0188199
433.5,1,494.626,0.0188505
433,1,493.76,0.0188749
432.5,1,492.894,0.0187755
432,1,492.028,0.0186392
431.5,1,491.162,0.0185044
431,1,490.296,0.0183536
430.5,1,489.43,0.0181954
430,1,488.564,0.0180472
429.5,1,487.698,0.0179145
429,1,486.832,0.0178024
428.5,1,485.966,0.0177028
428,1,485.1,0.0176454
427.5,1,484.234,0.0176981
427,1,483.368,0.0177915
426.5,1,482.502,0.0179329
426,1,481.636,0.0181847
425.5,1,480.77,0.0184893
425,1,479.904,0.0188865
424.5,1,479.038,0.0203758
424,1,478.172,0.0219403
423.5,1,477.306,0.0235556
423,1,476.44,0.025284
422.5,1,475.574,0.0269
422,1,474.708,0.028055
421.5,1,473.842,0.0284965
421,1,472.976,0.0286865
420.5,1,472.11,0.0288455
420,1,471.244,0.0298806
419.5,1,470.378,0.0323675
419,1,469.512,0.035904
418.5,1,468.645,0.0376644
418,1,467.779,0.0392147
417.5,1,466.913,0.0400087
417,1,466.047,0.0406282
416.5,1,465.181,0.0412579
416,1,464.315,0.0409656
415.5,1,463.449,0.041064
415,1,462.583,0.0416343
414.5,1,461.717,0.0422711
414,1,460.851,0.0429059
413.5,1,459.985,0.0434047
413,1,459.119,0.043934
412.5,1,458.253,0.0445105
412,1,457.387,0.0451248
411.5,1,456.521,0.045732
411,1,455.655,0.046232
410.5,1,454.789,0.0466207
410,1,453.923,0.0468968
409.5,1,453.057,0.0471365
409,1,452.191,0.0471724
408.5,1,451.325,0.0467616
408,1,450.459,0.0461923
407.5,1,449.593,0.0456
407,1,448.727,0.0450926
406.5,1,447.861,0.0445329
406,1,446.995,0.0439846
405.5,1,446.129,0.044063
405,1,445.263,0.0441424
404.5,1,444.397,0.0442229
404,1,443.531,0.0433625
403.5,1,442.665,0.042513
403,1,441.799,0.0420355
402.5,1,440.933,0.0423805
402,1,440.067,0.0429621
401.5,1,439.201,0.043644
401,1,438.335,0.0449034
400.5,1,437.469,0.0463656
400,1,436.603,0.0475096
399.5,1,435.737,0.0475193
399,1,434.87,0.0469303
398.5,1,434.004,0.0473045
398,1,433.138,0.0484084
397.5,1,432.272,0.0485929
397,1,431.406,0.0490457
396.5,1,430.54,0.0503718
396,1,429.674,0.0516343
395.5,1,428.808,0.052911
395,1,427.942,0.0535965
394.5,1,427.076,0.0529535
394,1,426.21,0.0520868
393.5,1,425.344,0.0517437
393,1,424.478,0.0514798
392.5,1,423.612,0.0510994
392,1,422.746,0.0501169
391.5,1,421.88,0.0490661
391,1,421.014,0.0479398
390.5,1,420.148,0.0466453
390,1,419.282,0.0455176
389.5,1,418.416,0.0445565
389,1,417.55,0.0453042
388.5,1,416.684,0.0461592
388,1,415.818,0.047008
387.5,1,414.952,0.0469369
387,1,414.086,0.0468516
386.5,1,413.22,0.0471929
386,1,412.354,0.0476688
385.5,1,411.488,0.0482279
385,1,410.622,0.0499278
384.5,1,409.756,0.0520638
384,1,408.89,0.0526896
383.5,1,408.024,0.0533166
383,1,407.158,0.0536581
382.5,1,406.292,0.0533243
382,1,405.426,0.052955
381.5,1,404.56,0.0525504
381,1,403.694,0.0521104
380.5,1,402.828,0.0516351
380,1,401.962,0.0510947
379.5,1,401.095,0.0506479
379,1,400.229,0.0501228
378.5,1,399.363,0.0495164
378,1,398.497,0.0488286
377.5,1,397.631,0.0480595
377,1,396.765,0.0472091
376.5,1,395.899,0.0463229
376,1,395.033,0.0454332
375.5,1,394.167,0.044529
375,1,393.301,0.0436103
374.5,1,392.435,0.0427842
374,1,391.569,0.0423693
373.5,1,390.703,0.0419692
373,1,389.837,0.041548
372.5,1,388.971,0.0411763
372,1,388.105,0.0408541
371.5,1,387.239,0.0405814
371,1,386.373,0.0403582
370.5,1,385.507,0.0401822
370,1,384.641,0.0399747
369.5,1,383.775,0.0397548
369,1,382.909,0.0394906
368.5,1,382.043,0.0391546
368,1,381.177,0.0388402
367.5,1,380.311,0.0385474
367,1,379.445,0.0386725
366.5,1,378.579,0.0389563
366,1,377.713,0.0392517
365.5,1,376.847,0.0395587
365,1,375.981,0.0398774
364.5,1,375.115,0.0402078
364,1,374.249,0.0405931
363.5,1,373.383,0.0410142
363,1,372.517,0.0414043
362.5,1,371.651,0.0418764
362,1,370.785,0.0424307
361.5,1,369.919,0.0430671
361,1,369.053,0.0437387
360.5,1,368.187,0.0440094
360,1,367.321,0.0442368
359.5,1,366.454,0.044421
359,1,365.588,0.0445619
358.5,1,364.722,0.0446596
358,1,363.856,0.0446592
357.5,1,362.99,0.0447176
357,1,362.124,0.0448463
356.5,1,361.258,0.0450029
356,1,360.392,0.0451874
355.5,1,359.526,0.0453997
355,1,358.66,0.0456398
354.5,1,357.794,0.0454923
354,1,356.928,0.0448681
353.5,1,356.062,0.0442169
353,1,355.196,0.0435388
352.5,1,354.33,0.0426725
352,1,353.464,0.0415758
351.5,1,352.598,0.0404164
351,1,351.732,0.039228
350.5,1,350.866,0.0381002
350,1,350,0.0370328
349.5,1,349.134,0.0334427
349,1,348.268,0.0319197
348.5,1,347.402,0.0310305
348,1,346.536,0.0304766
347.5,1,345.67,0.0301524
347,1,344.804,0.0306081
346.5,1,343.938,0.0321921
346,1,343.072,0.0317039
345.5,1,342.206,0.031215
345,1,341.34,0.0306896
344.5,1,340.474,0.0261397
344,1,339.608,0.0234173
343.5,1,338.742,0.0217913
343,1,337.876,0.0214104
342.5,1,337.01,0.0215775
342,1,336.144,0.0210281
341.5,1,335.278,0.0204488
341,1,334.412,0.0209497
340.5,1,333.546,0.0215597
340,1,332.679,0.0224534
339.5,1,331.813,0.0230651
339,1,330.947,0.023826
338.5,1,330.081,0.0234164
338,1,329.215,0.0234949
337.5,1,328.349,0.0236646
337,1,327.483,0.0234885
336.5,1,326.617,0.0241999
336,1,325.751,0.0261826
335.5,1,324.885,0.029866
335,1,324.019,0.0324498
334.5,1,323.153,0.0348634
334,1,322.287,0.0369365
333.5,1,321.421,0.0386863
333,1,320.555,0.0391108
332.5,1,319.689,0.0379207
332,1,318.823,0.0376634
331.5,1,317.957,0.0391065
331,1,317.091,0.0420689
330.5,1,316.225,0.0426849
330,1,315.359,0.0437802
329.5,1,314.493,0.0460491
329,1,313.627,0.0473504
328.5,1,312.761,0.0483681
328,1,311.895,0.0494793
327.5,1,311.029,0.0507364
327,1,310.163,0.0519729
326.5,1,309.297,0.0525266
326,1,308.431,0.053025
325.5,1,307.565,0.0537582
325,1,306.699,0.0544783
324.5,1,305.833,0.0550306
324,1,304.967,0.0554114
323.5,1,304.101,0.0564939
323,1,303.235,0.057658
322.5,1,302.369,0.0588131
322,1,301.503,0.0602048
321.5,1,300.637,0.0615544
321,1,299.771,0.0630009
320.5,1,298.905,0.064292
320,1,298.038,0.0652621
319.5,1,297.172,0.0661723
319,1,296.306,0.0660319
318.5,1,295.44,0.0645653
318,1,294.574,0.0632615
317.5,1,293.708,0.0618762
317,1,292.842,0.0575177
316.5,1,291.976,0.0608397
316,1,291.11,0.062239
315.5,1,290.244,0.0662755
315,1,289.378,0.0697697
314.5,1,288.512,0.0725097
314,1,287.646,0.0736932
313.5,1,286.78,0.0744813
313,1,285.914,0.074479
312.5,1,285.048,0.0706278
312,1,284.182,0.0654099
311.5,1,283.316,0.0637052
311,1,282.45,0.0620705
310.5,1,281.584,0.0605493
310,1,280.718,0.0597537
309.5,1,279.852,0.0590857
309,1,278.986,0.0585454
308.5,1,278.12,0.0653527
308,1,277.254,0.0665404
307.5,1,276.388,0.0642235
307,1,275.522,0.0615716
306.5,1,274.656,0.059815
306,1,273.79,0.0572369
305.5,1,272.924,0.0556384
305,1,272.058,0.0549844
304.5,1,271.192,0.0497097
304,1,270.326,0.0445146
303.5,1,269.46,0.0403165
303,1,268.594,0.0371177
302.5,1,267.728,0.0345323
302,1,266.862,0.0325617
301.5,1,265.996,0.0315346
301,1,265.13,0.0308803
300.5,1,264.263,0.0303432
300,1,263.397,0.0300489
299.5,1,262.531,0.0299333
299,1,261.665,0.0297111
298.5,1,260.799,0.02956
298,1,259.933,0.0295195
297.5,1,259.067,0.029446
297,1,258.201,0.0293514
296.5,1,257.335,0.0290715
296,1,256.469,0.0285548
295.5,1,255.603,0.0278741
295,1,254.737,0.0266514
294.5,1,253.871,0.0253726
294,1,253.005,0.0240376
293.5,1,252.139,0.0228629
293,1,251.273,0.0217444
292.5,1,250.407,0.0206574
292,1,249.541,0.019624
291.5,1,248.675,0.0186721
291,1,247.809,0.0179516
290.5,1,246.943,0.0175483
290,1,246.077,0.0172261
289.5,1,245.211,0.0169493
289,1,244.345,0.016737
288.5,1,243.479,0.0165706
288,1,242.613,0.0165219
287.5,1,241.747,0.0164716
287,1,240.881,0.0163902
286.5,1,240.015,0.0162945
286,1,239.149,0.0161739
285.5,1,238.283,0.015982
285,1,237.417,0.0157941
284.5,1,236.551,0.0156009
284,1,235.685,0.0155054
283.5,1,234.819,0.015423
283,1,233.953,0.0153498
282.5,1,233.087,0.0151906
282,1,232.221,0.0150247
281.5,1,231.355,0.0148633
281,1,230.488,0.0148375
280.5,1,229.622,0.0148879
280,1,228.756,0.0149097
279.5,1,227.89,0.0148664
279,1,227.024,0.0148045
278.5,1,226.158,0.0147692
278,1,225.292,0.0147516
277.5,1,224.426,0.0147133
277,1,223.56,0.014626
276.5,1,222.694,0.0145365
276,1,221.828,0.0145664
275.5,1,220.962,0.0146358
275,1,220.096,0.014741
274.5,1,219.23,0.0147094
274,1,218.364,0.0146788
273.5,1,217.498,0.0146518
273,1,216.632,0.014708
272.5,1,215.766,0.0148032
272,1,214.9,0.014928
271.5,1,214.034,0.014943
271,1,213.168,0.0148874
270.5,1,212.302,0.014815
270,1,211.436,0.0148546
269.5,1,210.57,0.0150232
269,1,209.704,0.0152242
268.5,1,208.838,0.0153173
268,1,207.972,0.015224
267.5,1,207.106,0.0151271
267,1,206.24,0.0150873
266.5,1,205.374,0.015235
266,1,204.508,0.0153646
265.5,1,203.642,0.015459
265,1,202.776,0.0152835
264.5,1,201.91,0.01512
264,1,201.044,0.0149687
263.5,1,200.178,0.0150169
263,1,199.312,0.0150845
262.5,1,198.446,0.0151596
262,1,197.58,0.0151373
261.5,1,196.714,0.0150722
261,1,195.847,0.0149867
260.5,1,194.981,0.0149493
260,1,194.115,0.0149748
259.5,1,193.249,0.0150164
259,1,192.383,0.0150064
258.5,1,191.517,0.0149168
258,1,190.651,0.0148282
257.5,1,189.785,0.0148391
257,1,188.919,0.0150956
256.5,1,188.053,0.0153702
256,1,187.187,0.0156199
255.5,1,186.321,0.0156019
255,1,185.455,0.015589
254.5,1,184.589,0.0155823
254,1,183.723,0.0159607
253.5,1,182.857,0.0163484
253,1,181.991,0.0167369
252.5,1,181.125,0.0166658
252,1,180.259,0.0164987
251.5,1,179.393,0.0163347
251,1,178.527,0.0163656
250.5,1,177.661,0.0164873
250,1,176.795,0.0165977
249.5,1,175.929,0.0165458
249,1,175.063,0.0163325
248.5,1,174.197,0.0161031
248,1,173.331,0.0160087
247.5,1,172.465,0.0162044
247,1,171.599,0.0164005
246.5,1,170.733,0.0165419
246,1,169.867,0.0164274
245.5,1,169.001,0.0163063
245,1,168.135,0.0161782
244.5,1,167.269,0.0160788
244,1,166.403,0.016058
243.5,1,165.537,0.0161213
243,1,164.671,0.0161324
242.5,1,163.805,0.0161028
242,1,162.939,0.0160445
241.5,1,162.072,0.0161079
241,1,161.206,0.0162524
240.5,1,160.34,0.0164142
240,1,159.474,0.0163852
239.5,1,158.608,0.016174
239,1,157.742,0.0159147
238.5,1,156.876,0.0156702
238,1,156.01,0.0155126
237.5,1,155.144,0.0153752
237,1,154.278,0.0152525
236.5,1,153.412,0.0151419
236,1,152.546,0.0150474
235.5,1,151.68,0.0149677
235,1,150.814,0.0151283
234.5,1,149.948,0.0152675
234,1,149.082,0.0153851
233.5,1,148.216,0.0151756
233,1,147.35,0.0149671
232.5,1,146.484,0.0147815
232,1,145.618,0.0147973
231.5,1,144.752,0.0148357
231,1,143.886,0.0148398
230.5,1,143.02,0.0149107
230,1,142.154,0.0150788
229.5,1,141.288,0.0153058
229,1,140.422,0.0153793
228.5,1,139.556,0.0151737
228,1,138.69,0.0149149
227.5,1,137.824,0.0148438
227,1,136.958,0.0153175
226.5,1,136.092,0.0158308
226,1,135.226,0.0162218
225.5,1,134.36,0.0156437
225,1,133.494,0.015026
224.5,1,132.628,0.0143741
224,1,131.762,0.0150158
223.5,1,130.896,0.0156934
223,1,130.03,0.016391
222.5,1,129.164,0.0163098
222,1,128.297,0.0160389
221.5,1,127.431,0.0157364
221,1,126.565,0.015845
220.5,1,125.699,0.0161803
220,1,124.833,0.0165359
219.5,1,123.967,0.0165771
219,1,123.101,0.0163088
218.5,1,122.235,0.0160345
218,1,121.369,0.0159398
217.5,1,120.503,0.0161795
217,1,119.637,0.0164237
216.5,1,118.771,0.0165613
216,1,117.905,0.0162784
215.5,1,117.039,0.0159994
215,1,116.173,0.0157473
214.5,1,115.307,0.0160015
214,1,114.441,0.0162406
213.5,1,113.575,0.0164649
213,1,112.709,0.0162579
212.5,1,111.843,0.0160113
212,1,110.977,0.0157801
211.5,1,110.111,0.0157007
211,1,109.245,0.0156657
210.5,1,108.379,0.0156213
210,1,107.513,0.0156158
209.5,1,106.647,0.0156529
209,1,105.781,0.0156998
208.5,1,104.915,0.0157188
208,1,104.049,0.0156845
207.5,1,103.183,0.0156391
207,1,102.317,0.0156105
206.5,1,101.451,0.0156642
206,1,100.585,0.0157235
205.5,1,99.7187,0.0157731
205,1,98.8526,0.0156848
204.5,1,97.9866,0.0155903
204,1,97.1206,0.0154897
203.5,1,96.2546,0.0155053
203,1,95.3885,0.0155271
202.5,1,94.5225,0.0155479
202,1,93.6565,0.015525
201.5,1,92.7905,0.015491
201,1,91.9244,0.015458
200.5,1,91.0584,0.0154655
200,1,90.1924,0.0154994
