x,y,z,b
500,1,609.808,0.0118389
499.5,1,608.942,0.0118462
499,1,608.076,0.0118538
498.5,1,607.21,0.0118617
498,1,606.344,0.0118685
497.5,1,605.477,0.0118716
497,1,604.611,0.0118631
496.5,1,603.745,0.011852
496,1,602.879,0.0118355
495.5,1,602.013,0.0117812
495,1,601.147,0.0117258
494.5,1,600.281,0.0116692
494,1,599.415,0.0116156
493.5,1,598.549,0.0115616
493,1,597.683,0.0115064
492.5,1,596.817,0.0114569
492,1,595.951,0.0114095
491.5,1,595.085,0.0113619
491,1,594.219,0.0113279
490.5,1,593.353,0.0113023
490,1,592.487,0.011275
489.5,1,591.621,0.0112575
489,1,590.755,0.0112536
488.5,1,589.889,0.0112474
488,1,589.023,0.0112489
487.5,1,588.157,0.011273
487,1,587.291,0.0112921
486.5,1,586.425,0.0113154
486,1,585.559,0.0114083
485.5,1,584.693,0.0114979
485,1,583.827,0.0115827
484.5,1,582.961,0.0116603
484,1,582.095,0.0117444
483.5,1,581.229,0.0118356
483,1,580.363,0.0118845
482.5,1,579.497,0.0119245
482,1,578.631,0.011966
481.5,1,577.765,0.0119898
481,1,576.899,0.0120009
480.5,1,576.033,0.0120104
480,1,575.167,0.0120005
479.5,1,574.301,0.0119638
479,1,573.435,0.0119186
478.5,1,572.569,0.0118605
478,1,571.703,0.0117848
477.5,1,570.836,0.0117015
477,1,569.97,0.0116256
476.5,1,569.104,0.01161
476,1,568.238,0.011597
475.5,1,567.372,0.0115878
475,1,566.506,0.0116928
474.5,1,565.64,0.0117999
474,1,564.774,0.0119179
473.5,1,563.908,0.0119736
473,1,563.042,0.0120192
472.5,1,562.176,0.0120659
472,1,561.31,0.0120794
471.5,1,560.444,0.012085
471,1,559.578,0.0121007
470.5,1,558.712,0.0120948
470,1,557.846,0.0120704
469.5,1,556.98,0.0120441
469,1,556.114,0.0120287
468.5,1,555.248,0.0120598
468,1,554.382,0.0120831
467.5,1,553.516,0.0121
467,1,552.65,0.0121262
466.5,1,551.784,0.012148
466,1,550.918,0.012165
465.5,1,550.052,0.0121905
465,1,549.186,0.0122123
464.5,1,548.32,0.0122303
464,1,547.454,0.0122623
463.5,1,546.588,0.0122918
463,1,545.722,0.0123151
462.5,1,544.856,0.0123385
462,1,543.99,0.0123614
461.5,1,543.124,0.012383
461,1,542.258,0.0123926
460.5,1,541.392,0.0123935
460,1,540.526,0.0123933
459.5,1,539.66,0.0123878
459,1,538.794,0.0123745
458.5,1,537.928,0.0123588
458,1,537.061,0.0123517
457.5,1,536.195,0.0123699
457,1,535.329,0.0123836
456.5,1,534.463,0.012402
456,1,533.597,0.0124831
455.5,1,532.731,0.0125635
455,1,531.865,0.01264
454.5,1,530.999,0.0127124
454,1,530.133,0.0127895
453.5,1,529.267,0.0128713
453,1,528.401,0.0129536
452.5,1,527.535,0.0130448
452,1,526.669,0.0131437
451.5,1,525.803,0.0132696
451,1,524.937,0.0134139
450.5,1,524.071,0.0135677
450,1,523.205,0.0137389
449.5,1,522.339,0.013908
449,1,521.473,0.0140712
448.5,1,520.607,0.0142218
448,1,519.741,0.0143342
447.5,1,518.875,0.0144322
447,1,518.009,0.0145243
446.5,1,517.143,0.014659
446,1,516.277,0.0147897
445.5,1,515.411,0.0149176
445,1,514.545,0.0150765
444.5,1,513.679,0.0151928
444,1,512.813,0.015293
443.5,1,511.947,0.0154502
443,1,511.081,0.0155836
442.5,1,510.215,0.0156824
442,1,509.349,0.0158403
441.5,1,508.483,0.0160176
441,1,507.617,0.0162436
440.5,1,506.751,0.0163319
440,1,505.885,0.016314
439.5,1,505.019,0.0162879
439,1,504.153,0.0164074
438.5,1,503.286,0.0167357
438,1,502.42,0.0170316
437.5,1,501.554,0.0172258
437,1,500.688,0.0171576
436.5,1,499.822,0.0170486
436,1,498.956,0.0170127
435.5,1,498.09,0.0179844
435,1,497.224,0.0188599
434.5,1,496.358,0.0196393
434,1,495.492,0.019514
433.5,1,494.626,0.0194178
433,1,493.76,0.0192864
432.5,1,492.894,0.0209982
432,1,492.028,0.0265847
431.5,1,491.162,0.0271019
431,1,490.296,0.0276301
430.5,1,489.43,0.028161
430,1,488.564,0.0283743
429.5,1,487.698,0.0285471
429,1,486.832,0.028521
428.5,1,485.966,0.0244224
428,1,485.1,0.0230403
427.5,1,484.234,0.0230798
427,1,483.368,0.0231163
426.5,1,482.502,0.0231075
426,1,481.636,0.0228924
425.5,1,480.77,0.0227576
425,1,479.904,0.0227099
424.5,1,479.038,0.0232405
424,1,478.172,0.0238078
423.5,1,477.306,0.0243986
423,1,476.44,0.0246423
422.5,1,475.574,0.0249205
422,1,474.708,0.0252592
421.5,1,473.842,0.025264
421,1,472.976,0.0251834
420.5,1,472.11,0.0252425
420,1,471.244,0.0255814
419.5,1,470.378,0.0260632
419,1,469.512,0.0265377
418.5,1,468.645,0.0269458
418,1,467.779,0.0272909
417.5,1,466.913,0.0277071
417,1,466.047,0.0281755
416.5,1,465.181,0.0283603
416,1,464.315,0.0284967
415.5,1,463.449,0.0286003
415,1,462.583,0.0290674
414.5,1,461.717,0.0295404
414,1,460.851,0.0300013
413.5,1,459.985,0.0296273
413,1,459.119,0.0292006
412.5,1,458.253,0.0288423
412,1,457.387,0.0283438
411.5,1,456.521,0.0277675
411,1,455.655,0.0271944
410.5,1,454.789,0.0271759
410,1,453.923,0.0275719
409.5,1,453.057,0.0280076
409,1,452.191,0.0283309
408.5,1,451.325,0.0284518
408,1,450.459,0.0285637
407.5,1,449.593,0.0285126
407,1,448.727,0.0281334
406.5,1,447.861,0.027896
406,1,446.995,0.0278141
405.5,1,446.129,0.027966
405,1,445.263,0.0281247
404.5,1,444.397,0.0282902
404,1,443.531,0.0285528
403.5,1,442.665,0.0288013
403,1,441.799,0.0291218
402.5,1,440.933,0.0297102
402,1,440.067,0.0303847
401.5,1,439.201,0.03109
401,1,438.335,0.032399
400.5,1,437.469,0.0340922
400,1,436.603,0.0356145
399.5,1,435.737,0.036552
399,1,434.87,0.0368472
398.5,1,434.004,0.0371429
398,1,433.138,0.0374476
397.5,1,432.272,0.037912
397,1,431.406,0.0384365
396.5,1,430.54,0.0388801
396,1,429.674,0.0388341
395.5,1,428.808,0.0389928
395,1,427.942,0.0392106
394.5,1,427.076,0.0379713
394,1,426.21,0.0368544
393.5,1,425.344,0.0358793
393,1,424.478,0.0350704
392.5,1,423.612,0.0341376
392,1,422.746,0.0331243
391.5,1,421.88,0.0327057
391,1,421.014,0.0324467
390.5,1,420.148,0.0320674
390,1,419.282,0.0322583
389.5,1,418.416,0.0331491
389,1,417.55,0.0340638
388.5,1,416.684,0.035394
388,1,415.818,0.0376491
387.5,1,414.952,0.0397715
387,1,414.086,0.0420324
386.5,1,413.22,0.0454343
386,1,412.354,0.0487101
385.5,1,411.488,0.0517269
385,1,410.622,0.0522392
384.5,1,409.756,0.051574
384,1,408.89,0.0531426
383.5,1,408.024,0.0545492
383,1,407.158,0.055261
382.5,1,406.292,0.0547443
382,1,405.426,0.0542905
381.5,1,404.56,0.0538998
381,1,403.694,0.0535721
380.5,1,402.828,0.0533075
380,1,401.962,0.053118
379.5,1,401.095,0.0538942
379,1,400.229,0.0547169
378.5,1,399.363,0.0555779
378,1,398.497,0.0533838
377.5,1,397.631,0.0529311
377,1,396.765,0.0535594
376.5,1,395.899,0.0546434
376,1,395.033,0.0560854
375.5,1,394.167,0.0563623
375,1,393.301,0.0567904
374.5,1,392.435,0.0573959
374,1,391.569,0.0561105
373.5,1,390.703,0.0547439
373,1,389.837,0.0537518
372.5,1,388.971,0.0531445
372,1,388.105,0.0527988
371.5,1,387.239,0.0529565
371,1,386.373,0.0534747
370.5,1,385.507,0.0537107
370,1,384.641,0.0540942
369.5,1,383.775,0.0533329
369,1,382.909,0.0521134
368.5,1,382.043,0.0510943
368,1,381.177,0.0488829
367.5,1,380.311,0.0477616
367,1,379.445,0.0464807
366.5,1,378.579,0.0490435
366,1,377.713,0.0513576
365.5,1,376.847,0.0518643
365,1,375.981,0.0510317
364.5,1,375.115,0.0503661
364,1,374.249,0.0505237
363.5,1,373.383,0.0510715
363,1,372.517,0.0525645
362.5,1,371.651,0.0531626
362,1,370.785,0.0541124
361.5,1,369.919,0.0539959
361,1,369.053,0.0512478
360.5,1,368.187,0.049269
360,1,367.321,0.0489136
359.5,1,366.454,0.0500864
359,1,365.588,0.0514844
358.5,1,364.722,0.0582713
358,1,363.856,0.0663965
357.5,1,362.99,0.0736679
357,1,362.124,0.0806278
356.5,1,361.258,0.0823246
356,1,360.392,0.0785159
355.5,1,359.526,0.074491
355,1,358.66,0.0657313
354.5,1,357.794,0.0512508
354,1,356.928,0.0453518
353.5,1,356.062,0.0423577
353,1,355.196,0.0412542
352.5,1,354.33,0.0389223
352,1,353.464,0.0361389
351.5,1,352.598,0.0346379
351,1,351.732,0.0322265
350.5,1,350.866,0.0295349
350,1,350,0.0332448
349.5,1,349.134,0.0416112
349,1,348.268,0.0474625
348.5,1,347.402,0.0494978
348,1,346.536,0.0498634
347.5,1,345.67,0.0474013
347,1,344.804,0.0407024
346.5,1,343.938,0.033624
346,1,343.072,0.0310068
345.5,1,342.206,0.0290785
345,1,341.34,0.0285195
344.5,1,340.474,0.0298274
344,1,339.608,0.0313823
343.5,1,338.742,0.0308354
343,1,337.876,0.0297692
342.5,1,337.01,0.0299719
342,1,336.144,0.0430841
341.5,1,335.278,0.0617685
341,1,334.412,0.0711497
340.5,1,333.546,0.0794739
340,1,332.679,0.0837004
339.5,1,331.813,0.0863849
339,1,330.947,0.0884986
338.5,1,330.081,0.0903568
338,1,329.215,0.0920837
337.5,1,328.349,0.094239
337,1,327.483,0.0969209
336.5,1,326.617,0.0994345
336,1,325.751,0.100793
335.5,1,324.885,0.102812
335,1,324.019,0.10466
334.5,1,323.153,0.106197
334,1,322.287,0.107618
333.5,1,321.421,0.108687
333,1,320.555,0.109683
332.5,1,319.689,0.109565
332,1,318.823,0.109846
331.5,1,317.957,0.110868
331,1,317.091,0.114215
330.5,1,316.225,0.117448
330,1,315.359,0.120113
329.5,1,314.493,0.122243
329,1,313.627,0.123784
328.5,1,312.761,0.12353
328,1,311.895,0.122066
327.5,1,311.029,0.121785
327,1,310.163,0.120852
326.5,1,309.297,0.119028
326,1,308.431,0.11692
325.5,1,307.565,0.114074
325,1,306.699,0.109473
324.5,1,305.833,0.100481
324,1,304.967,0.0902609
323.5,1,304.101,0.0810356
323,1,303.235,0.0795109
322.5,1,302.369,0.0791341
322,1,301.503,0.0793229
321.5,1,300.637,0.0753695
321,1,299.771,0.0700291
320.5,1,298.905,0.0643089
320,1,298.038,0.0623576
319.5,1,297.172,0.0629619
319,1,296.306,0.0643281
318.5,1,295.44,0.063379
318,1,294.574,0.0609473
317.5,1,293.708,0.056167
317,1,292.842,0.0522652
316.5,1,291.976,0.0501636
316,1,291.11,0.0476282
315.5,1,290.244,0.0449053
315,1,289.378,0.0420357
314.5,1,288.512,0.0399525
314,1,287.646,0.0382081
313.5,1,286.78,0.0361325
313,1,285.914,0.0332458
312.5,1,285.048,0.0292047
312,1,284.182,0.0248277
311.5,1,283.316,0.0204868
311,1,282.45,0.0181479
310.5,1,281.584,0.0167246
310,1,280.718,0.0152149
309.5,1,279.852,0.014098
309,1,278.986,0.0137228
308.5,1,278.12,0.0132615
308,1,277.254,0.0128492
307.5,1,276.388,0.0126901
307,1,275.522,0.0125318
306.5,1,274.656,0.0123999
306,1,273.79,0.0123466
305.5,1,272.924,0.0123333
305,1,272.058,0.0123582
304.5,1,271.192,0.0122919
304,1,270.326,0.0122421
303.5,1,269.46,0.0122112
303,1,268.594,0.0121812
302.5,1,267.728,0.0121511
302,1,266.862,0.0121226
301.5,1,265.996,0.0121101
301,1,265.13,0.0120988
300.5,1,264.263,0.0120819
300,1,263.397,0.0120773
299.5,1,262.531,0.0120798
299,1,261.665,0.0120816
298.5,1,260.799,0.0120987
298,1,259.933,0.0121405
297.5,1,259.067,0.0121806
297,1,258.201,0.0122259
296.5,1,257.335,0.0122993
296,1,256.469,0.0123798
295.5,1,255.603,0.0124598
295,1,254.737,0.0125257
294.5,1,253.871,0.0125963
294,1,253.005,0.0126713
293.5,1,252.139,0.0127571
293,1,251.273,0.0128499
292.5,1,250.407,0.0129492
292,1,249.541,0.0130749
291.5,1,248.675,0.013212
291,1,247.809,0.013356
290.5,1,246.943,0.0135197
290,1,246.077,0.013695
289.5,1,245.211,0.0138732
289,1,244.345,0.0140418
288.5,1,243.479,0.0141937
288,1,242.613,0.0143363
287.5,1,241.747,0.014465
287,1,240.881,0.0145661
286.5,1,240.015,0.0146601
286,1,239.149,0.0147452
285.5,1,238.283,0.0148117
285,1,237.417,0.0148734
284.5,1,236.551,0.0149332
284,1,235.685,0.0150388
283.5,1,234.819,0.0151467
283,1,233.953,0.0152552
282.5,1,233.087,0.0152994
282,1,232.221,0.0153233
281.5,1,231.355,0.0153407
281,1,230.488,0.0153619
280.5,1,229.622,0.0153843
280,1,228.756,0.0153946
279.5,1,227.89,0.0153525
279,1,227.024,0.0152672
278.5,1,226.158,0.0151815
278,1,225.292,0.0151022
277.5,1,224.426,0.0150312
277,1,223.56,0.0149497
276.5,1,222.694,0.0148576
276,1,221.828,0.0147319
275.5,1,220.962,0.0146119
275,1,220.096,0.0144987
274.5,1,219.23,0.0144316
274,1,218.364,0.0143655
273.5,1,217.498,0.0142998
273,1,216.632,0.0142355
272.5,1,215.766,0.0141714
272,1,214.9,0.0141074
271.5,1,214.034,0.0140752
271,1,213.168,0.014054
270.5,1,212.302,0.0140313
270,1,211.436,0.0139984
269.5,1,210.57,0.0139526
269,1,209.704,0.0139041
268.5,1,208.838,0.0138593
268,1,207.972,0.0138221
267.5,1,207.106,0.0137796
267,1,206.24,0.013724
266.5,1,205.374,0.0136433
266,1,204.508,0.0135686
265.5,1,203.642,0.0134959
265,1,202.776,0.0134478
264.5,1,201.91,0.013399
264,1,201.044,0.0133493
263.5,1,200.178,0.013281
263,1,199.312,0.0132183
262.5,1,198.446,0.0131599
262,1,197.58,0.0131111
261.5,1,196.714,0.0130654
261,1,195.847,0.0130239
260.5,1,194.981,0.0130244
260,1,194.115,0.0130483
259.5,1,193.249,0.0130757
259,1,192.383,0.0130944
258.5,1,191.517,0.0131023
258,1,190.651,0.0131271
257.5,1,189.785,0.0131672
257,1,188.919,0.01323
256.5,1,188.053,0.0132896
256,1,187.187,0.0133347
255.5,1,186.321,0.0133038
255,1,185.455,0.0132666
254.5,1,184.589,0.0132306
254,1,183.723,0.0132597
253.5,1,182.857,0.0132888
253,1,181.991,0.0133166
252.5,1,181.125,0.0133388
252,1,180.259,0.0133651
251.5,1,179.393,0.0133969
251,1,178.527,0.0134355
250.5,1,177.661,0.013477
250,1,176.795,0.0135192
249.5,1,175.929,0.0135723
249,1,175.063,0.0136378
248.5,1,174.197,0.0137071
248,1,173.331,0.0137719
247.5,1,172.465,0.0138196
247,1,171.599,0.0138564
246.5,1,170.733,0.0138916
246,1,169.867,0.0139425
245.5,1,169.001,0.0139986
245,1,168.135,0.0140588
244.5,1,167.269,0.0140937
244,1,166.403,0.0141232
243.5,1,165.537,0.0141503
243,1,164.671,0.0141637
242.5,1,163.805,0.0141778
242,1,162.939,0.0141945
241.5,1,162.072,0.0141918
241,1,161.206,0.0141817
240.5,1,160.34,0.0141707
240,1,159.474,0.0141859
239.5,1,158.608,0.0142236
239,1,157.742,0.0142616
238.5,1,156.876,0.0142872
238,1,156.01,0.0142891
237.5,1,155.144,0.0142853
237,1,154.278,0.0142739
236.5,1,153.412,0.0142551
236,1,152.546,0.0142333
235.5,1,151.68,0.0142137
235,1,150.814,0.0142098
234.5,1,149.948,0.0141996
234,1,149.082,0.0141832
233.5,1,148.216,0.014145
233,1,147.35,0.0141112
232.5,1,146.484,0.014082
232,1,145.618,0.0140748
231.5,1,144.752,0.0140693
231,1,143.886,0.01406
230.5,1,143.02,0.0140089
230,1,142.154,0.0139382
229.5,1,141.288,0.013874
229,1,140.422,0.0138559
228.5,1,139.556,0.0138813
228,1,138.69,0.013902
227.5,1,137.824,0.0139019
227,1,136.958,0.013872
226.5,1,136.092,0.0138517
226,1,135.226,0.0138499
225.5,1,134.36,0.0139011
225,1,133.494,0.013949
224.5,1,132.628,0.0139837
224,1,131.762,0.0139953
223.5,1,130.896,0.0140242
223,1,130.03,0.0140707
222.5,1,129.164,0.0140991
222,1,128.297,0.0141078
221.5,1,127.431,0.0141019
221,1,126.565,0.0140787
220.5,1,125.699,0.0140615
220,1,124.833,0.0140565
219.5,1,123.967,0.0140735
219,1,123.101,0.0140882
218.5,1,122.235,0.0140873
218,1,121.369,0.0140617
217.5,1,120.503,0.0140243
217,1,119.637,0.0140019
216.5,1,118.771,0.0140028
216,1,117.905,0.0140398
215.5,1,117.039,0.0140622
215,1,116.173,0.0140665
214.5,1,115.307,0.0139893
214,1,114.441,0.0139205
213.5,1,113.575,0.0138594
213,1,112.709,0.0139493
212.5,1,111.843,0.0140518
212,1,110.977,0.0141478
211.5,1,110.111,0.0140935
211,1,109.245,0.0139937
210.5,1,108.379,0.013904
210,1,107.513,0.0139424
209.5,1,106.647,0.0140644
209,1,105.781,0.0141755
208.5,1,104.915,0.0141653
208,1,104.049,0.0140113
207.5,1,103.183,0.0138725
207,1,102.317,0.0138208
206.5,1,101.451,0.0139734
206,1,100.585,0.0141078
205.5,1,99.7187,0.0141947
205,1,98.8526,0.0140056
204.5,1,97.9866,0.0138286
204,1,97.1206,0.0136636
203.5,1,96.2546,0.0137931
203,1,95.3885,0.0139305
202.5,1,94.5225,0.0140586
202,1,93.6565,0.0139448
201.5,1,92.7905,0.0137752
201,1,91.9244,0.0136157
200.5,1,91.0584,0.0136746
200,1,90.1924,0.0138551
