x,y,z,b
500,1,609.808,0.0132373
499.5,1,608.942,0.013411
499,1,608.076,0.0134946
498.5,1,607.21,0.0133678
498,1,606.344,0.0132203
497.5,1,605.477,0.0131118
497,1,604.611,0.0132198
496.5,1,603.745,0.0133395
496,1,602.879,0.0134556
495.5,1,602.013,0.0133554
495,1,601.147,0.0132475
494.5,1,600.281,0.0131319
494,1,599.415,0.0131417
493.5,1,598.549,0.013171
493,1,597.683,0.0132082
492.5,1,596.817,0.0131359
492,1,595.951,0.0130192
491.5,1,595.085,0.0128966
491,1,594.219,0.0128421
490.5,1,593.353,0.0128384
490,1,592.487,0.0128334
489.5,1,591.621,0.0128043
489,1,590.755,0.0127444
488.5,1,589.889,0.0126831
488,1,589.023,0.0126433
487.5,1,588.157,0.0126614
487,1,587.291,0.0126733
486.5,1,586.425,0.0126787
486,1,585.559,0.0126748
485.5,1,584.693,0.0126669
485,1,583.827,0.0126587
484.5,1,582.961,0.012796
484,1,582.095,0.0129252
483.5,1,581.229,0.0130391
483,1,580.363,0.0131987
482.5,1,579.497,0.0133805
482,1,578.631,0.0135693
481.5,1,577.765,0.0137769
481,1,576.899,0.0139862
480.5,1,576.033,0.0141907
480,1,575.167,0.0143792
479.5,1,574.301,0.0145595
479,1,573.435,0.0147551
478.5,1,572.569,0.0149076
478,1,571.703,0.0149438
477.5,1,570.836,0.0149846
477,1,569.97,0.0150167
476.5,1,569.104,0.0149963
476,1,568.238,0.0149861
475.5,1,567.372,0.0149861
475,1,566.506,0.0149935
474.5,1,565.64,0.015001
474,1,564.774,0.0150055
473.5,1,563.908,0.0150569
473,1,563.042,0.0151149
472.5,1,562.176,0.0151713
472,1,561.31,0.0152153
471.5,1,560.444,0.0152474
471,1,559.578,0.0152699
470.5,1,558.712,0.0152905
470,1,557.846,0.0153118
469.5,1,556.98,0.0153316
469,1,556.114,0.0153446
468.5,1,555.248,0.0153446
468,1,554.382,0.0153395
467.5,1,553.516,0.0153308
467,1,552.65,0.0153296
466.5,1,551.784,0.0153359
466,1,550.918,0.0153448
465.5,1,550.052,0.0152767
465,1,549.186,0.0152041
464.5,1,548.32,0.015127
464,1,547.454,0.0151302
463.5,1,546.588,0.0151508
463,1,545.722,0.0151785
462.5,1,544.856,0.0151149
462,1,543.99,0.0150222
461.5,1,543.124,0.0149327
461,1,542.258,0.0148845
460.5,1,541.392,0.0148639
460,1,540.526,0.0148477
459.5,1,539.66,0.0148042
459,1,538.794,0.0147239
458.5,1,537.928,0.0146489
458,1,537.061,0.0145882
457.5,1,536.195,0.0145628
457,1,535.329,0.0145521
456.5,1,534.463,0.0145545
456,1,533.597,0.0145452
455.5,1,532.731,0.0145236
455,1,531.865,0.0145071
454.5,1,530.999,0.014547
454,1,530.133,0.0145881
453.5,1,529.267,0.0146288
453,1,528.401,0.0146993
452.5,1,527.535,0.0147694
452,1,526.669,0.0148522
451.5,1,525.803,0.0149634
451,1,524.937,0.0150801
450.5,1,524.071,0.0151855
450,1,523.205,0.0153183
449.5,1,522.339,0.0154714
449,1,521.473,0.0156093
448.5,1,520.607,0.0156986
448,1,519.741,0.0156943
447.5,1,518.875,0.0156694
447,1,518.009,0.0156096
446.5,1,517.143,0.0154864
446,1,516.277,0.0153791
445.5,1,515.411,0.01529
445,1,514.545,0.0153137
444.5,1,513.679,0.0153489
444,1,512.813,0.0153985
443.5,1,511.947,0.0155532
443,1,511.081,0.0157096
442.5,1,510.215,0.0158511
442,1,509.349,0.0158841
441.5,1,508.483,0.01588
441,1,507.617,0.0158858
440.5,1,506.751,0.016104
440,1,505.885,0.0164941
439.5,1,505.019,0.0168878
439,1,504.153,0.017258
438.5,1,503.286,0.0175713
438,1,502.42,0.0178667
437.5,1,501.554,0.0181254
437,1,500.688,0.0183039
436.5,1,499.822,0.0184738
436,1,498.956,0.0186293
435.5,1,498.09,0.0187154
435,1,497.224,0.0187965
434.5,1,496.358,0.0188726
434,1,495.492,0.0189159
433.5,1,494.626,0.0189558
433,1,493.76,0.0189938
432.5,1,492.894,0.0189304
432,1,492.028,0.0188404
431.5,1,491.162,0.0187563
431,1,490.296,0.0186756
430.5,1,489.43,0.0186076
430,1,488.564,0.0185609
429.5,1,487.698,0.0185309
429,1,486.832,0.0185103
428.5,1,485.966,0.018494
428,1,485.1,0.0185798
427.5,1,484.234,0.0189983
427,1,483.368,0.0195194
426.5,1,482.502,0.0201352
426,1,481.636,0.0208307
425.5,1,480.77,0.0216136
425,1,479.904,0.0224552
424.5,1,479.038,0.0242251
424,1,478.172,0.025992
423.5,1,477.306,0.0277326
423,1,476.44,0.0291427
422.5,1,475.574,0.0309907
422,1,474.708,0.0313724
421.5,1,473.842,0.0317372
421,1,472.976,0.0321695
420.5,1,472.11,0.0335422
420,1,471.244,0.0349271
419.5,1,470.378,0.0363242
419,1,469.512,0.0377335
418.5,1,468.645,0.0391549
418,1,467.779,0.0403487
417.5,1,466.913,0.0408637
417,1,466.047,0.0412921
416.5,1,465.181,0.0417973
416,1,464.315,0.0418664
415.5,1,463.449,0.042247
415,1,462.583,0.0428042
414.5,1,461.717,0.0433643
414,1,460.851,0.0438497
413.5,1,459.985,0.0442439
413,1,459.119,0.0446756
412.5,1,458.253,0.0451503
412,1,457.387,0.0454004
411.5,1,456.521,0.0455068
411,1,455.655,0.0453544
410.5,1,454.789,0.0444961
410,1,453.923,0.0429227
409.5,1,453.057,0.0411177
409,1,452.191,0.0396578
408.5,1,451.325,0.0391701
408,1,450.459,0.038798
407.5,1,449.593,0.0386315
407,1,448.727,0.0391224
406.5,1,447.861,0.0396267
406,1,446.995,0.0401096
405.5,1,446.129,0.0402284
405,1,445.263,0.0403788
404.5,1,444.397,0.0405608
404,1,443.531,0.0409055
403.5,1,442.665,0.0414422
403,1,441.799,0.0421311
402.5,1,440.933,0.0426992
402,1,440.067,0.043243
401.5,1,439.201,0.0438184
401,1,438.335,0.0446332
400.5,1,437.469,0.0454685
400,1,436.603,0.04579
399.5,1,435.737,0.04567
399,1,434.87,0.0455903
398.5,1,434.004,0.0462081
398,1,433.138,0.047416
397.5,1,432.272,0.048161
397,1,431.406,0.048958
396.5,1,430.54,0.050015
396,1,429.674,0.0505613
395.5,1,428.808,0.0509904
395,1,427.942,0.0512243
394.5,1,427.076,0.0499704
394,1,426.21,0.0484943
393.5,1,425.344,0.0479824
393,1,424.478,0.0476399
392.5,1,423.612,0.047457
392,1,422.746,0.047301
391.5,1,421.88,0.047134
391,1,421.014,0.046951
390.5,1,420.148,0.0466956
390,1,419.282,0.0466027
389.5,1,418.416,0.0466722
389,1,417.55,0.0474844
388.5,1,416.684,0.0483216
388,1,415.818,0.0491373
387.5,1,414.952,0.0487575
387,1,414.086,0.0484669
386.5,1,413.22,0.0487791
386,1,412.354,0.049269
385.5,1,411.488,0.0498751
385,1,410.622,0.0513716
384.5,1,409.756,0.05302
384,1,408.89,0.0533026
383.5,1,408.024,0.0536144
383,1,407.158,0.0536659
382.5,1,406.292,0.053035
382,1,405.426,0.0523531
381.5,1,404.56,0.0516203
381,1,403.694,0.0508365
380.5,1,402.828,0.0500018
380,1,401.962,0.0491012
379.5,1,401.095,0.0481769
379,1,400.229,0.04725
378.5,1,399.363,0.0463197
378,1,398.497,0.0453861
377.5,1,397.631,0.0444492
377,1,396.765,0.0435089
376.5,1,395.899,0.0428104
376,1,395.033,0.0422875
375.5,1,394.167,0.0418342
375,1,393.301,0.0414504
374.5,1,392.435,0.0411811
374,1,391.569,0.0410981
373.5,1,390.703,0.0409708
373,1,389.837,0.0408018
372.5,1,388.971,0.0406831
372,1,388.105,0.0406146
371.5,1,387.239,0.0405964
371,1,386.373,0.0406285
370.5,1,385.507,0.0406974
370,1,384.641,0.0405152
369.5,1,383.775,0.0403341
369,1,382.909,0.0400791
368.5,1,382.043,0.0396881
368,1,381.177,0.0393842
367.5,1,380.311,0.0391674
367,1,379.445,0.039189
366.5,1,378.579,0.0392747
366,1,377.713,0.0393569
365.5,1,376.847,0.0394356
365,1,375.981,0.0395107
364.5,1,375.115,0.0395823
364,1,374.249,0.0398996
363.5,1,373.383,0.0405868
363,1,372.517,0.0412864
362.5,1,371.651,0.0420012
362,1,370.785,0.0427313
361.5,1,369.919,0.0434766
361,1,369.053,0.0441791
360.5,1,368.187,0.0443574
360,1,367.321,0.0445038
359.5,1,366.454,0.0446181
359,1,365.588,0.0447004
358.5,1,364.722,0.0447507
358,1,363.856,0.0447348
357.5,1,362.99,0.0447827
357,1,362.124,0.0448351
356.5,1,361.258,0.044856
356,1,360.392,0.0448455
355.5,1,359.526,0.0448035
355,1,358.66,0.0447301
354.5,1,357.794,0.0444099
354,1,356.928,0.0439071
353.5,1,356.062,0.0434948
353,1,355.196,0.0431731
352.5,1,354.33,0.0426388
352,1,353.464,0.0417076
351.5,1,352.598,0.0406275
351,1,351.732,0.0393132
350.5,1,350.866,0.0380749
350,1,350,0.0369126
349.5,1,349.134,0.0308747
349,1,348.268,0.0288254
348.5,1,347.402,0.027849
348,1,346.536,0.0276896
347.5,1,345.67,0.0277322
347,1,344.804,0.0286859
346.5,1,343.938,0.0314769
346,1,343.072,0.031034
345.5,1,342.206,0.0305944
345,1,341.34,0.0302095
344.5,1,340.474,0.0260223
344,1,339.608,0.0239251
343.5,1,338.742,0.0231106
343,1,337.876,0.023676
342.5,1,337.01,0.0241451
342,1,336.144,0.0231713
341.5,1,335.278,0.0222868
341,1,334.412,0.0228142
340.5,1,333.546,0.0237203
340,1,332.679,0.0246988
339.5,1,331.813,0.0255474
339,1,330.947,0.0266328
338.5,1,330.081,0.027025
338,1,329.215,0.0274351
337.5,1,328.349,0.0284746
337,1,327.483,0.0297934
336.5,1,326.617,0.0314356
336,1,325.751,0.033245
335.5,1,324.885,0.0348092
335,1,324.019,0.0361264
334.5,1,323.153,0.0367629
334,1,322.287,0.0373675
333.5,1,321.421,0.0379548
333,1,320.555,0.0387253
332.5,1,319.689,0.0384068
332,1,318.823,0.0393494
331.5,1,317.957,0.0409171
331,1,317.091,0.0405941
330.5,1,316.225,0.0407077
330,1,315.359,0.0410956
329.5,1,314.493,0.0418356
329,1,313.627,0.0426187
328.5,1,312.761,0.0432505
328,1,311.895,0.0437905
327.5,1,311.029,0.0443612
327,1,310.163,0.0450294
326.5,1,309.297,0.046053
326,1,308.431,0.0471473
325.5,1,307.565,0.0482384
325,1,306.699,0.049375
324.5,1,305.833,0.050593
324,1,304.967,0.0518858
323.5,1,304.101,0.0534316
323,1,303.235,0.0550681
322.5,1,302.369,0.0567602
322,1,301.503,0.0587812
321.5,1,300.637,0.0616228
321,1,299.771,0.06316
320.5,1,298.905,0.0647482
320,1,298.038,0.0663663
319.5,1,297.172,0.0653339
319,1,296.306,0.0645976
318.5,1,295.44,0.0642863
318,1,294.574,0.0633115
317.5,1,293.708,0.0632959
317,1,292.842,0.0629677
316.5,1,291.976,0.0636987
316,1,291.11,0.0655704
315.5,1,290.244,0.0678035
315,1,289.378,0.0690456
314.5,1,288.512,0.0697096
314,1,287.646,0.0692532
313.5,1,286.78,0.0684776
313,1,285.914,0.0671196
312.5,1,285.048,0.0632664
312,1,284.182,0.0583906
311.5,1,283.316,0.056405
311,1,282.45,0.0545373
310.5,1,281.584,0.0528393
310,1,280.718,0.0520452
309.5,1,279.852,0.0514516
309,1,278.986,0.0510585
308.5,1,278.12,0.055452
308,1,277.254,0.0545099
307.5,1,276.388,0.0519533
307,1,275.522,0.0493965
306.5,1,274.656,0.0466559
306,1,273.79,0.0419163
305.5,1,272.924,0.0403603
305,1,272.058,0.03912
304.5,1,271.192,0.0381956
304,1,270.326,0.0372061
303.5,1,269.46,0.0359236
303,1,268.594,0.0349515
302.5,1,267.728,0.0309193
302,1,266.862,0.0279354
301.5,1,265.996,0.0268834
301,1,265.13,0.0265362
300.5,1,264.263,0.0261085
300,1,263.397,0.0258019
299.5,1,262.531,0.0255989
299,1,261.665,0.0253754
298.5,1,260.799,0.0251248
298,1,259.933,0.0248986
297.5,1,259.067,0.0245712
297,1,258.201,0.0241049
296.5,1,257.335,0.023514
296,1,256.469,0.023082
295.5,1,255.603,0.0225713
295,1,254.737,0.0217879
294.5,1,253.871,0.0210216
294,1,253.005,0.0202725
293.5,1,252.139,0.0197974
293,1,251.273,0.0193702
292.5,1,250.407,0.0189573
292,1,249.541,0.0186672
291.5,1,248.675,0.0184386
291,1,247.809,0.0182703
290.5,1,246.943,0.0181917
290,1,246.077,0.0181352
289.5,1,245.211,0.0180776
289,1,244.345,0.0180025
288.5,1,243.479,0.0179006
288,1,242.613,0.0177643
287.5,1,241.747,0.0175941
287,1,240.881,0.0173552
286.5,1,240.015,0.0171153
286,1,239.149,0.0168771
285.5,1,238.283,0.0166486
285,1,237.417,0.016408
284.5,1,236.551,0.0161655
284,1,235.685,0.0160034
283.5,1,234.819,0.0158459
283,1,233.953,0.0156888
282.5,1,233.087,0.0154125
282,1,232.221,0.0151458
281.5,1,231.355,0.0148952
281,1,230.488,0.0147577
280.5,1,229.622,0.0146847
280,1,228.756,0.0146106
279.5,1,227.89,0.0145379
279,1,227.024,0.0144991
278.5,1,226.158,0.0144902
278,1,225.292,0.0144416
277.5,1,224.426,0.0142538
277,1,223.56,0.0140628
276.5,1,222.694,0.013917
276,1,221.828,0.0140528
275.5,1,220.962,0.0142122
275,1,220.096,0.01439
274.5,1,219.23,0.0143655
274,1,218.364,0.0143264
273.5,1,217.498,0.0142666
273,1,216.632,0.0144116
272.5,1,215.766,0.0146302
272,1,214.9,0.0148907
271.5,1,214.034,0.0149207
271,1,213.168,0.0148585
270.5,1,212.302,0.0148074
270,1,211.436,0.0149028
269.5,1,210.57,0.0151195
269,1,209.704,0.0153378
268.5,1,208.838,0.0154341
268,1,207.972,0.015345
267.5,1,207.106,0.0152563
267,1,206.24,0.0152095
266.5,1,205.374,0.0152902
266,1,204.508,0.0153577
265.5,1,203.642,0.015407
265,1,202.776,0.0152777
264.5,1,201.91,0.0151542
264,1,201.044,0.0150367
263.5,1,200.178,0.0150905
263,1,199.312,0.0151536
262.5,1,198.446,0.0152147
262,1,197.58,0.0151409
261.5,1,196.714,0.0150202
261,1,195.847,0.0148917
260.5,1,194.981,0.0149005
260,1,194.115,0.0150136
259.5,1,193.249,0.0151432
259,1,192.383,0.0151915
258.5,1,191.517,0.0151296
258,1,190.651,0.015097
257.5,1,189.785,0.0151864
257,1,188.919,0.0155132
256.5,1,188.053,0.0158295
256,1,187.187,0.0160956
255.5,1,186.321,0.0161104
255,1,185.455,0.0161344
254.5,1,184.589,0.0161683
254,1,183.723,0.016514
253.5,1,182.857,0.0168405
253,1,181.991,0.0171407
252.5,1,181.125,0.0170565
252,1,180.259,0.0168957
251.5,1,179.393,0.0167385
251,1,178.527,0.0167245
250.5,1,177.661,0.0167793
250,1,176.795,0.0168255
249.5,1,175.929,0.0166852
249,1,175.063,0.0163722
248.5,1,174.197,0.0160555
248,1,173.331,0.0159124
247.5,1,172.465,0.0160947
247,1,171.599,0.0162841
246.5,1,170.733,0.016408
246,1,169.867,0.0162656
245.5,1,169.001,0.0161127
245,1,168.135,0.0159552
244.5,1,167.269,0.0160006
244,1,166.403,0.0160971
243.5,1,165.537,0.0162518
243,1,164.671,0.0162149
242.5,1,163.805,0.0161423
242,1,162.939,0.0160657
241.5,1,162.072,0.0161422
241,1,161.206,0.0162899
240.5,1,160.34,0.0164385
240,1,159.474,0.0163479
239.5,1,158.608,0.0160492
239,1,157.742,0.0157142
238.5,1,156.876,0.0154409
238,1,156.01,0.0152947
237.5,1,155.144,0.0151788
237,1,154.278,0.015095
236.5,1,153.412,0.0150315
236,1,152.546,0.0149684
235.5,1,151.68,0.0149065
235,1,150.814,0.0149716
234.5,1,149.948,0.0150221
234,1,149.082,0.0150581
233.5,1,148.216,0.0149577
233,1,147.35,0.0148868
232.5,1,146.484,0.0148575
232,1,145.618,0.0148335
231.5,1,144.752,0.0147707
231,1,143.886,0.0146721
230.5,1,143.02,0.0148331
230,1,142.154,0.0151967
229.5,1,141.288,0.0155979
229,1,140.422,0.0156739
228.5,1,139.556,0.0153077
228,1,138.69,0.0149115
227.5,1,137.824,0.0148049
227,1,136.958,0.0154051
226.5,1,136.092,0.0160208
226,1,135.226,0.0164602
225.5,1,134.36,0.0157652
225,1,133.494,0.0150746
224.5,1,132.628,0.0144004
224,1,131.762,0.0150833
223.5,1,130.896,0.0157706
223,1,130.03,0.0164457
222.5,1,129.164,0.0163024
222,1,128.297,0.0159819
221.5,1,127.431,0.0156505
221,1,126.565,0.0157583
220.5,1,125.699,0.0160855
220,1,124.833,0.0164149
219.5,1,123.967,0.0164431
219,1,123.101,0.0161976
218.5,1,122.235,0.0159581
218,1,121.369,0.0158887
217.5,1,120.503,0.0161116
217,1,119.637,0.0163269
216.5,1,118.771,0.0164424
216,1,117.905,0.016211
215.5,1,117.039,0.015991
215,1,116.173,0.0157998
214.5,1,115.307,0.0159883
214,1,114.441,0.0161497
213.5,1,113.575,0.0162837
213,1,112.709,0.016134
212.5,1,111.843,0.0159758
212,1,110.977,0.0158451
211.5,1,110.111,0.0157704
211,1,109.245,0.0157076
210.5,1,108.379,0.0156417
210,1,107.513,0.015651
209.5,1,106.647,0.0157204
209,1,105.781,0.0157913
208.5,1,104.915,0.0158117
208,1,104.049,0.0157565
207.5,1,103.183,0.0156952
207,1,102.317,0.0156624
206.5,1,101.451,0.0157293
206,1,100.585,0.0157891
205.5,1,99.7187,0.0158268
205,1,98.8526,0.01572
204.5,1,97.9866,0.0156178
204,1,97.1206,0.0155201
203.5,1,96.2546,0.0155265
203,1,95.3885,0.0155359
202.5,1,94.5225,0.0155432
202,1,93.6565,0.0155172
201.5,1,92.7905,0.0154836
201,1,91.9244,0.0154516
200.5,1,91.0584,0.015454
200,1,90.1924,0.0154802
