x,y,z,b
500,1,609.808,0.0124136
499.5,1,608.942,0.0124252
499,1,608.076,0.0124415
498.5,1,607.21,0.0124674
498,1,606.344,0.0124933
497.5,1,605.477,0.0125208
497,1,604.611,0.0125552
496.5,1,603.745,0.01259
496,1,602.879,0.0126246
495.5,1,602.013,0.0126375
495,1,601.147,0.012651
494.5,1,600.281,0.0126649
494,1,599.415,0.0126571
493.5,1,598.549,0.0126469
493,1,597.683,0.0126369
492.5,1,596.817,0.0126092
492,1,595.951,0.012575
491.5,1,595.085,0.0125403
491,1,594.219,0.0125075
490.5,1,593.353,0.0124766
490,1,592.487,0.0124455
489.5,1,591.621,0.0124174
489,1,590.755,0.0123935
488.5,1,589.889,0.0123694
488,1,589.023,0.0123447
487.5,1,588.157,0.0123193
487,1,587.291,0.0122939
486.5,1,586.425,0.0122702
486,1,585.559,0.01226
485.5,1,584.693,0.0122501
485,1,583.827,0.0122404
484.5,1,582.961,0.0122417
484,1,582.095,0.0122441
483.5,1,581.229,0.012247
483,1,580.363,0.0122467
482.5,1,579.497,0.012246
482,1,578.631,0.0122457
481.5,1,577.765,0.0122476
481,1,576.899,0.0122504
480.5,1,576.033,0.0122528
480,1,575.167,0.0122607
479.5,1,574.301,0.0122739
479,1,573.435,0.0122866
478.5,1,572.569,0.0122997
478,1,571.703,0.0123143
477.5,1,570.836,0.0123291
477,1,569.97,0.0123359
476.5,1,569.104,0.0123033
476,1,568.238,0.0122703
475.5,1,567.372,0.0122371
475,1,566.506,0.0122061
474.5,1,565.64,0.0121746
474,1,564.774,0.0121434
473.5,1,563.908,0.0121368
473,1,563.042,0.0121344
472.5,1,562.176,0.0121321
472,1,561.31,0.012145
471.5,1,560.444,0.0121649
471,1,559.578,0.0121855
470.5,1,558.712,0.0121886
470,1,557.846,0.0121763
469.5,1,556.98,0.0121627
469,1,556.114,0.0121172
468.5,1,555.248,0.0120223
468,1,554.382,0.0119267
467.5,1,553.516,0.0118322
467,1,552.65,0.0117447
466.5,1,551.784,0.0116576
466,1,550.918,0.0115744
465.5,1,550.052,0.0115274
465,1,549.186,0.0114824
464.5,1,548.32,0.0114395
464,1,547.454,0.0114358
463.5,1,546.588,0.0114361
463,1,545.722,0.0114377
462.5,1,544.856,0.0114504
462,1,543.99,0.011466
461.5,1,543.124,0.0114806
461,1,542.258,0.0115231
460.5,1,541.392,0.0115812
460,1,540.526,0.0116348
459.5,1,539.66,0.0116763
459,1,538.794,0.011703
458.5,1,537.928,0.0117247
458,1,537.061,0.0117349
457.5,1,536.195,0.0117273
457,1,535.329,0.0117151
456.5,1,534.463,0.0116957
456,1,533.597,0.0116584
455.5,1,532.731,0.0116247
455,1,531.865,0.0115956
454.5,1,530.999,0.0115912
454,1,530.133,0.0115895
453.5,1,529.267,0.0115899
453,1,528.401,0.0116505
452.5,1,527.535,0.0117273
452,1,526.669,0.011804
451.5,1,525.803,0.0119612
451,1,524.937,0.0121608
450.5,1,524.071,0.0123599
450,1,523.205,0.012635
449.5,1,522.339,0.0129788
449,1,521.473,0.0133119
448.5,1,520.607,0.0136236
448,1,519.741,0.0139014
447.5,1,518.875,0.014176
447,1,518.009,0.0144184
446.5,1,517.143,0.0145252
446,1,516.277,0.0146308
445.5,1,515.411,0.0147332
445,1,514.545,0.0147332
444.5,1,513.679,0.0147341
444,1,512.813,0.0147271
443.5,1,511.947,0.0145964
443,1,511.081,0.0144507
442.5,1,510.215,0.0143092
442,1,509.349,0.0141628
441.5,1,508.483,0.0140103
441,1,507.617,0.01385
440.5,1,506.751,0.0137215
440,1,505.885,0.0136212
439.5,1,505.019,0.0135232
439,1,504.153,0.0134431
438.5,1,503.286,0.0133999
438,1,502.42,0.0133653
437.5,1,501.554,0.0133885
437,1,500.688,0.0136045
436.5,1,499.822,0.0138546
436,1,498.956,0.0141544
435.5,1,498.09,0.0147081
435,1,497.224,0.0152726
434.5,1,496.358,0.0158479
434,1,495.492,0.0165807
433.5,1,494.626,0.0173657
433,1,493.76,0.0181652
432.5,1,492.894,0.0182189
432,1,492.028,0.0198292
431.5,1,491.162,0.0200276
431,1,490.296,0.0203438
430.5,1,489.43,0.0208014
430,1,488.564,0.0221685
429.5,1,487.698,0.0235105
429,1,486.832,0.0245938
428.5,1,485.966,0.0254823
428,1,485.1,0.0263334
427.5,1,484.234,0.0271469
427,1,483.368,0.0284269
426.5,1,482.502,0.0298927
426,1,481.636,0.0313435
425.5,1,480.77,0.0283061
425,1,479.904,0.0275115
424.5,1,479.038,0.0293561
424,1,478.172,0.0312552
423.5,1,477.306,0.0331444
423,1,476.44,0.034199
422.5,1,475.574,0.0342446
422,1,474.708,0.0343426
421.5,1,473.842,0.0352022
421,1,472.976,0.0353055
420.5,1,472.11,0.0354009
420,1,471.244,0.0358119
419.5,1,470.378,0.0363198
419,1,469.512,0.0373636
418.5,1,468.645,0.0394098
418,1,467.779,0.0427543
417.5,1,466.913,0.0466241
417,1,466.047,0.050088
416.5,1,465.181,0.052347
416,1,464.315,0.0539972
415.5,1,463.449,0.055017
415,1,462.583,0.055212
414.5,1,461.717,0.0550154
414,1,460.851,0.0545307
413.5,1,459.985,0.0541389
413,1,459.119,0.0562542
412.5,1,458.253,0.0569539
412,1,457.387,0.0572281
411.5,1,456.521,0.057559
411,1,455.655,0.0569572
410.5,1,454.789,0.0558631
410,1,453.923,0.0543929
409.5,1,453.057,0.0527831
409,1,452.191,0.0508954
408.5,1,451.325,0.0490428
408,1,450.459,0.0474042
407.5,1,449.593,0.0458063
407,1,448.727,0.0443758
406.5,1,447.861,0.0428775
406,1,446.995,0.0414044
405.5,1,446.129,0.0406062
405,1,445.263,0.039717
404.5,1,444.397,0.0387368
404,1,443.531,0.0385584
403.5,1,442.665,0.0382348
403,1,441.799,0.0382765
402.5,1,440.933,0.039397
402,1,440.067,0.0405162
401.5,1,439.201,0.0413668
401,1,438.335,0.0434003
400.5,1,437.469,0.0459337
400,1,436.603,0.0482346
399.5,1,435.737,0.0498928
399,1,434.87,0.0509663
398.5,1,434.004,0.051549
398,1,433.138,0.0518324
397.5,1,432.272,0.0524812
397,1,431.406,0.0528654
396.5,1,430.54,0.0526058
396,1,429.674,0.0503024
395.5,1,428.808,0.0481393
395,1,427.942,0.04636
394.5,1,427.076,0.0437601
394,1,426.21,0.0414695
393.5,1,425.344,0.0395158
393,1,424.478,0.038153
392.5,1,423.612,0.0369785
392,1,422.746,0.035953
391.5,1,421.88,0.035677
391,1,421.014,0.0359233
390.5,1,420.148,0.0363563
390,1,419.282,0.0368221
389.5,1,418.416,0.0373985
389,1,417.55,0.0378358
388.5,1,416.684,0.037975
388,1,415.818,0.0377943
387.5,1,414.952,0.036959
387,1,414.086,0.0364042
386.5,1,413.22,0.0378949
386,1,412.354,0.0389175
385.5,1,411.488,0.0394826
385,1,410.622,0.0420259
384.5,1,409.756,0.0467294
384,1,408.89,0.047983
383.5,1,408.024,0.0488834
383,1,407.158,0.0501335
382.5,1,406.292,0.0487228
382,1,405.426,0.0484507
381.5,1,404.56,0.0486826
381,1,403.694,0.0501582
380.5,1,402.828,0.0525931
380,1,401.962,0.055682
379.5,1,401.095,0.0577588
379,1,400.229,0.0599452
378.5,1,399.363,0.0637149
378,1,398.497,0.0668664
377.5,1,397.631,0.069274
377,1,396.765,0.0704211
376.5,1,395.899,0.0700109
376,1,395.033,0.0682849
375.5,1,394.167,0.06632
375,1,393.301,0.0633559
374.5,1,392.435,0.0604058
374,1,391.569,0.0571393
373.5,1,390.703,0.0671266
373,1,389.837,0.0731174
372.5,1,388.971,0.0782002
372,1,388.105,0.091048
371.5,1,387.239,0.101042
371,1,386.373,0.107094
370.5,1,385.507,0.110752
370,1,384.641,0.110659
369.5,1,383.775,0.110771
369,1,382.909,0.11114
368.5,1,382.043,0.11126
368,1,381.177,0.109913
367.5,1,380.311,0.10663
367,1,379.445,0.104547
366.5,1,378.579,0.102782
366,1,377.713,0.0966965
365.5,1,376.847,0.0915249
365,1,375.981,0.0870126
364.5,1,375.115,0.0836537
364,1,374.249,0.0794836
363.5,1,373.383,0.0778102
363,1,372.517,0.0777073
362.5,1,371.651,0.0784034
362,1,370.785,0.0779172
361.5,1,369.919,0.0773099
361,1,369.053,0.077675
360.5,1,368.187,0.0775087
360,1,367.321,0.0782896
359.5,1,366.454,0.0761394
359,1,365.588,0.0752623
358.5,1,364.722,0.0658435
358,1,363.856,0.0739649
357.5,1,362.99,0.0685361
357,1,362.124,0.070137
356.5,1,361.258,0.067267
356,1,360.392,0.0562615
355.5,1,359.526,0.0538676
355,1,358.66,0.0510943
354.5,1,357.794,0.0502106
354,1,356.928,0.0500005
353.5,1,356.062,0.0507422
353,1,355.196,0.0491947
352.5,1,354.33,0.0476076
352,1,353.464,0.0433051
351.5,1,352.598,0.0431944
351,1,351.732,0.0429128
350.5,1,350.866,0.041221
350,1,350,0.0414925
349.5,1,349.134,0.037933
349,1,348.268,0.032683
348.5,1,347.402,0.0328366
348,1,346.536,0.0346439
347.5,1,345.67,0.0315637
347,1,344.804,0.0297028
346.5,1,343.938,0.0279682
346,1,343.072,0.0256534
345.5,1,342.206,0.0252351
345,1,341.34,0.0239171
344.5,1,340.474,0.0236284
344,1,339.608,0.0230673
343.5,1,338.742,0.0221117
343,1,337.876,0.0208794
342.5,1,337.01,0.0198799
342,1,336.144,0.0187904
341.5,1,335.278,0.0177824
341,1,334.412,0.0168643
340.5,1,333.546,0.0159537
340,1,332.679,0.0149666
339.5,1,331.813,0.0139814
339,1,330.947,0.0132534
338.5,1,330.081,0.0126257
338,1,329.215,0.0123142
337.5,1,328.349,0.012337
337,1,327.483,0.012624
336.5,1,326.617,0.0134242
336,1,325.751,0.014284
335.5,1,324.885,0.0152338
335,1,324.019,0.0161765
334.5,1,323.153,0.0170186
334,1,322.287,0.0178484
333.5,1,321.421,0.0185199
333,1,320.555,0.0190794
332.5,1,319.689,0.0192652
332,1,318.823,0.0201816
331.5,1,317.957,0.0219245
331,1,317.091,0.0237315
330.5,1,316.225,0.0255812
330,1,315.359,0.0268247
329.5,1,314.493,0.0275815
329,1,313.627,0.028384
328.5,1,312.761,0.0285744
328,1,311.895,0.0275262
327.5,1,311.029,0.0255823
327,1,310.163,0.0250657
326.5,1,309.297,0.0245726
326,1,308.431,0.0244475
325.5,1,307.565,0.0245777
325,1,306.699,0.0247934
324.5,1,305.833,0.0236759
324,1,304.967,0.0228942
323.5,1,304.101,0.0227202
323,1,303.235,0.022687
322.5,1,302.369,0.0227459
322,1,301.503,0.0217375
321.5,1,300.637,0.0192929
321,1,299.771,0.0172082
320.5,1,298.905,0.0164461
320,1,298.038,0.0150698
319.5,1,297.172,0.0138958
319,1,296.306,0.0137209
318.5,1,295.44,0.0136725
318,1,294.574,0.0137175
317.5,1,293.708,0.013938
317,1,292.842,0.0141686
316.5,1,291.976,0.013912
316,1,291.11,0.0137839
315.5,1,290.244,0.0140302
315,1,289.378,0.0144965
314.5,1,288.512,0.0150946
314,1,287.646,0.0153263
313.5,1,286.78,0.0152065
313,1,285.914,0.0147502
312.5,1,285.048,0.0144423
312,1,284.182,0.0139284
311.5,1,283.316,0.013294
311,1,282.45,0.0134221
310.5,1,281.584,0.0136772
310,1,280.718,0.0139627
309.5,1,279.852,0.0142607
309,1,278.986,0.014548
308.5,1,278.12,0.0148053
308,1,277.254,0.0145037
307.5,1,276.388,0.0140961
307,1,275.522,0.0136049
306.5,1,274.656,0.0136239
306,1,273.79,0.0137161
305.5,1,272.924,0.0139636
305,1,272.058,0.0141624
304.5,1,271.192,0.0142526
304,1,270.326,0.0141202
303.5,1,269.46,0.0141723
303,1,268.594,0.0143133
302.5,1,267.728,0.0145423
302,1,266.862,0.0141733
301.5,1,265.996,0.0140612
301,1,265.13,0.0140317
300.5,1,264.263,0.0139875
300,1,263.397,0.0139024
299.5,1,262.531,0.0137931
299,1,261.665,0.0136711
298.5,1,260.799,0.0135882
298,1,259.933,0.0135573
297.5,1,259.067,0.0135335
297,1,258.201,0.0135224
296.5,1,257.335,0.0135405
296,1,256.469,0.0135633
295.5,1,255.603,0.0135931
295,1,254.737,0.0136175
294.5,1,253.871,0.0136438
294,1,253.005,0.0136718
293.5,1,252.139,0.0136674
293,1,251.273,0.0136573
292.5,1,250.407,0.013645
292,1,249.541,0.0136429
291.5,1,248.675,0.0136431
291,1,247.809,0.0136394
290.5,1,246.943,0.0136419
290,1,246.077,0.0136525
289.5,1,245.211,0.0136649
289,1,244.345,0.0136863
288.5,1,243.479,0.0137195
288,1,242.613,0.013754
287.5,1,241.747,0.0137988
287,1,240.881,0.0138656
286.5,1,240.015,0.0139332
286,1,239.149,0.0139959
285.5,1,238.283,0.0140183
285,1,237.417,0.014039
284.5,1,236.551,0.0140592
284,1,235.685,0.0140527
283.5,1,234.819,0.0140454
283,1,233.953,0.0140381
282.5,1,233.087,0.0140146
282,1,232.221,0.0139868
281.5,1,231.355,0.0139582
281,1,230.488,0.0139377
280.5,1,229.622,0.0139212
280,1,228.756,0.0139042
279.5,1,227.89,0.0138866
279,1,227.024,0.0138685
278.5,1,226.158,0.0138506
278,1,225.292,0.0138338
277.5,1,224.426,0.0138195
277,1,223.56,0.0138088
276.5,1,222.694,0.0137935
276,1,221.828,0.0137545
275.5,1,220.962,0.0137155
275,1,220.096,0.0136769
274.5,1,219.23,0.0136535
274,1,218.364,0.0136304
273.5,1,217.498,0.0136076
273,1,216.632,0.0135878
272.5,1,215.766,0.0135691
272,1,214.9,0.0135514
271.5,1,214.034,0.0135409
271,1,213.168,0.0135345
270.5,1,212.302,0.0135305
270,1,211.436,0.013522
269.5,1,210.57,0.0135076
269,1,209.704,0.0134932
268.5,1,208.838,0.0134851
268,1,207.972,0.0134872
267.5,1,207.106,0.0134887
267,1,206.24,0.0134879
266.5,1,205.374,0.0134802
266,1,204.508,0.0134714
265.5,1,203.642,0.0134627
265,1,202.776,0.0134625
264.5,1,201.91,0.0134628
264,1,201.044,0.0134635
263.5,1,200.178,0.0134194
263,1,199.312,0.0133718
262.5,1,198.446,0.0133248
262,1,197.58,0.013295
261.5,1,196.714,0.0132716
261,1,195.847,0.0132492
260.5,1,194.981,0.0132369
260,1,194.115,0.0132325
259.5,1,193.249,0.0132292
259,1,192.383,0.0132312
258.5,1,191.517,0.0132402
258,1,190.651,0.0132476
257.5,1,189.785,0.0132553
257,1,188.919,0.0132629
256.5,1,188.053,0.013269
256,1,187.187,0.0132702
255.5,1,186.321,0.0132482
255,1,185.455,0.0132234
254.5,1,184.589,0.0131994
254,1,183.723,0.0132172
253.5,1,182.857,0.0132325
253,1,181.991,0.0132444
252.5,1,181.125,0.0132425
252,1,180.259,0.0132403
251.5,1,179.393,0.0132405
251,1,178.527,0.0132592
250.5,1,177.661,0.0132836
250,1,176.795,0.0133054
249.5,1,175.929,0.0133206
249,1,175.063,0.0133332
248.5,1,174.197,0.013349
248,1,173.331,0.0133737
247.5,1,172.465,0.0134079
247,1,171.599,0.0134373
246.5,1,170.733,0.0134651
246,1,169.867,0.0134977
245.5,1,169.001,0.013531
245,1,168.135,0.0135646
244.5,1,167.269,0.0135913
244,1,166.403,0.0136166
243.5,1,165.537,0.0136416
243,1,164.671,0.0136463
242.5,1,163.805,0.0136481
242,1,162.939,0.0136499
241.5,1,162.072,0.0136615
241,1,161.206,0.0136759
240.5,1,160.34,0.0136887
240,1,159.474,0.0136944
239.5,1,158.608,0.0136952
239,1,157.742,0.0136916
238.5,1,156.876,0.0136854
238,1,156.01,0.0136824
237.5,1,155.144,0.0136804
237,1,154.278,0.0136738
236.5,1,153.412,0.0136524
236,1,152.546,0.0136276
235.5,1,151.68,0.0136044
235,1,150.814,0.0136023
234.5,1,149.948,0.0136017
234,1,149.082,0.0136028
233.5,1,148.216,0.0135597
233,1,147.35,0.0135115
232.5,1,146.484,0.0134638
232,1,145.618,0.0134456
231.5,1,144.752,0.0134361
231,1,143.886,0.0134265
230.5,1,143.02,0.0133912
230,1,142.154,0.0133436
229.5,1,141.288,0.0132984
229,1,140.422,0.0132703
228.5,1,139.556,0.0132605
228,1,138.69,0.0132503
227.5,1,137.824,0.0132338
227,1,136.958,0.0132057
226.5,1,136.092,0.0131815
226,1,135.226,0.0131644
225.5,1,134.36,0.0131673
225,1,133.494,0.0131696
224.5,1,132.628,0.0131718
224,1,131.762,0.0131561
223.5,1,130.896,0.0131423
223,1,130.03,0.0131304
222.5,1,129.164,0.0131326
222,1,128.297,0.0131375
221.5,1,127.431,0.0131425
221,1,126.565,0.013134
220.5,1,125.699,0.0131197
220,1,124.833,0.0131064
219.5,1,123.967,0.0131021
219,1,123.101,0.0131057
218.5,1,122.235,0.0131089
218,1,121.369,0.0131037
217.5,1,120.503,0.0130847
217,1,119.637,0.0130666
216.5,1,118.771,0.0130541
216,1,117.905,0.0130597
215.5,1,117.039,0.013065
215,1,116.173,0.0130687
214.5,1,115.307,0.0130477
214,1,114.441,0.013027
213.5,1,113.575,0.013007
213,1,112.709,0.0130084
212.5,1,111.843,0.013012
212,1,110.977,0.0130152
211.5,1,110.111,0.0129897
211,1,109.245,0.0129542
210.5,1,108.379,0.0129194
210,1,107.513,0.01291
209.5,1,106.647,0.0129192
209,1,105.781,0.0129279
208.5,1,104.915,0.0129204
208,1,104.049,0.0128911
207.5,1,103.183,0.0128626
207,1,102.317,0.0128479
206.5,1,101.451,0.0128709
206,1,100.585,0.0128937
205.5,1,99.7187,0.0129099
205,1,98.8526,0.0128785
204.5,1,97.9866,0.0128485
204,1,97.1206,0.01282
203.5,1,96.2546,0.0128477
203,1,95.3885,0.0128773
202.5,1,94.5225,0.0129049
202,1,93.6565,0.0128819
201.5,1,92.7905,0.0128471
201,1,91.9244,0.0128141
200.5,1,91.0584,0.0128234
200,1,90.1924,0.012855
