x,y,z,b
500,1,609.808,0.0116884
499.5,1,608.942,0.0117044
499,1,608.076,0.0117252
498.5,1,607.21,0.0117528
498,1,606.344,0.0117804
497.5,1,605.477,0.0118065
497,1,604.611,0.0118265
496.5,1,603.745,0.011847
496,1,602.879,0.0118638
495.5,1,602.013,0.0118409
495,1,601.147,0.0118207
494.5,1,600.281,0.011803
494,1,599.415,0.0117635
493.5,1,598.549,0.011721
493,1,597.683,0.0116772
492.5,1,596.817,0.011635
492,1,595.951,0.0115904
491.5,1,595.085,0.0115427
491,1,594.219,0.0115082
490.5,1,593.353,0.0114814
490,1,592.487,0.01145
489.5,1,591.621,0.0114288
489,1,590.755,0.011424
488.5,1,589.889,0.0114149
488,1,589.023,0.0114151
487.5,1,588.157,0.0114453
487,1,587.291,0.0114663
486.5,1,586.425,0.0114856
486,1,585.559,0.0115618
485.5,1,584.693,0.0116413
485,1,583.827,0.011722
484.5,1,582.961,0.0117616
484,1,582.095,0.0118051
483.5,1,581.229,0.0118545
483,1,580.363,0.0118703
482.5,1,579.497,0.0118773
482,1,578.631,0.0118865
481.5,1,577.765,0.0118866
481,1,576.899,0.0118794
480.5,1,576.033,0.0118709
480,1,575.167,0.0118757
479.5,1,574.301,0.0118943
479,1,573.435,0.0119085
478.5,1,572.569,0.0119415
478,1,571.703,0.0120188
477.5,1,570.836,0.0120899
477,1,569.97,0.0121575
476.5,1,569.104,0.0122305
476,1,568.238,0.0122974
475.5,1,567.372,0.0123583
475,1,566.506,0.0124186
474.5,1,565.64,0.0124749
474,1,564.774,0.0125137
473.5,1,563.908,0.0125737
473,1,563.042,0.0126353
472.5,1,562.176,0.0126932
472,1,561.31,0.0127194
471.5,1,560.444,0.0127295
471,1,559.578,0.0127354
470.5,1,558.712,0.0127132
470,1,557.846,0.0126679
469.5,1,556.98,0.0126239
469,1,556.114,0.0125696
468.5,1,555.248,0.0125021
468,1,554.382,0.0124372
467.5,1,553.516,0.0123629
467,1,552.65,0.0122531
466.5,1,551.784,0.0121492
466,1,550.918,0.0120573
465.5,1,550.052,0.0119521
465,1,549.186,0.0118606
464.5,1,548.32,0.0117827
464,1,547.454,0.0117322
463.5,1,546.588,0.0116919
463,1,545.722,0.0116676
462.5,1,544.856,0.011687
462,1,543.99,0.0117211
461.5,1,543.124,0.0117578
461,1,542.258,0.0118307
460.5,1,541.392,0.0119288
460,1,540.526,0.0120286
459.5,1,539.66,0.0121137
459,1,538.794,0.0121762
458.5,1,537.928,0.0122348
458,1,537.061,0.0122812
457.5,1,536.195,0.0122973
457,1,535.329,0.0123074
456.5,1,534.463,0.0123076
456,1,533.597,0.0122715
455.5,1,532.731,0.0122244
455,1,531.865,0.0121653
454.5,1,530.999,0.0121352
454,1,530.133,0.0121056
453.5,1,529.267,0.0120752
453,1,528.401,0.0120667
452.5,1,527.535,0.0120661
452,1,526.669,0.0120669
451.5,1,525.803,0.0121048
451,1,524.937,0.0121649
450.5,1,524.071,0.012229
450,1,523.205,0.012286
449.5,1,522.339,0.0123258
449,1,521.473,0.012367
448.5,1,520.607,0.0123978
448,1,519.741,0.0124018
447.5,1,518.875,0.0124092
447,1,518.009,0.012415
446.5,1,517.143,0.0124201
446,1,516.277,0.0124474
445.5,1,515.411,0.0124972
445,1,514.545,0.0125731
444.5,1,513.679,0.0126537
444,1,512.813,0.0127395
443.5,1,511.947,0.0128556
443,1,511.081,0.0129482
442.5,1,510.215,0.0130105
442,1,509.349,0.0131083
441.5,1,508.483,0.0131788
441,1,507.617,0.0132276
440.5,1,506.751,0.0133817
440,1,505.885,0.0136023
439.5,1,505.019,0.0137581
439,1,504.153,0.0140103
438.5,1,503.286,0.0144686
438,1,502.42,0.0148257
437.5,1,501.554,0.0151828
437,1,500.688,0.0157617
436.5,1,499.822,0.0161442
436,1,498.956,0.0164488
435.5,1,498.09,0.0172073
435,1,497.224,0.0178911
434.5,1,496.358,0.0185004
434,1,495.492,0.0193667
433.5,1,494.626,0.0202396
433,1,493.76,0.0210125
432.5,1,492.894,0.0225537
432,1,492.028,0.0265187
431.5,1,491.162,0.0273156
431,1,490.296,0.0282026
430.5,1,489.43,0.029161
430,1,488.564,0.0294783
429.5,1,487.698,0.0297903
429,1,486.832,0.0299227
428.5,1,485.966,0.0288578
428,1,485.1,0.0288845
427.5,1,484.234,0.029138
427,1,483.368,0.0294387
426.5,1,482.502,0.0302159
426,1,481.636,0.0301382
425.5,1,480.77,0.0287718
425,1,479.904,0.0280724
424.5,1,479.038,0.0281478
424,1,478.172,0.0282311
423.5,1,477.306,0.0283023
423,1,476.44,0.0280423
422.5,1,475.574,0.0279362
422,1,474.708,0.0278395
421.5,1,473.842,0.0280129
421,1,472.976,0.0281848
420.5,1,472.11,0.0282206
420,1,471.244,0.0286646
419.5,1,470.378,0.0296381
419,1,469.512,0.0305312
418.5,1,468.645,0.0310006
418,1,467.779,0.0309328
417.5,1,466.913,0.0302902
417,1,466.047,0.0303697
416.5,1,465.181,0.0304097
416,1,464.315,0.030136
415.5,1,463.449,0.0299878
415,1,462.583,0.0299581
414.5,1,461.717,0.0298996
414,1,460.851,0.0295737
413.5,1,459.985,0.0295849
413,1,459.119,0.0290523
412.5,1,458.253,0.0287763
412,1,457.387,0.0290142
411.5,1,456.521,0.029934
411,1,455.655,0.03023
410.5,1,454.789,0.0301966
410,1,453.923,0.02996
409.5,1,453.057,0.0298482
409,1,452.191,0.029955
408.5,1,451.325,0.0301422
408,1,450.459,0.0302288
407.5,1,449.593,0.0303677
407,1,448.727,0.0307888
406.5,1,447.861,0.0310867
406,1,446.995,0.0312875
405.5,1,446.129,0.0316208
405,1,445.263,0.0318346
404.5,1,444.397,0.0321872
404,1,443.531,0.0324942
403.5,1,442.665,0.0329512
403,1,441.799,0.0335583
402.5,1,440.933,0.0343154
402,1,440.067,0.0349399
401.5,1,439.201,0.0345419
401,1,438.335,0.0341458
400.5,1,437.469,0.0332461
400,1,436.603,0.0323199
399.5,1,435.737,0.0316694
399,1,434.87,0.0313742
398.5,1,434.004,0.031107
398,1,433.138,0.0308239
397.5,1,432.272,0.0304322
397,1,431.406,0.030043
396.5,1,430.54,0.0296193
396,1,429.674,0.028888
395.5,1,428.808,0.0267993
395,1,427.942,0.0261435
394.5,1,427.076,0.0258984
394,1,426.21,0.0257119
393.5,1,425.344,0.0257784
393,1,424.478,0.0258524
392.5,1,423.612,0.0254315
392,1,422.746,0.0248971
391.5,1,421.88,0.0244945
391,1,421.014,0.0248386
390.5,1,420.148,0.0251751
390,1,419.282,0.0252876
389.5,1,418.416,0.0251725
389,1,417.55,0.0248042
388.5,1,416.684,0.0242231
388,1,415.818,0.0239936
387.5,1,414.952,0.0239524
387,1,414.086,0.0245438
386.5,1,413.22,0.0249426
386,1,412.354,0.0256331
385.5,1,411.488,0.0265164
385,1,410.622,0.0279494
384.5,1,409.756,0.0322333
384,1,408.89,0.0342077
383.5,1,408.024,0.0371506
383,1,407.158,0.0397564
382.5,1,406.292,0.0418869
382,1,405.426,0.0450166
381.5,1,404.56,0.0483595
381,1,403.694,0.0515238
380.5,1,402.828,0.0542093
380,1,401.962,0.0567168
379.5,1,401.095,0.0592202
379,1,400.229,0.0608979
378.5,1,399.363,0.061346
378,1,398.497,0.0618425
377.5,1,397.631,0.0627525
377,1,396.765,0.0648307
376.5,1,395.899,0.0670721
376,1,395.033,0.0699855
375.5,1,394.167,0.0758464
375,1,393.301,0.0801381
374.5,1,392.435,0.0829195
374,1,391.569,0.0816143
373.5,1,390.703,0.0832295
373,1,389.837,0.0858799
372.5,1,388.971,0.0795243
372,1,388.105,0.0747054
371.5,1,387.239,0.0767554
371,1,386.373,0.0780287
370.5,1,385.507,0.0750367
370,1,384.641,0.0741552
369.5,1,383.775,0.0710495
369,1,382.909,0.0715069
368.5,1,382.043,0.0565605
368,1,381.177,0.055891
367.5,1,380.311,0.0548827
367,1,379.445,0.052202
366.5,1,378.579,0.0517238
366,1,377.713,0.0507685
365.5,1,376.847,0.0495046
365,1,375.981,0.0492813
364.5,1,375.115,0.0484881
364,1,374.249,0.0481599
363.5,1,373.383,0.0484255
363,1,372.517,0.0490085
362.5,1,371.651,0.0492626
362,1,370.785,0.0489643
361.5,1,369.919,0.0484296
361,1,369.053,0.0472849
360.5,1,368.187,0.0455832
360,1,367.321,0.0450762
359.5,1,366.454,0.0454698
359,1,365.588,0.0464123
358.5,1,364.722,0.0461023
358,1,363.856,0.0462595
357.5,1,362.99,0.0472465
357,1,362.124,0.0549619
356.5,1,361.258,0.0666307
356,1,360.392,0.0788432
355.5,1,359.526,0.0843622
355,1,358.66,0.0890107
354.5,1,357.794,0.0917208
354,1,356.928,0.0913263
353.5,1,356.062,0.0912059
353,1,355.196,0.0859704
352.5,1,354.33,0.0785207
352,1,353.464,0.071196
351.5,1,352.598,0.0705735
351,1,351.732,0.0739137
350.5,1,350.866,0.0776122
350,1,350,0.0759358
349.5,1,349.134,0.0707001
349,1,348.268,0.0559228
348.5,1,347.402,0.0404352
348,1,346.536,0.0259486
347.5,1,345.67,0.0228249
347,1,344.804,0.0219771
346.5,1,343.938,0.0230922
346,1,343.072,0.0229616
345.5,1,342.206,0.0234003
345,1,341.34,0.0236726
344.5,1,340.474,0.0237733
344,1,339.608,0.0239337
343.5,1,338.742,0.024164
343,1,337.876,0.0244657
342.5,1,337.01,0.0256829
342,1,336.144,0.0270693
341.5,1,335.278,0.0287964
341,1,334.412,0.030672
340.5,1,333.546,0.0314423
340,1,332.679,0.032766
339.5,1,331.813,0.0333452
339,1,330.947,0.0331232
338.5,1,330.081,0.0328346
338,1,329.215,0.0319087
337.5,1,328.349,0.0297089
337,1,327.483,0.0278353
336.5,1,326.617,0.0263387
336,1,325.751,0.0261112
335.5,1,324.885,0.0258822
335,1,324.019,0.0256609
334.5,1,323.153,0.0272787
334,1,322.287,0.0286785
333.5,1,321.421,0.029857
333,1,320.555,0.0299811
332.5,1,319.689,0.0304421
332,1,318.823,0.0302091
331.5,1,317.957,0.0296982
331,1,317.091,0.0288412
330.5,1,316.225,0.0277125
330,1,315.359,0.0265673
329.5,1,314.493,0.0261273
329,1,313.627,0.025934
328.5,1,312.761,0.0253391
328,1,311.895,0.0235852
327.5,1,311.029,0.021138
327,1,310.163,0.0208188
326.5,1,309.297,0.0207498
326,1,308.431,0.0209032
325.5,1,307.565,0.0205457
325,1,306.699,0.0204886
324.5,1,305.833,0.0213118
324,1,304.967,0.0221911
323.5,1,304.101,0.0232041
323,1,303.235,0.0248283
322.5,1,302.369,0.0251706
322,1,301.503,0.0261805
321.5,1,300.637,0.027617
321,1,299.771,0.0290587
320.5,1,298.905,0.0298855
320,1,298.038,0.0305303
319.5,1,297.172,0.0314111
319,1,296.306,0.0312833
318.5,1,295.44,0.0294329
318,1,294.574,0.0275995
317.5,1,293.708,0.0261333
317,1,292.842,0.0257022
316.5,1,291.976,0.0252233
316,1,291.11,0.0247238
315.5,1,290.244,0.0244482
315,1,289.378,0.0238758
314.5,1,288.512,0.0228908
314,1,287.646,0.0214594
313.5,1,286.78,0.0201804
313,1,285.914,0.0190675
312.5,1,285.048,0.01834
312,1,284.182,0.0177626
311.5,1,283.316,0.0172712
311,1,282.45,0.0169615
310.5,1,281.584,0.0167047
310,1,280.718,0.0164361
309.5,1,279.852,0.0161848
309,1,278.986,0.01595
308.5,1,278.12,0.0156954
308,1,277.254,0.0154594
307.5,1,276.388,0.0152799
307,1,275.522,0.0150979
306.5,1,274.656,0.0149414
306,1,273.79,0.0149225
305.5,1,272.924,0.0148771
305,1,272.058,0.0148044
304.5,1,271.192,0.014687
304,1,270.326,0.0145654
303.5,1,269.46,0.0144315
303,1,268.594,0.0142893
302.5,1,267.728,0.0141373
302,1,266.862,0.0139875
301.5,1,265.996,0.0138688
301,1,265.13,0.0137544
300.5,1,264.263,0.0136428
300,1,263.397,0.0136164
299.5,1,262.531,0.0136676
299,1,261.665,0.0137513
298.5,1,260.799,0.0138495
298,1,259.933,0.0139546
297.5,1,259.067,0.0140575
297,1,258.201,0.0141432
296.5,1,257.335,0.0141609
296,1,256.469,0.0141532
295.5,1,255.603,0.0141266
295,1,254.737,0.0140569
294.5,1,253.871,0.0139665
294,1,253.005,0.0138554
293.5,1,252.139,0.0137667
293,1,251.273,0.0136669
292.5,1,250.407,0.0135522
292,1,249.541,0.0134415
291.5,1,248.675,0.0133294
291,1,247.809,0.0132277
290.5,1,246.943,0.013153
290,1,246.077,0.0130938
289.5,1,245.211,0.0130498
289,1,244.345,0.0130291
288.5,1,243.479,0.013032
288,1,242.613,0.0130698
287.5,1,241.747,0.0131234
287,1,240.881,0.0132071
286.5,1,240.015,0.0132959
286,1,239.149,0.013387
285.5,1,238.283,0.0134701
285,1,237.417,0.013563
284.5,1,236.551,0.0136584
284,1,235.685,0.0137148
283.5,1,234.819,0.0137734
283,1,233.953,0.0138358
282.5,1,233.087,0.0138624
282,1,232.221,0.0138829
281.5,1,231.355,0.0139071
281,1,230.488,0.0139405
280.5,1,229.622,0.0139804
280,1,228.756,0.0140251
279.5,1,227.89,0.0140438
279,1,227.024,0.0140331
278.5,1,226.158,0.0140188
278,1,225.292,0.0140213
277.5,1,224.426,0.0140653
277,1,223.56,0.014112
276.5,1,222.694,0.0141499
276,1,221.828,0.014146
275.5,1,220.962,0.0141366
275,1,220.096,0.0141228
274.5,1,219.23,0.0141568
274,1,218.364,0.0141907
273.5,1,217.498,0.0142256
273,1,216.632,0.0142409
272.5,1,215.766,0.0142498
272,1,214.9,0.014253
271.5,1,214.034,0.0142985
271,1,213.168,0.0143604
270.5,1,212.302,0.0144132
270,1,211.436,0.0144219
269.5,1,210.57,0.0143938
269,1,209.704,0.0143531
268.5,1,208.838,0.0143264
268,1,207.972,0.0143239
267.5,1,207.106,0.014319
267,1,206.24,0.014289
266.5,1,205.374,0.0141832
266,1,204.508,0.0140679
265.5,1,203.642,0.013958
265,1,202.776,0.0139255
264.5,1,201.91,0.0138912
264,1,201.044,0.0138552
263.5,1,200.178,0.013734
263,1,199.312,0.0136038
262.5,1,198.446,0.0134726
262,1,197.58,0.0133782
261.5,1,196.714,0.013296
261,1,195.847,0.0132169
260.5,1,194.981,0.0131287
260,1,194.115,0.0130338
259.5,1,193.249,0.012943
259,1,192.383,0.0128643
258.5,1,191.517,0.0127972
258,1,190.651,0.012749
257.5,1,189.785,0.0127117
257,1,188.919,0.0126894
256.5,1,188.053,0.0126703
256,1,187.187,0.0126485
255.5,1,186.321,0.0125981
255,1,185.455,0.0125616
254.5,1,184.589,0.0125261
254,1,183.723,0.0125628
253.5,1,182.857,0.0126003
253,1,181.991,0.0126369
252.5,1,181.125,0.0126277
252,1,180.259,0.0126085
251.5,1,179.393,0.0125897
251,1,178.527,0.0126012
250.5,1,177.661,0.012627
250,1,176.795,0.0126544
249.5,1,175.929,0.0126651
249,1,175.063,0.0126611
248.5,1,174.197,0.0126645
248,1,173.331,0.0126889
247.5,1,172.465,0.0127384
247,1,171.599,0.012804
246.5,1,170.733,0.0128638
246,1,169.867,0.0129003
245.5,1,169.001,0.0129365
245,1,168.135,0.0129736
244.5,1,167.269,0.0130415
244,1,166.403,0.0131107
243.5,1,165.537,0.0131794
243,1,164.671,0.0131931
242.5,1,163.805,0.0131993
242,1,162.939,0.0132056
241.5,1,162.072,0.013266
241,1,161.206,0.0133433
240.5,1,160.34,0.0134168
240,1,159.474,0.013459
239.5,1,158.608,0.0134804
239,1,157.742,0.0135052
238.5,1,156.876,0.0135552
238,1,156.01,0.0136335
237.5,1,155.144,0.0137082
237,1,154.278,0.0137599
236.5,1,153.412,0.0137517
236,1,152.546,0.0137422
235.5,1,151.68,0.0137405
235,1,150.814,0.013795
234.5,1,149.948,0.0138462
234,1,149.082,0.0138942
233.5,1,148.216,0.0138775
233,1,147.35,0.0138567
232.5,1,146.484,0.0138394
232,1,145.618,0.0138746
231.5,1,144.752,0.0139225
231,1,143.886,0.0139675
230.5,1,143.02,0.0139566
230,1,142.154,0.0139164
229.5,1,141.288,0.0138753
229,1,140.422,0.0138739
228.5,1,139.556,0.0139192
228,1,138.69,0.0139601
227.5,1,137.824,0.0139746
227,1,136.958,0.013933
226.5,1,136.092,0.0138912
226,1,135.226,0.0138627
225.5,1,134.36,0.0139131
225,1,133.494,0.0139623
224.5,1,132.628,0.0140113
224,1,131.762,0.0139504
223.5,1,130.896,0.0138883
223,1,130.03,0.0138262
222.5,1,129.164,0.0138596
222,1,128.297,0.0139129
221.5,1,127.431,0.0139669
221,1,126.565,0.0139386
220.5,1,125.699,0.0138709
220,1,124.833,0.0138042
219.5,1,123.967,0.0138078
219,1,123.101,0.0138763
218.5,1,122.235,0.0139461
218,1,121.369,0.0139545
217.5,1,120.503,0.0138509
217,1,119.637,0.0137491
216.5,1,118.771,0.0136855
216,1,117.905,0.0137662
215.5,1,117.039,0.0138484
215,1,116.173,0.0139239
214.5,1,115.307,0.0138174
214,1,114.441,0.0137106
213.5,1,113.575,0.0136042
213,1,112.709,0.0136877
212.5,1,111.843,0.013798
212,1,110.977,0.0139112
211.5,1,110.111,0.0138538
211,1,109.245,0.0137308
210.5,1,108.379,0.0136055
210,1,107.513,0.0136296
209.5,1,106.647,0.0137693
209,1,105.781,0.0139109
208.5,1,104.915,0.0139221
208,1,104.049,0.013745
207.5,1,103.183,0.0135632
207,1,102.317,0.0134734
206.5,1,101.451,0.013666
206,1,100.585,0.0138619
205.5,1,99.7187,0.0140194
205,1,98.8526,0.0138116
204.5,1,97.9866,0.0135997
204,1,97.1206,0.013384
203.5,1,96.2546,0.0135828
203,1,95.3885,0.0138088
202.5,1,94.5225,0.0140342
202,1,93.6565,0.0138942
201.5,1,92.7905,0.0136511
201,1,91.9244,0.0134047
200.5,1,91.0584,0.0134728
200,1,90.1924,0.0137254
