x,y,z,b
500,1,609.808,0.0118393
499.5,1,608.942,0.0118153
499,1,608.076,0.0117864
498.5,1,607.21,0.0117508
498,1,606.344,0.011716
497.5,1,605.477,0.0116753
497,1,604.611,0.0116105
496.5,1,603.745,0.0115462
496,1,602.879,0.011484
495.5,1,602.013,0.0114229
495,1,601.147,0.0113599
494.5,1,600.281,0.0112951
494,1,599.415,0.0112606
493.5,1,598.549,0.0112255
493,1,597.683,0.0111883
492.5,1,596.817,0.0111719
492,1,595.951,0.0111621
491.5,1,595.085,0.0111503
491,1,594.219,0.0111455
490.5,1,593.353,0.0111459
490,1,592.487,0.0111453
489.5,1,591.621,0.0111535
489,1,590.755,0.0111713
488.5,1,589.889,0.0111835
488,1,589.023,0.0112068
487.5,1,588.157,0.0112682
487,1,587.291,0.0113188
486.5,1,586.425,0.0113656
486,1,585.559,0.0114621
485.5,1,584.693,0.0115556
485,1,583.827,0.0116463
484.5,1,582.961,0.0116965
484,1,582.095,0.011748
483.5,1,581.229,0.0118027
483,1,580.363,0.0118051
482.5,1,579.497,0.0117959
482,1,578.631,0.011791
481.5,1,577.765,0.0117541
481,1,576.899,0.0117046
480.5,1,576.033,0.0116631
480,1,575.167,0.0116309
479.5,1,574.301,0.0116277
479,1,573.435,0.0116538
478.5,1,572.569,0.0117615
478,1,571.703,0.0120175
477.5,1,570.836,0.0123096
477,1,569.97,0.0126194
476.5,1,569.104,0.0128517
476,1,568.238,0.0130744
475.5,1,567.372,0.0132864
475,1,566.506,0.0134063
474.5,1,565.64,0.0135237
474,1,564.774,0.0136236
473.5,1,563.908,0.0136344
473,1,563.042,0.0136334
472.5,1,562.176,0.0136351
472,1,561.31,0.01357
471.5,1,560.444,0.0134657
471,1,559.578,0.0133577
470.5,1,558.712,0.0132686
470,1,557.846,0.0131807
469.5,1,556.98,0.0130799
469,1,556.114,0.0129883
468.5,1,555.248,0.0129215
468,1,554.382,0.0128393
467.5,1,553.516,0.0127559
467,1,552.65,0.0127111
466.5,1,551.784,0.0126571
466,1,550.918,0.0125967
465.5,1,550.052,0.0125847
465,1,549.186,0.0125674
464.5,1,548.32,0.0125448
464,1,547.454,0.0125669
463.5,1,546.588,0.0125976
463,1,545.722,0.0126206
462.5,1,544.856,0.0126801
462,1,543.99,0.0127618
461.5,1,543.124,0.0128544
461,1,542.258,0.0129325
460.5,1,541.392,0.012993
460,1,540.526,0.0130563
459.5,1,539.66,0.0131242
459,1,538.794,0.0131876
458.5,1,537.928,0.0132497
458,1,537.061,0.013315
457.5,1,536.195,0.0133814
457,1,535.329,0.0134461
456.5,1,534.463,0.013508
456,1,533.597,0.0135588
455.5,1,532.731,0.0136034
455,1,531.865,0.0136459
454.5,1,530.999,0.0137187
454,1,530.133,0.0137863
453.5,1,529.267,0.0138477
453,1,528.401,0.0139268
452.5,1,527.535,0.0139959
452,1,526.669,0.0140733
451.5,1,525.803,0.0142162
451,1,524.937,0.014385
450.5,1,524.071,0.0145372
450,1,523.205,0.0146314
449.5,1,522.339,0.014687
449,1,521.473,0.014742
448.5,1,520.607,0.0148417
448,1,519.741,0.0150363
447.5,1,518.875,0.0152128
447,1,518.009,0.015341
446.5,1,517.143,0.0153345
446,1,516.277,0.0153333
445.5,1,515.411,0.0153412
445,1,514.545,0.0155192
444.5,1,513.679,0.0156761
444,1,512.813,0.0158252
443.5,1,511.947,0.0158567
443,1,511.081,0.0158666
442.5,1,510.215,0.0158725
442,1,509.349,0.0159051
441.5,1,508.483,0.0159232
441,1,507.617,0.015947
440.5,1,506.751,0.0159691
440,1,505.885,0.0160084
439.5,1,505.019,0.0160591
439,1,504.153,0.0160927
438.5,1,503.286,0.0160666
438,1,502.42,0.016032
437.5,1,501.554,0.0160065
437,1,500.688,0.0160301
436.5,1,499.822,0.0160672
436,1,498.956,0.0161207
435.5,1,498.09,0.0161107
435,1,497.224,0.0160919
434.5,1,496.358,0.0160643
434,1,495.492,0.0160233
433.5,1,494.626,0.0159556
433,1,493.76,0.0158855
432.5,1,492.894,0.0158784
432,1,492.028,0.0158721
431.5,1,491.162,0.0158429
431,1,490.296,0.0158056
430.5,1,489.43,0.0157661
430,1,488.564,0.015741
429.5,1,487.698,0.0157887
429,1,486.832,0.015936
428.5,1,485.966,0.0160757
428,1,485.1,0.0162447
427.5,1,484.234,0.0164946
427,1,483.368,0.0167078
426.5,1,482.502,0.0168779
426,1,481.636,0.0169984
425.5,1,480.77,0.0170946
425,1,479.904,0.0171815
424.5,1,479.038,0.0174306
424,1,478.172,0.0176785
423.5,1,477.306,0.0179214
423,1,476.44,0.0182497
422.5,1,475.574,0.0185748
422,1,474.708,0.0189006
421.5,1,473.842,0.0193737
421,1,472.976,0.0199151
420.5,1,472.11,0.0204437
420,1,471.244,0.0209821
419.5,1,470.378,0.0215511
419,1,469.512,0.0221203
418.5,1,468.645,0.0226708
418,1,467.779,0.0232043
417.5,1,466.913,0.023716
417,1,466.047,0.0241429
416.5,1,465.181,0.0242417
416,1,464.315,0.0243499
415.5,1,463.449,0.0244675
415,1,462.583,0.0245618
414.5,1,461.717,0.0246531
414,1,460.851,0.0247395
413.5,1,459.985,0.0248376
413,1,459.119,0.0249449
412.5,1,458.253,0.0250605
412,1,457.387,0.0252273
411.5,1,456.521,0.0254343
411,1,455.655,0.0256297
410.5,1,454.789,0.0259134
410,1,453.923,0.0262721
409.5,1,453.057,0.02665
409,1,452.191,0.0269219
408.5,1,451.325,0.027029
408,1,450.459,0.0271992
407.5,1,449.593,0.0274925
407,1,448.727,0.0279428
406.5,1,447.861,0.0284408
406,1,446.995,0.0290199
405.5,1,446.129,0.0300499
405,1,445.263,0.0311989
404.5,1,444.397,0.032467
404,1,443.531,0.0331749
403.5,1,442.665,0.0337529
403,1,441.799,0.0342383
402.5,1,440.933,0.0349785
402,1,440.067,0.0356915
401.5,1,439.201,0.0362759
401,1,438.335,0.0359478
400.5,1,437.469,0.0348666
400,1,436.603,0.0335083
399.5,1,435.737,0.0330034
399,1,434.87,0.0336618
398.5,1,434.004,0.035656
398,1,433.138,0.036824
397.5,1,432.272,0.0386033
397,1,431.406,0.0405376
396.5,1,430.54,0.0418378
396,1,429.674,0.0426994
395.5,1,428.808,0.0429048
395,1,427.942,0.0427741
394.5,1,427.076,0.0426072
394,1,426.21,0.0424986
393.5,1,425.344,0.0422906
393,1,424.478,0.0420743
392.5,1,423.612,0.0435157
392,1,422.746,0.043598
391.5,1,421.88,0.0455878
391,1,421.014,0.0524184
390.5,1,420.148,0.0527721
390,1,419.282,0.0532559
389.5,1,418.416,0.0538697
389,1,417.55,0.0541357
388.5,1,416.684,0.0545315
388,1,415.818,0.0552077
387.5,1,414.952,0.0558159
387,1,414.086,0.0567046
386.5,1,413.22,0.0577575
386,1,412.354,0.0587564
385.5,1,411.488,0.0595342
385,1,410.622,0.0598878
384.5,1,409.756,0.0603126
384,1,408.89,0.0608084
383.5,1,408.024,0.0613753
383,1,407.158,0.0616702
382.5,1,406.292,0.0613305
382,1,405.426,0.0611782
381.5,1,404.56,0.0610207
381,1,403.694,0.0605161
380.5,1,402.828,0.0604692
380,1,401.962,0.0608047
379.5,1,401.095,0.0611327
379,1,400.229,0.0615464
378.5,1,399.363,0.0619892
378,1,398.497,0.0624985
377.5,1,397.631,0.0627282
377,1,396.765,0.0630277
376.5,1,395.899,0.0633224
376,1,395.033,0.0636149
375.5,1,394.167,0.063934
375,1,393.301,0.0642798
374.5,1,392.435,0.0645504
374,1,391.569,0.0644917
373.5,1,390.703,0.0644111
373,1,389.837,0.0642493
372.5,1,388.971,0.0641079
372,1,388.105,0.0610639
371.5,1,387.239,0.0598596
371,1,386.373,0.0587042
370.5,1,385.507,0.0571756
370,1,384.641,0.0565005
369.5,1,383.775,0.0564727
369,1,382.909,0.0570376
368.5,1,382.043,0.0575325
368,1,381.177,0.0577819
367.5,1,380.311,0.0574243
367,1,379.445,0.0571937
366.5,1,378.579,0.0534421
366,1,377.713,0.0505062
365.5,1,376.847,0.0499179
365,1,375.981,0.0502087
364.5,1,375.115,0.0505469
364,1,374.249,0.0505317
363.5,1,373.383,0.0499908
363,1,372.517,0.0495992
362.5,1,371.651,0.0495982
362,1,370.785,0.0501176
361.5,1,369.919,0.0504967
361,1,369.053,0.0570651
360.5,1,368.187,0.05652
360,1,367.321,0.057551
359.5,1,366.454,0.0573256
359,1,365.588,0.057114
358.5,1,364.722,0.0569699
358,1,363.856,0.0580573
357.5,1,362.99,0.0616691
357,1,362.124,0.0669591
356.5,1,361.258,0.0699408
356,1,360.392,0.0665122
355.5,1,359.526,0.0625902
355,1,358.66,0.0589131
354.5,1,357.794,0.054688
354,1,356.928,0.0497383
353.5,1,356.062,0.0425008
353,1,355.196,0.0393508
352.5,1,354.33,0.0356188
352,1,353.464,0.0353596
351.5,1,352.598,0.040101
351,1,351.732,0.0412007
350.5,1,350.866,0.0393146
350,1,350,0.0363268
349.5,1,349.134,0.0390441
349,1,348.268,0.0542967
348.5,1,347.402,0.0603411
348,1,346.536,0.0588719
347.5,1,345.67,0.0604515
347,1,344.804,0.0604561
346.5,1,343.938,0.0668006
346,1,343.072,0.071009
345.5,1,342.206,0.0718601
345,1,341.34,0.0723909
344.5,1,340.474,0.0731249
344,1,339.608,0.0729067
343.5,1,338.742,0.0732176
343,1,337.876,0.0734594
342.5,1,337.01,0.0725872
342,1,336.144,0.0717268
341.5,1,335.278,0.0713517
341,1,334.412,0.0706869
340.5,1,333.546,0.0700177
340,1,332.679,0.0692156
339.5,1,331.813,0.0681011
339,1,330.947,0.0669471
338.5,1,330.081,0.0656329
338,1,329.215,0.0646004
337.5,1,328.349,0.0640132
337,1,327.483,0.0637147
336.5,1,326.617,0.063695
336,1,325.751,0.0636658
335.5,1,324.885,0.0637192
335,1,324.019,0.0640864
334.5,1,323.153,0.0646393
334,1,322.287,0.0656113
333.5,1,321.421,0.0676896
333,1,320.555,0.070611
332.5,1,319.689,0.0765444
332,1,318.823,0.082631
331.5,1,317.957,0.0897179
331,1,317.091,0.0964206
330.5,1,316.225,0.101625
330,1,315.359,0.102254
329.5,1,314.493,0.101696
329,1,313.627,0.100909
328.5,1,312.761,0.098518
328,1,311.895,0.0937986
327.5,1,311.029,0.0878191
327,1,310.163,0.0853817
326.5,1,309.297,0.0839809
326,1,308.431,0.0830734
325.5,1,307.565,0.0827568
325,1,306.699,0.0844648
324.5,1,305.833,0.0864124
324,1,304.967,0.0886297
323.5,1,304.101,0.0941304
323,1,303.235,0.0997804
322.5,1,302.369,0.105302
322,1,301.503,0.108303
321.5,1,300.637,0.110743
321,1,299.771,0.111076
320.5,1,298.905,0.10734
320,1,298.038,0.0827944
319.5,1,297.172,0.0606751
319,1,296.306,0.0580337
318.5,1,295.44,0.0566092
318,1,294.574,0.0545015
317.5,1,293.708,0.0530408
317,1,292.842,0.0532383
316.5,1,291.976,0.0553995
316,1,291.11,0.0557519
315.5,1,290.244,0.0573461
315,1,289.378,0.059206
314.5,1,288.512,0.061586
314,1,287.646,0.0596954
313.5,1,286.78,0.0612957
313,1,285.914,0.0577332
312.5,1,285.048,0.052513
312,1,284.182,0.040068
311.5,1,283.316,0.0325725
311,1,282.45,0.0275901
310.5,1,281.584,0.0242297
310,1,280.718,0.0222899
309.5,1,279.852,0.0220673
309,1,278.986,0.0229953
308.5,1,278.12,0.0226956
308,1,277.254,0.0236269
307.5,1,276.388,0.0252814
307,1,275.522,0.0254718
306.5,1,274.656,0.0252456
306,1,273.79,0.0239125
305.5,1,272.924,0.0223552
305,1,272.058,0.020583
304.5,1,271.192,0.0190247
304,1,270.326,0.0172521
303.5,1,269.46,0.0153292
303,1,268.594,0.0146072
302.5,1,267.728,0.0140827
302,1,266.862,0.0135271
301.5,1,265.996,0.0130898
301,1,265.13,0.0127193
300.5,1,264.263,0.0123479
300,1,263.397,0.0120388
299.5,1,262.531,0.0117801
299,1,261.665,0.0115064
298.5,1,260.799,0.0113187
298,1,259.933,0.0112601
297.5,1,259.067,0.0111957
297,1,258.201,0.011148
296.5,1,257.335,0.0111749
296,1,256.469,0.0112017
295.5,1,255.603,0.0112336
295,1,254.737,0.0113701
294.5,1,253.871,0.011506
294,1,253.005,0.0116413
293.5,1,252.139,0.0118201
293,1,251.273,0.0120035
292.5,1,250.407,0.0121869
292,1,249.541,0.0123547
291.5,1,248.675,0.0125207
291,1,247.809,0.0127014
290.5,1,246.943,0.0128746
290,1,246.077,0.0130299
289.5,1,245.211,0.0131785
289,1,244.345,0.0133267
288.5,1,243.479,0.0134788
288,1,242.613,0.0136242
287.5,1,241.747,0.0137667
287,1,240.881,0.0139192
286.5,1,240.015,0.0140681
286,1,239.149,0.0142078
285.5,1,238.283,0.0143048
285,1,237.417,0.014399
284.5,1,236.551,0.0144922
284,1,235.685,0.0145605
283.5,1,234.819,0.0146159
283,1,233.953,0.0146593
282.5,1,233.087,0.0146775
282,1,232.221,0.0146941
281.5,1,231.355,0.0147133
281,1,230.488,0.0147125
280.5,1,229.622,0.0146932
280,1,228.756,0.014665
279.5,1,227.89,0.0146023
279,1,227.024,0.014511
278.5,1,226.158,0.0144201
278,1,225.292,0.0143447
277.5,1,224.426,0.014302
277,1,223.56,0.0142699
276.5,1,222.694,0.014237
276,1,221.828,0.0141917
275.5,1,220.962,0.0141521
275,1,220.096,0.0141191
274.5,1,219.23,0.0141334
274,1,218.364,0.0141531
273.5,1,217.498,0.0141747
273,1,216.632,0.0141698
272.5,1,215.766,0.0141614
272,1,214.9,0.0141554
271.5,1,214.034,0.0141659
271,1,213.168,0.0141731
270.5,1,212.302,0.0141747
270,1,211.436,0.0141362
269.5,1,210.57,0.0140657
269,1,209.704,0.0140031
268.5,1,208.838,0.0139407
268,1,207.972,0.0138702
267.5,1,207.106,0.0137919
267,1,206.24,0.0137149
266.5,1,205.374,0.0136684
266,1,204.508,0.0136381
265.5,1,203.642,0.0136086
265,1,202.776,0.0135849
264.5,1,201.91,0.0135538
264,1,201.044,0.0135152
263.5,1,200.178,0.0135371
263,1,199.312,0.0135677
262.5,1,198.446,0.0136014
262,1,197.58,0.0135966
261.5,1,196.714,0.0135734
261,1,195.847,0.0135415
260.5,1,194.981,0.0135482
260,1,194.115,0.0135856
259.5,1,193.249,0.0136232
259,1,192.383,0.0136251
258.5,1,191.517,0.01358
258,1,190.651,0.0135205
257.5,1,189.785,0.0134842
257,1,188.919,0.0135165
256.5,1,188.053,0.0135487
256,1,187.187,0.0135747
255.5,1,186.321,0.0135657
255,1,185.455,0.0135636
254.5,1,184.589,0.0135646
254,1,183.723,0.0135876
253.5,1,182.857,0.0136112
253,1,181.991,0.013635
252.5,1,181.125,0.0136492
252,1,180.259,0.0136615
251.5,1,179.393,0.0136743
251,1,178.527,0.0137089
250.5,1,177.661,0.0137572
250,1,176.795,0.0138096
249.5,1,175.929,0.0138665
249,1,175.063,0.013923
248.5,1,174.197,0.0139764
248,1,173.331,0.0140071
247.5,1,172.465,0.0139963
247,1,171.599,0.0139808
246.5,1,170.733,0.0139794
246,1,169.867,0.0140594
245.5,1,169.001,0.014145
245,1,168.135,0.014233
244.5,1,167.269,0.0142286
244,1,166.403,0.0142194
243.5,1,165.537,0.0142048
243,1,164.671,0.0142574
242.5,1,163.805,0.0143227
242,1,162.939,0.014391
241.5,1,162.072,0.0143691
241,1,161.206,0.0143082
240.5,1,160.34,0.0142437
240,1,159.474,0.0142497
239.5,1,158.608,0.0143145
239,1,157.742,0.0143828
238.5,1,156.876,0.0143953
238,1,156.01,0.0143194
237.5,1,155.144,0.0142389
237,1,154.278,0.0141825
236.5,1,153.412,0.0142127
236,1,152.546,0.0142468
235.5,1,151.68,0.0142713
235,1,150.814,0.0141926
234.5,1,149.948,0.0141094
234,1,149.082,0.0140217
233.5,1,148.216,0.0140398
233,1,147.35,0.0140707
232.5,1,146.484,0.014104
232,1,145.618,0.0140593
231.5,1,144.752,0.0139879
231,1,143.886,0.0139132
230.5,1,143.02,0.0139277
230,1,142.154,0.0140097
229.5,1,141.288,0.0141085
229,1,140.422,0.0141389
228.5,1,139.556,0.0140609
228,1,138.69,0.0139726
227.5,1,137.824,0.0139459
227,1,136.958,0.014074
226.5,1,136.092,0.0142068
226,1,135.226,0.0143086
225.5,1,134.36,0.0141952
225,1,133.494,0.0140802
224.5,1,132.628,0.0139617
224,1,131.762,0.0141054
223.5,1,130.896,0.0142542
223,1,130.03,0.0144049
222.5,1,129.164,0.0143252
222,1,128.297,0.0141994
221.5,1,127.431,0.0140748
221,1,126.565,0.0141412
220.5,1,125.699,0.0143008
220,1,124.833,0.0144611
219.5,1,123.967,0.0144696
219,1,123.101,0.0143322
218.5,1,122.235,0.0141889
218,1,121.369,0.0141357
217.5,1,120.503,0.0142524
217,1,119.637,0.014371
216.5,1,118.771,0.0144381
216,1,117.905,0.0143183
215.5,1,117.039,0.0141913
215,1,116.173,0.0140639
214.5,1,115.307,0.0140883
214,1,114.441,0.0141221
213.5,1,113.575,0.0141567
213,1,112.709,0.0141217
212.5,1,111.843,0.0140649
212,1,110.977,0.0139945
211.5,1,110.111,0.0139648
211,1,109.245,0.0139599
210.5,1,108.379,0.0139633
210,1,107.513,0.0139514
209.5,1,106.647,0.0139129
209,1,105.781,0.0138621
208.5,1,104.915,0.0138251
208,1,104.049,0.0138246
207.5,1,103.183,0.0138327
207,1,102.317,0.0138395
206.5,1,101.451,0.0138136
206,1,100.585,0.0137779
205.5,1,99.7187,0.0137338
205,1,98.8526,0.0136999
204.5,1,97.9866,0.0136756
204,1,97.1206,0.0136607
203.5,1,96.2546,0.0136994
203,1,95.3885,0.0137298
202.5,1,94.5225,0.0137484
202,1,93.6565,0.013702
201.5,1,92.7905,0.0136499
201,1,91.9244,0.0136091
200.5,1,91.0584,0.0136545
200,1,90.1924,0.0137341
