x,y,z,b
500,1,609.808,0.0115959
499.5,1,608.942,0.0115857
499,1,608.076,0.0115739
498.5,1,607.21,0.0115531
498,1,606.344,0.0115294
497.5,1,605.477,0.0115087
497,1,604.611,0.0115087
496.5,1,603.745,0.0115093
496,1,602.879,0.0115091
495.5,1,602.013,0.0114795
495,1,601.147,0.0114496
494.5,1,600.281,0.0114195
494,1,599.415,0.011408
493.5,1,598.549,0.0113998
493,1,597.683,0.0113907
492.5,1,596.817,0.0113559
492,1,595.951,0.0113158
491.5,1,595.085,0.0112799
491,1,594.219,0.011258
490.5,1,593.353,0.0112435
490,1,592.487,0.0112302
489.5,1,591.621,0.0112212
489,1,590.755,0.0112146
488.5,1,589.889,0.0112057
488,1,589.023,0.0112002
487.5,1,588.157,0.0112048
487,1,587.291,0.0112029
486.5,1,586.425,0.0112038
486,1,585.559,0.011272
485.5,1,584.693,0.0113346
485,1,583.827,0.0113922
484.5,1,582.961,0.0114346
484,1,582.095,0.0114593
483.5,1,581.229,0.0114666
483,1,580.363,0.0114811
482.5,1,579.497,0.0115103
482,1,578.631,0.0115597
481.5,1,577.765,0.0116159
481,1,576.899,0.0116709
480.5,1,576.033,0.0117242
480,1,575.167,0.0117804
479.5,1,574.301,0.011847
479,1,573.435,0.0119154
478.5,1,572.569,0.0119827
478,1,571.703,0.0120465
477.5,1,570.836,0.0121073
477,1,569.97,0.0121677
476.5,1,569.104,0.0122363
476,1,568.238,0.0123047
475.5,1,567.372,0.0123721
475,1,566.506,0.0123683
474.5,1,565.64,0.0123525
474,1,564.774,0.0123303
473.5,1,563.908,0.012307
473,1,563.042,0.0122764
472.5,1,562.176,0.0122373
472,1,561.31,0.0122861
471.5,1,560.444,0.0123857
471,1,559.578,0.0124985
470.5,1,558.712,0.0125456
470,1,557.846,0.0125264
469.5,1,556.98,0.0124996
469,1,556.114,0.0125342
468.5,1,555.248,0.0126882
468,1,554.382,0.0128494
467.5,1,553.516,0.0129609
467,1,552.65,0.0128774
466.5,1,551.784,0.0127865
466,1,550.918,0.0127116
465.5,1,550.052,0.0129271
465,1,549.186,0.0131401
464.5,1,548.32,0.0133508
464,1,547.454,0.0132805
463.5,1,546.588,0.0131824
463,1,545.722,0.0130875
462.5,1,544.856,0.0131986
462,1,543.99,0.0133629
461.5,1,543.124,0.0135126
461,1,542.258,0.0134874
460.5,1,541.392,0.0133599
460,1,540.526,0.013249
459.5,1,539.66,0.0132955
459,1,538.794,0.0135103
458.5,1,537.928,0.0137036
458,1,537.061,0.0138013
457.5,1,536.195,0.0137107
457,1,535.329,0.0136403
456.5,1,534.463,0.0136197
456,1,533.597,0.0138063
455.5,1,532.731,0.0139698
455,1,531.865,0.0141104
454.5,1,530.999,0.0140546
454,1,530.133,0.0139998
453.5,1,529.267,0.0139525
453,1,528.401,0.0139078
452.5,1,527.535,0.0138487
452,1,526.669,0.0137772
451.5,1,525.803,0.0136848
451,1,524.937,0.0136044
450.5,1,524.071,0.0135453
450,1,523.205,0.0135916
449.5,1,522.339,0.0137485
449,1,521.473,0.0139189
448.5,1,520.607,0.0140584
448,1,519.741,0.0141273
447.5,1,518.875,0.0141972
447,1,518.009,0.0142721
446.5,1,517.143,0.0143584
446,1,516.277,0.0144325
445.5,1,515.411,0.0144937
445,1,514.545,0.014507
444.5,1,513.679,0.0145125
444,1,512.813,0.0145182
443.5,1,511.947,0.0146518
443,1,511.081,0.0148135
442.5,1,510.215,0.0149844
442,1,509.349,0.0150905
441.5,1,508.483,0.0151691
441,1,507.617,0.0152477
440.5,1,506.751,0.0153814
440,1,505.885,0.0155512
439.5,1,505.019,0.01571
439,1,504.153,0.0157657
438.5,1,503.286,0.0156403
438,1,502.42,0.0154872
437.5,1,501.554,0.0153112
437,1,500.688,0.0151458
436.5,1,499.822,0.0150179
436,1,498.956,0.014963
435.5,1,498.09,0.0153028
435,1,497.224,0.0157381
434.5,1,496.358,0.0162686
434,1,495.492,0.0167496
433.5,1,494.626,0.0171563
433,1,493.76,0.0175379
432.5,1,492.894,0.0178491
432,1,492.028,0.0182397
431.5,1,491.162,0.018746
431,1,490.296,0.0196501
430.5,1,489.43,0.020749
430,1,488.564,0.0217752
429.5,1,487.698,0.0225495
429,1,486.832,0.0230653
428.5,1,485.966,0.0235386
428,1,485.1,0.0239112
427.5,1,484.234,0.0240823
427,1,483.368,0.0242811
426.5,1,482.502,0.0245998
426,1,481.636,0.0254861
425.5,1,480.77,0.0263939
425,1,479.904,0.0273119
424.5,1,479.038,0.0284844
424,1,478.172,0.0296573
423.5,1,477.306,0.0308238
423,1,476.44,0.0316894
422.5,1,475.574,0.0324819
422,1,474.708,0.0331649
421.5,1,473.842,0.0333471
421,1,472.976,0.03314
420.5,1,472.11,0.0327461
420,1,471.244,0.0320319
419.5,1,470.378,0.0309545
419,1,469.512,0.0301327
418.5,1,468.645,0.0295799
418,1,467.779,0.0292872
417.5,1,466.913,0.0289375
417,1,466.047,0.028437
416.5,1,465.181,0.0275109
416,1,464.315,0.0266061
415.5,1,463.449,0.0257349
415,1,462.583,0.0252465
414.5,1,461.717,0.0247516
414,1,460.851,0.0242629
413.5,1,459.985,0.0239374
413,1,459.119,0.0236425
412.5,1,458.253,0.0233562
412,1,457.387,0.0231681
411.5,1,456.521,0.0230345
411,1,455.655,0.0229835
410.5,1,454.789,0.0231558
410,1,453.923,0.0235199
409.5,1,453.057,0.0239187
409,1,452.191,0.0244196
408.5,1,451.325,0.0251471
408,1,450.459,0.0260977
407.5,1,449.593,0.0273034
407,1,448.727,0.0287742
406.5,1,447.861,0.0302092
406,1,446.995,0.0315179
405.5,1,446.129,0.0319095
405,1,445.263,0.0322591
404.5,1,444.397,0.0325666
404,1,443.531,0.0327249
403.5,1,442.665,0.0328322
403,1,441.799,0.0329071
402.5,1,440.933,0.0331357
402,1,440.067,0.0334339
401.5,1,439.201,0.0337656
401,1,438.335,0.03408
400.5,1,437.469,0.034442
400,1,436.603,0.0344367
399.5,1,435.737,0.0346101
399,1,434.87,0.0349113
398.5,1,434.004,0.0352131
398,1,433.138,0.0356712
397.5,1,432.272,0.0368251
397,1,431.406,0.038037
396.5,1,430.54,0.0393147
396,1,429.674,0.0406723
395.5,1,428.808,0.0418864
395,1,427.942,0.0430466
394.5,1,427.076,0.0451691
394,1,426.21,0.0465033
393.5,1,425.344,0.0470326
393,1,424.478,0.0499101
392.5,1,423.612,0.053129
392,1,422.746,0.0562738
391.5,1,421.88,0.0596279
391,1,421.014,0.0637802
390.5,1,420.148,0.0672747
390,1,419.282,0.0699104
389.5,1,418.416,0.0721814
389,1,417.55,0.0746898
388.5,1,416.684,0.0756691
388,1,415.818,0.0764179
387.5,1,414.952,0.0768661
387,1,414.086,0.0776476
386.5,1,413.22,0.0790253
386,1,412.354,0.0809148
385.5,1,411.488,0.082566
385,1,410.622,0.0841712
384.5,1,409.756,0.0846838
384,1,408.89,0.0840862
383.5,1,408.024,0.0825952
383,1,407.158,0.0797381
382.5,1,406.292,0.0775013
382,1,405.426,0.075934
381.5,1,404.56,0.076826
381,1,403.694,0.0787477
380.5,1,402.828,0.0821874
380,1,401.962,0.084669
379.5,1,401.095,0.0865358
379,1,400.229,0.0874545
378.5,1,399.363,0.0879175
378,1,398.497,0.0886099
377.5,1,397.631,0.0882355
377,1,396.765,0.0868908
376.5,1,395.899,0.0853221
376,1,395.033,0.0833714
375.5,1,394.167,0.0810807
375,1,393.301,0.0798109
374.5,1,392.435,0.0793016
374,1,391.569,0.0792529
373.5,1,390.703,0.0807249
373,1,389.837,0.0813664
372.5,1,388.971,0.0810609
372,1,388.105,0.0806725
371.5,1,387.239,0.080178
371,1,386.373,0.0797285
370.5,1,385.507,0.0793752
370,1,384.641,0.0788273
369.5,1,383.775,0.077783
369,1,382.909,0.0766608
368.5,1,382.043,0.0746986
368,1,381.177,0.0735877
367.5,1,380.311,0.071992
367,1,379.445,0.0695586
366.5,1,378.579,0.0668447
366,1,377.713,0.062585
365.5,1,376.847,0.0573412
365,1,375.981,0.0516825
364.5,1,375.115,0.0491371
364,1,374.249,0.0477581
363.5,1,373.383,0.0434667
363,1,372.517,0.0391276
362.5,1,371.651,0.0382067
362,1,370.785,0.0376018
361.5,1,369.919,0.0359812
361,1,369.053,0.0340967
360.5,1,368.187,0.0333847
360,1,367.321,0.0330341
359.5,1,366.454,0.0297655
359,1,365.588,0.0265108
358.5,1,364.722,0.027996
358,1,363.856,0.0296215
357.5,1,362.99,0.0304938
357,1,362.124,0.0307142
356.5,1,361.258,0.0310403
356,1,360.392,0.0313092
355.5,1,359.526,0.0315027
355,1,358.66,0.0313663
354.5,1,357.794,0.0311386
354,1,356.928,0.0308476
353.5,1,356.062,0.030034
353,1,355.196,0.0296384
352.5,1,354.33,0.0298932
352,1,353.464,0.0292324
351.5,1,352.598,0.0286322
351,1,351.732,0.0287458
350.5,1,350.866,0.0279108
350,1,350,0.0266035
349.5,1,349.134,0.0260982
349,1,348.268,0.0273796
348.5,1,347.402,0.0292694
348,1,346.536,0.0307938
347.5,1,345.67,0.0311813
347,1,344.804,0.0292837
346.5,1,343.938,0.0242633
346,1,343.072,0.0233498
345.5,1,342.206,0.0224366
345,1,341.34,0.0207595
344.5,1,340.474,0.0204807
344,1,339.608,0.020736
343.5,1,338.742,0.0209978
343,1,337.876,0.0210635
342.5,1,337.01,0.0209589
342,1,336.144,0.0209287
341.5,1,335.278,0.0210712
341,1,334.412,0.0215227
340.5,1,333.546,0.0219609
340,1,332.679,0.0224492
339.5,1,331.813,0.0229175
339,1,330.947,0.02374
338.5,1,330.081,0.0247522
338,1,329.215,0.026065
337.5,1,328.349,0.0274368
337,1,327.483,0.028802
336.5,1,326.617,0.030225
336,1,325.751,0.0315251
335.5,1,324.885,0.0325204
335,1,324.019,0.0330966
334.5,1,323.153,0.0339476
334,1,322.287,0.0358293
333.5,1,321.421,0.0361984
333,1,320.555,0.0366277
332.5,1,319.689,0.0369841
332,1,318.823,0.0373375
331.5,1,317.957,0.0380324
331,1,317.091,0.0387829
330.5,1,316.225,0.0391033
330,1,315.359,0.0389302
329.5,1,314.493,0.0385043
329,1,313.627,0.038457
328.5,1,312.761,0.0392707
328,1,311.895,0.0409509
327.5,1,311.029,0.0432652
327,1,310.163,0.0430216
326.5,1,309.297,0.0428094
326,1,308.431,0.0432326
325.5,1,307.565,0.0440034
325,1,306.699,0.0445718
324.5,1,305.833,0.0450432
324,1,304.967,0.0454698
323.5,1,304.101,0.0458514
323,1,303.235,0.0462029
322.5,1,302.369,0.0464751
322,1,301.503,0.0466044
321.5,1,300.637,0.0465909
321,1,299.771,0.0464345
320.5,1,298.905,0.0461352
320,1,298.038,0.045706
319.5,1,297.172,0.0466751
319,1,296.306,0.0475889
318.5,1,295.44,0.0484173
318,1,294.574,0.0491601
317.5,1,293.708,0.0498175
317,1,292.842,0.0503894
316.5,1,291.976,0.050495
316,1,291.11,0.0505139
315.5,1,290.244,0.0506431
315,1,289.378,0.0508824
314.5,1,288.512,0.0512321
314,1,287.646,0.0510649
313.5,1,286.78,0.0501555
313,1,285.914,0.0484345
312.5,1,285.048,0.0468704
312,1,284.182,0.0454631
311.5,1,283.316,0.0435408
311,1,282.45,0.0421008
310.5,1,281.584,0.0410786
310,1,280.718,0.0405224
309.5,1,279.852,0.0401959
309,1,278.986,0.0400942
308.5,1,278.12,0.039943
308,1,277.254,0.0397573
307.5,1,276.388,0.0396096
307,1,275.522,0.0391432
306.5,1,274.656,0.0385465
306,1,273.79,0.0379311
305.5,1,272.924,0.0362602
305,1,272.058,0.0350135
304.5,1,271.192,0.0339194
304,1,270.326,0.032684
303.5,1,269.46,0.0313743
303,1,268.594,0.0298967
302.5,1,267.728,0.0284024
302,1,266.862,0.0269652
301.5,1,265.996,0.0261452
301,1,265.13,0.0256519
300.5,1,264.263,0.0253204
300,1,263.397,0.0249092
299.5,1,262.531,0.0242086
299,1,261.665,0.023349
298.5,1,260.799,0.0226563
298,1,259.933,0.0221378
297.5,1,259.067,0.0215694
297,1,258.201,0.0209177
296.5,1,257.335,0.0202175
296,1,256.469,0.0196068
295.5,1,255.603,0.0190099
295,1,254.737,0.0184972
294.5,1,253.871,0.0180068
294,1,253.005,0.0175388
293.5,1,252.139,0.0170796
293,1,251.273,0.0166458
292.5,1,250.407,0.016239
292,1,249.541,0.0158911
291.5,1,248.675,0.0155728
291,1,247.809,0.0152799
290.5,1,246.943,0.0150102
290,1,246.077,0.0147418
289.5,1,245.211,0.0144792
289,1,244.345,0.0142672
288.5,1,243.479,0.0141214
288,1,242.613,0.0139735
287.5,1,241.747,0.0138544
287,1,240.881,0.013801
286.5,1,240.015,0.0137409
286,1,239.149,0.0136863
285.5,1,238.283,0.0137118
285,1,237.417,0.0137384
284.5,1,236.551,0.0137729
284,1,235.685,0.0137202
283.5,1,234.819,0.0136711
283,1,233.953,0.0136292
282.5,1,233.087,0.0138146
282,1,232.221,0.0140311
281.5,1,231.355,0.0142335
281,1,230.488,0.0143749
280.5,1,229.622,0.0144792
280,1,228.756,0.0145651
279.5,1,227.89,0.0146224
279,1,227.024,0.014656
278.5,1,226.158,0.0146808
278,1,225.292,0.0147029
277.5,1,224.426,0.0147387
277,1,223.56,0.0147747
276.5,1,222.694,0.0148108
276,1,221.828,0.0148087
275.5,1,220.962,0.0148078
275,1,220.096,0.0148115
274.5,1,219.23,0.0149592
274,1,218.364,0.0151141
273.5,1,217.498,0.0152779
273,1,216.632,0.0152942
272.5,1,215.766,0.0152971
272,1,214.9,0.0153082
271.5,1,214.034,0.0153618
271,1,213.168,0.01544
270.5,1,212.302,0.0155219
270,1,211.436,0.0155234
269.5,1,210.57,0.0154613
269,1,209.704,0.015393
268.5,1,208.838,0.015394
268,1,207.972,0.0155047
267.5,1,207.106,0.0156141
267,1,206.24,0.0156775
266.5,1,205.374,0.0155972
266,1,204.508,0.015513
265.5,1,203.642,0.0154433
265,1,202.776,0.015519
264.5,1,201.91,0.0155913
264,1,201.044,0.0156603
263.5,1,200.178,0.0155661
263,1,199.312,0.0154667
262.5,1,198.446,0.015378
262,1,197.58,0.0154293
261.5,1,196.714,0.01551
261,1,195.847,0.0155745
260.5,1,194.981,0.0155408
260,1,194.115,0.0154725
259.5,1,193.249,0.0154236
259,1,192.383,0.0154121
258.5,1,191.517,0.0154113
258,1,190.651,0.0153947
257.5,1,189.785,0.0153722
257,1,188.919,0.0153773
256.5,1,188.053,0.0154061
256,1,187.187,0.0154586
255.5,1,186.321,0.0155107
255,1,185.455,0.0155443
254.5,1,184.589,0.015557
254,1,183.723,0.0156085
253.5,1,182.857,0.0156753
253,1,181.991,0.0157564
252.5,1,181.125,0.0157024
252,1,180.259,0.0156106
251.5,1,179.393,0.0155118
251,1,178.527,0.0154844
250.5,1,177.661,0.0155047
250,1,176.795,0.0155369
249.5,1,175.929,0.0155084
249,1,175.063,0.015406
248.5,1,174.197,0.0152949
248,1,173.331,0.0152231
247.5,1,172.465,0.0152407
247,1,171.599,0.0152636
246.5,1,170.733,0.0152702
246,1,169.867,0.0151951
245.5,1,169.001,0.0151148
245,1,168.135,0.0150329
244.5,1,167.269,0.0150526
244,1,166.403,0.0150789
243.5,1,165.537,0.0151096
243,1,164.671,0.0150916
242.5,1,163.805,0.0150637
242,1,162.939,0.0150329
241.5,1,162.072,0.0150621
241,1,161.206,0.015116
240.5,1,160.34,0.0151744
240,1,159.474,0.0152156
239.5,1,158.608,0.0152323
239,1,157.742,0.0152392
238.5,1,156.876,0.0152652
238,1,156.01,0.0153353
237.5,1,155.144,0.0154104
237,1,154.278,0.0154745
236.5,1,153.412,0.0154837
236,1,152.546,0.0154783
235.5,1,151.68,0.0154611
235,1,150.814,0.0154419
234.5,1,149.948,0.0154238
234,1,149.082,0.0154066
233.5,1,148.216,0.0153385
233,1,147.35,0.0152593
232.5,1,146.484,0.0151756
232,1,145.618,0.0151395
231.5,1,144.752,0.0151196
231,1,143.886,0.0151021
230.5,1,143.02,0.015086
230,1,142.154,0.015066
229.5,1,141.288,0.0150449
229,1,140.422,0.0150277
228.5,1,139.556,0.0150159
228,1,138.69,0.0150074
227.5,1,137.824,0.0149971
227,1,136.958,0.0149787
226.5,1,136.092,0.0149598
226,1,135.226,0.0149414
225.5,1,134.36,0.0149276
225,1,133.494,0.0149157
224.5,1,132.628,0.0149035
224,1,131.762,0.0148891
223.5,1,130.896,0.0148753
223,1,130.03,0.0148622
222.5,1,129.164,0.0148563
222,1,128.297,0.014851
221.5,1,127.431,0.0148445
221,1,126.565,0.0148439
220.5,1,125.699,0.0148473
220,1,124.833,0.0148516
219.5,1,123.967,0.014826
219,1,123.101,0.0147709
218.5,1,122.235,0.0147154
218,1,121.369,0.0146802
217.5,1,120.503,0.0146821
217,1,119.637,0.0146847
216.5,1,118.771,0.0146804
216,1,117.905,0.0146494
215.5,1,117.039,0.0146178
215,1,116.173,0.0145894
214.5,1,115.307,0.014646
214,1,114.441,0.0147039
213.5,1,113.575,0.0147604
213,1,112.709,0.0147388
212.5,1,111.843,0.0147118
212,1,110.977,0.0146895
211.5,1,110.111,0.0147003
211,1,109.245,0.014715
210.5,1,108.379,0.0147215
210,1,107.513,0.0147062
209.5,1,106.647,0.0146847
209,1,105.781,0.0146714
208.5,1,104.915,0.0146898
208,1,104.049,0.0147378
207.5,1,103.183,0.0147802
207,1,102.317,0.0148139
206.5,1,101.451,0.0148419
206,1,100.585,0.0148805
205.5,1,99.7187,0.0149182
205,1,98.8526,0.014896
204.5,1,97.9866,0.0148692
204,1,97.1206,0.0148377
203.5,1,96.2546,0.014834
203,1,95.3885,0.0148396
202.5,1,94.5225,0.0148516
202,1,93.6565,0.0148599
201.5,1,92.7905,0.0148616
201,1,91.9244,0.0148581
200.5,1,91.0584,0.0148714
200,1,90.1924,0.0148969
