x,y,z,b
500,1,609.808,0.0137928
499.5,1,608.942,0.0140056
499,1,608.076,0.0139982
498.5,1,607.21,0.0136475
498,1,606.344,0.0133149
497.5,1,605.477,0.0131104
497,1,604.611,0.0133023
496.5,1,603.745,0.0134762
496,1,602.879,0.0136186
495.5,1,602.013,0.0135052
495,1,601.147,0.0134066
494.5,1,600.281,0.0133228
494,1,599.415,0.0133982
493.5,1,598.549,0.0134726
493,1,597.683,0.0135322
492.5,1,596.817,0.0135312
492,1,595.951,0.013518
491.5,1,595.085,0.0135098
491,1,594.219,0.0135175
490.5,1,593.353,0.0135339
490,1,592.487,0.0135441
489.5,1,591.621,0.0135703
489,1,590.755,0.013632
488.5,1,589.889,0.0136999
488,1,589.023,0.0137257
487.5,1,588.157,0.0136264
487,1,587.291,0.0135332
486.5,1,586.425,0.0134663
486,1,585.559,0.0135585
485.5,1,584.693,0.0136462
485,1,583.827,0.0137277
484.5,1,582.961,0.0136068
484,1,582.095,0.0134842
483.5,1,581.229,0.0133692
483,1,580.363,0.0134706
482.5,1,579.497,0.0136185
482,1,578.631,0.0137595
481.5,1,577.765,0.0137256
481,1,576.899,0.0135913
480.5,1,576.033,0.0134501
480,1,575.167,0.0135135
479.5,1,574.301,0.0137897
479,1,573.435,0.0140421
478.5,1,572.569,0.0142171
478,1,571.703,0.0142834
477.5,1,570.836,0.0143603
477,1,569.97,0.0144493
476.5,1,569.104,0.0145546
476,1,568.238,0.0146689
475.5,1,567.372,0.0147904
475,1,566.506,0.0147659
474.5,1,565.64,0.0147347
474,1,564.774,0.0147072
473.5,1,563.908,0.0147524
473,1,563.042,0.0148049
472.5,1,562.176,0.0148518
472,1,561.31,0.0148533
471.5,1,560.444,0.0148306
471,1,559.578,0.0148011
470.5,1,558.712,0.0148422
470,1,557.846,0.014953
469.5,1,556.98,0.0150655
469,1,556.114,0.0151157
468.5,1,555.248,0.0150581
468,1,554.382,0.0150064
467.5,1,553.516,0.0149905
467,1,552.65,0.0150715
466.5,1,551.784,0.0151437
466,1,550.918,0.0151944
465.5,1,550.052,0.0151406
465,1,549.186,0.0150907
464.5,1,548.32,0.0150448
464,1,547.454,0.0150502
463.5,1,546.588,0.0150569
463,1,545.722,0.0150555
462.5,1,544.856,0.0150327
462,1,543.99,0.0150127
461.5,1,543.124,0.0150037
461,1,542.258,0.0149787
460.5,1,541.392,0.0149417
460,1,540.526,0.0149101
459.5,1,539.66,0.0148852
459,1,538.794,0.0148653
458.5,1,537.928,0.0148427
458,1,537.061,0.0148338
457.5,1,536.195,0.0148723
457,1,535.329,0.0149002
456.5,1,534.463,0.0149278
456,1,533.597,0.0150159
455.5,1,532.731,0.0150917
455,1,531.865,0.0151622
454.5,1,530.999,0.0151435
454,1,530.133,0.0151066
453.5,1,529.267,0.0150545
453,1,528.401,0.0149999
452.5,1,527.535,0.0149523
452,1,526.669,0.0149216
451.5,1,525.803,0.014927
451,1,524.937,0.0149536
450.5,1,524.071,0.0149857
450,1,523.205,0.0149991
449.5,1,522.339,0.0150007
449,1,521.473,0.0150187
448.5,1,520.607,0.0150429
448,1,519.741,0.0150415
447.5,1,518.875,0.0150201
447,1,518.009,0.0150334
446.5,1,517.143,0.0153
446,1,516.277,0.0155871
445.5,1,515.411,0.0158889
445,1,514.545,0.0159465
444.5,1,513.679,0.0160077
444,1,512.813,0.0160666
443.5,1,511.947,0.0163724
443,1,511.081,0.0167384
442.5,1,510.215,0.0171276
442,1,509.349,0.0173517
441.5,1,508.483,0.017487
441,1,507.617,0.0176035
440.5,1,506.751,0.0178138
440,1,505.885,0.0180962
439.5,1,505.019,0.0183664
439,1,504.153,0.0185974
438.5,1,503.286,0.0187766
438,1,502.42,0.0189383
437.5,1,501.554,0.0191112
437,1,500.688,0.0193797
436.5,1,499.822,0.0196528
436,1,498.956,0.0199187
435.5,1,498.09,0.0200497
435,1,497.224,0.0201757
434.5,1,496.358,0.0202966
434,1,495.492,0.0205255
433.5,1,494.626,0.0207617
433,1,493.76,0.0209906
432.5,1,492.894,0.0212608
432,1,492.028,0.0215457
431.5,1,491.162,0.0218313
431,1,490.296,0.0221906
430.5,1,489.43,0.022601
430,1,488.564,0.0230133
429.5,1,487.698,0.0233681
429,1,486.832,0.0236466
428.5,1,485.966,0.0239183
428,1,485.1,0.0241919
427.5,1,484.234,0.0244577
427,1,483.368,0.0246732
426.5,1,482.502,0.0248624
426,1,481.636,0.0251786
425.5,1,480.77,0.0254796
425,1,479.904,0.0258154
424.5,1,479.038,0.0258794
424,1,478.172,0.0257654
423.5,1,477.306,0.0254803
423,1,476.44,0.0265972
422.5,1,475.574,0.028216
422,1,474.708,0.029954
421.5,1,473.842,0.0308608
421,1,472.976,0.0313647
420.5,1,472.11,0.03189
420,1,471.244,0.0320545
419.5,1,470.378,0.031916
419,1,469.512,0.0318478
418.5,1,468.645,0.031829
418,1,467.779,0.0318284
417.5,1,466.913,0.0318528
417,1,466.047,0.0321876
416.5,1,465.181,0.0336825
416,1,464.315,0.0358045
415.5,1,463.449,0.0361404
415,1,462.583,0.0365141
414.5,1,461.717,0.0365957
414,1,460.851,0.0362827
413.5,1,459.985,0.0359609
413,1,459.119,0.0344499
412.5,1,458.253,0.0333524
412,1,457.387,0.0328179
411.5,1,456.521,0.0325239
411,1,455.655,0.0321925
410.5,1,454.789,0.031957
410,1,453.923,0.0318013
409.5,1,453.057,0.0316762
409,1,452.191,0.0317093
408.5,1,451.325,0.0319122
408,1,450.459,0.0320785
407.5,1,449.593,0.0323604
407,1,448.727,0.033108
406.5,1,447.861,0.0338402
406,1,446.995,0.0344906
405.5,1,446.129,0.0344526
405,1,445.263,0.0344042
404.5,1,444.397,0.0343453
404,1,443.531,0.0351784
403.5,1,442.665,0.0369649
403,1,441.799,0.0370684
402.5,1,440.933,0.0371853
402,1,440.067,0.0372296
401.5,1,439.201,0.0368915
401,1,438.335,0.0365313
400.5,1,437.469,0.0361519
400,1,436.603,0.0357532
399.5,1,435.737,0.0353352
399,1,434.87,0.0348979
398.5,1,434.004,0.0355566
398,1,433.138,0.0363764
397.5,1,432.272,0.0372052
397,1,431.406,0.0380432
396.5,1,430.54,0.0388902
396,1,429.674,0.0396337
395.5,1,428.808,0.0403394
395,1,427.942,0.0410351
394.5,1,427.076,0.0417471
394,1,426.21,0.0424754
393.5,1,425.344,0.04322
393,1,424.478,0.0439808
392.5,1,423.612,0.0447082
392,1,422.746,0.0452485
391.5,1,421.88,0.0457188
391,1,421.014,0.0461146
390.5,1,420.148,0.0463268
390,1,419.282,0.0465324
389.5,1,418.416,0.0467311
389,1,417.55,0.0459392
388.5,1,416.684,0.0450984
388,1,415.818,0.0442786
387.5,1,414.952,0.0434798
387,1,414.086,0.0427018
386.5,1,413.22,0.0419449
386,1,412.354,0.0409338
385.5,1,411.488,0.039757
385,1,410.622,0.0385784
384.5,1,409.756,0.0374382
384,1,408.89,0.0363365
383.5,1,408.024,0.0352732
383,1,407.158,0.0344411
382.5,1,406.292,0.0340887
382,1,405.426,0.0337782
381.5,1,404.56,0.0335097
381,1,403.694,0.033283
380.5,1,402.828,0.0330982
380,1,401.962,0.0329702
379.5,1,401.095,0.0336481
379,1,400.229,0.0343522
378.5,1,399.363,0.0350756
378,1,398.497,0.0358184
377.5,1,397.631,0.0365806
377,1,396.765,0.0373622
376.5,1,395.899,0.037622
376,1,395.033,0.0376207
375.5,1,394.167,0.0376144
375,1,393.301,0.0376029
374.5,1,392.435,0.037551
374,1,391.569,0.037401
373.5,1,390.703,0.0374477
373,1,389.837,0.0377944
372.5,1,388.971,0.0381762
372,1,388.105,0.0385932
371.5,1,387.239,0.0390452
371,1,386.373,0.0395323
370.5,1,385.507,0.0400303
370,1,384.641,0.0400248
369.5,1,383.775,0.0399849
369,1,382.909,0.039935
368.5,1,382.043,0.0399285
368,1,381.177,0.0399113
367.5,1,380.311,0.0398835
367,1,379.445,0.0395024
366.5,1,378.579,0.0389777
366,1,377.713,0.038434
365.5,1,376.847,0.0378715
365,1,375.981,0.0372901
364.5,1,375.115,0.0366897
364,1,374.249,0.0362665
363.5,1,373.383,0.0361738
363,1,372.517,0.0361552
362.5,1,371.651,0.0360829
362,1,370.785,0.0359569
361.5,1,369.919,0.0357772
361,1,369.053,0.0355437
360.5,1,368.187,0.0352606
360,1,367.321,0.0349337
359.5,1,366.454,0.034563
359,1,365.588,0.0341486
358.5,1,364.722,0.0336904
358,1,363.856,0.0332119
357.5,1,362.99,0.033436
357,1,362.124,0.0338136
356.5,1,361.258,0.0341504
356,1,360.392,0.0335245
355.5,1,359.526,0.0332144
355,1,358.66,0.0329383
354.5,1,357.794,0.0326119
354,1,356.928,0.0322903
353.5,1,356.062,0.0334132
353,1,355.196,0.0360547
352.5,1,354.33,0.0363083
352,1,353.464,0.0362782
351.5,1,352.598,0.0360745
351,1,351.732,0.0354709
350.5,1,350.866,0.0348197
350,1,350,0.0341208
349.5,1,349.134,0.0304823
349,1,348.268,0.0285207
348.5,1,347.402,0.0268774
348,1,346.536,0.0262552
347.5,1,345.67,0.0262202
347,1,344.804,0.0276873
346.5,1,343.938,0.0300364
346,1,343.072,0.0297228
345.5,1,342.206,0.0293283
345,1,341.34,0.0287543
344.5,1,340.474,0.0258536
344,1,339.608,0.0239583
343.5,1,338.742,0.0227843
343,1,337.876,0.0224073
342.5,1,337.01,0.0226924
342,1,336.144,0.02307
341.5,1,335.278,0.023458
341,1,334.412,0.0236616
340.5,1,333.546,0.0237303
340,1,332.679,0.0237284
339.5,1,331.813,0.0236932
339,1,330.947,0.0236374
338.5,1,330.081,0.0235948
338,1,329.215,0.0236254
337.5,1,328.349,0.0237886
337,1,327.483,0.0239644
336.5,1,326.617,0.0241352
336,1,325.751,0.0243412
335.5,1,324.885,0.0245787
335,1,324.019,0.0248486
334.5,1,323.153,0.0253432
334,1,322.287,0.0258748
333.5,1,321.421,0.0264439
333,1,320.555,0.0273825
332.5,1,319.689,0.0284069
332,1,318.823,0.0293593
331.5,1,317.957,0.0298315
331,1,317.091,0.030017
330.5,1,316.225,0.0298423
330,1,315.359,0.0298783
329.5,1,314.493,0.0300253
329,1,313.627,0.0306688
328.5,1,312.761,0.0312317
328,1,311.895,0.0316902
327.5,1,311.029,0.0320445
327,1,310.163,0.0322946
326.5,1,309.297,0.0324404
326,1,308.431,0.0326472
325.5,1,307.565,0.0328603
325,1,306.699,0.0330685
324.5,1,305.833,0.0332614
324,1,304.967,0.0334228
323.5,1,304.101,0.0335527
323,1,303.235,0.0337577
322.5,1,302.369,0.0341094
322,1,301.503,0.0343632
321.5,1,300.637,0.0345189
321,1,299.771,0.0345768
320.5,1,298.905,0.0345367
320,1,298.038,0.0343959
319.5,1,297.172,0.0341926
319,1,296.306,0.0339983
318.5,1,295.44,0.0337585
318,1,294.574,0.0334732
317.5,1,293.708,0.0331424
317,1,292.842,0.0327661
316.5,1,291.976,0.0325151
316,1,291.11,0.0322702
315.5,1,290.244,0.0319521
315,1,289.378,0.0315609
314.5,1,288.512,0.0310965
314,1,287.646,0.0309712
313.5,1,286.78,0.0310001
313,1,285.914,0.0312489
312.5,1,285.048,0.0314968
312,1,284.182,0.0317439
311.5,1,283.316,0.0319902
311,1,282.45,0.0322356
310.5,1,281.584,0.0324868
310,1,280.718,0.0328501
309.5,1,279.852,0.0332455
309,1,278.986,0.0336729
308.5,1,278.12,0.0339142
308,1,277.254,0.034061
307.5,1,276.388,0.0341186
307,1,275.522,0.0338429
306.5,1,274.656,0.0335572
306,1,273.79,0.0322378
305.5,1,272.924,0.0332679
305,1,272.058,0.0332641
304.5,1,271.192,0.0333544
304,1,270.326,0.0330533
303.5,1,269.46,0.0320814
303,1,268.594,0.0306739
302.5,1,267.728,0.0277834
302,1,266.862,0.0257973
301.5,1,265.996,0.0250417
301,1,265.13,0.0247676
300.5,1,264.263,0.0245033
300,1,263.397,0.0242053
299.5,1,262.531,0.0238744
299,1,261.665,0.023564
298.5,1,260.799,0.0233069
298,1,259.933,0.023105
297.5,1,259.067,0.0229066
297,1,258.201,0.0226742
296.5,1,257.335,0.0223248
296,1,256.469,0.0219917
295.5,1,255.603,0.0216667
295,1,254.737,0.0213463
294.5,1,253.871,0.0210307
294,1,253.005,0.0207198
293.5,1,252.139,0.0203381
293,1,251.273,0.0199297
292.5,1,250.407,0.0195012
292,1,249.541,0.0189716
291.5,1,248.675,0.0183537
291,1,247.809,0.0176189
290.5,1,246.943,0.016727
290,1,246.077,0.0158241
289.5,1,245.211,0.0149365
289,1,244.345,0.0142047
288.5,1,243.479,0.0137086
288,1,242.613,0.0134482
287.5,1,241.747,0.0132672
287,1,240.881,0.0131764
286.5,1,240.015,0.0131063
286,1,239.149,0.0130547
285.5,1,238.283,0.0130663
285,1,237.417,0.0131255
284.5,1,236.551,0.0131523
284,1,235.685,0.013129
283.5,1,234.819,0.0130747
283,1,233.953,0.0129909
282.5,1,233.087,0.0130865
282,1,232.221,0.0131774
281.5,1,231.355,0.0132301
281,1,230.488,0.0131651
280.5,1,229.622,0.0130575
280,1,228.756,0.0130121
279.5,1,227.89,0.0131456
279,1,227.024,0.0133791
278.5,1,226.158,0.0135806
278,1,225.292,0.0138043
277.5,1,224.426,0.0141249
277,1,223.56,0.0144315
276.5,1,222.694,0.0146783
276,1,221.828,0.0147022
275.5,1,220.962,0.0147047
275,1,220.096,0.0146853
274.5,1,219.23,0.0146303
274,1,218.364,0.0145587
273.5,1,217.498,0.014475
273,1,216.632,0.0144357
272.5,1,215.766,0.0143944
272,1,214.9,0.0143434
271.5,1,214.034,0.0143471
271,1,213.168,0.0143856
270.5,1,212.302,0.0144385
270,1,211.436,0.0145226
269.5,1,210.57,0.0146179
269,1,209.704,0.0147172
268.5,1,208.838,0.0148104
268,1,207.972,0.0149056
267.5,1,207.106,0.0150224
267,1,206.24,0.0151679
266.5,1,205.374,0.0153486
266,1,204.508,0.0155358
265.5,1,203.642,0.0157216
265,1,202.776,0.0158662
264.5,1,201.91,0.0160168
264,1,201.044,0.0161735
263.5,1,200.178,0.016364
263,1,199.312,0.0165512
262.5,1,198.446,0.0167353
262,1,197.58,0.0168746
261.5,1,196.714,0.0169981
261,1,195.847,0.0171144
260.5,1,194.981,0.0172228
260,1,194.115,0.0173307
259.5,1,193.249,0.0174326
259,1,192.383,0.0175327
258.5,1,191.517,0.0176339
258,1,190.651,0.0177244
257.5,1,189.785,0.017807
257,1,188.919,0.0178763
256.5,1,188.053,0.0179384
256,1,187.187,0.0179899
255.5,1,186.321,0.0180159
255,1,185.455,0.0180398
254.5,1,184.589,0.018063
254,1,183.723,0.0180255
253.5,1,182.857,0.0179854
253,1,181.991,0.017944
252.5,1,181.125,0.0179229
252,1,180.259,0.0179178
251.5,1,179.393,0.0179256
251,1,178.527,0.0179102
250.5,1,177.661,0.017891
250,1,176.795,0.0178793
249.5,1,175.929,0.0178387
249,1,175.063,0.0177816
248.5,1,174.197,0.0177278
248,1,173.331,0.0176627
247.5,1,172.465,0.0175679
247,1,171.599,0.0174506
246.5,1,170.733,0.0173296
246,1,169.867,0.0172175
245.5,1,169.001,0.0171038
245,1,168.135,0.0169918
244.5,1,167.269,0.016934
244,1,166.403,0.0168195
243.5,1,165.537,0.0166726
243,1,164.671,0.0164915
242.5,1,163.805,0.0163009
242,1,162.939,0.0161025
241.5,1,162.072,0.0159458
241,1,161.206,0.0157963
240.5,1,160.34,0.0156598
240,1,159.474,0.0155211
239.5,1,158.608,0.0154006
239,1,157.742,0.0153107
238.5,1,156.876,0.0152333
238,1,156.01,0.0151543
237.5,1,155.144,0.0150795
237,1,154.278,0.0150645
236.5,1,153.412,0.0152282
236,1,152.546,0.0154069
235.5,1,151.68,0.015561
235,1,150.814,0.0153787
234.5,1,149.948,0.015189
234,1,149.082,0.0149919
233.5,1,148.216,0.0153336
233,1,147.35,0.0157151
232.5,1,146.484,0.0160916
232,1,145.618,0.016002
231.5,1,144.752,0.015797
231,1,143.886,0.0156159
230.5,1,143.02,0.0157381
230,1,142.154,0.0159799
229.5,1,141.288,0.0161664
229,1,140.422,0.016326
228.5,1,139.556,0.0165481
228,1,138.69,0.0168178
227.5,1,137.824,0.0168878
227,1,136.958,0.016356
226.5,1,136.092,0.0157894
226,1,135.226,0.015368
225.5,1,134.36,0.0160066
225,1,133.494,0.0166571
224.5,1,132.628,0.0172664
224,1,131.762,0.0166562
223.5,1,130.896,0.0160039
223,1,130.03,0.0153241
222.5,1,129.164,0.0157569
222,1,128.297,0.0164348
221.5,1,127.431,0.0171267
221,1,126.565,0.017039
220.5,1,125.699,0.0165509
220,1,124.833,0.0160427
219.5,1,123.967,0.0159999
219,1,123.101,0.0164037
218.5,1,122.235,0.0168138
218,1,121.369,0.016959
217.5,1,120.503,0.0166106
217,1,119.637,0.0162378
216.5,1,118.771,0.0159421
216,1,117.905,0.0160148
215.5,1,117.039,0.016095
215,1,116.173,0.0161684
214.5,1,115.307,0.0159238
214,1,114.441,0.0156799
213.5,1,113.575,0.0154494
213,1,112.709,0.0155096
212.5,1,111.843,0.0156004
212,1,110.977,0.0156852
211.5,1,110.111,0.0156568
211,1,109.245,0.0155886
210.5,1,108.379,0.0155209
210,1,107.513,0.0155039
209.5,1,106.647,0.0155263
209,1,105.781,0.0155495
208.5,1,104.915,0.0155677
208,1,104.049,0.0155808
207.5,1,103.183,0.0155944
207,1,102.317,0.0155925
206.5,1,101.451,0.0155443
206,1,100.585,0.0154928
205.5,1,99.7187,0.015434
205,1,98.8526,0.0153148
204.5,1,97.9866,0.0151956
204,1,97.1206,0.0150764
203.5,1,96.2546,0.015025
203,1,95.3885,0.0149755
202.5,1,94.5225,0.0149257
202,1,93.6565,0.0149159
201.5,1,92.7905,0.0149189
201,1,91.9244,0.0149239
200.5,1,91.0584,0.0149426
200,1,90.1924,0.0149741
