x,y,z,b
500,1,609.808,0.0115957
499.5,1,608.942,0.0115867
499,1,608.076,0.0115751
498.5,1,607.21,0.0115529
498,1,606.344,0.0115279
497.5,1,605.477,0.0115062
497,1,604.611,0.0115067
496.5,1,603.745,0.0115077
496,1,602.879,0.0115078
495.5,1,602.013,0.0114784
495,1,601.147,0.0114486
494.5,1,600.281,0.0114185
494,1,599.415,0.0114071
493.5,1,598.549,0.0113988
493,1,597.683,0.0113894
492.5,1,596.817,0.0113557
492,1,595.951,0.0113174
491.5,1,595.085,0.0112833
491,1,594.219,0.011263
490.5,1,593.353,0.01125
490,1,592.487,0.0112383
489.5,1,591.621,0.0112307
489,1,590.755,0.011225
488.5,1,589.889,0.0112171
488,1,589.023,0.0112119
487.5,1,588.157,0.011215
487,1,587.291,0.0112117
486.5,1,586.425,0.0112116
486,1,585.559,0.0112798
485.5,1,584.693,0.0113423
485,1,583.827,0.0113995
484.5,1,582.961,0.0114364
484,1,582.095,0.0114559
483.5,1,581.229,0.0114584
483,1,580.363,0.0114751
482.5,1,579.497,0.0115088
482,1,578.631,0.0115629
481.5,1,577.765,0.0116214
481,1,576.899,0.0116772
480.5,1,576.033,0.0117314
480,1,575.167,0.0117869
479.5,1,574.301,0.0118506
479,1,573.435,0.0119159
478.5,1,572.569,0.0119807
478,1,571.703,0.0120435
477.5,1,570.836,0.0121033
477,1,569.97,0.0121627
476.5,1,569.104,0.0122294
476,1,568.238,0.0122957
475.5,1,567.372,0.0123608
475,1,566.506,0.0123548
474.5,1,565.64,0.0123373
474,1,564.774,0.0123138
473.5,1,563.908,0.012287
473,1,563.042,0.0122526
472.5,1,562.176,0.01221
472,1,561.31,0.0122622
471.5,1,560.444,0.012368
471,1,559.578,0.0124867
470.5,1,558.712,0.0125365
470,1,557.846,0.0125176
469.5,1,556.98,0.0124911
469,1,556.114,0.0125282
468.5,1,555.248,0.0126885
468,1,554.382,0.0128552
467.5,1,553.516,0.0129699
467,1,552.65,0.0128839
466.5,1,551.784,0.012791
466,1,550.918,0.0127146
465.5,1,550.052,0.0129306
465,1,549.186,0.0131431
464.5,1,548.32,0.0133521
464,1,547.454,0.0132814
463.5,1,546.588,0.013184
463,1,545.722,0.0130907
462.5,1,544.856,0.0132
462,1,543.99,0.0133605
461.5,1,543.124,0.0135055
461,1,542.258,0.0134822
460.5,1,541.392,0.0133622
460,1,540.526,0.0132592
459.5,1,539.66,0.0133072
459,1,538.794,0.0135139
458.5,1,537.928,0.0136985
458,1,537.061,0.0137916
457.5,1,536.195,0.0137096
457,1,535.329,0.0136487
456.5,1,534.463,0.0136364
456,1,533.597,0.0138155
455.5,1,532.731,0.0139702
455,1,531.865,0.0141011
454.5,1,530.999,0.0140461
454,1,530.133,0.0139928
453.5,1,529.267,0.0139473
453,1,528.401,0.0138955
452.5,1,527.535,0.0138267
452,1,526.669,0.0137462
451.5,1,525.803,0.0136535
451,1,524.937,0.0135789
450.5,1,524.071,0.0135274
450,1,523.205,0.0135813
449.5,1,522.339,0.0137428
449,1,521.473,0.0139173
448.5,1,520.607,0.0140611
448,1,519.741,0.014134
447.5,1,518.875,0.0142075
447,1,518.009,0.0142841
446.5,1,517.143,0.014366
446,1,516.277,0.0144354
445.5,1,515.411,0.0144916
445,1,514.545,0.014503
444.5,1,513.679,0.0145083
444,1,512.813,0.0145161
443.5,1,511.947,0.0146546
443,1,511.081,0.0148202
442.5,1,510.215,0.0149936
442,1,509.349,0.0151045
441.5,1,508.483,0.015189
441,1,507.617,0.015273
440.5,1,506.751,0.0154025
440,1,505.885,0.0155587
439.5,1,505.019,0.0157013
439,1,504.153,0.0157353
438.5,1,503.286,0.0155837
438,1,502.42,0.0154115
437.5,1,501.554,0.0152332
437,1,500.688,0.0151004
436.5,1,499.822,0.015006
436,1,498.956,0.0149948
435.5,1,498.09,0.015428
435,1,497.224,0.0159392
434.5,1,496.358,0.0165282
434,1,495.492,0.0169855
433.5,1,494.626,0.0173743
433,1,493.76,0.0177559
432.5,1,492.894,0.018178
432,1,492.028,0.0187279
431.5,1,491.162,0.0194156
431,1,490.296,0.0203977
430.5,1,489.43,0.021442
430,1,488.564,0.0223528
429.5,1,487.698,0.0230245
429,1,486.832,0.0234656
428.5,1,485.966,0.023878
428,1,485.1,0.0242138
427.5,1,484.234,0.0243999
427,1,483.368,0.0246285
426.5,1,482.502,0.0249887
426,1,481.636,0.0259062
425.5,1,480.77,0.0268308
425,1,479.904,0.0277577
424.5,1,479.038,0.0289086
424,1,478.172,0.0300483
423.5,1,477.306,0.0311708
423,1,476.44,0.0319573
422.5,1,475.574,0.0326463
422,1,474.708,0.0331777
421.5,1,473.842,0.0332353
421,1,472.976,0.0329145
420.5,1,472.11,0.0323928
420,1,471.244,0.031648
419.5,1,470.378,0.0307114
419,1,469.512,0.0300669
418.5,1,468.645,0.0295975
418,1,467.779,0.0292498
417.5,1,466.913,0.0288423
417,1,466.047,0.0282965
416.5,1,465.181,0.027388
416,1,464.315,0.0264966
415.5,1,463.449,0.0256345
415,1,462.583,0.0251456
414.5,1,461.717,0.0246479
414,1,460.851,0.0241648
413.5,1,459.985,0.0238534
413,1,459.119,0.0235768
412.5,1,458.253,0.0233135
412,1,457.387,0.0231413
411.5,1,456.521,0.0230124
411,1,455.655,0.0229752
410.5,1,454.789,0.0231899
410,1,453.923,0.02361
409.5,1,453.057,0.0240641
409,1,452.191,0.0246367
408.5,1,451.325,0.025457
408,1,450.459,0.0264779
407.5,1,449.593,0.0277089
407,1,448.727,0.0291152
406.5,1,447.861,0.0304581
406,1,446.995,0.0316542
405.5,1,446.129,0.0319939
405,1,445.263,0.0322997
404.5,1,444.397,0.0325716
404,1,443.531,0.0327103
403.5,1,442.665,0.0328141
403,1,441.799,0.0328993
402.5,1,440.933,0.0331695
402,1,440.067,0.0335078
401.5,1,439.201,0.0338706
401,1,438.335,0.0341858
400.5,1,437.469,0.0344355
400,1,436.603,0.0343879
399.5,1,435.737,0.0347344
399,1,434.87,0.0352011
398.5,1,434.004,0.0353174
398,1,433.138,0.036124
397.5,1,432.272,0.0381768
397,1,431.406,0.0408194
396.5,1,430.54,0.0415626
396,1,429.674,0.0422089
395.5,1,428.808,0.0441589
395,1,427.942,0.0469342
394.5,1,427.076,0.0494322
394,1,426.21,0.0477842
393.5,1,425.344,0.0476343
393,1,424.478,0.0506198
392.5,1,423.612,0.0540852
392,1,422.746,0.0572906
391.5,1,421.88,0.0604015
391,1,421.014,0.0643856
390.5,1,420.148,0.0677167
390,1,419.282,0.0703959
389.5,1,418.416,0.0725127
389,1,417.55,0.074859
388.5,1,416.684,0.0757197
388,1,415.818,0.0768733
387.5,1,414.952,0.0781745
387,1,414.086,0.0798657
386.5,1,413.22,0.0816457
386,1,412.354,0.0835324
385.5,1,411.488,0.0843751
385,1,410.622,0.084708
384.5,1,409.756,0.0836176
384,1,408.89,0.081517
383.5,1,408.024,0.0791402
383,1,407.158,0.0773858
382.5,1,406.292,0.0769115
382,1,405.426,0.0774483
381.5,1,404.56,0.0796838
381,1,403.694,0.08199
380.5,1,402.828,0.0837803
380,1,401.962,0.0845223
379.5,1,401.095,0.0851258
379,1,400.229,0.0859701
378.5,1,399.363,0.0859679
378,1,398.497,0.0856633
377.5,1,397.631,0.0848773
377,1,396.765,0.0826934
376.5,1,395.899,0.0808906
376,1,395.033,0.0796496
375.5,1,394.167,0.0775879
375,1,393.301,0.0776075
374.5,1,392.435,0.0787352
374,1,391.569,0.0798292
373.5,1,390.703,0.0802211
373,1,389.837,0.080285
372.5,1,388.971,0.0799739
372,1,388.105,0.0796762
371.5,1,387.239,0.079292
371,1,386.373,0.0789635
370.5,1,385.507,0.0787904
370,1,384.641,0.0784902
369.5,1,383.775,0.0776981
369,1,382.909,0.076768
368.5,1,382.043,0.0750537
368,1,381.177,0.0739675
367.5,1,380.311,0.0721354
367,1,379.445,0.0685673
366.5,1,378.579,0.0657249
366,1,377.713,0.0611058
365.5,1,376.847,0.0560386
365,1,375.981,0.0502422
364.5,1,375.115,0.0478949
364,1,374.249,0.047165
363.5,1,373.383,0.043202
363,1,372.517,0.0391936
362.5,1,371.651,0.0371575
362,1,370.785,0.0356922
361.5,1,369.919,0.0339006
361,1,369.053,0.032188
360.5,1,368.187,0.0316704
360,1,367.321,0.0314201
359.5,1,366.454,0.029582
359,1,365.588,0.0278873
358.5,1,364.722,0.0295613
358,1,363.856,0.0308767
357.5,1,362.99,0.0313807
357,1,362.124,0.0317519
356.5,1,361.258,0.0320365
356,1,360.392,0.032124
355.5,1,359.526,0.0322057
355,1,358.66,0.0318002
354.5,1,357.794,0.0314033
354,1,356.928,0.0308598
353.5,1,356.062,0.02968
353,1,355.196,0.0289661
352.5,1,354.33,0.0285254
352,1,353.464,0.0285777
351.5,1,352.598,0.0277904
351,1,351.732,0.0279678
350.5,1,350.866,0.0274135
350,1,350,0.0266799
349.5,1,349.134,0.0265735
349,1,348.268,0.0279696
348.5,1,347.402,0.0296963
348,1,346.536,0.0310082
347.5,1,345.67,0.0312508
347,1,344.804,0.0292497
346.5,1,343.938,0.0241304
346,1,343.072,0.0230804
345.5,1,342.206,0.0221352
345,1,341.34,0.0205481
344.5,1,340.474,0.0203638
344,1,339.608,0.0206945
343.5,1,338.742,0.0209578
343,1,337.876,0.0209899
342.5,1,337.01,0.0208255
342,1,336.144,0.0207612
341.5,1,335.278,0.0208933
341,1,334.412,0.0213379
340.5,1,333.546,0.0218381
340,1,332.679,0.022407
339.5,1,331.813,0.0229535
339,1,330.947,0.0237898
338.5,1,330.081,0.0247791
338,1,329.215,0.0260188
337.5,1,328.349,0.0272749
337,1,327.483,0.028505
336.5,1,326.617,0.0299959
336,1,325.751,0.0314606
335.5,1,324.885,0.0325517
335,1,324.019,0.0332242
334.5,1,323.153,0.0340387
334,1,322.287,0.0355567
333.5,1,321.421,0.0360125
333,1,320.555,0.0367204
332.5,1,319.689,0.0371433
332,1,318.823,0.0375858
331.5,1,317.957,0.038398
331,1,317.091,0.0390275
330.5,1,316.225,0.0392675
330,1,315.359,0.0391378
329.5,1,314.493,0.038892
329,1,313.627,0.0390308
328.5,1,312.761,0.0398473
328,1,311.895,0.0412551
327.5,1,311.029,0.0431628
327,1,310.163,0.0428592
326.5,1,309.297,0.0426027
326,1,308.431,0.0430486
325.5,1,307.565,0.0438612
325,1,306.699,0.0444276
324.5,1,305.833,0.0448815
324,1,304.967,0.0452835
323.5,1,304.101,0.0456337
323,1,303.235,0.0459471
322.5,1,302.369,0.0461811
322,1,301.503,0.0462742
321.5,1,300.637,0.0462264
321,1,299.771,0.0460376
320.5,1,298.905,0.0457079
320,1,298.038,0.0452509
319.5,1,297.172,0.0463104
319,1,296.306,0.0473033
318.5,1,295.44,0.0481905
318,1,294.574,0.048972
317.5,1,293.708,0.0496476
317,1,292.842,0.0502176
316.5,1,291.976,0.0502631
316,1,291.11,0.0501893
315.5,1,290.244,0.0502106
315,1,289.378,0.0503269
314.5,1,288.512,0.0505384
314,1,287.646,0.0503017
313.5,1,286.78,0.0493811
313,1,285.914,0.0477201
312.5,1,285.048,0.0462078
312,1,284.182,0.0448441
311.5,1,283.316,0.0429996
311,1,282.45,0.0415782
310.5,1,281.584,0.0405415
310,1,280.718,0.0399675
309.5,1,279.852,0.0396869
309,1,278.986,0.0397056
308.5,1,278.12,0.0397442
308,1,277.254,0.0396536
307.5,1,276.388,0.0395849
307,1,275.522,0.0391355
306.5,1,274.656,0.0385293
306,1,273.79,0.0378935
305.5,1,272.924,0.0362456
305,1,272.058,0.0349684
304.5,1,271.192,0.03374
304,1,270.326,0.0323816
303.5,1,269.46,0.0309702
303,1,268.594,0.0294624
302.5,1,267.728,0.0279902
302,1,266.862,0.0266189
301.5,1,265.996,0.025846
301,1,265.13,0.0253866
300.5,1,264.263,0.0250883
300,1,263.397,0.0247039
299.5,1,262.531,0.0240256
299,1,261.665,0.0231731
298.5,1,260.799,0.0224957
298,1,259.933,0.021999
297.5,1,259.067,0.0214429
297,1,258.201,0.020795
296.5,1,257.335,0.0201064
296,1,256.469,0.0195131
295.5,1,255.603,0.0189318
295,1,254.737,0.0184325
294.5,1,253.871,0.017957
294,1,253.005,0.0175051
293.5,1,252.139,0.0170534
293,1,251.273,0.0166272
292.5,1,250.407,0.0162289
292,1,249.541,0.0158884
291.5,1,248.675,0.0155774
291,1,247.809,0.0152919
290.5,1,246.943,0.0150267
290,1,246.077,0.0147599
289.5,1,245.211,0.0144979
289,1,244.345,0.0142881
288.5,1,243.479,0.0141462
288,1,242.613,0.0140017
287.5,1,241.747,0.0138847
287,1,240.881,0.0138313
286.5,1,240.015,0.0137714
286,1,239.149,0.013717
285.5,1,238.283,0.0137404
285,1,237.417,0.0137648
284.5,1,236.551,0.0137969
284,1,235.685,0.0137472
283.5,1,234.819,0.0137032
283,1,233.953,0.0136681
282.5,1,233.087,0.0138544
282,1,232.221,0.0140677
281.5,1,231.355,0.0142641
281,1,230.488,0.0143985
280.5,1,229.622,0.0144968
280,1,228.756,0.0145776
279.5,1,227.89,0.0146306
279,1,227.024,0.0146598
278.5,1,226.158,0.0146805
278,1,225.292,0.0147018
277.5,1,224.426,0.0147426
277,1,223.56,0.0147831
276.5,1,222.694,0.0148233
276,1,221.828,0.0148205
275.5,1,220.962,0.0148188
275,1,220.096,0.0148219
274.5,1,219.23,0.0149743
274,1,218.364,0.0151326
273.5,1,217.498,0.0152986
273,1,216.632,0.0153157
272.5,1,215.766,0.015319
272,1,214.9,0.0153303
271.5,1,214.034,0.0153827
271,1,213.168,0.0154591
270.5,1,212.302,0.015539
270,1,211.436,0.0155386
269.5,1,210.57,0.0154746
269,1,209.704,0.0154051
268.5,1,208.838,0.0154044
268,1,207.972,0.0155131
267.5,1,207.106,0.015621
267,1,206.24,0.0156837
266.5,1,205.374,0.015604
266,1,204.508,0.0155207
265.5,1,203.642,0.0154519
265,1,202.776,0.015526
264.5,1,201.91,0.0155964
264,1,201.044,0.0156629
263.5,1,200.178,0.0155691
263,1,199.312,0.0154714
262.5,1,198.446,0.0153859
262,1,197.58,0.0154328
261.5,1,196.714,0.0155055
261,1,195.847,0.0155609
260.5,1,194.981,0.0155277
260,1,194.115,0.0154654
259.5,1,193.249,0.015423
259,1,192.383,0.0154118
258.5,1,191.517,0.0154042
258,1,190.651,0.0153825
257.5,1,189.785,0.0153604
257,1,188.919,0.0153766
256.5,1,188.053,0.0154155
256,1,187.187,0.0154752
255.5,1,186.321,0.0155199
255,1,185.455,0.0155464
254.5,1,184.589,0.0155523
254,1,183.723,0.0156069
253.5,1,182.857,0.0156763
253,1,181.991,0.0157593
252.5,1,181.125,0.0157043
252,1,180.259,0.0156114
251.5,1,179.393,0.0155121
251,1,178.527,0.0154859
250.5,1,177.661,0.0155075
250,1,176.795,0.0155403
249.5,1,175.929,0.0155108
249,1,175.063,0.0154064
248.5,1,174.197,0.0152935
248,1,173.331,0.0152207
247.5,1,172.465,0.015238
247,1,171.599,0.0152609
246.5,1,170.733,0.0152671
246,1,169.867,0.0151914
245.5,1,169.001,0.0151108
245,1,168.135,0.015029
244.5,1,167.269,0.0150503
244,1,166.403,0.0150784
243.5,1,165.537,0.0151112
243,1,164.671,0.015094
242.5,1,163.805,0.0150669
242,1,162.939,0.0150372
241.5,1,162.072,0.0150699
241,1,161.206,0.0151273
240.5,1,160.34,0.0151885
240,1,159.474,0.0152291
239.5,1,158.608,0.015243
239,1,157.742,0.0152468
238.5,1,156.876,0.0152721
238,1,156.01,0.0153442
237.5,1,155.144,0.0154207
237,1,154.278,0.0154837
236.5,1,153.412,0.0154864
236,1,152.546,0.0154745
235.5,1,151.68,0.0154515
235,1,150.814,0.0154314
234.5,1,149.948,0.0154114
234,1,149.082,0.0153918
233.5,1,148.216,0.0153205
233,1,147.35,0.0152393
232.5,1,146.484,0.0151549
232,1,145.618,0.0151205
231.5,1,144.752,0.0151026
231,1,143.886,0.015087
230.5,1,143.02,0.0150716
230,1,142.154,0.0150518
229.5,1,141.288,0.0150312
229,1,140.422,0.0150143
228.5,1,139.556,0.0150028
228,1,138.69,0.0149942
227.5,1,137.824,0.0149836
227,1,136.958,0.0149652
226.5,1,136.092,0.0149465
226,1,135.226,0.014928
225.5,1,134.36,0.0149137
225,1,133.494,0.0149012
224.5,1,132.628,0.0148882
224,1,131.762,0.0148751
223.5,1,130.896,0.0148625
223,1,130.03,0.0148507
222.5,1,129.164,0.0148444
222,1,128.297,0.0148383
221.5,1,127.431,0.0148306
221,1,126.565,0.0148296
220.5,1,125.699,0.014833
220,1,124.833,0.0148374
219.5,1,123.967,0.0148119
219,1,123.101,0.0147572
218.5,1,122.235,0.0147021
218,1,121.369,0.014668
217.5,1,120.503,0.014672
217,1,119.637,0.0146766
216.5,1,118.771,0.0146741
216,1,117.905,0.014644
215.5,1,117.039,0.0146134
215,1,116.173,0.0145861
214.5,1,115.307,0.0146438
214,1,114.441,0.0147028
213.5,1,113.575,0.0147597
213,1,112.709,0.0147401
212.5,1,111.843,0.0147156
212,1,110.977,0.0146961
211.5,1,110.111,0.0147055
211,1,109.245,0.0147174
210.5,1,108.379,0.0147212
210,1,107.513,0.0147069
209.5,1,106.647,0.0146892
209,1,105.781,0.0146798
208.5,1,104.915,0.0147
208,1,104.049,0.0147468
207.5,1,103.183,0.0147882
207,1,102.317,0.0148222
206.5,1,101.451,0.0148533
206,1,100.585,0.0148945
205.5,1,99.7187,0.0149338
205,1,98.8526,0.0149089
204.5,1,97.9866,0.0148797
204,1,97.1206,0.0148461
203.5,1,96.2546,0.0148456
203,1,95.3885,0.0148543
202.5,1,94.5225,0.0148691
202,1,93.6565,0.0148768
201.5,1,92.7905,0.014877
201,1,91.9244,0.0148723
200.5,1,91.0584,0.0148855
200,1,90.1924,0.0149114
