x,y,z,b
500,1,609.808,0.0123501
499.5,1,608.942,0.0123607
499,1,608.076,0.0123792
498.5,1,607.21,0.0124117
498,1,606.344,0.0124444
497.5,1,605.477,0.012477
497,1,604.611,0.012509
496.5,1,603.745,0.012541
496,1,602.879,0.012572
495.5,1,602.013,0.0125802
495,1,601.147,0.0125884
494.5,1,600.281,0.0125966
494,1,599.415,0.0125777
493.5,1,598.549,0.0125559
493,1,597.683,0.0125347
492.5,1,596.817,0.0125005
492,1,595.951,0.0124612
491.5,1,595.085,0.0124214
491,1,594.219,0.0123879
490.5,1,593.353,0.0123591
490,1,592.487,0.01233
489.5,1,591.621,0.0123013
489,1,590.755,0.0122739
488.5,1,589.889,0.0122461
488,1,589.023,0.0122197
487.5,1,588.157,0.0121978
487,1,587.291,0.0121765
486.5,1,586.425,0.0121581
486,1,585.559,0.0121582
485.5,1,584.693,0.0121587
485,1,583.827,0.0121613
484.5,1,582.961,0.0121741
484,1,582.095,0.0121866
483.5,1,581.229,0.0121984
483,1,580.363,0.0122025
482.5,1,579.497,0.012203
482,1,578.631,0.0122015
481.5,1,577.765,0.0122034
481,1,576.899,0.012207
480.5,1,576.033,0.0122094
480,1,575.167,0.012218
479.5,1,574.301,0.0122328
479,1,573.435,0.0122463
478.5,1,572.569,0.0122565
478,1,571.703,0.0122617
477.5,1,570.836,0.0122672
477,1,569.97,0.0122656
476.5,1,569.104,0.0122309
476,1,568.238,0.0121981
475.5,1,567.372,0.0121673
475,1,566.506,0.0121559
474.5,1,565.64,0.0121451
474,1,564.774,0.0121363
473.5,1,563.908,0.0121404
473,1,563.042,0.0121467
472.5,1,562.176,0.0121532
472,1,561.31,0.0121612
471.5,1,560.444,0.0121702
471,1,559.578,0.0121807
470.5,1,558.712,0.0121552
470,1,557.846,0.0120972
469.5,1,556.98,0.0120365
469,1,556.114,0.0119531
468.5,1,555.248,0.0118398
468,1,554.382,0.0117254
467.5,1,553.516,0.0116191
467,1,552.65,0.0115463
466.5,1,551.784,0.0114751
466,1,550.918,0.0114111
465.5,1,550.052,0.0113955
465,1,549.186,0.0113783
464.5,1,548.32,0.0113596
464,1,547.454,0.011366
463.5,1,546.588,0.011374
463,1,545.722,0.0113801
462.5,1,544.856,0.0113922
462,1,543.99,0.0114047
461.5,1,543.124,0.0114148
461,1,542.258,0.0114446
460.5,1,541.392,0.0114857
460,1,540.526,0.0115235
459.5,1,539.66,0.0115472
459,1,538.794,0.0115541
458.5,1,537.928,0.0115583
458,1,537.061,0.0115585
457.5,1,536.195,0.0115565
457,1,535.329,0.0115526
456.5,1,534.463,0.0115486
456,1,533.597,0.0115581
455.5,1,532.731,0.0115694
455,1,531.865,0.0115821
454.5,1,530.999,0.0116403
454,1,530.133,0.0116983
453.5,1,529.267,0.0117544
453,1,528.401,0.0119024
452.5,1,527.535,0.0120692
452,1,526.669,0.0122301
451.5,1,525.803,0.0124668
451,1,524.937,0.0127417
450.5,1,524.071,0.0130114
450,1,523.205,0.0133001
449.5,1,522.339,0.013607
449,1,521.473,0.0139052
448.5,1,520.607,0.0141603
448,1,519.741,0.0143411
447.5,1,518.875,0.0145164
447,1,518.009,0.014664
446.5,1,517.143,0.0147033
446,1,516.277,0.014738
445.5,1,515.411,0.0147663
445,1,514.545,0.0147126
444.5,1,513.679,0.0146567
444,1,512.813,0.0145919
443.5,1,511.947,0.0143974
443,1,511.081,0.0141829
442.5,1,510.215,0.013968
442,1,509.349,0.0137978
441.5,1,508.483,0.0136563
441,1,507.617,0.0135362
440.5,1,506.751,0.0134595
440,1,505.885,0.0134184
439.5,1,505.019,0.0133856
439,1,504.153,0.0134247
438.5,1,503.286,0.0135931
438,1,502.42,0.0137929
437.5,1,501.554,0.0141397
437,1,500.688,0.0149278
436.5,1,499.822,0.0157917
436,1,498.956,0.0166677
435.5,1,498.09,0.0173534
435,1,497.224,0.0183281
434.5,1,496.358,0.0184646
434,1,495.492,0.0187303
433.5,1,494.626,0.0191956
433,1,493.76,0.0199014
432.5,1,492.894,0.0205633
432,1,492.028,0.0211811
431.5,1,491.162,0.021755
431,1,490.296,0.0222848
430.5,1,489.43,0.0228182
430,1,488.564,0.0250167
429.5,1,487.698,0.0271058
429,1,486.832,0.0290673
428.5,1,485.966,0.0300045
428,1,485.1,0.0311133
427.5,1,484.234,0.0318678
427,1,483.368,0.0326421
426.5,1,482.502,0.0333692
426,1,481.636,0.0337118
425.5,1,480.77,0.0326457
425,1,479.904,0.0338058
424.5,1,479.038,0.0356564
424,1,478.172,0.0378814
423.5,1,477.306,0.0385943
423,1,476.44,0.0383828
422.5,1,475.574,0.0376518
422,1,474.708,0.0374644
421.5,1,473.842,0.0380211
421,1,472.976,0.0384225
420.5,1,472.11,0.0387421
420,1,471.244,0.0395865
419.5,1,470.378,0.0421047
419,1,469.512,0.044513
418.5,1,468.645,0.0459991
418,1,467.779,0.0469217
417.5,1,466.913,0.0476264
417,1,466.047,0.0480574
416.5,1,465.181,0.047531
416,1,464.315,0.0469303
415.5,1,463.449,0.0456482
415,1,462.583,0.0450506
414.5,1,461.717,0.0444366
414,1,460.851,0.0439632
413.5,1,459.985,0.0436326
413,1,459.119,0.0445843
412.5,1,458.253,0.0441196
412,1,457.387,0.0432532
411.5,1,456.521,0.0421863
411,1,455.655,0.0419529
410.5,1,454.789,0.0411733
410,1,453.923,0.0397102
409.5,1,453.057,0.0378831
409,1,452.191,0.0362299
408.5,1,451.325,0.0357733
408,1,450.459,0.0355928
407.5,1,449.593,0.0353347
407,1,448.727,0.0349624
406.5,1,447.861,0.0345415
406,1,446.995,0.0341328
405.5,1,446.129,0.0343409
405,1,445.263,0.0340269
404.5,1,444.397,0.0340922
404,1,443.531,0.034433
403.5,1,442.665,0.0355398
403,1,441.799,0.0358547
402.5,1,440.933,0.0361766
402,1,440.067,0.0364151
401.5,1,439.201,0.036553
401,1,438.335,0.0362646
400.5,1,437.469,0.0354951
400,1,436.603,0.0348186
399.5,1,435.737,0.0344805
399,1,434.87,0.0344723
398.5,1,434.004,0.0342577
398,1,433.138,0.0343443
397.5,1,432.272,0.0355302
397,1,431.406,0.0365141
396.5,1,430.54,0.0370232
396,1,429.674,0.0369637
395.5,1,428.808,0.0369594
395,1,427.942,0.0371438
394.5,1,427.076,0.0384191
394,1,426.21,0.0387896
393.5,1,425.344,0.0394184
393,1,424.478,0.0410303
392.5,1,423.612,0.0430819
392,1,422.746,0.0440269
391.5,1,421.88,0.0438544
391,1,421.014,0.0521996
390.5,1,420.148,0.0541377
390,1,419.282,0.055331
389.5,1,418.416,0.0558314
389,1,417.55,0.0561204
388.5,1,416.684,0.0561943
388,1,415.818,0.0560235
387.5,1,414.952,0.0557712
387,1,414.086,0.0553327
386.5,1,413.22,0.0543284
386,1,412.354,0.0509397
385.5,1,411.488,0.0489968
385,1,410.622,0.0481039
384.5,1,409.756,0.0489526
384,1,408.89,0.0497703
383.5,1,408.024,0.0503359
383,1,407.158,0.0499109
382.5,1,406.292,0.0493981
382,1,405.426,0.04914
381.5,1,404.56,0.0505584
381,1,403.694,0.0518953
380.5,1,402.828,0.0532776
380,1,401.962,0.0549448
379.5,1,401.095,0.0567815
379,1,400.229,0.0589312
378.5,1,399.363,0.0633754
378,1,398.497,0.0682911
377.5,1,397.631,0.0713729
377,1,396.765,0.072241
376.5,1,395.899,0.072641
376,1,395.033,0.072448
375.5,1,394.167,0.0701225
375,1,393.301,0.0680097
374.5,1,392.435,0.0648958
374,1,391.569,0.0617172
373.5,1,390.703,0.0635001
373,1,389.837,0.0660837
372.5,1,388.971,0.0690806
372,1,388.105,0.085764
371.5,1,387.239,0.104362
371,1,386.373,0.108232
370.5,1,385.507,0.102875
370,1,384.641,0.0987485
369.5,1,383.775,0.0967382
369,1,382.909,0.097166
368.5,1,382.043,0.0975132
368,1,381.177,0.0964414
367.5,1,380.311,0.0930859
367,1,379.445,0.0896339
366.5,1,378.579,0.0862855
366,1,377.713,0.0811276
365.5,1,376.847,0.0792193
365,1,375.981,0.0777503
364.5,1,375.115,0.0767206
364,1,374.249,0.0761263
363.5,1,373.383,0.0755962
363,1,372.517,0.0748531
362.5,1,371.651,0.0746508
362,1,370.785,0.0740103
361.5,1,369.919,0.0741193
361,1,369.053,0.0742549
360.5,1,368.187,0.0740177
360,1,367.321,0.0724683
359.5,1,366.454,0.0714238
359,1,365.588,0.0721292
358.5,1,364.722,0.0713856
358,1,363.856,0.0696619
357.5,1,362.99,0.0700205
357,1,362.124,0.0709028
356.5,1,361.258,0.0687175
356,1,360.392,0.059295
355.5,1,359.526,0.0580802
355,1,358.66,0.0548062
354.5,1,357.794,0.0572446
354,1,356.928,0.0589399
353.5,1,356.062,0.0609478
353,1,355.196,0.0626392
352.5,1,354.33,0.0629128
352,1,353.464,0.0616943
351.5,1,352.598,0.0587407
351,1,351.732,0.055773
350.5,1,350.866,0.0512442
350,1,350,0.0489135
349.5,1,349.134,0.0462461
349,1,348.268,0.0455203
348.5,1,347.402,0.0470239
348,1,346.536,0.0499253
347.5,1,345.67,0.0500329
347,1,344.804,0.0478279
346.5,1,343.938,0.044519
346,1,343.072,0.0394529
345.5,1,342.206,0.0345987
345,1,341.34,0.0271643
344.5,1,340.474,0.0228181
344,1,339.608,0.0198488
343.5,1,338.742,0.0186088
343,1,337.876,0.0182213
342.5,1,337.01,0.0182727
342,1,336.144,0.0177332
341.5,1,335.278,0.0169098
341,1,334.412,0.0164841
340.5,1,333.546,0.0162836
340,1,332.679,0.0159753
339.5,1,331.813,0.0154484
339,1,330.947,0.0151539
338.5,1,330.081,0.0150214
338,1,329.215,0.0152678
337.5,1,328.349,0.0156708
337,1,327.483,0.0160339
336.5,1,326.617,0.0164251
336,1,325.751,0.0166899
335.5,1,324.885,0.0165973
335,1,324.019,0.0169106
334.5,1,323.153,0.0171415
334,1,322.287,0.0174767
333.5,1,321.421,0.0177731
333,1,320.555,0.0177997
332.5,1,319.689,0.016936
332,1,318.823,0.0161892
331.5,1,317.957,0.0152477
331,1,317.091,0.0167282
330.5,1,316.225,0.0184817
330,1,315.359,0.0206999
329.5,1,314.493,0.0222232
329,1,313.627,0.0236732
328.5,1,312.761,0.0239382
328,1,311.895,0.0224123
327.5,1,311.029,0.020293
327,1,310.163,0.0206733
326.5,1,309.297,0.0212065
326,1,308.431,0.0218083
325.5,1,307.565,0.0223963
325,1,306.699,0.0228125
324.5,1,305.833,0.0223826
324,1,304.967,0.022514
323.5,1,304.101,0.0225386
323,1,303.235,0.0223807
322.5,1,302.369,0.022056
322,1,301.503,0.0214314
321.5,1,300.637,0.0208521
321,1,299.771,0.0195898
320.5,1,298.905,0.0179169
320,1,298.038,0.0162002
319.5,1,297.172,0.0147202
319,1,296.306,0.0136821
318.5,1,295.44,0.0131954
318,1,294.574,0.0129632
317.5,1,293.708,0.0129848
317,1,292.842,0.0129273
316.5,1,291.976,0.0128296
316,1,291.11,0.0126616
315.5,1,290.244,0.0127191
315,1,289.378,0.0134602
314.5,1,288.512,0.0139045
314,1,287.646,0.014169
313.5,1,286.78,0.0136163
313,1,285.914,0.0133938
312.5,1,285.048,0.0137295
312,1,284.182,0.0140144
311.5,1,283.316,0.0137155
311,1,282.45,0.0138331
310.5,1,281.584,0.0134958
310,1,280.718,0.0132151
309.5,1,279.852,0.0132777
309,1,278.986,0.0137016
308.5,1,278.12,0.0141564
308,1,277.254,0.0139198
307.5,1,276.388,0.0140772
307,1,275.522,0.0145001
306.5,1,274.656,0.0143267
306,1,273.79,0.0141411
305.5,1,272.924,0.0140011
305,1,272.058,0.0140095
304.5,1,271.192,0.0143141
304,1,270.326,0.0153258
303.5,1,269.46,0.0153507
303,1,268.594,0.0154782
302.5,1,267.728,0.0154854
302,1,266.862,0.01534
301.5,1,265.996,0.015133
301,1,265.13,0.0149522
300.5,1,264.263,0.0147876
300,1,263.397,0.0146489
299.5,1,262.531,0.0145194
299,1,261.665,0.0143813
298.5,1,260.799,0.0142845
298,1,259.933,0.0142418
297.5,1,259.067,0.0141963
297,1,258.201,0.0141566
296.5,1,257.335,0.0141415
296,1,256.469,0.014122
295.5,1,255.603,0.0141012
295,1,254.737,0.0140567
294.5,1,253.871,0.0140102
294,1,253.005,0.0139619
293.5,1,252.139,0.0139217
293,1,251.273,0.0138841
292.5,1,250.407,0.0138484
292,1,249.541,0.0138401
291.5,1,248.675,0.0138412
291,1,247.809,0.0138455
290.5,1,246.943,0.0138691
290,1,246.077,0.0139029
289.5,1,245.211,0.0139361
289,1,244.345,0.0139772
288.5,1,243.479,0.0140272
288,1,242.613,0.0140759
287.5,1,241.747,0.0141264
287,1,240.881,0.014188
286.5,1,240.015,0.0142466
286,1,239.149,0.0142968
285.5,1,238.283,0.0143064
285,1,237.417,0.0143135
284.5,1,236.551,0.0143178
284,1,235.685,0.0143043
283.5,1,234.819,0.0142902
283,1,233.953,0.014276
282.5,1,233.087,0.0142514
282,1,232.221,0.0142247
281.5,1,231.355,0.0141991
281,1,230.488,0.0141809
280.5,1,229.622,0.0141671
280,1,228.756,0.0141569
279.5,1,227.89,0.0141425
279,1,227.024,0.0141203
278.5,1,226.158,0.0140971
278,1,225.292,0.0140757
277.5,1,224.426,0.0140597
277,1,223.56,0.014047
276.5,1,222.694,0.0140284
276,1,221.828,0.0139822
275.5,1,220.962,0.0139354
275,1,220.096,0.0138885
274.5,1,219.23,0.0138645
274,1,218.364,0.0138427
273.5,1,217.498,0.0138214
273,1,216.632,0.0138044
272.5,1,215.766,0.0137887
272,1,214.9,0.0137742
271.5,1,214.034,0.0137704
271,1,213.168,0.013769
270.5,1,212.302,0.013767
270,1,211.436,0.0137554
269.5,1,210.57,0.0137347
269,1,209.704,0.0137123
268.5,1,208.838,0.013696
268,1,207.972,0.0136901
267.5,1,207.106,0.0136825
267,1,206.24,0.0136727
266.5,1,205.374,0.0136596
266,1,204.508,0.0136455
265.5,1,203.642,0.0136309
265,1,202.776,0.0136224
264.5,1,201.91,0.0136138
264,1,201.044,0.0136049
263.5,1,200.178,0.0135644
263,1,199.312,0.0135233
262.5,1,198.446,0.0134845
262,1,197.58,0.0134633
261.5,1,196.714,0.0134478
261,1,195.847,0.0134327
260.5,1,194.981,0.0134283
260,1,194.115,0.0134317
259.5,1,193.249,0.0134355
259,1,192.383,0.0134414
258.5,1,191.517,0.0134493
258,1,190.651,0.0134519
257.5,1,189.785,0.0134503
257,1,188.919,0.0134431
256.5,1,188.053,0.013435
256,1,187.187,0.0134239
255.5,1,186.321,0.0133977
255,1,185.455,0.0133701
254.5,1,184.589,0.0133452
254,1,183.723,0.0133514
253.5,1,182.857,0.0133559
253,1,181.991,0.013358
252.5,1,181.125,0.0133695
252,1,180.259,0.0133858
251.5,1,179.393,0.0134047
251,1,178.527,0.0134191
250.5,1,177.661,0.0134284
250,1,176.795,0.0134345
249.5,1,175.929,0.0134393
249,1,175.063,0.0134451
248.5,1,174.197,0.0134506
248,1,173.331,0.0134619
247.5,1,172.465,0.0134844
247,1,171.599,0.0135055
246.5,1,170.733,0.0135283
246,1,169.867,0.0135602
245.5,1,169.001,0.0135925
245,1,168.135,0.0136247
244.5,1,167.269,0.0136434
244,1,166.403,0.0136606
243.5,1,165.537,0.0136775
243,1,164.671,0.0136712
242.5,1,163.805,0.0136624
242,1,162.939,0.0136545
241.5,1,162.072,0.013649
241,1,161.206,0.0136464
240.5,1,160.34,0.0136433
240,1,159.474,0.0136393
239.5,1,158.608,0.0136335
239,1,157.742,0.0136252
238.5,1,156.876,0.0136186
238,1,156.01,0.0136169
237.5,1,155.144,0.013615
237,1,154.278,0.0136067
236.5,1,153.412,0.0135783
236,1,152.546,0.0135461
235.5,1,151.68,0.0135169
235,1,150.814,0.0135136
234.5,1,149.948,0.0135093
234,1,149.082,0.0135038
233.5,1,148.216,0.0134531
233,1,147.35,0.0133981
232.5,1,146.484,0.0133437
232,1,145.618,0.0133194
231.5,1,144.752,0.0133036
231,1,143.886,0.0132873
230.5,1,143.02,0.0132486
230,1,142.154,0.0132008
229.5,1,141.288,0.0131569
229,1,140.422,0.0131294
228.5,1,139.556,0.0131176
228,1,138.69,0.0131064
227.5,1,137.824,0.0130952
227,1,136.958,0.0130875
226.5,1,136.092,0.0130846
226,1,135.226,0.0130862
225.5,1,134.36,0.013088
225,1,133.494,0.01309
224.5,1,132.628,0.0130912
224,1,131.762,0.0130828
223.5,1,130.896,0.0130762
223,1,130.03,0.0130716
222.5,1,129.164,0.0130773
222,1,128.297,0.0130843
221.5,1,127.431,0.0130907
221,1,126.565,0.0130888
220.5,1,125.699,0.0130841
220,1,124.833,0.0130804
219.5,1,123.967,0.0130807
219,1,123.101,0.0130834
218.5,1,122.235,0.0130853
218,1,121.369,0.0130797
217.5,1,120.503,0.0130629
217,1,119.637,0.0130475
216.5,1,118.771,0.0130371
216,1,117.905,0.0130403
215.5,1,117.039,0.0130427
215,1,116.173,0.0130434
214.5,1,115.307,0.0130267
214,1,114.441,0.0130108
213.5,1,113.575,0.0129958
213,1,112.709,0.0129967
212.5,1,111.843,0.0129989
212,1,110.977,0.0130002
211.5,1,110.111,0.012975
211,1,109.245,0.0129416
210.5,1,108.379,0.0129096
210,1,107.513,0.0129012
209.5,1,106.647,0.012909
209,1,105.781,0.0129156
208.5,1,104.915,0.0129088
208,1,104.049,0.0128856
207.5,1,103.183,0.0128644
207,1,102.317,0.0128548
206.5,1,101.451,0.0128731
206,1,100.585,0.0128896
205.5,1,99.7187,0.0128997
205,1,98.8526,0.0128721
204.5,1,97.9866,0.0128469
204,1,97.1206,0.0128241
203.5,1,96.2546,0.0128459
203,1,95.3885,0.012868
202.5,1,94.5225,0.0128874
202,1,93.6565,0.0128695
201.5,1,92.7905,0.0128442
201,1,91.9244,0.0128215
200.5,1,91.0584,0.0128303
200,1,90.1924,0.0128541
