x,y,z,b
500,1,609.808,0.0127539
499.5,1,608.942,0.0127542
499,1,608.076,0.0127544
498.5,1,607.21,0.012754
498,1,606.344,0.0127537
497.5,1,605.477,0.0127536
497,1,604.611,0.0127542
496.5,1,603.745,0.0127548
496,1,602.879,0.0127552
495.5,1,602.013,0.0127556
495,1,601.147,0.012756
494.5,1,600.281,0.0127564
494,1,599.415,0.0127562
493.5,1,598.549,0.0127558
493,1,597.683,0.0127549
492.5,1,596.817,0.0127529
492,1,595.951,0.0127507
491.5,1,595.085,0.0127485
491,1,594.219,0.0127465
490.5,1,593.353,0.0127445
490,1,592.487,0.0127426
489.5,1,591.621,0.0127404
489,1,590.755,0.0127382
488.5,1,589.889,0.0127359
488,1,589.023,0.0127338
487.5,1,588.157,0.0127321
487,1,587.291,0.0127304
486.5,1,586.425,0.0127288
486,1,585.559,0.0127276
485.5,1,584.693,0.0127264
485,1,583.827,0.0127252
484.5,1,582.961,0.012725
484,1,582.095,0.0127248
483.5,1,581.229,0.0127247
483,1,580.363,0.0127258
482.5,1,579.497,0.0127272
482,1,578.631,0.0127287
481.5,1,577.765,0.0127286
481,1,576.899,0.0127277
480.5,1,576.033,0.0127268
480,1,575.167,0.0127252
479.5,1,574.301,0.012723
479,1,573.435,0.0127208
478.5,1,572.569,0.0127188
478,1,571.703,0.0127173
477.5,1,570.836,0.0127157
477,1,569.97,0.0127142
476.5,1,569.104,0.0127124
476,1,568.238,0.0127106
475.5,1,567.372,0.0127087
475,1,566.506,0.0127066
474.5,1,565.64,0.0127045
474,1,564.774,0.0127026
473.5,1,563.908,0.012701
473,1,563.042,0.0126994
472.5,1,562.176,0.0126978
472,1,561.31,0.0126974
471.5,1,560.444,0.0126978
471,1,559.578,0.0126984
470.5,1,558.712,0.0126995
470,1,557.846,0.0127011
469.5,1,556.98,0.012703
469,1,556.114,0.0127039
468.5,1,555.248,0.0127039
468,1,554.382,0.012704
467.5,1,553.516,0.0127039
467,1,552.65,0.012703
466.5,1,551.784,0.0127023
466,1,550.918,0.0127019
465.5,1,550.052,0.0127013
465,1,549.186,0.0127007
464.5,1,548.32,0.0127001
464,1,547.454,0.012699
463.5,1,546.588,0.0126977
463,1,545.722,0.0126958
462.5,1,544.856,0.0126945
462,1,543.99,0.0126934
461.5,1,543.124,0.0126921
461,1,542.258,0.0126909
460.5,1,541.392,0.0126898
460,1,540.526,0.0126885
459.5,1,539.66,0.0126879
459,1,538.794,0.0126882
458.5,1,537.928,0.0126885
458,1,537.061,0.0126893
457.5,1,536.195,0.0126914
457,1,535.329,0.0126935
456.5,1,534.463,0.0126951
456,1,533.597,0.0126927
455.5,1,532.731,0.01269
455,1,531.865,0.0126866
454.5,1,530.999,0.0126782
454,1,530.133,0.0126696
453.5,1,529.267,0.012661
453,1,528.401,0.0126524
452.5,1,527.535,0.0126438
452,1,526.669,0.0126353
451.5,1,525.803,0.0126277
451,1,524.937,0.0126206
450.5,1,524.071,0.0126136
450,1,523.205,0.0126078
449.5,1,522.339,0.0126034
449,1,521.473,0.0125994
448.5,1,520.607,0.0125953
448,1,519.741,0.0125911
447.5,1,518.875,0.0125868
447,1,518.009,0.0125824
446.5,1,517.143,0.0125784
446,1,516.277,0.0125743
445.5,1,515.411,0.0125702
445,1,514.545,0.0125688
444.5,1,513.679,0.0125673
444,1,512.813,0.0125668
443.5,1,511.947,0.0125676
443,1,511.081,0.0125688
442.5,1,510.215,0.0125701
442,1,509.349,0.0125658
441.5,1,508.483,0.0125589
441,1,507.617,0.0125525
440.5,1,506.751,0.0125455
440,1,505.885,0.0125381
439.5,1,505.019,0.0125308
439,1,504.153,0.0125253
438.5,1,503.286,0.0125224
438,1,502.42,0.0125195
437.5,1,501.554,0.0125176
437,1,500.688,0.0125189
436.5,1,499.822,0.0125202
436,1,498.956,0.0125211
435.5,1,498.09,0.0125186
435,1,497.224,0.0125161
434.5,1,496.358,0.0125136
434,1,495.492,0.0125108
433.5,1,494.626,0.0125079
433,1,493.76,0.0125046
432.5,1,492.894,0.0125041
432,1,492.028,0.0125043
431.5,1,491.162,0.0125044
431,1,490.296,0.0125026
430.5,1,489.43,0.0124992
430,1,488.564,0.0124953
429.5,1,487.698,0.0124885
429,1,486.832,0.0124783
428.5,1,485.966,0.0124681
428,1,485.1,0.0124572
427.5,1,484.234,0.0124441
427,1,483.368,0.0124307
426.5,1,482.502,0.0124184
426,1,481.636,0.0124133
425.5,1,480.77,0.0124078
425,1,479.904,0.0124017
424.5,1,479.038,0.0123942
424,1,478.172,0.0123855
423.5,1,477.306,0.0123756
423,1,476.44,0.0123562
422.5,1,475.574,0.0123333
422,1,474.708,0.0123111
421.5,1,473.842,0.0122988
421,1,472.976,0.0122911
420.5,1,472.11,0.0122825
420,1,471.244,0.0122906
419.5,1,470.378,0.0123143
419,1,469.512,0.012334
418.5,1,468.645,0.0123532
418,1,467.779,0.0123767
417.5,1,466.913,0.0124005
417,1,466.047,0.0124224
416.5,1,465.181,0.0124258
416,1,464.315,0.0124254
415.5,1,463.449,0.0124226
415,1,462.583,0.0124402
414.5,1,461.717,0.0124237
414,1,460.851,0.012395
413.5,1,459.985,0.0124966
413,1,459.119,0.0125846
412.5,1,458.253,0.0126399
412,1,457.387,0.0128397
411.5,1,456.521,0.0130722
411,1,455.655,0.0132903
410.5,1,454.789,0.0135568
410,1,453.923,0.0138375
409.5,1,453.057,0.014046
409,1,452.191,0.0145542
408.5,1,451.325,0.0156709
408,1,450.459,0.0168188
407.5,1,449.593,0.0181072
407,1,448.727,0.0198888
406.5,1,447.861,0.0223449
406,1,446.995,0.022801
405.5,1,446.129,0.0231705
405,1,445.263,0.0234812
404.5,1,444.397,0.0237415
404,1,443.531,0.0239275
403.5,1,442.665,0.0239571
403,1,441.799,0.0235746
402.5,1,440.933,0.0236529
402,1,440.067,0.024002
401.5,1,439.201,0.0243954
401,1,438.335,0.0268618
400.5,1,437.469,0.029882
400,1,436.603,0.0321826
399.5,1,435.737,0.0351346
399,1,434.87,0.0368192
398.5,1,434.004,0.0386246
398,1,433.138,0.0449037
397.5,1,432.272,0.051511
397,1,431.406,0.0587246
396.5,1,430.54,0.0630323
396,1,429.674,0.0630812
395.5,1,428.808,0.0631422
395,1,427.942,0.0632575
394.5,1,427.076,0.0615229
394,1,426.21,0.0590458
393.5,1,425.344,0.0579967
393,1,424.478,0.0576816
392.5,1,423.612,0.0576689
392,1,422.746,0.0573368
391.5,1,421.88,0.0566976
391,1,421.014,0.0563729
390.5,1,420.148,0.056049
390,1,419.282,0.0554655
389.5,1,418.416,0.0548025
389,1,417.55,0.0541381
388.5,1,416.684,0.0534853
388,1,415.818,0.0528113
387.5,1,414.952,0.0519285
387,1,414.086,0.0510947
386.5,1,413.22,0.0503979
386,1,412.354,0.0497384
385.5,1,411.488,0.0501204
385,1,410.622,0.0510948
384.5,1,409.756,0.0521644
384,1,408.89,0.0547331
383.5,1,408.024,0.0556777
383,1,407.158,0.0563636
382.5,1,406.292,0.0570287
382,1,405.426,0.0576064
381.5,1,404.56,0.0581357
381,1,403.694,0.0587983
380.5,1,402.828,0.0598754
380,1,401.962,0.0615525
379.5,1,401.095,0.0636716
379,1,400.229,0.0662189
378.5,1,399.363,0.0688176
378,1,398.497,0.0713724
377.5,1,397.631,0.0735195
377,1,396.765,0.0748725
376.5,1,395.899,0.0760365
376,1,395.033,0.0773205
375.5,1,394.167,0.081892
375,1,393.301,0.086041
374.5,1,392.435,0.0897228
374,1,391.569,0.0864622
373.5,1,390.703,0.0748033
373,1,389.837,0.0666157
372.5,1,388.971,0.0632466
372,1,388.105,0.0715134
371.5,1,387.239,0.0775619
371,1,386.373,0.0787468
370.5,1,385.507,0.0787962
370,1,384.641,0.0769165
369.5,1,383.775,0.0747456
369,1,382.909,0.0723162
368.5,1,382.043,0.0692149
368,1,381.177,0.0654393
367.5,1,380.311,0.0621293
367,1,379.445,0.0579101
366.5,1,378.579,0.0528574
366,1,377.713,0.0458387
365.5,1,376.847,0.0400093
365,1,375.981,0.0355335
364.5,1,375.115,0.0312704
364,1,374.249,0.0275963
363.5,1,373.383,0.0243143
363,1,372.517,0.0218247
362.5,1,371.651,0.0240558
362,1,370.785,0.0280872
361.5,1,369.919,0.0329677
361,1,369.053,0.037222
360.5,1,368.187,0.0397056
360,1,367.321,0.0406482
359.5,1,366.454,0.0409105
359,1,365.588,0.0388608
358.5,1,364.722,0.0373519
358,1,363.856,0.0338209
357.5,1,362.99,0.0301061
357,1,362.124,0.0267511
356.5,1,361.258,0.023736
356,1,360.392,0.0224357
355.5,1,359.526,0.0207975
355,1,358.66,0.0193249
354.5,1,357.794,0.0177124
354,1,356.928,0.0172209
353.5,1,356.062,0.0159361
353,1,355.196,0.0142431
352.5,1,354.33,0.0122229
352,1,353.464,0.00897226
351.5,1,352.598,0.00471379
351,1,351.732,0.00126978
350.5,1,350.866,0.000784656
350,1,350,0.00164403
349.5,1,349.134,0.00240932
349,1,348.268,0.00348384
348.5,1,347.402,0.00538958
348,1,346.536,0.0079806
347.5,1,345.67,0.0101681
347,1,344.804,0.0118106
346.5,1,343.938,0.0131297
346,1,343.072,0.014063
345.5,1,342.206,0.0142337
345,1,341.34,0.0143581
344.5,1,340.474,0.014455
344,1,339.608,0.0144207
343.5,1,338.742,0.014357
343,1,337.876,0.0142707
342.5,1,337.01,0.0142608
342,1,336.144,0.0142719
341.5,1,335.278,0.014282
341,1,334.412,0.0142558
340.5,1,333.546,0.0141964
340,1,332.679,0.0141285
339.5,1,331.813,0.0140978
339,1,330.947,0.0140984
338.5,1,330.081,0.014084
338,1,329.215,0.0140383
337.5,1,328.349,0.0139398
337,1,327.483,0.0138299
336.5,1,326.617,0.0137253
336,1,325.751,0.0136411
335.5,1,324.885,0.0135531
335,1,324.019,0.0134613
334.5,1,323.153,0.0134016
334,1,322.287,0.0133472
333.5,1,321.421,0.0132984
333,1,320.555,0.013264
332.5,1,319.689,0.013238
332,1,318.823,0.0132201
331.5,1,317.957,0.0132049
331,1,317.091,0.0131949
330.5,1,316.225,0.0131925
330,1,315.359,0.0132044
329.5,1,314.493,0.0132283
329,1,313.627,0.0132517
328.5,1,312.761,0.0132586
328,1,311.895,0.0132434
327.5,1,311.029,0.0132343
327,1,310.163,0.0132289
326.5,1,309.297,0.0132164
326,1,308.431,0.0132056
325.5,1,307.565,0.0131969
325,1,306.699,0.0131772
324.5,1,305.833,0.0131585
324,1,304.967,0.0131407
323.5,1,304.101,0.0131261
323,1,303.235,0.0131148
322.5,1,302.369,0.0131066
322,1,301.503,0.0131047
321.5,1,300.637,0.0131059
321,1,299.771,0.0131093
320.5,1,298.905,0.0131175
320,1,298.038,0.0131287
319.5,1,297.172,0.0131412
319,1,296.306,0.0131523
318.5,1,295.44,0.01316
318,1,294.574,0.0131676
317.5,1,293.708,0.0131758
317,1,292.842,0.0131857
316.5,1,291.976,0.0131962
316,1,291.11,0.0132071
315.5,1,290.244,0.0132196
315,1,289.378,0.0132328
314.5,1,288.512,0.0132465
314,1,287.646,0.0132611
313.5,1,286.78,0.0132748
313,1,285.914,0.0132879
312.5,1,285.048,0.0133034
312,1,284.182,0.0133184
311.5,1,283.316,0.0133323
311,1,282.45,0.0133423
310.5,1,281.584,0.0133499
310,1,280.718,0.0133567
309.5,1,279.852,0.0133657
309,1,278.986,0.0133769
308.5,1,278.12,0.0133879
308,1,277.254,0.0133984
307.5,1,276.388,0.0134078
307,1,275.522,0.0134161
306.5,1,274.656,0.0134235
306,1,273.79,0.0134297
305.5,1,272.924,0.0134342
305,1,272.058,0.013437
304.5,1,271.192,0.0134374
304,1,270.326,0.0134369
303.5,1,269.46,0.0134354
303,1,268.594,0.0134305
302.5,1,267.728,0.0134242
302,1,266.862,0.0134169
301.5,1,265.996,0.013406
301,1,265.13,0.0133934
300.5,1,264.263,0.0133803
300,1,263.397,0.0133611
299.5,1,262.531,0.0133365
299,1,261.665,0.0133116
298.5,1,260.799,0.0132888
298,1,259.933,0.01327
297.5,1,259.067,0.013251
297,1,258.201,0.0132295
296.5,1,257.335,0.0131996
296,1,256.469,0.0131694
295.5,1,255.603,0.0131398
295,1,254.737,0.0131146
294.5,1,253.871,0.0130894
294,1,253.005,0.0130641
293.5,1,252.139,0.0130306
293,1,251.273,0.0129968
292.5,1,250.407,0.0129637
292,1,249.541,0.0129389
291.5,1,248.675,0.0129166
291,1,247.809,0.0128934
290.5,1,246.943,0.012868
290,1,246.077,0.0128417
289.5,1,245.211,0.0128155
289,1,244.345,0.0127944
288.5,1,243.479,0.01278
288,1,242.613,0.0127651
287.5,1,241.747,0.0127509
287,1,240.881,0.0127361
286.5,1,240.015,0.0127214
286,1,239.149,0.0127083
285.5,1,238.283,0.0127032
285,1,237.417,0.0126983
284.5,1,236.551,0.0126938
284,1,235.685,0.0126908
283.5,1,234.819,0.0126876
283,1,233.953,0.0126844
282.5,1,233.087,0.0126854
282,1,232.221,0.0126873
281.5,1,231.355,0.0126893
281,1,230.488,0.0126942
280.5,1,229.622,0.0127009
280,1,228.756,0.0127081
279.5,1,227.89,0.0127145
279,1,227.024,0.0127192
278.5,1,226.158,0.0127236
278,1,225.292,0.0127299
277.5,1,224.426,0.0127399
277,1,223.56,0.0127495
276.5,1,222.694,0.0127577
276,1,221.828,0.0127633
275.5,1,220.962,0.0127681
275,1,220.096,0.0127723
274.5,1,219.23,0.0127816
274,1,218.364,0.0127895
273.5,1,217.498,0.012796
273,1,216.632,0.0127962
272.5,1,215.766,0.0127946
272,1,214.9,0.0127921
271.5,1,214.034,0.0127913
271,1,213.168,0.01279
270.5,1,212.302,0.0127875
270,1,211.436,0.0127856
269.5,1,210.57,0.012784
269,1,209.704,0.0127821
268.5,1,208.838,0.0127824
268,1,207.972,0.0127855
267.5,1,207.106,0.0127869
267,1,206.24,0.0127863
266.5,1,205.374,0.0127837
266,1,204.508,0.0127823
265.5,1,203.642,0.0127803
265,1,202.776,0.0127774
264.5,1,201.91,0.0127737
264,1,201.044,0.0127694
263.5,1,200.178,0.012768
263,1,199.312,0.0127671
262.5,1,198.446,0.0127658
262,1,197.58,0.0127663
261.5,1,196.714,0.0127673
261,1,195.847,0.0127686
260.5,1,194.981,0.0127695
260,1,194.115,0.0127692
259.5,1,193.249,0.0127686
259,1,192.383,0.0127681
258.5,1,191.517,0.012768
258,1,190.651,0.0127686
257.5,1,189.785,0.012769
257,1,188.919,0.0127684
256.5,1,188.053,0.0127677
256,1,187.187,0.0127673
255.5,1,186.321,0.0127683
255,1,185.455,0.0127694
254.5,1,184.589,0.0127703
254,1,183.723,0.0127697
253.5,1,182.857,0.012769
253,1,181.991,0.0127683
252.5,1,181.125,0.0127679
252,1,180.259,0.0127677
251.5,1,179.393,0.0127675
251,1,178.527,0.0127679
250.5,1,177.661,0.0127687
250,1,176.795,0.0127695
249.5,1,175.929,0.0127716
249,1,175.063,0.0127753
248.5,1,174.197,0.0127794
248,1,173.331,0.0127832
247.5,1,172.465,0.0127862
247,1,171.599,0.0127895
246.5,1,170.733,0.0127929
246,1,169.867,0.0127965
245.5,1,169.001,0.0128001
245,1,168.135,0.0128038
244.5,1,167.269,0.0128065
244,1,166.403,0.0128093
243.5,1,165.537,0.0128121
243,1,164.671,0.0128166
242.5,1,163.805,0.0128213
242,1,162.939,0.012826
241.5,1,162.072,0.012829
241,1,161.206,0.0128314
240.5,1,160.34,0.0128338
240,1,159.474,0.0128361
239.5,1,158.608,0.0128382
239,1,157.742,0.01284
238.5,1,156.876,0.0128413
238,1,156.01,0.012842
237.5,1,155.144,0.0128428
237,1,154.278,0.0128431
236.5,1,153.412,0.0128423
236,1,152.546,0.0128411
235.5,1,151.68,0.0128401
235,1,150.814,0.0128393
234.5,1,149.948,0.0128384
234,1,149.082,0.0128375
233.5,1,148.216,0.0128353
233,1,147.35,0.012833
232.5,1,146.484,0.0128308
232,1,145.618,0.0128287
231.5,1,144.752,0.0128267
231,1,143.886,0.0128246
230.5,1,143.02,0.0128214
230,1,142.154,0.0128177
229.5,1,141.288,0.0128141
229,1,140.422,0.0128112
228.5,1,139.556,0.0128088
228,1,138.69,0.0128064
227.5,1,137.824,0.0128037
227,1,136.958,0.0128004
226.5,1,136.092,0.0127972
226,1,135.226,0.0127942
225.5,1,134.36,0.0127919
225,1,133.494,0.0127894
224.5,1,132.628,0.0127871
224,1,131.762,0.0127837
223.5,1,130.896,0.0127804
223,1,130.03,0.0127772
222.5,1,129.164,0.0127754
222,1,128.297,0.0127741
221.5,1,127.431,0.0127729
221,1,126.565,0.0127716
220.5,1,125.699,0.0127704
220,1,124.833,0.0127693
219.5,1,123.967,0.0127685
219,1,123.101,0.0127677
218.5,1,122.235,0.0127671
218,1,121.369,0.0127663
217.5,1,120.503,0.0127652
217,1,119.637,0.0127643
216.5,1,118.771,0.0127635
216,1,117.905,0.0127631
215.5,1,117.039,0.0127627
215,1,116.173,0.0127624
214.5,1,115.307,0.0127626
214,1,114.441,0.0127629
213.5,1,113.575,0.0127633
213,1,112.709,0.0127635
212.5,1,111.843,0.0127637
212,1,110.977,0.0127639
211.5,1,110.111,0.0127643
211,1,109.245,0.0127648
210.5,1,108.379,0.0127653
210,1,107.513,0.0127657
209.5,1,106.647,0.0127661
209,1,105.781,0.0127664
208.5,1,104.915,0.012767
208,1,104.049,0.0127675
207.5,1,103.183,0.0127682
207,1,102.317,0.0127687
206.5,1,101.451,0.0127689
206,1,100.585,0.0127692
205.5,1,99.7187,0.0127693
205,1,98.8526,0.0127689
204.5,1,97.9866,0.0127685
204,1,97.1206,0.0127682
203.5,1,96.2546,0.0127679
203,1,95.3885,0.0127676
202.5,1,94.5225,0.0127674
202,1,93.6565,0.0127671
201.5,1,92.7905,0.0127667
201,1,91.9244,0.0127663
200.5,1,91.0584,0.0127656
200,1,90.1924,0.0127649
