x,y,z,b
500,1,609.808,0.011406
499.5,1,608.942,0.0113844
499,1,608.076,0.0113695
498.5,1,607.21,0.011366
498,1,606.344,0.0113616
497.5,1,605.477,0.0113595
497,1,604.611,0.0113675
496.5,1,603.745,0.0113728
496,1,602.879,0.0113766
495.5,1,602.013,0.0113845
495,1,601.147,0.0113903
494.5,1,600.281,0.011394
494,1,599.415,0.0114039
493.5,1,598.549,0.0114148
493,1,597.683,0.0114252
492.5,1,596.817,0.0114539
492,1,595.951,0.0114903
491.5,1,595.085,0.0115281
491,1,594.219,0.0115663
490.5,1,593.353,0.0116043
490,1,592.487,0.0116434
489.5,1,591.621,0.0116848
489,1,590.755,0.0117271
488.5,1,589.889,0.0117685
488,1,589.023,0.011813
487.5,1,588.157,0.0118672
487,1,587.291,0.0119188
486.5,1,586.425,0.0119698
486,1,585.559,0.012032
485.5,1,584.693,0.0120895
485,1,583.827,0.0121449
484.5,1,582.961,0.0122015
484,1,582.095,0.0122542
483.5,1,581.229,0.0123027
483,1,580.363,0.0123324
482.5,1,579.497,0.0123588
482,1,578.631,0.0123843
481.5,1,577.765,0.0123912
481,1,576.899,0.0123905
480.5,1,576.033,0.0123923
480,1,575.167,0.0123855
479.5,1,574.301,0.0123676
479,1,573.435,0.0123516
478.5,1,572.569,0.012328
478,1,571.703,0.0122843
477.5,1,570.836,0.0122401
477,1,569.97,0.0121941
476.5,1,569.104,0.0121389
476,1,568.238,0.0120821
475.5,1,567.372,0.0120239
475,1,566.506,0.0119917
474.5,1,565.64,0.0119589
474,1,564.774,0.0119313
473.5,1,563.908,0.011936
473,1,563.042,0.0119451
472.5,1,562.176,0.011953
472,1,561.31,0.0119862
471.5,1,560.444,0.0120344
471,1,559.578,0.012087
470.5,1,558.712,0.0121346
470,1,557.846,0.0121784
469.5,1,556.98,0.0122237
469,1,556.114,0.0122663
468.5,1,555.248,0.0123112
468,1,554.382,0.0123617
467.5,1,553.516,0.01242
467,1,552.65,0.0124884
466.5,1,551.784,0.0125523
466,1,550.918,0.0126165
465.5,1,550.052,0.0127004
465,1,549.186,0.012778
464.5,1,548.32,0.0128492
464,1,547.454,0.0129241
463.5,1,546.588,0.0129932
463,1,545.722,0.0130532
462.5,1,544.856,0.0130609
462,1,543.99,0.0130445
461.5,1,543.124,0.013018
461,1,542.258,0.012978
460.5,1,541.392,0.0129213
460,1,540.526,0.012849
459.5,1,539.66,0.0127471
459,1,538.794,0.0126163
458.5,1,537.928,0.012483
458,1,537.061,0.0123902
457.5,1,536.195,0.0124074
457,1,535.329,0.0124217
456.5,1,534.463,0.0124262
456,1,533.597,0.0123831
455.5,1,532.731,0.0123415
455,1,531.865,0.0122988
454.5,1,530.999,0.0122796
454,1,530.133,0.0122397
453.5,1,529.267,0.0121779
453,1,528.401,0.0119971
452.5,1,527.535,0.0117889
452,1,526.669,0.0116132
451.5,1,525.803,0.0115747
451,1,524.937,0.0116196
450.5,1,524.071,0.0116818
450,1,523.205,0.0117806
449.5,1,522.339,0.0119164
449,1,521.473,0.012051
448.5,1,520.607,0.0121504
448,1,519.741,0.0121726
447.5,1,518.875,0.0121633
447,1,518.009,0.0121008
446.5,1,517.143,0.0119428
446,1,516.277,0.0118093
445.5,1,515.411,0.0117035
445,1,514.545,0.0117702
444.5,1,513.679,0.0118479
444,1,512.813,0.0119398
443.5,1,511.947,0.0119848
443,1,511.081,0.0120175
442.5,1,510.215,0.0120455
442,1,509.349,0.012039
441.5,1,508.483,0.0120206
441,1,507.617,0.0120161
440.5,1,506.751,0.012013
440,1,505.885,0.0120158
439.5,1,505.019,0.0120334
439,1,504.153,0.012072
438.5,1,503.286,0.0121502
438,1,502.42,0.0122191
437.5,1,501.554,0.0122711
437,1,500.688,0.0123148
436.5,1,499.822,0.0123265
436,1,498.956,0.0122988
435.5,1,498.09,0.0122465
435,1,497.224,0.0121948
434.5,1,496.358,0.0121435
434,1,495.492,0.0122166
433.5,1,494.626,0.0123483
433,1,493.76,0.0125891
432.5,1,492.894,0.0130057
432,1,492.028,0.0134241
431.5,1,491.162,0.0138019
431,1,490.296,0.0140758
430.5,1,489.43,0.0142424
430,1,488.564,0.0143046
429.5,1,487.698,0.0142694
429,1,486.832,0.0141743
428.5,1,485.966,0.0140938
428,1,485.1,0.0140479
427.5,1,484.234,0.014125
427,1,483.368,0.014226
426.5,1,482.502,0.0143453
426,1,481.636,0.0144822
425.5,1,480.77,0.0145989
425,1,479.904,0.0147337
424.5,1,479.038,0.0148535
424,1,478.172,0.0149178
423.5,1,477.306,0.0149277
423,1,476.44,0.0149624
422.5,1,475.574,0.0149046
422,1,474.708,0.0148518
421.5,1,473.842,0.0147709
421,1,472.976,0.0146019
420.5,1,472.11,0.0143152
420,1,471.244,0.0140831
419.5,1,470.378,0.0142202
419,1,469.512,0.0146247
418.5,1,468.645,0.0152142
418,1,467.779,0.0161703
417.5,1,466.913,0.0173722
417,1,466.047,0.0191715
416.5,1,465.181,0.0229796
416,1,464.315,0.0267484
415.5,1,463.449,0.0304027
415,1,462.583,0.0318908
414.5,1,461.717,0.0333287
414,1,460.851,0.0344273
413.5,1,459.985,0.0334383
413,1,459.119,0.0324925
412.5,1,458.253,0.0318672
412,1,457.387,0.0313783
411.5,1,456.521,0.0309005
411,1,455.655,0.0299971
410.5,1,454.789,0.0300048
410,1,453.923,0.0307405
409.5,1,453.057,0.0315915
409,1,452.191,0.0330189
408.5,1,451.325,0.0353255
408,1,450.459,0.0374311
407.5,1,449.593,0.039035
407,1,448.727,0.039745
406.5,1,447.861,0.0402582
406,1,446.995,0.0405064
405.5,1,446.129,0.0400154
405,1,445.263,0.0395313
404.5,1,444.397,0.0390541
404,1,443.531,0.038505
403.5,1,442.665,0.0379609
403,1,441.799,0.0375265
402.5,1,440.933,0.0375756
402,1,440.067,0.0377444
401.5,1,439.201,0.0379189
401,1,438.335,0.0383049
400.5,1,437.469,0.0392881
400,1,436.603,0.0395752
399.5,1,435.737,0.0399405
399,1,434.87,0.0403839
398.5,1,434.004,0.042023
398,1,433.138,0.0436868
397.5,1,432.272,0.0452079
397,1,431.406,0.0461633
396.5,1,430.54,0.0471241
396,1,429.674,0.0481563
395.5,1,428.808,0.0491974
395,1,427.942,0.0503576
394.5,1,427.076,0.0498499
394,1,426.21,0.0490951
393.5,1,425.344,0.0481218
393,1,424.478,0.0504319
392.5,1,423.612,0.053854
392,1,422.746,0.0576682
391.5,1,421.88,0.0617611
391,1,421.014,0.0659787
390.5,1,420.148,0.0702153
390,1,419.282,0.0739727
389.5,1,418.416,0.0766683
389,1,417.55,0.0784174
388.5,1,416.684,0.0790047
388,1,415.818,0.0780386
387.5,1,414.952,0.0769354
387,1,414.086,0.0756725
386.5,1,413.22,0.0737139
386,1,412.354,0.0720009
385.5,1,411.488,0.0689762
385,1,410.622,0.0672605
384.5,1,409.756,0.0673538
384,1,408.89,0.0650251
383.5,1,408.024,0.0625755
383,1,407.158,0.0620961
382.5,1,406.292,0.061491
382,1,405.426,0.0609877
381.5,1,404.56,0.0620958
381,1,403.694,0.0638713
380.5,1,402.828,0.0656692
380,1,401.962,0.0670918
379.5,1,401.095,0.0675841
379,1,400.229,0.0645133
378.5,1,399.363,0.0604956
378,1,398.497,0.0549
377.5,1,397.631,0.0515282
377,1,396.765,0.0487088
376.5,1,395.899,0.0470811
376,1,395.033,0.0494078
375.5,1,394.167,0.0498217
375,1,393.301,0.0528733
374.5,1,392.435,0.0582514
374,1,391.569,0.0571056
373.5,1,390.703,0.0591865
373,1,389.837,0.0608775
372.5,1,388.971,0.0564362
372,1,388.105,0.0615974
371.5,1,387.239,0.0613511
371,1,386.373,0.0612005
370.5,1,385.507,0.0633312
370,1,384.641,0.062629
369.5,1,383.775,0.062848
369,1,382.909,0.0638539
368.5,1,382.043,0.0633996
368,1,381.177,0.0612487
367.5,1,380.311,0.0570937
367,1,379.445,0.0554082
366.5,1,378.579,0.0545514
366,1,377.713,0.0535095
365.5,1,376.847,0.0534116
365,1,375.981,0.0533077
364.5,1,375.115,0.0527536
364,1,374.249,0.0512118
363.5,1,373.383,0.0495104
363,1,372.517,0.0483603
362.5,1,371.651,0.0473995
362,1,370.785,0.0465286
361.5,1,369.919,0.0458486
361,1,369.053,0.0443954
360.5,1,368.187,0.042607
360,1,367.321,0.0408821
359.5,1,366.454,0.0377858
359,1,365.588,0.0341743
358.5,1,364.722,0.031295
358,1,363.856,0.0304767
357.5,1,362.99,0.0313404
357,1,362.124,0.029762
356.5,1,361.258,0.0276663
356,1,360.392,0.0260339
355.5,1,359.526,0.0279586
355,1,358.66,0.0302493
354.5,1,357.794,0.0315468
354,1,356.928,0.0320896
353.5,1,356.062,0.0349273
353,1,355.196,0.0369693
352.5,1,354.33,0.0379788
352,1,353.464,0.0382627
351.5,1,352.598,0.0398659
351,1,351.732,0.0399338
350.5,1,350.866,0.039148
350,1,350,0.038549
349.5,1,349.134,0.0376737
349,1,348.268,0.0371872
348.5,1,347.402,0.037278
348,1,346.536,0.0376951
347.5,1,345.67,0.0379156
347,1,344.804,0.0382837
346.5,1,343.938,0.0385629
346,1,343.072,0.0385591
345.5,1,342.206,0.0372016
345,1,341.34,0.0368037
344.5,1,340.474,0.0348592
344,1,339.608,0.0331497
343.5,1,338.742,0.0331034
343,1,337.876,0.0334025
342.5,1,337.01,0.0340343
342,1,336.144,0.0355071
341.5,1,335.278,0.037155
341,1,334.412,0.0390196
340.5,1,333.546,0.03977
340,1,332.679,0.040544
339.5,1,331.813,0.0417067
339,1,330.947,0.04355
338.5,1,330.081,0.0457507
338,1,329.215,0.047436
337.5,1,328.349,0.0493583
337,1,327.483,0.0517501
336.5,1,326.617,0.052333
336,1,325.751,0.0520318
335.5,1,324.885,0.0512516
335,1,324.019,0.050219
334.5,1,323.153,0.0473608
334,1,322.287,0.044586
333.5,1,321.421,0.0419043
333,1,320.555,0.0405565
332.5,1,319.689,0.0395241
332,1,318.823,0.0386224
331.5,1,317.957,0.0382335
331,1,317.091,0.0368805
330.5,1,316.225,0.035708
330,1,315.359,0.0372904
329.5,1,314.493,0.0383373
329,1,313.627,0.0391432
328.5,1,312.761,0.0396257
328,1,311.895,0.0399007
327.5,1,311.029,0.0400562
327,1,310.163,0.040892
326.5,1,309.297,0.0415271
326,1,308.431,0.0416664
325.5,1,307.565,0.0419517
325,1,306.699,0.043017
324.5,1,305.833,0.0449104
324,1,304.967,0.0450806
323.5,1,304.101,0.0452437
323,1,303.235,0.045165
322.5,1,302.369,0.0446124
322,1,301.503,0.0440853
321.5,1,300.637,0.0435838
321,1,299.771,0.0431079
320.5,1,298.905,0.0426575
320,1,298.038,0.0422396
319.5,1,297.172,0.0425032
319,1,296.306,0.0427875
318.5,1,295.44,0.0430992
318,1,294.574,0.0434383
317.5,1,293.708,0.0438048
317,1,292.842,0.0441987
316.5,1,291.976,0.0440068
316,1,291.11,0.04348
315.5,1,290.244,0.0428709
315,1,289.378,0.0415061
314.5,1,288.512,0.0405133
314,1,287.646,0.0395568
313.5,1,286.78,0.038429
313,1,285.914,0.0371678
312.5,1,285.048,0.0363864
312,1,284.182,0.0352638
311.5,1,283.316,0.0347277
311,1,282.45,0.0344708
310.5,1,281.584,0.0344676
310,1,280.718,0.0343818
309.5,1,279.852,0.0344539
309,1,278.986,0.0346893
308.5,1,278.12,0.0349238
308,1,277.254,0.0346625
307.5,1,276.388,0.0343539
307,1,275.522,0.0341811
306.5,1,274.656,0.0340463
306,1,273.79,0.0337182
305.5,1,272.924,0.0337186
305,1,272.058,0.0335257
304.5,1,271.192,0.0333135
304,1,270.326,0.0328449
303.5,1,269.46,0.0321042
303,1,268.594,0.0315634
302.5,1,267.728,0.0310273
302,1,266.862,0.0304959
301.5,1,265.996,0.0299693
301,1,265.13,0.0294393
300.5,1,264.263,0.0288808
300,1,263.397,0.028372
299.5,1,262.531,0.0279128
299,1,261.665,0.0225938
298.5,1,260.799,0.020984
298,1,259.933,0.0207385
297.5,1,259.067,0.0205005
297,1,258.201,0.0202485
296.5,1,257.335,0.0199379
296,1,256.469,0.0196209
295.5,1,255.603,0.0193059
295,1,254.737,0.0189062
294.5,1,253.871,0.0185185
294,1,253.005,0.0181427
293.5,1,252.139,0.0177192
293,1,251.273,0.0173119
292.5,1,250.407,0.0169271
292,1,249.541,0.0167688
291.5,1,248.675,0.0167038
291,1,247.809,0.0166697
290.5,1,246.943,0.0166236
290,1,246.077,0.0165646
289.5,1,245.211,0.0165184
289,1,244.345,0.0165005
288.5,1,243.479,0.0164999
288,1,242.613,0.0164692
287.5,1,241.747,0.0164122
287,1,240.881,0.0162843
286.5,1,240.015,0.0161245
286,1,239.149,0.0159244
285.5,1,238.283,0.0155886
285,1,237.417,0.0151882
284.5,1,236.551,0.0147767
284,1,235.685,0.014434
283.5,1,234.819,0.0141122
283,1,233.953,0.0138096
282.5,1,233.087,0.0136207
282,1,232.221,0.0134536
281.5,1,231.355,0.0132884
281,1,230.488,0.0131252
280.5,1,229.622,0.0129643
280,1,228.756,0.0128143
279.5,1,227.89,0.0126626
279,1,227.024,0.0125116
278.5,1,226.158,0.0123761
278,1,225.292,0.0122663
277.5,1,224.426,0.0121976
277,1,223.56,0.0121733
276.5,1,222.694,0.0121657
276,1,221.828,0.012193
275.5,1,220.962,0.0122252
275,1,220.096,0.0122626
274.5,1,219.23,0.0123222
274,1,218.364,0.012388
273.5,1,217.498,0.0124561
273,1,216.632,0.0125301
272.5,1,215.766,0.0126053
272,1,214.9,0.0126831
271.5,1,214.034,0.0127753
271,1,213.168,0.0128675
270.5,1,212.302,0.0129597
270,1,211.436,0.013047
269.5,1,210.57,0.0131305
269,1,209.704,0.0132123
268.5,1,208.838,0.0132806
268,1,207.972,0.0133307
267.5,1,207.106,0.0133803
267,1,206.24,0.0134304
266.5,1,205.374,0.0134835
266,1,204.508,0.0135346
265.5,1,203.642,0.0135863
265,1,202.776,0.0136322
264.5,1,201.91,0.0136804
264,1,201.044,0.013731
263.5,1,200.178,0.0137687
263,1,199.312,0.0138029
262.5,1,198.446,0.0138364
262,1,197.58,0.0138679
261.5,1,196.714,0.0139005
261,1,195.847,0.0139329
260.5,1,194.981,0.0139539
260,1,194.115,0.0139702
259.5,1,193.249,0.0139866
259,1,192.383,0.0140019
258.5,1,191.517,0.0140162
258,1,190.651,0.0140264
257.5,1,189.785,0.0140345
257,1,188.919,0.0140405
256.5,1,188.053,0.0140467
256,1,187.187,0.0140551
255.5,1,186.321,0.0140744
255,1,185.455,0.0140911
254.5,1,184.589,0.0141069
254,1,183.723,0.0141112
253.5,1,182.857,0.0141159
253,1,181.991,0.0141213
252.5,1,181.125,0.0140963
252,1,180.259,0.014064
251.5,1,179.393,0.0140308
251,1,178.527,0.0140056
250.5,1,177.661,0.0139853
250,1,176.795,0.0139647
249.5,1,175.929,0.0139111
249,1,175.063,0.0138267
248.5,1,174.197,0.0137427
248,1,173.331,0.0136701
247.5,1,172.465,0.0136188
247,1,171.599,0.0135654
246.5,1,170.733,0.0135145
246,1,169.867,0.013462
245.5,1,169.001,0.0134108
245,1,168.135,0.0133624
244.5,1,167.269,0.0133607
244,1,166.403,0.0133578
243.5,1,165.537,0.0133567
243,1,164.671,0.0133385
242.5,1,163.805,0.0133208
242,1,162.939,0.0133064
241.5,1,162.072,0.0133026
241,1,161.206,0.0133045
240.5,1,160.34,0.0133072
240,1,159.474,0.0132969
239.5,1,158.608,0.0132782
239,1,157.742,0.0132615
238.5,1,156.876,0.0132557
238,1,156.01,0.0132658
237.5,1,155.144,0.0132769
237,1,154.278,0.0132862
236.5,1,153.412,0.0132879
236,1,152.546,0.01329
235.5,1,151.68,0.013294
235,1,150.814,0.01331
234.5,1,149.948,0.0133268
234,1,149.082,0.0133445
233.5,1,148.216,0.013345
233,1,147.35,0.0133449
232.5,1,146.484,0.013345
232,1,145.618,0.0133546
231.5,1,144.752,0.0133681
231,1,143.886,0.0133828
230.5,1,143.02,0.0133965
230,1,142.154,0.0134081
229.5,1,141.288,0.0134192
229,1,140.422,0.0134264
228.5,1,139.556,0.0134297
228,1,138.69,0.0134334
227.5,1,137.824,0.0134296
227,1,136.958,0.0134075
226.5,1,136.092,0.0133842
226,1,135.226,0.0133623
225.5,1,134.36,0.0133554
225,1,133.494,0.0133482
224.5,1,132.628,0.0133412
224,1,131.762,0.0133142
223.5,1,130.896,0.0132847
223,1,130.03,0.0132529
222.5,1,129.164,0.0132376
222,1,128.297,0.0132269
221.5,1,127.431,0.0132173
221,1,126.565,0.0131832
220.5,1,125.699,0.0131364
220,1,124.833,0.0130893
219.5,1,123.967,0.0130683
219,1,123.101,0.0130712
218.5,1,122.235,0.0130742
218,1,121.369,0.013067
217.5,1,120.503,0.0130402
217,1,119.637,0.0130121
216.5,1,118.771,0.0129917
216,1,117.905,0.0130073
215.5,1,117.039,0.0130238
215,1,116.173,0.0130391
214.5,1,115.307,0.0130068
214,1,114.441,0.0129734
213.5,1,113.575,0.0129387
213,1,112.709,0.0129573
212.5,1,111.843,0.0129853
212,1,110.977,0.0130159
211.5,1,110.111,0.0129974
211,1,109.245,0.0129588
210.5,1,108.379,0.0129189
210,1,107.513,0.0129258
209.5,1,106.647,0.0129708
209,1,105.781,0.013019
208.5,1,104.915,0.0130302
208,1,104.049,0.0129846
207.5,1,103.183,0.0129353
207,1,102.317,0.0129115
206.5,1,101.451,0.0129736
206,1,100.585,0.0130415
205.5,1,99.7187,0.0131004
205,1,98.8526,0.0130667
204.5,1,97.9866,0.0130288
204,1,97.1206,0.0129867
203.5,1,96.2546,0.0130287
203,1,95.3885,0.0130798
202.5,1,94.5225,0.0131337
202,1,93.6565,0.0131227
201.5,1,92.7905,0.0130898
201,1,91.9244,0.0130527
200.5,1,91.0584,0.0130467
200,1,90.1924,0.013064
