x,y,z,b
500,1,609.808,0.0126526
499.5,1,608.942,0.0126588
499,1,608.076,0.0126631
498.5,1,607.21,0.0126638
498,1,606.344,0.0126644
497.5,1,605.477,0.0126614
497,1,604.611,0.0126446
496.5,1,603.745,0.0126276
496,1,602.879,0.0126102
495.5,1,602.013,0.0125935
495,1,601.147,0.0125767
494.5,1,600.281,0.01256
494,1,599.415,0.0125555
493.5,1,598.549,0.0125523
493,1,597.683,0.0125489
492.5,1,596.817,0.0125514
492,1,595.951,0.0125558
491.5,1,595.085,0.0125602
491,1,594.219,0.0125674
490.5,1,593.353,0.0125765
490,1,592.487,0.0125854
489.5,1,591.621,0.0125944
489,1,590.755,0.0126035
488.5,1,589.889,0.0126126
488,1,589.023,0.0126204
487.5,1,588.157,0.0126245
487,1,587.291,0.0126285
486.5,1,586.425,0.0126313
486,1,585.559,0.0126251
485.5,1,584.693,0.012619
485,1,583.827,0.0126124
484.5,1,582.961,0.0125982
484,1,582.095,0.0125836
483.5,1,581.229,0.0125691
483,1,580.363,0.012563
482.5,1,579.497,0.0125591
482,1,578.631,0.0125549
481.5,1,577.765,0.0125535
481,1,576.899,0.0125532
480.5,1,576.033,0.0125524
480,1,575.167,0.0125499
479.5,1,574.301,0.0125465
479,1,573.435,0.0125436
478.5,1,572.569,0.012537
478,1,571.703,0.0125225
477.5,1,570.836,0.0125085
477,1,569.97,0.0124965
476.5,1,569.104,0.0124918
476,1,568.238,0.0124873
475.5,1,567.372,0.0124831
475,1,566.506,0.0124835
474.5,1,565.64,0.0124842
474,1,564.774,0.0124857
473.5,1,563.908,0.0124802
473,1,563.042,0.0124729
472.5,1,562.176,0.0124651
472,1,561.31,0.0124486
471.5,1,560.444,0.0124283
471,1,559.578,0.0124076
470.5,1,558.712,0.012395
470,1,557.846,0.0123895
469.5,1,556.98,0.0123837
469,1,556.114,0.0123825
468.5,1,555.248,0.0123892
468,1,554.382,0.0123962
467.5,1,553.516,0.0124082
467,1,552.65,0.012437
466.5,1,551.784,0.0124662
466,1,550.918,0.0124968
465.5,1,550.052,0.0125385
465,1,549.186,0.0125801
464.5,1,548.32,0.0126215
464,1,547.454,0.0126598
463.5,1,546.588,0.0126978
463,1,545.722,0.0127301
462.5,1,544.856,0.0127427
462,1,543.99,0.0127496
461.5,1,543.124,0.0127568
461,1,542.258,0.0127488
460.5,1,541.392,0.0127287
460,1,540.526,0.012706
459.5,1,539.66,0.0126777
459,1,538.794,0.012643
458.5,1,537.928,0.0126079
458,1,537.061,0.0125709
457.5,1,536.195,0.0125316
457,1,535.329,0.0124932
456.5,1,534.463,0.0124589
456,1,533.597,0.0124466
455.5,1,532.731,0.0124337
455,1,531.865,0.0124204
454.5,1,530.999,0.0123945
454,1,530.133,0.0123693
453.5,1,529.267,0.0123451
453,1,528.401,0.0123185
452.5,1,527.535,0.0122905
452,1,526.669,0.0122628
451.5,1,525.803,0.0122552
451,1,524.937,0.0122606
450.5,1,524.071,0.0122685
450,1,523.205,0.0122771
449.5,1,522.339,0.0122841
449,1,521.473,0.012291
448.5,1,520.607,0.0122932
448,1,519.741,0.0122863
447.5,1,518.875,0.0122797
447,1,518.009,0.0122723
446.5,1,517.143,0.012261
446,1,516.277,0.0122515
445.5,1,515.411,0.012244
445,1,514.545,0.0122438
444.5,1,513.679,0.0122436
444,1,512.813,0.0122448
443.5,1,511.947,0.0123003
443,1,511.081,0.0123642
442.5,1,510.215,0.0124282
442,1,509.349,0.0124772
441.5,1,508.483,0.0125191
441,1,507.617,0.0125607
440.5,1,506.751,0.0126087
440,1,505.885,0.0126606
439.5,1,505.019,0.0127104
439,1,504.153,0.0127453
438.5,1,503.286,0.0127591
438,1,502.42,0.0127722
437.5,1,501.554,0.0127634
437,1,500.688,0.0126846
436.5,1,499.822,0.0126014
436,1,498.956,0.0125166
435.5,1,498.09,0.0124477
435,1,497.224,0.0123792
434.5,1,496.358,0.0123112
434,1,495.492,0.0122651
433.5,1,494.626,0.0122214
433,1,493.76,0.01218
432.5,1,492.894,0.0121326
432,1,492.028,0.012081
431.5,1,491.162,0.0120268
431,1,490.296,0.0119707
430.5,1,489.43,0.0119131
430,1,488.564,0.0118557
429.5,1,487.698,0.0118144
429,1,486.832,0.0117957
428.5,1,485.966,0.0117793
428,1,485.1,0.0117905
427.5,1,484.234,0.0118804
427,1,483.368,0.0119779
426.5,1,482.502,0.0120745
426,1,481.636,0.0121291
425.5,1,480.77,0.0121818
425,1,479.904,0.0122369
424.5,1,479.038,0.0122336
424,1,478.172,0.0122552
423.5,1,477.306,0.0123038
423,1,476.44,0.0122908
422.5,1,475.574,0.0122517
422,1,474.708,0.0122332
421.5,1,473.842,0.012446
421,1,472.976,0.0127939
420.5,1,472.11,0.0131638
420,1,471.244,0.0133719
419.5,1,470.378,0.0135053
419,1,469.512,0.0137974
418.5,1,468.645,0.0145673
418,1,467.779,0.0164398
417.5,1,466.913,0.018762
417,1,466.047,0.0215234
416.5,1,465.181,0.0241806
416,1,464.315,0.0268289
415.5,1,463.449,0.0284099
415,1,462.583,0.0297219
414.5,1,461.717,0.0308866
414,1,460.851,0.0322389
413.5,1,459.985,0.033489
413,1,459.119,0.0349244
412.5,1,458.253,0.0355955
412,1,457.387,0.0368392
411.5,1,456.521,0.0382113
411,1,455.655,0.038576
410.5,1,454.789,0.0385977
410,1,453.923,0.0396093
409.5,1,453.057,0.0409905
409,1,452.191,0.0420124
408.5,1,451.325,0.0427503
408,1,450.459,0.043266
407.5,1,449.593,0.0436129
407,1,448.727,0.0443202
406.5,1,447.861,0.045384
406,1,446.995,0.0454378
405.5,1,446.129,0.0458938
405,1,445.263,0.0471424
404.5,1,444.397,0.0475011
404,1,443.531,0.0478033
403.5,1,442.665,0.0497918
403,1,441.799,0.0507883
402.5,1,440.933,0.0499658
402,1,440.067,0.049994
401.5,1,439.201,0.0495504
401,1,438.335,0.0474975
400.5,1,437.469,0.0417408
400,1,436.603,0.0378475
399.5,1,435.737,0.0360931
399,1,434.87,0.0383351
398.5,1,434.004,0.0390019
398,1,433.138,0.0403273
397.5,1,432.272,0.041852
397,1,431.406,0.0429798
396.5,1,430.54,0.0440171
396,1,429.674,0.045262
395.5,1,428.808,0.0456128
395,1,427.942,0.0467824
394.5,1,427.076,0.0470869
394,1,426.21,0.0468597
393.5,1,425.344,0.0459347
393,1,424.478,0.0452036
392.5,1,423.612,0.0451361
392,1,422.746,0.045001
391.5,1,421.88,0.0448209
391,1,421.014,0.0452226
390.5,1,420.148,0.0450946
390,1,419.282,0.0448889
389.5,1,418.416,0.0446735
389,1,417.55,0.0444666
388.5,1,416.684,0.044221
388,1,415.818,0.0442117
387.5,1,414.952,0.0448694
387,1,414.086,0.0445073
386.5,1,413.22,0.0443063
386,1,412.354,0.0443758
385.5,1,411.488,0.044522
385,1,410.622,0.0445774
384.5,1,409.756,0.044697
384,1,408.89,0.0448809
383.5,1,408.024,0.0451291
383,1,407.158,0.0457006
382.5,1,406.292,0.0468334
382,1,405.426,0.0478877
381.5,1,404.56,0.0488638
381,1,403.694,0.0497615
380.5,1,402.828,0.0505809
380,1,401.962,0.0512778
379.5,1,401.095,0.0504376
379,1,400.229,0.0495509
378.5,1,399.363,0.0486299
378,1,398.497,0.0476745
377.5,1,397.631,0.0466847
377,1,396.765,0.0456606
376.5,1,395.899,0.0458247
376,1,395.033,0.0465604
375.5,1,394.167,0.0472842
375,1,393.301,0.0479217
374.5,1,392.435,0.048452
374,1,391.569,0.0468138
373.5,1,390.703,0.0446266
373,1,389.837,0.0421227
372.5,1,388.971,0.0427483
372,1,388.105,0.0445723
371.5,1,387.239,0.0467615
371,1,386.373,0.0457776
370.5,1,385.507,0.0426862
370,1,384.641,0.0385103
369.5,1,383.775,0.0344017
369,1,382.909,0.0309006
368.5,1,382.043,0.0279235
368,1,381.177,0.0258956
367.5,1,380.311,0.0251435
367,1,379.445,0.0233078
366.5,1,378.579,0.0224965
366,1,377.713,0.0227991
365.5,1,376.847,0.0252106
365,1,375.981,0.0259385
364.5,1,375.115,0.0259752
364,1,374.249,0.0261437
363.5,1,373.383,0.0264477
363,1,372.517,0.0267029
362.5,1,371.651,0.0270544
362,1,370.785,0.0264588
361.5,1,369.919,0.0258266
361,1,369.053,0.0253281
360.5,1,368.187,0.0255169
360,1,367.321,0.0248454
359.5,1,366.454,0.0250876
359,1,365.588,0.0250338
358.5,1,364.722,0.0248249
358,1,363.856,0.0246426
357.5,1,362.99,0.0247279
357,1,362.124,0.0256358
356.5,1,361.258,0.025777
356,1,360.392,0.0259542
355.5,1,359.526,0.024812
355,1,358.66,0.024279
354.5,1,357.794,0.0272518
354,1,356.928,0.0279895
353.5,1,356.062,0.0305756
353,1,355.196,0.0333578
352.5,1,354.33,0.0362762
352,1,353.464,0.0382748
351.5,1,352.598,0.0399672
351,1,351.732,0.0407061
350.5,1,350.866,0.0404278
350,1,350,0.0402392
349.5,1,349.134,0.0403725
349,1,348.268,0.0405096
348.5,1,347.402,0.0401673
348,1,346.536,0.0396325
347.5,1,345.67,0.0395676
347,1,344.804,0.0400665
346.5,1,343.938,0.0409598
346,1,343.072,0.0419163
345.5,1,342.206,0.0422056
345,1,341.34,0.0420845
344.5,1,340.474,0.041739
344,1,339.608,0.0386833
343.5,1,338.742,0.0338569
343,1,337.876,0.0312002
342.5,1,337.01,0.0316563
342,1,336.144,0.0305889
341.5,1,335.278,0.0297974
341,1,334.412,0.0294359
340.5,1,333.546,0.0309401
340,1,332.679,0.0324312
339.5,1,331.813,0.0331927
339,1,330.947,0.0343416
338.5,1,330.081,0.0355915
338,1,329.215,0.0366328
337.5,1,328.349,0.0373124
337,1,327.483,0.0379259
336.5,1,326.617,0.0378362
336,1,325.751,0.0380354
335.5,1,324.885,0.0385583
335,1,324.019,0.0381181
334.5,1,323.153,0.0382011
334,1,322.287,0.0401611
333.5,1,321.421,0.0386122
333,1,320.555,0.0367844
332.5,1,319.689,0.0372562
332,1,318.823,0.0373144
331.5,1,317.957,0.0364384
331,1,317.091,0.035842
330.5,1,316.225,0.0352016
330,1,315.359,0.0347587
329.5,1,314.493,0.0353131
329,1,313.627,0.0354319
328.5,1,312.761,0.0348671
328,1,311.895,0.034522
327.5,1,311.029,0.0344312
327,1,310.163,0.0359309
326.5,1,309.297,0.0426579
326,1,308.431,0.056404
325.5,1,307.565,0.0622957
325,1,306.699,0.0638517
324.5,1,305.833,0.0662508
324,1,304.967,0.0694728
323.5,1,304.101,0.0674396
323,1,303.235,0.0629107
322.5,1,302.369,0.0604767
322,1,301.503,0.0573494
321.5,1,300.637,0.05664
321,1,299.771,0.0560725
320.5,1,298.905,0.0565074
320,1,298.038,0.0582243
319.5,1,297.172,0.0622839
319,1,296.306,0.0624346
318.5,1,295.44,0.0627908
318,1,294.574,0.0634398
317.5,1,293.708,0.0627153
317,1,292.842,0.0590566
316.5,1,291.976,0.0547288
316,1,291.11,0.0510805
315.5,1,290.244,0.0475897
315,1,289.378,0.0443059
314.5,1,288.512,0.0427841
314,1,287.646,0.0413108
313.5,1,286.78,0.0375234
313,1,285.914,0.03635
312.5,1,285.048,0.0362746
312,1,284.182,0.036038
311.5,1,283.316,0.0352545
311,1,282.45,0.0351675
310.5,1,281.584,0.0353338
310,1,280.718,0.0360591
309.5,1,279.852,0.0379679
309,1,278.986,0.0403092
308.5,1,278.12,0.0419468
308,1,277.254,0.042883
307.5,1,276.388,0.0434725
307,1,275.522,0.0445184
306.5,1,274.656,0.0436273
306,1,273.79,0.0428376
305.5,1,272.924,0.0426818
305,1,272.058,0.0416474
304.5,1,271.192,0.0392067
304,1,270.326,0.036683
303.5,1,269.46,0.0334956
303,1,268.594,0.0297096
302.5,1,267.728,0.0280051
302,1,266.862,0.0265116
301.5,1,265.996,0.0247006
301,1,265.13,0.0260526
300.5,1,264.263,0.0251873
300,1,263.397,0.023941
299.5,1,262.531,0.0223817
299,1,261.665,0.0208163
298.5,1,260.799,0.0193553
298,1,259.933,0.0180814
297.5,1,259.067,0.0168922
297,1,258.201,0.0158301
296.5,1,257.335,0.0149965
296,1,256.469,0.014244
295.5,1,255.603,0.013575
295,1,254.737,0.0132724
294.5,1,253.871,0.0129795
294,1,253.005,0.0126963
293.5,1,252.139,0.0124778
293,1,251.273,0.0122849
292.5,1,250.407,0.012113
292,1,249.541,0.0120127
291.5,1,248.675,0.0119493
291,1,247.809,0.0119108
290.5,1,246.943,0.011894
290,1,246.077,0.0118908
289.5,1,245.211,0.0118987
289,1,244.345,0.0119096
288.5,1,243.479,0.0119146
288,1,242.613,0.0119249
287.5,1,241.747,0.0119354
287,1,240.881,0.011945
286.5,1,240.015,0.0119561
286,1,239.149,0.0119704
285.5,1,238.283,0.0119954
285,1,237.417,0.0120182
284.5,1,236.551,0.0120399
284,1,235.685,0.0120615
283.5,1,234.819,0.0120808
283,1,233.953,0.0120976
282.5,1,233.087,0.0121087
282,1,232.221,0.0121195
281.5,1,231.355,0.0121292
281,1,230.488,0.0121361
280.5,1,229.622,0.0121399
280,1,228.756,0.0121357
279.5,1,227.89,0.0121243
279,1,227.024,0.0121127
278.5,1,226.158,0.0121025
278,1,225.292,0.0120953
277.5,1,224.426,0.012093
277,1,223.56,0.012094
276.5,1,222.694,0.0120957
276,1,221.828,0.0120962
275.5,1,220.962,0.0120969
275,1,220.096,0.0120978
274.5,1,219.23,0.0121034
274,1,218.364,0.01211
273.5,1,217.498,0.0121166
273,1,216.632,0.01213
272.5,1,215.766,0.0121445
272,1,214.9,0.0121592
271.5,1,214.034,0.0121757
271,1,213.168,0.012192
270.5,1,212.302,0.0122085
270,1,211.436,0.0122237
269.5,1,210.57,0.0122378
269,1,209.704,0.0122572
268.5,1,208.838,0.0122789
268,1,207.972,0.0123005
267.5,1,207.106,0.0123216
267,1,206.24,0.012343
266.5,1,205.374,0.0123662
266,1,204.508,0.0123888
265.5,1,203.642,0.0124105
265,1,202.776,0.0124273
264.5,1,201.91,0.0124437
264,1,201.044,0.0124597
263.5,1,200.178,0.0124726
263,1,199.312,0.0124853
262.5,1,198.446,0.0124978
262,1,197.58,0.0125125
261.5,1,196.714,0.0125275
261,1,195.847,0.012542
260.5,1,194.981,0.0125567
260,1,194.115,0.012572
259.5,1,193.249,0.0125868
259,1,192.383,0.0125991
258.5,1,191.517,0.0126084
258,1,190.651,0.0126167
257.5,1,189.785,0.0126232
257,1,188.919,0.0126267
256.5,1,188.053,0.0126303
256,1,187.187,0.0126342
255.5,1,186.321,0.012639
255,1,185.455,0.0126434
254.5,1,184.589,0.0126476
254,1,183.723,0.0126521
253.5,1,182.857,0.0126564
253,1,181.991,0.0126606
252.5,1,181.125,0.0126607
252,1,180.259,0.01266
251.5,1,179.393,0.0126596
251,1,178.527,0.0126584
250.5,1,177.661,0.012657
250,1,176.795,0.0126564
249.5,1,175.929,0.0126576
249,1,175.063,0.0126596
248.5,1,174.197,0.0126619
248,1,173.331,0.0126656
247.5,1,172.465,0.0126717
247,1,171.599,0.0126802
246.5,1,170.733,0.0126871
246,1,169.867,0.0126877
245.5,1,169.001,0.0126883
245,1,168.135,0.0126889
244.5,1,167.269,0.0126916
244,1,166.403,0.012695
243.5,1,165.537,0.0126984
243,1,164.671,0.0127017
242.5,1,163.805,0.0127047
242,1,162.939,0.0127074
241.5,1,162.072,0.0127111
241,1,161.206,0.0127153
240.5,1,160.34,0.0127193
240,1,159.474,0.0127199
239.5,1,158.608,0.0127179
239,1,157.742,0.0127163
238.5,1,156.876,0.0127164
238,1,156.01,0.0127187
237.5,1,155.144,0.0127211
237,1,154.278,0.0127239
236.5,1,153.412,0.0127275
236,1,152.546,0.0127315
235.5,1,151.68,0.012736
235,1,150.814,0.0127431
234.5,1,149.948,0.0127504
234,1,149.082,0.0127579
233.5,1,148.216,0.0127629
233,1,147.35,0.0127678
232.5,1,146.484,0.0127726
232,1,145.618,0.0127784
231.5,1,144.752,0.0127843
231,1,143.886,0.01279
230.5,1,143.02,0.0127991
230,1,142.154,0.0128102
229.5,1,141.288,0.0128209
229,1,140.422,0.01283
228.5,1,139.556,0.0128375
228,1,138.69,0.0128447
227.5,1,137.824,0.0128516
227,1,136.958,0.0128577
226.5,1,136.092,0.0128634
226,1,135.226,0.0128685
225.5,1,134.36,0.0128727
225,1,133.494,0.0128766
224.5,1,132.628,0.0128802
224,1,131.762,0.0128895
223.5,1,130.896,0.0128985
223,1,130.03,0.0129071
222.5,1,129.164,0.0129118
222,1,128.297,0.0129156
221.5,1,127.431,0.0129192
221,1,126.565,0.0129223
220.5,1,125.699,0.0129247
220,1,124.833,0.0129266
219.5,1,123.967,0.0129272
219,1,123.101,0.012927
218.5,1,122.235,0.0129266
218,1,121.369,0.0129276
217.5,1,120.503,0.0129315
217,1,119.637,0.0129347
216.5,1,118.771,0.0129371
216,1,117.905,0.0129378
215.5,1,117.039,0.0129383
215,1,116.173,0.0129384
214.5,1,115.307,0.0129355
214,1,114.441,0.0129318
213.5,1,113.575,0.0129279
213,1,112.709,0.0129253
212.5,1,111.843,0.0129227
212,1,110.977,0.0129198
211.5,1,110.111,0.0129202
211,1,109.245,0.0129217
210.5,1,108.379,0.0129231
210,1,107.513,0.0129226
209.5,1,106.647,0.0129205
209,1,105.781,0.0129183
208.5,1,104.915,0.0129159
208,1,104.049,0.0129139
207.5,1,103.183,0.0129119
207,1,102.317,0.0129093
206.5,1,101.451,0.0129045
206,1,100.585,0.012899
205.5,1,99.7187,0.012894
205,1,98.8526,0.0128966
204.5,1,97.9866,0.0129
204,1,97.1206,0.0129041
203.5,1,96.2546,0.0129
203,1,95.3885,0.0128948
202.5,1,94.5225,0.012889
202,1,93.6565,0.0128913
201.5,1,92.7905,0.0128965
201,1,91.9244,0.0129023
200.5,1,91.0584,0.0128995
200,1,90.1924,0.0128919
