x,y,z,b
500,1,609.808,0.0125587
499.5,1,608.942,0.012553
499,1,608.076,0.012544
498.5,1,607.21,0.0125301
498,1,606.344,0.0125159
497.5,1,605.477,0.0125024
497,1,604.611,0.0124924
496.5,1,603.745,0.012482
496,1,602.879,0.0124721
495.5,1,602.013,0.0124754
495,1,601.147,0.0124779
494.5,1,600.281,0.0124799
494,1,599.415,0.0124891
493.5,1,598.549,0.0124992
493,1,597.683,0.0125095
492.5,1,596.817,0.012518
492,1,595.951,0.0125254
491.5,1,595.085,0.0125323
491,1,594.219,0.0125313
490.5,1,593.353,0.0125244
490,1,592.487,0.0125169
489.5,1,591.621,0.0125131
489,1,590.755,0.0125148
488.5,1,589.889,0.0125169
488,1,589.023,0.0125212
487.5,1,588.157,0.0125317
487,1,587.291,0.0125423
486.5,1,586.425,0.0125523
486,1,585.559,0.0125572
485.5,1,584.693,0.0125621
485,1,583.827,0.012567
484.5,1,582.961,0.0125713
484,1,582.095,0.0125754
483.5,1,581.229,0.0125792
483,1,580.363,0.0125804
482.5,1,579.497,0.0125811
482,1,578.631,0.0125817
481.5,1,577.765,0.0125739
481,1,576.899,0.0125623
480.5,1,576.033,0.0125516
480,1,575.167,0.0125414
479.5,1,574.301,0.0125305
479,1,573.435,0.0125191
478.5,1,572.569,0.0125036
478,1,571.703,0.0124813
477.5,1,570.836,0.0124599
477,1,569.97,0.0124404
476.5,1,569.104,0.0124281
476,1,568.238,0.0124167
475.5,1,567.372,0.0124061
475,1,566.506,0.0123959
474.5,1,565.64,0.012386
474,1,564.774,0.0123744
473.5,1,563.908,0.0123566
473,1,563.042,0.012337
472.5,1,562.176,0.0123166
472,1,561.31,0.0123093
471.5,1,560.444,0.0123078
471,1,559.578,0.0123064
470.5,1,558.712,0.0123173
470,1,557.846,0.0123389
469.5,1,556.98,0.0123616
469,1,556.114,0.0123968
468.5,1,555.248,0.0124506
468,1,554.382,0.0125048
467.5,1,553.516,0.0125585
467,1,552.65,0.0126099
466.5,1,551.784,0.0126612
466,1,550.918,0.0127113
465.5,1,550.052,0.0127438
465,1,549.186,0.0127752
464.5,1,548.32,0.0128056
464,1,547.454,0.0128167
463.5,1,546.588,0.0128249
463,1,545.722,0.0128333
462.5,1,544.856,0.0128186
462,1,543.99,0.0127948
461.5,1,543.124,0.0127689
461,1,542.258,0.0127222
460.5,1,541.392,0.0126605
460,1,540.526,0.0125967
459.5,1,539.66,0.0125396
459,1,538.794,0.012493
458.5,1,537.928,0.0124456
458,1,537.061,0.0123994
457.5,1,536.195,0.0123601
457,1,535.329,0.0123219
456.5,1,534.463,0.012283
456,1,533.597,0.0122323
455.5,1,532.731,0.0121841
455,1,531.865,0.0121395
454.5,1,530.999,0.0121264
454,1,530.133,0.0121157
453.5,1,529.267,0.0121064
453,1,528.401,0.0121253
452.5,1,527.535,0.0121507
452,1,526.669,0.0121767
451.5,1,525.803,0.0121827
451,1,524.937,0.0121779
450.5,1,524.071,0.012173
450,1,523.205,0.0121424
449.5,1,522.339,0.0120874
449,1,521.473,0.0120321
448.5,1,520.607,0.011993
448,1,519.741,0.0119876
447.5,1,518.875,0.0119818
447,1,518.009,0.0119857
446.5,1,517.143,0.0120349
446,1,516.277,0.0120839
445.5,1,515.411,0.0121324
445,1,514.545,0.0121721
444.5,1,513.679,0.0122119
444,1,512.813,0.0122499
443.5,1,511.947,0.012333
443,1,511.081,0.0124219
442.5,1,510.215,0.0125093
442,1,509.349,0.0126627
441.5,1,508.483,0.0128492
441,1,507.617,0.0130407
440.5,1,506.751,0.0131925
440,1,505.885,0.0133113
439.5,1,505.019,0.0134356
439,1,504.153,0.0135224
438.5,1,503.286,0.0135456
438,1,502.42,0.0135732
437.5,1,501.554,0.0135834
437,1,500.688,0.0135261
436.5,1,499.822,0.0134748
436,1,498.956,0.0134349
435.5,1,498.09,0.0134669
435,1,497.224,0.0134977
434.5,1,496.358,0.0135273
434,1,495.492,0.0135726
433.5,1,494.626,0.0136113
433,1,493.76,0.0136427
432.5,1,492.894,0.0136075
432,1,492.028,0.0135534
431.5,1,491.162,0.0135002
431,1,490.296,0.0135007
430.5,1,489.43,0.0135641
430,1,488.564,0.0136702
429.5,1,487.698,0.0138599
429,1,486.832,0.0141322
428.5,1,485.966,0.0144236
428,1,485.1,0.0147991
427.5,1,484.234,0.0153324
427,1,483.368,0.0158868
426.5,1,482.502,0.0164584
426,1,481.636,0.0170178
425.5,1,480.77,0.0176232
425,1,479.904,0.0182486
424.5,1,479.038,0.0189468
424,1,478.172,0.0196476
423.5,1,477.306,0.0203487
423,1,476.44,0.0208209
422.5,1,475.574,0.0212004
422,1,474.708,0.0215504
421.5,1,473.842,0.0219812
421,1,472.976,0.0224048
420.5,1,472.11,0.0227677
420,1,471.244,0.0231746
419.5,1,470.378,0.0236362
419,1,469.512,0.0239769
418.5,1,468.645,0.0242615
418,1,467.779,0.0247824
417.5,1,466.913,0.0249132
417,1,466.047,0.0246624
416.5,1,465.181,0.0241513
416,1,464.315,0.0235533
415.5,1,463.449,0.0232258
415,1,462.583,0.0230097
414.5,1,461.717,0.0225128
414,1,460.851,0.0227611
413.5,1,459.985,0.0233322
413,1,459.119,0.025619
412.5,1,458.253,0.0269988
412,1,457.387,0.0274156
411.5,1,456.521,0.0273514
411,1,455.655,0.0272932
410.5,1,454.789,0.0275114
410,1,453.923,0.0295086
409.5,1,453.057,0.0318909
409,1,452.191,0.0340759
408.5,1,451.325,0.0360105
408,1,450.459,0.0378082
407.5,1,449.593,0.0387208
407,1,448.727,0.0396304
406.5,1,447.861,0.04037
406,1,446.995,0.0413707
405.5,1,446.129,0.0426891
405,1,445.263,0.0444154
404.5,1,444.397,0.0457404
404,1,443.531,0.0465024
403.5,1,442.665,0.0469773
403,1,441.799,0.0474894
402.5,1,440.933,0.0475171
402,1,440.067,0.047252
401.5,1,439.201,0.0468652
401,1,438.335,0.0461496
400.5,1,437.469,0.0452659
400,1,436.603,0.0444596
399.5,1,435.737,0.0442188
399,1,434.87,0.0447875
398.5,1,434.004,0.0455767
398,1,433.138,0.0464855
397.5,1,432.272,0.0470125
397,1,431.406,0.0472718
396.5,1,430.54,0.0473397
396,1,429.674,0.0475579
395.5,1,428.808,0.0477494
395,1,427.942,0.0478849
394.5,1,427.076,0.047296
394,1,426.21,0.046697
393.5,1,425.344,0.0460972
393,1,424.478,0.0459181
392.5,1,423.612,0.0458276
392,1,422.746,0.0456695
391.5,1,421.88,0.045845
391,1,421.014,0.0466759
390.5,1,420.148,0.0465316
390,1,419.282,0.0464881
389.5,1,418.416,0.0465454
389,1,417.55,0.0468558
388.5,1,416.684,0.0472551
388,1,415.818,0.0477318
387.5,1,414.952,0.0482859
387,1,414.086,0.0489174
386.5,1,413.22,0.0496264
386,1,412.354,0.0492736
385.5,1,411.488,0.0481825
385,1,410.622,0.0471549
384.5,1,409.756,0.0437875
384,1,408.89,0.0416704
383.5,1,408.024,0.0425799
383,1,407.158,0.0436512
382.5,1,406.292,0.0453645
382,1,405.426,0.0462301
381.5,1,404.56,0.0467951
381,1,403.694,0.0471041
380.5,1,402.828,0.0472825
380,1,401.962,0.0474176
379.5,1,401.095,0.0474538
379,1,400.229,0.0467
378.5,1,399.363,0.0446543
378,1,398.497,0.0422363
377.5,1,397.631,0.0399093
377,1,396.765,0.0384239
376.5,1,395.899,0.0369087
376,1,395.033,0.0353361
375.5,1,394.167,0.0337591
375,1,393.301,0.0314197
374.5,1,392.435,0.0306916
374,1,391.569,0.0321332
373.5,1,390.703,0.0331557
373,1,389.837,0.034091
372.5,1,388.971,0.0355744
372,1,388.105,0.0360566
371.5,1,387.239,0.0358791
371,1,386.373,0.036245
370.5,1,385.507,0.0363629
370,1,384.641,0.0372337
369.5,1,383.775,0.0389498
369,1,382.909,0.039942
368.5,1,382.043,0.040848
368,1,381.177,0.0417672
367.5,1,380.311,0.0429113
367,1,379.445,0.0438967
366.5,1,378.579,0.0435268
366,1,377.713,0.0428558
365.5,1,376.847,0.0420345
365,1,375.981,0.0410904
364.5,1,375.115,0.0400986
364,1,374.249,0.0395865
363.5,1,373.383,0.0395757
363,1,372.517,0.0400603
362.5,1,371.651,0.0418184
362,1,370.785,0.0435093
361.5,1,369.919,0.0447286
361,1,369.053,0.0447741
360.5,1,368.187,0.0446055
360,1,367.321,0.0440468
359.5,1,366.454,0.0435645
359,1,365.588,0.0433188
358.5,1,364.722,0.0434665
358,1,363.856,0.0435126
357.5,1,362.99,0.0431004
357,1,362.124,0.0419461
356.5,1,361.258,0.0414129
356,1,360.392,0.0418711
355.5,1,359.526,0.0413437
355,1,358.66,0.040928
354.5,1,357.794,0.0404481
354,1,356.928,0.0396436
353.5,1,356.062,0.0383684
353,1,355.196,0.0371561
352.5,1,354.33,0.0360414
352,1,353.464,0.0342963
351.5,1,352.598,0.0322942
351,1,351.732,0.0295799
350.5,1,350.866,0.0262164
350,1,350,0.0232521
349.5,1,349.134,0.0201213
349,1,348.268,0.0199541
348.5,1,347.402,0.0195759
348,1,346.536,0.0189258
347.5,1,345.67,0.0196286
347,1,344.804,0.0201169
346.5,1,343.938,0.0200813
346,1,343.072,0.0233112
345.5,1,342.206,0.0267363
345,1,341.34,0.0306724
344.5,1,340.474,0.0346756
344,1,339.608,0.038506
343.5,1,338.742,0.0405538
343,1,337.876,0.0441403
342.5,1,337.01,0.0488471
342,1,336.144,0.0504829
341.5,1,335.278,0.0515962
341,1,334.412,0.0519934
340.5,1,333.546,0.0523734
340,1,332.679,0.0527618
339.5,1,331.813,0.0532137
339,1,330.947,0.0536428
338.5,1,330.081,0.054045
338,1,329.215,0.054319
337.5,1,328.349,0.0545007
337,1,327.483,0.0545823
336.5,1,326.617,0.0545454
336,1,325.751,0.0545128
335.5,1,324.885,0.0545109
335,1,324.019,0.0546051
334.5,1,323.153,0.0549094
334,1,322.287,0.0553187
333.5,1,321.421,0.0555469
333,1,320.555,0.05606
332.5,1,319.689,0.0565198
332,1,318.823,0.056762
331.5,1,317.957,0.057017
331,1,317.091,0.0567642
330.5,1,316.225,0.0565657
330,1,315.359,0.0566598
329.5,1,314.493,0.0575277
329,1,313.627,0.0581829
328.5,1,312.761,0.0579168
328,1,311.895,0.056672
327.5,1,311.029,0.0551008
327,1,310.163,0.0543665
326.5,1,309.297,0.0537247
326,1,308.431,0.0537425
325.5,1,307.565,0.0541126
325,1,306.699,0.0542252
324.5,1,305.833,0.05433
324,1,304.967,0.0545108
323.5,1,304.101,0.0547674
323,1,303.235,0.0548782
322.5,1,302.369,0.0545695
322,1,301.503,0.0542858
321.5,1,300.637,0.0540273
321,1,299.771,0.0537938
320.5,1,298.905,0.0535854
320,1,298.038,0.0533939
319.5,1,297.172,0.051951
319,1,296.306,0.0504148
318.5,1,295.44,0.0488622
318,1,294.574,0.0473384
317.5,1,293.708,0.0453189
317,1,292.842,0.0436426
316.5,1,291.976,0.0420423
316,1,291.11,0.040691
315.5,1,290.244,0.0410394
315,1,289.378,0.0416414
314.5,1,288.512,0.0424717
314,1,287.646,0.0424682
313.5,1,286.78,0.0426846
313,1,285.914,0.0431348
312.5,1,285.048,0.0422464
312,1,284.182,0.0407573
311.5,1,283.316,0.0400087
311,1,282.45,0.039285
310.5,1,281.584,0.0385971
310,1,280.718,0.0380613
309.5,1,279.852,0.0374932
309,1,278.986,0.0368929
308.5,1,278.12,0.0297648
308,1,277.254,0.027138
307.5,1,276.388,0.026378
307,1,275.522,0.0247518
306.5,1,274.656,0.0245368
306,1,273.79,0.0250765
305.5,1,272.924,0.0261081
305,1,272.058,0.0263932
304.5,1,271.192,0.0254756
304,1,270.326,0.0239964
303.5,1,269.46,0.0228816
303,1,268.594,0.0221329
302.5,1,267.728,0.0213858
302,1,266.862,0.0210542
301.5,1,265.996,0.0212243
301,1,265.13,0.0222376
300.5,1,264.263,0.0219892
300,1,263.397,0.0211905
299.5,1,262.531,0.0200322
299,1,261.665,0.0189673
298.5,1,260.799,0.0181308
298,1,259.933,0.0175479
297.5,1,259.067,0.0169418
297,1,258.201,0.0162586
296.5,1,257.335,0.0154069
296,1,256.469,0.0146073
295.5,1,255.603,0.0138625
295,1,254.737,0.0134257
294.5,1,253.871,0.0130067
294,1,253.005,0.0126053
293.5,1,252.139,0.0124846
293,1,251.273,0.0124085
292.5,1,250.407,0.0123506
292,1,249.541,0.0123479
291.5,1,248.675,0.0123599
291,1,247.809,0.0123766
290.5,1,246.943,0.0123934
290,1,246.077,0.0124001
289.5,1,245.211,0.0123957
289,1,244.345,0.012382
288.5,1,243.479,0.012367
288,1,242.613,0.0123266
287.5,1,241.747,0.012282
287,1,240.881,0.0122357
286.5,1,240.015,0.0121939
286,1,239.149,0.0121575
285.5,1,238.283,0.0121154
285,1,237.417,0.01206
284.5,1,236.551,0.012007
284,1,235.685,0.0119336
283.5,1,234.819,0.0118646
283,1,233.953,0.0118008
282.5,1,233.087,0.0117619
282,1,232.221,0.011731
281.5,1,231.355,0.0117058
281,1,230.488,0.0116951
280.5,1,229.622,0.0116939
280,1,228.756,0.0117025
279.5,1,227.89,0.0117239
279,1,227.024,0.0117533
278.5,1,226.158,0.0117858
278,1,225.292,0.0118172
277.5,1,224.426,0.0118431
277,1,223.56,0.0118735
276.5,1,222.694,0.0119017
276,1,221.828,0.0119195
275.5,1,220.962,0.0119423
275,1,220.096,0.0119694
274.5,1,219.23,0.0119733
274,1,218.364,0.011979
273.5,1,217.498,0.0119866
273,1,216.632,0.012004
272.5,1,215.766,0.0120253
272,1,214.9,0.0120493
271.5,1,214.034,0.0120771
271,1,213.168,0.0121073
270.5,1,212.302,0.0121391
270,1,211.436,0.0121708
269.5,1,210.57,0.0122018
269,1,209.704,0.0122324
268.5,1,208.838,0.0122618
268,1,207.972,0.0122895
267.5,1,207.106,0.0123165
267,1,206.24,0.0123443
266.5,1,205.374,0.0123765
266,1,204.508,0.0124071
265.5,1,203.642,0.0124373
265,1,202.776,0.0124632
264.5,1,201.91,0.0124892
264,1,201.044,0.0125153
263.5,1,200.178,0.012532
263,1,199.312,0.0125482
262.5,1,198.446,0.0125642
262,1,197.58,0.0125746
261.5,1,196.714,0.0125825
261,1,195.847,0.0125905
260.5,1,194.981,0.0126054
260,1,194.115,0.0126231
259.5,1,193.249,0.01264
259,1,192.383,0.0126573
258.5,1,191.517,0.0126756
258,1,190.651,0.0126961
257.5,1,189.785,0.012715
257,1,188.919,0.0127299
256.5,1,188.053,0.012744
256,1,187.187,0.0127585
255.5,1,186.321,0.0127826
255,1,185.455,0.0128087
254.5,1,184.589,0.0128342
254,1,183.723,0.0128584
253.5,1,182.857,0.0128817
253,1,181.991,0.012904
252.5,1,181.125,0.0129195
252,1,180.259,0.0129323
251.5,1,179.393,0.0129439
251,1,178.527,0.0129517
250.5,1,177.661,0.0129568
250,1,176.795,0.012961
249.5,1,175.929,0.0129622
249,1,175.063,0.0129586
248.5,1,174.197,0.0129524
248,1,173.331,0.0129464
247.5,1,172.465,0.0129442
247,1,171.599,0.0129406
246.5,1,170.733,0.0129352
246,1,169.867,0.0129254
245.5,1,169.001,0.0129143
245,1,168.135,0.0129025
244.5,1,167.269,0.0129006
244,1,166.403,0.0128979
243.5,1,165.537,0.0128946
243,1,164.671,0.0128937
242.5,1,163.805,0.012893
242,1,162.939,0.0128923
241.5,1,162.072,0.0128944
241,1,161.206,0.0128977
240.5,1,160.34,0.0129009
240,1,159.474,0.0128992
239.5,1,158.608,0.0128935
239,1,157.742,0.012888
238.5,1,156.876,0.0128858
238,1,156.01,0.0128884
237.5,1,155.144,0.0128911
237,1,154.278,0.0128947
236.5,1,153.412,0.0129008
236,1,152.546,0.0129075
235.5,1,151.68,0.0129149
235,1,150.814,0.0129252
234.5,1,149.948,0.0129356
234,1,149.082,0.0129464
233.5,1,148.216,0.0129521
233,1,147.35,0.0129573
232.5,1,146.484,0.0129626
232,1,145.618,0.0129703
231.5,1,144.752,0.0129787
231,1,143.886,0.0129868
230.5,1,143.02,0.013
230,1,142.154,0.0130162
229.5,1,141.288,0.0130317
229,1,140.422,0.0130444
228.5,1,139.556,0.013054
228,1,138.69,0.0130626
227.5,1,137.824,0.0130677
227,1,136.958,0.0130657
226.5,1,136.092,0.0130631
226,1,135.226,0.0130603
225.5,1,134.36,0.0130585
225,1,133.494,0.013056
224.5,1,132.628,0.0130532
224,1,131.762,0.0130493
223.5,1,130.896,0.0130451
223,1,130.03,0.0130404
222.5,1,129.164,0.0130376
222,1,128.297,0.0130351
221.5,1,127.431,0.0130324
221,1,126.565,0.0130227
220.5,1,125.699,0.0130093
220,1,124.833,0.0129954
219.5,1,123.967,0.0129863
219,1,123.101,0.0129821
218.5,1,122.235,0.012978
218,1,121.369,0.0129778
217.5,1,120.503,0.0129838
217,1,119.637,0.0129882
216.5,1,118.771,0.0129905
216,1,117.905,0.0129893
215.5,1,117.039,0.0129878
215,1,116.173,0.0129859
214.5,1,115.307,0.0129776
214,1,114.441,0.0129688
213.5,1,113.575,0.0129599
213,1,112.709,0.0129528
212.5,1,111.843,0.012946
212,1,110.977,0.0129394
211.5,1,110.111,0.0129356
211,1,109.245,0.0129331
210.5,1,108.379,0.0129308
210,1,107.513,0.0129269
209.5,1,106.647,0.0129219
209,1,105.781,0.0129168
208.5,1,104.915,0.0129122
208,1,104.049,0.0129085
207.5,1,103.183,0.0129051
207,1,102.317,0.012901
206.5,1,101.451,0.0128939
206,1,100.585,0.0128862
205.5,1,99.7187,0.0128806
205,1,98.8526,0.012889
204.5,1,97.9866,0.0128959
204,1,97.1206,0.0129012
203.5,1,96.2546,0.0128949
203,1,95.3885,0.0128885
202.5,1,94.5225,0.0128827
202,1,93.6565,0.0128841
201.5,1,92.7905,0.0128868
201,1,91.9244,0.012889
200.5,1,91.0584,0.0128825
200,1,90.1924,0.0128723
