x,y,z,b
500,1,609.808,0.0120937
499.5,1,608.942,0.012158
499,1,608.076,0.0122119
498.5,1,607.21,0.0122326
498,1,606.344,0.0122534
497.5,1,605.477,0.0122769
497,1,604.611,0.0123097
496.5,1,603.745,0.0123424
496,1,602.879,0.0123713
495.5,1,602.013,0.012369
495,1,601.147,0.0123686
494.5,1,600.281,0.0123701
494,1,599.415,0.0123745
493.5,1,598.549,0.0123752
493,1,597.683,0.0123725
492.5,1,596.817,0.012383
492,1,595.951,0.0124021
491.5,1,595.085,0.0124247
491,1,594.219,0.012429
490.5,1,593.353,0.0124188
490,1,592.487,0.0124077
489.5,1,591.621,0.0124144
489,1,590.755,0.012447
488.5,1,589.889,0.0124798
488,1,589.023,0.0125079
487.5,1,588.157,0.0125212
487,1,587.291,0.0125319
486.5,1,586.425,0.0125456
486,1,585.559,0.0126021
485.5,1,584.693,0.0126589
485,1,583.827,0.0127119
484.5,1,582.961,0.0127511
484,1,582.095,0.0127885
483.5,1,581.229,0.0128246
483,1,580.363,0.0128516
482.5,1,579.497,0.0128759
482,1,578.631,0.0128978
481.5,1,577.765,0.0128867
481,1,576.899,0.0128597
480.5,1,576.033,0.0128358
480,1,575.167,0.012808
479.5,1,574.301,0.0127729
479,1,573.435,0.0127397
478.5,1,572.569,0.0127169
478,1,571.703,0.0127104
477.5,1,570.836,0.0127041
477,1,569.97,0.0127051
476.5,1,569.104,0.0127393
476,1,568.238,0.0127646
475.5,1,567.372,0.0127811
475,1,566.506,0.0127938
474.5,1,565.64,0.0127911
474,1,564.774,0.0127809
473.5,1,563.908,0.0128073
473,1,563.042,0.0128365
472.5,1,562.176,0.0128612
472,1,561.31,0.0128215
471.5,1,560.444,0.0127579
471,1,559.578,0.0127002
470.5,1,558.712,0.0126857
470,1,557.846,0.0127085
469.5,1,556.98,0.0127337
469,1,556.114,0.0127398
468.5,1,555.248,0.0127112
468,1,554.382,0.0126811
467.5,1,553.516,0.0126642
467,1,552.65,0.0126954
466.5,1,551.784,0.0127238
466,1,550.918,0.0127458
465.5,1,550.052,0.0127234
465,1,549.186,0.0127014
464.5,1,548.32,0.0126798
464,1,547.454,0.0126683
463.5,1,546.588,0.0126634
463,1,545.722,0.0126696
462.5,1,544.856,0.0127568
462,1,543.99,0.0128822
461.5,1,543.124,0.0130235
461,1,542.258,0.0131927
460.5,1,541.392,0.0133671
460,1,540.526,0.0135335
459.5,1,539.66,0.0136792
459,1,538.794,0.0137935
458.5,1,537.928,0.0138935
458,1,537.061,0.0139844
457.5,1,536.195,0.014079
457,1,535.329,0.0141708
456.5,1,534.463,0.0142691
456,1,533.597,0.014438
455.5,1,532.731,0.0146178
455,1,531.865,0.0148106
454.5,1,530.999,0.0150063
454,1,530.133,0.0152092
453.5,1,529.267,0.0154195
453,1,528.401,0.0156047
452.5,1,527.535,0.0157848
452,1,526.669,0.0159624
451.5,1,525.803,0.0161714
451,1,524.937,0.0164002
450.5,1,524.071,0.0166325
450,1,523.205,0.0168721
449.5,1,522.339,0.0171137
449,1,521.473,0.0173547
448.5,1,520.607,0.0175628
448,1,519.741,0.0177035
447.5,1,518.875,0.0178546
447,1,518.009,0.0179923
446.5,1,517.143,0.0180251
446,1,516.277,0.0180644
445.5,1,515.411,0.0181083
445,1,514.545,0.0180671
444.5,1,513.679,0.0180306
444,1,512.813,0.0179871
443.5,1,511.947,0.0180412
443,1,511.081,0.0180897
442.5,1,510.215,0.0181155
442,1,509.349,0.01828
441.5,1,508.483,0.0183839
441,1,507.617,0.0184911
440.5,1,506.751,0.0188117
440,1,505.885,0.01921
439.5,1,505.019,0.0194412
439,1,504.153,0.0194996
438.5,1,503.286,0.0196006
438,1,502.42,0.0197139
437.5,1,501.554,0.0198216
437,1,500.688,0.0199486
436.5,1,499.822,0.0199668
436,1,498.956,0.0199452
435.5,1,498.09,0.0202226
435,1,497.224,0.0206509
434.5,1,496.358,0.0212301
434,1,495.492,0.0219443
433.5,1,494.626,0.0225707
433,1,493.76,0.0230881
432.5,1,492.894,0.0236017
432,1,492.028,0.0240877
431.5,1,491.162,0.0245385
431,1,490.296,0.0248647
430.5,1,489.43,0.0251194
430,1,488.564,0.0253829
429.5,1,487.698,0.0257566
429,1,486.832,0.0263082
428.5,1,485.966,0.0268686
428,1,485.1,0.0273666
427.5,1,484.234,0.0276454
427,1,483.368,0.027972
426.5,1,482.502,0.0282863
426,1,481.636,0.0281589
425.5,1,480.77,0.028054
425,1,479.904,0.0279832
424.5,1,479.038,0.02886
424,1,478.172,0.0296456
423.5,1,477.306,0.0303163
423,1,476.44,0.0303731
422.5,1,475.574,0.0303227
422,1,474.708,0.0303034
421.5,1,473.842,0.0303139
421,1,472.976,0.0303564
420.5,1,472.11,0.0304437
420,1,471.244,0.03181
419.5,1,470.378,0.0344447
419,1,469.512,0.0378833
418.5,1,468.645,0.0386692
418,1,467.779,0.0392307
417.5,1,466.913,0.039557
417,1,466.047,0.0399419
416.5,1,465.181,0.0404316
416,1,464.315,0.0410261
415.5,1,463.449,0.0417255
415,1,462.583,0.0425296
414.5,1,461.717,0.0428698
414,1,460.851,0.0425687
413.5,1,459.985,0.0422916
413,1,459.119,0.0382413
412.5,1,458.253,0.0359981
412,1,457.387,0.0349257
411.5,1,456.521,0.0342361
411,1,455.655,0.0334592
410.5,1,454.789,0.034054
410,1,453.923,0.0351146
409.5,1,453.057,0.0354189
409,1,452.191,0.0348354
408.5,1,451.325,0.0347993
408,1,450.459,0.0354102
407.5,1,449.593,0.0359998
407,1,448.727,0.0364488
406.5,1,447.861,0.0366846
406,1,446.995,0.0366651
405.5,1,446.129,0.0361303
405,1,445.263,0.0355099
404.5,1,444.397,0.0348039
404,1,443.531,0.0350891
403.5,1,442.665,0.0354073
403,1,441.799,0.0356369
402.5,1,440.933,0.035677
402,1,440.067,0.0355144
401.5,1,439.201,0.0351481
401,1,438.335,0.0346115
400.5,1,437.469,0.0338149
400,1,436.603,0.0333257
399.5,1,435.737,0.0326562
399,1,434.87,0.0319985
398.5,1,434.004,0.0316095
398,1,433.138,0.0303566
397.5,1,432.272,0.0293536
397,1,431.406,0.0284935
396.5,1,430.54,0.0278239
396,1,429.674,0.0272892
395.5,1,428.808,0.0272205
395,1,427.942,0.0277699
394.5,1,427.076,0.0286795
394,1,426.21,0.0295929
393.5,1,425.344,0.0294994
393,1,424.478,0.0288278
392.5,1,423.612,0.0278565
392,1,422.746,0.0268401
391.5,1,421.88,0.0257796
391,1,421.014,0.0247652
390.5,1,420.148,0.0237112
390,1,419.282,0.0225727
389.5,1,418.416,0.0219507
389,1,417.55,0.0214594
388.5,1,416.684,0.021474
388,1,415.818,0.0221725
387.5,1,414.952,0.0236455
387,1,414.086,0.0254262
386.5,1,413.22,0.0276418
386,1,412.354,0.0309719
385.5,1,411.488,0.0321642
385,1,410.622,0.0323044
384.5,1,409.756,0.0321735
384,1,408.89,0.0319572
383.5,1,408.024,0.0329725
383,1,407.158,0.033855
382.5,1,406.292,0.0344277
382,1,405.426,0.0352745
381.5,1,404.56,0.0364238
381,1,403.694,0.037579
380.5,1,402.828,0.0391174
380,1,401.962,0.0408078
379.5,1,401.095,0.0437762
379,1,400.229,0.0453302
378.5,1,399.363,0.0521003
378,1,398.497,0.0611089
377.5,1,397.631,0.0673772
377,1,396.765,0.0738355
376.5,1,395.899,0.0803696
376,1,395.033,0.0865402
375.5,1,394.167,0.0892551
375,1,393.301,0.0920279
374.5,1,392.435,0.0948327
374,1,391.569,0.0942944
373.5,1,390.703,0.0943945
373,1,389.837,0.0946297
372.5,1,388.971,0.0898784
372,1,388.105,0.0858598
371.5,1,387.239,0.0840563
371,1,386.373,0.0816017
370.5,1,385.507,0.0753079
370,1,384.641,0.0716275
369.5,1,383.775,0.0747085
369,1,382.909,0.079742
368.5,1,382.043,0.0844689
368,1,381.177,0.0891662
367.5,1,380.311,0.0899143
367,1,379.445,0.0881064
366.5,1,378.579,0.0857027
366,1,377.713,0.0823664
365.5,1,376.847,0.0798913
365,1,375.981,0.0782851
364.5,1,375.115,0.0752477
364,1,374.249,0.0683088
363.5,1,373.383,0.0757384
363,1,372.517,0.0792969
362.5,1,371.651,0.0831121
362,1,370.785,0.0846543
361.5,1,369.919,0.0830798
361,1,369.053,0.0828238
360.5,1,368.187,0.0826465
360,1,367.321,0.0829274
359.5,1,366.454,0.0822082
359,1,365.588,0.0799832
358.5,1,364.722,0.0768757
358,1,363.856,0.070828
357.5,1,362.99,0.0646756
357,1,362.124,0.0535495
356.5,1,361.258,0.050067
356,1,360.392,0.0572359
355.5,1,359.526,0.0530778
355,1,358.66,0.053038
354.5,1,357.794,0.0547316
354,1,356.928,0.0554186
353.5,1,356.062,0.056422
353,1,355.196,0.0575645
352.5,1,354.33,0.0592477
352,1,353.464,0.0606461
351.5,1,352.598,0.0572099
351,1,351.732,0.0524849
350.5,1,350.866,0.0429937
350,1,350,0.0410684
349.5,1,349.134,0.040874
349,1,348.268,0.0449619
348.5,1,347.402,0.0510994
348,1,346.536,0.0570962
347.5,1,345.67,0.0591829
347,1,344.804,0.0569484
346.5,1,343.938,0.0523719
346,1,343.072,0.0557173
345.5,1,342.206,0.0532101
345,1,341.34,0.0543914
344.5,1,340.474,0.0628224
344,1,339.608,0.0688252
343.5,1,338.742,0.081285
343,1,337.876,0.0929922
342.5,1,337.01,0.102333
342,1,336.144,0.108403
341.5,1,335.278,0.112178
341,1,334.412,0.113957
340.5,1,333.546,0.114174
340,1,332.679,0.114232
339.5,1,331.813,0.114061
339,1,330.947,0.114301
338.5,1,330.081,0.114023
338,1,329.215,0.114118
337.5,1,328.349,0.115522
337,1,327.483,0.116529
336.5,1,326.617,0.117116
336,1,325.751,0.118668
335.5,1,324.885,0.120613
335,1,324.019,0.121522
334.5,1,323.153,0.122542
334,1,322.287,0.123698
333.5,1,321.421,0.124511
333,1,320.555,0.124375
332.5,1,319.689,0.124428
332,1,318.823,0.124501
331.5,1,317.957,0.123301
331,1,317.091,0.121483
330.5,1,316.225,0.120323
330,1,315.359,0.119687
329.5,1,314.493,0.118936
329,1,313.627,0.118304
328.5,1,312.761,0.117977
328,1,311.895,0.118622
327.5,1,311.029,0.12015
327,1,310.163,0.120439
326.5,1,309.297,0.118697
326,1,308.431,0.115977
325.5,1,307.565,0.104747
325,1,306.699,0.0955727
324.5,1,305.833,0.0952858
324,1,304.967,0.0964807
323.5,1,304.101,0.0929584
323,1,303.235,0.0855601
322.5,1,302.369,0.0765902
322,1,301.503,0.0667563
321.5,1,300.637,0.0682729
321,1,299.771,0.0700136
320.5,1,298.905,0.0740502
320,1,298.038,0.0800918
319.5,1,297.172,0.0835516
319,1,296.306,0.0865869
318.5,1,295.44,0.0885502
318,1,294.574,0.0904892
317.5,1,293.708,0.091221
317,1,292.842,0.0886902
316.5,1,291.976,0.0815837
316,1,291.11,0.059081
315.5,1,290.244,0.0406591
315,1,289.378,0.0349428
314.5,1,288.512,0.0352136
314,1,287.646,0.0364514
313.5,1,286.78,0.0341427
313,1,285.914,0.0323497
312.5,1,285.048,0.0306453
312,1,284.182,0.0326292
311.5,1,283.316,0.0285405
311,1,282.45,0.0258301
310.5,1,281.584,0.0261262
310,1,280.718,0.0233929
309.5,1,279.852,0.0214094
309,1,278.986,0.0206284
308.5,1,278.12,0.0198581
308,1,277.254,0.0191361
307.5,1,276.388,0.0184975
307,1,275.522,0.0178552
306.5,1,274.656,0.0172346
306,1,273.79,0.0164442
305.5,1,272.924,0.0157627
305,1,272.058,0.0151867
304.5,1,271.192,0.0143829
304,1,270.326,0.0135493
303.5,1,269.46,0.0131964
303,1,268.594,0.0129748
302.5,1,267.728,0.0127547
302,1,266.862,0.0125468
301.5,1,265.996,0.0127994
301,1,265.13,0.0131762
300.5,1,264.263,0.0135396
300,1,263.397,0.0138478
299.5,1,262.531,0.0140384
299,1,261.665,0.0141053
298.5,1,260.799,0.0141642
298,1,259.933,0.0142221
297.5,1,259.067,0.0142733
297,1,258.201,0.0143221
296.5,1,257.335,0.0143747
296,1,256.469,0.0144183
295.5,1,255.603,0.0144459
295,1,254.737,0.0144378
294.5,1,253.871,0.0144101
294,1,253.005,0.0143628
293.5,1,252.139,0.0142836
293,1,251.273,0.0141957
292.5,1,250.407,0.0141004
292,1,249.541,0.0140226
291.5,1,248.675,0.0139496
291,1,247.809,0.0138849
290.5,1,246.943,0.0138601
290,1,246.077,0.013852
289.5,1,245.211,0.0138435
289,1,244.345,0.0138518
288.5,1,243.479,0.0138815
288,1,242.613,0.0139256
287.5,1,241.747,0.0139725
287,1,240.881,0.0140273
286.5,1,240.015,0.0140833
286,1,239.149,0.0141402
285.5,1,238.283,0.0142015
285,1,237.417,0.0142735
284.5,1,236.551,0.0143506
284,1,235.685,0.0144255
283.5,1,234.819,0.0145069
283,1,233.953,0.0145949
282.5,1,233.087,0.0146789
282,1,232.221,0.0147588
281.5,1,231.355,0.0148367
281,1,230.488,0.0149115
280.5,1,229.622,0.0149899
280,1,228.756,0.0150784
279.5,1,227.89,0.0151894
279,1,227.024,0.0153158
278.5,1,226.158,0.0154408
278,1,225.292,0.0155582
277.5,1,224.426,0.0156612
277,1,223.56,0.0157662
276.5,1,222.694,0.0158648
276,1,221.828,0.0159451
275.5,1,220.962,0.0160151
275,1,220.096,0.0160744
274.5,1,219.23,0.0161265
274,1,218.364,0.0161872
273.5,1,217.498,0.0162554
273,1,216.632,0.0163357
272.5,1,215.766,0.0164309
272,1,214.9,0.0165412
271.5,1,214.034,0.0166689
271,1,213.168,0.0167996
270.5,1,212.302,0.0169302
270,1,211.436,0.0170025
269.5,1,210.57,0.0170344
269,1,209.704,0.0170541
268.5,1,208.838,0.0170336
268,1,207.972,0.0169682
267.5,1,207.106,0.0169154
267,1,206.24,0.0168594
266.5,1,205.374,0.0167578
266,1,204.508,0.0166477
265.5,1,203.642,0.0165501
265,1,202.776,0.0164368
264.5,1,201.91,0.0163269
264,1,201.044,0.0162204
263.5,1,200.178,0.0160689
263,1,199.312,0.0159054
262.5,1,198.446,0.0157387
262,1,197.58,0.0156177
261.5,1,196.714,0.0155047
261,1,195.847,0.015385
260.5,1,194.981,0.0153055
260,1,194.115,0.0152486
259.5,1,193.249,0.015187
259,1,192.383,0.0151206
258.5,1,191.517,0.0150527
258,1,190.651,0.0149959
257.5,1,189.785,0.0149905
257,1,188.919,0.0150672
256.5,1,188.053,0.0151163
256,1,187.187,0.0151246
255.5,1,186.321,0.0150478
255,1,185.455,0.0149975
254.5,1,184.589,0.0149826
254,1,183.723,0.0150393
253.5,1,182.857,0.0150497
253,1,181.991,0.015012
252.5,1,181.125,0.0150059
252,1,180.259,0.0150525
251.5,1,179.393,0.0151423
251,1,178.527,0.0151765
250.5,1,177.661,0.0151319
250,1,176.795,0.0150428
249.5,1,175.929,0.0149756
249,1,175.063,0.0149969
248.5,1,174.197,0.0150644
248,1,173.331,0.0152361
247.5,1,172.465,0.0155017
247,1,171.599,0.0157186
246.5,1,170.733,0.0158536
246,1,169.867,0.0158997
245.5,1,169.001,0.0159763
245,1,168.135,0.016087
244.5,1,167.269,0.0163084
244,1,166.403,0.0165242
243.5,1,165.537,0.0167414
243,1,164.671,0.0167206
242.5,1,163.805,0.0166996
242,1,162.939,0.0167144
241.5,1,162.072,0.0166805
241,1,161.206,0.0166115
240.5,1,160.34,0.0165307
240,1,159.474,0.0164742
239.5,1,158.608,0.0164583
239,1,157.742,0.0164642
238.5,1,156.876,0.0164407
238,1,156.01,0.0163266
237.5,1,155.144,0.0161896
237,1,154.278,0.0160982
236.5,1,153.412,0.0162166
236,1,152.546,0.0163573
235.5,1,151.68,0.0164829
235,1,150.814,0.0162689
234.5,1,149.948,0.0160259
234,1,149.082,0.0157541
233.5,1,148.216,0.015955
233,1,147.35,0.0162074
232.5,1,146.484,0.0164735
232,1,145.618,0.0163589
231.5,1,144.752,0.0161175
231,1,143.886,0.0158602
230.5,1,143.02,0.0158367
230,1,142.154,0.0159775
229.5,1,141.288,0.0161317
229,1,140.422,0.0161134
228.5,1,139.556,0.0158778
228,1,138.69,0.0156396
227.5,1,137.824,0.015518
227,1,136.958,0.0156619
226.5,1,136.092,0.0158076
226,1,135.226,0.015917
225.5,1,134.36,0.0158105
225,1,133.494,0.0157215
224.5,1,132.628,0.0156538
224,1,131.762,0.0156883
223.5,1,130.896,0.0157125
223,1,130.03,0.0157254
222.5,1,129.164,0.0157176
222,1,128.297,0.015719
221.5,1,127.431,0.0157343
221,1,126.565,0.0157186
220.5,1,125.699,0.0156747
220,1,124.833,0.0156186
219.5,1,123.967,0.0156224
219,1,123.101,0.0157032
218.5,1,122.235,0.0157932
218,1,121.369,0.015819
217.5,1,120.503,0.0157101
217,1,119.637,0.0155878
216.5,1,118.771,0.0154952
216,1,117.905,0.0155514
215.5,1,117.039,0.0156096
215,1,116.173,0.0156614
214.5,1,115.307,0.0155268
214,1,114.441,0.0153867
213.5,1,113.575,0.0152433
213,1,112.709,0.0152762
212.5,1,111.843,0.0153264
212,1,110.977,0.0153706
211.5,1,110.111,0.0152942
211,1,109.245,0.0151836
210.5,1,108.379,0.0150814
210,1,107.513,0.0150328
209.5,1,106.647,0.0150105
209,1,105.781,0.0149763
208.5,1,104.915,0.0149284
208,1,104.049,0.014888
207.5,1,103.183,0.014862
207,1,102.317,0.0148286
206.5,1,101.451,0.0147331
206,1,100.585,0.0146355
205.5,1,99.7187,0.0145458
205,1,98.8526,0.0145496
204.5,1,97.9866,0.0145567
204,1,97.1206,0.0145669
203.5,1,96.2546,0.0145465
203,1,95.3885,0.0145244
202.5,1,94.5225,0.0145
202,1,93.6565,0.0145108
201.5,1,92.7905,0.0145323
201,1,91.9244,0.0145547
200.5,1,91.0584,0.0145729
200,1,90.1924,0.0145853
