x,y,z,b
500,1,609.808,0.0118217
499.5,1,608.942,0.0117931
499,1,608.076,0.0117611
498.5,1,607.21,0.011724
498,1,606.344,0.0116895
497.5,1,605.477,0.0116504
497,1,604.611,0.0115859
496.5,1,603.745,0.0115224
496,1,602.879,0.011461
495.5,1,602.013,0.0114016
495,1,601.147,0.011341
494.5,1,600.281,0.0112793
494,1,599.415,0.0112457
493.5,1,598.549,0.0112104
493,1,597.683,0.011175
492.5,1,596.817,0.0111623
492,1,595.951,0.0111545
491.5,1,595.085,0.0111424
491,1,594.219,0.011138
490.5,1,593.353,0.0111417
490,1,592.487,0.0111434
489.5,1,591.621,0.0111519
489,1,590.755,0.0111692
488.5,1,589.889,0.011181
488,1,589.023,0.0112041
487.5,1,588.157,0.011265
487,1,587.291,0.0113145
486.5,1,586.425,0.0113593
486,1,585.559,0.01145
485.5,1,584.693,0.0115385
485,1,583.827,0.0116255
484.5,1,582.961,0.0116597
484,1,582.095,0.0116964
483.5,1,581.229,0.011738
483,1,580.363,0.0117333
482.5,1,579.497,0.0117213
482,1,578.631,0.0117208
481.5,1,577.765,0.0117153
481,1,576.899,0.0117179
480.5,1,576.033,0.0117377
480,1,575.167,0.0118247
479.5,1,574.301,0.0120206
479,1,573.435,0.0122546
478.5,1,572.569,0.0125329
478,1,571.703,0.0128424
477.5,1,570.836,0.0131402
477,1,569.97,0.0134004
476.5,1,569.104,0.0135399
476,1,568.238,0.0136728
475.5,1,567.372,0.0137986
475,1,566.506,0.0138788
474.5,1,565.64,0.013958
474,1,564.774,0.0140191
473.5,1,563.908,0.0139832
473,1,563.042,0.0139354
472.5,1,562.176,0.0138916
472,1,561.31,0.01381
471.5,1,560.444,0.0137083
471,1,559.578,0.0136041
470.5,1,558.712,0.0135007
470,1,557.846,0.0133888
469.5,1,556.98,0.0132731
469,1,556.114,0.0131651
468.5,1,555.248,0.0130635
468,1,554.382,0.0129497
467.5,1,553.516,0.0128403
467,1,552.65,0.012776
466.5,1,551.784,0.0127013
466,1,550.918,0.0126204
465.5,1,550.052,0.0125984
465,1,549.186,0.0125706
464.5,1,548.32,0.0125369
464,1,547.454,0.0125796
463.5,1,546.588,0.0126321
463,1,545.722,0.0126709
462.5,1,544.856,0.0127572
462,1,543.99,0.0128743
461.5,1,543.124,0.0130068
461,1,542.258,0.0131156
460.5,1,541.392,0.013197
460,1,540.526,0.0132828
459.5,1,539.66,0.0133652
459,1,538.794,0.013425
458.5,1,537.928,0.0134834
458,1,537.061,0.0135404
457.5,1,536.195,0.0135929
457,1,535.329,0.0136471
456.5,1,534.463,0.0136995
456,1,533.597,0.0137264
455.5,1,532.731,0.0137504
455,1,531.865,0.013779
454.5,1,530.999,0.0138459
454,1,530.133,0.0139091
453.5,1,529.267,0.0139676
453,1,528.401,0.0140237
452.5,1,527.535,0.0140658
452,1,526.669,0.0141161
451.5,1,525.803,0.0142459
451,1,524.937,0.0144086
450.5,1,524.071,0.0145556
450,1,523.205,0.0146243
449.5,1,522.339,0.0146318
449,1,521.473,0.0146397
448.5,1,520.607,0.0147072
448,1,519.741,0.0148986
447.5,1,518.875,0.0150763
447,1,518.009,0.0152126
446.5,1,517.143,0.0152237
446,1,516.277,0.0152399
445.5,1,515.411,0.0152638
445,1,514.545,0.0154041
444.5,1,513.679,0.0155348
444,1,512.813,0.0156583
443.5,1,511.947,0.0156969
443,1,511.081,0.0157177
442.5,1,510.215,0.015733
442,1,509.349,0.0156956
441.5,1,508.483,0.015625
441,1,507.617,0.0155531
440.5,1,506.751,0.0155472
440,1,505.885,0.0156041
439.5,1,505.019,0.0156677
439,1,504.153,0.015698
438.5,1,503.286,0.0156743
438,1,502.42,0.0156659
437.5,1,501.554,0.0156901
437,1,500.688,0.0157809
436.5,1,499.822,0.0158812
436,1,498.956,0.0159795
435.5,1,498.09,0.0159547
435,1,497.224,0.0159428
434.5,1,496.358,0.015944
434,1,495.492,0.015881
433.5,1,494.626,0.0158003
433,1,493.76,0.0157175
432.5,1,492.894,0.0156839
432,1,492.028,0.015655
431.5,1,491.162,0.0156135
431,1,490.296,0.0155756
430.5,1,489.43,0.0155371
430,1,488.564,0.0154967
429.5,1,487.698,0.0155239
429,1,486.832,0.0156357
428.5,1,485.966,0.0157368
428,1,485.1,0.0158585
427.5,1,484.234,0.0160276
427,1,483.368,0.0161612
426.5,1,482.502,0.0162624
426,1,481.636,0.0163553
425.5,1,480.77,0.0164292
425,1,479.904,0.0164867
424.5,1,479.038,0.0166738
424,1,478.172,0.0168617
423.5,1,477.306,0.0170471
423,1,476.44,0.0173172
422.5,1,475.574,0.0175993
422,1,474.708,0.0178976
421.5,1,473.842,0.018324
421,1,472.976,0.0188116
420.5,1,472.11,0.0192945
420,1,471.244,0.0197939
419.5,1,470.378,0.02031
419,1,469.512,0.0208112
418.5,1,468.645,0.0212901
418,1,467.779,0.0217453
417.5,1,466.913,0.0221678
417,1,466.047,0.0225418
416.5,1,465.181,0.022798
416,1,464.315,0.0230485
415.5,1,463.449,0.0232929
415,1,462.583,0.0235097
414.5,1,461.717,0.0237301
414,1,460.851,0.0239438
413.5,1,459.985,0.0240482
413,1,459.119,0.0241354
412.5,1,458.253,0.0242196
412,1,457.387,0.0242722
411.5,1,456.521,0.0243162
411,1,455.655,0.0243088
410.5,1,454.789,0.0244213
410,1,453.923,0.0246387
409.5,1,453.057,0.0248637
409,1,452.191,0.0251019
408.5,1,451.325,0.0253865
408,1,450.459,0.0257206
407.5,1,449.593,0.0261248
407,1,448.727,0.0266266
406.5,1,447.861,0.0272052
406,1,446.995,0.0278903
405.5,1,446.129,0.0289952
405,1,445.263,0.0302119
404.5,1,444.397,0.0315405
404,1,443.531,0.0327737
403.5,1,442.665,0.0339845
403,1,441.799,0.0349059
402.5,1,440.933,0.0349913
402,1,440.067,0.0350892
401.5,1,439.201,0.0353992
401,1,438.335,0.035077
400.5,1,437.469,0.034071
400,1,436.603,0.0331041
399.5,1,435.737,0.0330906
399,1,434.87,0.0343124
398.5,1,434.004,0.0349916
398,1,433.138,0.0360887
397.5,1,432.272,0.0378681
397,1,431.406,0.0400319
396.5,1,430.54,0.0407569
396,1,429.674,0.0410256
395.5,1,428.808,0.0406753
395,1,427.942,0.040038
394.5,1,427.076,0.0395244
394,1,426.21,0.0398001
393.5,1,425.344,0.0405521
393,1,424.478,0.0416152
392.5,1,423.612,0.0422831
392,1,422.746,0.0429947
391.5,1,421.88,0.0433992
391,1,421.014,0.0466355
390.5,1,420.148,0.0483768
390,1,419.282,0.0498334
389.5,1,418.416,0.0512181
389,1,417.55,0.0527209
388.5,1,416.684,0.0541643
388,1,415.818,0.0553775
387.5,1,414.952,0.0567909
387,1,414.086,0.0580231
386.5,1,413.22,0.0593819
386,1,412.354,0.0602303
385.5,1,411.488,0.060679
385,1,410.622,0.0609078
384.5,1,409.756,0.0611929
384,1,408.89,0.0615345
383.5,1,408.024,0.0619325
383,1,407.158,0.0621333
382.5,1,406.292,0.0618866
382,1,405.426,0.0618092
381.5,1,404.56,0.0614599
381,1,403.694,0.0608816
380.5,1,402.828,0.0605922
380,1,401.962,0.060452
379.5,1,401.095,0.0602026
379,1,400.229,0.0604003
378.5,1,399.363,0.0614569
378,1,398.497,0.0630908
377.5,1,397.631,0.0631613
377,1,396.765,0.0632564
376.5,1,395.899,0.0632579
376,1,395.033,0.0632933
375.5,1,394.167,0.063432
375,1,393.301,0.0636741
374.5,1,392.435,0.063907
374,1,391.569,0.0637823
373.5,1,390.703,0.0635672
373,1,389.837,0.0632582
372.5,1,388.971,0.0630612
372,1,388.105,0.0629761
371.5,1,387.239,0.0630029
371,1,386.373,0.0631416
370.5,1,385.507,0.0633864
370,1,384.641,0.0635118
369.5,1,383.775,0.063541
369,1,382.909,0.0635811
368.5,1,382.043,0.0606034
368,1,381.177,0.0594759
367.5,1,380.311,0.0580323
367,1,379.445,0.0562542
366.5,1,378.579,0.0544914
366,1,377.713,0.0518966
365.5,1,376.847,0.0539666
365,1,375.981,0.0536077
364.5,1,375.115,0.0535398
364,1,374.249,0.0537461
363.5,1,373.383,0.0542247
363,1,372.517,0.0543772
362.5,1,371.651,0.0547704
362,1,370.785,0.0552366
361.5,1,369.919,0.0555841
361,1,369.053,0.0560819
360.5,1,368.187,0.0563215
360,1,367.321,0.057188
359.5,1,366.454,0.0584665
359,1,365.588,0.0613867
358.5,1,364.722,0.0615529
358,1,363.856,0.0595922
357.5,1,362.99,0.0584998
357,1,362.124,0.0574955
356.5,1,361.258,0.0570285
356,1,360.392,0.0565856
355.5,1,359.526,0.0527402
355,1,358.66,0.0483425
354.5,1,357.794,0.0449122
354,1,356.928,0.0432601
353.5,1,356.062,0.0408619
353,1,355.196,0.0412496
352.5,1,354.33,0.0436038
352,1,353.464,0.0518987
351.5,1,352.598,0.0557042
351,1,351.732,0.0549009
350.5,1,350.866,0.047257
350,1,350,0.0395196
349.5,1,349.134,0.038314
349,1,348.268,0.0507041
348.5,1,347.402,0.0593534
348,1,346.536,0.062796
347.5,1,345.67,0.0654458
347,1,344.804,0.0674279
346.5,1,343.938,0.0694342
346,1,343.072,0.07132
345.5,1,342.206,0.070794
345,1,341.34,0.0702908
344.5,1,340.474,0.0701645
344,1,339.608,0.0696968
343.5,1,338.742,0.069582
343,1,337.876,0.0695417
342.5,1,337.01,0.0684236
342,1,336.144,0.0672799
341.5,1,335.278,0.0653244
341,1,334.412,0.0638115
340.5,1,333.546,0.0638211
340,1,332.679,0.0629388
339.5,1,331.813,0.0625384
339,1,330.947,0.0626583
338.5,1,330.081,0.0626327
338,1,329.215,0.0626241
337.5,1,328.349,0.0622854
337,1,327.483,0.0615517
336.5,1,326.617,0.0610912
336,1,325.751,0.0607027
335.5,1,324.885,0.060677
335,1,324.019,0.0601996
334.5,1,323.153,0.0593837
334,1,322.287,0.0580484
333.5,1,321.421,0.0570038
333,1,320.555,0.0560956
332.5,1,319.689,0.0558669
332,1,318.823,0.0555947
331.5,1,317.957,0.0551884
331,1,317.091,0.0564281
330.5,1,316.225,0.0566153
330,1,315.359,0.0563967
329.5,1,314.493,0.0573995
329,1,313.627,0.0575937
328.5,1,312.761,0.0597764
328,1,311.895,0.060696
327.5,1,311.029,0.0609441
327,1,310.163,0.0615445
326.5,1,309.297,0.0617505
326,1,308.431,0.0628363
325.5,1,307.565,0.0651168
325,1,306.699,0.0675547
324.5,1,305.833,0.0706146
324,1,304.967,0.074193
323.5,1,304.101,0.0811551
323,1,303.235,0.0880341
322.5,1,302.369,0.0945976
322,1,301.503,0.0963351
321.5,1,300.637,0.0955443
321,1,299.771,0.093987
320.5,1,298.905,0.0865749
320,1,298.038,0.0692684
319.5,1,297.172,0.0547294
319,1,296.306,0.0553764
318.5,1,295.44,0.0530643
318,1,294.574,0.0488345
317.5,1,293.708,0.0481389
317,1,292.842,0.048551
316.5,1,291.976,0.0503469
316,1,291.11,0.0502885
315.5,1,290.244,0.0527494
315,1,289.378,0.0547031
314.5,1,288.512,0.0560848
314,1,287.646,0.0510573
313.5,1,286.78,0.0465301
313,1,285.914,0.0427815
312.5,1,285.048,0.0384067
312,1,284.182,0.0302929
311.5,1,283.316,0.0272177
311,1,282.45,0.0279127
310.5,1,281.584,0.0338223
310,1,280.718,0.0387145
309.5,1,279.852,0.0414531
309,1,278.986,0.0416696
308.5,1,278.12,0.0414213
308,1,277.254,0.0407898
307.5,1,276.388,0.0395349
307,1,275.522,0.0376569
306.5,1,274.656,0.0353494
306,1,273.79,0.0329599
305.5,1,272.924,0.0302696
305,1,272.058,0.026905
304.5,1,271.192,0.0240238
304,1,270.326,0.0228633
303.5,1,269.46,0.0200676
303,1,268.594,0.0186281
302.5,1,267.728,0.0173969
302,1,266.862,0.0160899
301.5,1,265.996,0.0151371
301,1,265.13,0.0144249
300.5,1,264.263,0.0137655
300,1,263.397,0.013221
299.5,1,262.531,0.0127643
299,1,261.665,0.0123412
298.5,1,260.799,0.0119954
298,1,259.933,0.011729
297.5,1,259.067,0.011444
297,1,258.201,0.0112017
296.5,1,257.335,0.0111541
296,1,256.469,0.011097
295.5,1,255.603,0.0110348
295,1,254.737,0.0110751
294.5,1,253.871,0.0111141
294,1,253.005,0.0111516
293.5,1,252.139,0.0113307
293,1,251.273,0.0115132
292.5,1,250.407,0.0116838
292,1,249.541,0.0118689
291.5,1,248.675,0.0120592
291,1,247.809,0.0122709
290.5,1,246.943,0.0124879
290,1,246.077,0.0126769
289.5,1,245.211,0.0128473
289,1,244.345,0.0129956
288.5,1,243.479,0.0131246
288,1,242.613,0.0132417
287.5,1,241.747,0.0133585
287,1,240.881,0.0134997
286.5,1,240.015,0.013634
286,1,239.149,0.0137611
285.5,1,238.283,0.0138809
285,1,237.417,0.0139974
284.5,1,236.551,0.0141113
284,1,235.685,0.0141912
283.5,1,234.819,0.0142621
283,1,233.953,0.0143249
282.5,1,233.087,0.0143669
282,1,232.221,0.014405
281.5,1,231.355,0.0144434
281,1,230.488,0.0144474
280.5,1,229.622,0.0144267
280,1,228.756,0.0143973
279.5,1,227.89,0.0143432
279,1,227.024,0.0142698
278.5,1,226.158,0.0141985
278,1,225.292,0.014143
277.5,1,224.426,0.0141181
277,1,223.56,0.0141056
276.5,1,222.694,0.0140951
276,1,221.828,0.0140809
275.5,1,220.962,0.0140709
275,1,220.096,0.0140659
274.5,1,219.23,0.0140984
274,1,218.364,0.0141372
273.5,1,217.498,0.0141806
273,1,216.632,0.0141992
272.5,1,215.766,0.0142179
272,1,214.9,0.0142437
271.5,1,214.034,0.0142651
271,1,213.168,0.0142712
270.5,1,212.302,0.0142706
270,1,211.436,0.0142357
269.5,1,210.57,0.0141735
269,1,209.704,0.0141181
268.5,1,208.838,0.014066
268,1,207.972,0.013998
267.5,1,207.106,0.0139222
267,1,206.24,0.013853
266.5,1,205.374,0.0138281
266,1,204.508,0.0138048
265.5,1,203.642,0.0137824
265,1,202.776,0.0137339
264.5,1,201.91,0.0136765
264,1,201.044,0.0136103
263.5,1,200.178,0.0136345
263,1,199.312,0.0136672
262.5,1,198.446,0.0137022
262,1,197.58,0.0136848
261.5,1,196.714,0.013647
261,1,195.847,0.0136033
260.5,1,194.981,0.0136057
260,1,194.115,0.0136421
259.5,1,193.249,0.0136783
259,1,192.383,0.0136705
258.5,1,191.517,0.0136055
258,1,190.651,0.0135351
257.5,1,189.785,0.0134984
257,1,188.919,0.0135356
256.5,1,188.053,0.0135724
256,1,187.187,0.0136049
255.5,1,186.321,0.0136161
255,1,185.455,0.0136314
254.5,1,184.589,0.0136475
254,1,183.723,0.0136818
253.5,1,182.857,0.0137169
253,1,181.991,0.0137523
252.5,1,181.125,0.0137618
252,1,180.259,0.0137683
251.5,1,179.393,0.0137779
251,1,178.527,0.0138137
250.5,1,177.661,0.0138628
250,1,176.795,0.0139157
249.5,1,175.929,0.0139659
249,1,175.063,0.0140084
248.5,1,174.197,0.0140456
248,1,173.331,0.0140601
247.5,1,172.465,0.014037
247,1,171.599,0.0140123
246.5,1,170.733,0.0140038
246,1,169.867,0.0140906
245.5,1,169.001,0.0141821
245,1,168.135,0.0142744
244.5,1,167.269,0.014261
244,1,166.403,0.014243
243.5,1,165.537,0.0142164
243,1,164.671,0.0142852
242.5,1,163.805,0.0143709
242,1,162.939,0.0144597
241.5,1,162.072,0.0144375
241,1,161.206,0.0143654
240.5,1,160.34,0.0142885
240,1,159.474,0.014289
239.5,1,158.608,0.014354
239,1,157.742,0.0144232
238.5,1,156.876,0.0144354
238,1,156.01,0.0143547
237.5,1,155.144,0.0142686
237,1,154.278,0.0142149
236.5,1,153.412,0.0142735
236,1,152.546,0.0143338
235.5,1,151.68,0.0143793
235,1,150.814,0.0142875
234.5,1,149.948,0.0141932
234,1,149.082,0.0140962
233.5,1,148.216,0.0141209
233,1,147.35,0.0141636
232.5,1,146.484,0.0142138
232,1,145.618,0.0141649
231.5,1,144.752,0.0140781
231,1,143.886,0.0139846
230.5,1,143.02,0.0140341
230,1,142.154,0.014166
229.5,1,141.288,0.0142994
229,1,140.422,0.014327
228.5,1,139.556,0.0142225
228,1,138.69,0.0141192
227.5,1,137.824,0.0141
227,1,136.958,0.0142572
226.5,1,136.092,0.0144112
226,1,135.226,0.0145199
225.5,1,134.36,0.0143773
225,1,133.494,0.014241
224.5,1,132.628,0.0141101
224,1,131.762,0.0142758
223.5,1,130.896,0.0144409
223,1,130.03,0.0146019
222.5,1,129.164,0.0145142
222,1,128.297,0.0143802
221.5,1,127.431,0.0142502
221,1,126.565,0.0143335
220.5,1,125.699,0.0145152
220,1,124.833,0.0146913
219.5,1,123.967,0.0146864
219,1,123.101,0.0145229
218.5,1,122.235,0.0143635
218,1,121.369,0.0143097
217.5,1,120.503,0.0144335
217,1,119.637,0.0145505
216.5,1,118.771,0.0146121
216,1,117.905,0.014472
215.5,1,117.039,0.014329
215,1,116.173,0.0141904
214.5,1,115.307,0.0142179
214,1,114.441,0.0142482
213.5,1,113.575,0.0142768
213,1,112.709,0.014207
212.5,1,111.843,0.0141139
212,1,110.977,0.0140095
211.5,1,110.111,0.0139834
211,1,109.245,0.0139958
210.5,1,108.379,0.0140165
210,1,107.513,0.013994
209.5,1,106.647,0.0139256
209,1,105.781,0.0138466
208.5,1,104.915,0.0137996
208,1,104.049,0.0138106
207.5,1,103.183,0.0138272
207,1,102.317,0.0138314
206.5,1,101.451,0.0137787
206,1,100.585,0.0137195
205.5,1,99.7187,0.0136601
205,1,98.8526,0.0136642
204.5,1,97.9866,0.0136764
204,1,97.1206,0.0136967
203.5,1,96.2546,0.0137106
203,1,95.3885,0.0137148
202.5,1,94.5225,0.0137089
202,1,93.6565,0.0136879
201.5,1,92.7905,0.0136737
201,1,91.9244,0.0136697
200.5,1,91.0584,0.0136988
200,1,90.1924,0.0137298
