x,y,z,b
500,1,609.808,0.0118375
499.5,1,608.942,0.0118126
499,1,608.076,0.0117829
498.5,1,607.21,0.0117467
498,1,606.344,0.0117115
497.5,1,605.477,0.0116705
497,1,604.611,0.0116057
496.5,1,603.745,0.0115414
496,1,602.879,0.0114793
495.5,1,602.013,0.0114183
495,1,601.147,0.0113557
494.5,1,600.281,0.0112913
494,1,599.415,0.0112572
493.5,1,598.549,0.0112222
493,1,597.683,0.0111851
492.5,1,596.817,0.0111692
492,1,595.951,0.0111598
491.5,1,595.085,0.0111482
491,1,594.219,0.0111436
490.5,1,593.353,0.0111444
490,1,592.487,0.0111441
489.5,1,591.621,0.0111525
489,1,590.755,0.0111704
488.5,1,589.889,0.0111826
488,1,589.023,0.0112062
487.5,1,588.157,0.0112681
487,1,587.291,0.0113187
486.5,1,586.425,0.0113653
486,1,585.559,0.0114614
485.5,1,584.693,0.0115546
485,1,583.827,0.0116453
484.5,1,582.961,0.011693
484,1,582.095,0.0117422
483.5,1,581.229,0.0117946
483,1,580.363,0.0117956
482.5,1,579.497,0.0117853
482,1,578.631,0.0117797
481.5,1,577.765,0.0117442
481,1,576.899,0.0116978
480.5,1,576.033,0.0116596
480,1,575.167,0.0116344
479.5,1,574.301,0.011647
479,1,573.435,0.0116949
478.5,1,572.569,0.0118291
478,1,571.703,0.0121084
477.5,1,570.836,0.012417
477,1,569.97,0.0127324
476.5,1,569.104,0.0129518
476,1,568.238,0.0131618
475.5,1,567.372,0.0133614
475,1,566.506,0.0134755
474.5,1,565.64,0.0135874
474,1,564.774,0.0136818
473.5,1,563.908,0.013686
473,1,563.042,0.0136783
472.5,1,562.176,0.0136738
472,1,561.31,0.0136057
471.5,1,560.444,0.0135003
471,1,559.578,0.0133916
470.5,1,558.712,0.0133004
470,1,557.846,0.0132095
469.5,1,556.98,0.0131064
469,1,556.114,0.0130124
468.5,1,555.248,0.0129413
468,1,554.382,0.0128552
467.5,1,553.516,0.0127685
467,1,552.65,0.0127216
466.5,1,551.784,0.0126655
466,1,550.918,0.012603
465.5,1,550.052,0.0125893
465,1,549.186,0.0125704
464.5,1,548.32,0.0125462
464,1,547.454,0.0125707
463.5,1,546.588,0.0126043
463,1,545.722,0.0126295
462.5,1,544.856,0.0126921
462,1,543.99,0.0127778
461.5,1,543.124,0.0128752
461,1,542.258,0.012957
460.5,1,541.392,0.0130201
460,1,540.526,0.0130861
459.5,1,539.66,0.0131561
459,1,538.794,0.0132201
458.5,1,537.928,0.0132826
458,1,537.061,0.0133474
457.5,1,536.195,0.0134113
457,1,535.329,0.013474
456.5,1,534.463,0.0135342
456,1,533.597,0.0135812
455.5,1,532.731,0.0136219
455,1,531.865,0.0136616
454.5,1,530.999,0.0137338
454,1,530.133,0.0138009
453.5,1,529.267,0.0138619
453,1,528.401,0.0139387
452.5,1,527.535,0.0140047
452,1,526.669,0.0140788
451.5,1,525.803,0.0142206
451,1,524.937,0.0143895
450.5,1,524.071,0.0145418
450,1,523.205,0.0146326
449.5,1,522.339,0.0146815
449,1,521.473,0.0147301
448.5,1,520.607,0.0148258
448,1,519.741,0.0150212
447.5,1,518.875,0.0151988
447,1,518.009,0.0153285
446.5,1,517.143,0.0153229
446,1,516.277,0.0153225
445.5,1,515.411,0.015331
445,1,514.545,0.0155037
444.5,1,513.679,0.0156563
444,1,512.813,0.0158029
443.5,1,511.947,0.0158383
443,1,511.081,0.0158521
442.5,1,510.215,0.015861
442,1,509.349,0.015885
441.5,1,508.483,0.0158934
441,1,507.617,0.015904
440.5,1,506.751,0.0159217
440,1,505.885,0.015963
439.5,1,505.019,0.016015
439,1,504.153,0.0160451
438.5,1,503.286,0.0160133
438,1,502.42,0.0159781
437.5,1,501.554,0.0159572
437,1,500.688,0.0159909
436.5,1,499.822,0.0160384
436,1,498.956,0.0160999
435.5,1,498.09,0.0160854
435,1,497.224,0.0160648
434.5,1,496.358,0.016038
434,1,495.492,0.01599
433.5,1,494.626,0.0159167
433,1,493.76,0.0158418
432.5,1,492.894,0.0158305
432,1,492.028,0.0158215
431.5,1,491.162,0.0157913
431,1,490.296,0.0157554
430.5,1,489.43,0.015718
430,1,488.564,0.015692
429.5,1,487.698,0.0157384
429,1,486.832,0.0158826
428.5,1,485.966,0.0160188
428,1,485.1,0.0161835
427.5,1,484.234,0.0164249
427,1,483.368,0.0166301
426.5,1,482.502,0.016794
426,1,481.636,0.0169133
425.5,1,480.77,0.0170087
425,1,479.904,0.0170936
424.5,1,479.038,0.0173362
424,1,478.172,0.0175775
423.5,1,477.306,0.0178138
423,1,476.44,0.0181333
422.5,1,475.574,0.018452
422,1,474.708,0.0187723
421.5,1,473.842,0.0192371
421,1,472.976,0.0197697
420.5,1,472.11,0.0202911
420,1,471.244,0.020825
419.5,1,470.378,0.0213876
419,1,469.512,0.0219474
418.5,1,468.645,0.022489
418,1,467.779,0.0230149
417.5,1,466.913,0.023517
417,1,466.047,0.0239389
416.5,1,465.181,0.0240621
416,1,464.315,0.0241943
415.5,1,463.449,0.0243352
415,1,462.583,0.0244424
414.5,1,461.717,0.0245495
414,1,460.851,0.0246523
413.5,1,459.985,0.0247485
413,1,459.119,0.0248511
412.5,1,458.253,0.0249617
412,1,457.387,0.0251193
411.5,1,456.521,0.0253133
411,1,455.655,0.0254886
410.5,1,454.789,0.025755
410,1,453.923,0.0260985
409.5,1,453.057,0.0264588
409,1,452.191,0.0267283
408.5,1,451.325,0.0268632
408,1,450.459,0.0270602
407.5,1,449.593,0.0273701
407,1,448.727,0.0278151
406.5,1,447.861,0.0283115
406,1,446.995,0.0288947
405.5,1,446.129,0.0299509
405,1,445.263,0.0311273
404.5,1,444.397,0.0324237
404,1,443.531,0.033122
403.5,1,442.665,0.033704
403,1,441.799,0.0342019
402.5,1,440.933,0.0348833
402,1,440.067,0.0355251
401.5,1,439.201,0.0360488
401,1,438.335,0.0357796
400.5,1,437.469,0.0350276
400,1,436.603,0.0335375
399.5,1,435.737,0.0327675
399,1,434.87,0.0334642
398.5,1,434.004,0.0353125
398,1,433.138,0.0373537
397.5,1,432.272,0.039349
397,1,431.406,0.0408013
396.5,1,430.54,0.0418996
396,1,429.674,0.0425984
395.5,1,428.808,0.0428504
395,1,427.942,0.0427157
394.5,1,427.076,0.0425389
394,1,426.21,0.0424665
393.5,1,425.344,0.0422564
393,1,424.478,0.0420221
392.5,1,423.612,0.043432
392,1,422.746,0.0435367
391.5,1,421.88,0.0455247
391,1,421.014,0.052106
390.5,1,420.148,0.0525441
390,1,419.282,0.0530988
389.5,1,418.416,0.05377
389,1,417.55,0.0541384
388.5,1,416.684,0.0546267
388,1,415.818,0.0553773
387.5,1,414.952,0.0560539
387,1,414.086,0.0569928
386.5,1,413.22,0.058082
386,1,412.354,0.0590457
385.5,1,411.488,0.0597663
385,1,410.622,0.0601014
384.5,1,409.756,0.060509
384,1,408.89,0.0609891
383.5,1,408.024,0.0615417
383,1,407.158,0.0618306
382.5,1,406.292,0.0615004
382,1,405.426,0.0613565
381.5,1,404.56,0.0611965
381,1,403.694,0.060668
380.5,1,402.828,0.0605796
380,1,401.962,0.0608614
379.5,1,401.095,0.061122
379,1,400.229,0.0614892
378.5,1,399.363,0.0619641
378,1,398.497,0.0626322
377.5,1,397.631,0.0628681
377,1,396.765,0.0631831
376.5,1,395.899,0.0634728
376,1,395.033,0.0637418
375.5,1,394.167,0.0640306
375,1,393.301,0.064339
374.5,1,392.435,0.064561
374,1,391.569,0.0644406
373.5,1,390.703,0.0643227
373,1,389.837,0.0641589
372.5,1,388.971,0.064022
372,1,388.105,0.0614429
371.5,1,387.239,0.0603904
371,1,386.373,0.0592196
370.5,1,385.507,0.0576254
370,1,384.641,0.0568875
369.5,1,383.775,0.0567456
369,1,382.909,0.0570998
368.5,1,382.043,0.0573389
368,1,381.177,0.0574022
367.5,1,380.311,0.057181
367,1,379.445,0.0572187
366.5,1,378.579,0.0535368
366,1,377.713,0.0504379
365.5,1,376.847,0.0497704
365,1,375.981,0.0502816
364.5,1,375.115,0.0508535
364,1,374.249,0.0507968
363.5,1,373.383,0.0501302
363,1,372.517,0.0497203
362.5,1,371.651,0.0528955
362,1,370.785,0.0535261
361.5,1,369.919,0.0550772
361,1,369.053,0.0570989
360.5,1,368.187,0.0569835
360,1,367.321,0.0582698
359.5,1,366.454,0.0580874
359,1,365.588,0.0579318
358.5,1,364.722,0.0574025
358,1,363.856,0.0578267
357.5,1,362.99,0.060428
357,1,362.124,0.065047
356.5,1,361.258,0.0679358
356,1,360.392,0.0655343
355.5,1,359.526,0.0614964
355,1,358.66,0.0573264
354.5,1,357.794,0.0536418
354,1,356.928,0.0492633
353.5,1,356.062,0.0424937
353,1,355.196,0.0395244
352.5,1,354.33,0.0363528
352,1,353.464,0.0370279
351.5,1,352.598,0.0422955
351,1,351.732,0.0433767
350.5,1,350.866,0.0406584
350,1,350,0.0367073
349.5,1,349.134,0.0383095
349,1,348.268,0.0532705
348.5,1,347.402,0.0598006
348,1,346.536,0.0589724
347.5,1,345.67,0.0610325
347,1,344.804,0.0623097
346.5,1,343.938,0.0676308
346,1,343.072,0.0717481
345.5,1,342.206,0.0725463
345,1,341.34,0.0729929
344.5,1,340.474,0.0736219
344,1,339.608,0.0730989
343.5,1,338.742,0.0730301
343,1,337.876,0.0729357
342.5,1,337.01,0.07218
342,1,336.144,0.0713584
341.5,1,335.278,0.0706246
341,1,334.412,0.0697987
340.5,1,333.546,0.0688322
340,1,332.679,0.0679224
339.5,1,331.813,0.0668316
339,1,330.947,0.0657942
338.5,1,330.081,0.0645331
338,1,329.215,0.0636734
337.5,1,328.349,0.0632466
337,1,327.483,0.0630416
336.5,1,326.617,0.0630825
336,1,325.751,0.0631877
335.5,1,324.885,0.0636014
335,1,324.019,0.0635766
334.5,1,323.153,0.0644256
334,1,322.287,0.064991
333.5,1,321.421,0.0662097
333,1,320.555,0.0700306
332.5,1,319.689,0.0742918
332,1,318.823,0.0801297
331.5,1,317.957,0.0879834
331,1,317.091,0.0949403
330.5,1,316.225,0.100319
330,1,315.359,0.100419
329.5,1,314.493,0.099587
329,1,313.627,0.0990088
328.5,1,312.761,0.0965871
328,1,311.895,0.0918343
327.5,1,311.029,0.085675
327,1,310.163,0.0835207
326.5,1,309.297,0.0818395
326,1,308.431,0.0808892
325.5,1,307.565,0.0808345
325,1,306.699,0.0827124
324.5,1,305.833,0.0846408
324,1,304.967,0.0866583
323.5,1,304.101,0.0921527
323,1,303.235,0.0978437
322.5,1,302.369,0.103444
322,1,301.503,0.106596
321.5,1,300.637,0.109262
321,1,299.771,0.109542
320.5,1,298.905,0.105107
320,1,298.038,0.0800693
319.5,1,297.172,0.0580448
319,1,296.306,0.0568738
318.5,1,295.44,0.0560218
318,1,294.574,0.0539876
317.5,1,293.708,0.0525785
317,1,292.842,0.0526686
316.5,1,291.976,0.0545684
316,1,291.11,0.0548867
315.5,1,290.244,0.0566638
315,1,289.378,0.0586247
314.5,1,288.512,0.0609854
314,1,287.646,0.0588378
313.5,1,286.78,0.0601861
313,1,285.914,0.0561278
312.5,1,285.048,0.0503028
312,1,284.182,0.0385011
311.5,1,283.316,0.0311605
311,1,282.45,0.0268134
310.5,1,281.584,0.0242921
310,1,280.718,0.0230923
309.5,1,279.852,0.0233102
309,1,278.986,0.0245564
308.5,1,278.12,0.0243069
308,1,277.254,0.0252458
307.5,1,276.388,0.0270145
307,1,275.522,0.0273512
306.5,1,274.656,0.0268676
306,1,273.79,0.0253778
305.5,1,272.924,0.0234475
305,1,272.058,0.0214474
304.5,1,271.192,0.0197546
304,1,270.326,0.0178512
303.5,1,269.46,0.0158051
303,1,268.594,0.0150126
302.5,1,267.728,0.0144215
302,1,266.862,0.0137936
301.5,1,265.996,0.0133096
301,1,265.13,0.0129052
300.5,1,264.263,0.0125005
300,1,263.397,0.0121579
299.5,1,262.531,0.0118666
299,1,261.665,0.0115643
298.5,1,260.799,0.0113542
298,1,259.933,0.0112794
297.5,1,259.067,0.0111979
297,1,258.201,0.0111344
296.5,1,257.335,0.0111518
296,1,256.469,0.0111683
295.5,1,255.603,0.0111894
295,1,254.737,0.0113166
294.5,1,253.871,0.0114427
294,1,253.005,0.0115678
293.5,1,252.139,0.0117505
293,1,251.273,0.0119376
292.5,1,250.407,0.0121228
292,1,249.541,0.0122933
291.5,1,248.675,0.012462
291,1,247.809,0.0126464
290.5,1,246.943,0.0128251
290,1,246.077,0.0129844
289.5,1,245.211,0.0131354
289,1,244.345,0.0132835
288.5,1,243.479,0.013433
288,1,242.613,0.0135753
287.5,1,241.747,0.0137151
287,1,240.881,0.0138672
286.5,1,240.015,0.0140156
286,1,239.149,0.014155
285.5,1,238.283,0.0142552
285,1,237.417,0.0143527
284.5,1,236.551,0.0144491
284,1,235.685,0.0145174
283.5,1,234.819,0.0145731
283,1,233.953,0.0146168
282.5,1,233.087,0.0146379
282,1,232.221,0.0146575
281.5,1,231.355,0.0146793
281,1,230.488,0.0146792
280.5,1,229.622,0.0146595
280,1,228.756,0.0146307
279.5,1,227.89,0.0145689
279,1,227.024,0.0144797
278.5,1,226.158,0.0143911
278,1,225.292,0.014318
277.5,1,224.426,0.0142771
277,1,223.56,0.0142471
276.5,1,222.694,0.0142169
276,1,221.828,0.0141758
275.5,1,220.962,0.0141405
275,1,220.096,0.0141118
274.5,1,219.23,0.0141291
274,1,218.364,0.0141511
273.5,1,217.498,0.0141749
273,1,216.632,0.0141717
272.5,1,215.766,0.014165
272,1,214.9,0.0141613
271.5,1,214.034,0.014174
271,1,213.168,0.0141821
270.5,1,212.302,0.0141838
270,1,211.436,0.014145
269.5,1,210.57,0.014074
269,1,209.704,0.0140116
268.5,1,208.838,0.0139511
268,1,207.972,0.013882
267.5,1,207.106,0.0138039
267,1,206.24,0.013727
266.5,1,205.374,0.0136824
266,1,204.508,0.0136542
265.5,1,203.642,0.0136271
265,1,202.776,0.0136026
264.5,1,201.91,0.01357
264,1,201.044,0.0135295
263.5,1,200.178,0.0135522
263,1,199.312,0.0135832
262.5,1,198.446,0.0136172
262,1,197.58,0.0136105
261.5,1,196.714,0.0135851
261,1,195.847,0.0135514
260.5,1,194.981,0.0135575
260,1,194.115,0.0135948
259.5,1,193.249,0.0136324
259,1,192.383,0.0136326
258.5,1,191.517,0.0135839
258,1,190.651,0.0135213
257.5,1,189.785,0.0134838
257,1,188.919,0.0135165
256.5,1,188.053,0.0135488
256,1,187.187,0.0135747
255.5,1,186.321,0.0135684
255,1,185.455,0.0135696
254.5,1,184.589,0.0135734
254,1,183.723,0.0135978
253.5,1,182.857,0.0136228
253,1,181.991,0.0136479
252.5,1,181.125,0.0136618
252,1,180.259,0.0136732
251.5,1,179.393,0.013685
251,1,178.527,0.0137193
250.5,1,177.661,0.0137677
250,1,176.795,0.0138203
249.5,1,175.929,0.0138765
249,1,175.063,0.0139313
248.5,1,174.197,0.0139828
248,1,173.331,0.0140115
247.5,1,172.465,0.0139985
247,1,171.599,0.0139814
246.5,1,170.733,0.0139791
246,1,169.867,0.0140606
245.5,1,169.001,0.0141473
245,1,168.135,0.014236
244.5,1,167.269,0.0142302
244,1,166.403,0.0142197
243.5,1,165.537,0.014204
243,1,164.671,0.0142586
242.5,1,163.805,0.0143262
242,1,162.939,0.0143967
241.5,1,162.072,0.0143741
241,1,161.206,0.0143115
240.5,1,160.34,0.0142457
240,1,159.474,0.0142515
239.5,1,158.608,0.0143166
239,1,157.742,0.0143848
238.5,1,156.876,0.0143965
238,1,156.01,0.0143194
237.5,1,155.144,0.0142377
237,1,154.278,0.0141815
236.5,1,153.412,0.0142155
236,1,152.546,0.0142534
235.5,1,151.68,0.014281
235,1,150.814,0.0142006
234.5,1,149.948,0.0141159
234,1,149.082,0.0140269
233.5,1,148.216,0.0140462
233,1,147.35,0.0140781
232.5,1,146.484,0.0141124
232,1,145.618,0.0140666
231.5,1,144.752,0.0139938
231,1,143.886,0.013918
230.5,1,143.02,0.0139369
230,1,142.154,0.0140261
229.5,1,141.288,0.0141312
229,1,140.422,0.0141621
228.5,1,139.556,0.0140787
228,1,138.69,0.0139863
227.5,1,137.824,0.0139601
227,1,136.958,0.0140933
226.5,1,136.092,0.0142296
226,1,135.226,0.0143324
225.5,1,134.36,0.0142136
225,1,133.494,0.0140949
224.5,1,132.628,0.0139741
224,1,131.762,0.0141215
223.5,1,130.896,0.0142726
223,1,130.03,0.0144243
222.5,1,129.164,0.0143426
222,1,128.297,0.0142155
221.5,1,127.431,0.0140904
221,1,126.565,0.0141604
220.5,1,125.699,0.0143239
220,1,124.833,0.0144869
219.5,1,123.967,0.0144938
219,1,123.101,0.0143529
218.5,1,122.235,0.0142074
218,1,121.369,0.0141543
217.5,1,120.503,0.0142724
217,1,119.637,0.0143907
216.5,1,118.771,0.0144569
216,1,117.905,0.0143342
215.5,1,117.039,0.0142045
215,1,116.173,0.0140747
214.5,1,115.307,0.0141008
214,1,114.441,0.0141359
213.5,1,113.575,0.014171
213,1,112.709,0.0141313
212.5,1,111.843,0.0140695
212,1,110.977,0.0139945
211.5,1,110.111,0.0139652
211,1,109.245,0.0139624
210.5,1,108.379,0.0139677
210,1,107.513,0.0139539
209.5,1,106.647,0.0139111
209,1,105.781,0.0138561
208.5,1,104.915,0.0138183
208,1,104.049,0.0138203
207.5,1,103.183,0.0138305
207,1,102.317,0.0138374
206.5,1,101.451,0.0138078
206,1,100.585,0.0137685
205.5,1,99.7187,0.0137219
205,1,98.8526,0.0136928
204.5,1,97.9866,0.013673
204,1,97.1206,0.0136627
203.5,1,96.2546,0.0136982
203,1,95.3885,0.013725
202.5,1,94.5225,0.01374
202,1,93.6565,0.0136964
201.5,1,92.7905,0.013649
201,1,91.9244,0.013613
200.5,1,91.0584,0.013657
200,1,90.1924,0.0137311
