x,y,z,b
500,1,609.808,0.0114926
499.5,1,608.942,0.0114665
499,1,608.076,0.0114439
498.5,1,607.21,0.0114372
498,1,606.344,0.0114301
497.5,1,605.477,0.0114253
497,1,604.611,0.0114307
496.5,1,603.745,0.0114383
496,1,602.879,0.0114484
495.5,1,602.013,0.0114421
495,1,601.147,0.0114327
494.5,1,600.281,0.0114201
494,1,599.415,0.0114085
493.5,1,598.549,0.0113941
493,1,597.683,0.0113787
492.5,1,596.817,0.0113384
492,1,595.951,0.0112887
491.5,1,595.085,0.0112382
491,1,594.219,0.0111966
490.5,1,593.353,0.0111626
490,1,592.487,0.0111287
489.5,1,591.621,0.0110985
489,1,590.755,0.0110735
488.5,1,589.889,0.0110484
488,1,589.023,0.0110371
487.5,1,588.157,0.011058
487,1,587.291,0.0110726
486.5,1,586.425,0.0110876
486,1,585.559,0.0111461
485.5,1,584.693,0.0111924
485,1,583.827,0.0112316
484.5,1,582.961,0.0113959
484,1,582.095,0.0115492
483.5,1,581.229,0.0116851
483,1,580.363,0.0117788
482.5,1,579.497,0.0118433
482,1,578.631,0.0118993
481.5,1,577.765,0.0119746
481,1,576.899,0.0120575
480.5,1,576.033,0.0121297
480,1,575.167,0.0122062
479.5,1,574.301,0.0123125
479,1,573.435,0.0124223
478.5,1,572.569,0.0125172
478,1,571.703,0.0125818
477.5,1,570.836,0.0126392
477,1,569.97,0.0127057
476.5,1,569.104,0.0128247
476,1,568.238,0.0129368
475.5,1,567.372,0.0130409
475,1,566.506,0.0130506
474.5,1,565.64,0.0130619
474,1,564.774,0.0130794
473.5,1,563.908,0.0130903
473,1,563.042,0.0131046
472.5,1,562.176,0.0131232
472,1,561.31,0.0130675
471.5,1,560.444,0.0129897
471,1,559.578,0.0129252
470.5,1,558.712,0.0128858
470,1,557.846,0.0128569
469.5,1,556.98,0.0128256
469,1,556.114,0.0128096
468.5,1,555.248,0.0128241
468,1,554.382,0.0128425
467.5,1,553.516,0.0128603
467,1,552.65,0.0128604
466.5,1,551.784,0.0128536
466,1,550.918,0.0128457
465.5,1,550.052,0.0128976
465,1,549.186,0.0129643
464.5,1,548.32,0.0130458
464,1,547.454,0.0130377
463.5,1,546.588,0.0130142
463,1,545.722,0.0129832
462.5,1,544.856,0.0130466
462,1,543.99,0.0131464
461.5,1,543.124,0.0132505
461,1,542.258,0.0132618
460.5,1,541.392,0.0131888
460,1,540.526,0.0130992
459.5,1,539.66,0.0131393
459,1,538.794,0.0133675
458.5,1,537.928,0.0136016
458,1,537.061,0.0137727
457.5,1,536.195,0.0137565
457,1,535.329,0.0137223
456.5,1,534.463,0.013692
456,1,533.597,0.0138126
455.5,1,532.731,0.0139419
455,1,531.865,0.0140833
454.5,1,530.999,0.0140978
454,1,530.133,0.0141001
453.5,1,529.267,0.0140945
453,1,528.401,0.01413
452.5,1,527.535,0.0141817
452,1,526.669,0.0142408
451.5,1,525.803,0.0142433
451,1,524.937,0.0142211
450.5,1,524.071,0.0142063
450,1,523.205,0.0142085
449.5,1,522.339,0.0142295
449,1,521.473,0.0142591
448.5,1,520.607,0.0142787
448,1,519.741,0.0142668
447.5,1,518.875,0.0142574
447,1,518.009,0.0142599
446.5,1,517.143,0.0143094
446,1,516.277,0.014362
445.5,1,515.411,0.0144198
445,1,514.545,0.0145603
444.5,1,513.679,0.0146971
444,1,512.813,0.0148304
443.5,1,511.947,0.014924
443,1,511.081,0.0150058
442.5,1,510.215,0.0150814
442,1,509.349,0.0151096
441.5,1,508.483,0.0151202
441,1,507.617,0.0151367
440.5,1,506.751,0.0152026
440,1,505.885,0.0153134
439.5,1,505.019,0.0154331
439,1,504.153,0.0155471
438.5,1,503.286,0.0156419
438,1,502.42,0.0157368
437.5,1,501.554,0.0158555
437,1,500.688,0.0160615
436.5,1,499.822,0.0162806
436,1,498.956,0.0164852
435.5,1,498.09,0.0163714
435,1,497.224,0.0162122
434.5,1,496.358,0.0160076
434,1,495.492,0.0154985
433.5,1,494.626,0.0149248
433,1,493.76,0.0143733
432.5,1,492.894,0.0141434
432,1,492.028,0.0140718
431.5,1,491.162,0.0140809
431,1,490.296,0.0144317
430.5,1,489.43,0.0150745
430,1,488.564,0.0157847
429.5,1,487.698,0.0164268
429,1,486.832,0.0170099
428.5,1,485.966,0.017619
428,1,485.1,0.0181487
427.5,1,484.234,0.0183134
427,1,483.368,0.0185162
426.5,1,482.502,0.0188586
426,1,481.636,0.019698
425.5,1,480.77,0.0205014
425,1,479.904,0.0212429
424.5,1,479.038,0.0218363
424,1,478.172,0.0224316
423.5,1,477.306,0.0230313
423,1,476.44,0.0231053
422.5,1,475.574,0.0230784
422,1,474.708,0.0230773
421.5,1,473.842,0.0231777
421,1,472.976,0.0233714
420.5,1,472.11,0.023634
420,1,471.244,0.0238565
419.5,1,470.378,0.0241292
419,1,469.512,0.024787
418.5,1,468.645,0.0255157
418,1,467.779,0.0258694
417.5,1,466.913,0.0262532
417,1,466.047,0.0264724
416.5,1,465.181,0.0256171
416,1,464.315,0.0243805
415.5,1,463.449,0.0228048
415,1,462.583,0.0222643
414.5,1,461.717,0.0215956
414,1,460.851,0.0208393
413.5,1,459.985,0.0206574
413,1,459.119,0.02052
412.5,1,458.253,0.0203398
412,1,457.387,0.0206803
411.5,1,456.521,0.0212705
411,1,455.655,0.0218634
410.5,1,454.789,0.0222757
410,1,453.923,0.022521
409.5,1,453.057,0.0227146
409,1,452.191,0.0229611
408.5,1,451.325,0.0234548
408,1,450.459,0.0240782
407.5,1,449.593,0.0248382
407,1,448.727,0.0256861
406.5,1,447.861,0.0263562
406,1,446.995,0.0267897
405.5,1,446.129,0.0265846
405,1,445.263,0.0263639
404.5,1,444.397,0.0261275
404,1,443.531,0.0271954
403.5,1,442.665,0.0285985
403,1,441.799,0.0304013
402.5,1,440.933,0.0315987
402,1,440.067,0.0325044
401.5,1,439.201,0.0333269
401,1,438.335,0.0337432
400.5,1,437.469,0.033768
400,1,436.603,0.0335954
399.5,1,435.737,0.0335186
399,1,434.87,0.0335902
398.5,1,434.004,0.0336196
398,1,433.138,0.0337251
397.5,1,432.272,0.034239
397,1,431.406,0.0340677
396.5,1,430.54,0.0346464
396,1,429.674,0.0364506
395.5,1,428.808,0.0404436
395,1,427.942,0.0425862
394.5,1,427.076,0.0427826
394,1,426.21,0.0429246
393.5,1,425.344,0.0430393
393,1,424.478,0.0430048
392.5,1,423.612,0.0429544
392,1,422.746,0.0431977
391.5,1,421.88,0.043803
391,1,421.014,0.0444129
390.5,1,420.148,0.0448623
390,1,419.282,0.0449092
389.5,1,418.416,0.0446367
389,1,417.55,0.0443334
388.5,1,416.684,0.0442725
388,1,415.818,0.0447239
387.5,1,414.952,0.0452994
387,1,414.086,0.0459669
386.5,1,413.22,0.0466184
386,1,412.354,0.0472854
385.5,1,411.488,0.0479677
385,1,410.622,0.0489319
384.5,1,409.756,0.0499481
384,1,408.89,0.0510212
383.5,1,408.024,0.0513513
383,1,407.158,0.0515252
382.5,1,406.292,0.0516424
382,1,405.426,0.051639
381.5,1,404.56,0.0515025
381,1,403.694,0.0514655
380.5,1,402.828,0.0515614
380,1,401.962,0.0517018
379.5,1,401.095,0.0518488
379,1,400.229,0.052908
378.5,1,399.363,0.0553391
378,1,398.497,0.0575664
377.5,1,397.631,0.0588936
377,1,396.765,0.0589255
376.5,1,395.899,0.0589595
376,1,395.033,0.0590036
375.5,1,394.167,0.0591782
375,1,393.301,0.0593408
374.5,1,392.435,0.0594891
374,1,391.569,0.0586354
373.5,1,390.703,0.0575009
373,1,389.837,0.056377
372.5,1,388.971,0.0558696
372,1,388.105,0.0534411
371.5,1,387.239,0.0516829
371,1,386.373,0.051952
370.5,1,385.507,0.0539004
370,1,384.641,0.0557641
369.5,1,383.775,0.0570886
369,1,382.909,0.058076
368.5,1,382.043,0.0588909
368,1,381.177,0.0580601
367.5,1,380.311,0.0569758
367,1,379.445,0.0560096
366.5,1,378.579,0.0547496
366,1,377.713,0.0535911
365.5,1,376.847,0.052367
365,1,375.981,0.0507106
364.5,1,375.115,0.0492596
364,1,374.249,0.0479619
363.5,1,373.383,0.047291
363,1,372.517,0.0472296
362.5,1,371.651,0.0474152
362,1,370.785,0.0473519
361.5,1,369.919,0.0467861
361,1,369.053,0.0453374
360.5,1,368.187,0.0437297
360,1,367.321,0.04224
359.5,1,366.454,0.0410661
359,1,365.588,0.0401167
358.5,1,364.722,0.0393322
358,1,363.856,0.0384808
357.5,1,362.99,0.0374552
357,1,362.124,0.0356179
356.5,1,361.258,0.0339242
356,1,360.392,0.0322569
355.5,1,359.526,0.0316507
355,1,358.66,0.0318402
354.5,1,357.794,0.0334608
354,1,356.928,0.034119
353.5,1,356.062,0.0340605
353,1,355.196,0.0337546
352.5,1,354.33,0.0333042
352,1,353.464,0.034611
351.5,1,352.598,0.0357358
351,1,351.732,0.0374082
350.5,1,350.866,0.0397536
350,1,350,0.0327634
349.5,1,349.134,0.0274464
349,1,348.268,0.0253657
348.5,1,347.402,0.024415
348,1,346.536,0.0229641
347.5,1,345.67,0.022545
347,1,344.804,0.0222009
346.5,1,343.938,0.022273
346,1,343.072,0.0218915
345.5,1,342.206,0.0211169
345,1,341.34,0.0203848
344.5,1,340.474,0.0210176
344,1,339.608,0.0219588
343.5,1,338.742,0.0227316
343,1,337.876,0.0232543
342.5,1,337.01,0.0235723
342,1,336.144,0.0236307
341.5,1,335.278,0.0237807
341,1,334.412,0.0240493
340.5,1,333.546,0.0245483
340,1,332.679,0.0252273
339.5,1,331.813,0.026107
339,1,330.947,0.0268131
338.5,1,330.081,0.0273969
338,1,329.215,0.0276643
337.5,1,328.349,0.0277156
337,1,327.483,0.0274125
336.5,1,326.617,0.0266984
336,1,325.751,0.0260894
335.5,1,324.885,0.0256215
335,1,324.019,0.0257789
334.5,1,323.153,0.0261706
334,1,322.287,0.0266713
333.5,1,321.421,0.0272868
333,1,320.555,0.0278864
332.5,1,319.689,0.0277498
332,1,318.823,0.0279822
331.5,1,317.957,0.0286201
331,1,317.091,0.0297053
330.5,1,316.225,0.0306378
330,1,315.359,0.0311709
329.5,1,314.493,0.0330918
329,1,313.627,0.0339584
328.5,1,312.761,0.035253
328,1,311.895,0.0390701
327.5,1,311.029,0.0445653
327,1,310.163,0.044653
326.5,1,309.297,0.0446017
326,1,308.431,0.0448876
325.5,1,307.565,0.0455877
325,1,306.699,0.0466953
324.5,1,305.833,0.0479129
324,1,304.967,0.0491656
323.5,1,304.101,0.0504535
323,1,303.235,0.0515163
322.5,1,302.369,0.0520858
322,1,301.503,0.0527115
321.5,1,300.637,0.0531783
321,1,299.771,0.0535069
320.5,1,298.905,0.0537042
320,1,298.038,0.0538732
319.5,1,297.172,0.0540721
319,1,296.306,0.054439
318.5,1,295.44,0.0549256
318,1,294.574,0.0552351
317.5,1,293.708,0.0556931
317,1,292.842,0.0564004
316.5,1,291.976,0.0568739
316,1,291.11,0.0572459
315.5,1,290.244,0.0577033
315,1,289.378,0.0581054
314.5,1,288.512,0.0586876
314,1,287.646,0.0580097
313.5,1,286.78,0.0579227
313,1,285.914,0.0584003
312.5,1,285.048,0.0562
312,1,284.182,0.0529686
311.5,1,283.316,0.0492848
311,1,282.45,0.0470315
310.5,1,281.584,0.0456776
310,1,280.718,0.0442912
309.5,1,279.852,0.0430259
309,1,278.986,0.0420955
308.5,1,278.12,0.0412397
308,1,277.254,0.0402708
307.5,1,276.388,0.0389179
307,1,275.522,0.0375279
306.5,1,274.656,0.03634
306,1,273.79,0.0357889
305.5,1,272.924,0.0352013
305,1,272.058,0.0345786
304.5,1,271.192,0.0341436
304,1,270.326,0.0337944
303.5,1,269.46,0.0335105
303,1,268.594,0.0330838
302.5,1,267.728,0.0326519
302,1,266.862,0.0322475
301.5,1,265.996,0.0318137
301,1,265.13,0.0313178
300.5,1,264.263,0.0307708
300,1,263.397,0.0301418
299.5,1,262.531,0.0293944
299,1,261.665,0.0285184
298.5,1,260.799,0.0276288
298,1,259.933,0.0267899
297.5,1,259.067,0.0259312
297,1,258.201,0.0250923
296.5,1,257.335,0.0243449
296,1,256.469,0.0235584
295.5,1,255.603,0.0227521
295,1,254.737,0.0220363
294.5,1,253.871,0.0212608
294,1,253.005,0.0204253
293.5,1,252.139,0.019332
293,1,251.273,0.0182534
292.5,1,250.407,0.0172113
292,1,249.541,0.0161778
291.5,1,248.675,0.0152755
291,1,247.809,0.0145469
290.5,1,246.943,0.0141234
290,1,246.077,0.0138502
289.5,1,245.211,0.0135975
289,1,244.345,0.0133806
288.5,1,243.479,0.0131938
288,1,242.613,0.0130197
287.5,1,241.747,0.0129117
287,1,240.881,0.0129665
286.5,1,240.015,0.0130253
286,1,239.149,0.013086
285.5,1,238.283,0.0131216
285,1,237.417,0.0131487
284.5,1,236.551,0.0131807
284,1,235.685,0.0131797
283.5,1,234.819,0.0131713
283,1,233.953,0.0131565
282.5,1,233.087,0.0131991
282,1,232.221,0.0132704
281.5,1,231.355,0.0133567
281,1,230.488,0.0134616
280.5,1,229.622,0.0135885
280,1,228.756,0.0137431
279.5,1,227.89,0.0139556
279,1,227.024,0.0142027
278.5,1,226.158,0.0144401
278,1,225.292,0.0146044
277.5,1,224.426,0.0146352
277,1,223.56,0.0146386
276.5,1,222.694,0.0146461
276,1,221.828,0.0146765
275.5,1,220.962,0.0147035
275,1,220.096,0.0147274
274.5,1,219.23,0.0147555
274,1,218.364,0.0147899
273.5,1,217.498,0.0148348
273,1,216.632,0.0148994
272.5,1,215.766,0.0149543
272,1,214.9,0.0149957
271.5,1,214.034,0.0149861
271,1,213.168,0.0149663
270.5,1,212.302,0.0149538
270,1,211.436,0.014933
269.5,1,210.57,0.0148981
269,1,209.704,0.0148613
268.5,1,208.838,0.0148511
268,1,207.972,0.0148912
267.5,1,207.106,0.0149419
267,1,206.24,0.0149796
266.5,1,205.374,0.0149439
266,1,204.508,0.0149065
265.5,1,203.642,0.0148699
265,1,202.776,0.0149179
264.5,1,201.91,0.0149739
264,1,201.044,0.0150378
263.5,1,200.178,0.0149536
263,1,199.312,0.0148464
262.5,1,198.446,0.0147295
262,1,197.58,0.0148447
261.5,1,196.714,0.0150384
261,1,195.847,0.015236
260.5,1,194.981,0.0152317
260,1,194.115,0.0151055
259.5,1,193.249,0.0149856
259,1,192.383,0.0150104
258.5,1,191.517,0.0151984
258,1,190.651,0.0153718
257.5,1,189.785,0.0154264
257,1,188.919,0.0152325
256.5,1,188.053,0.0150525
256,1,187.187,0.0149526
255.5,1,186.321,0.0152698
255,1,185.455,0.0155577
254.5,1,184.589,0.0158183
254,1,183.723,0.0156532
253.5,1,182.857,0.0155117
253,1,181.991,0.0154036
252.5,1,181.125,0.0155523
252,1,180.259,0.0157162
251.5,1,179.393,0.0158396
251,1,178.527,0.0157003
250.5,1,177.661,0.0154744
250,1,176.795,0.0152872
249.5,1,175.929,0.0152858
249,1,175.063,0.0154111
248.5,1,174.197,0.0154989
248,1,173.331,0.0154917
247.5,1,172.465,0.0153815
247,1,171.599,0.0153047
246.5,1,170.733,0.0152848
246,1,169.867,0.0154089
245.5,1,169.001,0.0155116
245,1,168.135,0.0155868
244.5,1,167.269,0.015488
244,1,166.403,0.0154022
243.5,1,165.537,0.0153375
243,1,164.671,0.0153778
242.5,1,163.805,0.0154146
242,1,162.939,0.0154338
241.5,1,162.072,0.0153865
241,1,161.206,0.0153288
240.5,1,160.34,0.0152831
240,1,159.474,0.0153005
239.5,1,158.608,0.0153563
239,1,157.742,0.0154101
238.5,1,156.876,0.0154177
238,1,156.01,0.0153707
237.5,1,155.144,0.0153344
237,1,154.278,0.0153384
236.5,1,153.412,0.0154347
236,1,152.546,0.0155322
235.5,1,151.68,0.0156112
235,1,150.814,0.0155548
234.5,1,149.948,0.0155033
234,1,149.082,0.0154567
233.5,1,148.216,0.01551
233,1,147.35,0.0155638
232.5,1,146.484,0.0156093
232,1,145.618,0.0155703
231.5,1,144.752,0.0155126
231,1,143.886,0.0154598
230.5,1,143.02,0.0154807
230,1,142.154,0.0155346
229.5,1,141.288,0.0155746
229,1,140.422,0.0155549
228.5,1,139.556,0.0154842
228,1,138.69,0.015423
227.5,1,137.824,0.0153923
227,1,136.958,0.0154107
226.5,1,136.092,0.0154236
226,1,135.226,0.0154253
225.5,1,134.36,0.0153953
225,1,133.494,0.0153724
224.5,1,132.628,0.0153549
224,1,131.762,0.015369
223.5,1,130.896,0.0153762
223,1,130.03,0.0153759
222.5,1,129.164,0.0153207
222,1,128.297,0.015262
221.5,1,127.431,0.0152108
221,1,126.565,0.0151889
220.5,1,125.699,0.015179
220,1,124.833,0.0151698
219.5,1,123.967,0.0151404
219,1,123.101,0.0150899
218.5,1,122.235,0.0150394
218,1,121.369,0.0149974
217.5,1,120.503,0.0149676
217,1,119.637,0.0149351
216.5,1,118.771,0.014898
216,1,117.905,0.0148524
215.5,1,117.039,0.0148061
215,1,116.173,0.0147617
214.5,1,115.307,0.0147708
214,1,114.441,0.0147812
213.5,1,113.575,0.0147934
213,1,112.709,0.0147542
212.5,1,111.843,0.0147085
212,1,110.977,0.0146629
211.5,1,110.111,0.0146717
211,1,109.245,0.0147006
210.5,1,108.379,0.0147296
210,1,107.513,0.0147082
209.5,1,106.647,0.0146495
209,1,105.781,0.0145927
208.5,1,104.915,0.0145819
208,1,104.049,0.0146292
207.5,1,103.183,0.0146738
207,1,102.317,0.0146937
206.5,1,101.451,0.014651
206,1,100.585,0.0146146
205.5,1,99.7187,0.0145917
205,1,98.8526,0.0146379
204.5,1,97.9866,0.0146808
204,1,97.1206,0.0147205
203.5,1,96.2546,0.0146444
203,1,95.3885,0.0145658
202.5,1,94.5225,0.014491
202,1,93.6565,0.0144981
201.5,1,92.7905,0.0145237
201,1,91.9244,0.0145455
200.5,1,91.0584,0.014535
200,1,90.1924,0.0145099
