x,y,z,b
500,1,609.808,0.0126353
499.5,1,608.942,0.0124927
499,1,608.076,0.0124472
498.5,1,607.21,0.0125795
498,1,606.344,0.0127037
497.5,1,605.477,0.0127895
497,1,604.611,0.0127656
496.5,1,603.745,0.0127471
496,1,602.879,0.0127395
495.5,1,602.013,0.0127806
495,1,601.147,0.0128168
494.5,1,600.281,0.0128483
494,1,599.415,0.0128111
493.5,1,598.549,0.0127699
493,1,597.683,0.0127321
492.5,1,596.817,0.0126989
492,1,595.951,0.0126614
491.5,1,595.085,0.0126183
491,1,594.219,0.0125899
490.5,1,593.353,0.0125721
490,1,592.487,0.0125516
489.5,1,591.621,0.0125477
489,1,590.755,0.0125641
488.5,1,589.889,0.012575
488,1,589.023,0.0125851
487.5,1,588.157,0.0126069
487,1,587.291,0.0126309
486.5,1,586.425,0.0126524
486,1,585.559,0.0126388
485.5,1,584.693,0.0126258
485,1,583.827,0.0126137
484.5,1,582.961,0.0126756
484,1,582.095,0.0127403
483.5,1,581.229,0.0128043
483,1,580.363,0.0129051
482.5,1,579.497,0.0130123
482,1,578.631,0.0131192
481.5,1,577.765,0.0132664
481,1,576.899,0.0134376
480.5,1,576.033,0.0136094
480,1,575.167,0.0137507
479.5,1,574.301,0.0138639
479,1,573.435,0.0139821
478.5,1,572.569,0.0140878
478,1,571.703,0.0141622
477.5,1,570.836,0.0142394
477,1,569.97,0.0143055
476.5,1,569.104,0.0143039
476,1,568.238,0.0143016
475.5,1,567.372,0.0142986
475,1,566.506,0.0142837
474.5,1,565.64,0.0142633
474,1,564.774,0.0142409
473.5,1,563.908,0.0142579
473,1,563.042,0.0142797
472.5,1,562.176,0.0142992
472,1,561.31,0.0143519
471.5,1,560.444,0.0144223
471,1,559.578,0.0144949
470.5,1,558.712,0.014552
470,1,557.846,0.0145949
469.5,1,556.98,0.0146369
469,1,556.114,0.0146797
468.5,1,555.248,0.0147209
468,1,554.382,0.0147577
467.5,1,553.516,0.0147877
467,1,552.65,0.0148039
466.5,1,551.784,0.014814
466,1,550.918,0.0148197
465.5,1,550.052,0.014846
465,1,549.186,0.0148647
464.5,1,548.32,0.0148755
464,1,547.454,0.0148735
463.5,1,546.588,0.0148618
463,1,545.722,0.0148441
462.5,1,544.856,0.0148632
462,1,543.99,0.0148807
461.5,1,543.124,0.0148814
461,1,542.258,0.01489
460.5,1,541.392,0.014901
460,1,540.526,0.0148984
459.5,1,539.66,0.0149051
459,1,538.794,0.0149263
458.5,1,537.928,0.0149252
458,1,537.061,0.0149105
457.5,1,536.195,0.0149164
457,1,535.329,0.0149044
456.5,1,534.463,0.0148752
456,1,533.597,0.0148405
455.5,1,532.731,0.0148008
455,1,531.865,0.0147773
454.5,1,530.999,0.0148098
454,1,530.133,0.0148415
453.5,1,529.267,0.0148709
453,1,528.401,0.0148939
452.5,1,527.535,0.0149216
452,1,526.669,0.0149815
451.5,1,525.803,0.0150447
451,1,524.937,0.0151041
450.5,1,524.071,0.0151569
450,1,523.205,0.0151626
449.5,1,522.339,0.0151466
449,1,521.473,0.0151486
448.5,1,520.607,0.0151627
448,1,519.741,0.0151953
447.5,1,518.875,0.0152393
447,1,518.009,0.0152983
446.5,1,517.143,0.0153815
446,1,516.277,0.015464
445.5,1,515.411,0.0155434
445,1,514.545,0.0155032
444.5,1,513.679,0.0154458
444,1,512.813,0.0153676
443.5,1,511.947,0.0152859
443,1,511.081,0.015221
442.5,1,510.215,0.0151723
442,1,509.349,0.0152142
441.5,1,508.483,0.0152998
441,1,507.617,0.0154049
440.5,1,506.751,0.015562
440,1,505.885,0.0157521
439.5,1,505.019,0.0159383
439,1,504.153,0.0160922
438.5,1,503.286,0.0161978
438,1,502.42,0.0163047
437.5,1,501.554,0.0164559
437,1,500.688,0.0167482
436.5,1,499.822,0.0170468
436,1,498.956,0.0173513
435.5,1,498.09,0.0176631
435,1,497.224,0.0179572
434.5,1,496.358,0.0182338
434,1,495.492,0.0183952
433.5,1,494.626,0.0184888
433,1,493.76,0.0185347
432.5,1,492.894,0.018438
432,1,492.028,0.0182605
431.5,1,491.162,0.0180373
431,1,490.296,0.0178049
430.5,1,489.43,0.0175602
430,1,488.564,0.0173304
429.5,1,487.698,0.0170737
429,1,486.832,0.016781
428.5,1,485.966,0.0164457
428,1,485.1,0.0160778
427.5,1,484.234,0.0158395
427,1,483.368,0.0156299
426.5,1,482.502,0.0154362
426,1,481.636,0.0152902
425.5,1,480.77,0.0151501
425,1,479.904,0.0150306
424.5,1,479.038,0.0152802
424,1,478.172,0.01558
423.5,1,477.306,0.0159221
423,1,476.44,0.016502
422.5,1,475.574,0.0172838
422,1,474.708,0.0184072
421.5,1,473.842,0.0196213
421,1,472.976,0.0207718
420.5,1,472.11,0.0218471
420,1,471.244,0.0225139
419.5,1,470.378,0.0227351
419,1,469.512,0.0228735
418.5,1,468.645,0.0233111
418,1,467.779,0.0241883
417.5,1,466.913,0.0249892
417,1,466.047,0.0259777
416.5,1,465.181,0.0280763
416,1,464.315,0.0298634
415.5,1,463.449,0.0312864
415,1,462.583,0.031049
414.5,1,461.717,0.0308933
414,1,460.851,0.0307991
413.5,1,459.985,0.0318486
413,1,459.119,0.0331712
412.5,1,458.253,0.033677
412,1,457.387,0.034342
411.5,1,456.521,0.0350759
411,1,455.655,0.0361401
410.5,1,454.789,0.0371615
410,1,453.923,0.0381402
409.5,1,453.057,0.0334339
409,1,452.191,0.0325589
408.5,1,451.325,0.0339886
408,1,450.459,0.0361563
407.5,1,449.593,0.0385367
407,1,448.727,0.0408043
406.5,1,447.861,0.0431329
406,1,446.995,0.045306
405.5,1,446.129,0.0456351
405,1,445.263,0.046161
404.5,1,444.397,0.0468837
404,1,443.531,0.0472042
403.5,1,442.665,0.0475947
403,1,441.799,0.0477862
402.5,1,440.933,0.0466753
402,1,440.067,0.0451518
401.5,1,439.201,0.043554
401,1,438.335,0.0413562
400.5,1,437.469,0.0361958
400,1,436.603,0.0299174
399.5,1,435.737,0.0288115
399,1,434.87,0.0281616
398.5,1,434.004,0.0277915
398,1,433.138,0.031841
397.5,1,432.272,0.0365606
397,1,431.406,0.040366
396.5,1,430.54,0.0441396
396,1,429.674,0.0482492
395.5,1,428.808,0.0514336
395,1,427.942,0.0532952
394.5,1,427.076,0.0542085
394,1,426.21,0.0549974
393.5,1,425.344,0.0557796
393,1,424.478,0.0561361
392.5,1,423.612,0.0561199
392,1,422.746,0.0553738
391.5,1,421.88,0.0546567
391,1,421.014,0.0539691
390.5,1,420.148,0.0532448
390,1,419.282,0.0523957
389.5,1,418.416,0.051422
389,1,417.55,0.0511167
388.5,1,416.684,0.0508719
388,1,415.818,0.0506463
387.5,1,414.952,0.0498184
387,1,414.086,0.048875
386.5,1,413.22,0.0485848
386,1,412.354,0.0483474
385.5,1,411.488,0.0481407
385,1,410.622,0.0488469
384.5,1,409.756,0.0500311
384,1,408.89,0.0502968
383.5,1,408.024,0.050636
383,1,407.158,0.0510837
382.5,1,406.292,0.0515486
382,1,405.426,0.0518783
381.5,1,404.56,0.0520728
381,1,403.694,0.0521321
380.5,1,402.828,0.0520563
380,1,401.962,0.0518864
379.5,1,401.095,0.0531927
379,1,400.229,0.0544119
378.5,1,399.363,0.0555307
378,1,398.497,0.0565491
377.5,1,397.631,0.057467
377,1,396.765,0.0582845
376.5,1,395.899,0.0588849
376,1,395.033,0.0594597
375.5,1,394.167,0.0600905
375,1,393.301,0.0607773
374.5,1,392.435,0.0613659
374,1,391.569,0.0613185
373.5,1,390.703,0.0608395
373,1,389.837,0.0598332
372.5,1,388.971,0.0587983
372,1,388.105,0.0577348
371.5,1,387.239,0.0566427
371,1,386.373,0.055522
370.5,1,385.507,0.0543646
370,1,384.641,0.0530052
369.5,1,383.775,0.0516093
369,1,382.909,0.0503004
368.5,1,382.043,0.0493112
368,1,381.177,0.0483486
367.5,1,380.311,0.0474125
367,1,379.445,0.0466552
366.5,1,378.579,0.0461065
366,1,377.713,0.0418484
365.5,1,376.847,0.0405562
365,1,375.981,0.0395628
364.5,1,375.115,0.0395201
364,1,374.249,0.0395608
363.5,1,373.383,0.0396865
363,1,372.517,0.0416027
362.5,1,371.651,0.0463024
362,1,370.785,0.0466868
361.5,1,369.919,0.0471572
361,1,369.053,0.0477339
360.5,1,368.187,0.0485355
360,1,367.321,0.0493448
359.5,1,366.454,0.0501619
359,1,365.588,0.0509869
358.5,1,364.722,0.0518196
358,1,363.856,0.0524386
357.5,1,362.99,0.052197
357,1,362.124,0.051803
356.5,1,361.258,0.0513989
356,1,360.392,0.0509846
355.5,1,359.526,0.0505602
355,1,358.66,0.0501258
354.5,1,357.794,0.0495459
354,1,356.928,0.0488576
353.5,1,356.062,0.0482309
353,1,355.196,0.0476657
352.5,1,354.33,0.0471071
352,1,353.464,0.046495
351.5,1,352.598,0.0457169
351,1,351.732,0.0441094
350.5,1,350.866,0.0425151
350,1,350,0.040934
349.5,1,349.134,0.0385598
349,1,348.268,0.0371668
348.5,1,347.402,0.0371413
348,1,346.536,0.0370473
347.5,1,345.67,0.0370374
347,1,344.804,0.0377675
346.5,1,343.938,0.038913
346,1,343.072,0.0395876
345.5,1,342.206,0.0401595
345,1,341.34,0.040303
344.5,1,340.474,0.0437303
344,1,339.608,0.0430396
343.5,1,338.742,0.041262
343,1,337.876,0.0382722
342.5,1,337.01,0.0355571
342,1,336.144,0.0333833
341.5,1,335.278,0.0316252
341,1,334.412,0.0306513
340.5,1,333.546,0.0304035
340,1,332.679,0.0301177
339.5,1,331.813,0.0297305
339,1,330.947,0.0305138
338.5,1,330.081,0.030813
338,1,329.215,0.0307289
337.5,1,328.349,0.031245
337,1,327.483,0.0320838
336.5,1,326.617,0.033342
336,1,325.751,0.0345847
335.5,1,324.885,0.0352029
335,1,324.019,0.0360983
334.5,1,323.153,0.037117
334,1,322.287,0.0362197
333.5,1,321.421,0.0359922
333,1,320.555,0.0361024
332.5,1,319.689,0.0359542
332,1,318.823,0.0355825
331.5,1,317.957,0.0360343
331,1,317.091,0.0367305
330.5,1,316.225,0.0373048
330,1,315.359,0.0374896
329.5,1,314.493,0.0376247
329,1,313.627,0.0379791
328.5,1,312.761,0.0368282
328,1,311.895,0.0361655
327.5,1,311.029,0.0358163
327,1,310.163,0.0349404
326.5,1,309.297,0.035648
326,1,308.431,0.0387516
325.5,1,307.565,0.0410138
325,1,306.699,0.0424427
324.5,1,305.833,0.0435288
324,1,304.967,0.0448459
323.5,1,304.101,0.0467542
323,1,303.235,0.048669
322.5,1,302.369,0.0478866
322,1,301.503,0.0458262
321.5,1,300.637,0.0479297
321,1,299.771,0.0503026
320.5,1,298.905,0.0520675
320,1,298.038,0.0525221
319.5,1,297.172,0.052477
319,1,296.306,0.0514798
318.5,1,295.44,0.0488127
318,1,294.574,0.04532
317.5,1,293.708,0.0436523
317,1,292.842,0.0469924
316.5,1,291.976,0.0555569
316,1,291.11,0.0608021
315.5,1,290.244,0.0678143
315,1,289.378,0.0740344
314.5,1,288.512,0.0791084
314,1,287.646,0.0796832
313.5,1,286.78,0.0799814
313,1,285.914,0.0801674
312.5,1,285.048,0.0795743
312,1,284.182,0.0787862
311.5,1,283.316,0.0775304
311,1,282.45,0.0772249
310.5,1,281.584,0.0769814
310,1,280.718,0.0760667
309.5,1,279.852,0.0751037
309,1,278.986,0.0740926
308.5,1,278.12,0.0750226
308,1,277.254,0.0747286
307.5,1,276.388,0.0713168
307,1,275.522,0.0686874
306.5,1,274.656,0.0674939
306,1,273.79,0.0670872
305.5,1,272.924,0.0673679
305,1,272.058,0.0683692
304.5,1,271.192,0.0687008
304,1,270.326,0.0673086
303.5,1,269.46,0.0650597
303,1,268.594,0.0624654
302.5,1,267.728,0.0605744
302,1,266.862,0.0592893
301.5,1,265.996,0.0575064
301,1,265.13,0.0553126
300.5,1,264.263,0.0529239
300,1,263.397,0.0505103
299.5,1,262.531,0.0484658
299,1,261.665,0.0466372
298.5,1,260.799,0.0457723
298,1,259.933,0.046229
297.5,1,259.067,0.0468027
297,1,258.201,0.0470856
296.5,1,257.335,0.0460223
296,1,256.469,0.0451579
295.5,1,255.603,0.0447439
295,1,254.737,0.0435363
294.5,1,253.871,0.0427033
294,1,253.005,0.0422447
293.5,1,252.139,0.041056
293,1,251.273,0.0399312
292.5,1,250.407,0.0389862
292,1,249.541,0.0379151
291.5,1,248.675,0.036744
291,1,247.809,0.034985
290.5,1,246.943,0.032501
290,1,246.077,0.0300777
289.5,1,245.211,0.0276688
289,1,244.345,0.0253017
288.5,1,243.479,0.0229953
288,1,242.613,0.021491
287.5,1,241.747,0.0199437
287,1,240.881,0.0182803
286.5,1,240.015,0.0167832
286,1,239.149,0.0154853
285.5,1,238.283,0.0148771
285,1,237.417,0.0146423
284.5,1,236.551,0.014498
284,1,235.685,0.0144788
283.5,1,234.819,0.0144656
283,1,233.953,0.0144558
282.5,1,233.087,0.0143425
282,1,232.221,0.0142112
281.5,1,231.355,0.0140801
281,1,230.488,0.0140502
280.5,1,229.622,0.0141025
280,1,228.756,0.0142095
279.5,1,227.89,0.0143383
279,1,227.024,0.0144318
278.5,1,226.158,0.0145111
278,1,225.292,0.0145927
277.5,1,224.426,0.014698
277,1,223.56,0.0147892
276.5,1,222.694,0.0148463
276,1,221.828,0.0147924
275.5,1,220.962,0.0147477
275,1,220.096,0.0147155
274.5,1,219.23,0.014808
274,1,218.364,0.01488
273.5,1,217.498,0.0149338
273,1,216.632,0.0148965
272.5,1,215.766,0.0148541
272,1,214.9,0.0148191
271.5,1,214.034,0.0149835
271,1,213.168,0.0152144
270.5,1,212.302,0.0154289
270,1,211.436,0.0154154
269.5,1,210.57,0.0152265
269,1,209.704,0.0150375
268.5,1,208.838,0.0149819
268,1,207.972,0.0150855
267.5,1,207.106,0.0151735
267,1,206.24,0.0151895
266.5,1,205.374,0.0150294
266,1,204.508,0.0148932
265.5,1,203.642,0.0147849
265,1,202.776,0.0148356
264.5,1,201.91,0.014864
264,1,201.044,0.0148702
263.5,1,200.178,0.0147712
263,1,199.312,0.0146652
262.5,1,198.446,0.0145545
262,1,197.58,0.0146684
261.5,1,196.714,0.0148461
261,1,195.847,0.0150175
260.5,1,194.981,0.0150414
260,1,194.115,0.0149903
259.5,1,193.249,0.0149585
259,1,192.383,0.0149415
258.5,1,191.517,0.0149215
258,1,190.651,0.0148809
257.5,1,189.785,0.0148417
257,1,188.919,0.0148476
256.5,1,188.053,0.0148723
256,1,187.187,0.0149168
255.5,1,186.321,0.0149731
255,1,185.455,0.0150206
254.5,1,184.589,0.0150611
254,1,183.723,0.0151514
253.5,1,182.857,0.0152624
253,1,181.991,0.015393
252.5,1,181.125,0.0154632
252,1,180.259,0.0155002
251.5,1,179.393,0.0155181
251,1,178.527,0.0155739
250.5,1,177.661,0.0156875
250,1,176.795,0.0158355
249.5,1,175.929,0.0159678
249,1,175.063,0.0160526
248.5,1,174.197,0.01612
248,1,173.331,0.0160997
247.5,1,172.465,0.015975
247,1,171.599,0.0158952
246.5,1,170.733,0.0159209
246,1,169.867,0.0161421
245.5,1,169.001,0.0163268
245,1,168.135,0.0164601
244.5,1,167.269,0.016134
244,1,166.403,0.0157912
243.5,1,165.537,0.0154484
243,1,164.671,0.0155841
242.5,1,163.805,0.0157774
242,1,162.939,0.0159604
241.5,1,162.072,0.016015
241,1,161.206,0.0160147
240.5,1,160.34,0.0160257
240,1,159.474,0.0160899
239.5,1,158.608,0.0161586
239,1,157.742,0.0161949
238.5,1,156.876,0.0161585
238,1,156.01,0.0160434
237.5,1,155.144,0.0159059
237,1,154.278,0.0157241
236.5,1,153.412,0.0154663
236,1,152.546,0.0152328
235.5,1,151.68,0.0150634
235,1,150.814,0.0154538
234.5,1,149.948,0.0158255
234,1,149.082,0.0161784
233.5,1,148.216,0.0158791
233,1,147.35,0.0155534
232.5,1,146.484,0.0152403
232,1,145.618,0.0154155
231.5,1,144.752,0.0157095
231,1,143.886,0.0159788
230.5,1,143.02,0.0158882
230,1,142.154,0.0156059
229.5,1,141.288,0.0153408
229,1,140.422,0.0152899
228.5,1,139.556,0.0154643
228,1,138.69,0.0156214
227.5,1,137.824,0.015681
227,1,136.958,0.0155797
226.5,1,136.092,0.0155115
226,1,135.226,0.0155021
225.5,1,134.36,0.0156466
225,1,133.494,0.0157532
224.5,1,132.628,0.0158152
224,1,131.762,0.0159006
223.5,1,130.896,0.0160349
223,1,130.03,0.0162179
222.5,1,129.164,0.016269
222,1,128.297,0.0162549
221.5,1,127.431,0.0162056
221,1,126.565,0.0162722
220.5,1,125.699,0.0164258
220,1,124.833,0.016603
219.5,1,123.967,0.0166248
219,1,123.101,0.0164849
218.5,1,122.235,0.0163448
218,1,121.369,0.0162779
217.5,1,120.503,0.016347
217,1,119.637,0.0164199
216.5,1,118.771,0.016436
216,1,117.905,0.0161779
215.5,1,117.039,0.0159107
215,1,116.173,0.0156542
214.5,1,115.307,0.0158326
214,1,114.441,0.0160204
213.5,1,113.575,0.0162186
213,1,112.709,0.0160311
212.5,1,111.843,0.0157952
212,1,110.977,0.0155612
211.5,1,110.111,0.0155847
211,1,109.245,0.015701
210.5,1,108.379,0.0158131
210,1,107.513,0.0157645
209.5,1,106.647,0.0155983
209,1,105.781,0.0154325
208.5,1,104.915,0.0153631
208,1,104.049,0.0154283
207.5,1,103.183,0.0154921
207,1,102.317,0.0155195
206.5,1,101.451,0.0154469
206,1,100.585,0.0153766
205.5,1,99.7187,0.0153197
205,1,98.8526,0.0153404
204.5,1,97.9866,0.0153577
204,1,97.1206,0.0153716
203.5,1,96.2546,0.0153473
203,1,95.3885,0.0153205
202.5,1,94.5225,0.0152951
202,1,93.6565,0.0152851
201.5,1,92.7905,0.0152786
201,1,91.9244,0.0152714
200.5,1,91.0584,0.0152768
200,1,90.1924,0.0152967
