x,y,z,b
500,1,609.808,0.0127601
499.5,1,608.942,0.0127679
499,1,608.076,0.0127743
498.5,1,607.21,0.0127776
498,1,606.344,0.0127808
497.5,1,605.477,0.0127818
497,1,604.611,0.0127754
496.5,1,603.745,0.0127691
496,1,602.879,0.0127623
495.5,1,602.013,0.0127508
495,1,601.147,0.0127392
494.5,1,600.281,0.0127275
494,1,599.415,0.0127217
493.5,1,598.549,0.0127169
493,1,597.683,0.0127122
492.5,1,596.817,0.0127096
492,1,595.951,0.0127081
491.5,1,595.085,0.0127072
491,1,594.219,0.0127024
490.5,1,593.353,0.0126955
490,1,592.487,0.0126893
489.5,1,591.621,0.0126849
489,1,590.755,0.0126822
488.5,1,589.889,0.0126793
488,1,589.023,0.0126776
487.5,1,588.157,0.0126798
487,1,587.291,0.0126822
486.5,1,586.425,0.0126844
486,1,585.559,0.0126845
485.5,1,584.693,0.0126846
485,1,583.827,0.0126848
484.5,1,582.961,0.0126702
484,1,582.095,0.012655
483.5,1,581.229,0.0126398
483,1,580.363,0.0126253
482.5,1,579.497,0.0126111
482,1,578.631,0.0125973
481.5,1,577.765,0.0125967
481,1,576.899,0.0126042
480.5,1,576.033,0.0126126
480,1,575.167,0.0126224
479.5,1,574.301,0.0126328
479,1,573.435,0.0126431
478.5,1,572.569,0.0126485
478,1,571.703,0.0126445
477.5,1,570.836,0.012641
477,1,569.97,0.0126388
476.5,1,569.104,0.0126422
476,1,568.238,0.0126457
475.5,1,567.372,0.0126494
475,1,566.506,0.0126603
474.5,1,565.64,0.0126713
474,1,564.774,0.0126814
473.5,1,563.908,0.0126835
473,1,563.042,0.0126844
472.5,1,562.176,0.0126853
472,1,561.31,0.0126708
471.5,1,560.444,0.0126494
471,1,559.578,0.0126278
470.5,1,558.712,0.0126101
470,1,557.846,0.0125957
469.5,1,556.98,0.0125814
469,1,556.114,0.0125743
468.5,1,555.248,0.0125776
468,1,554.382,0.0125806
467.5,1,553.516,0.0125815
467,1,552.65,0.0125761
466.5,1,551.784,0.0125707
466,1,550.918,0.0125645
465.5,1,550.052,0.0125503
465,1,549.186,0.0125369
464.5,1,548.32,0.0125241
464,1,547.454,0.0125231
463.5,1,546.588,0.0125232
463,1,545.722,0.0125231
462.5,1,544.856,0.0125277
462,1,543.99,0.0125337
461.5,1,543.124,0.0125395
461,1,542.258,0.0125361
460.5,1,541.392,0.0125261
460,1,540.526,0.0125159
459.5,1,539.66,0.0124976
459,1,538.794,0.0124692
458.5,1,537.928,0.0124411
458,1,537.061,0.0124175
457.5,1,536.195,0.0124041
457,1,535.329,0.0123908
456.5,1,534.463,0.0123816
456,1,533.597,0.0124015
455.5,1,532.731,0.0124211
455,1,531.865,0.0124403
454.5,1,530.999,0.0124494
454,1,530.133,0.0124582
453.5,1,529.267,0.0124667
453,1,528.401,0.0124682
452.5,1,527.535,0.012468
452,1,526.669,0.0124682
451.5,1,525.803,0.0124802
451,1,524.937,0.0124987
450.5,1,524.071,0.0125173
450,1,523.205,0.0125337
449.5,1,522.339,0.012548
449,1,521.473,0.0125625
448.5,1,520.607,0.0125647
448,1,519.741,0.0125421
447.5,1,518.875,0.0125181
447,1,518.009,0.0124902
446.5,1,517.143,0.0124492
446,1,516.277,0.0124082
445.5,1,515.411,0.0123675
445,1,514.545,0.0123486
444.5,1,513.679,0.0123303
444,1,512.813,0.0123133
443.5,1,511.947,0.0123249
443,1,511.081,0.0123407
442.5,1,510.215,0.0123564
442,1,509.349,0.0123605
441.5,1,508.483,0.0123582
441,1,507.617,0.0123539
440.5,1,506.751,0.0123448
440,1,505.885,0.0123307
439.5,1,505.019,0.0123135
439,1,504.153,0.0122983
438.5,1,503.286,0.0122885
438,1,502.42,0.0122765
437.5,1,501.554,0.0122635
437,1,500.688,0.0122526
436.5,1,499.822,0.0122404
436,1,498.956,0.0122269
435.5,1,498.09,0.0122053
435,1,497.224,0.0121813
434.5,1,496.358,0.012155
434,1,495.492,0.0121196
433.5,1,494.626,0.0120847
433,1,493.76,0.012054
432.5,1,492.894,0.0120397
432,1,492.028,0.0120298
431.5,1,491.162,0.0120196
431,1,490.296,0.0120375
430.5,1,489.43,0.0120738
430,1,488.564,0.0121084
429.5,1,487.698,0.0121358
429,1,486.832,0.0121542
428.5,1,485.966,0.0121684
428,1,485.1,0.0121719
427.5,1,484.234,0.0121541
427,1,483.368,0.012132
426.5,1,482.502,0.0120946
426,1,481.636,0.0119815
425.5,1,480.77,0.0118657
425,1,479.904,0.0117518
424.5,1,479.038,0.0116918
424,1,478.172,0.0116365
423.5,1,477.306,0.0115847
423,1,476.44,0.0115589
422.5,1,475.574,0.0115383
422,1,474.708,0.0115303
421.5,1,473.842,0.0115337
421,1,472.976,0.0115443
420.5,1,472.11,0.011558
420,1,471.244,0.0115652
419.5,1,470.378,0.0115618
419,1,469.512,0.0115587
418.5,1,468.645,0.0116143
418,1,467.779,0.011779
417.5,1,466.913,0.0119359
417,1,466.047,0.0120861
416.5,1,465.181,0.0122364
416,1,464.315,0.0123829
415.5,1,463.449,0.012525
415,1,462.583,0.0126544
414.5,1,461.717,0.0127897
414,1,460.851,0.0129354
413.5,1,459.985,0.0129484
413,1,459.119,0.0129455
412.5,1,458.253,0.0129474
412,1,457.387,0.0132312
411.5,1,456.521,0.0136104
411,1,455.655,0.0139811
410.5,1,454.789,0.0143126
410,1,453.923,0.0146086
409.5,1,453.057,0.0148872
409,1,452.191,0.0153043
408.5,1,451.325,0.0159402
408,1,450.459,0.0165518
407.5,1,449.593,0.0170452
407,1,448.727,0.0172476
406.5,1,447.861,0.0173767
406,1,446.995,0.017455
405.5,1,446.129,0.0178993
405,1,445.263,0.0181544
404.5,1,444.397,0.0183947
404,1,443.531,0.0190564
403.5,1,442.665,0.0203972
403,1,441.799,0.0217755
402.5,1,440.933,0.0230416
402,1,440.067,0.0243187
401.5,1,439.201,0.0256563
401,1,438.335,0.0269538
400.5,1,437.469,0.028025
400,1,436.603,0.0287669
399.5,1,435.737,0.0293834
399,1,434.87,0.0302301
398.5,1,434.004,0.0317297
398,1,433.138,0.0334884
397.5,1,432.272,0.0348843
397,1,431.406,0.0359007
396.5,1,430.54,0.0363021
396,1,429.674,0.0367255
395.5,1,428.808,0.0371493
395,1,427.942,0.0380652
394.5,1,427.076,0.0389376
394,1,426.21,0.0395658
393.5,1,425.344,0.0395687
393,1,424.478,0.0391292
392.5,1,423.612,0.0386441
392,1,422.746,0.038431
391.5,1,421.88,0.0386356
391,1,421.014,0.0393142
390.5,1,420.148,0.0393988
390,1,419.282,0.0377535
389.5,1,418.416,0.0337546
389,1,417.55,0.0278953
388.5,1,416.684,0.0228416
388,1,415.818,0.022359
387.5,1,414.952,0.0254349
387,1,414.086,0.0295159
386.5,1,413.22,0.0327414
386,1,412.354,0.0356227
385.5,1,411.488,0.0419131
385,1,410.622,0.043906
384.5,1,409.756,0.0455476
384,1,408.89,0.0464533
383.5,1,408.024,0.0443828
383,1,407.158,0.0396855
382.5,1,406.292,0.0410836
382,1,405.426,0.0409555
381.5,1,404.56,0.0382252
381,1,403.694,0.0350379
380.5,1,402.828,0.0356987
380,1,401.962,0.0410748
379.5,1,401.095,0.0430224
379,1,400.229,0.0448318
378.5,1,399.363,0.0464839
378,1,398.497,0.0474941
377.5,1,397.631,0.0469744
377,1,396.765,0.0437727
376.5,1,395.899,0.0380084
376,1,395.033,0.0356446
375.5,1,394.167,0.0348247
375,1,393.301,0.0371333
374.5,1,392.435,0.0437943
374,1,391.569,0.0469653
373.5,1,390.703,0.0497416
373,1,389.837,0.0520999
372.5,1,388.971,0.05273
372,1,388.105,0.0497779
371.5,1,387.239,0.0503241
371,1,386.373,0.0552989
370.5,1,385.507,0.0626136
370,1,384.641,0.0670312
369.5,1,383.775,0.0688174
369,1,382.909,0.0691871
368.5,1,382.043,0.0713099
368,1,381.177,0.0744998
367.5,1,380.311,0.0745187
367,1,379.445,0.0733662
366.5,1,378.579,0.072573
366,1,377.713,0.072426
365.5,1,376.847,0.0727138
365,1,375.981,0.073459
364.5,1,375.115,0.0743783
364,1,374.249,0.0752742
363.5,1,373.383,0.0755912
363,1,372.517,0.0757477
362.5,1,371.651,0.0763257
362,1,370.785,0.0765808
361.5,1,369.919,0.0759932
361,1,369.053,0.0751133
360.5,1,368.187,0.073604
360,1,367.321,0.0713011
359.5,1,366.454,0.0644996
359,1,365.588,0.056892
358.5,1,364.722,0.0502789
358,1,363.856,0.0482651
357.5,1,362.99,0.0517922
357,1,362.124,0.0496739
356.5,1,361.258,0.0475585
356,1,360.392,0.0341473
355.5,1,359.526,0.0405739
355,1,358.66,0.0468564
354.5,1,357.794,0.0340387
354,1,356.928,0.030236
353.5,1,356.062,0.0291596
353,1,355.196,0.0269486
352.5,1,354.33,0.0253911
352,1,353.464,0.0233129
351.5,1,352.598,0.0213636
351,1,351.732,0.0211385
350.5,1,350.866,0.0239937
350,1,350,0.0227696
349.5,1,349.134,0.0181844
349,1,348.268,0.0120529
348.5,1,347.402,0.0205229
348,1,346.536,0.0367319
347.5,1,345.67,0.0468033
347,1,344.804,0.0531346
346.5,1,343.938,0.0570898
346,1,343.072,0.0584908
345.5,1,342.206,0.0614626
345,1,341.34,0.0644325
344.5,1,340.474,0.0653786
344,1,339.608,0.0629129
343.5,1,338.742,0.0621556
343,1,337.876,0.0601073
342.5,1,337.01,0.0560201
342,1,336.144,0.0554102
341.5,1,335.278,0.0532869
341,1,334.412,0.0518099
340.5,1,333.546,0.051352
340,1,332.679,0.0500548
339.5,1,331.813,0.0484091
339,1,330.947,0.0452857
338.5,1,330.081,0.0404646
338,1,329.215,0.0375968
337.5,1,328.349,0.0373787
337,1,327.483,0.0390304
336.5,1,326.617,0.0513734
336,1,325.751,0.0653069
335.5,1,324.885,0.0749146
335,1,324.019,0.083452
334.5,1,323.153,0.0859359
334,1,322.287,0.0881389
333.5,1,321.421,0.0880659
333,1,320.555,0.0870843
332.5,1,319.689,0.0878555
332,1,318.823,0.0893209
331.5,1,317.957,0.091158
331,1,317.091,0.093426
330.5,1,316.225,0.095692
330,1,315.359,0.0981564
329.5,1,314.493,0.100481
329,1,313.627,0.10236
328.5,1,312.761,0.103522
328,1,311.895,0.104251
327.5,1,311.029,0.104625
327,1,310.163,0.104835
326.5,1,309.297,0.105834
326,1,308.431,0.107595
325.5,1,307.565,0.107981
325,1,306.699,0.106713
324.5,1,305.833,0.104343
324,1,304.967,0.100541
323.5,1,304.101,0.0964908
323,1,303.235,0.0913389
322.5,1,302.369,0.0859356
322,1,301.503,0.0810746
321.5,1,300.637,0.0758435
321,1,299.771,0.071722
320.5,1,298.905,0.0679257
320,1,298.038,0.0745866
319.5,1,297.172,0.085734
319,1,296.306,0.099602
318.5,1,295.44,0.106277
318,1,294.574,0.108012
317.5,1,293.708,0.107651
317,1,292.842,0.107101
316.5,1,291.976,0.106407
316,1,291.11,0.103844
315.5,1,290.244,0.102109
315,1,289.378,0.100185
314.5,1,288.512,0.0971775
314,1,287.646,0.0928521
313.5,1,286.78,0.0838381
313,1,285.914,0.0677056
312.5,1,285.048,0.0472291
312,1,284.182,0.034988
311.5,1,283.316,0.0354878
311,1,282.45,0.0252888
310.5,1,281.584,0.018957
310,1,280.718,0.0162714
309.5,1,279.852,0.0147327
309,1,278.986,0.0138458
308.5,1,278.12,0.0130466
308,1,277.254,0.0125066
307.5,1,276.388,0.0124034
307,1,275.522,0.0124487
306.5,1,274.656,0.0125669
306,1,273.79,0.012683
305.5,1,272.924,0.0128077
305,1,272.058,0.0129399
304.5,1,271.192,0.0130396
304,1,270.326,0.0131089
303.5,1,269.46,0.0131337
303,1,268.594,0.0130846
302.5,1,267.728,0.0130077
302,1,266.862,0.012905
301.5,1,265.996,0.0128024
301,1,265.13,0.0127038
300.5,1,264.263,0.0126002
300,1,263.397,0.0125489
299.5,1,262.531,0.0125406
299,1,261.665,0.0125171
298.5,1,260.799,0.0125035
298,1,259.933,0.0125098
297.5,1,259.067,0.0125158
297,1,258.201,0.0125238
296.5,1,257.335,0.0125383
296,1,256.469,0.0125507
295.5,1,255.603,0.0125651
295,1,254.737,0.0125929
294.5,1,253.871,0.0126223
294,1,253.005,0.0126535
293.5,1,252.139,0.0126811
293,1,251.273,0.0127108
292.5,1,250.407,0.0127432
292,1,249.541,0.0127661
291.5,1,248.675,0.0127866
291,1,247.809,0.0128086
290.5,1,246.943,0.0128313
290,1,246.077,0.0128549
289.5,1,245.211,0.0128793
289,1,244.345,0.012907
288.5,1,243.479,0.0129387
288,1,242.613,0.0129694
287.5,1,241.747,0.0129948
287,1,240.881,0.0130065
286.5,1,240.015,0.0130179
286,1,239.149,0.0130282
285.5,1,238.283,0.0130321
285,1,237.417,0.0130341
284.5,1,236.551,0.0130358
284,1,235.685,0.0130457
283.5,1,234.819,0.0130557
283,1,233.953,0.0130657
282.5,1,233.087,0.013077
282,1,232.221,0.0130889
281.5,1,231.355,0.0131006
281,1,230.488,0.0131043
280.5,1,229.622,0.0131039
280,1,228.756,0.0131023
279.5,1,227.89,0.0130993
279,1,227.024,0.0130956
278.5,1,226.158,0.0130918
278,1,225.292,0.0130899
277.5,1,224.426,0.0130912
277,1,223.56,0.0130881
276.5,1,222.694,0.0130829
276,1,221.828,0.0130766
275.5,1,220.962,0.0130713
275,1,220.096,0.013067
274.5,1,219.23,0.0130565
274,1,218.364,0.0130453
273.5,1,217.498,0.0130347
273,1,216.632,0.0130276
272.5,1,215.766,0.0130242
272,1,214.9,0.0130238
271.5,1,214.034,0.0130182
271,1,213.168,0.0130116
270.5,1,212.302,0.0130057
270,1,211.436,0.0130035
269.5,1,210.57,0.0130046
269,1,209.704,0.0130055
268.5,1,208.838,0.0130017
268,1,207.972,0.0129912
267.5,1,207.106,0.012981
267,1,206.24,0.0129726
266.5,1,205.374,0.0129703
266,1,204.508,0.0129685
265.5,1,203.642,0.0129668
265,1,202.776,0.0129606
264.5,1,201.91,0.0129545
264,1,201.044,0.0129484
263.5,1,200.178,0.012946
263,1,199.312,0.0129442
262.5,1,198.446,0.0129425
262,1,197.58,0.0129366
261.5,1,196.714,0.0129296
261,1,195.847,0.012923
260.5,1,194.981,0.0129195
260,1,194.115,0.0129178
259.5,1,193.249,0.0129163
259,1,192.383,0.0129143
258.5,1,191.517,0.0129114
258,1,190.651,0.0129089
257.5,1,189.785,0.0129073
257,1,188.919,0.0129072
256.5,1,188.053,0.0129073
256,1,187.187,0.0129075
255.5,1,186.321,0.0129084
255,1,185.455,0.012909
254.5,1,184.589,0.0129095
254,1,183.723,0.0129078
253.5,1,182.857,0.012906
253,1,181.991,0.0129042
252.5,1,181.125,0.0129032
252,1,180.259,0.0129024
251.5,1,179.393,0.0129015
251,1,178.527,0.0128976
250.5,1,177.661,0.0128924
250,1,176.795,0.0128862
249.5,1,175.929,0.0128803
249,1,175.063,0.0128768
248.5,1,174.197,0.0128741
248,1,173.331,0.0128706
247.5,1,172.465,0.0128645
247,1,171.599,0.0128573
246.5,1,170.733,0.0128514
246,1,169.867,0.0128491
245.5,1,169.001,0.0128469
245,1,168.135,0.0128448
244.5,1,167.269,0.0128409
244,1,166.403,0.0128369
243.5,1,165.537,0.0128332
243,1,164.671,0.0128325
242.5,1,163.805,0.0128319
242,1,162.939,0.0128308
241.5,1,162.072,0.0128267
241,1,161.206,0.0128216
240.5,1,160.34,0.0128167
240,1,159.474,0.0128116
239.5,1,158.608,0.0128064
239,1,157.742,0.0128008
238.5,1,156.876,0.0127946
238,1,156.01,0.0127884
237.5,1,155.144,0.0127825
237,1,154.278,0.0127774
236.5,1,153.412,0.0127735
236,1,152.546,0.0127708
235.5,1,151.68,0.0127683
235,1,150.814,0.0127663
234.5,1,149.948,0.0127647
234,1,149.082,0.0127636
233.5,1,148.216,0.0127632
233,1,147.35,0.0127632
232.5,1,146.484,0.0127634
232,1,145.618,0.0127629
231.5,1,144.752,0.0127623
231,1,143.886,0.0127618
230.5,1,143.02,0.0127612
230,1,142.154,0.0127604
229.5,1,141.288,0.0127596
229,1,140.422,0.0127588
228.5,1,139.556,0.012758
228,1,138.69,0.0127575
227.5,1,137.824,0.0127574
227,1,136.958,0.0127578
226.5,1,136.092,0.0127584
226,1,135.226,0.0127589
225.5,1,134.36,0.012758
225,1,133.494,0.0127572
224.5,1,132.628,0.0127564
224,1,131.762,0.0127587
223.5,1,130.896,0.0127611
223,1,130.03,0.0127635
222.5,1,129.164,0.0127629
222,1,128.297,0.0127618
221.5,1,127.431,0.0127607
221,1,126.565,0.0127619
220.5,1,125.699,0.0127642
220,1,124.833,0.0127665
219.5,1,123.967,0.0127667
219,1,123.101,0.0127652
218.5,1,122.235,0.0127639
218,1,121.369,0.0127636
217.5,1,120.503,0.0127651
217,1,119.637,0.0127666
216.5,1,118.771,0.0127677
216,1,117.905,0.012767
215.5,1,117.039,0.0127664
215,1,116.173,0.0127661
214.5,1,115.307,0.0127673
214,1,114.441,0.0127683
213.5,1,113.575,0.0127692
213,1,112.709,0.0127691
212.5,1,111.843,0.0127689
212,1,110.977,0.0127687
211.5,1,110.111,0.0127688
211,1,109.245,0.012769
210.5,1,108.379,0.0127691
210,1,107.513,0.012769
209.5,1,106.647,0.012769
209,1,105.781,0.012769
208.5,1,104.915,0.0127692
208,1,104.049,0.0127694
207.5,1,103.183,0.0127695
207,1,102.317,0.0127697
206.5,1,101.451,0.0127703
206,1,100.585,0.0127714
205.5,1,99.7187,0.0127724
205,1,98.8526,0.0127713
204.5,1,97.9866,0.0127702
204,1,97.1206,0.0127689
203.5,1,96.2546,0.012771
203,1,95.3885,0.0127736
202.5,1,94.5225,0.0127762
202,1,93.6565,0.0127775
201.5,1,92.7905,0.0127784
201,1,91.9244,0.0127792
200.5,1,91.0584,0.0127825
200,1,90.1924,0.012787
