x,y,z,b
500,1,609.808,0.0120636
499.5,1,608.942,0.0120664
499,1,608.076,0.0120645
498.5,1,607.21,0.0120549
498,1,606.344,0.012044
497.5,1,605.477,0.0120275
497,1,604.611,0.0119934
496.5,1,603.745,0.0119574
496,1,602.879,0.0119196
495.5,1,602.013,0.011883
495,1,601.147,0.0118458
494.5,1,600.281,0.011808
494,1,599.415,0.0117869
493.5,1,598.549,0.0117689
493,1,597.683,0.0117527
492.5,1,596.817,0.0117469
492,1,595.951,0.0117449
491.5,1,595.085,0.0117436
491,1,594.219,0.0117498
490.5,1,593.353,0.0117612
490,1,592.487,0.011773
489.5,1,591.621,0.0117957
489,1,590.755,0.0118341
488.5,1,589.889,0.0118746
488,1,589.023,0.0119146
487.5,1,588.157,0.0119487
487,1,587.291,0.011985
486.5,1,586.425,0.0120214
486,1,585.559,0.0120445
485.5,1,584.693,0.0120684
485,1,583.827,0.0120925
484.5,1,582.961,0.0121035
484,1,582.095,0.0121147
483.5,1,581.229,0.012127
483,1,580.363,0.012132
482.5,1,579.497,0.0121364
482,1,578.631,0.0121415
481.5,1,577.765,0.0121472
481,1,576.899,0.0121539
480.5,1,576.033,0.012162
480,1,575.167,0.0121734
479.5,1,574.301,0.0121852
479,1,573.435,0.0121954
478.5,1,572.569,0.0122031
478,1,571.703,0.0122067
477.5,1,570.836,0.0122086
477,1,569.97,0.0122076
476.5,1,569.104,0.0121971
476,1,568.238,0.0121844
475.5,1,567.372,0.0121689
475,1,566.506,0.0121141
474.5,1,565.64,0.0120579
474,1,564.774,0.0120029
473.5,1,563.908,0.0119578
473,1,563.042,0.0119143
472.5,1,562.176,0.0118708
472,1,561.31,0.011827
471.5,1,560.444,0.011785
471,1,559.578,0.0117456
470.5,1,558.712,0.01171
470,1,557.846,0.011677
469.5,1,556.98,0.0116444
469,1,556.114,0.0116196
468.5,1,555.248,0.011604
468,1,554.382,0.0115875
467.5,1,553.516,0.0115727
467,1,552.65,0.0115647
466.5,1,551.784,0.0115558
466,1,550.918,0.0115434
465.5,1,550.052,0.0115245
465,1,549.186,0.0115059
464.5,1,548.32,0.0114875
464,1,547.454,0.0114758
463.5,1,546.588,0.0114663
463,1,545.722,0.0114539
462.5,1,544.856,0.0114479
462,1,543.99,0.0114466
461.5,1,543.124,0.0114486
461,1,542.258,0.011476
460.5,1,541.392,0.0115095
460,1,540.526,0.0115331
459.5,1,539.66,0.0115841
459,1,538.794,0.0116639
458.5,1,537.928,0.0117295
458,1,537.061,0.011824
457.5,1,536.195,0.0120063
457,1,535.329,0.0121617
456.5,1,534.463,0.0123271
456,1,533.597,0.0127235
455.5,1,532.731,0.0130824
455,1,531.865,0.0134107
454.5,1,530.999,0.0138738
454,1,530.133,0.0143222
453.5,1,529.267,0.0147503
453,1,528.401,0.0151907
452.5,1,527.535,0.0156659
452,1,526.669,0.0161531
451.5,1,525.803,0.0165898
451,1,524.937,0.0170529
450.5,1,524.071,0.0175853
450,1,523.205,0.0180323
449.5,1,522.339,0.0183139
449,1,521.473,0.0186443
448.5,1,520.607,0.0189692
448,1,519.741,0.0191489
447.5,1,518.875,0.0193706
447,1,518.009,0.0195942
446.5,1,517.143,0.0196741
446,1,516.277,0.019807
445.5,1,515.411,0.0199947
445,1,514.545,0.020371
444.5,1,513.679,0.020902
444,1,512.813,0.0214161
443.5,1,511.947,0.0214959
443,1,511.081,0.021523
442.5,1,510.215,0.0215604
442,1,509.349,0.0223307
441.5,1,508.483,0.023369
441,1,507.617,0.024242
440.5,1,506.751,0.0247143
440,1,505.885,0.0248672
439.5,1,505.019,0.0249794
439,1,504.153,0.0255459
438.5,1,503.286,0.0264835
438,1,502.42,0.0285562
437.5,1,501.554,0.0285502
437,1,500.688,0.0262411
436.5,1,499.822,0.0255151
436,1,498.956,0.0251323
435.5,1,498.09,0.0264682
435,1,497.224,0.0275415
434.5,1,496.358,0.028352
434,1,495.492,0.0281278
433.5,1,494.626,0.0277294
433,1,493.76,0.0270631
432.5,1,492.894,0.0260977
432,1,492.028,0.025159
431.5,1,491.162,0.0243279
431,1,490.296,0.0237868
430.5,1,489.43,0.023472
430,1,488.564,0.0232249
429.5,1,487.698,0.0230955
429,1,486.832,0.0231102
428.5,1,485.966,0.0231233
428,1,485.1,0.0232076
427.5,1,484.234,0.0234637
427,1,483.368,0.023714
426.5,1,482.502,0.0239266
426,1,481.636,0.0239031
425.5,1,480.77,0.0238518
425,1,479.904,0.0238123
424.5,1,479.038,0.0240158
424,1,478.172,0.0242884
423.5,1,477.306,0.0246262
423,1,476.44,0.0249215
422.5,1,475.574,0.0252385
422,1,474.708,0.025638
421.5,1,473.842,0.0260364
421,1,472.976,0.0264544
420.5,1,472.11,0.0269023
420,1,471.244,0.0270063
419.5,1,470.378,0.0267659
419,1,469.512,0.0265469
418.5,1,468.645,0.0262249
418,1,467.779,0.02568
417.5,1,466.913,0.0251571
417,1,466.047,0.0246997
416.5,1,465.181,0.0244362
416,1,464.315,0.0241991
415.5,1,463.449,0.0240024
415,1,462.583,0.0242634
414.5,1,461.717,0.0245549
414,1,460.851,0.0249103
413.5,1,459.985,0.0252736
413,1,459.119,0.0257527
412.5,1,458.253,0.0260987
412,1,457.387,0.0265902
411.5,1,456.521,0.0281286
411,1,455.655,0.0288863
410.5,1,454.789,0.0290312
410,1,453.923,0.0278943
409.5,1,453.057,0.0272741
409,1,452.191,0.0272707
408.5,1,451.325,0.027296
408,1,450.459,0.027213
407.5,1,449.593,0.0264293
407,1,448.727,0.0257017
406.5,1,447.861,0.0253231
406,1,446.995,0.0255042
405.5,1,446.129,0.0263188
405,1,445.263,0.0281069
404.5,1,444.397,0.0299771
404,1,443.531,0.031886
403.5,1,442.665,0.033641
403,1,441.799,0.0352314
402.5,1,440.933,0.0366043
402,1,440.067,0.038179
401.5,1,439.201,0.0401706
401,1,438.335,0.0413197
400.5,1,437.469,0.0418179
400,1,436.603,0.0423516
399.5,1,435.737,0.0431304
399,1,434.87,0.0446008
398.5,1,434.004,0.0449733
398,1,433.138,0.0453901
397.5,1,432.272,0.0458437
397,1,431.406,0.0442886
396.5,1,430.54,0.0441552
396,1,429.674,0.0447781
395.5,1,428.808,0.0453453
395,1,427.942,0.0456531
394.5,1,427.076,0.0456512
394,1,426.21,0.0465411
393.5,1,425.344,0.0455321
393,1,424.478,0.0450566
392.5,1,423.612,0.0443439
392,1,422.746,0.0438784
391.5,1,421.88,0.0447096
391,1,421.014,0.0459693
390.5,1,420.148,0.0470214
390,1,419.282,0.047165
389.5,1,418.416,0.0464653
389,1,417.55,0.0454807
388.5,1,416.684,0.0442557
388,1,415.818,0.0423874
387.5,1,414.952,0.0406452
387,1,414.086,0.0391512
386.5,1,413.22,0.0385281
386,1,412.354,0.0380032
385.5,1,411.488,0.0375177
385,1,410.622,0.0369839
384.5,1,409.756,0.0369186
384,1,408.89,0.0373205
383.5,1,408.024,0.0373792
383,1,407.158,0.0379379
382.5,1,406.292,0.039104
382,1,405.426,0.0407461
381.5,1,404.56,0.0422409
381,1,403.694,0.0437716
380.5,1,402.828,0.0455389
380,1,401.962,0.0470037
379.5,1,401.095,0.0479216
379,1,400.229,0.048402
378.5,1,399.363,0.0489766
378,1,398.497,0.0492255
377.5,1,397.631,0.0486975
377,1,396.765,0.048645
376.5,1,395.899,0.0486574
376,1,395.033,0.0486653
375.5,1,394.167,0.0486458
375,1,393.301,0.0459797
374.5,1,392.435,0.0439095
374,1,391.569,0.0431818
373.5,1,390.703,0.0495712
373,1,389.837,0.0529093
372.5,1,388.971,0.0604435
372,1,388.105,0.0667583
371.5,1,387.239,0.0711672
371,1,386.373,0.0719003
370.5,1,385.507,0.0720941
370,1,384.641,0.0698642
369.5,1,383.775,0.0686083
369,1,382.909,0.0680539
368.5,1,382.043,0.0679031
368,1,381.177,0.0678734
367.5,1,380.311,0.0673981
367,1,379.445,0.0664707
366.5,1,378.579,0.0657124
366,1,377.713,0.0644152
365.5,1,376.847,0.0647539
365,1,375.981,0.0653675
364.5,1,375.115,0.0662561
364,1,374.249,0.0673253
363.5,1,373.383,0.0677694
363,1,372.517,0.0669995
362.5,1,371.651,0.0661779
362,1,370.785,0.0653046
361.5,1,369.919,0.0643796
361,1,369.053,0.0632708
360.5,1,368.187,0.0610323
360,1,367.321,0.0589017
359.5,1,366.454,0.056879
359,1,365.588,0.0549642
358.5,1,364.722,0.0531573
358,1,363.856,0.0514202
357.5,1,362.99,0.0501888
357,1,362.124,0.049273
356.5,1,361.258,0.048557
356,1,360.392,0.047559
355.5,1,359.526,0.0470894
355,1,358.66,0.0469946
354.5,1,357.794,0.0470141
354,1,356.928,0.0470769
353.5,1,356.062,0.0470316
353,1,355.196,0.0470294
352.5,1,354.33,0.0470574
352,1,353.464,0.0471719
351.5,1,352.598,0.04735
351,1,351.732,0.0477154
350.5,1,350.866,0.0484157
350,1,350,0.0494121
349.5,1,349.134,0.0506148
349,1,348.268,0.0515659
348.5,1,347.402,0.0517207
348,1,346.536,0.0515313
347.5,1,345.67,0.051318
347,1,344.804,0.0513307
346.5,1,343.938,0.0512901
346,1,343.072,0.0511773
345.5,1,342.206,0.0525677
345,1,341.34,0.0535156
344.5,1,340.474,0.0524347
344,1,339.608,0.050467
343.5,1,338.742,0.0567794
343,1,337.876,0.0593357
342.5,1,337.01,0.0616792
342,1,336.144,0.0622574
341.5,1,335.278,0.0660557
341,1,334.412,0.0687797
340.5,1,333.546,0.0720453
340,1,332.679,0.0718458
339.5,1,331.813,0.0704624
339,1,330.947,0.0687487
338.5,1,330.081,0.0672366
338,1,329.215,0.0661442
337.5,1,328.349,0.0658165
337,1,327.483,0.0655851
336.5,1,326.617,0.0661438
336,1,325.751,0.0670809
335.5,1,324.885,0.068004
335,1,324.019,0.0689958
334.5,1,323.153,0.0702442
334,1,322.287,0.0718171
333.5,1,321.421,0.073028
333,1,320.555,0.0742024
332.5,1,319.689,0.075533
332,1,318.823,0.0764612
331.5,1,317.957,0.0770949
331,1,317.091,0.0762768
330.5,1,316.225,0.0756999
330,1,315.359,0.0748879
329.5,1,314.493,0.0741814
329,1,313.627,0.0737549
328.5,1,312.761,0.0735833
328,1,311.895,0.0736821
327.5,1,311.029,0.0741249
327,1,310.163,0.0743215
326.5,1,309.297,0.074732
326,1,308.431,0.0750851
325.5,1,307.565,0.0759711
325,1,306.699,0.0760643
324.5,1,305.833,0.0761328
324,1,304.967,0.0761749
323.5,1,304.101,0.0752169
323,1,303.235,0.0740307
322.5,1,302.369,0.072711
322,1,301.503,0.070454
321.5,1,300.637,0.0677641
321,1,299.771,0.0651605
320.5,1,298.905,0.0638171
320,1,298.038,0.0633769
319.5,1,297.172,0.0631089
319,1,296.306,0.0629993
318.5,1,295.44,0.0631041
318,1,294.574,0.0621083
317.5,1,293.708,0.0631553
317,1,292.842,0.064428
316.5,1,291.976,0.0651634
316,1,291.11,0.065687
315.5,1,290.244,0.0657434
315,1,289.378,0.0657119
314.5,1,288.512,0.0656286
314,1,287.646,0.0651396
313.5,1,286.78,0.0647911
313,1,285.914,0.0643539
312.5,1,285.048,0.0631555
312,1,284.182,0.0630381
311.5,1,283.316,0.0661612
311,1,282.45,0.0660847
310.5,1,281.584,0.0662216
310,1,280.718,0.066506
309.5,1,279.852,0.0670797
309,1,278.986,0.0679424
308.5,1,278.12,0.0695845
308,1,277.254,0.0704871
307.5,1,276.388,0.0707716
307,1,275.522,0.0711097
306.5,1,274.656,0.071135
306,1,273.79,0.0699515
305.5,1,272.924,0.068876
305,1,272.058,0.0679019
304.5,1,271.192,0.0663888
304,1,270.326,0.0648501
303.5,1,269.46,0.0633366
303,1,268.594,0.0603954
302.5,1,267.728,0.0574741
302,1,266.862,0.0548494
301.5,1,265.996,0.0509416
301,1,265.13,0.0465592
300.5,1,264.263,0.042403
300,1,263.397,0.0398455
299.5,1,262.531,0.0385604
299,1,261.665,0.0380033
298.5,1,260.799,0.0380015
298,1,259.933,0.0380404
297.5,1,259.067,0.0375448
297,1,258.201,0.0361712
296.5,1,257.335,0.0328854
296,1,256.469,0.028856
295.5,1,255.603,0.0246369
295,1,254.737,0.0222731
294.5,1,253.871,0.0197536
294,1,253.005,0.0170784
293.5,1,252.139,0.0162678
293,1,251.273,0.0156878
292.5,1,250.407,0.0151575
292,1,249.541,0.0150062
291.5,1,248.675,0.0149809
291,1,247.809,0.0149714
290.5,1,246.943,0.015037
290,1,246.077,0.0151517
289.5,1,245.211,0.0152756
289,1,244.345,0.0153739
288.5,1,243.479,0.0154295
288,1,242.613,0.0154802
287.5,1,241.747,0.0155234
287,1,240.881,0.0155562
286.5,1,240.015,0.0155858
286,1,239.149,0.0156131
285.5,1,238.283,0.0156425
285,1,237.417,0.0156718
284.5,1,236.551,0.0157047
284,1,235.685,0.0157046
283.5,1,234.819,0.0157035
283,1,233.953,0.0157023
282.5,1,233.087,0.0156708
282,1,232.221,0.0156347
281.5,1,231.355,0.0155989
281,1,230.488,0.0155734
280.5,1,229.622,0.0155508
280,1,228.756,0.0155228
279.5,1,227.89,0.0154878
279,1,227.024,0.0154503
278.5,1,226.158,0.0154138
278,1,225.292,0.0153547
277.5,1,224.426,0.0152479
277,1,223.56,0.0151382
276.5,1,222.694,0.0150336
276,1,221.828,0.0149528
275.5,1,220.962,0.0148665
275,1,220.096,0.014775
274.5,1,219.23,0.0146919
274,1,218.364,0.0146037
273.5,1,217.498,0.0145116
273,1,216.632,0.0145007
272.5,1,215.766,0.0145051
272,1,214.9,0.0145123
271.5,1,214.034,0.0144789
271,1,213.168,0.0144338
270.5,1,212.302,0.0143952
270,1,211.436,0.0143589
269.5,1,210.57,0.0143214
269,1,209.704,0.0142841
268.5,1,208.838,0.0142301
268,1,207.972,0.0141461
267.5,1,207.106,0.0140559
267,1,206.24,0.0139652
266.5,1,205.374,0.0138893
266,1,204.508,0.0138138
265.5,1,203.642,0.013738
265,1,202.776,0.0136768
264.5,1,201.91,0.0136165
264,1,201.044,0.0135572
263.5,1,200.178,0.0135083
263,1,199.312,0.0134616
262.5,1,198.446,0.0134164
262,1,197.58,0.0133767
261.5,1,196.714,0.0133426
261,1,195.847,0.013313
260.5,1,194.981,0.0132847
260,1,194.115,0.0132599
259.5,1,193.249,0.0132395
259,1,192.383,0.0132303
258.5,1,191.517,0.0132311
258,1,190.651,0.0132327
257.5,1,189.785,0.013233
257,1,188.919,0.0132279
256.5,1,188.053,0.0132232
256,1,187.187,0.0132196
255.5,1,186.321,0.0132197
255,1,185.455,0.01322
254.5,1,184.589,0.0132208
254,1,183.723,0.0132133
253.5,1,182.857,0.0132054
253,1,181.991,0.0131971
252.5,1,181.125,0.0132056
252,1,180.259,0.0132173
251.5,1,179.393,0.0132285
251,1,178.527,0.0132313
250.5,1,177.661,0.0132301
250,1,176.795,0.0132292
249.5,1,175.929,0.0132318
249,1,175.063,0.0132372
248.5,1,174.197,0.0132423
248,1,173.331,0.0132427
247.5,1,172.465,0.0132353
247,1,171.599,0.013229
246.5,1,170.733,0.0132267
246,1,169.867,0.0132388
245.5,1,169.001,0.0132511
245,1,168.135,0.0132628
244.5,1,167.269,0.0132513
244,1,166.403,0.0132417
243.5,1,165.537,0.0132336
243,1,164.671,0.0132282
242.5,1,163.805,0.0132234
242,1,162.939,0.0132187
241.5,1,162.072,0.0132037
241,1,161.206,0.0131859
240.5,1,160.34,0.013169
240,1,159.474,0.0131726
239.5,1,158.608,0.0131912
239,1,157.742,0.0132082
238.5,1,156.876,0.0132159
238,1,156.01,0.0132123
237.5,1,155.144,0.0132095
237,1,154.278,0.0132112
236.5,1,153.412,0.0132245
236,1,152.546,0.0132362
235.5,1,151.68,0.0132465
235,1,150.814,0.0132453
234.5,1,149.948,0.0132445
234,1,149.082,0.0132439
233.5,1,148.216,0.0132635
233,1,147.35,0.0132835
232.5,1,146.484,0.013303
232,1,145.618,0.0133061
231.5,1,144.752,0.0133044
231,1,143.886,0.0133024
230.5,1,143.02,0.0132948
230,1,142.154,0.0132843
229.5,1,141.288,0.0132737
229,1,140.422,0.0132603
228.5,1,139.556,0.0132438
228,1,138.69,0.0132268
227.5,1,137.824,0.01322
227,1,136.958,0.0132375
226.5,1,136.092,0.013255
226,1,135.226,0.0132681
225.5,1,134.36,0.0132551
225,1,133.494,0.0132413
224.5,1,132.628,0.0132272
224,1,131.762,0.0132298
223.5,1,130.896,0.0132332
223,1,130.03,0.0132371
222.5,1,129.164,0.0132182
222,1,128.297,0.0131937
221.5,1,127.431,0.0131684
221,1,126.565,0.0131768
220.5,1,125.699,0.0132024
220,1,124.833,0.0132285
219.5,1,123.967,0.0132257
219,1,123.101,0.0131952
218.5,1,122.235,0.013164
218,1,121.369,0.0131437
217.5,1,120.503,0.0131446
217,1,119.637,0.0131463
216.5,1,118.771,0.0131399
216,1,117.905,0.0130975
215.5,1,117.039,0.0130543
215,1,116.173,0.0130138
214.5,1,115.307,0.0130554
214,1,114.441,0.0130976
213.5,1,113.575,0.0131392
213,1,112.709,0.0131029
212.5,1,111.843,0.0130561
212,1,110.977,0.0130089
211.5,1,110.111,0.0130151
211,1,109.245,0.0130399
210.5,1,108.379,0.0130636
210,1,107.513,0.013045
209.5,1,106.647,0.0129954
209,1,105.781,0.0129468
208.5,1,104.915,0.0129424
208,1,104.049,0.0129965
207.5,1,103.183,0.0130492
207,1,102.317,0.0130747
206.5,1,101.451,0.0130249
206,1,100.585,0.0129764
205.5,1,99.7187,0.0129386
205,1,98.8526,0.0129836
204.5,1,97.9866,0.0130278
204,1,97.1206,0.0130713
203.5,1,96.2546,0.0130178
203,1,95.3885,0.0129578
202.5,1,94.5225,0.0128979
202,1,93.6565,0.0129358
201.5,1,92.7905,0.0130009
201,1,91.9244,0.0130665
200.5,1,91.0584,0.01305
200,1,90.1924,0.0129848
