x,y,z,b
500,1,609.808,0.0114932
499.5,1,608.942,0.0114679
499,1,608.076,0.0114459
498.5,1,607.21,0.011435
498,1,606.344,0.0114234
497.5,1,605.477,0.0114131
497,1,604.611,0.0114109
496.5,1,603.745,0.0114108
496,1,602.879,0.0114184
495.5,1,602.013,0.0114209
495,1,601.147,0.0114188
494.5,1,600.281,0.011412
494,1,599.415,0.0114045
493.5,1,598.549,0.0113938
493,1,597.683,0.0113819
492.5,1,596.817,0.0113429
492,1,595.951,0.0112947
491.5,1,595.085,0.0112461
491,1,594.219,0.011203
490.5,1,593.353,0.0111653
490,1,592.487,0.0111283
489.5,1,591.621,0.0110953
489,1,590.755,0.0110667
488.5,1,589.889,0.0110379
488,1,589.023,0.0110232
487.5,1,588.157,0.011043
487,1,587.291,0.0110563
486.5,1,586.425,0.0110707
486,1,585.559,0.0111323
485.5,1,584.693,0.0111792
485,1,583.827,0.0112179
484.5,1,582.961,0.0113985
484,1,582.095,0.0115663
483.5,1,581.229,0.0117142
483,1,580.363,0.0118272
482.5,1,579.497,0.0119105
482,1,578.631,0.0119847
481.5,1,577.765,0.0120773
481,1,576.899,0.012175
480.5,1,576.033,0.0122573
480,1,575.167,0.0123412
479.5,1,574.301,0.0124574
479,1,573.435,0.0125743
478.5,1,572.569,0.0126708
478,1,571.703,0.0127332
477.5,1,570.836,0.0127905
477,1,569.97,0.0128569
476.5,1,569.104,0.0129699
476,1,568.238,0.0130795
475.5,1,567.372,0.0131844
475,1,566.506,0.0131793
474.5,1,565.64,0.0131794
474,1,564.774,0.0131877
473.5,1,563.908,0.0131889
473,1,563.042,0.0131959
472.5,1,562.176,0.0132103
472,1,561.31,0.013143
471.5,1,560.444,0.0130475
471,1,559.578,0.0129641
470.5,1,558.712,0.0129175
470,1,557.846,0.0128909
469.5,1,556.98,0.012861
469,1,556.114,0.0128429
468.5,1,555.248,0.0128511
468,1,554.382,0.0128619
467.5,1,553.516,0.0128729
467,1,552.65,0.012876
466.5,1,551.784,0.0128765
466,1,550.918,0.0128749
465.5,1,550.052,0.0128988
465,1,549.186,0.0129393
464.5,1,548.32,0.0129965
464,1,547.454,0.0129906
463.5,1,546.588,0.0129722
463,1,545.722,0.0129467
462.5,1,544.856,0.0130025
462,1,543.99,0.0130886
461.5,1,543.124,0.0131771
461,1,542.258,0.0131995
460.5,1,541.392,0.0131559
460,1,540.526,0.0130929
459.5,1,539.66,0.0131395
459,1,538.794,0.0133545
458.5,1,537.928,0.0135786
458,1,537.061,0.0137516
457.5,1,536.195,0.0137601
457,1,535.329,0.0137483
456.5,1,534.463,0.0137339
456,1,533.597,0.0138411
455.5,1,532.731,0.013956
455,1,531.865,0.0140837
454.5,1,530.999,0.0141111
454,1,530.133,0.014126
453.5,1,529.267,0.0141322
453,1,528.401,0.0141679
452.5,1,527.535,0.0142172
452,1,526.669,0.0142774
451.5,1,525.803,0.0142786
451,1,524.937,0.0142517
450.5,1,524.071,0.0142307
450,1,523.205,0.0142227
449.5,1,522.339,0.0142322
449,1,521.473,0.0142514
448.5,1,520.607,0.0142657
448,1,519.741,0.0142586
447.5,1,518.875,0.0142518
447,1,518.009,0.014256
446.5,1,517.143,0.0143098
446,1,516.277,0.0143654
445.5,1,515.411,0.0144247
445,1,514.545,0.0145716
444.5,1,513.679,0.0147143
444,1,512.813,0.014855
443.5,1,511.947,0.0149572
443,1,511.081,0.0150467
442.5,1,510.215,0.0151287
442,1,509.349,0.015163
441.5,1,508.483,0.0151775
441,1,507.617,0.0151964
440.5,1,506.751,0.0152537
440,1,505.885,0.015347
439.5,1,505.019,0.0154484
439,1,504.153,0.0155508
438.5,1,503.286,0.0156467
438,1,502.42,0.0157416
437.5,1,501.554,0.0158537
437,1,500.688,0.0160384
436.5,1,499.822,0.0162402
436,1,498.956,0.0164373
435.5,1,498.09,0.0163891
435,1,497.224,0.0163223
434.5,1,496.358,0.016237
434,1,495.492,0.0158515
433.5,1,494.626,0.0153478
433,1,493.76,0.0147914
432.5,1,492.894,0.0143724
432,1,492.028,0.0140508
431.5,1,491.162,0.0137902
431,1,490.296,0.0138096
430.5,1,489.43,0.0140731
430,1,488.564,0.0145408
429.5,1,487.698,0.015083
429,1,486.832,0.0156605
428.5,1,485.966,0.0163062
428,1,485.1,0.0168986
427.5,1,484.234,0.017102
427,1,483.368,0.0173663
426.5,1,482.502,0.0178164
426,1,481.636,0.0188977
425.5,1,480.77,0.0198778
425,1,479.904,0.0207153
424.5,1,479.038,0.0212565
424,1,478.172,0.0218093
423.5,1,477.306,0.0223788
423,1,476.44,0.0223958
422.5,1,475.574,0.0222858
422,1,474.708,0.0221677
421.5,1,473.842,0.0221331
421,1,472.976,0.0221638
420.5,1,472.11,0.0222353
420,1,471.244,0.0222834
419.5,1,470.378,0.0223135
419,1,469.512,0.0224272
418.5,1,468.645,0.0224943
418,1,467.779,0.0223855
417.5,1,466.913,0.0222387
417,1,466.047,0.0220677
416.5,1,465.181,0.021998
416,1,464.315,0.0217834
415.5,1,463.449,0.0214267
415,1,462.583,0.0210993
414.5,1,461.717,0.0206675
414,1,460.851,0.0201651
413.5,1,459.985,0.0200891
413,1,459.119,0.0200405
412.5,1,458.253,0.0199514
412,1,457.387,0.0203023
411.5,1,456.521,0.0208655
411,1,455.655,0.0214493
410.5,1,454.789,0.0219214
410,1,453.923,0.0222713
409.5,1,453.057,0.0225719
409,1,452.191,0.0228825
408.5,1,451.325,0.023338
408,1,450.459,0.0238968
407.5,1,449.593,0.0246581
407,1,448.727,0.0258378
406.5,1,447.861,0.0270235
406,1,446.995,0.0280739
405.5,1,446.129,0.0277645
405,1,445.263,0.0273134
404.5,1,444.397,0.0267204
404,1,443.531,0.0273086
403.5,1,442.665,0.0284832
403,1,441.799,0.030309
402.5,1,440.933,0.0314447
402,1,440.067,0.0323804
401.5,1,439.201,0.0333722
401,1,438.335,0.0343595
400.5,1,437.469,0.0351182
400,1,436.603,0.0354278
399.5,1,435.737,0.0353309
399,1,434.87,0.0350217
398.5,1,434.004,0.034795
398,1,433.138,0.0343343
397.5,1,432.272,0.0345766
397,1,431.406,0.0352896
396.5,1,430.54,0.0362486
396,1,429.674,0.0381652
395.5,1,428.808,0.0424483
395,1,427.942,0.0454087
394.5,1,427.076,0.0449636
394,1,426.21,0.0448129
393.5,1,425.344,0.0449612
393,1,424.478,0.0455331
392.5,1,423.612,0.0460144
392,1,422.746,0.0462127
391.5,1,421.88,0.0464089
391,1,421.014,0.0462776
390.5,1,420.148,0.0461557
390,1,419.282,0.0461489
389.5,1,418.416,0.0460514
389,1,417.55,0.0456676
388.5,1,416.684,0.0454049
388,1,415.818,0.0455231
387.5,1,414.952,0.045788
387,1,414.086,0.0461839
386.5,1,413.22,0.0467585
386,1,412.354,0.0473762
385.5,1,411.488,0.0480267
385,1,410.622,0.0491866
384.5,1,409.756,0.0504477
384,1,408.89,0.051153
383.5,1,408.024,0.0518649
383,1,407.158,0.0524205
382.5,1,406.292,0.052568
382,1,405.426,0.052655
381.5,1,404.56,0.0526814
381,1,403.694,0.0526474
380.5,1,402.828,0.0525529
380,1,401.962,0.0524505
379.5,1,401.095,0.0538201
379,1,400.229,0.0551163
378.5,1,399.363,0.0563271
378,1,398.497,0.0581055
377.5,1,397.631,0.058945
377,1,396.765,0.0588905
376.5,1,395.899,0.0588356
376,1,395.033,0.0588
375.5,1,394.167,0.0590418
375,1,393.301,0.0592975
374.5,1,392.435,0.0595634
374,1,391.569,0.0587605
373.5,1,390.703,0.0577586
373,1,389.837,0.0567623
372.5,1,388.971,0.0548152
372,1,388.105,0.0525017
371.5,1,387.239,0.050117
371,1,386.373,0.0497379
370.5,1,385.507,0.0504856
370,1,384.641,0.0505709
369.5,1,383.775,0.0523792
369,1,382.909,0.054284
368.5,1,382.043,0.0543198
368,1,381.177,0.0534921
367.5,1,380.311,0.0528712
367,1,379.445,0.0522638
366.5,1,378.579,0.0509043
366,1,377.713,0.0495668
365.5,1,376.847,0.0489464
365,1,375.981,0.0477816
364.5,1,375.115,0.0463394
364,1,374.249,0.0459416
363.5,1,373.383,0.0462461
363,1,372.517,0.0469155
362.5,1,371.651,0.0477764
362,1,370.785,0.0481653
361.5,1,369.919,0.048125
361,1,369.053,0.0470929
360.5,1,368.187,0.0455837
360,1,367.321,0.043618
359.5,1,366.454,0.0422318
359,1,365.588,0.0411965
358.5,1,364.722,0.0402251
358,1,363.856,0.0388993
357.5,1,362.99,0.0372996
357,1,362.124,0.0352087
356.5,1,361.258,0.0334377
356,1,360.392,0.0320797
355.5,1,359.526,0.031713
355,1,358.66,0.0317301
354.5,1,357.794,0.0322958
354,1,356.928,0.0331821
353.5,1,356.062,0.0340754
353,1,355.196,0.0326902
352.5,1,354.33,0.0324334
352,1,353.464,0.0344584
351.5,1,352.598,0.0361682
351,1,351.732,0.0381699
350.5,1,350.866,0.0405028
350,1,350,0.0337436
349.5,1,349.134,0.0283251
349,1,348.268,0.0258154
348.5,1,347.402,0.0242858
348,1,346.536,0.0216443
347.5,1,345.67,0.0211294
347,1,344.804,0.0210256
346.5,1,343.938,0.0212542
346,1,343.072,0.0217654
345.5,1,342.206,0.0218986
345,1,341.34,0.0215682
344.5,1,340.474,0.0220327
344,1,339.608,0.0227206
343.5,1,338.742,0.0232971
343,1,337.876,0.0236996
342.5,1,337.01,0.0239433
342,1,336.144,0.0238774
341.5,1,335.278,0.0239413
341,1,334.412,0.024162
340.5,1,333.546,0.0243702
340,1,332.679,0.0247571
339.5,1,331.813,0.0254679
339,1,330.947,0.0261417
338.5,1,330.081,0.0267333
338,1,329.215,0.0271307
337.5,1,328.349,0.0275542
337,1,327.483,0.0279297
336.5,1,326.617,0.0277276
336,1,325.751,0.0274126
335.5,1,324.885,0.0269214
335,1,324.019,0.0269437
334.5,1,323.153,0.0271347
334,1,322.287,0.0274637
333.5,1,321.421,0.0279123
333,1,320.555,0.0283825
332.5,1,319.689,0.0280986
332,1,318.823,0.0280699
331.5,1,317.957,0.0284063
331,1,317.091,0.0295317
330.5,1,316.225,0.0305406
330,1,315.359,0.0311969
329.5,1,314.493,0.0322719
329,1,313.627,0.0340169
328.5,1,312.761,0.035891
328,1,311.895,0.0401774
327.5,1,311.029,0.0433317
327,1,310.163,0.0458481
326.5,1,309.297,0.0469189
326,1,308.431,0.0480279
325.5,1,307.565,0.0491194
325,1,306.699,0.0491422
324.5,1,305.833,0.0492642
324,1,304.967,0.0503303
323.5,1,304.101,0.0514701
323,1,303.235,0.0523664
322.5,1,302.369,0.0526962
322,1,301.503,0.0531298
321.5,1,300.637,0.0534667
321,1,299.771,0.0537534
320.5,1,298.905,0.0540438
320,1,298.038,0.0543275
319.5,1,297.172,0.0546315
319,1,296.306,0.0551066
318.5,1,295.44,0.0557512
318,1,294.574,0.0561909
317.5,1,293.708,0.0566316
317,1,292.842,0.0572277
316.5,1,291.976,0.0576237
316,1,291.11,0.0579585
315.5,1,290.244,0.0583771
315,1,289.378,0.0587421
314.5,1,288.512,0.0591817
314,1,287.646,0.0584657
313.5,1,286.78,0.0582884
313,1,285.914,0.0586424
312.5,1,285.048,0.0563021
312,1,284.182,0.0528619
311.5,1,283.316,0.0489241
311,1,282.45,0.0466387
310.5,1,281.584,0.0454441
310,1,280.718,0.0442667
309.5,1,279.852,0.0430479
309,1,278.986,0.0419692
308.5,1,278.12,0.0409476
308,1,277.254,0.0398727
307.5,1,276.388,0.0385696
307,1,275.522,0.0372461
306.5,1,274.656,0.0360923
306,1,273.79,0.0357354
305.5,1,272.924,0.03532
305,1,272.058,0.0348431
304.5,1,271.192,0.0342497
304,1,270.326,0.0337522
303.5,1,269.46,0.0333261
303,1,268.594,0.0327928
302.5,1,267.728,0.0322399
302,1,266.862,0.0317172
301.5,1,265.996,0.0313801
301,1,265.13,0.0310381
300.5,1,264.263,0.0306291
300,1,263.397,0.0301443
299.5,1,262.531,0.0295876
299,1,261.665,0.0289198
298.5,1,260.799,0.0281729
298,1,259.933,0.0273912
297.5,1,259.067,0.0265633
297,1,258.201,0.0257391
296.5,1,257.335,0.025023
296,1,256.469,0.0242546
295.5,1,255.603,0.0234527
295,1,254.737,0.0227278
294.5,1,253.871,0.0219564
294,1,253.005,0.0211387
293.5,1,252.139,0.0199366
293,1,251.273,0.0187442
292.5,1,250.407,0.0175972
292,1,249.541,0.0164291
291.5,1,248.675,0.0153927
291,1,247.809,0.0145438
290.5,1,246.943,0.0140692
290,1,246.077,0.0137843
289.5,1,245.211,0.0135227
289,1,244.345,0.0133059
288.5,1,243.479,0.0131281
288,1,242.613,0.0129625
287.5,1,241.747,0.0128598
287,1,240.881,0.0129172
286.5,1,240.015,0.0129836
286,1,239.149,0.0130562
285.5,1,238.283,0.013099
285,1,237.417,0.013129
284.5,1,236.551,0.0131606
284,1,235.685,0.0131615
283.5,1,234.819,0.0131569
283,1,233.953,0.0131477
282.5,1,233.087,0.0131815
282,1,232.221,0.0132391
281.5,1,231.355,0.0133096
281,1,230.488,0.013394
280.5,1,229.622,0.0134983
280,1,228.756,0.0136326
279.5,1,227.89,0.0138384
279,1,227.024,0.0140932
278.5,1,226.158,0.0143452
278,1,225.292,0.0145285
277.5,1,224.426,0.0145743
277,1,223.56,0.0145905
276.5,1,222.694,0.0146093
276,1,221.828,0.0146524
275.5,1,220.962,0.0146912
275,1,220.096,0.0147255
274.5,1,219.23,0.0147454
274,1,218.364,0.0147716
273.5,1,217.498,0.0148093
273,1,216.632,0.0148911
272.5,1,215.766,0.0149662
272,1,214.9,0.015027
271.5,1,214.034,0.0150115
271,1,213.168,0.0149778
270.5,1,212.302,0.0149522
270,1,211.436,0.0149291
269.5,1,210.57,0.0148999
269,1,209.704,0.0148657
268.5,1,208.838,0.0148468
268,1,207.972,0.0148637
267.5,1,207.106,0.0148922
267,1,206.24,0.0149149
266.5,1,205.374,0.0148839
266,1,204.508,0.0148513
265.5,1,203.642,0.0148194
265,1,202.776,0.0148524
264.5,1,201.91,0.0148933
264,1,201.044,0.0149421
263.5,1,200.178,0.0148784
263,1,199.312,0.0147922
262.5,1,198.446,0.0146929
262,1,197.58,0.0147972
261.5,1,196.714,0.0149757
261,1,195.847,0.0151629
260.5,1,194.981,0.0151597
260,1,194.115,0.0150362
259.5,1,193.249,0.014915
259,1,192.383,0.0149391
258.5,1,191.517,0.0151341
258,1,190.651,0.0153178
257.5,1,189.785,0.0153802
257,1,188.919,0.0151832
256.5,1,188.053,0.0149979
256,1,187.187,0.0148929
255.5,1,186.321,0.0152219
255,1,185.455,0.0155297
254.5,1,184.589,0.0158171
254,1,183.723,0.0156353
253.5,1,182.857,0.0154692
253,1,181.991,0.0153293
252.5,1,181.125,0.0155102
252,1,180.259,0.0157226
251.5,1,179.393,0.0158963
251,1,178.527,0.0157513
250.5,1,177.661,0.0154884
250,1,176.795,0.0152608
249.5,1,175.929,0.0152605
249,1,175.063,0.0154291
248.5,1,174.197,0.01556
248,1,173.331,0.015572
247.5,1,172.465,0.0154356
247,1,171.599,0.0153298
246.5,1,170.733,0.0152912
246,1,169.867,0.0154373
245.5,1,169.001,0.0155688
245,1,168.135,0.0156782
244.5,1,167.269,0.0155648
244,1,166.403,0.015462
243.5,1,165.537,0.015382
243,1,164.671,0.0154402
242.5,1,163.805,0.0155017
242,1,162.939,0.0155479
241.5,1,162.072,0.0154947
241,1,161.206,0.015422
240.5,1,160.34,0.015361
240,1,159.474,0.0153718
239.5,1,158.608,0.0154305
239,1,157.742,0.0154885
238.5,1,156.876,0.0154918
238,1,156.01,0.0154275
237.5,1,155.144,0.015373
237,1,154.278,0.0153615
236.5,1,153.412,0.0154549
236,1,152.546,0.0155528
235.5,1,151.68,0.0156317
235,1,150.814,0.0155688
234.5,1,149.948,0.0155115
234,1,149.082,0.0154596
233.5,1,148.216,0.0155147
233,1,147.35,0.0155729
232.5,1,146.484,0.0156252
232,1,145.618,0.0155846
231.5,1,144.752,0.0155223
231,1,143.886,0.0154648
230.5,1,143.02,0.0154959
230,1,142.154,0.0155683
229.5,1,141.288,0.0156265
229,1,140.422,0.0156133
228.5,1,139.556,0.0155351
228,1,138.69,0.0154652
227.5,1,137.824,0.0154299
227,1,136.958,0.0154538
226.5,1,136.092,0.0154723
226,1,135.226,0.015478
225.5,1,134.36,0.0154425
225,1,133.494,0.0154142
224.5,1,132.628,0.0153919
224,1,131.762,0.0154162
223.5,1,130.896,0.0154338
223,1,130.03,0.015444
222.5,1,129.164,0.0153827
222,1,128.297,0.0153136
221.5,1,127.431,0.015251
221,1,126.565,0.0152233
220.5,1,125.699,0.0152099
220,1,124.833,0.0151967
219.5,1,123.967,0.015165
219,1,123.101,0.0151135
218.5,1,122.235,0.0150627
218,1,121.369,0.0150217
217.5,1,120.503,0.0149948
217,1,119.637,0.0149647
216.5,1,118.771,0.0149279
216,1,117.905,0.0148775
215.5,1,117.039,0.0148272
215,1,116.173,0.0147794
214.5,1,115.307,0.0147845
214,1,114.441,0.0147906
213.5,1,113.575,0.0147982
213,1,112.709,0.0147586
212.5,1,111.843,0.0147131
212,1,110.977,0.0146678
211.5,1,110.111,0.0146741
211,1,109.245,0.0146999
210.5,1,108.379,0.0147262
210,1,107.513,0.0147031
209.5,1,106.647,0.0146428
209,1,105.781,0.014584
208.5,1,104.915,0.0145721
208,1,104.049,0.0146194
207.5,1,103.183,0.0146642
207,1,102.317,0.0146836
206.5,1,101.451,0.0146375
206,1,100.585,0.0145972
205.5,1,99.7187,0.0145709
205,1,98.8526,0.014622
204.5,1,97.9866,0.0146697
204,1,97.1206,0.014714
203.5,1,96.2546,0.0146338
203,1,95.3885,0.0145502
202.5,1,94.5225,0.0144701
202,1,93.6565,0.0144775
201.5,1,92.7905,0.0145049
201,1,91.9244,0.0145286
200.5,1,91.0584,0.0145119
200,1,90.1924,0.0144759
