x,y,z,b
500,1,609.808,0.012761
499.5,1,608.942,0.0127611
499,1,608.076,0.0127613
498.5,1,607.21,0.0127614
498,1,606.344,0.0127616
497.5,1,605.477,0.0127618
497,1,604.611,0.0127619
496.5,1,603.745,0.012762
496,1,602.879,0.0127621
495.5,1,602.013,0.0127623
495,1,601.147,0.0127624
494.5,1,600.281,0.0127626
494,1,599.415,0.0127626
493.5,1,598.549,0.0127627
493,1,597.683,0.0127627
492.5,1,596.817,0.0127627
492,1,595.951,0.0127627
491.5,1,595.085,0.0127627
491,1,594.219,0.0127627
490.5,1,593.353,0.0127627
490,1,592.487,0.0127627
489.5,1,591.621,0.0127627
489,1,590.755,0.0127627
488.5,1,589.889,0.0127626
488,1,589.023,0.0127626
487.5,1,588.157,0.0127624
487,1,587.291,0.0127623
486.5,1,586.425,0.0127622
486,1,585.559,0.012762
485.5,1,584.693,0.0127619
485,1,583.827,0.0127617
484.5,1,582.961,0.0127615
484,1,582.095,0.0127613
483.5,1,581.229,0.0127611
483,1,580.363,0.0127609
482.5,1,579.497,0.0127607
482,1,578.631,0.0127605
481.5,1,577.765,0.0127604
481,1,576.899,0.0127602
480.5,1,576.033,0.0127601
480,1,575.167,0.0127599
479.5,1,574.301,0.0127597
479,1,573.435,0.0127594
478.5,1,572.569,0.0127592
478,1,571.703,0.012759
477.5,1,570.836,0.0127588
477,1,569.97,0.0127586
476.5,1,569.104,0.0127584
476,1,568.238,0.0127581
475.5,1,567.372,0.0127579
475,1,566.506,0.0127576
474.5,1,565.64,0.0127574
474,1,564.774,0.0127572
473.5,1,563.908,0.0127569
473,1,563.042,0.0127567
472.5,1,562.176,0.0127564
472,1,561.31,0.0127562
471.5,1,560.444,0.012756
471,1,559.578,0.0127558
470.5,1,558.712,0.0127557
470,1,557.846,0.0127556
469.5,1,556.98,0.0127554
469,1,556.114,0.0127553
468.5,1,555.248,0.0127552
468,1,554.382,0.0127551
467.5,1,553.516,0.012755
467,1,552.65,0.0127549
466.5,1,551.784,0.0127548
466,1,550.918,0.0127547
465.5,1,550.052,0.0127546
465,1,549.186,0.0127546
464.5,1,548.32,0.0127545
464,1,547.454,0.0127545
463.5,1,546.588,0.0127545
463,1,545.722,0.0127545
462.5,1,544.856,0.0127544
462,1,543.99,0.0127543
461.5,1,543.124,0.0127541
461,1,542.258,0.012754
460.5,1,541.392,0.0127537
460,1,540.526,0.0127535
459.5,1,539.66,0.0127533
459,1,538.794,0.0127531
458.5,1,537.928,0.0127529
458,1,537.061,0.0127527
457.5,1,536.195,0.0127526
457,1,535.329,0.0127524
456.5,1,534.463,0.0127523
456,1,533.597,0.0127521
455.5,1,532.731,0.0127519
455,1,531.865,0.0127516
454.5,1,530.999,0.0127513
454,1,530.133,0.0127509
453.5,1,529.267,0.0127505
453,1,528.401,0.0127503
452.5,1,527.535,0.0127501
452,1,526.669,0.01275
451.5,1,525.803,0.01275
451,1,524.937,0.01275
450.5,1,524.071,0.01275
450,1,523.205,0.01275
449.5,1,522.339,0.01275
449,1,521.473,0.01275
448.5,1,520.607,0.01275
448,1,519.741,0.0127499
447.5,1,518.875,0.0127497
447,1,518.009,0.0127496
446.5,1,517.143,0.0127496
446,1,516.277,0.0127496
445.5,1,515.411,0.0127496
445,1,514.545,0.0127498
444.5,1,513.679,0.01275
444,1,512.813,0.0127502
443.5,1,511.947,0.0127501
443,1,511.081,0.01275
442.5,1,510.215,0.01275
442,1,509.349,0.0127497
441.5,1,508.483,0.0127495
441,1,507.617,0.0127491
440.5,1,506.751,0.012749
440,1,505.885,0.012749
439.5,1,505.019,0.012749
439,1,504.153,0.012749
438.5,1,503.286,0.0127489
438,1,502.42,0.0127489
437.5,1,501.554,0.012749
437,1,500.688,0.012749
436.5,1,499.822,0.012749
436,1,498.956,0.012749
435.5,1,498.09,0.0127486
435,1,497.224,0.0127482
434.5,1,496.358,0.0127479
434,1,495.492,0.0127476
433.5,1,494.626,0.0127473
433,1,493.76,0.0127469
432.5,1,492.894,0.0127467
432,1,492.028,0.0127464
431.5,1,491.162,0.0127461
431,1,490.296,0.0127454
430.5,1,489.43,0.0127445
430,1,488.564,0.0127436
429.5,1,487.698,0.0127426
429,1,486.832,0.0127412
428.5,1,485.966,0.0127399
428,1,485.1,0.0127385
427.5,1,484.234,0.0127375
427,1,483.368,0.0127364
426.5,1,482.502,0.0127354
426,1,481.636,0.0127342
425.5,1,480.77,0.012733
425,1,479.904,0.012732
424.5,1,479.038,0.0127313
424,1,478.172,0.0127307
423.5,1,477.306,0.0127301
423,1,476.44,0.0127291
422.5,1,475.574,0.0127279
422,1,474.708,0.0127267
421.5,1,473.842,0.0127261
421,1,472.976,0.0127259
420.5,1,472.11,0.0127257
420,1,471.244,0.0127262
419.5,1,470.378,0.0127274
419,1,469.512,0.0127286
418.5,1,468.645,0.0127292
418,1,467.779,0.0127288
417.5,1,466.913,0.0127284
417,1,466.047,0.0127278
416.5,1,465.181,0.0127263
416,1,464.315,0.0127249
415.5,1,463.449,0.0127236
415,1,462.583,0.0127239
414.5,1,461.717,0.0127242
414,1,460.851,0.0127244
413.5,1,459.985,0.0127259
413,1,459.119,0.0127277
412.5,1,458.253,0.0127295
412,1,457.387,0.012729
411.5,1,456.521,0.0127275
411,1,455.655,0.0127255
410.5,1,454.789,0.0127224
410,1,453.923,0.0127185
409.5,1,453.057,0.0127146
409,1,452.191,0.0127121
408.5,1,451.325,0.0127111
408,1,450.459,0.0127101
407.5,1,449.593,0.0127097
407,1,448.727,0.0127113
406.5,1,447.861,0.012713
406,1,446.995,0.0127142
405.5,1,446.129,0.0127103
405,1,445.263,0.0127063
404.5,1,444.397,0.0127022
404,1,443.531,0.012695
403.5,1,442.665,0.0126874
403,1,441.799,0.0126797
402.5,1,440.933,0.0126747
402,1,440.067,0.0126705
401.5,1,439.201,0.0126662
401,1,438.335,0.0126617
400.5,1,437.469,0.0126575
400,1,436.603,0.0126555
399.5,1,435.737,0.012652
399,1,434.87,0.0126464
398.5,1,434.004,0.0126412
398,1,433.138,0.0126354
397.5,1,432.272,0.0126277
397,1,431.406,0.0126204
396.5,1,430.54,0.0126144
396,1,429.674,0.0126122
395.5,1,428.808,0.0126084
395,1,427.942,0.0126025
394.5,1,427.076,0.0125945
394,1,426.21,0.0125846
393.5,1,425.344,0.0125728
393,1,424.478,0.0125584
392.5,1,423.612,0.0125432
392,1,422.746,0.0125271
391.5,1,421.88,0.0125106
391,1,421.014,0.0124925
390.5,1,420.148,0.0124719
390,1,419.282,0.0124539
389.5,1,418.416,0.0124434
389,1,417.55,0.0124369
388.5,1,416.684,0.0124333
388,1,415.818,0.012434
387.5,1,414.952,0.012431
387,1,414.086,0.0124199
386.5,1,413.22,0.012394
386,1,412.354,0.012372
385.5,1,411.488,0.0123536
385,1,410.622,0.0123387
384.5,1,409.756,0.0123295
384,1,408.89,0.0123206
383.5,1,408.024,0.0122539
383,1,407.158,0.0121787
382.5,1,406.292,0.0121013
382,1,405.426,0.0120634
381.5,1,404.56,0.0120378
381,1,403.694,0.0120277
380.5,1,402.828,0.0120597
380,1,401.962,0.0121074
379.5,1,401.095,0.012137
379,1,400.229,0.012252
378.5,1,399.363,0.0124574
378,1,398.497,0.0126112
377.5,1,397.631,0.0127945
377,1,396.765,0.0132002
376.5,1,395.899,0.0135597
376,1,395.033,0.0139145
375.5,1,394.167,0.0145574
375,1,393.301,0.014159
374.5,1,392.435,0.0144231
374,1,391.569,0.0147985
373.5,1,390.703,0.0151386
373,1,389.837,0.0160805
372.5,1,388.971,0.0170794
372,1,388.105,0.0183786
371.5,1,387.239,0.02004
371,1,386.373,0.02251
370.5,1,385.507,0.0243322
370,1,384.641,0.0263455
369.5,1,383.775,0.0291206
369,1,382.909,0.0309887
368.5,1,382.043,0.0327879
368,1,381.177,0.0343632
367.5,1,380.311,0.0356655
367,1,379.445,0.0366543
366.5,1,378.579,0.0360123
366,1,377.713,0.035693
365.5,1,376.847,0.0349687
365,1,375.981,0.0329274
364.5,1,375.115,0.0312319
364,1,374.249,0.0291183
363.5,1,373.383,0.0267471
363,1,372.517,0.0249016
362.5,1,371.651,0.0227107
362,1,370.785,0.0210981
361.5,1,369.919,0.0199064
361,1,369.053,0.0189333
360.5,1,368.187,0.0183059
360,1,367.321,0.0176741
359.5,1,366.454,0.0169455
359,1,365.588,0.0163176
358.5,1,364.722,0.0157965
358,1,363.856,0.0153054
357.5,1,362.99,0.014876
357,1,362.124,0.014298
356.5,1,361.258,0.0139389
356,1,360.392,0.0137909
355.5,1,359.526,0.0137279
355,1,358.66,0.0142271
354.5,1,357.794,0.0154142
354,1,356.928,0.015678
353.5,1,356.062,0.0147373
353,1,355.196,0.0137114
352.5,1,354.33,0.0127187
352,1,353.464,0.0115173
351.5,1,352.598,0.0101586
351,1,351.732,0.00881207
350.5,1,350.866,0.00805101
350,1,350,0.00774212
349.5,1,349.134,0.0075327
349,1,348.268,0.00789153
348.5,1,347.402,0.00881541
348,1,346.536,0.00960402
347.5,1,345.67,0.0101984
347,1,344.804,0.0107711
346.5,1,343.938,0.0113207
346,1,343.072,0.0118235
345.5,1,342.206,0.0121128
345,1,341.34,0.0123709
344.5,1,340.474,0.0125942
344,1,339.608,0.012941
343.5,1,338.742,0.0132724
343,1,337.876,0.0135739
342.5,1,337.01,0.0136583
342,1,336.144,0.0136801
341.5,1,335.278,0.0136862
341,1,334.412,0.0136992
340.5,1,333.546,0.0137147
340,1,332.679,0.0137219
339.5,1,331.813,0.0136962
339,1,330.947,0.0136456
338.5,1,330.081,0.0135959
338,1,329.215,0.0135478
337.5,1,328.349,0.0135154
337,1,327.483,0.0134969
336.5,1,326.617,0.0134778
336,1,325.751,0.0134418
335.5,1,324.885,0.0134117
335,1,324.019,0.0133873
334.5,1,323.153,0.0133434
334,1,322.287,0.0133037
333.5,1,321.421,0.0132676
333,1,320.555,0.0132384
332.5,1,319.689,0.013211
332,1,318.823,0.0131836
331.5,1,317.957,0.0131671
331,1,317.091,0.0131535
330.5,1,316.225,0.0131375
330,1,315.359,0.0131098
329.5,1,314.493,0.0130753
329,1,313.627,0.0130423
328.5,1,312.761,0.0130081
328,1,311.895,0.0129698
327.5,1,311.029,0.0129329
327,1,310.163,0.0129022
326.5,1,309.297,0.0128914
326,1,308.431,0.0128822
325.5,1,307.565,0.0128735
325,1,306.699,0.0128637
324.5,1,305.833,0.0128536
324,1,304.967,0.0128435
323.5,1,304.101,0.0128358
323,1,303.235,0.0128282
322.5,1,302.369,0.012821
322,1,301.503,0.0128092
321.5,1,300.637,0.0127967
321,1,299.771,0.0127859
320.5,1,298.905,0.0127804
320,1,298.038,0.0127781
319.5,1,297.172,0.0127765
319,1,296.306,0.0127771
318.5,1,295.44,0.0127803
318,1,294.574,0.0127853
317.5,1,293.708,0.0127895
317,1,292.842,0.0127911
316.5,1,291.976,0.0127922
316,1,291.11,0.0127928
315.5,1,290.244,0.0127932
315,1,289.378,0.0127939
314.5,1,288.512,0.0127945
314,1,287.646,0.0127955
313.5,1,286.78,0.0127965
313,1,285.914,0.0127977
312.5,1,285.048,0.0127959
312,1,284.182,0.0127931
311.5,1,283.316,0.0127901
311,1,282.45,0.0127891
310.5,1,281.584,0.0127893
310,1,280.718,0.0127896
309.5,1,279.852,0.0127898
309,1,278.986,0.0127899
308.5,1,278.12,0.0127898
308,1,277.254,0.0127895
307.5,1,276.388,0.0127892
307,1,275.522,0.0127889
306.5,1,274.656,0.0127889
306,1,273.79,0.0127906
305.5,1,272.924,0.0127921
305,1,272.058,0.0127936
304.5,1,271.192,0.0127944
304,1,270.326,0.0127952
303.5,1,269.46,0.012796
303,1,268.594,0.0127976
302.5,1,267.728,0.0127994
302,1,266.862,0.012801
301.5,1,265.996,0.0128024
301,1,265.13,0.0128035
300.5,1,264.263,0.0128044
300,1,263.397,0.012807
299.5,1,262.531,0.0128108
299,1,261.665,0.0128139
298.5,1,260.799,0.012815
298,1,259.933,0.0128136
297.5,1,259.067,0.0128119
297,1,258.201,0.0128102
296.5,1,257.335,0.0128085
296,1,256.469,0.0128067
295.5,1,255.603,0.0128046
295,1,254.737,0.0128007
294.5,1,253.871,0.0127969
294,1,253.005,0.012793
293.5,1,252.139,0.0127894
293,1,251.273,0.0127856
292.5,1,250.407,0.0127819
292,1,249.541,0.0127782
291.5,1,248.675,0.0127746
291,1,247.809,0.012771
290.5,1,246.943,0.0127679
290,1,246.077,0.0127649
289.5,1,245.211,0.0127618
289,1,244.345,0.0127592
288.5,1,243.479,0.0127572
288,1,242.613,0.0127554
287.5,1,241.747,0.0127539
287,1,240.881,0.0127537
286.5,1,240.015,0.0127535
286,1,239.149,0.0127532
285.5,1,238.283,0.012753
285,1,237.417,0.0127528
284.5,1,236.551,0.0127526
284,1,235.685,0.0127526
283.5,1,234.819,0.0127525
283,1,233.953,0.0127524
282.5,1,233.087,0.0127523
282,1,232.221,0.0127522
281.5,1,231.355,0.0127521
281,1,230.488,0.0127521
280.5,1,229.622,0.0127521
280,1,228.756,0.012752
279.5,1,227.89,0.012752
279,1,227.024,0.012752
278.5,1,226.158,0.0127521
278,1,225.292,0.0127523
277.5,1,224.426,0.0127528
277,1,223.56,0.0127534
276.5,1,222.694,0.012754
276,1,221.828,0.0127551
275.5,1,220.962,0.0127561
275,1,220.096,0.0127573
274.5,1,219.23,0.0127598
274,1,218.364,0.0127624
273.5,1,217.498,0.012765
273,1,216.632,0.0127669
272.5,1,215.766,0.0127688
272,1,214.9,0.0127708
271.5,1,214.034,0.0127728
271,1,213.168,0.0127748
270.5,1,212.302,0.012777
270,1,211.436,0.0127787
269.5,1,210.57,0.01278
269,1,209.704,0.0127812
268.5,1,208.838,0.0127822
268,1,207.972,0.0127831
267.5,1,207.106,0.012784
267,1,206.24,0.0127849
266.5,1,205.374,0.0127854
266,1,204.508,0.0127855
265.5,1,203.642,0.0127855
265,1,202.776,0.0127856
264.5,1,201.91,0.0127856
264,1,201.044,0.0127856
263.5,1,200.178,0.012785
263,1,199.312,0.0127841
262.5,1,198.446,0.0127833
262,1,197.58,0.0127823
261.5,1,196.714,0.0127813
261,1,195.847,0.0127802
260.5,1,194.981,0.0127792
260,1,194.115,0.0127782
259.5,1,193.249,0.0127771
259,1,192.383,0.012776
258.5,1,191.517,0.0127749
258,1,190.651,0.0127737
257.5,1,189.785,0.0127726
257,1,188.919,0.0127715
256.5,1,188.053,0.0127704
256,1,187.187,0.0127693
255.5,1,186.321,0.0127683
255,1,185.455,0.0127673
254.5,1,184.589,0.0127664
254,1,183.723,0.0127655
253.5,1,182.857,0.0127647
253,1,181.991,0.0127639
252.5,1,181.125,0.0127631
252,1,180.259,0.0127623
251.5,1,179.393,0.0127616
251,1,178.527,0.012761
250.5,1,177.661,0.0127606
250,1,176.795,0.0127601
249.5,1,175.929,0.0127597
249,1,175.063,0.0127592
248.5,1,174.197,0.0127586
248,1,173.331,0.0127583
247.5,1,172.465,0.0127581
247,1,171.599,0.012758
246.5,1,170.733,0.0127578
246,1,169.867,0.0127576
245.5,1,169.001,0.0127574
245,1,168.135,0.0127573
244.5,1,167.269,0.0127574
244,1,166.403,0.0127576
243.5,1,165.537,0.0127578
243,1,164.671,0.0127579
242.5,1,163.805,0.0127581
242,1,162.939,0.0127583
241.5,1,162.072,0.0127585
241,1,161.206,0.0127587
240.5,1,160.34,0.0127589
240,1,159.474,0.0127591
239.5,1,158.608,0.0127592
239,1,157.742,0.0127594
238.5,1,156.876,0.0127595
238,1,156.01,0.0127597
237.5,1,155.144,0.0127599
237,1,154.278,0.0127601
236.5,1,153.412,0.0127604
236,1,152.546,0.0127607
235.5,1,151.68,0.012761
235,1,150.814,0.0127612
234.5,1,149.948,0.0127615
234,1,149.082,0.0127617
233.5,1,148.216,0.0127619
233,1,147.35,0.0127622
232.5,1,146.484,0.0127624
232,1,145.618,0.0127626
231.5,1,144.752,0.0127628
231,1,143.886,0.012763
230.5,1,143.02,0.0127632
230,1,142.154,0.0127633
229.5,1,141.288,0.0127634
229,1,140.422,0.0127635
228.5,1,139.556,0.0127636
228,1,138.69,0.0127637
227.5,1,137.824,0.0127636
227,1,136.958,0.0127635
226.5,1,136.092,0.0127634
226,1,135.226,0.0127632
225.5,1,134.36,0.0127631
225,1,133.494,0.0127628
224.5,1,132.628,0.0127626
224,1,131.762,0.0127622
223.5,1,130.896,0.0127617
223,1,130.03,0.0127612
222.5,1,129.164,0.0127609
222,1,128.297,0.0127607
221.5,1,127.431,0.0127605
221,1,126.565,0.0127602
220.5,1,125.699,0.01276
220,1,124.833,0.0127598
219.5,1,123.967,0.0127597
219,1,123.101,0.0127597
218.5,1,122.235,0.0127597
218,1,121.369,0.0127597
217.5,1,120.503,0.0127598
217,1,119.637,0.0127599
216.5,1,118.771,0.01276
216,1,117.905,0.0127601
215.5,1,117.039,0.0127602
215,1,116.173,0.0127603
214.5,1,115.307,0.0127603
214,1,114.441,0.0127602
213.5,1,113.575,0.0127602
213,1,112.709,0.0127603
212.5,1,111.843,0.0127603
212,1,110.977,0.0127604
211.5,1,110.111,0.0127604
211,1,109.245,0.0127605
210.5,1,108.379,0.0127606
210,1,107.513,0.0127607
209.5,1,106.647,0.0127607
209,1,105.781,0.0127608
208.5,1,104.915,0.0127608
208,1,104.049,0.0127608
207.5,1,103.183,0.0127608
207,1,102.317,0.0127608
206.5,1,101.451,0.0127608
206,1,100.585,0.0127608
205.5,1,99.7187,0.0127609
205,1,98.8526,0.012761
204.5,1,97.9866,0.0127611
204,1,97.1206,0.0127612
203.5,1,96.2546,0.0127612
203,1,95.3885,0.0127613
202.5,1,94.5225,0.0127613
202,1,93.6565,0.0127614
201.5,1,92.7905,0.0127614
201,1,91.9244,0.0127615
200.5,1,91.0584,0.0127614
200,1,90.1924,0.0127613
