x,y,z,b
500,1,609.808,0.0122259
499.5,1,608.942,0.012316
499,1,608.076,0.0123742
498.5,1,607.21,0.0123886
498,1,606.344,0.0124087
497.5,1,605.477,0.0124287
497,1,604.611,0.0124288
496.5,1,603.745,0.0124275
496,1,602.879,0.0124274
495.5,1,602.013,0.0124655
495,1,601.147,0.0125056
494.5,1,600.281,0.0125476
494,1,599.415,0.0125556
493.5,1,598.549,0.0125586
493,1,597.683,0.0125574
492.5,1,596.817,0.0125812
492,1,595.951,0.0126138
491.5,1,595.085,0.0126461
491,1,594.219,0.0126514
490.5,1,593.353,0.0126373
490,1,592.487,0.0126248
489.5,1,591.621,0.0126161
489,1,590.755,0.0126072
488.5,1,589.889,0.0125947
488,1,589.023,0.0125812
487.5,1,588.157,0.0125707
487,1,587.291,0.0125564
486.5,1,586.425,0.0125423
486,1,585.559,0.0125525
485.5,1,584.693,0.0125544
485,1,583.827,0.0125525
484.5,1,582.961,0.0125612
484,1,582.095,0.0125639
483.5,1,581.229,0.0125601
483,1,580.363,0.0125908
482.5,1,579.497,0.012629
482,1,578.631,0.0126643
481.5,1,577.765,0.0127017
481,1,576.899,0.0127443
480.5,1,576.033,0.0127884
480,1,575.167,0.0128278
479.5,1,574.301,0.0128624
479,1,573.435,0.0128974
478.5,1,572.569,0.0129203
478,1,571.703,0.0129189
477.5,1,570.836,0.0129192
477,1,569.97,0.0129164
476.5,1,569.104,0.0128924
476,1,568.238,0.0128691
475.5,1,567.372,0.0128466
475,1,566.506,0.0128345
474.5,1,565.64,0.0128204
474,1,564.774,0.0128094
473.5,1,563.908,0.0128129
473,1,563.042,0.0128189
472.5,1,562.176,0.0128252
472,1,561.31,0.0128149
471.5,1,560.444,0.0127995
471,1,559.578,0.0127853
470.5,1,558.712,0.0127802
470,1,557.846,0.0127803
469.5,1,556.98,0.0127773
469,1,556.114,0.0127664
468.5,1,555.248,0.012746
468,1,554.382,0.0127247
467.5,1,553.516,0.0127013
467,1,552.65,0.0126741
466.5,1,551.784,0.0126472
466,1,550.918,0.0126255
465.5,1,550.052,0.0126301
465,1,549.186,0.0126409
464.5,1,548.32,0.0126581
464,1,547.454,0.0128517
463.5,1,546.588,0.0130646
463,1,545.722,0.0132768
462.5,1,544.856,0.0134765
462,1,543.99,0.0136653
461.5,1,543.124,0.0138463
461,1,542.258,0.0140095
460.5,1,541.392,0.0141619
460,1,540.526,0.0143145
459.5,1,539.66,0.0145076
459,1,538.794,0.0147534
458.5,1,537.928,0.0150054
458,1,537.061,0.0152781
457.5,1,536.195,0.0155894
457,1,535.329,0.0159098
456.5,1,534.463,0.0162209
456,1,533.597,0.0164079
455.5,1,532.731,0.0165991
455,1,531.865,0.0167923
454.5,1,530.999,0.0168738
454,1,530.133,0.0169494
453.5,1,529.267,0.0170231
453,1,528.401,0.017053
452.5,1,527.535,0.0170567
452,1,526.669,0.017048
451.5,1,525.803,0.0170406
451,1,524.937,0.0170174
450.5,1,524.071,0.0169693
450,1,523.205,0.0169465
449.5,1,522.339,0.0169655
449,1,521.473,0.0169683
448.5,1,520.607,0.016961
448,1,519.741,0.0169741
447.5,1,518.875,0.0169868
447,1,518.009,0.0169903
446.5,1,517.143,0.0169526
446,1,516.277,0.0169039
445.5,1,515.411,0.0168441
445,1,514.545,0.016765
444.5,1,513.679,0.0166907
444,1,512.813,0.01664
443.5,1,511.947,0.0165953
443,1,511.081,0.0165459
442.5,1,510.215,0.0164922
442,1,509.349,0.0165596
441.5,1,508.483,0.0166788
441,1,507.617,0.0167955
440.5,1,506.751,0.0168841
440,1,505.885,0.016959
439.5,1,505.019,0.0170357
439,1,504.153,0.0171431
438.5,1,503.286,0.0172933
438,1,502.42,0.0174376
437.5,1,501.554,0.0175742
437,1,500.688,0.0177084
436.5,1,499.822,0.0178382
436,1,498.956,0.0179776
435.5,1,498.09,0.0182764
435,1,497.224,0.0185655
434.5,1,496.358,0.0188451
434,1,495.492,0.01938
433.5,1,494.626,0.01993
433,1,493.76,0.020441
432.5,1,492.894,0.0210186
432,1,492.028,0.0216605
431.5,1,491.162,0.0223439
431,1,490.296,0.0228896
430.5,1,489.43,0.0233344
430,1,488.564,0.0238116
429.5,1,487.698,0.0241911
429,1,486.832,0.0243768
428.5,1,485.966,0.0245377
428,1,485.1,0.0246761
427.5,1,484.234,0.0247806
427,1,483.368,0.0248701
426.5,1,482.502,0.0249649
426,1,481.636,0.0251596
425.5,1,480.77,0.0253334
425,1,479.904,0.0254858
424.5,1,479.038,0.0256655
424,1,478.172,0.0258229
423.5,1,477.306,0.0259568
423,1,476.44,0.0260749
422.5,1,475.574,0.0261721
422,1,474.708,0.026284
421.5,1,473.842,0.0264596
421,1,472.976,0.0266572
420.5,1,472.11,0.0268507
420,1,471.244,0.0270147
419.5,1,470.378,0.0271363
419,1,469.512,0.0272433
418.5,1,468.645,0.0273389
418,1,467.779,0.0274225
417.5,1,466.913,0.0274359
417,1,466.047,0.0274002
416.5,1,465.181,0.0274339
416,1,464.315,0.0274061
415.5,1,463.449,0.0273266
415,1,462.583,0.0274977
414.5,1,461.717,0.027588
414,1,460.851,0.0276717
413.5,1,459.985,0.0280113
413,1,459.119,0.0283415
412.5,1,458.253,0.0286273
412,1,457.387,0.0288676
411.5,1,456.521,0.0291526
411,1,455.655,0.0293939
410.5,1,454.789,0.0291661
410,1,453.923,0.0286285
409.5,1,453.057,0.0281358
409,1,452.191,0.0277245
408.5,1,451.325,0.0272975
408,1,450.459,0.0268551
407.5,1,449.593,0.0268117
407,1,448.727,0.0278029
406.5,1,447.861,0.0287996
406,1,446.995,0.0295659
405.5,1,446.129,0.0282025
405,1,445.263,0.0273162
404.5,1,444.397,0.0269069
404,1,443.531,0.0284663
403.5,1,442.665,0.0291047
403,1,441.799,0.0292799
402.5,1,440.933,0.0300923
402,1,440.067,0.0312551
401.5,1,439.201,0.0318741
401,1,438.335,0.0317346
400.5,1,437.469,0.0308579
400,1,436.603,0.0297478
399.5,1,435.737,0.0279473
399,1,434.87,0.0265395
398.5,1,434.004,0.0253658
398,1,433.138,0.0258193
397.5,1,432.272,0.0267887
397,1,431.406,0.0283898
396.5,1,430.54,0.0289996
396,1,429.674,0.0313598
395.5,1,428.808,0.0358429
395,1,427.942,0.0375071
394.5,1,427.076,0.0346379
394,1,426.21,0.0327348
393.5,1,425.344,0.0288039
393,1,424.478,0.0244479
392.5,1,423.612,0.0222499
392,1,422.746,0.0216638
391.5,1,421.88,0.0220864
391,1,421.014,0.0239203
390.5,1,420.148,0.0257391
390,1,419.282,0.0268424
389.5,1,418.416,0.0275361
389,1,417.55,0.0290775
388.5,1,416.684,0.039697
388,1,415.818,0.049641
387.5,1,414.952,0.0549807
387,1,414.086,0.0592677
386.5,1,413.22,0.0599407
386,1,412.354,0.0609918
385.5,1,411.488,0.0623512
385,1,410.622,0.0613379
384.5,1,409.756,0.0620554
384,1,408.89,0.0635143
383.5,1,408.024,0.0591067
383,1,407.158,0.0552465
382.5,1,406.292,0.051308
382,1,405.426,0.049284
381.5,1,404.56,0.0474198
381,1,403.694,0.0458531
380.5,1,402.828,0.0447598
380,1,401.962,0.0449679
379.5,1,401.095,0.0421885
379,1,400.229,0.0394677
378.5,1,399.363,0.0382318
378,1,398.497,0.0371072
377.5,1,397.631,0.0390303
377,1,396.765,0.0432628
376.5,1,395.899,0.0512878
376,1,395.033,0.0547087
375.5,1,394.167,0.0550103
375,1,393.301,0.056392
374.5,1,392.435,0.0588526
374,1,391.569,0.0582377
373.5,1,390.703,0.0564848
373,1,389.837,0.0545467
372.5,1,388.971,0.0529994
372,1,388.105,0.0547989
371.5,1,387.239,0.0554984
371,1,386.373,0.0572439
370.5,1,385.507,0.0576563
370,1,384.641,0.0576062
369.5,1,383.775,0.0596723
369,1,382.909,0.0667494
368.5,1,382.043,0.0708563
368,1,381.177,0.0761663
367.5,1,380.311,0.0805901
367,1,379.445,0.0835684
366.5,1,378.579,0.0855315
366,1,377.713,0.0857264
365.5,1,376.847,0.085709
365,1,375.981,0.0853519
364.5,1,375.115,0.0821355
364,1,374.249,0.0796795
363.5,1,373.383,0.0765401
363,1,372.517,0.0736497
362.5,1,371.651,0.0721448
362,1,370.785,0.0711293
361.5,1,369.919,0.0702543
361,1,369.053,0.0714369
360.5,1,368.187,0.0712235
360,1,367.321,0.0709661
359.5,1,366.454,0.070533
359,1,365.588,0.0702938
358.5,1,364.722,0.070033
358,1,363.856,0.0690074
357.5,1,362.99,0.0679516
357,1,362.124,0.0676927
356.5,1,361.258,0.0672887
356,1,360.392,0.06698
355.5,1,359.526,0.0675661
355,1,358.66,0.0683903
354.5,1,357.794,0.0689985
354,1,356.928,0.0696884
353.5,1,356.062,0.070477
353,1,355.196,0.0708121
352.5,1,354.33,0.0706339
352,1,353.464,0.068955
351.5,1,352.598,0.0668051
351,1,351.732,0.0654082
350.5,1,350.866,0.0635844
350,1,350,0.0612933
349.5,1,349.134,0.0592635
349,1,348.268,0.0582116
348.5,1,347.402,0.0583761
348,1,346.536,0.057266
347.5,1,345.67,0.0582601
347,1,344.804,0.0648518
346.5,1,343.938,0.0690339
346,1,343.072,0.0737409
345.5,1,342.206,0.07579
345,1,341.34,0.0769489
344.5,1,340.474,0.0776983
344,1,339.608,0.0779972
343.5,1,338.742,0.0781013
343,1,337.876,0.0781308
342.5,1,337.01,0.0788689
342,1,336.144,0.0797244
341.5,1,335.278,0.0805484
341,1,334.412,0.081631
340.5,1,333.546,0.0830924
340,1,332.679,0.0849048
339.5,1,331.813,0.0869439
339,1,330.947,0.0888549
338.5,1,330.081,0.0903113
338,1,329.215,0.091266
337.5,1,328.349,0.0920354
337,1,327.483,0.0931522
336.5,1,326.617,0.0943679
336,1,325.751,0.0951135
335.5,1,324.885,0.0958226
335,1,324.019,0.0964919
334.5,1,323.153,0.095952
334,1,322.287,0.0954342
333.5,1,321.421,0.0949365
333,1,320.555,0.0940439
332.5,1,319.689,0.0953544
332,1,318.823,0.0954469
331.5,1,317.957,0.0978838
331,1,317.091,0.101502
330.5,1,316.225,0.10532
330,1,315.359,0.109302
329.5,1,314.493,0.113263
329,1,313.627,0.117114
328.5,1,312.761,0.11934
328,1,311.895,0.118541
327.5,1,311.029,0.116162
327,1,310.163,0.116962
326.5,1,309.297,0.117972
326,1,308.431,0.117273
325.5,1,307.565,0.115845
325,1,306.699,0.113953
324.5,1,305.833,0.112027
324,1,304.967,0.11187
323.5,1,304.101,0.109532
323,1,303.235,0.107706
322.5,1,302.369,0.107983
322,1,301.503,0.107016
321.5,1,300.637,0.104707
321,1,299.771,0.103838
320.5,1,298.905,0.102269
320,1,298.038,0.0982754
319.5,1,297.172,0.0974256
319,1,296.306,0.0962856
318.5,1,295.44,0.0959862
318,1,294.574,0.0939808
317.5,1,293.708,0.0910297
317,1,292.842,0.0886078
316.5,1,291.976,0.0860554
316,1,291.11,0.0834591
315.5,1,290.244,0.0820299
315,1,289.378,0.0810905
314.5,1,288.512,0.0804858
314,1,287.646,0.0747657
313.5,1,286.78,0.0728268
313,1,285.914,0.0738548
312.5,1,285.048,0.0744763
312,1,284.182,0.0757031
311.5,1,283.316,0.0805078
311,1,282.45,0.0817702
310.5,1,281.584,0.0822923
310,1,280.718,0.0825032
309.5,1,279.852,0.0830437
309,1,278.986,0.0838195
308.5,1,278.12,0.0836243
308,1,277.254,0.0840669
307.5,1,276.388,0.0848103
307,1,275.522,0.0860243
306.5,1,274.656,0.0863866
306,1,273.79,0.0874613
305.5,1,272.924,0.088792
305,1,272.058,0.0887675
304.5,1,271.192,0.0878125
304,1,270.326,0.0848127
303.5,1,269.46,0.0782065
303,1,268.594,0.0669483
302.5,1,267.728,0.0591374
302,1,266.862,0.0499492
301.5,1,265.996,0.0449463
301,1,265.13,0.0414523
300.5,1,264.263,0.0384913
300,1,263.397,0.0361079
299.5,1,262.531,0.0338919
299,1,261.665,0.0312396
298.5,1,260.799,0.0283565
298,1,259.933,0.025414
297.5,1,259.067,0.0223164
297,1,258.201,0.0195721
296.5,1,257.335,0.0186483
296,1,256.469,0.0179276
295.5,1,255.603,0.0170755
295,1,254.737,0.0167227
294.5,1,253.871,0.016033
294,1,253.005,0.0150064
293.5,1,252.139,0.0147414
293,1,251.273,0.0145454
292.5,1,250.407,0.0143284
292,1,249.541,0.0142286
291.5,1,248.675,0.0141783
291,1,247.809,0.0141416
290.5,1,246.943,0.014152
290,1,246.077,0.0141874
289.5,1,245.211,0.0142302
289,1,244.345,0.0142954
288.5,1,243.479,0.0143825
288,1,242.613,0.0144584
287.5,1,241.747,0.0145439
287,1,240.881,0.0146515
286.5,1,240.015,0.0147534
286,1,239.149,0.0148507
285.5,1,238.283,0.0149463
285,1,237.417,0.0150338
284.5,1,236.551,0.0151164
284,1,235.685,0.0151992
283.5,1,234.819,0.0152776
283,1,233.953,0.0153514
282.5,1,233.087,0.0154234
282,1,232.221,0.0154951
281.5,1,231.355,0.0155651
281,1,230.488,0.0156428
280.5,1,229.622,0.0157252
280,1,228.756,0.0158037
279.5,1,227.89,0.0158755
279,1,227.024,0.0159391
278.5,1,226.158,0.0159961
278,1,225.292,0.0160541
277.5,1,224.426,0.0161218
277,1,223.56,0.0161823
276.5,1,222.694,0.0162395
276,1,221.828,0.0162886
275.5,1,220.962,0.0163367
275,1,220.096,0.0163853
274.5,1,219.23,0.0164808
274,1,218.364,0.01657
273.5,1,217.498,0.0166569
273,1,216.632,0.0167235
272.5,1,215.766,0.0167754
272,1,214.9,0.0168123
271.5,1,214.034,0.0168075
271,1,213.168,0.016781
270.5,1,212.302,0.0167377
270,1,211.436,0.0166924
269.5,1,210.57,0.0166533
269,1,209.704,0.01661
268.5,1,208.838,0.0165632
268,1,207.972,0.0165299
267.5,1,207.106,0.0164961
267,1,206.24,0.0164664
266.5,1,205.374,0.0164649
266,1,204.508,0.0164595
265.5,1,203.642,0.0164482
265,1,202.776,0.0163823
264.5,1,201.91,0.0163585
264,1,201.044,0.0163769
263.5,1,200.178,0.0162291
263,1,199.312,0.0160928
262.5,1,198.446,0.0159969
262,1,197.58,0.0158939
261.5,1,196.714,0.0157933
261,1,195.847,0.0157037
260.5,1,194.981,0.0156182
260,1,194.115,0.0155141
259.5,1,193.249,0.0153934
259,1,192.383,0.0153454
258.5,1,191.517,0.0154193
258,1,190.651,0.0155043
257.5,1,189.785,0.0154871
257,1,188.919,0.0151278
256.5,1,188.053,0.0147418
256,1,187.187,0.014418
255.5,1,186.321,0.0146632
255,1,185.455,0.0149153
254.5,1,184.589,0.0151613
254,1,183.723,0.0148413
253.5,1,182.857,0.0145055
253,1,181.991,0.0141663
252.5,1,181.125,0.0143214
252,1,180.259,0.0145837
251.5,1,179.393,0.0148458
251,1,178.527,0.0147736
250.5,1,177.661,0.0145246
250,1,176.795,0.0142714
249.5,1,175.929,0.0143198
249,1,175.063,0.0146748
248.5,1,174.197,0.0150457
248,1,173.331,0.015218
247.5,1,172.465,0.0149547
247,1,171.599,0.0146349
246.5,1,170.733,0.0143833
246,1,169.867,0.0146374
245.5,1,169.001,0.0149355
245,1,168.135,0.0152703
244.5,1,167.269,0.0154062
244,1,166.403,0.0155055
243.5,1,165.537,0.0155564
243,1,164.671,0.0158152
242.5,1,163.805,0.0161299
242,1,162.939,0.0164689
241.5,1,162.072,0.0164939
241,1,161.206,0.0164176
240.5,1,160.34,0.016363
240,1,159.474,0.0165157
239.5,1,158.608,0.016836
239,1,157.742,0.0171707
238.5,1,156.876,0.0172761
238,1,156.01,0.0170244
237.5,1,155.144,0.0167758
237,1,154.278,0.0166436
236.5,1,153.412,0.0168618
236,1,152.546,0.0170771
235.5,1,151.68,0.017246
235,1,150.814,0.0168955
234.5,1,149.948,0.0165395
234,1,149.082,0.016178
233.5,1,148.216,0.0163637
233,1,147.35,0.016571
232.5,1,146.484,0.0167639
232,1,145.618,0.0165473
231.5,1,144.752,0.0162281
231,1,143.886,0.015925
230.5,1,143.02,0.0159149
230,1,142.154,0.0160577
229.5,1,141.288,0.0161781
229,1,140.422,0.016186
228.5,1,139.556,0.0161139
228,1,138.69,0.0160821
227.5,1,137.824,0.0160825
227,1,136.958,0.0160281
226.5,1,136.092,0.0159203
226,1,135.226,0.0158059
225.5,1,134.36,0.0159787
225,1,133.494,0.0162013
224.5,1,132.628,0.0164646
224,1,131.762,0.0162938
223.5,1,130.896,0.016102
223,1,130.03,0.0158946
222.5,1,129.164,0.0159284
222,1,128.297,0.0160247
221.5,1,127.431,0.0161356
221,1,126.565,0.0160547
220.5,1,125.699,0.0158687
220,1,124.833,0.0156724
219.5,1,123.967,0.0156333
219,1,123.101,0.0157613
218.5,1,122.235,0.0158985
218,1,121.369,0.0159157
217.5,1,120.503,0.0157025
217,1,119.637,0.0154828
216.5,1,118.771,0.0153276
216,1,117.905,0.0153977
215.5,1,117.039,0.0154595
215,1,116.173,0.0155048
214.5,1,115.307,0.0153668
214,1,114.441,0.0152395
213.5,1,113.575,0.0151381
213,1,112.709,0.015071
212.5,1,111.843,0.0150004
212,1,110.977,0.0149232
211.5,1,110.111,0.0149057
211,1,109.245,0.0149277
210.5,1,108.379,0.0149673
210,1,107.513,0.0149018
209.5,1,106.647,0.0147405
209,1,105.781,0.0145713
208.5,1,104.915,0.0145026
208,1,104.049,0.0145862
207.5,1,103.183,0.0146768
207,1,102.317,0.0147273
206.5,1,101.451,0.0146427
206,1,100.585,0.0145638
205.5,1,99.7187,0.0145112
205,1,98.8526,0.0146354
204.5,1,97.9866,0.0147518
204,1,97.1206,0.0148603
203.5,1,96.2546,0.0147776
203,1,95.3885,0.0146791
202.5,1,94.5225,0.0145791
202,1,93.6565,0.0145605
201.5,1,92.7905,0.0145669
201,1,91.9244,0.014576
200.5,1,91.0584,0.0145539
200,1,90.1924,0.0145143
