x,y,z,b
500,1,609.808,0.0118938
499.5,1,608.942,0.0118829
499,1,608.076,0.0118603
498.5,1,607.21,0.0118208
498,1,606.344,0.0117804
497.5,1,605.477,0.0117393
497,1,604.611,0.0116989
496.5,1,603.745,0.0116584
496,1,602.879,0.0116197
495.5,1,602.013,0.0116037
495,1,601.147,0.0115873
494.5,1,600.281,0.0115708
494,1,599.415,0.01157
493.5,1,598.549,0.0115709
493,1,597.683,0.0115722
492.5,1,596.817,0.0115849
492,1,595.951,0.011601
491.5,1,595.085,0.0116165
491,1,594.219,0.0116416
490.5,1,593.353,0.0116727
490,1,592.487,0.0117022
489.5,1,591.621,0.0117411
489,1,590.755,0.0117929
488.5,1,589.889,0.0118421
488,1,589.023,0.0118883
487.5,1,588.157,0.0119314
487,1,587.291,0.0119733
486.5,1,586.425,0.0120126
486,1,585.559,0.0120415
485.5,1,584.693,0.012073
485,1,583.827,0.0121053
484.5,1,582.961,0.0121238
484,1,582.095,0.0121452
483.5,1,581.229,0.0121703
483,1,580.363,0.0121859
482.5,1,579.497,0.0122003
482,1,578.631,0.0122163
481.5,1,577.765,0.0122264
481,1,576.899,0.0122328
480.5,1,576.033,0.0122404
480,1,575.167,0.0122446
479.5,1,574.301,0.0122437
479,1,573.435,0.012243
478.5,1,572.569,0.0122367
478,1,571.703,0.0122183
477.5,1,570.836,0.0121998
477,1,569.97,0.0121812
476.5,1,569.104,0.0121614
476,1,568.238,0.0121408
475.5,1,567.372,0.0121197
475,1,566.506,0.0121069
474.5,1,565.64,0.0120931
474,1,564.774,0.0120808
473.5,1,563.908,0.012061
473,1,563.042,0.0120375
472.5,1,562.176,0.0120117
472,1,561.31,0.0119791
471.5,1,560.444,0.0119437
471,1,559.578,0.0119057
470.5,1,558.712,0.0118733
470,1,557.846,0.0118445
469.5,1,556.98,0.0118124
469,1,556.114,0.011784
468.5,1,555.248,0.0117618
468,1,554.382,0.0117377
467.5,1,553.516,0.0117147
467,1,552.65,0.0116997
466.5,1,551.784,0.0116836
466,1,550.918,0.0116659
465.5,1,550.052,0.011658
465,1,549.186,0.0116499
464.5,1,548.32,0.0116418
464,1,547.454,0.0116424
463.5,1,546.588,0.0116459
463,1,545.722,0.011646
462.5,1,544.856,0.0116619
462,1,543.99,0.0116822
461.5,1,543.124,0.0117017
461,1,542.258,0.0117255
460.5,1,541.392,0.0117458
460,1,540.526,0.0117592
459.5,1,539.66,0.0117976
459,1,538.794,0.0118612
458.5,1,537.928,0.0119103
458,1,537.061,0.0119901
457.5,1,536.195,0.0121679
457,1,535.329,0.0123172
456.5,1,534.463,0.0124726
456,1,533.597,0.0128346
455.5,1,532.731,0.013148
455,1,531.865,0.0134287
454.5,1,530.999,0.0138628
454,1,530.133,0.0142636
453.5,1,529.267,0.0146245
453,1,528.401,0.0150698
452.5,1,527.535,0.0155283
452,1,526.669,0.0159717
451.5,1,525.803,0.0163912
451,1,524.937,0.0167975
450.5,1,524.071,0.017185
450,1,523.205,0.0175344
449.5,1,522.339,0.0178658
449,1,521.473,0.0181581
448.5,1,520.607,0.0184241
448,1,519.741,0.0187468
447.5,1,518.875,0.0191445
447,1,518.009,0.0195301
446.5,1,517.143,0.0195431
446,1,516.277,0.0195974
445.5,1,515.411,0.0196944
445,1,514.545,0.0199004
444.5,1,513.679,0.0201535
444,1,512.813,0.0203562
443.5,1,511.947,0.0201647
443,1,511.081,0.0199325
442.5,1,510.215,0.0197147
442,1,509.349,0.0196177
441.5,1,508.483,0.0195645
441,1,507.617,0.0195331
440.5,1,506.751,0.0194282
440,1,505.885,0.0192458
439.5,1,505.019,0.0190378
439,1,504.153,0.0189302
438.5,1,503.286,0.019041
438,1,502.42,0.0191643
437.5,1,501.554,0.0193907
437,1,500.688,0.0199576
436.5,1,499.822,0.0205245
436,1,498.956,0.0209722
435.5,1,498.09,0.0204008
435,1,497.224,0.0198338
434.5,1,496.358,0.019271
434,1,495.492,0.0187485
433.5,1,494.626,0.0182771
433,1,493.76,0.0178991
432.5,1,492.894,0.0175537
432,1,492.028,0.0172338
431.5,1,491.162,0.016947
431,1,490.296,0.0167229
430.5,1,489.43,0.0165467
430,1,488.564,0.0164207
429.5,1,487.698,0.0163078
429,1,486.832,0.0161865
428.5,1,485.966,0.0160367
428,1,485.1,0.0159585
427.5,1,484.234,0.0161612
427,1,483.368,0.0163334
426.5,1,482.502,0.0164838
426,1,481.636,0.0167405
425.5,1,480.77,0.0169605
425,1,479.904,0.0172028
424.5,1,479.038,0.0177761
424,1,478.172,0.0183389
423.5,1,477.306,0.0188849
423,1,476.44,0.0194785
422.5,1,475.574,0.0200565
422,1,474.708,0.0206336
421.5,1,473.842,0.0213738
421,1,472.976,0.0221826
420.5,1,472.11,0.0229537
420,1,471.244,0.0235111
419.5,1,470.378,0.0238869
419,1,469.512,0.0242695
418.5,1,468.645,0.024445
418,1,467.779,0.0242049
417.5,1,466.913,0.0239754
417,1,466.047,0.0236839
416.5,1,465.181,0.023214
416,1,464.315,0.0226664
415.5,1,463.449,0.0220586
415,1,462.583,0.0220479
414.5,1,461.717,0.0220684
414,1,460.851,0.0221418
413.5,1,459.985,0.022051
413,1,459.119,0.0217903
412.5,1,458.253,0.0213796
412,1,457.387,0.0212133
411.5,1,456.521,0.0214152
411,1,455.655,0.0207635
410.5,1,454.789,0.0200002
410,1,453.923,0.0201451
409.5,1,453.057,0.0205207
409,1,452.191,0.0206282
408.5,1,451.325,0.0205939
408,1,450.459,0.0204692
407.5,1,449.593,0.0203914
407,1,448.727,0.0205866
406.5,1,447.861,0.0211639
406,1,446.995,0.0212931
405.5,1,446.129,0.0210096
405,1,445.263,0.0203835
404.5,1,444.397,0.0200547
404,1,443.531,0.0202413
403.5,1,442.665,0.0218496
403,1,441.799,0.0227971
402.5,1,440.933,0.0231952
402,1,440.067,0.0258674
401.5,1,439.201,0.0269795
401,1,438.335,0.028322
400.5,1,437.469,0.0302173
400,1,436.603,0.0327589
399.5,1,435.737,0.034884
399,1,434.87,0.0369296
398.5,1,434.004,0.037715
398,1,433.138,0.0383941
397.5,1,432.272,0.0390125
397,1,431.406,0.0390074
396.5,1,430.54,0.0390738
396,1,429.674,0.038789
395.5,1,428.808,0.0385082
395,1,427.942,0.0382574
394.5,1,427.076,0.0385782
394,1,426.21,0.0388369
393.5,1,425.344,0.0390262
393,1,424.478,0.0386228
392.5,1,423.612,0.0381145
392,1,422.746,0.0376319
391.5,1,421.88,0.0367513
391,1,421.014,0.0357341
390.5,1,420.148,0.0347909
390,1,419.282,0.0341135
389.5,1,418.416,0.0334655
389,1,417.55,0.0326734
388.5,1,416.684,0.032034
388,1,415.818,0.0317523
387.5,1,414.952,0.0314312
387,1,414.086,0.031212
386.5,1,413.22,0.0316665
386,1,412.354,0.0321189
385.5,1,411.488,0.0326621
385,1,410.622,0.0360469
384.5,1,409.756,0.0418897
384,1,408.89,0.0429162
383.5,1,408.024,0.0439034
383,1,407.158,0.0446914
382.5,1,406.292,0.0450319
382,1,405.426,0.0452665
381.5,1,404.56,0.0453954
381,1,403.694,0.0454186
380.5,1,402.828,0.0453359
380,1,401.962,0.0452958
379.5,1,401.095,0.046904
379,1,400.229,0.048531
378.5,1,399.363,0.0501683
378,1,398.497,0.0518158
377.5,1,397.631,0.0534737
377,1,396.765,0.0551417
376.5,1,395.899,0.0564494
376,1,395.033,0.0573709
375.5,1,394.167,0.0580418
375,1,393.301,0.0555494
374.5,1,392.435,0.0544177
374,1,391.569,0.0532264
373.5,1,390.703,0.0519982
373,1,389.837,0.0523748
372.5,1,388.971,0.057272
372,1,388.105,0.061793
371.5,1,387.239,0.065214
371,1,386.373,0.0658564
370.5,1,385.507,0.0655329
370,1,384.641,0.0632344
369.5,1,383.775,0.0612587
369,1,382.909,0.0599242
368.5,1,382.043,0.0599832
368,1,381.177,0.061388
367.5,1,380.311,0.0616213
367,1,379.445,0.0604829
366.5,1,378.579,0.059391
366,1,377.713,0.0569927
365.5,1,376.847,0.0564827
365,1,375.981,0.0559527
364.5,1,375.115,0.0554026
364,1,374.249,0.0550967
363.5,1,373.383,0.0548505
363,1,372.517,0.0541598
362.5,1,371.651,0.0536465
362,1,370.785,0.0533106
361.5,1,369.919,0.053152
361,1,369.053,0.0530735
360.5,1,368.187,0.0518372
360,1,367.321,0.0506198
359.5,1,366.454,0.0485817
359,1,365.588,0.0468936
358.5,1,364.722,0.0457467
358,1,363.856,0.0452746
357.5,1,362.99,0.0448699
357,1,362.124,0.0446973
356.5,1,361.258,0.0453084
356,1,360.392,0.045853
355.5,1,359.526,0.0462128
355,1,358.66,0.0462329
354.5,1,357.794,0.0461893
354,1,356.928,0.0460031
353.5,1,356.062,0.0450071
353,1,355.196,0.0439803
352.5,1,354.33,0.0429806
352,1,353.464,0.0418692
351.5,1,352.598,0.0408385
351,1,351.732,0.0400136
350.5,1,350.866,0.0399858
350,1,350,0.0405336
349.5,1,349.134,0.0412968
349,1,348.268,0.0425125
348.5,1,347.402,0.0441455
348,1,346.536,0.0456079
347.5,1,345.67,0.0469155
347,1,344.804,0.0479573
346.5,1,343.938,0.0484612
346,1,343.072,0.0488647
345.5,1,342.206,0.0531978
345,1,341.34,0.059533
344.5,1,340.474,0.0631137
344,1,339.608,0.0627513
343.5,1,338.742,0.062536
343,1,337.876,0.0630441
342.5,1,337.01,0.0634275
342,1,336.144,0.0607176
341.5,1,335.278,0.0645165
341,1,334.412,0.0654149
340.5,1,333.546,0.065652
340,1,332.679,0.0631441
339.5,1,331.813,0.060697
339,1,330.947,0.0588281
338.5,1,330.081,0.0571518
338,1,329.215,0.0561733
337.5,1,328.349,0.0554962
337,1,327.483,0.0550779
336.5,1,326.617,0.054908
336,1,325.751,0.0547526
335.5,1,324.885,0.0545702
335,1,324.019,0.0544656
334.5,1,323.153,0.0544945
334,1,322.287,0.0538578
333.5,1,321.421,0.0543585
333,1,320.555,0.0546283
332.5,1,319.689,0.0568385
332,1,318.823,0.0589743
331.5,1,317.957,0.060867
331,1,317.091,0.0625234
330.5,1,316.225,0.063777
330,1,315.359,0.0643122
329.5,1,314.493,0.0644858
329,1,313.627,0.0644017
328.5,1,312.761,0.0639833
328,1,311.895,0.0638034
327.5,1,311.029,0.0635036
327,1,310.163,0.0633511
326.5,1,309.297,0.0633123
326,1,308.431,0.0633016
325.5,1,307.565,0.0634753
325,1,306.699,0.0643076
324.5,1,305.833,0.0649684
324,1,304.967,0.0659384
323.5,1,304.101,0.0669378
323,1,303.235,0.0674635
322.5,1,302.369,0.0669978
322,1,301.503,0.0666024
321.5,1,300.637,0.0662774
321,1,299.771,0.0660226
320.5,1,298.905,0.0658382
320,1,298.038,0.0657285
319.5,1,297.172,0.0658955
319,1,296.306,0.0658379
318.5,1,295.44,0.0655766
318,1,294.574,0.0648613
317.5,1,293.708,0.0641507
317,1,292.842,0.0635704
316.5,1,291.976,0.0628894
316,1,291.11,0.0623239
315.5,1,290.244,0.0617268
315,1,289.378,0.0610978
314.5,1,288.512,0.0604371
314,1,287.646,0.0606416
313.5,1,286.78,0.0614211
313,1,285.914,0.0628818
312.5,1,285.048,0.0642021
312,1,284.182,0.0654884
311.5,1,283.316,0.0664219
311,1,282.45,0.0673212
310.5,1,281.584,0.0680635
310,1,280.718,0.0684941
309.5,1,279.852,0.0689115
309,1,278.986,0.0693158
308.5,1,278.12,0.0692359
308,1,277.254,0.0690812
307.5,1,276.388,0.0688662
307,1,275.522,0.0679713
306.5,1,274.656,0.066922
306,1,273.79,0.0659399
305.5,1,272.924,0.0688949
305,1,272.058,0.0709664
304.5,1,271.192,0.0692584
304,1,270.326,0.0679121
303.5,1,269.46,0.0672653
303,1,268.594,0.06499
302.5,1,267.728,0.0632871
302,1,266.862,0.062166
301.5,1,265.996,0.0580685
301,1,265.13,0.0537103
300.5,1,264.263,0.0503405
300,1,263.397,0.0495192
299.5,1,262.531,0.0504961
299,1,261.665,0.0509439
298.5,1,260.799,0.0511963
298,1,259.933,0.0508856
297.5,1,259.067,0.0496962
297,1,258.201,0.0474183
296.5,1,257.335,0.0431912
296,1,256.469,0.0377028
295.5,1,255.603,0.0323471
295,1,254.737,0.0277984
294.5,1,253.871,0.0238078
294,1,253.005,0.0203755
293.5,1,252.139,0.0187128
293,1,251.273,0.0173825
292.5,1,250.407,0.0162374
292,1,249.541,0.0156577
291.5,1,248.675,0.0152817
291,1,247.809,0.0149822
290.5,1,246.943,0.0148741
290,1,246.077,0.0148773
289.5,1,245.211,0.0148994
289,1,244.345,0.0149693
288.5,1,243.479,0.0150907
288,1,242.613,0.0152166
287.5,1,241.747,0.0153025
287,1,240.881,0.0153118
286.5,1,240.015,0.0153221
286,1,239.149,0.0153365
285.5,1,238.283,0.0153692
285,1,237.417,0.0154004
284.5,1,236.551,0.0154352
284,1,235.685,0.0154428
283.5,1,234.819,0.0154461
283,1,233.953,0.0154458
282.5,1,233.087,0.0154122
282,1,232.221,0.0153736
281.5,1,231.355,0.0153357
281,1,230.488,0.0153002
280.5,1,229.622,0.0152636
280,1,228.756,0.0152219
279.5,1,227.89,0.0151898
279,1,227.024,0.0151727
278.5,1,226.158,0.0151568
278,1,225.292,0.0151225
277.5,1,224.426,0.0150505
277,1,223.56,0.0149646
276.5,1,222.694,0.0148749
276,1,221.828,0.0147478
275.5,1,220.962,0.014627
275,1,220.096,0.014512
274.5,1,219.23,0.0143714
274,1,218.364,0.0142356
273.5,1,217.498,0.0141131
273,1,216.632,0.0140636
272.5,1,215.766,0.0140233
272,1,214.9,0.0139822
271.5,1,214.034,0.0139517
271,1,213.168,0.0139253
270.5,1,212.302,0.0138992
270,1,211.436,0.0138759
269.5,1,210.57,0.0138534
269,1,209.704,0.0138283
268.5,1,208.838,0.0137953
268,1,207.972,0.013754
267.5,1,207.106,0.013713
267,1,206.24,0.013668
266.5,1,205.374,0.0136107
266,1,204.508,0.0135556
265.5,1,203.642,0.0135027
265,1,202.776,0.0134474
264.5,1,201.91,0.0133946
264,1,201.044,0.0133444
263.5,1,200.178,0.0133069
263,1,199.312,0.0132725
262.5,1,198.446,0.0132399
262,1,197.58,0.0132362
261.5,1,196.714,0.0132431
261,1,195.847,0.0132525
260.5,1,194.981,0.0132668
260,1,194.115,0.0132833
259.5,1,193.249,0.0133005
259,1,192.383,0.0133143
258.5,1,191.517,0.0133236
258,1,190.651,0.0133324
257.5,1,189.785,0.0133384
257,1,188.919,0.0133381
256.5,1,188.053,0.0133382
256,1,187.187,0.0133395
255.5,1,186.321,0.0133447
255,1,185.455,0.0133498
254.5,1,184.589,0.0133552
254,1,183.723,0.0133555
253.5,1,182.857,0.0133566
253,1,181.991,0.0133586
252.5,1,181.125,0.0133636
252,1,180.259,0.0133697
251.5,1,179.393,0.0133764
251,1,178.527,0.0133764
250.5,1,177.661,0.0133729
250,1,176.795,0.0133696
249.5,1,175.929,0.013369
249,1,175.063,0.0133707
248.5,1,174.197,0.0133721
248,1,173.331,0.0133714
247.5,1,172.465,0.0133676
247,1,171.599,0.0133649
246.5,1,170.733,0.0133632
246,1,169.867,0.0133653
245.5,1,169.001,0.0133696
245,1,168.135,0.0133758
244.5,1,167.269,0.0133759
244,1,166.403,0.0133764
243.5,1,165.537,0.013378
243,1,164.671,0.0133766
242.5,1,163.805,0.0133748
242,1,162.939,0.0133734
241.5,1,162.072,0.0133601
241,1,161.206,0.0133433
240.5,1,160.34,0.0133266
240,1,159.474,0.0133212
239.5,1,158.608,0.013325
239,1,157.742,0.0133281
238.5,1,156.876,0.0133286
238,1,156.01,0.013327
237.5,1,155.144,0.0133255
237,1,154.278,0.0133276
236.5,1,153.412,0.0133403
236,1,152.546,0.0133509
235.5,1,151.68,0.0133603
235,1,150.814,0.0133591
234.5,1,149.948,0.0133574
234,1,149.082,0.0133553
233.5,1,148.216,0.0133631
233,1,147.35,0.013371
232.5,1,146.484,0.0133787
232,1,145.618,0.0133746
231.5,1,144.752,0.0133668
231,1,143.886,0.0133583
230.5,1,143.02,0.0133509
230,1,142.154,0.0133443
229.5,1,141.288,0.0133377
229,1,140.422,0.0133256
228.5,1,139.556,0.0133068
228,1,138.69,0.0132879
227.5,1,137.824,0.0132785
227,1,136.958,0.0132908
226.5,1,136.092,0.0133029
226,1,135.226,0.0133111
225.5,1,134.36,0.0132965
225,1,133.494,0.0132812
224.5,1,132.628,0.0132656
224,1,131.762,0.0132825
223.5,1,130.896,0.0132997
223,1,130.03,0.0133168
222.5,1,129.164,0.0133014
222,1,128.297,0.0132797
221.5,1,127.431,0.0132581
221,1,126.565,0.0132666
220.5,1,125.699,0.0132893
220,1,124.833,0.0133114
219.5,1,123.967,0.0133047
219,1,123.101,0.0132717
218.5,1,122.235,0.0132387
218,1,121.369,0.0132182
217.5,1,120.503,0.0132197
217,1,119.637,0.0132197
216.5,1,118.771,0.0132092
216,1,117.905,0.0131634
215.5,1,117.039,0.0131192
215,1,116.173,0.0130795
214.5,1,115.307,0.0131064
214,1,114.441,0.0131318
213.5,1,113.575,0.0131562
213,1,112.709,0.0131246
212.5,1,111.843,0.0130875
212,1,110.977,0.0130523
211.5,1,110.111,0.0130611
211,1,109.245,0.0130847
210.5,1,108.379,0.0131068
210,1,107.513,0.0130894
209.5,1,106.647,0.0130444
209,1,105.781,0.0130006
208.5,1,104.915,0.0129958
208,1,104.049,0.0130442
207.5,1,103.183,0.0130914
207,1,102.317,0.0131115
206.5,1,101.451,0.0130571
206,1,100.585,0.0130034
205.5,1,99.7187,0.0129611
205,1,98.8526,0.0130054
204.5,1,97.9866,0.0130485
204,1,97.1206,0.0130905
203.5,1,96.2546,0.0130233
203,1,95.3885,0.0129512
202.5,1,94.5225,0.0128827
202,1,93.6565,0.0129248
201.5,1,92.7905,0.0129949
201,1,91.9244,0.0130629
200.5,1,91.0584,0.01304
200,1,90.1924,0.0129681
