x,y,z,b
500,1,609.808,0.011497
499.5,1,608.942,0.0114735
499,1,608.076,0.0114528
498.5,1,607.21,0.0114391
498,1,606.344,0.0114248
497.5,1,605.477,0.0114112
497,1,604.611,0.0114031
496.5,1,603.745,0.011396
496,1,602.879,0.0113984
495.5,1,602.013,0.011406
495,1,601.147,0.0114083
494.5,1,600.281,0.0114052
494,1,599.415,0.0114006
493.5,1,598.549,0.011394
493,1,597.683,0.0113874
492.5,1,596.817,0.0113501
492,1,595.951,0.0113031
491.5,1,595.085,0.0112565
491,1,594.219,0.0112117
490.5,1,593.353,0.0111697
490,1,592.487,0.0111291
489.5,1,591.621,0.0110929
489,1,590.755,0.0110603
488.5,1,589.889,0.0110264
488,1,589.023,0.0110071
487.5,1,588.157,0.0110262
487,1,587.291,0.0110384
486.5,1,586.425,0.0110521
486,1,585.559,0.0111179
485.5,1,584.693,0.0111664
485,1,583.827,0.0112057
484.5,1,582.961,0.0114061
484,1,582.095,0.0115907
483.5,1,581.229,0.0117516
483,1,580.363,0.0118856
482.5,1,579.497,0.0119901
482,1,578.631,0.0120853
481.5,1,577.765,0.0121986
481,1,576.899,0.0123149
480.5,1,576.033,0.0124113
480,1,575.167,0.0125049
479.5,1,574.301,0.0126322
479,1,573.435,0.0127578
478.5,1,572.569,0.0128555
478,1,571.703,0.0129122
477.5,1,570.836,0.0129682
477,1,569.97,0.013034
476.5,1,569.104,0.0131341
476,1,568.238,0.0132355
475.5,1,567.372,0.0133367
475,1,566.506,0.0133139
474.5,1,565.64,0.0132998
474,1,564.774,0.0132953
473.5,1,563.908,0.0132836
473,1,563.042,0.0132801
472.5,1,562.176,0.0132868
472,1,561.31,0.0132095
471.5,1,560.444,0.0130996
471,1,559.578,0.0130001
470.5,1,558.712,0.0129477
470,1,557.846,0.012924
469.5,1,556.98,0.012896
469,1,556.114,0.0128765
468.5,1,555.248,0.0128796
468,1,554.382,0.0128841
467.5,1,553.516,0.0128884
467,1,552.65,0.0128909
466.5,1,551.784,0.0128972
466,1,550.918,0.0129019
465.5,1,550.052,0.0128981
465,1,549.186,0.0129123
464.5,1,548.32,0.0129444
464,1,547.454,0.0129391
463.5,1,546.588,0.0129236
463,1,545.722,0.0129016
462.5,1,544.856,0.0129514
462,1,543.99,0.0130264
461.5,1,543.124,0.0131018
461,1,542.258,0.013136
460.5,1,541.392,0.013122
460,1,540.526,0.0130861
459.5,1,539.66,0.01314
459,1,538.794,0.0133409
458.5,1,537.928,0.0135531
458,1,537.061,0.0137259
457.5,1,536.195,0.0137602
457,1,535.329,0.0137723
456.5,1,534.463,0.0137763
456,1,533.597,0.0138733
455.5,1,532.731,0.0139755
455,1,531.865,0.0140896
454.5,1,530.999,0.0141295
454,1,530.133,0.0141572
453.5,1,529.267,0.0141756
453,1,528.401,0.014211
452.5,1,527.535,0.0142554
452,1,526.669,0.0143146
451.5,1,525.803,0.014314
451,1,524.937,0.014282
450.5,1,524.071,0.0142528
450,1,523.205,0.0142323
449.5,1,522.339,0.014229
449,1,521.473,0.0142365
448.5,1,520.607,0.0142445
448,1,519.741,0.0142421
447.5,1,518.875,0.0142387
447,1,518.009,0.014246
446.5,1,517.143,0.0143081
446,1,516.277,0.0143705
445.5,1,515.411,0.0144352
445,1,514.545,0.0145892
444.5,1,513.679,0.0147377
444,1,512.813,0.0148854
443.5,1,511.947,0.0149954
443,1,511.081,0.015092
442.5,1,510.215,0.0151805
442,1,509.349,0.0152221
441.5,1,508.483,0.0152435
441,1,507.617,0.0152675
440.5,1,506.751,0.0153182
440,1,505.885,0.0153958
439.5,1,505.019,0.0154801
439,1,504.153,0.0155713
438.5,1,503.286,0.015669
438,1,502.42,0.0157662
437.5,1,501.554,0.0158731
437,1,500.688,0.0160294
436.5,1,499.822,0.0162032
436,1,498.956,0.0163786
435.5,1,498.09,0.016367
435,1,497.224,0.0163469
434.5,1,496.358,0.0163183
434,1,495.492,0.0161049
433.5,1,494.626,0.0157939
433,1,493.76,0.0153757
432.5,1,492.894,0.0148161
432,1,492.028,0.0142986
431.5,1,491.162,0.0138599
431,1,490.296,0.0137277
430.5,1,489.43,0.0137903
430,1,488.564,0.0139376
429.5,1,487.698,0.0141132
429,1,486.832,0.0143664
428.5,1,485.966,0.014749
428,1,485.1,0.0151619
427.5,1,484.234,0.0154524
427,1,483.368,0.0158124
426.5,1,482.502,0.0163584
426,1,481.636,0.0177101
425.5,1,480.77,0.0189732
425,1,479.904,0.0200806
424.5,1,479.038,0.0205583
424,1,478.172,0.0210478
423.5,1,477.306,0.0215613
423,1,476.44,0.0215718
422.5,1,475.574,0.0214393
422,1,474.708,0.0212497
421.5,1,473.842,0.0211491
421,1,472.976,0.0210923
420.5,1,472.11,0.0210362
420,1,471.244,0.0210226
419.5,1,470.378,0.0210898
419,1,469.512,0.0212133
418.5,1,468.645,0.0212663
418,1,467.779,0.0211573
417.5,1,466.913,0.0210075
417,1,466.047,0.020835
416.5,1,465.181,0.0207792
416,1,464.315,0.0206232
415.5,1,463.449,0.0203701
415,1,462.583,0.0201723
414.5,1,461.717,0.0198931
414,1,460.851,0.0195595
413.5,1,459.985,0.019589
413,1,459.119,0.0196462
412.5,1,458.253,0.0196722
412,1,457.387,0.0200394
411.5,1,456.521,0.020574
411,1,455.655,0.0211438
410.5,1,454.789,0.0216443
410,1,453.923,0.0220684
409.5,1,453.057,0.0224666
409,1,452.191,0.0228579
408.5,1,451.325,0.0232891
408,1,450.459,0.0237771
407.5,1,449.593,0.0244835
407,1,448.727,0.0258083
406.5,1,447.861,0.0273078
406,1,446.995,0.0288714
405.5,1,446.129,0.0294101
405,1,445.263,0.0299389
404.5,1,444.397,0.0312403
404,1,443.531,0.0315325
403.5,1,442.665,0.0306252
403,1,441.799,0.0306064
402.5,1,440.933,0.0311237
402,1,440.067,0.0320099
401.5,1,439.201,0.0331511
401,1,438.335,0.0345499
400.5,1,437.469,0.0361312
400,1,436.603,0.0369824
399.5,1,435.737,0.0370174
399,1,434.87,0.0368006
398.5,1,434.004,0.0362896
398,1,433.138,0.0358384
397.5,1,432.272,0.0365555
397,1,431.406,0.0383415
396.5,1,430.54,0.0396988
396,1,429.674,0.0414708
395.5,1,428.808,0.0444965
395,1,427.942,0.0475608
394.5,1,427.076,0.0465171
394,1,426.21,0.0458286
393.5,1,425.344,0.0457107
393,1,424.478,0.0464771
392.5,1,423.612,0.0472804
392,1,422.746,0.0477224
391.5,1,421.88,0.0480963
391,1,421.014,0.0471875
390.5,1,420.148,0.0468339
390,1,419.282,0.0469461
389.5,1,418.416,0.047294
389,1,417.55,0.0474728
388.5,1,416.684,0.047677
388,1,415.818,0.0478858
387.5,1,414.952,0.0479395
387,1,414.086,0.0480392
386.5,1,413.22,0.0481848
386,1,412.354,0.0485827
385.5,1,411.488,0.0491224
385,1,410.622,0.0498323
384.5,1,409.756,0.0490783
384,1,408.89,0.0486354
383.5,1,408.024,0.0484169
383,1,407.158,0.0481729
382.5,1,406.292,0.0478817
382,1,405.426,0.0488632
381.5,1,404.56,0.0525925
381,1,403.694,0.0525693
380.5,1,402.828,0.0525233
380,1,401.962,0.052481
379.5,1,401.095,0.0537491
379,1,400.229,0.0549788
378.5,1,399.363,0.0561583
378,1,398.497,0.0580764
377.5,1,397.631,0.0589194
377,1,396.765,0.0593962
376.5,1,395.899,0.0596802
376,1,395.033,0.0596382
375.5,1,394.167,0.0596151
375,1,393.301,0.0598787
374.5,1,392.435,0.0598931
374,1,391.569,0.0593974
373.5,1,390.703,0.0588337
373,1,389.837,0.0583267
372.5,1,388.971,0.0560805
372,1,388.105,0.0530295
371.5,1,387.239,0.0496591
371,1,386.373,0.0484653
370.5,1,385.507,0.048903
370,1,384.641,0.0498718
369.5,1,383.775,0.0507421
369,1,382.909,0.0512978
368.5,1,382.043,0.0515356
368,1,381.177,0.0515969
367.5,1,380.311,0.0513295
367,1,379.445,0.0501794
366.5,1,378.579,0.0500157
366,1,377.713,0.0495119
365.5,1,376.847,0.047727
365,1,375.981,0.0467991
364.5,1,375.115,0.0463144
364,1,374.249,0.0461906
363.5,1,373.383,0.0456767
363,1,372.517,0.0450627
362.5,1,371.651,0.0456129
362,1,370.785,0.0459322
361.5,1,369.919,0.0458864
361,1,369.053,0.0452083
360.5,1,368.187,0.0441649
360,1,367.321,0.0427889
359.5,1,366.454,0.0415054
359,1,365.588,0.0402969
358.5,1,364.722,0.0387892
358,1,363.856,0.037158
357.5,1,362.99,0.0353977
357,1,362.124,0.0343203
356.5,1,361.258,0.0334351
356,1,360.392,0.0329048
355.5,1,359.526,0.0326241
355,1,358.66,0.0324325
354.5,1,357.794,0.0323623
354,1,356.928,0.0324742
353.5,1,356.062,0.0324477
353,1,355.196,0.0320303
352.5,1,354.33,0.0312967
352,1,353.464,0.0337585
351.5,1,352.598,0.0367128
351,1,351.732,0.0395848
350.5,1,350.866,0.0421758
350,1,350,0.0351303
349.5,1,349.134,0.0296273
349,1,348.268,0.0272245
348.5,1,347.402,0.025825
348,1,346.536,0.0227748
347.5,1,345.67,0.0231642
347,1,344.804,0.0234331
346.5,1,343.938,0.020758
346,1,343.072,0.0214807
345.5,1,342.206,0.0223963
345,1,341.34,0.0230693
344.5,1,340.474,0.0238163
344,1,339.608,0.0244681
343.5,1,338.742,0.0247801
343,1,337.876,0.0249666
342.5,1,337.01,0.0250507
342,1,336.144,0.0249049
341.5,1,335.278,0.0248628
341,1,334.412,0.0249897
340.5,1,333.546,0.0249402
340,1,332.679,0.0250218
339.5,1,331.813,0.0254657
339,1,330.947,0.0258957
338.5,1,330.081,0.0263138
338,1,329.215,0.0267875
337.5,1,328.349,0.0273037
337,1,327.483,0.0278671
336.5,1,326.617,0.028496
336,1,325.751,0.0286948
335.5,1,324.885,0.0284368
335,1,324.019,0.0284747
334.5,1,323.153,0.0286041
334,1,322.287,0.0288029
333.5,1,321.421,0.0290033
333,1,320.555,0.0291919
332.5,1,319.689,0.0285599
332,1,318.823,0.0281271
331.5,1,317.957,0.027911
331,1,317.091,0.0291121
330.5,1,316.225,0.0302536
330,1,315.359,0.0310186
329.5,1,314.493,0.0317789
329,1,313.627,0.0326075
328.5,1,312.761,0.0351392
328,1,311.895,0.0416249
327.5,1,311.029,0.0451382
327,1,310.163,0.0477991
326.5,1,309.297,0.0488092
326,1,308.431,0.0498191
325.5,1,307.565,0.0508552
325,1,306.699,0.0506592
324.5,1,305.833,0.0502048
324,1,304.967,0.0511523
323.5,1,304.101,0.0521996
323,1,303.235,0.0530027
322.5,1,302.369,0.0531942
322,1,301.503,0.0534927
321.5,1,300.637,0.0535367
321,1,299.771,0.0536108
320.5,1,298.905,0.0538672
320,1,298.038,0.0542013
319.5,1,297.172,0.0545738
319,1,296.306,0.0552187
318.5,1,295.44,0.0561026
318,1,294.574,0.0567426
317.5,1,293.708,0.0572381
317,1,292.842,0.0578397
316.5,1,291.976,0.0581504
316,1,291.11,0.058398
315.5,1,290.244,0.0587576
315,1,289.378,0.0592209
314.5,1,288.512,0.0595838
314,1,287.646,0.0589417
313.5,1,286.78,0.0587194
313,1,285.914,0.0589412
312.5,1,285.048,0.0564941
312,1,284.182,0.0528799
311.5,1,283.316,0.0487253
311,1,282.45,0.0464637
310.5,1,281.584,0.045553
310,1,280.718,0.0445178
309.5,1,279.852,0.0430471
309,1,278.986,0.0415687
308.5,1,278.12,0.04037
308,1,277.254,0.0393596
307.5,1,276.388,0.0381717
307,1,275.522,0.0369311
306.5,1,274.656,0.0359156
306,1,273.79,0.0357466
305.5,1,272.924,0.0354629
305,1,272.058,0.0350584
304.5,1,271.192,0.0343174
304,1,270.326,0.0336777
303.5,1,269.46,0.033102
303,1,268.594,0.032504
302.5,1,267.728,0.0318816
302,1,266.862,0.0312783
301.5,1,265.996,0.0310014
301,1,265.13,0.03078
300.5,1,264.263,0.0304966
300,1,263.397,0.0301343
299.5,1,262.531,0.0297013
299,1,261.665,0.0291987
298.5,1,260.799,0.0286165
298,1,259.933,0.0279571
297.5,1,259.067,0.0272182
297,1,258.201,0.0264526
296.5,1,257.335,0.0258011
296,1,256.469,0.0250737
295.5,1,255.603,0.0242869
295,1,254.737,0.0234971
294.5,1,253.871,0.0227109
294,1,253.005,0.0219282
293.5,1,252.139,0.020568
293,1,251.273,0.0192251
292.5,1,250.407,0.0179595
292,1,249.541,0.0166856
291.5,1,248.675,0.0155385
291,1,247.809,0.0145689
290.5,1,246.943,0.0140336
290,1,246.077,0.013732
289.5,1,245.211,0.0134586
289,1,244.345,0.0132414
288.5,1,243.479,0.0130734
288,1,242.613,0.0129175
287.5,1,241.747,0.0128202
287,1,240.881,0.0128757
286.5,1,240.015,0.0129443
286,1,239.149,0.0130234
285.5,1,238.283,0.0130757
285,1,237.417,0.013112
284.5,1,236.551,0.0131471
284,1,235.685,0.0131495
283.5,1,234.819,0.0131474
283,1,233.953,0.0131417
282.5,1,233.087,0.0131696
282,1,232.221,0.013217
281.5,1,231.355,0.0132747
281,1,230.488,0.0133389
280.5,1,229.622,0.0134198
280,1,228.756,0.0135318
279.5,1,227.89,0.0137251
279,1,227.024,0.013978
278.5,1,226.158,0.0142344
278,1,225.292,0.0144296
277.5,1,224.426,0.0144917
277,1,223.56,0.0145257
276.5,1,222.694,0.0145597
276,1,221.828,0.014617
275.5,1,220.962,0.0146688
275,1,220.096,0.0147145
274.5,1,219.23,0.0147271
274,1,218.364,0.0147459
273.5,1,217.498,0.0147766
273,1,216.632,0.0148737
272.5,1,215.766,0.0149684
272,1,214.9,0.0150492
271.5,1,214.034,0.0150305
271,1,213.168,0.0149855
270.5,1,212.302,0.0149487
270,1,211.436,0.0149249
269.5,1,210.57,0.0149033
269,1,209.704,0.0148739
268.5,1,208.838,0.0148482
268,1,207.972,0.0148434
267.5,1,207.106,0.0148511
267,1,206.24,0.0148599
266.5,1,205.374,0.0148334
266,1,204.508,0.0148042
265.5,1,203.642,0.0147753
265,1,202.776,0.0147947
264.5,1,201.91,0.0148225
264,1,201.044,0.0148588
263.5,1,200.178,0.0148136
263,1,199.312,0.0147474
262.5,1,198.446,0.0146668
262,1,197.58,0.0147585
261.5,1,196.714,0.0149175
261,1,195.847,0.0150883
260.5,1,194.981,0.0150866
260,1,194.115,0.0149703
259.5,1,193.249,0.0148524
259,1,192.383,0.0148759
258.5,1,191.517,0.0150729
258,1,190.651,0.0152627
257.5,1,189.785,0.0153321
257,1,188.919,0.0151364
256.5,1,188.053,0.0149489
256,1,187.187,0.0148399
255.5,1,186.321,0.0151759
255,1,185.455,0.0154975
254.5,1,184.589,0.0158042
254,1,183.723,0.0156098
253.5,1,182.857,0.0154233
253,1,181.991,0.0152558
252.5,1,181.125,0.0154622
252,1,180.259,0.015717
251.5,1,179.393,0.0159379
251,1,178.527,0.0157931
250.5,1,177.661,0.0155001
250,1,176.795,0.0152361
249.5,1,175.929,0.0152368
249,1,175.063,0.015447
248.5,1,174.197,0.0156208
248,1,173.331,0.0156543
247.5,1,172.465,0.0154955
247,1,171.599,0.0153619
246.5,1,170.733,0.0153029
246,1,169.867,0.0154624
245.5,1,169.001,0.0156141
245,1,168.135,0.0157493
244.5,1,167.269,0.0156283
244,1,166.403,0.0155152
243.5,1,165.537,0.0154226
243,1,164.671,0.0154955
242.5,1,163.805,0.0155796
242,1,162.939,0.0156525
241.5,1,162.072,0.0155987
241,1,161.206,0.0155165
240.5,1,160.34,0.0154456
240,1,159.474,0.0154522
239.5,1,158.608,0.0155133
239,1,157.742,0.0155727
238.5,1,156.876,0.0155717
238,1,156.01,0.0154937
237.5,1,155.144,0.0154229
237,1,154.278,0.0153952
236.5,1,153.412,0.0154819
236,1,152.546,0.0155767
235.5,1,151.68,0.0156531
235,1,150.814,0.0155838
234.5,1,149.948,0.0155202
234,1,149.082,0.0154622
233.5,1,148.216,0.0155172
233,1,147.35,0.0155777
232.5,1,146.484,0.015634
232,1,145.618,0.0155908
231.5,1,144.752,0.0155232
231,1,143.886,0.0154602
230.5,1,143.02,0.0155012
230,1,142.154,0.0155918
229.5,1,141.288,0.0156682
229,1,140.422,0.0156624
228.5,1,139.556,0.0155786
228,1,138.69,0.015502
227.5,1,137.824,0.0154631
227,1,136.958,0.0154922
226.5,1,136.092,0.0155159
226,1,135.226,0.0155251
225.5,1,134.36,0.0154843
225,1,133.494,0.0154507
224.5,1,132.628,0.0154236
224,1,131.762,0.0154582
223.5,1,130.896,0.0154861
223,1,130.03,0.0155068
222.5,1,129.164,0.0154411
222,1,128.297,0.0153636
221.5,1,127.431,0.0152913
221,1,126.565,0.0152586
220.5,1,125.699,0.0152421
220,1,124.833,0.0152252
219.5,1,123.967,0.0151902
219,1,123.101,0.0151364
218.5,1,122.235,0.0150839
218,1,121.369,0.0150436
217.5,1,120.503,0.0150203
217,1,119.637,0.0149937
216.5,1,118.771,0.0149583
216,1,117.905,0.0149018
215.5,1,117.039,0.0148459
215,1,116.173,0.0147931
214.5,1,115.307,0.0147949
214,1,114.441,0.0147978
213.5,1,113.575,0.0148018
213,1,112.709,0.0147617
212.5,1,111.843,0.0147162
212,1,110.977,0.0146708
211.5,1,110.111,0.0146749
211,1,109.245,0.0146981
210.5,1,108.379,0.0147223
210,1,107.513,0.0146975
209.5,1,106.647,0.0146351
209,1,105.781,0.0145737
208.5,1,104.915,0.0145599
208,1,104.049,0.0146075
207.5,1,103.183,0.0146529
207,1,102.317,0.0146725
206.5,1,101.451,0.0146239
206,1,100.585,0.0145804
205.5,1,99.7187,0.0145513
205,1,98.8526,0.0146074
204.5,1,97.9866,0.0146601
204,1,97.1206,0.0147093
203.5,1,96.2546,0.0146252
203,1,95.3885,0.0145369
202.5,1,94.5225,0.0144519
202,1,93.6565,0.0144602
201.5,1,92.7905,0.0144902
201,1,91.9244,0.0145165
200.5,1,91.0584,0.0144932
200,1,90.1924,0.0144457
