x,y,z,b
500,1,609.808,0.0118553
499.5,1,608.942,0.011855
499,1,608.076,0.0118532
498.5,1,607.21,0.0118488
498,1,606.344,0.0118432
497.5,1,605.477,0.0118306
497,1,604.611,0.0117955
496.5,1,603.745,0.0117574
496,1,602.879,0.0117157
495.5,1,602.013,0.0116537
495,1,601.147,0.0115907
494.5,1,600.281,0.0115265
494,1,599.415,0.0114737
493.5,1,598.549,0.011421
493,1,597.683,0.0113683
492.5,1,596.817,0.0113314
492,1,595.951,0.0112991
491.5,1,595.085,0.0112656
491,1,594.219,0.0112439
490.5,1,593.353,0.0112307
490,1,592.487,0.0112164
489.5,1,591.621,0.0112112
489,1,590.755,0.0112179
488.5,1,589.889,0.0112213
488,1,589.023,0.011232
487.5,1,588.157,0.0112671
487,1,587.291,0.011296
486.5,1,586.425,0.0113274
486,1,585.559,0.0114234
485.5,1,584.693,0.0115157
485,1,583.827,0.0116036
484.5,1,582.961,0.0116891
484,1,582.095,0.0117798
483.5,1,581.229,0.0118756
483,1,580.363,0.0119216
482.5,1,579.497,0.0119552
482,1,578.631,0.0119879
481.5,1,577.765,0.0119929
481,1,576.899,0.011981
480.5,1,576.033,0.0119683
480,1,575.167,0.0119169
479.5,1,574.301,0.0118215
479,1,573.435,0.011725
478.5,1,572.569,0.0116398
478,1,571.703,0.0115813
477.5,1,570.836,0.0115241
477,1,569.97,0.0114896
476.5,1,569.104,0.0115557
476,1,568.238,0.0116271
475.5,1,567.372,0.0117043
475,1,566.506,0.0118124
474.5,1,565.64,0.0119229
474,1,564.774,0.0120723
473.5,1,563.908,0.012159
473,1,563.042,0.012231
472.5,1,562.176,0.0123006
472,1,561.31,0.0123171
471.5,1,560.444,0.0123239
471,1,559.578,0.0123564
470.5,1,558.712,0.0123794
470,1,557.846,0.0123831
469.5,1,556.98,0.0123623
469,1,556.114,0.0123434
468.5,1,555.248,0.0123587
468,1,554.382,0.0123567
467.5,1,553.516,0.0123455
467,1,552.65,0.0123547
466.5,1,551.784,0.0123554
466,1,550.918,0.0123485
465.5,1,550.052,0.0123619
465,1,549.186,0.012371
464.5,1,548.32,0.0123759
464,1,547.454,0.0123918
463.5,1,546.588,0.0124067
463,1,545.722,0.0124177
462.5,1,544.856,0.0124355
462,1,543.99,0.0124566
461.5,1,543.124,0.0124785
461,1,542.258,0.0124932
460.5,1,541.392,0.012502
460,1,540.526,0.0125107
459.5,1,539.66,0.0125197
459,1,538.794,0.0125266
458.5,1,537.928,0.0125315
458,1,537.061,0.0125499
457.5,1,536.195,0.0126076
457,1,535.329,0.012662
456.5,1,534.463,0.012719
456,1,533.597,0.0128196
455.5,1,532.731,0.0129233
455,1,531.865,0.0130206
454.5,1,530.999,0.0131005
454,1,530.133,0.0131835
453.5,1,529.267,0.0132698
453,1,528.401,0.0133746
452.5,1,527.535,0.0134855
452,1,526.669,0.0135968
451.5,1,525.803,0.0137491
451,1,524.937,0.0139203
450.5,1,524.071,0.0140886
450,1,523.205,0.0142622
449.5,1,522.339,0.0144289
449,1,521.473,0.0145893
448.5,1,520.607,0.0147429
448,1,519.741,0.014879
447.5,1,518.875,0.015004
447,1,518.009,0.0151163
446.5,1,517.143,0.0152212
446,1,516.277,0.0153183
445.5,1,515.411,0.0154095
445,1,514.545,0.0155728
444.5,1,513.679,0.0157145
444,1,512.813,0.0158403
443.5,1,511.947,0.0159139
443,1,511.081,0.0159755
442.5,1,510.215,0.0160319
442,1,509.349,0.0162556
441.5,1,508.483,0.0165252
441,1,507.617,0.0168174
440.5,1,506.751,0.0168766
440,1,505.885,0.0167819
439.5,1,505.019,0.0167175
439,1,504.153,0.016853
438.5,1,503.286,0.0171647
438,1,502.42,0.0174079
437.5,1,501.554,0.0175143
437,1,500.688,0.0173178
436.5,1,499.822,0.0171159
436,1,498.956,0.0169982
435.5,1,498.09,0.0175606
435,1,497.224,0.0180264
434.5,1,496.358,0.0183958
434,1,495.492,0.0184414
433.5,1,494.626,0.0185254
433,1,493.76,0.0185763
432.5,1,492.894,0.0194504
432,1,492.028,0.0203698
431.5,1,491.162,0.0210414
431,1,490.296,0.0212446
430.5,1,489.43,0.0211962
430,1,488.564,0.0211268
429.5,1,487.698,0.0207666
429,1,486.832,0.020242
428.5,1,485.966,0.0198271
428,1,485.1,0.0196243
427.5,1,484.234,0.01986
427,1,483.368,0.0200482
426.5,1,482.502,0.0201466
426,1,481.636,0.0201089
425.5,1,480.77,0.020037
425,1,479.904,0.0200027
424.5,1,479.038,0.0204883
424,1,478.172,0.0209228
423.5,1,477.306,0.0212949
423,1,476.44,0.0218399
422.5,1,475.574,0.0224402
422,1,474.708,0.0230768
421.5,1,473.842,0.0234564
421,1,472.976,0.02381
420.5,1,472.11,0.0242644
420,1,471.244,0.024721
419.5,1,470.378,0.0251476
419,1,469.512,0.025626
418.5,1,468.645,0.0261096
418,1,467.779,0.0265194
417.5,1,466.913,0.02691
417,1,466.047,0.0272171
416.5,1,465.181,0.0271888
416,1,464.315,0.0271087
415.5,1,463.449,0.0269928
415,1,462.583,0.0273189
414.5,1,461.717,0.0276306
414,1,460.851,0.0279221
413.5,1,459.985,0.0278855
413,1,459.119,0.0277888
412.5,1,458.253,0.0276763
412,1,457.387,0.0274433
411.5,1,456.521,0.0272938
411,1,455.655,0.0272188
410.5,1,454.789,0.0273843
410,1,453.923,0.0277783
409.5,1,453.057,0.0282396
409,1,452.191,0.0285709
408.5,1,451.325,0.0286314
408,1,450.459,0.0286987
407.5,1,449.593,0.0287545
407,1,448.727,0.0288405
406.5,1,447.861,0.0290306
406,1,446.995,0.0293226
405.5,1,446.129,0.0297474
405,1,445.263,0.0303391
404.5,1,444.397,0.0310976
404,1,443.531,0.0318983
403.5,1,442.665,0.0327939
403,1,441.799,0.0337831
402.5,1,440.933,0.0343439
402,1,440.067,0.0347047
401.5,1,439.201,0.0349947
401,1,438.335,0.0354222
400.5,1,437.469,0.0357908
400,1,436.603,0.0359773
399.5,1,435.737,0.0363303
399,1,434.87,0.0370645
398.5,1,434.004,0.0379803
398,1,433.138,0.0393428
397.5,1,432.272,0.0413728
397,1,431.406,0.0434023
396.5,1,430.54,0.0452805
396,1,429.674,0.0461202
395.5,1,428.808,0.0468316
395,1,427.942,0.0467985
394.5,1,427.076,0.0468719
394,1,426.21,0.0464309
393.5,1,425.344,0.045593
393,1,424.478,0.0445439
392.5,1,423.612,0.0442849
392,1,422.746,0.0435454
391.5,1,421.88,0.0418823
391,1,421.014,0.0399532
390.5,1,420.148,0.0388885
390,1,419.282,0.0391581
389.5,1,418.416,0.0409645
389,1,417.55,0.0425723
388.5,1,416.684,0.0432367
388,1,415.818,0.0446541
387.5,1,414.952,0.0486595
387,1,414.086,0.0487285
386.5,1,413.22,0.0488314
386,1,412.354,0.0494983
385.5,1,411.488,0.050401
385,1,410.622,0.0512964
384.5,1,409.756,0.0522141
384,1,408.89,0.053154
383.5,1,408.024,0.0541162
383,1,407.158,0.054844
382.5,1,406.292,0.0550016
382,1,405.426,0.0551692
381.5,1,404.56,0.055347
381,1,403.694,0.0555349
380.5,1,402.828,0.0557329
380,1,401.962,0.0559271
379.5,1,401.095,0.0565695
379,1,400.229,0.0572031
378.5,1,399.363,0.0578226
378,1,398.497,0.0584282
377.5,1,397.631,0.0590198
377,1,396.765,0.0546134
376.5,1,395.899,0.0543084
376,1,395.033,0.0543135
375.5,1,394.167,0.0550194
375,1,393.301,0.0555203
374.5,1,392.435,0.0557747
374,1,391.569,0.0546085
373.5,1,390.703,0.0533228
373,1,389.837,0.0524351
372.5,1,388.971,0.0523001
372,1,388.105,0.0514918
371.5,1,387.239,0.0511929
371,1,386.373,0.0515369
370.5,1,385.507,0.0516559
370,1,384.641,0.0523017
369.5,1,383.775,0.0529264
369,1,382.909,0.0533106
368.5,1,382.043,0.0541162
368,1,381.177,0.0527675
367.5,1,380.311,0.0513464
367,1,379.445,0.0495856
366.5,1,378.579,0.0491325
366,1,377.713,0.04942
365.5,1,376.847,0.0522422
365,1,375.981,0.0544226
364.5,1,375.115,0.0552457
364,1,374.249,0.0531402
363.5,1,373.383,0.0519681
363,1,372.517,0.0521542
362.5,1,371.651,0.052973
362,1,370.785,0.0544747
361.5,1,369.919,0.0559062
361,1,369.053,0.0527424
360.5,1,368.187,0.0501833
360,1,367.321,0.0494264
359.5,1,366.454,0.0503877
359,1,365.588,0.0521412
358.5,1,364.722,0.0612187
358,1,363.856,0.0716784
357.5,1,362.99,0.0824531
357,1,362.124,0.084947
356.5,1,361.258,0.0769529
356,1,360.392,0.0639641
355.5,1,359.526,0.0616115
355,1,358.66,0.0596566
354.5,1,357.794,0.0477713
354,1,356.928,0.0429192
353.5,1,356.062,0.0407906
353,1,355.196,0.0432531
352.5,1,354.33,0.0429385
352,1,353.464,0.0413142
351.5,1,352.598,0.0396467
351,1,351.732,0.0353984
350.5,1,350.866,0.0300693
350,1,350,0.0346824
349.5,1,349.134,0.0431541
349,1,348.268,0.0467597
348.5,1,347.402,0.0475518
348,1,346.536,0.048798
347.5,1,345.67,0.0463635
347,1,344.804,0.0416693
346.5,1,343.938,0.0402654
346,1,343.072,0.0391156
345.5,1,342.206,0.0381784
345,1,341.34,0.0361229
344.5,1,340.474,0.0341888
344,1,339.608,0.0321806
343.5,1,338.742,0.0294239
343,1,337.876,0.0276316
342.5,1,337.01,0.029366
342,1,336.144,0.0482496
341.5,1,335.278,0.062539
341,1,334.412,0.0697195
340.5,1,333.546,0.0746339
340,1,332.679,0.0771434
339.5,1,331.813,0.0801427
339,1,330.947,0.0811548
338.5,1,330.081,0.0815977
338,1,329.215,0.0850149
337.5,1,328.349,0.0904986
337,1,327.483,0.0947208
336.5,1,326.617,0.0968259
336,1,325.751,0.0984343
335.5,1,324.885,0.0992905
335,1,324.019,0.099642
334.5,1,323.153,0.100139
334,1,322.287,0.100698
333.5,1,321.421,0.10079
333,1,320.555,0.101486
332.5,1,319.689,0.102206
332,1,318.823,0.102828
331.5,1,317.957,0.104047
331,1,317.091,0.105372
330.5,1,316.225,0.106514
330,1,315.359,0.107852
329.5,1,314.493,0.109156
329,1,313.627,0.110308
328.5,1,312.761,0.111131
328,1,311.895,0.111809
327.5,1,311.029,0.112308
327,1,310.163,0.112789
326.5,1,309.297,0.11398
326,1,308.431,0.115198
325.5,1,307.565,0.116188
325,1,306.699,0.116931
324.5,1,305.833,0.117672
324,1,304.967,0.118437
323.5,1,304.101,0.117151
323,1,303.235,0.113609
322.5,1,302.369,0.105153
322,1,301.503,0.0928464
321.5,1,300.637,0.0884668
321,1,299.771,0.0840147
320.5,1,298.905,0.0812397
320,1,298.038,0.0824503
319.5,1,297.172,0.083871
319,1,296.306,0.083433
318.5,1,295.44,0.0810225
318,1,294.574,0.0786338
317.5,1,293.708,0.0781645
317,1,292.842,0.0797371
316.5,1,291.976,0.0824566
316,1,291.11,0.0817301
315.5,1,290.244,0.0798934
315,1,289.378,0.0763606
314.5,1,288.512,0.0706322
314,1,287.646,0.0642402
313.5,1,286.78,0.0576192
313,1,285.914,0.0530097
312.5,1,285.048,0.0485334
312,1,284.182,0.0446553
311.5,1,283.316,0.0411921
311,1,282.45,0.0365395
310.5,1,281.584,0.0310721
310,1,280.718,0.0263402
309.5,1,279.852,0.0231809
309,1,278.986,0.0209167
308.5,1,278.12,0.018564
308,1,277.254,0.016664
307.5,1,276.388,0.0156814
307,1,275.522,0.0144404
306.5,1,274.656,0.012962
306,1,273.79,0.0126174
305.5,1,272.924,0.0121982
305,1,272.058,0.0117114
304.5,1,271.192,0.0116833
304,1,270.326,0.0116634
303.5,1,269.46,0.011648
303,1,268.594,0.0116758
302.5,1,267.728,0.0117323
302,1,266.862,0.0118066
301.5,1,265.996,0.0118213
301,1,265.13,0.0118213
300.5,1,264.263,0.0118327
300,1,263.397,0.0118481
299.5,1,262.531,0.011862
299,1,261.665,0.0118687
298.5,1,260.799,0.0118918
298,1,259.933,0.0119353
297.5,1,259.067,0.0119848
297,1,258.201,0.0120453
296.5,1,257.335,0.0121263
296,1,256.469,0.012212
295.5,1,255.603,0.0123046
295,1,254.737,0.0124113
294.5,1,253.871,0.0125205
294,1,253.005,0.0126323
293.5,1,252.139,0.0127599
293,1,251.273,0.0128888
292.5,1,250.407,0.0130172
292,1,249.541,0.0131551
291.5,1,248.675,0.0132965
291,1,247.809,0.0134368
290.5,1,246.943,0.0135963
290,1,246.077,0.0137717
289.5,1,245.211,0.0139489
289,1,244.345,0.0141196
288.5,1,243.479,0.0142786
288,1,242.613,0.0144272
287.5,1,241.747,0.0145582
287,1,240.881,0.0146492
286.5,1,240.015,0.0147375
286,1,239.149,0.01482
285.5,1,238.283,0.0148776
285,1,237.417,0.0149331
284.5,1,236.551,0.0149881
284,1,235.685,0.0151014
283.5,1,234.819,0.0152165
283,1,233.953,0.0153311
282.5,1,233.087,0.0153613
282,1,232.221,0.0153649
281.5,1,231.355,0.0153575
281,1,230.488,0.0153509
280.5,1,229.622,0.015345
280,1,228.756,0.0153341
279.5,1,227.89,0.0152792
279,1,227.024,0.0151805
278.5,1,226.158,0.0150783
278,1,225.292,0.0149814
277.5,1,224.426,0.014901
277,1,223.56,0.014822
276.5,1,222.694,0.0147388
276,1,221.828,0.0146261
275.5,1,220.962,0.0145174
275,1,220.096,0.0144137
274.5,1,219.23,0.0143551
274,1,218.364,0.0142994
273.5,1,217.498,0.0142451
273,1,216.632,0.0141877
272.5,1,215.766,0.0141307
272,1,214.9,0.0140763
271.5,1,214.034,0.01406
271,1,213.168,0.0140533
270.5,1,212.302,0.0140436
270,1,211.436,0.0140072
269.5,1,210.57,0.0139459
269,1,209.704,0.013886
268.5,1,208.838,0.0138323
268,1,207.972,0.0137838
267.5,1,207.106,0.0137266
267,1,206.24,0.0136596
266.5,1,205.374,0.0135889
266,1,204.508,0.0135292
265.5,1,203.642,0.0134709
265,1,202.776,0.0134372
264.5,1,201.91,0.0134025
264,1,201.044,0.0133669
263.5,1,200.178,0.0133299
263,1,199.312,0.0132984
262.5,1,198.446,0.0132697
262,1,197.58,0.0132389
261.5,1,196.714,0.0132079
261,1,195.847,0.0131812
260.5,1,194.981,0.0132009
260,1,194.115,0.0132478
259.5,1,193.249,0.0132988
259,1,192.383,0.0133373
258.5,1,191.517,0.0133568
258,1,190.651,0.0133686
257.5,1,189.785,0.0133865
257,1,188.919,0.0134288
256.5,1,188.053,0.0134712
256,1,187.187,0.0135034
255.5,1,186.321,0.0134687
255,1,185.455,0.0134308
254.5,1,184.589,0.0133934
254,1,183.723,0.0134115
253.5,1,182.857,0.013431
253,1,181.991,0.0134506
252.5,1,181.125,0.0134639
252,1,180.259,0.0134812
251.5,1,179.393,0.0135041
251,1,178.527,0.013538
250.5,1,177.661,0.0135783
250,1,176.795,0.0136209
249.5,1,175.929,0.0136782
249,1,175.063,0.01375
248.5,1,174.197,0.013823
248,1,173.331,0.0138837
247.5,1,172.465,0.0139164
247,1,171.599,0.0139396
246.5,1,170.733,0.0139619
246,1,169.867,0.0140108
245.5,1,169.001,0.0140663
245,1,168.135,0.014127
244.5,1,167.269,0.0141535
244,1,166.403,0.0141742
243.5,1,165.537,0.0141895
243,1,164.671,0.0142089
242.5,1,163.805,0.0142333
242,1,162.939,0.0142621
241.5,1,162.072,0.0142594
241,1,161.206,0.01424
240.5,1,160.34,0.0142155
240,1,159.474,0.0142242
239.5,1,158.608,0.0142661
239,1,157.742,0.0143123
238.5,1,156.876,0.0143297
238,1,156.01,0.0142981
237.5,1,155.144,0.0142618
237,1,154.278,0.0142259
236.5,1,153.412,0.0142051
236,1,152.546,0.0141885
235.5,1,151.68,0.0141738
235,1,150.814,0.0141498
234.5,1,149.948,0.0141186
234,1,149.082,0.01408
233.5,1,148.216,0.01406
233,1,147.35,0.0140487
232.5,1,146.484,0.0140435
232,1,145.618,0.0140311
231.5,1,144.752,0.0140096
231,1,143.886,0.0139819
230.5,1,143.02,0.0139396
230,1,142.154,0.0138967
229.5,1,141.288,0.0138616
229,1,140.422,0.0138487
228.5,1,139.556,0.0138498
228,1,138.69,0.0138469
227.5,1,137.824,0.0138454
227,1,136.958,0.0138639
226.5,1,136.092,0.0138987
226,1,135.226,0.0139443
225.5,1,134.36,0.0139564
225,1,133.494,0.0139549
224.5,1,132.628,0.0139389
224,1,131.762,0.0140065
223.5,1,130.896,0.0140875
223,1,130.03,0.0141811
222.5,1,129.164,0.0141699
222,1,128.297,0.0141243
221.5,1,127.431,0.0140668
221,1,126.565,0.0140605
220.5,1,125.699,0.0140955
220,1,124.833,0.0141452
219.5,1,123.967,0.0141584
219,1,123.101,0.0141172
218.5,1,122.235,0.0140611
218,1,121.369,0.0140231
217.5,1,120.503,0.0140484
217,1,119.637,0.0140867
216.5,1,118.771,0.0141225
216,1,117.905,0.0141036
215.5,1,117.039,0.01407
215,1,116.173,0.0140217
214.5,1,115.307,0.0139731
214,1,114.441,0.0139368
213.5,1,113.575,0.0139092
213,1,112.709,0.0139785
212.5,1,111.843,0.0140481
212,1,110.977,0.0141055
211.5,1,110.111,0.0140586
211,1,109.245,0.0139868
210.5,1,108.379,0.0139274
210,1,107.513,0.0139519
209.5,1,106.647,0.0140219
209,1,105.781,0.0140782
208.5,1,104.915,0.014063
208,1,104.049,0.0139722
207.5,1,103.183,0.0138958
207,1,102.317,0.0138726
206.5,1,101.451,0.0139572
206,1,100.585,0.014025
205.5,1,99.7187,0.0140591
205,1,98.8526,0.0139176
204.5,1,97.9866,0.0137875
204,1,97.1206,0.0136688
203.5,1,96.2546,0.0137664
203,1,95.3885,0.0138684
202.5,1,94.5225,0.0139619
202,1,93.6565,0.0138711
201.5,1,92.7905,0.0137389
201,1,91.9244,0.0136152
200.5,1,91.0584,0.0136726
200,1,90.1924,0.0138298
