x,y,z,b
500,1,609.808,0.0127616
499.5,1,608.942,0.012762
499,1,608.076,0.0127623
498.5,1,607.21,0.0127625
498,1,606.344,0.0127627
497.5,1,605.477,0.0127629
497,1,604.611,0.012763
496.5,1,603.745,0.0127631
496,1,602.879,0.0127633
495.5,1,602.013,0.0127635
495,1,601.147,0.0127637
494.5,1,600.281,0.0127639
494,1,599.415,0.0127639
493.5,1,598.549,0.0127638
493,1,597.683,0.0127636
492.5,1,596.817,0.0127634
492,1,595.951,0.0127631
491.5,1,595.085,0.0127628
491,1,594.219,0.0127626
490.5,1,593.353,0.0127623
490,1,592.487,0.012762
489.5,1,591.621,0.0127617
489,1,590.755,0.0127614
488.5,1,589.889,0.0127612
488,1,589.023,0.0127609
487.5,1,588.157,0.0127604
487,1,587.291,0.0127599
486.5,1,586.425,0.0127595
486,1,585.559,0.012759
485.5,1,584.693,0.0127586
485,1,583.827,0.012758
484.5,1,582.961,0.0127575
484,1,582.095,0.012757
483.5,1,581.229,0.0127565
483,1,580.363,0.0127562
482.5,1,579.497,0.0127559
482,1,578.631,0.0127555
481.5,1,577.765,0.0127548
481,1,576.899,0.0127539
480.5,1,576.033,0.012753
480,1,575.167,0.0127521
479.5,1,574.301,0.012751
479,1,573.435,0.0127499
478.5,1,572.569,0.0127487
478,1,571.703,0.0127476
477.5,1,570.836,0.0127464
477,1,569.97,0.0127453
476.5,1,569.104,0.012744
476,1,568.238,0.0127428
475.5,1,567.372,0.0127416
475,1,566.506,0.0127405
474.5,1,565.64,0.0127395
474,1,564.774,0.0127386
473.5,1,563.908,0.0127377
473,1,563.042,0.0127368
472.5,1,562.176,0.0127359
472,1,561.31,0.0127351
471.5,1,560.444,0.0127345
471,1,559.578,0.0127341
470.5,1,558.712,0.0127339
470,1,557.846,0.0127338
469.5,1,556.98,0.0127337
469,1,556.114,0.0127334
468.5,1,555.248,0.0127333
468,1,554.382,0.0127332
467.5,1,553.516,0.012733
467,1,552.65,0.0127326
466.5,1,551.784,0.0127321
466,1,550.918,0.0127318
465.5,1,550.052,0.0127321
465,1,549.186,0.0127323
464.5,1,548.32,0.0127326
464,1,547.454,0.0127329
463.5,1,546.588,0.0127332
463,1,545.722,0.0127334
462.5,1,544.856,0.0127335
462,1,543.99,0.0127337
461.5,1,543.124,0.0127338
461,1,542.258,0.0127337
460.5,1,541.392,0.0127334
460,1,540.526,0.0127331
459.5,1,539.66,0.0127331
459,1,538.794,0.0127336
458.5,1,537.928,0.0127341
458,1,537.061,0.012735
457.5,1,536.195,0.0127369
457,1,535.329,0.0127387
456.5,1,534.463,0.0127404
456,1,533.597,0.0127403
455.5,1,532.731,0.0127402
455,1,531.865,0.0127399
454.5,1,530.999,0.0127385
454,1,530.133,0.012737
453.5,1,529.267,0.0127355
453,1,528.401,0.012735
452.5,1,527.535,0.0127346
452,1,526.669,0.012734
451.5,1,525.803,0.0127337
451,1,524.937,0.0127336
450.5,1,524.071,0.0127334
450,1,523.205,0.0127328
449.5,1,522.339,0.0127314
449,1,521.473,0.0127298
448.5,1,520.607,0.0127279
448,1,519.741,0.0127255
447.5,1,518.875,0.0127231
447,1,518.009,0.0127209
446.5,1,517.143,0.0127196
446,1,516.277,0.0127182
445.5,1,515.411,0.0127169
445,1,514.545,0.012718
444.5,1,513.679,0.0127191
444,1,512.813,0.0127201
443.5,1,511.947,0.0127177
443,1,511.081,0.0127148
442.5,1,510.215,0.0127118
442,1,509.349,0.0127081
441.5,1,508.483,0.0127041
441,1,507.617,0.0127003
440.5,1,506.751,0.0126977
440,1,505.885,0.012696
439.5,1,505.019,0.0126943
439,1,504.153,0.0126933
438.5,1,503.286,0.0126932
438,1,502.42,0.0126931
437.5,1,501.554,0.0126922
437,1,500.688,0.0126896
436.5,1,499.822,0.0126871
436,1,498.956,0.0126847
435.5,1,498.09,0.0126812
435,1,497.224,0.0126777
434.5,1,496.358,0.0126741
434,1,495.492,0.012672
433.5,1,494.626,0.0126701
433,1,493.76,0.0126684
432.5,1,492.894,0.0126676
432,1,492.028,0.0126671
431.5,1,491.162,0.0126668
431,1,490.296,0.0126654
430.5,1,489.43,0.0126637
430,1,488.564,0.0126627
429.5,1,487.698,0.01266
429,1,486.832,0.0126555
428.5,1,485.966,0.012651
428,1,485.1,0.0126478
427.5,1,484.234,0.0126472
427,1,483.368,0.0126467
426.5,1,482.502,0.0126468
426,1,481.636,0.0126488
425.5,1,480.77,0.0126512
425,1,479.904,0.0126538
424.5,1,479.038,0.0126506
424,1,478.172,0.0126472
423.5,1,477.306,0.012644
423,1,476.44,0.0126395
422.5,1,475.574,0.0126348
422,1,474.708,0.0126293
421.5,1,473.842,0.0126269
421,1,472.976,0.0126261
420.5,1,472.11,0.0126253
420,1,471.244,0.0126258
419.5,1,470.378,0.0126269
419,1,469.512,0.0126277
418.5,1,468.645,0.0126245
418,1,467.779,0.0126138
417.5,1,466.913,0.0126029
417,1,466.047,0.0125917
416.5,1,465.181,0.0125791
416,1,464.315,0.0125665
415.5,1,463.449,0.0125539
415,1,462.583,0.012546
414.5,1,461.717,0.0125381
414,1,460.851,0.01253
413.5,1,459.985,0.012522
413,1,459.119,0.0125145
412.5,1,458.253,0.0125073
412,1,457.387,0.0124949
411.5,1,456.521,0.0124803
411,1,455.655,0.0124659
410.5,1,454.789,0.0124521
410,1,453.923,0.0124385
409.5,1,453.057,0.0124245
409,1,452.191,0.0124108
408.5,1,451.325,0.0123982
408,1,450.459,0.0123853
407.5,1,449.593,0.0123723
407,1,448.727,0.0123603
406.5,1,447.861,0.012348
406,1,446.995,0.0123369
405.5,1,446.129,0.0123392
405,1,445.263,0.0123417
404.5,1,444.397,0.0123443
404,1,443.531,0.0123555
403.5,1,442.665,0.0123665
403,1,441.799,0.0123738
402.5,1,440.933,0.0123793
402,1,440.067,0.0123803
401.5,1,439.201,0.0123756
401,1,438.335,0.0123727
400.5,1,437.469,0.0123727
400,1,436.603,0.0123712
399.5,1,435.737,0.0123772
399,1,434.87,0.0123928
398.5,1,434.004,0.0124077
398,1,433.138,0.0124223
397.5,1,432.272,0.0124392
397,1,431.406,0.0124762
396.5,1,430.54,0.0126066
396,1,429.674,0.0133435
395.5,1,428.808,0.014368
395,1,427.942,0.0160972
394.5,1,427.076,0.0217953
394,1,426.21,0.0236613
393.5,1,425.344,0.0293449
393,1,424.478,0.0376304
392.5,1,423.612,0.0442079
392,1,422.746,0.0490418
391.5,1,421.88,0.0519299
391,1,421.014,0.0527726
390.5,1,420.148,0.0525481
390,1,419.282,0.0522857
389.5,1,418.416,0.0537567
389,1,417.55,0.0570648
388.5,1,416.684,0.0633739
388,1,415.818,0.0684851
387.5,1,414.952,0.0728086
387,1,414.086,0.0745298
386.5,1,413.22,0.0759804
386,1,412.354,0.077236
385.5,1,411.488,0.0760363
385,1,410.622,0.0762226
384.5,1,409.756,0.0743217
384,1,408.89,0.0730848
383.5,1,408.024,0.0713863
383,1,407.158,0.0699574
382.5,1,406.292,0.0683887
382,1,405.426,0.0651306
381.5,1,404.56,0.0622503
381,1,403.694,0.0587019
380.5,1,402.828,0.0561642
380,1,401.962,0.0574386
379.5,1,401.095,0.0494546
379,1,400.229,0.0513793
378.5,1,399.363,0.0617449
378,1,398.497,0.0793207
377.5,1,397.631,0.0894043
377,1,396.765,0.0949032
376.5,1,395.899,0.0944136
376,1,395.033,0.0904892
375.5,1,394.167,0.0860555
375,1,393.301,0.0833935
374.5,1,392.435,0.0824615
374,1,391.569,0.0820087
373.5,1,390.703,0.0793387
373,1,389.837,0.0766324
372.5,1,388.971,0.0724005
372,1,388.105,0.068984
371.5,1,387.239,0.0660743
371,1,386.373,0.0640193
370.5,1,385.507,0.062967
370,1,384.641,0.0625138
369.5,1,383.775,0.0624144
369,1,382.909,0.0613115
368.5,1,382.043,0.0616777
368,1,381.177,0.0577233
367.5,1,380.311,0.0554355
367,1,379.445,0.0548823
366.5,1,378.579,0.0502226
366,1,377.713,0.0455943
365.5,1,376.847,0.0365519
365,1,375.981,0.0286067
364.5,1,375.115,0.0205559
364,1,374.249,0.0170134
363.5,1,373.383,0.0156911
363,1,372.517,0.0152226
362.5,1,371.651,0.0151311
362,1,370.785,0.0151413
361.5,1,369.919,0.0153009
361,1,369.053,0.0160484
360.5,1,368.187,0.0164606
360,1,367.321,0.016452
359.5,1,366.454,0.0159207
359,1,365.588,0.0155512
358.5,1,364.722,0.0155359
358,1,363.856,0.0155
357.5,1,362.99,0.0155708
357,1,362.124,0.0148888
356.5,1,361.258,0.0132818
356,1,360.392,0.011038
355.5,1,359.526,0.0091393
355,1,358.66,0.00745695
354.5,1,357.794,0.00557065
354,1,356.928,0.00247052
353.5,1,356.062,0.0034996
353,1,355.196,0.00372559
352.5,1,354.33,0.00291177
352,1,353.464,0.00147866
351.5,1,352.598,-0.000768244
351,1,351.732,-0.00116549
350.5,1,350.866,0.000819367
350,1,350,0.0034297
349.5,1,349.134,0.00548756
349,1,348.268,0.00721662
348.5,1,347.402,0.00871623
348,1,346.536,0.00978392
347.5,1,345.67,0.0105894
347,1,344.804,0.0112101
346.5,1,343.938,0.0117665
346,1,343.072,0.0122412
345.5,1,342.206,0.0124623
345,1,341.34,0.0126388
344.5,1,340.474,0.0127869
344,1,339.608,0.0129141
343.5,1,338.742,0.013008
343,1,337.876,0.0130711
342.5,1,337.01,0.0130971
342,1,336.144,0.0131127
341.5,1,335.278,0.0131238
341,1,334.412,0.0131819
340.5,1,333.546,0.0132463
340,1,332.679,0.0133009
339.5,1,331.813,0.0133469
339,1,330.947,0.0133895
338.5,1,330.081,0.0134239
338,1,329.215,0.0134573
337.5,1,328.349,0.0135022
337,1,327.483,0.0135431
336.5,1,326.617,0.0135718
336,1,325.751,0.0135747
335.5,1,324.885,0.0135709
335,1,324.019,0.0135601
334.5,1,323.153,0.0135157
334,1,322.287,0.0134708
333.5,1,321.421,0.013426
333,1,320.555,0.0133814
332.5,1,319.689,0.0133388
332,1,318.823,0.0132972
331.5,1,317.957,0.0132521
331,1,317.091,0.0132076
330.5,1,316.225,0.013166
330,1,315.359,0.0131312
329.5,1,314.493,0.0131038
329,1,313.627,0.0130827
328.5,1,312.761,0.013062
328,1,311.895,0.0130379
327.5,1,311.029,0.0130146
327,1,310.163,0.0129947
326.5,1,309.297,0.0129837
326,1,308.431,0.0129722
325.5,1,307.565,0.0129602
325,1,306.699,0.0129522
324.5,1,305.833,0.0129436
324,1,304.967,0.0129347
323.5,1,304.101,0.0129213
323,1,303.235,0.0129076
322.5,1,302.369,0.0128943
322,1,301.503,0.0128832
321.5,1,300.637,0.0128745
321,1,299.771,0.0128692
320.5,1,298.905,0.0128685
320,1,298.038,0.0128698
319.5,1,297.172,0.0128708
319,1,296.306,0.0128735
318.5,1,295.44,0.0128792
318,1,294.574,0.0128849
317.5,1,293.708,0.0128889
317,1,292.842,0.0128888
316.5,1,291.976,0.0128882
316,1,291.11,0.0128869
315.5,1,290.244,0.0128859
315,1,289.378,0.0128852
314.5,1,288.512,0.0128844
314,1,287.646,0.0128889
313.5,1,286.78,0.0128938
313,1,285.914,0.0128991
312.5,1,285.048,0.0129039
312,1,284.182,0.0129085
311.5,1,283.316,0.0129134
311,1,282.45,0.0129193
310.5,1,281.584,0.0129258
310,1,280.718,0.0129322
309.5,1,279.852,0.0129357
309,1,278.986,0.0129359
308.5,1,278.12,0.0129357
308,1,277.254,0.0129371
307.5,1,276.388,0.0129417
307,1,275.522,0.012946
306.5,1,274.656,0.0129512
306,1,273.79,0.0129619
305.5,1,272.924,0.012972
305,1,272.058,0.0129814
304.5,1,271.192,0.0129839
304,1,270.326,0.0129859
303.5,1,269.46,0.0129877
303,1,268.594,0.0129876
302.5,1,267.728,0.0129872
302,1,266.862,0.0129866
301.5,1,265.996,0.012985
301,1,265.13,0.0129825
300.5,1,264.263,0.0129795
300,1,263.397,0.0129769
299.5,1,262.531,0.0129743
299,1,261.665,0.0129711
298.5,1,260.799,0.0129659
298,1,259.933,0.0129583
297.5,1,259.067,0.0129503
297,1,258.201,0.0129412
296.5,1,257.335,0.01293
296,1,256.469,0.0129192
295.5,1,255.603,0.0129083
295,1,254.737,0.0128959
294.5,1,253.871,0.0128838
294,1,253.005,0.0128721
293.5,1,252.139,0.0128566
293,1,251.273,0.0128411
292.5,1,250.407,0.0128262
292,1,249.541,0.0128148
291.5,1,248.675,0.0128046
291,1,247.809,0.0127942
290.5,1,246.943,0.0127847
290,1,246.077,0.0127762
289.5,1,245.211,0.0127677
289,1,244.345,0.0127609
288.5,1,243.479,0.012756
288,1,242.613,0.01275
287.5,1,241.747,0.0127446
287,1,240.881,0.0127404
286.5,1,240.015,0.0127358
286,1,239.149,0.0127311
285.5,1,238.283,0.0127289
285,1,237.417,0.0127262
284.5,1,236.551,0.0127233
284,1,235.685,0.0127214
283.5,1,234.819,0.0127193
283,1,233.953,0.0127169
282.5,1,233.087,0.0127159
282,1,232.221,0.0127149
281.5,1,231.355,0.0127137
281,1,230.488,0.0127131
280.5,1,229.622,0.0127127
280,1,228.756,0.0127124
279.5,1,227.89,0.012713
279,1,227.024,0.012714
278.5,1,226.158,0.0127146
278,1,225.292,0.0127161
277.5,1,224.426,0.0127196
277,1,223.56,0.012724
276.5,1,222.694,0.0127284
276,1,221.828,0.0127338
275.5,1,220.962,0.012739
275,1,220.096,0.0127441
274.5,1,219.23,0.0127532
274,1,218.364,0.0127621
273.5,1,217.498,0.0127708
273,1,216.632,0.0127768
272.5,1,215.766,0.0127821
272,1,214.9,0.0127871
271.5,1,214.034,0.0127923
271,1,213.168,0.0127976
270.5,1,212.302,0.0128025
270,1,211.436,0.0128057
269.5,1,210.57,0.0128076
269,1,209.704,0.0128091
268.5,1,208.838,0.012811
268,1,207.972,0.0128136
267.5,1,207.106,0.0128159
267,1,206.24,0.0128173
266.5,1,205.374,0.0128167
266,1,204.508,0.0128155
265.5,1,203.642,0.0128141
265,1,202.776,0.0128125
264.5,1,201.91,0.0128107
264,1,201.044,0.0128089
263.5,1,200.178,0.0128067
263,1,199.312,0.0128045
262.5,1,198.446,0.0128022
262,1,197.58,0.0127997
261.5,1,196.714,0.0127972
261,1,195.847,0.0127949
260.5,1,194.981,0.0127925
260,1,194.115,0.0127901
259.5,1,193.249,0.0127878
259,1,192.383,0.0127852
258.5,1,191.517,0.0127822
258,1,190.651,0.0127795
257.5,1,189.785,0.012777
257,1,188.919,0.0127747
256.5,1,188.053,0.0127726
256,1,187.187,0.0127704
255.5,1,186.321,0.0127679
255,1,185.455,0.0127657
254.5,1,184.589,0.0127637
254,1,183.723,0.0127622
253.5,1,182.857,0.0127607
253,1,181.991,0.0127593
252.5,1,181.125,0.0127576
252,1,180.259,0.0127561
251.5,1,179.393,0.0127547
251,1,178.527,0.0127539
250.5,1,177.661,0.0127534
250,1,176.795,0.0127532
249.5,1,175.929,0.012753
249,1,175.063,0.0127527
248.5,1,174.197,0.0127526
248,1,173.331,0.0127531
247.5,1,172.465,0.0127541
247,1,171.599,0.0127553
246.5,1,170.733,0.0127565
246,1,169.867,0.0127575
245.5,1,169.001,0.0127585
245,1,168.135,0.0127595
244.5,1,167.269,0.0127606
244,1,166.403,0.0127619
243.5,1,165.537,0.0127633
243,1,164.671,0.0127656
242.5,1,163.805,0.0127682
242,1,162.939,0.012771
241.5,1,162.072,0.0127731
241,1,161.206,0.012775
240.5,1,160.34,0.012777
240,1,159.474,0.0127788
239.5,1,158.608,0.0127806
239,1,157.742,0.0127824
238.5,1,156.876,0.012784
238,1,156.01,0.0127852
237.5,1,155.144,0.0127865
237,1,154.278,0.0127878
236.5,1,153.412,0.0127889
236,1,152.546,0.0127898
235.5,1,151.68,0.0127907
235,1,150.814,0.0127911
234.5,1,149.948,0.0127916
234,1,149.082,0.0127921
233.5,1,148.216,0.0127921
233,1,147.35,0.0127921
232.5,1,146.484,0.0127921
232,1,145.618,0.0127919
231.5,1,144.752,0.0127916
231,1,143.886,0.0127914
230.5,1,143.02,0.0127906
230,1,142.154,0.0127896
229.5,1,141.288,0.0127885
229,1,140.422,0.0127876
228.5,1,139.556,0.0127869
228,1,138.69,0.0127858
227.5,1,137.824,0.0127843
227,1,136.958,0.0127825
226.5,1,136.092,0.0127808
226,1,135.226,0.0127791
225.5,1,134.36,0.0127774
225,1,133.494,0.0127758
224.5,1,132.628,0.0127742
224,1,131.762,0.0127723
223.5,1,130.896,0.0127704
223,1,130.03,0.0127687
222.5,1,129.164,0.0127674
222,1,128.297,0.0127661
221.5,1,127.431,0.012765
221,1,126.565,0.0127639
220.5,1,125.699,0.012763
220,1,124.833,0.0127621
219.5,1,123.967,0.0127615
219,1,123.101,0.0127612
218.5,1,122.235,0.0127609
218,1,121.369,0.0127606
217.5,1,120.503,0.0127604
217,1,119.637,0.0127603
216.5,1,118.771,0.0127602
216,1,117.905,0.0127602
215.5,1,117.039,0.0127602
215,1,116.173,0.0127602
214.5,1,115.307,0.0127602
214,1,114.441,0.0127602
213.5,1,113.575,0.0127603
213,1,112.709,0.0127604
212.5,1,111.843,0.0127605
212,1,110.977,0.0127606
211.5,1,110.111,0.0127609
211,1,109.245,0.0127612
210.5,1,108.379,0.0127615
210,1,107.513,0.0127617
209.5,1,106.647,0.0127618
209,1,105.781,0.012762
208.5,1,104.915,0.0127621
208,1,104.049,0.0127623
207.5,1,103.183,0.0127625
207,1,102.317,0.0127626
206.5,1,101.451,0.0127627
206,1,100.585,0.0127628
205.5,1,99.7187,0.0127628
205,1,98.8526,0.0127628
204.5,1,97.9866,0.0127628
204,1,97.1206,0.0127628
203.5,1,96.2546,0.0127627
203,1,95.3885,0.0127625
202.5,1,94.5225,0.0127624
202,1,93.6565,0.0127624
201.5,1,92.7905,0.0127623
201,1,91.9244,0.0127623
200.5,1,91.0584,0.012762
200,1,90.1924,0.0127616
