x,y,z,b
500,1,609.808,0.0114922
499.5,1,608.942,0.0114663
499,1,608.076,0.0114437
498.5,1,607.21,0.0114355
498,1,606.344,0.0114268
497.5,1,605.477,0.01142
497,1,604.611,0.0114231
496.5,1,603.745,0.0114284
496,1,602.879,0.0114381
495.5,1,602.013,0.0114349
495,1,601.147,0.0114279
494.5,1,600.281,0.0114173
494,1,599.415,0.0114072
493.5,1,598.549,0.0113939
493,1,597.683,0.0113795
492.5,1,596.817,0.0113396
492,1,595.951,0.0112904
491.5,1,595.085,0.0112405
491,1,594.219,0.0111985
490.5,1,593.353,0.0111633
490,1,592.487,0.0111284
489.5,1,591.621,0.0110973
489,1,590.755,0.0110712
488.5,1,589.889,0.011045
488,1,589.023,0.0110328
487.5,1,588.157,0.0110532
487,1,587.291,0.0110674
486.5,1,586.425,0.0110822
486,1,585.559,0.0111416
485.5,1,584.693,0.011188
485,1,583.827,0.0112269
484.5,1,582.961,0.0113963
484,1,582.095,0.0115542
483.5,1,581.229,0.0116941
483,1,580.363,0.011794
482.5,1,579.497,0.0118645
482,1,578.631,0.0119263
481.5,1,577.765,0.0120069
481,1,576.899,0.0120944
480.5,1,576.033,0.0121696
480,1,575.167,0.0122484
479.5,1,574.301,0.0123577
479,1,573.435,0.0124696
478.5,1,572.569,0.0125651
478,1,571.703,0.0126292
477.5,1,570.836,0.0126866
477,1,569.97,0.012753
476.5,1,569.104,0.0128708
476,1,568.238,0.0129827
475.5,1,567.372,0.0130875
475,1,566.506,0.0130925
474.5,1,565.64,0.0131005
474,1,564.774,0.0131153
473.5,1,563.908,0.0131235
473,1,563.042,0.0131357
472.5,1,562.176,0.0131533
472,1,561.31,0.0130935
471.5,1,560.444,0.0130095
471,1,559.578,0.0129384
470.5,1,558.712,0.0128965
470,1,557.846,0.0128683
469.5,1,556.98,0.0128374
469,1,556.114,0.0128206
468.5,1,555.248,0.0128329
468,1,554.382,0.0128486
467.5,1,553.516,0.0128641
467,1,552.65,0.0128655
466.5,1,551.784,0.0128612
466,1,550.918,0.0128554
465.5,1,550.052,0.012898
465,1,549.186,0.0129561
464.5,1,548.32,0.0130295
464,1,547.454,0.0130224
463.5,1,546.588,0.0130008
463,1,545.722,0.0129719
462.5,1,544.856,0.0130326
462,1,543.99,0.0131276
461.5,1,543.124,0.0132263
461,1,542.258,0.0132413
460.5,1,541.392,0.0131779
460,1,540.526,0.013097
459.5,1,539.66,0.0131392
459,1,538.794,0.0133632
458.5,1,537.928,0.0135941
458,1,537.061,0.0137662
457.5,1,536.195,0.013758
457,1,535.329,0.0137311
456.5,1,534.463,0.0137058
456,1,533.597,0.0138217
455.5,1,532.731,0.0139461
455,1,531.865,0.014083
454.5,1,530.999,0.0141019
454,1,530.133,0.0141083
453.5,1,529.267,0.0141066
453,1,528.401,0.0141423
452.5,1,527.535,0.0141935
452,1,526.669,0.0142533
451.5,1,525.803,0.0142555
451,1,524.937,0.014232
450.5,1,524.071,0.0142155
450,1,523.205,0.0142147
449.5,1,522.339,0.014232
449,1,521.473,0.0142584
448.5,1,520.607,0.0142763
448,1,519.741,0.0142659
447.5,1,518.875,0.0142572
447,1,518.009,0.01426
446.5,1,517.143,0.0143103
446,1,516.277,0.0143634
445.5,1,515.411,0.0144213
445,1,514.545,0.0145639
444.5,1,513.679,0.0147027
444,1,512.813,0.0148385
443.5,1,511.947,0.014935
443,1,511.081,0.0150194
442.5,1,510.215,0.015097
442,1,509.349,0.0151269
441.5,1,508.483,0.0151385
441,1,507.617,0.0151555
440.5,1,506.751,0.0152182
440,1,505.885,0.0153231
439.5,1,505.019,0.0154367
439,1,504.153,0.0155468
438.5,1,503.286,0.0156415
438,1,502.42,0.0157359
437.5,1,501.554,0.0158523
437,1,500.688,0.0160525
436.5,1,499.822,0.0162675
436,1,498.956,0.0164716
435.5,1,498.09,0.0163842
435,1,497.224,0.0162622
434.5,1,496.358,0.0161055
434,1,495.492,0.0156259
433.5,1,494.626,0.0150556
433,1,493.76,0.0144832
432.5,1,492.894,0.0141856
432,1,492.028,0.0140196
431.5,1,491.162,0.0139165
431,1,490.296,0.0141408
430.5,1,489.43,0.0146699
430,1,488.564,0.01534
429.5,1,487.698,0.0159901
429,1,486.832,0.0166
428.5,1,485.966,0.0172397
428,1,485.1,0.0178015
427.5,1,484.234,0.017979
427,1,483.368,0.018198
426.5,1,482.502,0.0185685
426,1,481.636,0.0194668
425.5,1,480.77,0.0203087
425,1,479.904,0.0210645
424.5,1,479.038,0.0216441
424,1,478.172,0.0222281
423.5,1,477.306,0.0228192
423,1,476.44,0.0228695
422.5,1,475.574,0.0228104
422,1,474.708,0.0227665
421.5,1,473.842,0.0228151
421,1,472.976,0.0229502
420.5,1,472.11,0.0231494
420,1,471.244,0.0232934
419.5,1,470.378,0.0234499
419,1,469.512,0.0239516
418.5,1,468.645,0.0245313
418,1,467.779,0.0247984
417.5,1,466.913,0.0250614
417,1,466.047,0.0251864
416.5,1,465.181,0.024781
416,1,464.315,0.0238204
415.5,1,463.449,0.0223429
415,1,462.583,0.0218789
414.5,1,461.717,0.0212903
414,1,460.851,0.0206154
413.5,1,459.985,0.0204641
413,1,459.119,0.0203506
412.5,1,458.253,0.020194
412,1,457.387,0.0205365
411.5,1,456.521,0.021119
411,1,455.655,0.0217121
410.5,1,454.789,0.0221497
410,1,453.923,0.0224328
409.5,1,453.057,0.0226605
409,1,452.191,0.0229223
408.5,1,451.325,0.0234014
408,1,450.459,0.024007
407.5,1,449.593,0.0247735
407,1,448.727,0.0257354
406.5,1,447.861,0.0265741
406,1,446.995,0.0272033
405.5,1,446.129,0.0269508
405,1,445.263,0.0266426
404.5,1,444.397,0.0262787
404,1,443.531,0.0271872
403.5,1,442.665,0.0285073
403,1,441.799,0.0303269
402.5,1,440.933,0.0315382
402,1,440.067,0.032481
401.5,1,439.201,0.0333713
401,1,438.335,0.0339444
400.5,1,437.469,0.034107
400,1,436.603,0.0340389
399.5,1,435.737,0.0339789
399,1,434.87,0.0340021
398.5,1,434.004,0.0340707
398,1,433.138,0.0335917
397.5,1,432.272,0.0336987
397,1,431.406,0.0342864
396.5,1,430.54,0.034956
396,1,429.674,0.0368112
395.5,1,428.808,0.0410567
395,1,427.942,0.0435373
394.5,1,427.076,0.0436288
394,1,426.21,0.0438936
393.5,1,425.344,0.0443883
393,1,424.478,0.0447138
392.5,1,423.612,0.0449121
392,1,422.746,0.0449518
391.5,1,421.88,0.0450128
391,1,421.014,0.0454322
390.5,1,420.148,0.0454219
390,1,419.282,0.0453317
389.5,1,418.416,0.0450889
389,1,417.55,0.0447386
388.5,1,416.684,0.0445996
388,1,415.818,0.0449446
387.5,1,414.952,0.0454282
387,1,414.086,0.0460232
386.5,1,413.22,0.0466564
386,1,412.354,0.0473091
385.5,1,411.488,0.0479751
385,1,410.622,0.0488991
384.5,1,409.756,0.0498609
384,1,408.89,0.0508893
383.5,1,408.024,0.0512833
383,1,407.158,0.0515072
382.5,1,406.292,0.0516508
382,1,405.426,0.0516552
381.5,1,404.56,0.0515127
381,1,403.694,0.0514306
380.5,1,402.828,0.0514536
380,1,401.962,0.0515199
379.5,1,401.095,0.0515878
379,1,400.229,0.0526178
378.5,1,399.363,0.0551479
378,1,398.497,0.0574968
377.5,1,397.631,0.0588908
377,1,396.765,0.0588893
376.5,1,395.899,0.058887
376,1,395.033,0.0588966
375.5,1,394.167,0.0590992
375,1,393.301,0.0592947
374.5,1,392.435,0.0594797
374,1,391.569,0.0585408
373.5,1,390.703,0.057477
373,1,389.837,0.0564361
372.5,1,388.971,0.0551369
372,1,388.105,0.0522716
371.5,1,387.239,0.0503079
371,1,386.373,0.050163
370.5,1,385.507,0.0521813
370,1,384.641,0.054174
369.5,1,383.775,0.0552933
369,1,382.909,0.0564351
368.5,1,382.043,0.0573495
368,1,381.177,0.0564767
367.5,1,380.311,0.0555189
367,1,379.445,0.0546952
366.5,1,378.579,0.0533922
366,1,377.713,0.0522049
365.5,1,376.847,0.051179
365,1,375.981,0.0498715
364.5,1,375.115,0.0485135
364,1,374.249,0.0473851
363.5,1,373.383,0.0469893
363,1,372.517,0.0471707
362.5,1,371.651,0.0477055
362,1,370.785,0.0478645
361.5,1,369.919,0.047386
361,1,369.053,0.046048
360.5,1,368.187,0.0445289
360,1,367.321,0.0430538
359.5,1,366.454,0.0418223
359,1,365.588,0.0408356
358.5,1,364.722,0.0399002
358,1,363.856,0.0388448
357.5,1,362.99,0.0377271
357,1,362.124,0.035735
356.5,1,361.258,0.033927
356,1,360.392,0.0321648
355.5,1,359.526,0.0316362
355,1,358.66,0.0315644
354.5,1,357.794,0.0321809
354,1,356.928,0.0334513
353.5,1,356.062,0.0346577
353,1,355.196,0.0341775
352.5,1,354.33,0.0333268
352,1,353.464,0.0346168
351.5,1,352.598,0.0358646
351,1,351.732,0.0376516
350.5,1,350.866,0.0399553
350,1,350,0.0330375
349.5,1,349.134,0.0276218
349,1,348.268,0.0253148
348.5,1,347.402,0.0241476
348,1,346.536,0.0222824
347.5,1,345.67,0.0228528
347,1,344.804,0.023398
346.5,1,343.938,0.0219751
346,1,343.072,0.0218794
345.5,1,342.206,0.0214077
345,1,341.34,0.0206923
344.5,1,340.474,0.0212149
344,1,339.608,0.0220866
343.5,1,338.742,0.0228149
343,1,337.876,0.0232935
342.5,1,337.01,0.0235854
342,1,336.144,0.0236093
341.5,1,335.278,0.023735
341,1,334.412,0.0239902
340.5,1,333.546,0.0244213
340,1,332.679,0.0250189
339.5,1,331.813,0.0258785
339,1,330.947,0.0265933
338.5,1,330.081,0.0271918
338,1,329.215,0.0275186
337.5,1,328.349,0.027733
337,1,327.483,0.0277002
336.5,1,326.617,0.0271076
336,1,325.751,0.0265581
335.5,1,324.885,0.0260332
335,1,324.019,0.0261201
334.5,1,323.153,0.0264293
334,1,322.287,0.0268748
333.5,1,321.421,0.0274608
333,1,320.555,0.0280554
332.5,1,319.689,0.0278829
332,1,318.823,0.0280418
331.5,1,317.957,0.0286165
331,1,317.091,0.0296928
330.5,1,316.225,0.0306385
330,1,315.359,0.0311867
329.5,1,314.493,0.0333378
329,1,313.627,0.0346189
328.5,1,312.761,0.0358546
328,1,311.895,0.039536
327.5,1,311.029,0.0449454
327,1,310.163,0.0451168
326.5,1,309.297,0.0451712
326,1,308.431,0.0455163
325.5,1,307.565,0.0462356
325,1,306.699,0.0472736
324.5,1,305.833,0.0484101
324,1,304.967,0.0495954
323.5,1,304.101,0.0508297
323,1,303.235,0.051836
322.5,1,302.369,0.0523397
322,1,301.503,0.0529296
321.5,1,300.637,0.0533209
321,1,299.771,0.0536486
320.5,1,298.905,0.053926
320,1,298.038,0.054188
319.5,1,297.172,0.0544773
319,1,296.306,0.0548842
318.5,1,295.44,0.055358
318,1,294.574,0.0554889
317.5,1,293.708,0.0559182
317,1,292.842,0.0565976
316.5,1,291.976,0.0570771
316,1,291.11,0.0574631
315.5,1,290.244,0.0579268
315,1,289.378,0.0583189
314.5,1,288.512,0.058857
314,1,287.646,0.0581614
313.5,1,286.78,0.0580454
313,1,285.914,0.0584877
312.5,1,285.048,0.0562355
312,1,284.182,0.0529333
311.5,1,283.316,0.0491692
311,1,282.45,0.0469126
310.5,1,281.584,0.0456152
310,1,280.718,0.0443038
309.5,1,279.852,0.0430674
309,1,278.986,0.042099
308.5,1,278.12,0.041188
308,1,277.254,0.0401692
307.5,1,276.388,0.038811
307,1,275.522,0.0374307
306.5,1,274.656,0.0362399
306,1,273.79,0.0357617
305.5,1,272.924,0.0352375
305,1,272.058,0.0346672
304.5,1,271.192,0.0341806
304,1,270.326,0.0337843
303.5,1,269.46,0.0334572
303,1,268.594,0.0329927
302.5,1,267.728,0.0325154
302,1,266.862,0.0320663
301.5,1,265.996,0.0316672
301,1,265.13,0.0312263
300.5,1,264.263,0.0307289
300,1,263.397,0.0301527
299.5,1,262.531,0.0294775
299,1,261.665,0.0286731
298.5,1,260.799,0.027824
298,1,259.933,0.0269939
297.5,1,259.067,0.0261379
297,1,258.201,0.0252991
296.5,1,257.335,0.0245586
296,1,256.469,0.0237763
295.5,1,255.603,0.0229711
295,1,254.737,0.0222572
294.5,1,253.871,0.0214852
294,1,253.005,0.020655
293.5,1,252.139,0.0195287
293,1,251.273,0.0184144
292.5,1,250.407,0.0173378
292,1,249.541,0.0162575
291.5,1,248.675,0.0153096
291,1,247.809,0.0145421
290.5,1,246.943,0.0141029
290,1,246.077,0.0138264
289.5,1,245.211,0.0135711
289,1,244.345,0.0133544
288.5,1,243.479,0.0131705
288,1,242.613,0.012999
287.5,1,241.747,0.0128927
287,1,240.881,0.012949
286.5,1,240.015,0.013011
286,1,239.149,0.0130762
285.5,1,238.283,0.0131138
285,1,237.417,0.0131414
284.5,1,236.551,0.0131728
284,1,235.685,0.0131726
283.5,1,234.819,0.0131658
283,1,233.953,0.0131531
282.5,1,233.087,0.0131925
282,1,232.221,0.013259
281.5,1,231.355,0.0133398
281,1,230.488,0.0134379
280.5,1,229.622,0.0135574
280,1,228.756,0.0137054
279.5,1,227.89,0.0139163
279,1,227.024,0.0141671
278.5,1,226.158,0.0144104
278,1,225.292,0.0145817
277.5,1,224.426,0.0146173
277,1,223.56,0.0146245
276.5,1,222.694,0.0146353
276,1,221.828,0.0146697
275.5,1,220.962,0.0147005
275,1,220.096,0.0147277
274.5,1,219.23,0.014753
274,1,218.364,0.0147846
273.5,1,217.498,0.014827
273,1,216.632,0.0148974
272.5,1,215.766,0.0149589
272,1,214.9,0.0150066
271.5,1,214.034,0.0149948
271,1,213.168,0.0149702
270.5,1,212.302,0.0149531
270,1,211.436,0.0149313
269.5,1,210.57,0.014898
269,1,209.704,0.0148619
268.5,1,208.838,0.0148486
268,1,207.972,0.0148808
267.5,1,207.106,0.014924
267,1,206.24,0.0149565
266.5,1,205.374,0.0149225
266,1,204.508,0.0148871
265.5,1,203.642,0.0148523
265,1,202.776,0.0148951
264.5,1,201.91,0.0149459
264,1,201.044,0.0150046
263.5,1,200.178,0.0149274
263,1,199.312,0.0148272
262.5,1,198.446,0.0147159
262,1,197.58,0.0148278
261.5,1,196.714,0.0150171
261,1,195.847,0.015212
260.5,1,194.981,0.015208
260,1,194.115,0.0150821
259.5,1,193.249,0.0149613
259,1,192.383,0.0149858
258.5,1,191.517,0.0151766
258,1,190.651,0.0153539
257.5,1,189.785,0.0154112
257,1,188.919,0.0152159
256.5,1,188.053,0.0150339
256,1,187.187,0.0149322
255.5,1,186.321,0.0152541
255,1,185.455,0.0155494
254.5,1,184.589,0.0158195
254,1,183.723,0.0156483
253.5,1,182.857,0.0154981
253,1,181.991,0.0153791
252.5,1,181.125,0.015539
252,1,180.259,0.0157195
251.5,1,179.393,0.0158597
251,1,178.527,0.015718
250.5,1,177.661,0.0154792
250,1,176.795,0.0152782
249.5,1,175.929,0.0152772
249,1,175.063,0.015417
248.5,1,174.197,0.0155189
248,1,173.331,0.0155178
247.5,1,172.465,0.0153985
247,1,171.599,0.0153121
246.5,1,170.733,0.0152863
246,1,169.867,0.0154187
245.5,1,169.001,0.0155318
245,1,168.135,0.0156191
244.5,1,167.269,0.0155148
244,1,166.403,0.0154227
243.5,1,165.537,0.0153526
243,1,164.671,0.0153991
242.5,1,163.805,0.0154442
242,1,162.939,0.0154722
241.5,1,162.072,0.0154223
241,1,161.206,0.015359
240.5,1,160.34,0.0153078
240,1,159.474,0.0153229
239.5,1,158.608,0.0153798
239,1,157.742,0.0154354
238.5,1,156.876,0.0154415
238,1,156.01,0.0153884
237.5,1,155.144,0.0153459
237,1,154.278,0.015345
236.5,1,153.412,0.0154407
236,1,152.546,0.0155387
235.5,1,151.68,0.0156179
235,1,150.814,0.0155593
234.5,1,149.948,0.0155059
234,1,149.082,0.0154577
233.5,1,148.216,0.0155118
233,1,147.35,0.0155673
232.5,1,146.484,0.0156153
232,1,145.618,0.0155759
231.5,1,144.752,0.0155167
231,1,143.886,0.0154624
230.5,1,143.02,0.0154868
230,1,142.154,0.0155468
229.5,1,141.288,0.0155929
229,1,140.422,0.0155752
228.5,1,139.556,0.0155018
228,1,138.69,0.0154375
227.5,1,137.824,0.0154052
227,1,136.958,0.0154255
226.5,1,136.092,0.0154404
226,1,135.226,0.0154435
225.5,1,134.36,0.0154116
225,1,133.494,0.0153869
224.5,1,132.628,0.0153678
224,1,131.762,0.0153853
223.5,1,130.896,0.0153959
223,1,130.03,0.0153992
222.5,1,129.164,0.0153417
222,1,128.297,0.0152793
221.5,1,127.431,0.0152242
221,1,126.565,0.0152003
220.5,1,125.699,0.0151892
220,1,124.833,0.0151787
219.5,1,123.967,0.0151487
219,1,123.101,0.0150979
218.5,1,122.235,0.0150475
218,1,121.369,0.0150059
217.5,1,120.503,0.0149769
217,1,119.637,0.014945
216.5,1,118.771,0.0149079
216,1,117.905,0.0148608
215.5,1,117.039,0.0148134
215,1,116.173,0.014768
214.5,1,115.307,0.0147757
214,1,114.441,0.0147846
213.5,1,113.575,0.0147951
213,1,112.709,0.0147558
212.5,1,111.843,0.0147101
212,1,110.977,0.0146647
211.5,1,110.111,0.0146727
211,1,109.245,0.0147004
210.5,1,108.379,0.0147285
210,1,107.513,0.0147065
209.5,1,106.647,0.0146474
209,1,105.781,0.01459
208.5,1,104.915,0.0145789
208,1,104.049,0.0146262
207.5,1,103.183,0.0146708
207,1,102.317,0.0146904
206.5,1,101.451,0.0146464
206,1,100.585,0.0146087
205.5,1,99.7187,0.0145846
205,1,98.8526,0.0146324
204.5,1,97.9866,0.0146769
204,1,97.1206,0.0147181
203.5,1,96.2546,0.0146406
203,1,95.3885,0.0145603
202.5,1,94.5225,0.0144837
202,1,93.6565,0.0144908
201.5,1,92.7905,0.014517
201,1,91.9244,0.0145393
200.5,1,91.0584,0.0145268
200,1,90.1924,0.0144982
