x,y,z,b
90.1924,1,500,0.0127986
91.0584,1,499.5,0.0127982
91.9244,1,499,0.0127977
92.7905,1,498.5,0.0127973
93.6565,1,498,0.0127969
94.5225,1,497.5,0.0127967
95.3885,1,497,0.0127969
96.2546,1,496.5,0.0127971
97.1206,1,496,0.0127974
97.9866,1,495.5,0.0127979
98.8526,1,495,0.0127983
99.7187,1,494.5,0.0127987
100.585,1,494,0.0127994
101.451,1,493.5,0.0128001
102.317,1,493,0.0128008
103.183,1,492.5,0.0128015
104.049,1,492,0.0128023
104.915,1,491.5,0.012803
105.781,1,491,0.0128034
106.647,1,490.5,0.0128035
107.513,1,490,0.0128036
108.379,1,489.5,0.0128036
109.245,1,489,0.0128033
110.111,1,488.5,0.0128031
110.977,1,488,0.0128028
111.843,1,487.5,0.0128022
112.709,1,487,0.0128017
113.575,1,486.5,0.012801
114.441,1,486,0.0127999
115.307,1,485.5,0.0127988
116.173,1,485,0.0127978
117.039,1,484.5,0.0127963
117.905,1,484,0.0127949
118.771,1,483.5,0.0127934
119.637,1,483,0.0127918
120.503,1,482.5,0.0127901
121.369,1,482,0.0127884
122.235,1,481.5,0.0127872
123.101,1,481,0.0127863
123.967,1,480.5,0.0127853
124.833,1,480,0.0127847
125.699,1,479.5,0.0127846
126.565,1,479,0.0127845
127.431,1,478.5,0.0127845
128.297,1,478,0.0127846
129.164,1,477.5,0.0127848
130.03,1,477,0.0127851
130.896,1,476.5,0.0127855
131.762,1,476,0.012786
132.628,1,475.5,0.0127865
133.494,1,475,0.0127865
134.36,1,474.5,0.0127865
135.226,1,474,0.0127867
136.092,1,473.5,0.0127865
136.958,1,473,0.0127863
137.824,1,472.5,0.0127862
138.69,1,472,0.0127858
139.556,1,471.5,0.0127854
140.422,1,471,0.012785
141.288,1,470.5,0.0127845
142.154,1,470,0.0127839
143.02,1,469.5,0.0127832
143.886,1,469,0.0127824
144.752,1,468.5,0.0127814
145.618,1,468,0.0127803
146.484,1,467.5,0.0127792
147.35,1,467,0.0127781
148.216,1,466.5,0.0127769
149.082,1,466,0.0127757
149.948,1,465.5,0.0127744
150.814,1,465,0.0127732
151.68,1,464.5,0.0127719
152.546,1,464,0.0127707
153.412,1,463.5,0.0127694
154.278,1,463,0.0127682
155.144,1,462.5,0.0127669
156.01,1,462,0.0127657
156.876,1,461.5,0.0127644
157.742,1,461,0.0127631
158.608,1,460.5,0.0127618
159.474,1,460,0.0127605
160.34,1,459.5,0.0127592
161.206,1,459,0.0127579
162.072,1,458.5,0.0127565
162.939,1,458,0.012755
163.805,1,457.5,0.0127532
164.671,1,457,0.0127513
165.537,1,456.5,0.0127493
166.403,1,456,0.0127471
167.269,1,455.5,0.0127448
168.135,1,455,0.0127423
169.001,1,454.5,0.0127394
169.867,1,454,0.0127364
170.733,1,453.5,0.0127333
171.599,1,453,0.01273
172.465,1,452.5,0.0127267
173.331,1,452,0.0127233
174.197,1,451.5,0.0127202
175.063,1,451,0.0127173
175.929,1,450.5,0.0127143
176.795,1,450,0.0127116
177.661,1,449.5,0.0127092
178.527,1,449,0.0127067
179.393,1,448.5,0.0127044
180.259,1,448,0.0127024
181.125,1,447.5,0.0127005
181.991,1,447,0.0126987
182.857,1,446.5,0.0126974
183.723,1,446,0.0126961
184.589,1,445.5,0.0126947
185.455,1,445,0.0126942
186.321,1,444.5,0.0126937
187.187,1,444,0.012693
188.053,1,443.5,0.0126924
188.919,1,443,0.012692
189.785,1,442.5,0.0126917
190.651,1,442,0.0126917
191.517,1,441.5,0.0126918
192.383,1,441,0.012692
193.249,1,440.5,0.0126921
194.115,1,440,0.0126923
194.981,1,439.5,0.0126925
195.847,1,439,0.0126928
196.714,1,438.5,0.0126934
197.58,1,438,0.0126941
198.446,1,437.5,0.012695
199.312,1,437,0.0126964
200.178,1,436.5,0.0126977
201.044,1,436,0.0126992
201.91,1,435.5,0.0127022
202.776,1,435,0.0127054
203.642,1,434.5,0.0127086
204.508,1,434,0.0127153
205.374,1,433.5,0.0127225
206.24,1,433,0.0127304
207.106,1,432.5,0.0127414
207.972,1,432,0.0127537
208.838,1,431.5,0.0127664
209.704,1,431,0.0127813
210.57,1,430.5,0.0127974
211.436,1,430,0.0128135
212.302,1,429.5,0.0128301
213.168,1,429,0.0128474
214.034,1,428.5,0.0128649
214.9,1,428,0.0128823
215.766,1,427.5,0.0128993
216.632,1,427,0.0129167
217.498,1,426.5,0.0129342
218.364,1,426,0.0129507
219.23,1,425.5,0.0129675
220.096,1,425,0.0129839
220.962,1,424.5,0.0129984
221.828,1,424,0.0130132
222.694,1,423.5,0.0130284
223.56,1,423,0.0130331
224.426,1,422.5,0.0130359
225.292,1,422,0.013039
226.158,1,421.5,0.0130399
227.024,1,421,0.0130395
227.89,1,420.5,0.0130391
228.756,1,420,0.0130372
229.622,1,419.5,0.0130333
230.488,1,419,0.0130291
231.355,1,418.5,0.0130234
232.221,1,418,0.013015
233.087,1,417.5,0.0130069
233.953,1,417,0.0129984
234.819,1,416.5,0.0129888
235.685,1,416,0.0129794
236.551,1,415.5,0.0129704
237.417,1,415,0.0129613
238.283,1,414.5,0.0129521
239.149,1,414,0.0129424
240.015,1,413.5,0.0129338
240.881,1,413,0.0129254
241.747,1,412.5,0.0129169
242.613,1,412,0.012911
243.479,1,411.5,0.0129059
244.345,1,411,0.0129008
245.211,1,410.5,0.0128967
246.077,1,410,0.0128936
246.943,1,409.5,0.0128902
247.809,1,409,0.0128875
248.675,1,408.5,0.012886
249.541,1,408,0.0128844
250.407,1,407.5,0.0128828
251.273,1,407,0.0128815
252.139,1,406.5,0.01288
253.005,1,406,0.0128783
253.871,1,405.5,0.0128753
254.737,1,405,0.0128724
255.603,1,404.5,0.0128695
256.469,1,404,0.0128674
257.335,1,403.5,0.0128654
258.201,1,403,0.0128652
259.067,1,402.5,0.0128661
259.933,1,402,0.0128671
260.799,1,401.5,0.0128681
261.665,1,401,0.0128698
262.531,1,400.5,0.0128723
263.397,1,400,0.0128767
264.263,1,399.5,0.0128799
265.13,1,399,0.0128817
265.996,1,398.5,0.0128828
266.862,1,398,0.0128827
267.728,1,397.5,0.0128803
268.594,1,397,0.012877
269.46,1,396.5,0.012873
270.326,1,396,0.0128686
271.192,1,395.5,0.0128633
272.058,1,395,0.0128574
272.924,1,394.5,0.0128528
273.79,1,394,0.0128477
274.656,1,393.5,0.0128422
275.522,1,393,0.0128372
276.388,1,392.5,0.012832
277.254,1,392,0.0128264
278.12,1,391.5,0.0128213
278.986,1,391,0.0128164
279.852,1,390.5,0.0128112
280.718,1,390,0.0128054
281.584,1,389.5,0.0127989
282.45,1,389,0.0127927
283.316,1,388.5,0.0127867
284.182,1,388,0.0127808
285.048,1,387.5,0.0127753
285.914,1,387,0.0127696
286.78,1,386.5,0.0127628
287.646,1,386,0.0127563
288.512,1,385.5,0.0127502
289.378,1,385,0.0127419
290.244,1,384.5,0.0127342
291.11,1,384,0.0127273
291.976,1,383.5,0.0127177
292.842,1,383,0.0127075
293.708,1,382.5,0.012697
294.574,1,382,0.0126876
295.44,1,381.5,0.0126764
296.306,1,381,0.0126653
297.172,1,380.5,0.0126606
298.038,1,380,0.0126604
298.905,1,379.5,0.0126594
299.771,1,379,0.0126604
300.637,1,378.5,0.0126659
301.503,1,378,0.0126734
302.369,1,377.5,0.0126837
303.235,1,377,0.0127018
304.101,1,376.5,0.0127185
304.967,1,376,0.0127336
305.833,1,375.5,0.0127457
306.699,1,375,0.012753
307.565,1,374.5,0.0127552
308.431,1,374,0.0127454
309.297,1,373.5,0.0127329
310.163,1,373,0.0127097
311.029,1,372.5,0.0126594
311.895,1,372,0.0125966
312.761,1,371.5,0.0125241
313.627,1,371,0.0124793
314.493,1,370.5,0.0124595
315.359,1,370,0.0124589
316.225,1,369.5,0.0124824
317.091,1,369,0.0125354
317.957,1,368.5,0.0125918
318.823,1,368,0.0126668
319.689,1,367.5,0.0127885
320.555,1,367,0.0129207
321.421,1,366.5,0.0130644
322.287,1,366,0.0132522
323.153,1,365.5,0.0134609
324.019,1,365,0.0136878
324.885,1,364.5,0.0138805
325.751,1,364,0.0140792
326.617,1,363.5,0.0142838
327.483,1,363,0.0144023
328.349,1,362.5,0.0145029
329.215,1,362,0.0145924
330.081,1,361.5,0.014589
330.947,1,361,0.0145429
331.813,1,360.5,0.0145014
332.679,1,360,0.0144699
333.546,1,359.5,0.0144257
334.412,1,359,0.0143527
335.278,1,358.5,0.0142865
336.144,1,358,0.0142246
337.01,1,357.5,0.0141446
337.876,1,357,0.014078
338.742,1,356.5,0.0141509
339.608,1,356,0.0141842
340.474,1,355.5,0.0141248
341.34,1,355,0.0134759
342.206,1,354.5,0.0131369
343.072,1,354,0.0130164
343.938,1,353.5,0.0131709
344.804,1,353,0.0131853
345.67,1,352.5,0.0129874
346.536,1,352,0.0121057
347.402,1,351.5,0.0108211
348.268,1,351,0.00931393
349.134,1,350.5,0.00698039
350,1,350,0.00447832
350.866,1,349.5,0.00233537
351.732,1,349,0.00219147
352.598,1,348.5,0.00506078
353.464,1,348,0.00801545
354.33,1,347.5,0.00996917
355.196,1,347,0.0109483
356.062,1,346.5,0.0117998
356.928,1,346,0.012528
357.794,1,345.5,0.0130394
358.66,1,345,0.0133687
359.526,1,344.5,0.0135492
360.392,1,344,0.0134304
361.258,1,343.5,0.0131554
362.124,1,343,0.0129283
362.99,1,342.5,0.0128332
363.856,1,342,0.0126555
364.722,1,341.5,0.0124405
365.588,1,341,0.0121931
366.454,1,340.5,0.0119574
367.321,1,340,0.0118755
368.187,1,339.5,0.0118804
369.053,1,339,0.0119641
369.919,1,338.5,0.0120791
370.785,1,338,0.0122619
371.651,1,337.5,0.0125273
372.517,1,337,0.0127137
373.383,1,336.5,0.0128103
374.249,1,336,0.0127265
375.115,1,335.5,0.0126016
375.981,1,335,0.0124353
376.847,1,334.5,0.0122962
377.713,1,334,0.0121697
378.579,1,333.5,0.0120441
379.445,1,333,0.0118518
380.311,1,332.5,0.0116207
381.177,1,332,0.0114206
382.043,1,331.5,0.0114137
382.909,1,331,0.0114776
383.775,1,330.5,0.0115649
384.641,1,330,0.0117121
385.507,1,329.5,0.0118886
386.373,1,329,0.0120065
387.239,1,328.5,0.0121397
388.105,1,328,0.0122958
388.971,1,327.5,0.0124305
389.837,1,327,0.0125537
390.703,1,326.5,0.0126609
391.569,1,326,0.0127373
392.435,1,325.5,0.012812
393.301,1,325,0.0129136
394.167,1,324.5,0.0130006
395.033,1,324,0.0130731
395.899,1,323.5,0.0131599
396.765,1,323,0.0132392
397.631,1,322.5,0.0133083
398.497,1,322,0.0133557
399.363,1,321.5,0.0133866
400.229,1,321,0.013439
401.095,1,320.5,0.0134817
401.962,1,320,0.0134881
402.828,1,319.5,0.0134662
403.694,1,319,0.0134099
404.56,1,318.5,0.0133287
405.426,1,318,0.0132948
406.292,1,317.5,0.0132405
407.158,1,317,0.013166
408.024,1,316.5,0.0130756
408.89,1,316,0.0129702
409.756,1,315.5,0.0128929
410.622,1,315,0.0128273
411.488,1,314.5,0.0127551
412.354,1,314,0.0127145
413.22,1,313.5,0.0126761
414.086,1,313,0.0126444
414.952,1,312.5,0.012652
415.818,1,312,0.0126623
416.684,1,311.5,0.0126731
417.55,1,311,0.012681
418.416,1,310.5,0.0126872
419.282,1,310,0.012706
420.148,1,309.5,0.0127227
421.014,1,309,0.0127316
421.88,1,308.5,0.0127387
422.746,1,308,0.0127386
423.612,1,307.5,0.0127278
424.478,1,307,0.0127221
425.344,1,306.5,0.0127152
426.21,1,306,0.0127013
427.076,1,305.5,0.0126905
427.942,1,305,0.0126832
428.808,1,304.5,0.0126877
429.674,1,304,0.0126871
430.54,1,303.5,0.0126867
431.406,1,303,0.0127005
432.272,1,302.5,0.0127162
433.138,1,302,0.0127303
434.004,1,301.5,0.0127428
434.87,1,301,0.0127534
435.737,1,300.5,0.0127607
436.603,1,300,0.0127654
437.469,1,299.5,0.0127671
438.335,1,299,0.012763
439.201,1,298.5,0.0127594
440.067,1,298,0.0127581
440.933,1,297.5,0.0127574
441.799,1,297,0.0127582
442.665,1,296.5,0.0127592
443.531,1,296,0.0127532
444.397,1,295.5,0.012744
445.263,1,295,0.0127326
446.129,1,294.5,0.0127188
446.995,1,294,0.0127026
447.861,1,293.5,0.0127025
448.727,1,293,0.0127036
449.593,1,292.5,0.0127036
450.459,1,292,0.0127055
451.325,1,291.5,0.012707
452.191,1,291,0.0127095
453.057,1,290.5,0.0127167
453.923,1,290,0.0127251
454.789,1,289.5,0.0127332
455.655,1,289,0.0127376
456.521,1,288.5,0.0127377
457.387,1,288,0.0127412
458.253,1,287.5,0.0127432
459.119,1,287,0.012742
459.985,1,286.5,0.0127402
460.851,1,286,0.0127375
461.717,1,285.5,0.0127321
462.583,1,285,0.0127273
463.449,1,284.5,0.0127216
464.315,1,284,0.0127129
465.181,1,283.5,0.0127036
466.047,1,283,0.0126937
466.913,1,282.5,0.0126926
467.779,1,282,0.0126938
468.645,1,281.5,0.012695
469.512,1,281,0.0127017
470.378,1,280.5,0.0127114
471.244,1,280,0.0127203
472.11,1,279.5,0.0127335
472.976,1,279,0.0127511
473.842,1,278.5,0.0127685
474.708,1,278,0.0127877
475.574,1,277.5,0.0128112
476.44,1,277,0.0128347
477.306,1,276.5,0.0128584
478.172,1,276,0.0128837
479.038,1,275.5,0.0129088
479.904,1,275,0.0129335
480.77,1,274.5,0.0129559
481.636,1,274,0.0129771
482.502,1,273.5,0.0129981
483.368,1,273,0.0130158
484.234,1,272.5,0.0130326
485.1,1,272,0.0130489
485.966,1,271.5,0.0130606
486.832,1,271,0.0130705
487.698,1,270.5,0.01308
488.564,1,270,0.0130885
489.43,1,269.5,0.0130962
490.296,1,269,0.0131034
491.162,1,268.5,0.013105
492.028,1,268,0.0130994
492.894,1,267.5,0.013094
493.76,1,267,0.013088
494.626,1,266.5,0.0130796
495.492,1,266,0.0130717
496.358,1,265.5,0.0130636
497.224,1,265,0.0130536
498.09,1,264.5,0.0130439
498.956,1,264,0.0130343
499.822,1,263.5,0.0130209
500.688,1,263,0.0130074
501.554,1,262.5,0.0129946
502.42,1,262,0.0129807
503.286,1,261.5,0.0129672
504.153,1,261,0.0129548
505.019,1,260.5,0.0129429
505.885,1,260,0.0129309
506.751,1,259.5,0.0129193
507.617,1,259,0.0129082
508.483,1,258.5,0.0128975
509.349,1,258,0.0128883
510.215,1,257.5,0.0128799
511.081,1,257,0.0128723
511.947,1,256.5,0.0128649
512.813,1,256,0.0128579
513.679,1,255.5,0.0128517
514.545,1,255,0.0128449
515.411,1,254.5,0.0128383
516.277,1,254,0.0128329
517.143,1,253.5,0.0128277
518.009,1,253,0.0128226
518.875,1,252.5,0.0128177
519.741,1,252,0.0128133
520.607,1,251.5,0.0128092
521.473,1,251,0.0128054
522.339,1,250.5,0.0128018
523.205,1,250,0.0127989
524.071,1,249.5,0.0127962
524.937,1,249,0.0127937
525.803,1,248.5,0.0127915
526.669,1,248,0.0127894
527.535,1,247.5,0.0127874
528.401,1,247,0.012786
529.267,1,246.5,0.012785
530.133,1,246,0.012784
530.999,1,245.5,0.0127832
531.865,1,245,0.0127828
532.731,1,244.5,0.0127819
533.597,1,244,0.0127809
534.463,1,243.5,0.0127802
535.329,1,243,0.0127791
536.195,1,242.5,0.012778
537.061,1,242,0.0127768
537.928,1,241.5,0.0127756
538.794,1,241,0.0127741
539.66,1,240.5,0.0127722
540.526,1,240,0.0127701
541.392,1,239.5,0.0127679
542.258,1,239,0.0127653
543.124,1,238.5,0.012763
543.99,1,238,0.0127609
544.856,1,237.5,0.0127588
545.722,1,237,0.0127566
546.588,1,236.5,0.0127549
547.454,1,236,0.0127531
548.32,1,235.5,0.0127514
549.186,1,235,0.0127508
550.052,1,234.5,0.0127503
550.918,1,234,0.0127497
551.784,1,233.5,0.0127497
552.65,1,233,0.0127497
553.516,1,232.5,0.0127498
554.382,1,232,0.0127499
555.248,1,231.5,0.01275
556.114,1,231,0.0127501
556.98,1,230.5,0.0127504
557.846,1,230,0.0127507
558.712,1,229.5,0.0127509
559.578,1,229,0.0127513
560.444,1,228.5,0.0127518
561.31,1,228,0.0127522
562.176,1,227.5,0.0127526
563.042,1,227,0.0127532
563.908,1,226.5,0.0127538
564.774,1,226,0.0127544
565.64,1,225.5,0.0127551
566.506,1,225,0.0127558
567.372,1,224.5,0.0127566
568.238,1,224,0.0127576
569.104,1,223.5,0.0127586
569.97,1,223,0.0127597
570.836,1,222.5,0.0127608
571.703,1,222,0.0127618
572.569,1,221.5,0.0127629
573.435,1,221,0.012764
574.301,1,220.5,0.012765
575.167,1,220,0.0127661
576.033,1,219.5,0.0127673
576.899,1,219,0.0127685
577.765,1,218.5,0.0127698
578.631,1,218,0.0127709
579.497,1,217.5,0.0127715
580.363,1,217,0.0127721
581.229,1,216.5,0.0127727
582.095,1,216,0.0127729
582.961,1,215.5,0.0127732
583.827,1,215,0.0127734
584.693,1,214.5,0.0127737
585.559,1,214,0.0127739
586.425,1,213.5,0.0127741
587.291,1,213,0.0127742
588.157,1,212.5,0.0127742
589.023,1,212,0.0127743
589.889,1,211.5,0.012774
590.755,1,211,0.0127736
591.621,1,210.5,0.0127732
592.487,1,210,0.0127726
593.353,1,209.5,0.0127717
594.219,1,209,0.0127709
595.085,1,208.5,0.01277
595.951,1,208,0.0127688
596.817,1,207.5,0.0127677
597.683,1,207,0.0127664
598.549,1,206.5,0.012765
599.415,1,206,0.0127635
600.281,1,205.5,0.0127619
601.147,1,205,0.0127602
602.013,1,204.5,0.0127585
602.879,1,204,0.0127569
603.745,1,203.5,0.0127551
604.611,1,203,0.0127533
605.477,1,202.5,0.0127516
606.344,1,202,0.0127499
607.21,1,201.5,0.0127483
608.076,1,201,0.0127466
608.942,1,200.5,0.0127451
609.808,1,200,0.0127436
