x,y,z,b
90.1924,1,500,0.0127762
91.0584,1,499.5,0.0127744
91.9244,1,499,0.0127725
92.7905,1,498.5,0.0127705
93.6565,1,498,0.0127685
94.5225,1,497.5,0.012767
95.3885,1,497,0.0127669
96.2546,1,496.5,0.0127667
97.1206,1,496,0.0127666
97.9866,1,495.5,0.0127674
98.8526,1,495,0.0127681
99.7187,1,494.5,0.0127689
100.585,1,494,0.01277
101.451,1,493.5,0.0127712
102.317,1,493,0.0127724
103.183,1,492.5,0.0127739
104.049,1,492,0.0127756
104.915,1,491.5,0.0127772
105.781,1,491,0.0127788
106.647,1,490.5,0.0127804
107.513,1,490,0.0127819
108.379,1,489.5,0.0127834
109.245,1,489,0.0127848
110.111,1,488.5,0.0127862
110.977,1,488,0.0127875
111.843,1,487.5,0.0127886
112.709,1,487,0.0127896
113.575,1,486.5,0.0127905
114.441,1,486,0.0127914
115.307,1,485.5,0.0127921
116.173,1,485,0.012793
117.039,1,484.5,0.012794
117.905,1,484,0.012795
118.771,1,483.5,0.0127958
119.637,1,483,0.012797
120.503,1,482.5,0.012798
121.369,1,482,0.0127987
122.235,1,481.5,0.0127996
123.101,1,481,0.0128005
123.967,1,480.5,0.0128013
124.833,1,480,0.0128021
125.699,1,479.5,0.0128029
126.565,1,479,0.0128038
127.431,1,478.5,0.0128046
128.297,1,478,0.0128052
129.164,1,477.5,0.0128057
130.03,1,477,0.0128061
130.896,1,476.5,0.0128064
131.762,1,476,0.0128066
132.628,1,475.5,0.0128068
133.494,1,475,0.0128071
134.36,1,474.5,0.0128073
135.226,1,474,0.0128077
136.092,1,473.5,0.0128087
136.958,1,473,0.0128098
137.824,1,472.5,0.0128108
138.69,1,472,0.0128113
139.556,1,471.5,0.0128117
140.422,1,471,0.0128124
141.288,1,470.5,0.0128126
142.154,1,470,0.0128123
143.02,1,469.5,0.0128121
143.886,1,469,0.0128116
144.752,1,468.5,0.0128105
145.618,1,468,0.0128095
146.484,1,467.5,0.0128083
147.35,1,467,0.0128062
148.216,1,466.5,0.0128041
149.082,1,466,0.012802
149.948,1,465.5,0.0127987
150.814,1,465,0.0127955
151.68,1,464.5,0.0127921
152.546,1,464,0.0127883
153.412,1,463.5,0.0127844
154.278,1,463,0.0127806
155.144,1,462.5,0.0127768
156.01,1,462,0.012773
156.876,1,461.5,0.0127692
157.742,1,461,0.0127654
158.608,1,460.5,0.012762
159.474,1,460,0.0127588
160.34,1,459.5,0.0127556
161.206,1,459,0.0127525
162.072,1,458.5,0.0127493
162.939,1,458,0.012746
163.805,1,457.5,0.0127424
164.671,1,457,0.0127386
165.537,1,456.5,0.0127346
166.403,1,456,0.0127306
167.269,1,455.5,0.0127265
168.135,1,455,0.0127217
169.001,1,454.5,0.0127169
169.867,1,454,0.0127117
170.733,1,453.5,0.0127063
171.599,1,453,0.012701
172.465,1,452.5,0.0126956
173.331,1,452,0.0126901
174.197,1,451.5,0.012685
175.063,1,451,0.0126799
175.929,1,450.5,0.0126747
176.795,1,450,0.0126697
177.661,1,449.5,0.0126643
178.527,1,449,0.0126585
179.393,1,448.5,0.0126528
180.259,1,448,0.0126474
181.125,1,447.5,0.0126419
181.991,1,447,0.0126366
182.857,1,446.5,0.0126323
183.723,1,446,0.012628
184.589,1,445.5,0.0126238
185.455,1,445,0.0126198
186.321,1,444.5,0.0126158
187.187,1,444,0.0126108
188.053,1,443.5,0.0126051
188.919,1,443,0.0125996
189.785,1,442.5,0.0125941
190.651,1,442,0.0125898
191.517,1,441.5,0.0125865
192.383,1,441,0.0125841
193.249,1,440.5,0.0125822
194.115,1,440,0.0125807
194.981,1,439.5,0.0125793
195.847,1,439,0.0125781
196.714,1,438.5,0.0125768
197.58,1,438,0.0125755
198.446,1,437.5,0.0125747
199.312,1,437,0.0125757
200.178,1,436.5,0.0125768
201.044,1,436,0.0125785
201.91,1,435.5,0.012584
202.776,1,435,0.0125897
203.642,1,434.5,0.0125957
204.508,1,434,0.0126073
205.374,1,433.5,0.0126199
206.24,1,433,0.0126344
207.106,1,432.5,0.0126556
207.972,1,432,0.0126794
208.838,1,431.5,0.0127041
209.704,1,431,0.0127337
210.57,1,430.5,0.0127665
211.436,1,430,0.0127994
212.302,1,429.5,0.0128349
213.168,1,429,0.0128735
214.034,1,428.5,0.0129132
214.9,1,428,0.0129544
215.766,1,427.5,0.0129942
216.632,1,427,0.0130341
217.498,1,426.5,0.0130746
218.364,1,426,0.0131165
219.23,1,425.5,0.01316
220.096,1,425,0.0132052
220.962,1,424.5,0.0132486
221.828,1,424,0.0132922
222.694,1,423.5,0.0133361
223.56,1,423,0.013375
224.426,1,422.5,0.0134127
225.292,1,422,0.0134497
226.158,1,421.5,0.0134863
227.024,1,421,0.0135229
227.89,1,420.5,0.0135598
228.756,1,420,0.0135843
229.622,1,419.5,0.013595
230.488,1,419,0.0136044
231.355,1,418.5,0.0136099
232.221,1,418,0.0136073
233.087,1,417.5,0.0136048
233.953,1,417,0.0136017
234.819,1,416.5,0.0135942
235.685,1,416,0.0135871
236.551,1,415.5,0.0135803
237.417,1,415,0.0135692
238.283,1,414.5,0.0135587
239.149,1,414,0.0135482
240.015,1,413.5,0.0135326
240.881,1,413,0.0135164
241.747,1,412.5,0.0135004
242.613,1,412,0.0134817
243.479,1,411.5,0.0134619
244.345,1,411,0.0134421
245.211,1,410.5,0.0134203
246.077,1,410,0.013397
246.943,1,409.5,0.0133736
247.809,1,409,0.0133494
248.675,1,408.5,0.0133238
249.541,1,408,0.0132978
250.407,1,407.5,0.0132723
251.273,1,407,0.0132481
252.139,1,406.5,0.0132238
253.005,1,406,0.0131995
253.871,1,405.5,0.0131765
254.737,1,405,0.0131532
255.603,1,404.5,0.0131294
256.469,1,404,0.0131059
257.335,1,403.5,0.0130822
258.201,1,403,0.0130601
259.067,1,402.5,0.0130399
259.933,1,402,0.01302
260.799,1,401.5,0.0130002
261.665,1,401,0.0129805
262.531,1,400.5,0.0129613
263.397,1,400,0.0129449
264.263,1,399.5,0.0129281
265.13,1,399,0.0129106
265.996,1,398.5,0.0128929
266.862,1,398,0.012875
267.728,1,397.5,0.0128563
268.594,1,397,0.0128375
269.46,1,396.5,0.0128192
270.326,1,396,0.0128037
271.192,1,395.5,0.012788
272.058,1,395,0.012773
272.924,1,394.5,0.0127657
273.79,1,394,0.0127586
274.656,1,393.5,0.0127517
275.522,1,393,0.012746
276.388,1,392.5,0.0127402
277.254,1,392,0.0127318
278.12,1,391.5,0.0127247
278.986,1,391,0.0127183
279.852,1,390.5,0.0127116
280.718,1,390,0.0127075
281.584,1,389.5,0.0127063
282.45,1,389,0.0127036
283.316,1,388.5,0.0127008
284.182,1,388,0.0126984
285.048,1,387.5,0.0126954
285.914,1,387,0.0126908
286.78,1,386.5,0.012681
287.646,1,386,0.0126705
288.512,1,385.5,0.0126591
289.378,1,385,0.0126374
290.244,1,384.5,0.0126151
291.11,1,384,0.0125931
291.976,1,383.5,0.012556
292.842,1,383,0.0125159
293.708,1,382.5,0.0124746
294.574,1,382,0.0124207
295.44,1,381.5,0.0123628
296.306,1,381,0.0123069
297.172,1,380.5,0.0122483
298.038,1,380,0.012188
298.905,1,379.5,0.0121285
299.771,1,379,0.012071
300.637,1,378.5,0.0120155
301.503,1,378,0.0119623
302.369,1,377.5,0.011914
303.235,1,377,0.011879
304.101,1,376.5,0.0118462
304.967,1,376,0.0118167
305.833,1,375.5,0.0117995
306.699,1,375,0.0117792
307.565,1,374.5,0.0117558
308.431,1,374,0.0117179
309.297,1,373.5,0.0116673
310.163,1,373,0.0116086
311.029,1,372.5,0.011588
311.895,1,372,0.0115646
312.761,1,371.5,0.0115258
313.627,1,371,0.0115236
314.493,1,370.5,0.0115474
315.359,1,370,0.0115625
316.225,1,369.5,0.0115974
317.091,1,369,0.0116587
317.957,1,368.5,0.0117138
318.823,1,368,0.011778
319.689,1,367.5,0.01189
320.555,1,367,0.0120083
321.421,1,366.5,0.0121362
322.287,1,366,0.0123286
323.153,1,365.5,0.0125354
324.019,1,365,0.0127574
324.885,1,364.5,0.0131174
325.751,1,364,0.0134788
326.617,1,363.5,0.0138408
327.483,1,363,0.0136702
328.349,1,362.5,0.0135053
329.215,1,362,0.0134537
330.081,1,361.5,0.013954
330.947,1,361,0.0149477
331.813,1,360.5,0.0143943
332.679,1,360,0.0143176
333.546,1,359.5,0.0146376
334.412,1,359,0.014358
335.278,1,358.5,0.0138516
336.144,1,358,0.0139236
337.01,1,357.5,0.0144479
337.876,1,357,0.0149084
338.742,1,356.5,0.0151212
339.608,1,356,0.0154879
340.474,1,355.5,0.0163966
341.34,1,355,0.0162888
342.206,1,354.5,0.0157094
343.072,1,354,0.0149384
343.938,1,353.5,0.0134813
344.804,1,353,0.0121748
345.67,1,352.5,0.0110901
346.536,1,352,0.00991001
347.402,1,351.5,0.00870489
348.268,1,351,0.00764519
349.134,1,350.5,0.00581068
350,1,350,0.0040256
350.866,1,349.5,0.00310233
351.732,1,349,0.00420659
352.598,1,348.5,0.00640611
353.464,1,348,0.00791822
354.33,1,347.5,0.00921188
355.196,1,347,0.0103562
356.062,1,346.5,0.0112082
356.928,1,346,0.0117862
357.794,1,345.5,0.0124866
358.66,1,345,0.0131765
359.526,1,344.5,0.0138254
360.392,1,344,0.0139527
361.258,1,343.5,0.0140037
362.124,1,343,0.0140192
362.99,1,342.5,0.0139444
363.856,1,342,0.0138341
364.722,1,341.5,0.0137151
365.588,1,341,0.0135
366.454,1,340.5,0.0132247
367.321,1,340,0.0130304
368.187,1,339.5,0.0128385
369.053,1,339,0.0126453
369.919,1,338.5,0.0125081
370.785,1,338,0.0124331
371.651,1,337.5,0.0123404
372.517,1,337,0.0122465
373.383,1,336.5,0.012212
374.249,1,336,0.012264
375.115,1,335.5,0.0123373
375.981,1,335,0.0124321
376.847,1,334.5,0.0124904
377.713,1,334,0.0125322
378.579,1,333.5,0.0125662
379.445,1,333,0.0125741
380.311,1,332.5,0.0125643
381.177,1,332,0.0125015
382.043,1,331.5,0.012351
382.909,1,331,0.0121873
383.775,1,330.5,0.0120261
384.641,1,330,0.0118666
385.507,1,329.5,0.0117259
386.373,1,329,0.0116618
387.239,1,328.5,0.011654
388.105,1,328,0.0117101
388.971,1,327.5,0.0117695
389.837,1,327,0.0118356
390.703,1,326.5,0.0119345
391.569,1,326,0.0120474
392.435,1,325.5,0.0121542
393.301,1,325,0.0122618
394.167,1,324.5,0.0123626
395.033,1,324,0.0124556
395.899,1,323.5,0.0125126
396.765,1,323,0.0125677
397.631,1,322.5,0.0126215
398.497,1,322,0.012671
399.363,1,321.5,0.0127195
400.229,1,321,0.0127572
401.095,1,320.5,0.0128086
401.962,1,320,0.0128897
402.828,1,319.5,0.0129961
403.694,1,319,0.0131128
404.56,1,318.5,0.0132126
405.426,1,318,0.013269
406.292,1,317.5,0.013322
407.158,1,317,0.0133541
408.024,1,316.5,0.0133838
408.89,1,316,0.0134093
409.756,1,315.5,0.0134026
410.622,1,315,0.0133856
411.488,1,314.5,0.0133685
412.354,1,314,0.0133266
413.22,1,313.5,0.0132827
414.086,1,313,0.0132387
414.952,1,312.5,0.0131751
415.818,1,312,0.0131104
416.684,1,311.5,0.0130512
417.55,1,311,0.0130065
418.416,1,310.5,0.0129713
419.282,1,310,0.0129659
420.148,1,309.5,0.0129887
421.014,1,309,0.0130204
421.88,1,308.5,0.0130466
422.746,1,308,0.0130669
423.612,1,307.5,0.0130742
424.478,1,307,0.0130561
425.344,1,306.5,0.0130361
426.21,1,306,0.0130179
427.076,1,305.5,0.0130013
427.942,1,305,0.0129863
428.808,1,304.5,0.0129648
429.674,1,304,0.0129411
430.54,1,303.5,0.0129193
431.406,1,303,0.0129172
432.272,1,302.5,0.0129236
433.138,1,302,0.012931
434.004,1,301.5,0.0129341
434.87,1,301,0.012939
435.737,1,300.5,0.0129443
436.603,1,300,0.012943
437.469,1,299.5,0.0129336
438.335,1,299,0.0129041
439.201,1,298.5,0.0128677
440.067,1,298,0.0128272
440.933,1,297.5,0.0127892
441.799,1,297,0.012753
442.665,1,296.5,0.0127222
443.531,1,296,0.0127017
444.397,1,295.5,0.0126841
445.263,1,295,0.0126717
446.129,1,294.5,0.012656
446.995,1,294,0.012637
447.861,1,293.5,0.0126333
448.727,1,293,0.0126308
449.593,1,292.5,0.0126276
450.459,1,292,0.0126266
451.325,1,291.5,0.0126251
452.191,1,291,0.0126253
453.057,1,290.5,0.012631
453.923,1,290,0.012637
454.789,1,289.5,0.0126419
455.655,1,289,0.0126471
456.521,1,288.5,0.012653
457.387,1,288,0.012672
458.253,1,287.5,0.0126911
459.119,1,287,0.0127091
459.985,1,286.5,0.012724
460.851,1,286,0.0127358
461.717,1,285.5,0.012745
462.583,1,285,0.012752
463.449,1,284.5,0.0127548
464.315,1,284,0.0127503
465.181,1,283.5,0.0127403
466.047,1,283,0.0127249
466.913,1,282.5,0.0127224
467.779,1,282,0.0127216
468.645,1,281.5,0.0127196
469.512,1,281,0.0127241
470.378,1,280.5,0.0127326
471.244,1,280,0.0127391
472.11,1,279.5,0.0127515
472.976,1,279,0.0127712
473.842,1,278.5,0.0127908
474.708,1,278,0.0128148
475.574,1,277.5,0.0128476
476.44,1,277,0.0128794
477.306,1,276.5,0.0129121
478.172,1,276,0.0129498
479.038,1,275.5,0.0129872
479.904,1,275,0.0130244
480.77,1,274.5,0.0130591
481.636,1,274,0.0130911
482.502,1,273.5,0.0131232
483.368,1,273,0.0131546
484.234,1,272.5,0.0131863
485.1,1,272,0.0132188
485.966,1,271.5,0.0132503
486.832,1,271,0.0132797
487.698,1,270.5,0.0133082
488.564,1,270,0.0133311
489.43,1,269.5,0.0133493
490.296,1,269,0.0133669
491.162,1,268.5,0.0133822
492.028,1,268,0.0133942
492.894,1,267.5,0.0134055
493.76,1,267,0.0134126
494.626,1,266.5,0.0134082
495.492,1,266,0.0134029
496.358,1,265.5,0.0133968
497.224,1,265,0.0133799
498.09,1,264.5,0.0133633
498.956,1,264,0.013347
499.822,1,263.5,0.0133262
500.688,1,263,0.0133049
501.554,1,262.5,0.0132843
502.42,1,262,0.0132633
503.286,1,261.5,0.0132428
504.153,1,261,0.0132239
505.019,1,260.5,0.0132063
505.885,1,260,0.0131884
506.751,1,259.5,0.013171
507.617,1,259,0.0131532
508.483,1,258.5,0.0131348
509.349,1,258,0.0131188
510.215,1,257.5,0.0131032
511.081,1,257,0.0130868
511.947,1,256.5,0.013071
512.813,1,256,0.0130557
513.679,1,255.5,0.0130389
514.545,1,255,0.0130218
515.411,1,254.5,0.0130053
516.277,1,254,0.0129878
517.143,1,253.5,0.0129708
518.009,1,253,0.0129545
518.875,1,252.5,0.0129358
519.741,1,252,0.0129178
520.607,1,251.5,0.0129012
521.473,1,251,0.0128857
522.339,1,250.5,0.0128714
523.205,1,250,0.012859
524.071,1,249.5,0.0128487
524.937,1,249,0.0128396
525.803,1,248.5,0.0128314
526.669,1,248,0.0128244
527.535,1,247.5,0.012819
528.401,1,247,0.0128145
529.267,1,246.5,0.0128111
530.133,1,246,0.0128091
530.999,1,245.5,0.0128079
531.865,1,245,0.0128075
532.731,1,244.5,0.0128085
533.597,1,244,0.01281
534.463,1,243.5,0.0128121
535.329,1,243,0.0128149
536.195,1,242.5,0.0128183
537.061,1,242,0.0128222
537.928,1,241.5,0.0128273
538.794,1,241,0.0128318
539.66,1,240.5,0.0128364
540.526,1,240,0.0128402
541.392,1,239.5,0.0128434
542.258,1,239,0.012845
543.124,1,238.5,0.0128444
543.99,1,238,0.0128426
544.856,1,237.5,0.0128407
545.722,1,237,0.0128381
546.588,1,236.5,0.0128333
547.454,1,236,0.0128279
548.32,1,235.5,0.0128221
549.186,1,235,0.0128144
550.052,1,234.5,0.0128066
550.918,1,234,0.0127986
551.784,1,233.5,0.0127912
552.65,1,233,0.0127838
553.516,1,232.5,0.0127764
554.382,1,232,0.0127695
555.248,1,231.5,0.0127626
556.114,1,231,0.0127557
556.98,1,230.5,0.0127519
557.846,1,230,0.0127502
558.712,1,229.5,0.0127486
559.578,1,229,0.0127481
560.444,1,228.5,0.0127491
561.31,1,228,0.0127499
562.176,1,227.5,0.0127511
563.042,1,227,0.0127531
563.908,1,226.5,0.0127551
564.774,1,226,0.0127572
565.64,1,225.5,0.0127601
566.506,1,225,0.0127629
567.372,1,224.5,0.0127658
568.238,1,224,0.0127689
569.104,1,223.5,0.0127721
569.97,1,223,0.0127752
570.836,1,222.5,0.0127781
571.703,1,222,0.012781
572.569,1,221.5,0.0127838
573.435,1,221,0.0127865
574.301,1,220.5,0.0127888
575.167,1,220,0.012791
576.033,1,219.5,0.0127918
576.899,1,219,0.012792
577.765,1,218.5,0.0127925
578.631,1,218,0.0127926
579.497,1,217.5,0.0127918
580.363,1,217,0.0127913
581.229,1,216.5,0.0127911
582.095,1,216,0.0127907
582.961,1,215.5,0.0127904
583.827,1,215,0.0127902
584.693,1,214.5,0.01279
585.559,1,214,0.0127901
586.425,1,213.5,0.0127904
587.291,1,213,0.0127905
588.157,1,212.5,0.0127906
589.023,1,212,0.0127909
589.889,1,211.5,0.0127908
590.755,1,211,0.0127907
591.621,1,210.5,0.0127907
592.487,1,210,0.0127904
593.353,1,209.5,0.01279
594.219,1,209,0.0127897
595.085,1,208.5,0.0127896
595.951,1,208,0.0127893
596.817,1,207.5,0.0127889
597.683,1,207,0.0127885
598.549,1,206.5,0.0127879
599.415,1,206,0.0127867
600.281,1,205.5,0.0127854
601.147,1,205,0.0127837
602.013,1,204.5,0.012782
602.879,1,204,0.0127803
603.745,1,203.5,0.012778
604.611,1,203,0.0127755
605.477,1,202.5,0.0127729
606.344,1,202,0.0127697
607.21,1,201.5,0.0127664
608.076,1,201,0.012763
608.942,1,200.5,0.0127591
609.808,1,200,0.012755
