x,y,z,b
90.1924,1,500,0.0137389
91.0584,1,499.5,0.0137445
91.9244,1,499,0.0137527
92.7905,1,498.5,0.013761
93.6565,1,498,0.0137719
94.5225,1,497.5,0.0137878
95.3885,1,497,0.0138153
96.2546,1,496.5,0.0138463
97.1206,1,496,0.0138658
97.9866,1,495.5,0.0138666
98.8526,1,495,0.0138628
99.7187,1,494.5,0.0138546
100.585,1,494,0.0138269
101.451,1,493.5,0.0137994
102.317,1,493,0.0137965
103.183,1,492.5,0.0137904
104.049,1,492,0.0137819
104.915,1,491.5,0.0137721
105.781,1,491,0.0137526
106.647,1,490.5,0.0137136
107.513,1,490,0.0136645
108.379,1,489.5,0.0136004
109.245,1,489,0.0135172
110.111,1,488.5,0.0134286
110.977,1,488,0.0133399
111.843,1,487.5,0.0132811
112.709,1,487,0.0132193
113.575,1,486.5,0.0131541
114.441,1,486,0.0130818
115.307,1,485.5,0.0130053
116.173,1,485,0.0129098
117.039,1,484.5,0.0128134
117.905,1,484,0.0127203
118.771,1,483.5,0.0126304
119.637,1,483,0.0125498
120.503,1,482.5,0.0124678
121.369,1,482,0.0123605
122.235,1,481.5,0.0122653
123.101,1,481,0.0121829
123.967,1,480.5,0.0121028
124.833,1,480,0.0120494
125.699,1,479.5,0.0120683
126.565,1,479,0.0121033
127.431,1,478.5,0.0121461
128.297,1,478,0.0122023
129.164,1,477.5,0.0122618
130.03,1,477,0.0123109
130.896,1,476.5,0.012338
131.762,1,476,0.0123686
132.628,1,475.5,0.0124027
133.494,1,475,0.0124575
134.36,1,474.5,0.0125201
135.226,1,474,0.0126099
136.092,1,473.5,0.012707
136.958,1,473,0.0128032
137.824,1,472.5,0.0128976
138.69,1,472,0.0129882
139.556,1,471.5,0.0130708
140.422,1,471,0.0131476
141.288,1,470.5,0.0132271
142.154,1,470,0.0133089
143.02,1,469.5,0.0133962
143.886,1,469,0.0134827
144.752,1,468.5,0.0135469
145.618,1,468,0.013608
146.484,1,467.5,0.0136649
147.35,1,467,0.0137117
148.216,1,466.5,0.0137588
149.082,1,466,0.0138076
149.948,1,465.5,0.0138365
150.814,1,465,0.0138607
151.68,1,464.5,0.0138802
152.546,1,464,0.013872
153.412,1,463.5,0.0138608
154.278,1,463,0.0138644
155.144,1,462.5,0.0138608
156.01,1,462,0.0138533
156.876,1,461.5,0.0138443
157.742,1,461,0.0138281
158.608,1,460.5,0.013827
159.474,1,460,0.0138471
160.34,1,459.5,0.0138643
161.206,1,459,0.013877
162.072,1,458.5,0.0138881
162.939,1,458,0.0138964
163.805,1,457.5,0.0138601
164.671,1,457,0.0138237
165.537,1,456.5,0.0137876
166.403,1,456,0.0137527
167.269,1,455.5,0.0137173
168.135,1,455,0.01367
169.001,1,454.5,0.0136149
169.867,1,454,0.0135602
170.733,1,453.5,0.0135059
171.599,1,453,0.0134554
172.465,1,452.5,0.013406
173.331,1,452,0.013353
174.197,1,451.5,0.0133045
175.063,1,451,0.0132593
175.929,1,450.5,0.0132163
176.795,1,450,0.0131741
177.661,1,449.5,0.0131373
178.527,1,449,0.0131032
179.393,1,448.5,0.0130664
180.259,1,448,0.0130245
181.125,1,447.5,0.0129814
181.991,1,447,0.0129378
182.857,1,446.5,0.0129007
183.723,1,446,0.0128638
184.589,1,445.5,0.0128268
185.455,1,445,0.0127819
186.321,1,444.5,0.0127371
187.187,1,444,0.0126844
188.053,1,443.5,0.0126211
188.919,1,443,0.0125554
189.785,1,442.5,0.0124884
190.651,1,442,0.0124182
191.517,1,441.5,0.0123486
192.383,1,441,0.0122888
193.249,1,440.5,0.0122286
194.115,1,440,0.0121685
194.981,1,439.5,0.0121089
195.847,1,439,0.0120513
196.714,1,438.5,0.0119776
197.58,1,438,0.0118965
198.446,1,437.5,0.0118162
199.312,1,437,0.0117387
200.178,1,436.5,0.0116604
201.044,1,436,0.0115895
201.91,1,435.5,0.0115386
202.776,1,435,0.0114861
203.642,1,434.5,0.011432
204.508,1,434,0.0114252
205.374,1,433.5,0.0114212
206.24,1,433,0.0114197
207.106,1,432.5,0.0114416
207.972,1,432,0.0114723
208.838,1,431.5,0.011506
209.704,1,431,0.0115564
210.57,1,430.5,0.0116147
211.436,1,430,0.0116645
212.302,1,429.5,0.0117282
213.168,1,429,0.0118092
214.034,1,428.5,0.0118894
214.9,1,428,0.0119775
215.766,1,427.5,0.0121053
216.632,1,427,0.0122402
217.498,1,426.5,0.0123819
218.364,1,426,0.0125428
219.23,1,425.5,0.0127061
220.096,1,425,0.0128611
220.962,1,424.5,0.0130077
221.828,1,424,0.0131582
222.694,1,423.5,0.0133126
223.56,1,423,0.0134684
224.426,1,422.5,0.0136271
225.292,1,422,0.0137902
226.158,1,421.5,0.0139486
227.024,1,421,0.0141033
227.89,1,420.5,0.0142568
228.756,1,420,0.0144042
229.622,1,419.5,0.0145419
230.488,1,419,0.0146745
231.355,1,418.5,0.0148017
232.221,1,418,0.0149192
233.087,1,417.5,0.0150355
233.953,1,417,0.0151504
234.819,1,416.5,0.0152737
235.685,1,416,0.0153978
236.551,1,415.5,0.0155227
237.417,1,415,0.0156483
238.283,1,414.5,0.0157736
239.149,1,414,0.0158969
240.015,1,413.5,0.0159475
240.881,1,413,0.0159845
241.747,1,412.5,0.0160177
242.613,1,412,0.016021
243.479,1,411.5,0.0160126
244.345,1,411,0.0159951
245.211,1,410.5,0.0159677
246.077,1,410,0.0159311
246.943,1,409.5,0.0158924
247.809,1,409,0.015843
248.675,1,408.5,0.0157732
249.541,1,408,0.0156962
250.407,1,407.5,0.0156112
251.273,1,407,0.0155108
252.139,1,406.5,0.0154091
253.005,1,406,0.0153082
253.871,1,405.5,0.0152211
254.737,1,405,0.0151313
255.603,1,404.5,0.0150388
256.469,1,404,0.0149391
257.335,1,403.5,0.0148373
258.201,1,403,0.0147317
259.067,1,402.5,0.0146185
259.933,1,402,0.014504
260.799,1,401.5,0.0143899
261.665,1,401,0.0142309
262.531,1,400.5,0.0140427
263.397,1,400,0.0138438
264.263,1,399.5,0.0135786
265.13,1,399,0.0132471
265.996,1,398.5,0.0129234
266.862,1,398,0.0126179
267.728,1,397.5,0.012342
268.594,1,397,0.0120735
269.46,1,396.5,0.0118293
270.326,1,396,0.0116857
271.192,1,395.5,0.0115517
272.058,1,395,0.0114352
272.924,1,394.5,0.0114195
273.79,1,394,0.0113845
274.656,1,393.5,0.0113289
275.522,1,393,0.011162
276.388,1,392.5,0.0109445
277.254,1,392,0.0107179
278.12,1,391.5,0.0108786
278.986,1,391,0.0113669
279.852,1,390.5,0.0120213
280.718,1,390,0.0139707
281.584,1,389.5,0.0172607
282.45,1,389,0.020214
283.316,1,388.5,0.0235856
284.182,1,388,0.0276791
285.048,1,387.5,0.0315455
285.914,1,387,0.034586
286.78,1,386.5,0.0372462
287.646,1,386,0.0386696
288.512,1,385.5,0.0388892
289.378,1,385,0.0383971
290.244,1,384.5,0.0392627
291.11,1,384,0.0391233
291.976,1,383.5,0.0437158
292.842,1,383,0.0493182
293.708,1,382.5,0.0554584
294.574,1,382,0.058874
295.44,1,381.5,0.0599847
296.306,1,381,0.0613918
297.172,1,380.5,0.0610965
298.038,1,380,0.0599399
298.905,1,379.5,0.0592941
299.771,1,379,0.0580867
300.637,1,378.5,0.057106
301.503,1,378,0.0567589
302.369,1,377.5,0.0559696
303.235,1,377,0.0553189
304.101,1,376.5,0.0555878
304.967,1,376,0.0561142
305.833,1,375.5,0.0546773
306.699,1,375,0.053661
307.565,1,374.5,0.0530989
308.431,1,374,0.0532557
309.297,1,373.5,0.0537633
310.163,1,373,0.0544828
311.029,1,372.5,0.0562768
311.895,1,372,0.0588582
312.761,1,371.5,0.0620387
313.627,1,371,0.0631799
314.493,1,370.5,0.0620503
315.359,1,370,0.0596872
316.225,1,369.5,0.0575805
317.091,1,369,0.0542858
317.957,1,368.5,0.0524587
318.823,1,368,0.0525347
319.689,1,367.5,0.0535578
320.555,1,367,0.0553445
321.421,1,366.5,0.0576304
322.287,1,366,0.0596537
323.153,1,365.5,0.0613137
324.019,1,365,0.0626561
324.885,1,364.5,0.0640364
325.751,1,364,0.0659449
326.617,1,363.5,0.0675791
327.483,1,363,0.0692363
328.349,1,362.5,0.0758257
329.215,1,362,0.0810671
330.081,1,361.5,0.0885809
330.947,1,361,0.0960024
331.813,1,360.5,0.102485
332.679,1,360,0.106372
333.546,1,359.5,0.108093
334.412,1,359,0.108473
335.278,1,358.5,0.108684
336.144,1,358,0.108846
337.01,1,357.5,0.109207
337.876,1,357,0.109528
338.742,1,356.5,0.108951
339.608,1,356,0.108515
340.474,1,355.5,0.10814
341.34,1,355,0.104583
342.206,1,354.5,0.0997024
343.072,1,354,0.0924316
343.938,1,353.5,0.0824601
344.804,1,353,0.0732114
345.67,1,352.5,0.0666948
346.536,1,352,0.0612143
347.402,1,351.5,0.0589712
348.268,1,351,0.0564832
349.134,1,350.5,0.0526364
350,1,350,0.0537047
350.866,1,349.5,0.057545
351.732,1,349,0.051947
352.598,1,348.5,0.0440526
353.464,1,348,0.0358298
354.33,1,347.5,0.0280883
355.196,1,347,0.0245086
356.062,1,346.5,0.022883
356.928,1,346,0.0228006
357.794,1,345.5,0.0232921
358.66,1,345,0.0242981
359.526,1,344.5,0.0240866
360.392,1,344,0.0233868
361.258,1,343.5,0.0230642
362.124,1,343,0.0229737
362.99,1,342.5,0.022842
363.856,1,342,0.0222952
364.722,1,341.5,0.0217752
365.588,1,341,0.0210704
366.454,1,340.5,0.0198829
367.321,1,340,0.0189117
368.187,1,339.5,0.0185229
369.053,1,339,0.0185157
369.919,1,338.5,0.0186636
370.785,1,338,0.0191036
371.651,1,337.5,0.0197739
372.517,1,337,0.0206682
373.383,1,336.5,0.0215958
374.249,1,336,0.0225735
375.115,1,335.5,0.0234993
375.981,1,335,0.0240912
376.847,1,334.5,0.0247605
377.713,1,334,0.0251092
378.579,1,333.5,0.0250496
379.445,1,333,0.0249022
380.311,1,332.5,0.0250235
381.177,1,332,0.0253744
382.043,1,331.5,0.0260409
382.909,1,331,0.0280656
383.775,1,330.5,0.0295326
384.641,1,330,0.0298765
385.507,1,329.5,0.0302817
386.373,1,329,0.0319851
387.239,1,328.5,0.034031
388.105,1,328,0.0363502
388.971,1,327.5,0.0386056
389.837,1,327,0.0402027
390.703,1,326.5,0.0419027
391.569,1,326,0.0435331
392.435,1,325.5,0.0452316
393.301,1,325,0.0467206
394.167,1,324.5,0.0478545
395.033,1,324,0.0486704
395.899,1,323.5,0.0493402
396.765,1,323,0.0499213
397.631,1,322.5,0.0505465
398.497,1,322,0.0510162
399.363,1,321.5,0.0515407
400.229,1,321,0.0520044
401.095,1,320.5,0.0522903
401.962,1,320,0.0524712
402.828,1,319.5,0.0526089
403.694,1,319,0.0526447
404.56,1,318.5,0.0525636
405.426,1,318,0.0520697
406.292,1,317.5,0.0516139
407.158,1,317,0.0513765
408.024,1,316.5,0.0508085
408.89,1,316,0.0505393
409.756,1,315.5,0.0505027
410.622,1,315,0.0506986
411.488,1,314.5,0.051127
412.354,1,314,0.051284
413.22,1,313.5,0.0509001
414.086,1,313,0.0498666
414.952,1,312.5,0.0488298
415.818,1,312,0.0475163
416.684,1,311.5,0.0467458
417.55,1,311,0.0456987
418.416,1,310.5,0.0446854
419.282,1,310,0.044257
420.148,1,309.5,0.0439318
421.014,1,309,0.0437097
421.88,1,308.5,0.0435417
422.746,1,308,0.0431902
423.612,1,307.5,0.0426522
424.478,1,307,0.0424037
425.344,1,306.5,0.0423493
426.21,1,306,0.0423627
427.076,1,305.5,0.0419689
427.942,1,305,0.0418934
428.808,1,304.5,0.0413646
429.674,1,304,0.0410924
430.54,1,303.5,0.0405836
431.406,1,303,0.0404263
432.272,1,302.5,0.0403085
433.138,1,302,0.0401636
434.004,1,301.5,0.0402199
434.87,1,301,0.0403625
435.737,1,300.5,0.0405545
436.603,1,300,0.0412434
437.469,1,299.5,0.042326
438.335,1,299,0.0433478
439.201,1,298.5,0.0440439
440.067,1,298,0.0450791
440.933,1,297.5,0.0457678
441.799,1,297,0.0465037
442.665,1,296.5,0.0472758
443.531,1,296,0.0479381
444.397,1,295.5,0.0483698
445.263,1,295,0.0488933
446.129,1,294.5,0.0496071
446.995,1,294,0.0503614
447.861,1,293.5,0.0510814
448.727,1,293,0.0516903
449.593,1,292.5,0.0521637
450.459,1,292,0.0525391
451.325,1,291.5,0.0525319
452.191,1,291,0.0523019
453.057,1,290.5,0.0519101
453.923,1,290,0.0513409
454.789,1,289.5,0.0507996
455.655,1,289,0.0504808
456.521,1,288.5,0.0499462
457.387,1,288,0.0491479
458.253,1,287.5,0.0486326
459.119,1,287,0.0489689
459.985,1,286.5,0.0495922
460.851,1,286,0.0495917
461.717,1,285.5,0.0491167
462.583,1,285,0.0487806
463.449,1,284.5,0.0515206
464.315,1,284,0.0557652
465.181,1,283.5,0.0589687
466.047,1,283,0.0628004
466.913,1,282.5,0.0633994
467.779,1,282,0.0633925
468.645,1,281.5,0.0630292
469.512,1,281,0.0622814
470.378,1,280.5,0.0615814
471.244,1,280,0.0615283
472.11,1,279.5,0.0619837
472.976,1,279,0.0625196
473.842,1,278.5,0.062517
474.708,1,278,0.0631499
475.574,1,277.5,0.0639471
476.44,1,277,0.0645449
477.306,1,276.5,0.0652428
478.172,1,276,0.0660499
479.038,1,275.5,0.066922
479.904,1,275,0.0678555
480.77,1,274.5,0.068149
481.636,1,274,0.0679552
482.502,1,273.5,0.0675777
483.368,1,273,0.0671236
484.234,1,272.5,0.0666482
485.1,1,272,0.0662505
485.966,1,271.5,0.0666982
486.832,1,271,0.0675903
487.698,1,270.5,0.0689366
488.564,1,270,0.0703426
489.43,1,269.5,0.0717033
490.296,1,269,0.071869
491.162,1,268.5,0.0710497
492.028,1,268,0.0701019
492.894,1,267.5,0.0699557
493.76,1,267,0.0703748
494.626,1,266.5,0.070495
495.492,1,266,0.068715
496.358,1,265.5,0.0664577
497.224,1,265,0.0627445
498.09,1,264.5,0.0594483
498.956,1,264,0.0519089
499.822,1,263.5,0.0452131
500.688,1,263,0.0415277
501.554,1,262.5,0.0403477
502.42,1,262,0.0399839
503.286,1,261.5,0.037219
504.153,1,261,0.0330653
505.019,1,260.5,0.027723
505.885,1,260,0.0268578
506.751,1,259.5,0.0278194
507.617,1,259,0.0298403
508.483,1,258.5,0.0305371
509.349,1,258,0.0310106
510.215,1,257.5,0.0347173
511.081,1,257,0.0408543
511.947,1,256.5,0.0458487
512.813,1,256,0.0506991
513.679,1,255.5,0.0534674
514.545,1,255,0.0534566
515.411,1,254.5,0.052836
516.277,1,254,0.0517182
517.143,1,253.5,0.0487849
518.009,1,253,0.0449078
518.875,1,252.5,0.0406199
519.741,1,252,0.0369941
520.607,1,251.5,0.0341608
521.473,1,251,0.0327151
522.339,1,250.5,0.031986
523.205,1,250,0.0334511
524.071,1,249.5,0.0382403
524.937,1,249,0.0428949
525.803,1,248.5,0.0454683
526.669,1,248,0.0470676
527.535,1,247.5,0.0467695
528.401,1,247,0.0465249
529.267,1,246.5,0.0461795
530.133,1,246,0.0451834
530.999,1,245.5,0.0417604
531.865,1,245,0.038799
532.731,1,244.5,0.0356088
533.597,1,244,0.0328486
534.463,1,243.5,0.0323633
535.329,1,243,0.0308093
536.195,1,242.5,0.0281351
537.061,1,242,0.0284915
537.928,1,241.5,0.0285073
538.794,1,241,0.0341073
539.66,1,240.5,0.0335427
540.526,1,240,0.0321568
541.392,1,239.5,0.0305866
542.258,1,239,0.0291177
543.124,1,238.5,0.0287309
543.99,1,238,0.0295052
544.856,1,237.5,0.0302097
545.722,1,237,0.0311998
546.588,1,236.5,0.0332278
547.454,1,236,0.0351519
548.32,1,235.5,0.0367939
549.186,1,235,0.0356504
550.052,1,234.5,0.0421526
550.918,1,234,0.0447673
551.784,1,233.5,0.04611
552.65,1,233,0.047626
553.516,1,232.5,0.0496733
554.382,1,232,0.0496785
555.248,1,231.5,0.0486642
556.114,1,231,0.0470377
556.98,1,230.5,0.0428874
557.846,1,230,0.0388127
558.712,1,229.5,0.0340505
559.578,1,229,0.030693
560.444,1,228.5,0.0315565
561.31,1,228,0.0319582
562.176,1,227.5,0.0328214
563.042,1,227,0.0323254
563.908,1,226.5,0.0316222
564.774,1,226,0.0307851
565.64,1,225.5,0.0306149
566.506,1,225,0.0312825
567.372,1,224.5,0.0311166
568.238,1,224,0.0332617
569.104,1,223.5,0.0300528
569.97,1,223,0.0292884
570.836,1,222.5,0.0296344
571.703,1,222,0.0298929
572.569,1,221.5,0.0293305
573.435,1,221,0.0286521
574.301,1,220.5,0.0275115
575.167,1,220,0.026581
576.033,1,219.5,0.0260121
576.899,1,219,0.0251082
577.765,1,218.5,0.0243707
578.631,1,218,0.0239312
579.497,1,217.5,0.023862
580.363,1,217,0.0237404
581.229,1,216.5,0.0233926
582.095,1,216,0.0227721
582.961,1,215.5,0.0221589
583.827,1,215,0.0214262
584.693,1,214.5,0.0209292
585.559,1,214,0.0208854
586.425,1,213.5,0.0211697
587.291,1,213,0.0213205
588.157,1,212.5,0.0211273
589.023,1,212,0.0202959
589.889,1,211.5,0.0197014
590.755,1,211,0.0194905
591.621,1,210.5,0.0192615
592.487,1,210,0.0187809
593.353,1,209.5,0.0195794
594.219,1,209,0.0191659
595.085,1,208.5,0.0191824
595.951,1,208,0.0193022
596.817,1,207.5,0.0195004
597.683,1,207,0.0198109
598.549,1,206.5,0.0202709
599.415,1,206,0.0205239
600.281,1,205.5,0.0207202
601.147,1,205,0.0208428
602.013,1,204.5,0.0209271
602.879,1,204,0.0209732
603.745,1,203.5,0.0209275
604.611,1,203,0.020963
605.477,1,202.5,0.0210663
606.344,1,202,0.0211635
607.21,1,201.5,0.0211889
608.076,1,201,0.0211487
608.942,1,200.5,0.0207473
609.808,1,200,0.0202209
