x,y,z,b
90.1924,1,500,0.0137448
91.0584,1,499.5,0.0137227
91.9244,1,499,0.0136934
92.7905,1,498.5,0.0136487
93.6565,1,498,0.0136062
94.5225,1,497.5,0.0135634
95.3885,1,497,0.0135113
96.2546,1,496.5,0.0134572
97.1206,1,496,0.0134161
97.9866,1,495.5,0.0133821
98.8526,1,495,0.0133526
99.7187,1,494.5,0.0133276
100.585,1,494,0.0133081
101.451,1,493.5,0.0132825
102.317,1,493,0.0131646
103.183,1,492.5,0.0130516
104.049,1,492,0.012941
104.915,1,491.5,0.0128289
105.781,1,491,0.0127558
106.647,1,490.5,0.0127896
107.513,1,490,0.0128413
108.379,1,489.5,0.0128762
109.245,1,489,0.01289
110.111,1,488.5,0.0128728
110.977,1,488,0.0128315
111.843,1,487.5,0.0128391
112.709,1,487,0.0128855
113.575,1,486.5,0.0129733
114.441,1,486,0.0131196
115.307,1,485.5,0.0133019
116.173,1,485,0.0133388
117.039,1,484.5,0.0132581
117.905,1,484,0.0131608
118.771,1,483.5,0.0130481
119.637,1,483,0.0129204
120.503,1,482.5,0.0128591
121.369,1,482,0.0130049
122.235,1,481.5,0.0131529
123.101,1,481,0.0132928
123.967,1,480.5,0.0134206
124.833,1,480,0.013533
125.699,1,479.5,0.0135199
126.565,1,479,0.0134959
127.431,1,478.5,0.0134952
128.297,1,478,0.0135167
129.164,1,477.5,0.0135672
130.03,1,477,0.0136304
130.896,1,476.5,0.0136458
131.762,1,476,0.0136375
132.628,1,475.5,0.0136056
133.494,1,475,0.0135464
134.36,1,474.5,0.0134674
135.226,1,474,0.0134887
136.092,1,473.5,0.013563
136.958,1,473,0.0136629
137.824,1,472.5,0.0137874
138.69,1,472,0.0139345
139.556,1,471.5,0.0140241
140.422,1,471,0.0139727
141.288,1,470.5,0.013909
142.154,1,470,0.0138339
143.02,1,469.5,0.0137457
143.886,1,469,0.0136404
144.752,1,468.5,0.01375
145.618,1,468,0.0139047
146.484,1,467.5,0.0140704
147.35,1,467,0.0142215
148.216,1,466.5,0.0143757
149.082,1,466,0.0144059
149.948,1,465.5,0.0142556
150.814,1,465,0.0141132
151.68,1,464.5,0.0139786
152.546,1,464,0.0138349
153.412,1,463.5,0.0137002
154.278,1,463,0.0137424
155.144,1,462.5,0.0137746
156.01,1,462,0.0138033
156.876,1,461.5,0.0138346
157.742,1,461,0.0138538
158.608,1,460.5,0.0138058
159.474,1,460,0.0136938
160.34,1,459.5,0.0135758
161.206,1,459,0.0134471
162.072,1,458.5,0.013322
162.939,1,458,0.0132022
163.805,1,457.5,0.0131509
164.671,1,457,0.0130942
165.537,1,456.5,0.0130362
166.403,1,456,0.0129899
167.269,1,455.5,0.012915
168.135,1,455,0.0128289
169.001,1,454.5,0.0127947
169.867,1,454,0.0128064
170.733,1,453.5,0.0128635
171.599,1,453,0.0129968
172.465,1,452.5,0.0131799
173.331,1,452,0.0131278
174.197,1,451.5,0.0130514
175.063,1,451,0.0129519
175.929,1,450.5,0.0128242
176.795,1,450,0.0126959
177.661,1,449.5,0.0128495
178.527,1,449,0.0131722
179.393,1,448.5,0.013506
180.259,1,448,0.0138435
181.125,1,447.5,0.0141592
181.991,1,447,0.0144212
182.857,1,446.5,0.0144906
183.723,1,446,0.0145797
184.589,1,445.5,0.0146879
185.455,1,445,0.0147932
186.321,1,444.5,0.0149241
187.187,1,444,0.0151078
188.053,1,443.5,0.0152541
188.919,1,443,0.01536
189.785,1,442.5,0.0154307
190.651,1,442,0.0154498
191.517,1,441.5,0.0154405
192.383,1,441,0.0154703
193.249,1,440.5,0.015517
194.115,1,440,0.0155928
194.981,1,439.5,0.0157061
195.847,1,439,0.0158458
196.714,1,438.5,0.0157987
197.58,1,438,0.0156703
198.446,1,437.5,0.0155253
199.312,1,437,0.0153649
200.178,1,436.5,0.0152109
201.044,1,436,0.015144
201.91,1,435.5,0.0153105
202.776,1,435,0.0154855
203.642,1,434.5,0.0156691
204.508,1,434,0.0158358
205.374,1,433.5,0.0159957
206.24,1,433,0.0159805
207.106,1,432.5,0.0159274
207.972,1,432,0.0158826
208.838,1,431.5,0.0158474
209.704,1,431,0.0158232
210.57,1,430.5,0.0158161
211.436,1,430,0.0158174
212.302,1,429.5,0.0158135
213.168,1,429,0.0158062
214.034,1,428.5,0.0157863
214.9,1,428,0.0157595
215.766,1,427.5,0.0158042
216.632,1,427,0.0158654
217.498,1,426.5,0.0159305
218.364,1,426,0.0159772
219.23,1,425.5,0.0160135
220.096,1,425,0.015997
220.962,1,424.5,0.0158925
221.828,1,424,0.0157848
222.694,1,423.5,0.0156742
223.56,1,423,0.0155482
224.426,1,422.5,0.0154193
225.292,1,422,0.0153968
226.158,1,421.5,0.0153658
227.024,1,421,0.0153254
227.89,1,420.5,0.0152834
228.756,1,420,0.0152155
229.622,1,419.5,0.0150535
230.488,1,419,0.0148328
231.355,1,418.5,0.014622
232.221,1,418,0.0144223
233.087,1,417.5,0.0142793
233.953,1,417,0.0141993
234.819,1,416.5,0.0141531
235.685,1,416,0.0140608
236.551,1,415.5,0.0139242
237.417,1,415,0.0138169
238.283,1,414.5,0.0136951
239.149,1,414,0.0136647
240.015,1,413.5,0.0137669
240.881,1,413,0.0138677
241.747,1,412.5,0.0139612
242.613,1,412,0.0140598
243.479,1,411.5,0.0141475
244.345,1,411,0.0140739
245.211,1,410.5,0.0139994
246.077,1,410,0.0139224
246.943,1,409.5,0.0138409
247.809,1,409,0.0137506
248.675,1,408.5,0.0137482
249.541,1,408,0.0138226
250.407,1,407.5,0.0138985
251.273,1,407,0.0139706
252.139,1,406.5,0.0140555
253.005,1,406,0.0141215
253.871,1,405.5,0.0138998
254.737,1,405,0.0136235
255.603,1,404.5,0.0132927
256.469,1,404,0.0128384
257.335,1,403.5,0.0123324
258.201,1,403,0.0120877
259.067,1,402.5,0.012081
259.933,1,402,0.0120215
260.799,1,401.5,0.011877
261.665,1,401,0.0117458
262.531,1,400.5,0.0116194
263.397,1,400,0.0116331
264.263,1,399.5,0.0117794
265.13,1,399,0.0119996
265.996,1,398.5,0.0122318
266.862,1,398,0.0124759
267.728,1,397.5,0.0123932
268.594,1,397,0.0121707
269.46,1,396.5,0.0119511
270.326,1,396,0.0117715
271.192,1,395.5,0.0116032
272.058,1,395,0.0115383
272.924,1,394.5,0.0118253
273.79,1,394,0.0120764
274.656,1,393.5,0.0122905
275.522,1,393,0.0125487
276.388,1,392.5,0.012773
277.254,1,392,0.0128021
278.12,1,391.5,0.0128878
278.986,1,391,0.0130262
279.852,1,390.5,0.0131602
280.718,1,390,0.0134637
281.584,1,389.5,0.0139718
282.45,1,389,0.0144902
283.316,1,388.5,0.0150021
284.182,1,388,0.0155624
285.048,1,387.5,0.0160386
285.914,1,387,0.016442
286.78,1,386.5,0.0170284
287.646,1,386,0.017661
288.512,1,385.5,0.0183052
289.378,1,385,0.0190204
290.244,1,384.5,0.0197931
291.11,1,384,0.0206094
291.976,1,383.5,0.021452
292.842,1,383,0.0223657
293.708,1,382.5,0.0233482
294.574,1,382,0.0242432
295.44,1,381.5,0.0251151
296.306,1,381,0.0253675
297.172,1,380.5,0.0250433
298.038,1,380,0.0245885
298.905,1,379.5,0.0235906
299.771,1,379,0.0230152
300.637,1,378.5,0.0235848
301.503,1,378,0.0245239
302.369,1,377.5,0.0244675
303.235,1,377,0.0243687
304.101,1,376.5,0.0243525
304.967,1,376,0.0243657
305.833,1,375.5,0.0244442
306.699,1,375,0.02474
307.565,1,374.5,0.02504
308.431,1,374,0.0252098
309.297,1,373.5,0.0253363
310.163,1,373,0.0253993
311.029,1,372.5,0.0256561
311.895,1,372,0.0274299
312.761,1,371.5,0.0288485
313.627,1,371,0.0286794
314.493,1,370.5,0.0283338
315.359,1,370,0.0278149
316.225,1,369.5,0.0274413
317.091,1,369,0.0274958
317.957,1,368.5,0.0271644
318.823,1,368,0.0256786
319.689,1,367.5,0.0266178
320.555,1,367,0.0321168
321.421,1,366.5,0.0342796
322.287,1,366,0.0356821
323.153,1,365.5,0.0371007
324.019,1,365,0.0384711
324.885,1,364.5,0.0387841
325.751,1,364,0.0391968
326.617,1,363.5,0.039711
327.483,1,363,0.0402162
328.349,1,362.5,0.0407818
329.215,1,362,0.0408099
330.081,1,361.5,0.0404299
330.947,1,361,0.0401496
331.813,1,360.5,0.0400701
332.679,1,360,0.0401814
333.546,1,359.5,0.0402914
334.412,1,359,0.040325
335.278,1,358.5,0.0404766
336.144,1,358,0.0409788
337.01,1,357.5,0.0410413
337.876,1,357,0.0410276
338.742,1,356.5,0.0403709
339.608,1,356,0.0390715
340.474,1,355.5,0.0372921
341.34,1,355,0.0356513
342.206,1,354.5,0.0340625
343.072,1,354,0.0327118
343.938,1,353.5,0.0328334
344.804,1,353,0.0331792
345.67,1,352.5,0.0336717
346.536,1,352,0.0351519
347.402,1,351.5,0.0374658
348.268,1,351,0.0385726
349.134,1,350.5,0.0399709
350,1,350,0.0438959
350.866,1,349.5,0.0430479
351.732,1,349,0.0434016
352.598,1,348.5,0.0431389
353.464,1,348,0.0423142
354.33,1,347.5,0.0416211
355.196,1,347,0.0427411
356.062,1,346.5,0.0446821
356.928,1,346,0.0473694
357.794,1,345.5,0.051293
358.66,1,345,0.0549625
359.526,1,344.5,0.0580067
360.392,1,344,0.0578801
361.258,1,343.5,0.0576925
362.124,1,343,0.0564642
362.99,1,342.5,0.0531307
363.856,1,342,0.0499047
364.722,1,341.5,0.0431474
365.588,1,341,0.0393403
366.454,1,340.5,0.0395495
367.321,1,340,0.0405478
368.187,1,339.5,0.042697
369.053,1,339,0.0442101
369.919,1,338.5,0.0459078
370.785,1,338,0.048141
371.651,1,337.5,0.0482249
372.517,1,337,0.0474016
373.383,1,336.5,0.0478189
374.249,1,336,0.0476546
375.115,1,335.5,0.0475842
375.981,1,335,0.0480169
376.847,1,334.5,0.0482703
377.713,1,334,0.0484712
378.579,1,333.5,0.0494117
379.445,1,333,0.0497424
380.311,1,332.5,0.0499778
381.177,1,332,0.0500689
382.043,1,331.5,0.0503935
382.909,1,331,0.0519826
383.775,1,330.5,0.0536586
384.641,1,330,0.0549495
385.507,1,329.5,0.0561901
386.373,1,329,0.0565517
387.239,1,328.5,0.0587263
388.105,1,328,0.0612513
388.971,1,327.5,0.063358
389.837,1,327,0.0655576
390.703,1,326.5,0.0668056
391.569,1,326,0.0667056
392.435,1,325.5,0.0659234
393.301,1,325,0.0646129
394.167,1,324.5,0.0606518
395.033,1,324,0.0536873
395.899,1,323.5,0.0474018
396.765,1,323,0.0486392
397.631,1,322.5,0.0553534
398.497,1,322,0.0561304
399.363,1,321.5,0.0567349
400.229,1,321,0.0570451
401.095,1,320.5,0.057587
401.962,1,320,0.0583059
402.828,1,319.5,0.059004
403.694,1,319,0.0599103
404.56,1,318.5,0.0610634
405.426,1,318,0.061751
406.292,1,317.5,0.062161
407.158,1,317,0.062461
408.024,1,316.5,0.0629511
408.89,1,316,0.0638849
409.756,1,315.5,0.0669123
410.622,1,315,0.0701862
411.488,1,314.5,0.072549
412.354,1,314,0.0746877
413.22,1,313.5,0.0766559
414.086,1,313,0.0781548
414.952,1,312.5,0.0792372
415.818,1,312,0.0812455
416.684,1,311.5,0.0834193
417.55,1,311,0.0855582
418.416,1,310.5,0.087441
419.282,1,310,0.088753
420.148,1,309.5,0.0898539
421.014,1,309,0.0908944
421.88,1,308.5,0.091997
422.746,1,308,0.0931789
423.612,1,307.5,0.0943264
424.478,1,307,0.0955141
425.344,1,306.5,0.0970797
426.21,1,306,0.0984504
427.076,1,305.5,0.0995351
427.942,1,305,0.10036
428.808,1,304.5,0.101894
429.674,1,304,0.105883
430.54,1,303.5,0.104961
431.406,1,303,0.10352
432.272,1,302.5,0.104038
433.138,1,302,0.105192
434.004,1,301.5,0.102811
434.87,1,301,0.0988108
435.737,1,300.5,0.0968609
436.603,1,300,0.0966346
437.469,1,299.5,0.0939858
438.335,1,299,0.0896585
439.201,1,298.5,0.080381
440.067,1,298,0.0754843
440.933,1,297.5,0.0739215
441.799,1,297,0.0731256
442.665,1,296.5,0.0728669
443.531,1,296,0.0731873
444.397,1,295.5,0.0755032
445.263,1,295,0.0798041
446.129,1,294.5,0.0880894
446.995,1,294,0.090754
447.861,1,293.5,0.0887107
448.727,1,293,0.0792904
449.593,1,292.5,0.0705147
450.459,1,292,0.0644679
451.325,1,291.5,0.0668714
452.191,1,291,0.0721163
453.057,1,290.5,0.0799659
453.923,1,290,0.0912311
454.789,1,289.5,0.099049
455.655,1,289,0.100685
456.521,1,288.5,0.100548
457.387,1,288,0.0995419
458.253,1,287.5,0.0987923
459.119,1,287,0.0989695
459.985,1,286.5,0.099783
460.851,1,286,0.100486
461.717,1,285.5,0.100995
462.583,1,285,0.100806
463.449,1,284.5,0.0993486
464.315,1,284,0.0981405
465.181,1,283.5,0.099156
466.047,1,283,0.100678
466.913,1,282.5,0.102635
467.779,1,282,0.0976665
468.645,1,281.5,0.0882696
469.512,1,281,0.0742323
470.378,1,280.5,0.0597785
471.244,1,280,0.0503917
472.11,1,279.5,0.0503525
472.976,1,279,0.0532663
473.842,1,278.5,0.057277
474.708,1,278,0.0599416
475.574,1,277.5,0.0611287
476.44,1,277,0.0616617
477.306,1,276.5,0.0605731
478.172,1,276,0.0584159
479.038,1,275.5,0.0544472
479.904,1,275,0.0489258
480.77,1,274.5,0.0458385
481.636,1,274,0.0457623
482.502,1,273.5,0.0463201
483.368,1,273,0.046654
484.234,1,272.5,0.0470249
485.1,1,272,0.0469551
485.966,1,271.5,0.0460692
486.832,1,271,0.0439328
487.698,1,270.5,0.0408659
488.564,1,270,0.0379692
489.43,1,269.5,0.0371836
490.296,1,269,0.0366439
491.162,1,268.5,0.0362678
492.028,1,268,0.0373156
492.894,1,267.5,0.0369849
493.76,1,267,0.0357374
494.626,1,266.5,0.0342778
495.492,1,266,0.0341573
496.358,1,265.5,0.0340727
497.224,1,265,0.033918
498.09,1,264.5,0.0337425
498.956,1,264,0.033546
499.822,1,263.5,0.0333286
500.688,1,263,0.0331436
501.554,1,262.5,0.0329656
502.42,1,262,0.0325557
503.286,1,261.5,0.0320549
504.153,1,261,0.0315559
505.019,1,260.5,0.031035
505.885,1,260,0.0305351
506.751,1,259.5,0.0301307
507.617,1,259,0.0299848
508.483,1,258.5,0.0301159
509.349,1,258,0.0306649
510.215,1,257.5,0.0313355
511.081,1,257,0.0320708
511.947,1,256.5,0.0327948
512.813,1,256,0.0335052
513.679,1,255.5,0.0338401
514.545,1,255,0.0335561
515.411,1,254.5,0.0333991
516.277,1,254,0.0324408
517.143,1,253.5,0.0322027
518.009,1,253,0.0336638
518.875,1,252.5,0.0355463
519.741,1,252,0.0370802
520.607,1,251.5,0.0382541
521.473,1,251,0.0391712
522.339,1,250.5,0.0398869
523.205,1,250,0.0405762
524.071,1,249.5,0.041391
524.937,1,249,0.0419228
525.803,1,248.5,0.0420878
526.669,1,248,0.0423603
527.535,1,247.5,0.0422897
528.401,1,247,0.0418067
529.267,1,246.5,0.0411276
530.133,1,246,0.040324
530.999,1,245.5,0.0393169
531.865,1,245,0.0381268
532.731,1,244.5,0.0367589
533.597,1,244,0.0354193
534.463,1,243.5,0.034254
535.329,1,243,0.033496
536.195,1,242.5,0.0328619
537.061,1,242,0.0321769
537.928,1,241.5,0.031441
538.794,1,241,0.0307081
539.66,1,240.5,0.0302778
540.526,1,240,0.0298382
541.392,1,239.5,0.0293893
542.258,1,239,0.0289312
543.124,1,238.5,0.0284637
543.99,1,238,0.027987
544.856,1,237.5,0.0277176
545.722,1,237,0.0275111
546.588,1,236.5,0.0273174
547.454,1,236,0.0271363
548.32,1,235.5,0.0269678
549.186,1,235,0.02543
550.052,1,234.5,0.0245797
550.918,1,234,0.0236721
551.784,1,233.5,0.0239214
552.65,1,233,0.0249679
553.516,1,232.5,0.0260798
554.382,1,232,0.0273678
555.248,1,231.5,0.0287805
556.114,1,231,0.0302211
556.98,1,230.5,0.0312429
557.846,1,230,0.0324613
558.712,1,229.5,0.0338389
559.578,1,229,0.0351517
560.444,1,228.5,0.0362217
561.31,1,228,0.0369383
562.176,1,227.5,0.0373622
563.042,1,227,0.0375866
563.908,1,226.5,0.0377936
564.774,1,226,0.0379271
565.64,1,225.5,0.0376697
566.506,1,225,0.037195
567.372,1,224.5,0.0366987
568.238,1,224,0.0353346
569.104,1,223.5,0.0339204
569.97,1,223,0.0324661
570.836,1,222.5,0.0294569
571.703,1,222,0.0261742
572.569,1,221.5,0.0230889
573.435,1,221,0.0214416
574.301,1,220.5,0.0206163
575.167,1,220,0.0200199
576.033,1,219.5,0.0197924
576.899,1,219,0.0197204
577.765,1,218.5,0.019526
578.631,1,218,0.0192847
579.497,1,217.5,0.019019
580.363,1,217,0.0192903
581.229,1,216.5,0.019769
582.095,1,216,0.0202103
582.961,1,215.5,0.0206543
583.827,1,215,0.021103
584.693,1,214.5,0.0214708
585.559,1,214,0.0215345
586.425,1,213.5,0.0215786
587.291,1,213,0.0214339
588.157,1,212.5,0.0212839
589.023,1,212,0.0211525
589.889,1,211.5,0.0213151
590.755,1,211,0.0215535
591.621,1,210.5,0.0217957
592.487,1,210,0.0221114
593.353,1,209.5,0.0225141
594.219,1,209,0.0229121
595.085,1,208.5,0.0232111
595.951,1,208,0.0234452
596.817,1,207.5,0.0236211
597.683,1,207,0.0236893
598.549,1,206.5,0.0235787
599.415,1,206,0.0235863
600.281,1,205.5,0.0235046
601.147,1,205,0.0232257
602.013,1,204.5,0.0228153
602.879,1,204,0.0222734
603.745,1,203.5,0.0217065
604.611,1,203,0.0211899
605.477,1,202.5,0.0207757
606.344,1,202,0.0206478
607.21,1,201.5,0.0206292
608.076,1,201,0.0206641
608.942,1,200.5,0.0210091
609.808,1,200,0.0213923
