x,y,z,b
90.1924,1,500,0.0137069
91.0584,1,499.5,0.0137155
91.9244,1,499,0.0137273
92.7905,1,498.5,0.0137428
93.6565,1,498,0.0137613
94.5225,1,497.5,0.0137837
95.3885,1,497,0.0138113
96.2546,1,496.5,0.0138406
97.1206,1,496,0.0138536
97.9866,1,495.5,0.0138341
98.8526,1,495,0.0138121
99.7187,1,494.5,0.0137875
100.585,1,494,0.0137566
101.451,1,493.5,0.0137275
102.317,1,493,0.0137204
103.183,1,492.5,0.0137056
104.049,1,492,0.0136854
104.915,1,491.5,0.0136616
105.781,1,491,0.0136222
106.647,1,490.5,0.0135631
107.513,1,490,0.013496
108.379,1,489.5,0.0134147
109.245,1,489,0.013318
110.111,1,488.5,0.0132195
110.977,1,488,0.0131261
111.843,1,487.5,0.0130652
112.709,1,487,0.0130006
113.575,1,486.5,0.0129322
114.441,1,486,0.0128608
115.307,1,485.5,0.0127847
116.173,1,485,0.0126956
117.039,1,484.5,0.0126132
117.905,1,484,0.0125353
118.771,1,483.5,0.0124615
119.637,1,483,0.012397
120.503,1,482.5,0.0123302
121.369,1,482,0.0122348
122.235,1,481.5,0.0121682
123.101,1,481,0.0121239
123.967,1,480.5,0.0120839
124.833,1,480,0.0120583
125.699,1,479.5,0.0120873
126.565,1,479,0.0121318
127.431,1,478.5,0.0121843
128.297,1,478,0.0122505
129.164,1,477.5,0.0123197
130.03,1,477,0.0123795
130.896,1,476.5,0.0124207
131.762,1,476,0.012468
132.628,1,475.5,0.0125215
133.494,1,475,0.0125913
134.36,1,474.5,0.0126698
135.226,1,474,0.0127651
136.092,1,473.5,0.0128616
136.958,1,473,0.0129567
137.824,1,472.5,0.0130503
138.69,1,472,0.0131387
139.556,1,471.5,0.0132195
140.422,1,471,0.0132954
141.288,1,470.5,0.013372
142.154,1,470,0.0134491
143.02,1,469.5,0.0135308
143.886,1,469,0.0136099
144.752,1,468.5,0.0136619
145.618,1,468,0.0137107
146.484,1,467.5,0.0137566
147.35,1,467,0.013796
148.216,1,466.5,0.0138354
149.082,1,466,0.013875
149.948,1,465.5,0.0138858
150.814,1,465,0.0138939
151.68,1,464.5,0.0138993
152.546,1,464,0.0138863
153.412,1,463.5,0.0138713
154.278,1,463,0.0138672
155.144,1,462.5,0.0138559
156.01,1,462,0.0138407
156.876,1,461.5,0.0138237
157.742,1,461,0.0137993
158.608,1,460.5,0.0137898
159.474,1,460,0.013801
160.34,1,459.5,0.0138088
161.206,1,459,0.0138117
162.072,1,458.5,0.0138126
162.939,1,458,0.0138104
163.805,1,457.5,0.0137669
164.671,1,457,0.0137236
165.537,1,456.5,0.0136807
166.403,1,456,0.0136388
167.269,1,455.5,0.0135964
168.135,1,455,0.013543
169.001,1,454.5,0.0134836
169.867,1,454,0.013425
170.733,1,453.5,0.013367
171.599,1,453,0.0133143
172.465,1,452.5,0.0132637
173.331,1,452,0.0132131
174.197,1,451.5,0.0131662
175.063,1,451,0.0131221
175.929,1,450.5,0.0130798
176.795,1,450,0.0130381
177.661,1,449.5,0.0129985
178.527,1,449,0.0129598
179.393,1,448.5,0.0129188
180.259,1,448,0.0128735
181.125,1,447.5,0.0128273
181.991,1,447,0.0127817
182.857,1,446.5,0.0127468
183.723,1,446,0.0127121
184.589,1,445.5,0.0126774
185.455,1,445,0.012636
186.321,1,444.5,0.0125948
187.187,1,444,0.0125456
188.053,1,443.5,0.0124861
188.919,1,443,0.0124242
189.785,1,442.5,0.0123607
190.651,1,442,0.0122935
191.517,1,441.5,0.0122267
192.383,1,441,0.01217
193.249,1,440.5,0.0121137
194.115,1,440,0.0120586
194.981,1,439.5,0.0120045
195.847,1,439,0.0119533
196.714,1,438.5,0.0118879
197.58,1,438,0.0118162
198.446,1,437.5,0.0117446
199.312,1,437,0.0116728
200.178,1,436.5,0.0116008
201.044,1,436,0.0115367
201.91,1,435.5,0.0115048
202.776,1,435,0.0114714
203.642,1,434.5,0.0114364
204.508,1,434,0.0114443
205.374,1,433.5,0.0114554
206.24,1,433,0.0114731
207.106,1,432.5,0.0115097
207.972,1,432,0.0115535
208.838,1,431.5,0.0115999
209.704,1,431,0.0116653
210.57,1,430.5,0.0117389
211.436,1,430,0.0118018
212.302,1,429.5,0.0118795
213.168,1,429,0.0119759
214.034,1,428.5,0.0120718
214.9,1,428,0.012175
215.766,1,427.5,0.0123168
216.632,1,427,0.012465
217.498,1,426.5,0.0126186
218.364,1,426,0.0127877
219.23,1,425.5,0.0129581
220.096,1,425,0.0131204
220.962,1,424.5,0.0132739
221.828,1,424,0.0134308
222.694,1,423.5,0.0135909
223.56,1,423,0.013751
224.426,1,422.5,0.013913
225.292,1,422,0.0140772
226.158,1,421.5,0.0142359
227.024,1,421,0.0143904
227.89,1,420.5,0.0145431
228.756,1,420,0.0146884
229.622,1,419.5,0.0148233
230.488,1,419,0.0149535
231.355,1,418.5,0.0150777
232.221,1,418,0.0151923
233.087,1,417.5,0.0153061
233.953,1,417,0.0154199
234.819,1,416.5,0.0155459
235.685,1,416,0.0156726
236.551,1,415.5,0.0157985
237.417,1,415,0.0158886
238.283,1,414.5,0.0159767
239.149,1,414,0.0160594
240.015,1,413.5,0.0160724
240.881,1,413,0.0160747
241.747,1,412.5,0.0160755
242.613,1,412,0.0160649
243.479,1,411.5,0.0160492
244.345,1,411,0.0160247
245.211,1,410.5,0.0159906
246.077,1,410,0.0159481
246.943,1,409.5,0.0159035
247.809,1,409,0.0158505
248.675,1,408.5,0.0157803
249.541,1,408,0.0157037
250.407,1,407.5,0.0156216
251.273,1,407,0.0155286
252.139,1,406.5,0.0154354
253.005,1,406,0.0153435
253.871,1,405.5,0.0152597
254.737,1,405,0.0151735
255.603,1,404.5,0.0150849
256.469,1,404,0.0149827
257.335,1,403.5,0.0148799
258.201,1,403,0.0147756
259.067,1,402.5,0.0146478
259.933,1,402,0.014514
260.799,1,401.5,0.0143809
261.665,1,401,0.0141942
262.531,1,400.5,0.0139728
263.397,1,400,0.0137427
264.263,1,399.5,0.0134757
265.13,1,399,0.0131743
265.996,1,398.5,0.012884
266.862,1,398,0.0126224
267.728,1,397.5,0.0124028
268.594,1,397,0.0121893
269.46,1,396.5,0.0119952
270.326,1,396,0.0118726
271.192,1,395.5,0.011754
272.058,1,395,0.0116466
272.924,1,394.5,0.0116027
273.79,1,394,0.0115284
274.656,1,393.5,0.0114228
275.522,1,393,0.011234
276.388,1,392.5,0.0110021
277.254,1,392,0.0107557
278.12,1,391.5,0.0106453
278.986,1,391,0.0106578
279.852,1,390.5,0.0107305
280.718,1,390,0.0118335
281.584,1,389.5,0.0142589
282.45,1,389,0.0168204
283.316,1,388.5,0.020891
284.182,1,388,0.0270914
285.048,1,387.5,0.0329098
285.914,1,387,0.0381978
286.78,1,386.5,0.0416056
287.646,1,386,0.0453305
288.512,1,385.5,0.0467436
289.378,1,385,0.0477233
290.244,1,384.5,0.0476045
291.11,1,384,0.0470245
291.976,1,383.5,0.0465671
292.842,1,383,0.0496952
293.708,1,382.5,0.0542743
294.574,1,382,0.0569334
295.44,1,381.5,0.0581176
296.306,1,381,0.0583649
297.172,1,380.5,0.0589161
298.038,1,380,0.0606442
298.905,1,379.5,0.0626054
299.771,1,379,0.0627634
300.637,1,378.5,0.0629145
301.503,1,378,0.063109
302.369,1,377.5,0.0626043
303.235,1,377,0.062918
304.101,1,376.5,0.0629086
304.967,1,376,0.063308
305.833,1,375.5,0.0619478
306.699,1,375,0.0608304
307.565,1,374.5,0.0604565
308.431,1,374,0.0599862
309.297,1,373.5,0.0604083
310.163,1,373,0.0612405
311.029,1,372.5,0.062022
311.895,1,372,0.0657569
312.761,1,371.5,0.0663552
313.627,1,371,0.0647923
314.493,1,370.5,0.0639706
315.359,1,370,0.0628877
316.225,1,369.5,0.0609379
317.091,1,369,0.0592879
317.957,1,368.5,0.0582847
318.823,1,368,0.0587796
319.689,1,367.5,0.0599445
320.555,1,367,0.06061
321.421,1,366.5,0.0619375
322.287,1,366,0.0635488
323.153,1,365.5,0.0655377
324.019,1,365,0.0672911
324.885,1,364.5,0.0692214
325.751,1,364,0.0715353
326.617,1,363.5,0.0770069
327.483,1,363,0.0847245
328.349,1,362.5,0.0948052
329.215,1,362,0.101739
330.081,1,361.5,0.105144
330.947,1,361,0.105592
331.813,1,360.5,0.107807
332.679,1,360,0.109188
333.546,1,359.5,0.10971
334.412,1,359,0.109629
335.278,1,358.5,0.109538
336.144,1,358,0.109358
337.01,1,357.5,0.109349
337.876,1,357,0.109128
338.742,1,356.5,0.107196
339.608,1,356,0.104842
340.474,1,355.5,0.102094
341.34,1,355,0.0976511
342.206,1,354.5,0.091277
343.072,1,354,0.0816234
343.938,1,353.5,0.07069
344.804,1,353,0.0655457
345.67,1,352.5,0.0607629
346.536,1,352,0.0556337
347.402,1,351.5,0.0515179
348.268,1,351,0.0475259
349.134,1,350.5,0.0420176
350,1,350,0.0368997
350.866,1,349.5,0.0366647
351.732,1,349,0.0318281
352.598,1,348.5,0.0281138
353.464,1,348,0.0254741
354.33,1,347.5,0.0240109
355.196,1,347,0.0239669
356.062,1,346.5,0.0241606
356.928,1,346,0.0245375
357.794,1,345.5,0.0244113
358.66,1,345,0.0242358
359.526,1,344.5,0.0234305
360.392,1,344,0.0224051
361.258,1,343.5,0.0221572
362.124,1,343,0.0221808
362.99,1,342.5,0.0221449
363.856,1,342,0.021641
364.722,1,341.5,0.0208704
365.588,1,341,0.0199128
366.454,1,340.5,0.0192062
367.321,1,340,0.0187894
368.187,1,339.5,0.0187518
369.053,1,339,0.0190838
369.919,1,338.5,0.0196458
370.785,1,338,0.0204813
371.651,1,337.5,0.021496
372.517,1,337,0.0225499
373.383,1,336.5,0.0236199
374.249,1,336,0.024851
375.115,1,335.5,0.0260494
375.981,1,335,0.0269231
376.847,1,334.5,0.0277639
377.713,1,334,0.0283336
378.579,1,333.5,0.0287089
379.445,1,333,0.029064
380.311,1,332.5,0.0291444
381.177,1,332,0.0291996
382.043,1,331.5,0.0293226
382.909,1,331,0.0295495
383.775,1,330.5,0.0297804
384.641,1,330,0.0300613
385.507,1,329.5,0.0307511
386.373,1,329,0.0319257
387.239,1,328.5,0.0345697
388.105,1,328,0.0372442
388.971,1,327.5,0.0394273
389.837,1,327,0.0412466
390.703,1,326.5,0.0429363
391.569,1,326,0.0445283
392.435,1,325.5,0.0459529
393.301,1,325,0.0471609
394.167,1,324.5,0.0479983
395.033,1,324,0.0484149
395.899,1,323.5,0.0486888
396.765,1,323,0.0488999
397.631,1,322.5,0.0491821
398.497,1,322,0.0495376
399.363,1,321.5,0.0507553
400.229,1,321,0.0511576
401.095,1,320.5,0.0512916
401.962,1,320,0.0513109
402.828,1,319.5,0.051409
403.694,1,319,0.0512145
404.56,1,318.5,0.0504925
405.426,1,318,0.0499512
406.292,1,317.5,0.0495702
407.158,1,317,0.0490977
408.024,1,316.5,0.0490715
408.89,1,316,0.0495077
409.756,1,315.5,0.0492529
410.622,1,315,0.0485844
411.488,1,314.5,0.0480575
412.354,1,314,0.0475034
413.22,1,313.5,0.0472985
414.086,1,313,0.0473539
414.952,1,312.5,0.0470382
415.818,1,312,0.0467988
416.684,1,311.5,0.0475617
417.55,1,311,0.0469749
418.416,1,310.5,0.0464969
419.282,1,310,0.0465699
420.148,1,309.5,0.0467739
421.014,1,309,0.0471091
421.88,1,308.5,0.0458283
422.746,1,308,0.0453506
423.612,1,307.5,0.0445549
424.478,1,307,0.0440506
425.344,1,306.5,0.0437628
426.21,1,306,0.0454893
427.076,1,305.5,0.0423238
427.942,1,305,0.0416537
428.808,1,304.5,0.0413837
429.674,1,304,0.0411085
430.54,1,303.5,0.0409296
431.406,1,303,0.0413924
432.272,1,302.5,0.0416799
433.138,1,302,0.0417651
434.004,1,301.5,0.0423012
434.87,1,301,0.0429934
435.737,1,300.5,0.0437331
436.603,1,300,0.044759
437.469,1,299.5,0.04577
438.335,1,299,0.0464701
439.201,1,298.5,0.047118
440.067,1,298,0.0478131
440.933,1,297.5,0.0483513
441.799,1,297,0.048819
442.665,1,296.5,0.0495377
443.531,1,296,0.0502034
444.397,1,295.5,0.0507401
445.263,1,295,0.0513309
446.129,1,294.5,0.0519968
446.995,1,294,0.0523215
447.861,1,293.5,0.0526115
448.727,1,293,0.052917
449.593,1,292.5,0.0530229
450.459,1,292,0.0530398
451.325,1,291.5,0.0526311
452.191,1,291,0.0522228
453.057,1,290.5,0.051879
453.923,1,290,0.0514153
454.789,1,289.5,0.0507526
455.655,1,289,0.0500805
456.521,1,288.5,0.0502004
457.387,1,288,0.0507423
458.253,1,287.5,0.0510149
459.119,1,287,0.050868
459.985,1,286.5,0.0501992
460.851,1,286,0.0499324
461.717,1,285.5,0.0507002
462.583,1,285,0.0542717
463.449,1,284.5,0.0575752
464.315,1,284,0.0614579
465.181,1,283.5,0.0650026
466.047,1,283,0.068146
466.913,1,282.5,0.0665794
467.779,1,282,0.0648524
468.645,1,281.5,0.0633195
469.512,1,281,0.0625012
470.378,1,280.5,0.0623775
471.244,1,280,0.0631972
472.11,1,279.5,0.0641993
472.976,1,279,0.0649669
473.842,1,278.5,0.0653094
474.708,1,278,0.0659269
475.574,1,277.5,0.0666702
476.44,1,277,0.06736
477.306,1,276.5,0.0679792
478.172,1,276,0.0686681
479.038,1,275.5,0.0694154
479.904,1,275,0.0702203
480.77,1,274.5,0.0703894
481.636,1,274,0.0699463
482.502,1,273.5,0.0692602
483.368,1,273,0.0684146
484.234,1,272.5,0.0676142
485.1,1,272,0.0670454
485.966,1,271.5,0.0677886
486.832,1,271,0.0689
487.698,1,270.5,0.0704233
488.564,1,270,0.0718866
489.43,1,269.5,0.0730359
490.296,1,269,0.072593
491.162,1,268.5,0.0712007
492.028,1,268,0.0699257
492.894,1,267.5,0.0695823
493.76,1,267,0.069729
494.626,1,266.5,0.0687998
495.492,1,266,0.0657849
496.358,1,265.5,0.062381
497.224,1,265,0.0580195
498.09,1,264.5,0.0524354
498.956,1,264,0.044263
499.822,1,263.5,0.0392463
500.688,1,263,0.0391065
501.554,1,262.5,0.0389093
502.42,1,262,0.038715
503.286,1,261.5,0.0353295
504.153,1,261,0.0316423
505.019,1,260.5,0.0281529
505.885,1,260,0.0271709
506.751,1,259.5,0.028132
507.617,1,259,0.0305995
508.483,1,258.5,0.0316141
509.349,1,258,0.0325817
510.215,1,257.5,0.0355117
511.081,1,257,0.0393937
511.947,1,256.5,0.0420856
512.813,1,256,0.0441841
513.679,1,255.5,0.0449491
514.545,1,255,0.043707
515.411,1,254.5,0.0422637
516.277,1,254,0.0399579
517.143,1,253.5,0.0377099
518.009,1,253,0.0352138
518.875,1,252.5,0.0324167
519.741,1,252,0.0285587
520.607,1,251.5,0.0267553
521.473,1,251,0.0282682
522.339,1,250.5,0.0321327
523.205,1,250,0.0372235
524.071,1,249.5,0.0441112
524.937,1,249,0.0490655
525.803,1,248.5,0.0518784
526.669,1,248,0.053213
527.535,1,247.5,0.0522716
528.401,1,247,0.0512714
529.267,1,246.5,0.0501259
530.133,1,246,0.0441859
530.999,1,245.5,0.0400371
531.865,1,245,0.0392323
532.731,1,244.5,0.0368209
533.597,1,244,0.0327233
534.463,1,243.5,0.0290962
535.329,1,243,0.0255254
536.195,1,242.5,0.0244453
537.061,1,242,0.0256042
537.928,1,241.5,0.0273014
538.794,1,241,0.0304304
539.66,1,240.5,0.0301996
540.526,1,240,0.0297054
541.392,1,239.5,0.0292963
542.258,1,239,0.0291408
543.124,1,238.5,0.0298015
543.99,1,238,0.0312466
544.856,1,237.5,0.0296903
545.722,1,237,0.030542
546.588,1,236.5,0.0343494
547.454,1,236,0.0409593
548.32,1,235.5,0.0432265
549.186,1,235,0.0407139
550.052,1,234.5,0.0474455
550.918,1,234,0.0500942
551.784,1,233.5,0.0499475
552.65,1,233,0.049575
553.516,1,232.5,0.049557
554.382,1,232,0.0484527
555.248,1,231.5,0.0466993
556.114,1,231,0.0444019
556.98,1,230.5,0.0402203
557.846,1,230,0.0371487
558.712,1,229.5,0.0344384
559.578,1,229,0.0322363
560.444,1,228.5,0.0332788
561.31,1,228,0.0333531
562.176,1,227.5,0.0333973
563.042,1,227,0.0328602
563.908,1,226.5,0.032279
564.774,1,226,0.0316274
565.64,1,225.5,0.0311954
566.506,1,225,0.028931
567.372,1,224.5,0.0284514
568.238,1,224,0.0289021
569.104,1,223.5,0.0287553
569.97,1,223,0.0278671
570.836,1,222.5,0.0269583
571.703,1,222,0.0261994
572.569,1,221.5,0.0252762
573.435,1,221,0.0243035
574.301,1,220.5,0.0237746
575.167,1,220,0.0233824
576.033,1,219.5,0.0230901
576.899,1,219,0.0223462
577.765,1,218.5,0.021413
578.631,1,218,0.0206936
579.497,1,217.5,0.0208023
580.363,1,217,0.02104
581.229,1,216.5,0.0212233
582.095,1,216,0.0212656
582.961,1,215.5,0.0214157
583.827,1,215,0.0212748
584.693,1,214.5,0.0207534
585.559,1,214,0.0202033
586.425,1,213.5,0.0198255
587.291,1,213,0.0191906
588.157,1,212.5,0.0186608
589.023,1,212,0.01821
589.889,1,211.5,0.0176076
590.755,1,211,0.0184967
591.621,1,210.5,0.0182152
592.487,1,210,0.0180506
593.353,1,209.5,0.0180529
594.219,1,209,0.0182838
595.085,1,208.5,0.018738
595.951,1,208,0.019197
596.817,1,207.5,0.019653
597.683,1,207,0.0200951
598.549,1,206.5,0.0205013
599.415,1,206,0.0206026
600.281,1,205.5,0.0206425
601.147,1,205,0.0206621
602.013,1,204.5,0.0206753
602.879,1,204,0.0206821
603.745,1,203.5,0.0204517
604.611,1,203,0.0202404
605.477,1,202.5,0.0200023
606.344,1,202,0.0195484
607.21,1,201.5,0.0190287
608.076,1,201,0.0184968
608.942,1,200.5,0.017942
609.808,1,200,0.0174463
