x,y,z,b
90.1924,1,500,0.01277
91.0584,1,499.5,0.0128025
91.9244,1,499,0.0128295
92.7905,1,498.5,0.0128465
93.6565,1,498,0.012862
94.5225,1,497.5,0.0128731
95.3885,1,497,0.0128736
96.2546,1,496.5,0.0128739
97.1206,1,496,0.0128753
97.9866,1,495.5,0.0128759
98.8526,1,495,0.0128766
99.7187,1,494.5,0.0128774
100.585,1,494,0.012877
101.451,1,493.5,0.0128768
102.317,1,493,0.0128773
103.183,1,492.5,0.0128768
104.049,1,492,0.0128766
104.915,1,491.5,0.012877
105.781,1,491,0.0128786
106.647,1,490.5,0.0128796
107.513,1,490,0.0128802
108.379,1,489.5,0.0128807
109.245,1,489,0.0128804
110.111,1,488.5,0.0128801
110.977,1,488,0.0128781
111.843,1,487.5,0.012873
112.709,1,487,0.0128686
113.575,1,486.5,0.012864
114.441,1,486,0.0128524
115.307,1,485.5,0.0128415
116.173,1,485,0.0128249
117.039,1,484.5,0.0127995
117.905,1,484,0.0127732
118.771,1,483.5,0.0127465
119.637,1,483,0.0127201
120.503,1,482.5,0.0126953
121.369,1,482,0.0126769
122.235,1,481.5,0.0126613
123.101,1,481,0.0126471
123.967,1,480.5,0.0126329
124.833,1,480,0.0126194
125.699,1,479.5,0.0126007
126.565,1,479,0.0125798
127.431,1,478.5,0.0125581
128.297,1,478,0.0125352
129.164,1,477.5,0.0125116
130.03,1,477,0.0124902
130.896,1,476.5,0.0124746
131.762,1,476,0.0124572
132.628,1,475.5,0.012438
133.494,1,475,0.0124172
134.36,1,474.5,0.0123943
135.226,1,474,0.0123602
136.092,1,473.5,0.0123247
136.958,1,473,0.0122889
137.824,1,472.5,0.0122526
138.69,1,472,0.0122182
139.556,1,471.5,0.0121841
140.422,1,471,0.0121478
141.288,1,470.5,0.012111
142.154,1,470,0.0120741
143.02,1,469.5,0.0120362
143.886,1,469,0.0119975
144.752,1,468.5,0.0119682
145.618,1,468,0.0119403
146.484,1,467.5,0.0119127
147.35,1,467,0.0118859
148.216,1,466.5,0.0118593
149.082,1,466,0.0118312
149.948,1,465.5,0.011799
150.814,1,465,0.0117665
151.68,1,464.5,0.0117338
152.546,1,464,0.0117051
153.412,1,463.5,0.0116766
154.278,1,463,0.0116534
155.144,1,462.5,0.0116464
156.01,1,462,0.0116442
156.876,1,461.5,0.0116415
157.742,1,461,0.011643
158.608,1,460.5,0.0116441
159.474,1,460,0.0116413
160.34,1,459.5,0.0116415
161.206,1,459,0.0116456
162.072,1,458.5,0.011649
162.939,1,458,0.0116562
163.805,1,457.5,0.0116814
164.671,1,457,0.0117059
165.537,1,456.5,0.0117328
166.403,1,456,0.0117817
167.269,1,455.5,0.0118301
168.135,1,455,0.0118822
169.001,1,454.5,0.0119707
169.867,1,454,0.0120623
170.733,1,453.5,0.0121558
171.599,1,453,0.0122702
172.465,1,452.5,0.0123905
173.331,1,452,0.012506
174.197,1,451.5,0.0126308
175.063,1,451,0.0127612
175.929,1,450.5,0.012893
176.795,1,450,0.0130283
177.661,1,449.5,0.0131735
178.527,1,449,0.0133232
179.393,1,448.5,0.0134713
180.259,1,448,0.0136164
181.125,1,447.5,0.0137612
181.991,1,447,0.0139024
182.857,1,446.5,0.0140258
183.723,1,446,0.0141497
184.589,1,445.5,0.0142739
185.455,1,445,0.01439
186.321,1,444.5,0.0145064
187.187,1,444,0.014627
188.053,1,443.5,0.0147407
188.919,1,443,0.0148525
189.785,1,442.5,0.0149637
190.651,1,442,0.0150638
191.517,1,441.5,0.0151567
192.383,1,441,0.0152398
193.249,1,440.5,0.0153114
194.115,1,440,0.0153733
194.981,1,439.5,0.0154349
195.847,1,439,0.0154944
196.714,1,438.5,0.0155476
197.58,1,438,0.0155988
198.446,1,437.5,0.0156387
199.312,1,437,0.0156475
200.178,1,436.5,0.0156623
201.044,1,436,0.0156812
201.91,1,435.5,0.0156722
202.776,1,435,0.0156636
203.642,1,434.5,0.0156552
204.508,1,434,0.0156397
205.374,1,433.5,0.0156238
206.24,1,433,0.0156137
207.106,1,432.5,0.0155938
207.972,1,432,0.0155704
208.838,1,431.5,0.0155468
209.704,1,431,0.0155132
210.57,1,430.5,0.0154693
211.436,1,430,0.0154177
212.302,1,429.5,0.0153589
213.168,1,429,0.0152916
214.034,1,428.5,0.0152236
214.9,1,428,0.0151513
215.766,1,427.5,0.0150666
216.632,1,427,0.0149809
217.498,1,426.5,0.0148937
218.364,1,426,0.0147981
219.23,1,425.5,0.0147025
220.096,1,425,0.0146115
220.962,1,424.5,0.0145209
221.828,1,424,0.0144306
222.694,1,423.5,0.0143408
223.56,1,423,0.0142469
224.426,1,422.5,0.0141521
225.292,1,422,0.0140568
226.158,1,421.5,0.013957
227.024,1,421,0.0138548
227.89,1,420.5,0.013752
228.756,1,420,0.0136465
229.622,1,419.5,0.0135368
230.488,1,419,0.0134257
231.355,1,418.5,0.0133152
232.221,1,418,0.0132054
233.087,1,417.5,0.0130957
233.953,1,417,0.0129875
234.819,1,416.5,0.0128925
235.685,1,416,0.0127975
236.551,1,415.5,0.0127028
237.417,1,415,0.0126187
238.283,1,414.5,0.012533
239.149,1,414,0.0124431
240.015,1,413.5,0.0123645
240.881,1,413,0.0122878
241.747,1,412.5,0.0122108
242.613,1,412,0.0121417
243.479,1,411.5,0.0120749
244.345,1,411,0.0120018
245.211,1,410.5,0.0119271
246.077,1,410,0.0118506
246.943,1,409.5,0.0117714
247.809,1,409,0.011687
248.675,1,408.5,0.0115932
249.541,1,408,0.0114945
250.407,1,407.5,0.0113903
251.273,1,407,0.0112751
252.139,1,406.5,0.0111594
253.005,1,406,0.0110412
253.871,1,405.5,0.0109019
254.737,1,405,0.0107648
255.603,1,404.5,0.0106299
256.469,1,404,0.0104891
257.335,1,403.5,0.0103524
258.201,1,403,0.0102227
259.067,1,402.5,0.0101151
259.933,1,402,0.0100184
260.799,1,401.5,0.00992772
261.665,1,401,0.00987879
262.531,1,400.5,0.00985515
263.397,1,400,0.00983177
264.263,1,399.5,0.00982648
265.13,1,399,0.00984727
265.996,1,398.5,0.00986877
266.862,1,398,0.00989778
267.728,1,397.5,0.00996629
268.594,1,397,0.0100471
269.46,1,396.5,0.0101405
270.326,1,396,0.010294
271.192,1,395.5,0.0104522
272.058,1,395,0.0106107
272.924,1,394.5,0.0108513
273.79,1,394,0.0110942
274.656,1,393.5,0.0113379
275.522,1,393,0.0116188
276.388,1,392.5,0.01191
277.254,1,392,0.0122022
278.12,1,391.5,0.0124801
278.986,1,391,0.0127524
279.852,1,390.5,0.0130236
280.718,1,390,0.0132842
281.584,1,389.5,0.0135567
282.45,1,389,0.0138784
283.316,1,388.5,0.0141961
284.182,1,388,0.0144972
285.048,1,387.5,0.0147978
285.914,1,387,0.0150835
286.78,1,386.5,0.0153136
287.646,1,386,0.0155587
288.512,1,385.5,0.0158187
289.378,1,385,0.016096
290.244,1,384.5,0.0164101
291.11,1,384,0.0167261
291.976,1,383.5,0.0169446
292.842,1,383,0.0171287
293.708,1,382.5,0.0172812
294.574,1,382,0.0176271
295.44,1,381.5,0.0181053
296.306,1,381,0.0186422
297.172,1,380.5,0.0187159
298.038,1,380,0.0189189
298.905,1,379.5,0.0188112
299.771,1,379,0.0191457
300.637,1,378.5,0.0192368
301.503,1,378,0.0191623
302.369,1,377.5,0.0192114
303.235,1,377,0.0191767
304.101,1,376.5,0.0185541
304.967,1,376,0.0177494
305.833,1,375.5,0.0172951
306.699,1,375,0.0173629
307.565,1,374.5,0.0175177
308.431,1,374,0.0177622
309.297,1,373.5,0.0189848
310.163,1,373,0.0204703
311.029,1,372.5,0.021981
311.895,1,372,0.0230108
312.761,1,371.5,0.0240833
313.627,1,371,0.0252007
314.493,1,370.5,0.0263491
315.359,1,370,0.0275276
316.225,1,369.5,0.0292361
317.091,1,369,0.0313259
317.957,1,368.5,0.0336137
318.823,1,368,0.0359745
319.689,1,367.5,0.0382081
320.555,1,367,0.0402779
321.421,1,366.5,0.0417953
322.287,1,366,0.0431588
323.153,1,365.5,0.0442792
324.019,1,365,0.0459315
324.885,1,364.5,0.0465209
325.751,1,364,0.0471755
326.617,1,363.5,0.0478984
327.483,1,363,0.0483224
328.349,1,362.5,0.0486213
329.215,1,362,0.0483194
330.081,1,361.5,0.0475297
330.947,1,361,0.0466892
331.813,1,360.5,0.045868
332.679,1,360,0.0447406
333.546,1,359.5,0.0430506
334.412,1,359,0.0403381
335.278,1,358.5,0.0375936
336.144,1,358,0.0347921
337.01,1,357.5,0.0326189
337.876,1,357,0.0311383
338.742,1,356.5,0.0310518
339.608,1,356,0.0313661
340.474,1,355.5,0.0316843
341.34,1,355,0.0323569
342.206,1,354.5,0.0331115
343.072,1,354,0.0339713
343.938,1,353.5,0.0358875
344.804,1,353,0.038078
345.67,1,352.5,0.0404433
346.536,1,352,0.041234
347.402,1,351.5,0.0408195
348.268,1,351,0.039717
349.134,1,350.5,0.0395251
350,1,350,0.0398242
350.866,1,349.5,0.0398009
351.732,1,349,0.039758
352.598,1,348.5,0.0399815
353.464,1,348,0.0407588
354.33,1,347.5,0.0414092
355.196,1,347,0.040739
356.062,1,346.5,0.0405084
356.928,1,346,0.0406222
357.794,1,345.5,0.0401336
358.66,1,345,0.0398712
359.526,1,344.5,0.0398369
360.392,1,344,0.0402897
361.258,1,343.5,0.0402444
362.124,1,343,0.0398587
362.99,1,342.5,0.0414112
363.856,1,342,0.0435392
364.722,1,341.5,0.0458061
365.588,1,341,0.046834
366.454,1,340.5,0.0465089
367.321,1,340,0.0458978
368.187,1,339.5,0.0454471
369.053,1,339,0.0450821
369.919,1,338.5,0.0447242
370.785,1,338,0.0447738
371.651,1,337.5,0.045698
372.517,1,337,0.0471275
373.383,1,336.5,0.0488738
374.249,1,336,0.0524474
375.115,1,335.5,0.0544107
375.981,1,335,0.055647
376.847,1,334.5,0.0570461
377.713,1,334,0.0587247
378.579,1,333.5,0.0598678
379.445,1,333,0.0608207
380.311,1,332.5,0.0609323
381.177,1,332,0.0608179
382.043,1,331.5,0.06065
382.909,1,331,0.0595001
383.775,1,330.5,0.0581109
384.641,1,330,0.0566284
385.507,1,329.5,0.054562
386.373,1,329,0.052804
387.239,1,328.5,0.0521679
388.105,1,328,0.0522046
388.971,1,327.5,0.0522451
389.837,1,327,0.0524646
390.703,1,326.5,0.0568108
391.569,1,326,0.0605266
392.435,1,325.5,0.0634506
393.301,1,325,0.0661756
394.167,1,324.5,0.0693891
395.033,1,324,0.0730478
395.899,1,323.5,0.0734391
396.765,1,323,0.0744428
397.631,1,322.5,0.0763844
398.497,1,322,0.0786499
399.363,1,321.5,0.0811339
400.229,1,321,0.0834095
401.095,1,320.5,0.0853879
401.962,1,320,0.0873982
402.828,1,319.5,0.0896967
403.694,1,319,0.0923424
404.56,1,318.5,0.0950506
405.426,1,318,0.0967285
406.292,1,317.5,0.0984047
407.158,1,317,0.100321
408.024,1,316.5,0.102194
408.89,1,316,0.104023
409.756,1,315.5,0.105472
410.622,1,315,0.107845
411.488,1,314.5,0.107999
412.354,1,314,0.107048
413.22,1,313.5,0.107828
414.086,1,313,0.107342
414.952,1,312.5,0.10703
415.818,1,312,0.105863
416.684,1,311.5,0.105864
417.55,1,311,0.106296
418.416,1,310.5,0.106776
419.282,1,310,0.107702
420.148,1,309.5,0.1083
421.014,1,309,0.107306
421.88,1,308.5,0.105828
422.746,1,308,0.103696
423.612,1,307.5,0.103685
424.478,1,307,0.105873
425.344,1,306.5,0.111479
426.21,1,306,0.115767
427.076,1,305.5,0.117739
427.942,1,305,0.117771
428.808,1,304.5,0.118127
429.674,1,304,0.120634
430.54,1,303.5,0.122677
431.406,1,303,0.118715
432.272,1,302.5,0.114495
433.138,1,302,0.106084
434.004,1,301.5,0.0925618
434.87,1,301,0.0841398
435.737,1,300.5,0.077923
436.603,1,300,0.0739068
437.469,1,299.5,0.0756162
438.335,1,299,0.08053
439.201,1,298.5,0.0859726
440.067,1,298,0.092381
440.933,1,297.5,0.0984169
441.799,1,297,0.100436
442.665,1,296.5,0.102818
443.531,1,296,0.105714
444.397,1,295.5,0.105221
445.263,1,295,0.104482
446.129,1,294.5,0.103404
446.995,1,294,0.0999033
447.861,1,293.5,0.0961918
448.727,1,293,0.0888301
449.593,1,292.5,0.0828614
450.459,1,292,0.0781936
451.325,1,291.5,0.074284
452.191,1,291,0.0695589
453.057,1,290.5,0.0627102
453.923,1,290,0.0540543
454.789,1,289.5,0.0456093
455.655,1,289,0.0371848
456.521,1,288.5,0.0278149
457.387,1,288,0.0202659
458.253,1,287.5,0.0184533
459.119,1,287,0.0180547
459.985,1,286.5,0.0184885
460.851,1,286,0.0180483
461.717,1,285.5,0.0182469
462.583,1,285,0.0186313
463.449,1,284.5,0.0188374
464.315,1,284,0.0193867
465.181,1,283.5,0.0199997
466.047,1,283,0.0206552
466.913,1,282.5,0.0210027
467.779,1,282,0.021319
468.645,1,281.5,0.0215586
469.512,1,281,0.0212777
470.378,1,280.5,0.0207635
471.244,1,280,0.020199
472.11,1,279.5,0.019435
472.976,1,279,0.0186925
473.842,1,278.5,0.0182757
474.708,1,278,0.0181261
475.574,1,277.5,0.0180527
476.44,1,277,0.0182741
477.306,1,276.5,0.0185483
478.172,1,276,0.0186797
479.038,1,275.5,0.0187729
479.904,1,275,0.0188229
480.77,1,274.5,0.0183143
481.636,1,274,0.0175472
482.502,1,273.5,0.0166863
483.368,1,273,0.0160174
484.234,1,272.5,0.0153357
485.1,1,272,0.0145925
485.966,1,271.5,0.014194
486.832,1,271,0.0139968
487.698,1,270.5,0.0138371
488.564,1,270,0.0137778
489.43,1,269.5,0.0137846
490.296,1,269,0.0137851
491.162,1,268.5,0.0137663
492.028,1,268,0.0137381
492.894,1,267.5,0.0137045
493.76,1,267,0.0136487
494.626,1,266.5,0.0135518
495.492,1,266,0.0134931
496.358,1,265.5,0.0134296
497.224,1,265,0.0133633
498.09,1,264.5,0.0132979
498.956,1,264,0.0132332
499.822,1,263.5,0.0132142
500.688,1,263,0.0132033
501.554,1,262.5,0.0131941
502.42,1,262,0.0131948
503.286,1,261.5,0.0131988
504.153,1,261,0.0132042
505.019,1,260.5,0.0132109
505.885,1,260,0.0132182
506.751,1,259.5,0.0132272
507.617,1,259,0.0132373
508.483,1,258.5,0.0132492
509.349,1,258,0.0132608
510.215,1,257.5,0.0132723
511.081,1,257,0.0132832
511.947,1,256.5,0.0132954
512.813,1,256,0.0133095
513.679,1,255.5,0.0133291
514.545,1,255,0.0133465
515.411,1,254.5,0.0133629
516.277,1,254,0.0133842
517.143,1,253.5,0.0134048
518.009,1,253,0.0134246
518.875,1,252.5,0.0134533
519.741,1,252,0.0134819
520.607,1,251.5,0.0135083
521.473,1,251,0.0135383
522.339,1,250.5,0.0135685
523.205,1,250,0.0135959
524.071,1,249.5,0.0136226
524.937,1,249,0.0136483
525.803,1,248.5,0.0136715
526.669,1,248,0.0136919
527.535,1,247.5,0.013709
528.401,1,247,0.013715
529.267,1,246.5,0.0137185
530.133,1,246,0.0137179
530.999,1,245.5,0.0137168
531.865,1,245,0.0137152
532.731,1,244.5,0.0137036
533.597,1,244,0.0136841
534.463,1,243.5,0.0136652
535.329,1,243,0.0136439
536.195,1,242.5,0.0136236
537.061,1,242,0.0136045
537.928,1,241.5,0.0135808
538.794,1,241,0.0135567
539.66,1,240.5,0.0135333
540.526,1,240,0.0135064
541.392,1,239.5,0.0134763
542.258,1,239,0.0134486
543.124,1,238.5,0.0134197
543.99,1,238,0.0133849
544.856,1,237.5,0.0133489
545.722,1,237,0.0133104
546.588,1,236.5,0.0132673
547.454,1,236,0.0132337
548.32,1,235.5,0.0131977
549.186,1,235,0.0131621
550.052,1,234.5,0.0131248
550.918,1,234,0.0130857
551.784,1,233.5,0.0130478
552.65,1,233,0.0130104
553.516,1,232.5,0.0129714
554.382,1,232,0.012955
555.248,1,231.5,0.0129437
556.114,1,231,0.0129309
556.98,1,230.5,0.0129334
557.846,1,230,0.0129441
558.712,1,229.5,0.0129546
559.578,1,229,0.0129716
560.444,1,228.5,0.0129961
561.31,1,228,0.0130218
562.176,1,227.5,0.013051
563.042,1,227,0.0130877
563.908,1,226.5,0.0131229
564.774,1,226,0.0131572
565.64,1,225.5,0.013194
566.506,1,225,0.0132261
567.372,1,224.5,0.0132546
568.238,1,224,0.013278
569.104,1,223.5,0.0132984
569.97,1,223,0.0133159
570.836,1,222.5,0.0133279
571.703,1,222,0.0133363
572.569,1,221.5,0.013341
573.435,1,221,0.0133378
574.301,1,220.5,0.0133299
575.167,1,220,0.0133193
576.033,1,219.5,0.013301
576.899,1,219,0.0132771
577.765,1,218.5,0.0132518
578.631,1,218,0.0132245
579.497,1,217.5,0.0131955
580.363,1,217,0.0131852
581.229,1,216.5,0.0131804
582.095,1,216,0.0131753
582.961,1,215.5,0.0131701
583.827,1,215,0.0131649
584.693,1,214.5,0.0131603
585.559,1,214,0.0131544
586.425,1,213.5,0.0131475
587.291,1,213,0.0131402
588.157,1,212.5,0.0131323
589.023,1,212,0.0131239
589.889,1,211.5,0.013115
590.755,1,211,0.0131061
591.621,1,210.5,0.0130974
592.487,1,210,0.0130885
593.353,1,209.5,0.0130802
594.219,1,209,0.0130713
595.085,1,208.5,0.0130591
595.951,1,208,0.0130468
596.817,1,207.5,0.0130349
597.683,1,207,0.0130232
598.549,1,206.5,0.0130115
599.415,1,206,0.013008
600.281,1,205.5,0.0130063
601.147,1,205,0.0130051
602.013,1,204.5,0.013005
602.879,1,204,0.0130058
603.745,1,203.5,0.0130027
604.611,1,203,0.012995
605.477,1,202.5,0.0129872
606.344,1,202,0.0129802
607.21,1,201.5,0.0129732
608.076,1,201,0.0129661
608.942,1,200.5,0.0129606
609.808,1,200,0.0129581
