x,y,z,b
90.1924,1,500,0.014075
91.0584,1,499.5,0.0140144
91.9244,1,499,0.0139465
92.7905,1,498.5,0.0138538
93.6565,1,498,0.0137641
94.5225,1,497.5,0.0136766
95.3885,1,497,0.0135875
96.2546,1,496.5,0.0134994
97.1206,1,496,0.0134277
97.9866,1,495.5,0.0133742
98.8526,1,495,0.0133282
99.7187,1,494.5,0.0132899
100.585,1,494,0.0132738
101.451,1,493.5,0.0132558
102.317,1,493,0.0131534
103.183,1,492.5,0.0130468
104.049,1,492,0.0129233
104.915,1,491.5,0.0127793
105.781,1,491,0.0126657
106.647,1,490.5,0.0126925
107.513,1,490,0.0127701
108.379,1,489.5,0.0128469
109.245,1,489,0.0129212
110.111,1,488.5,0.0129785
110.977,1,488,0.0130068
111.843,1,487.5,0.0129813
112.709,1,487,0.0129778
113.575,1,486.5,0.0129975
114.441,1,486,0.0130567
115.307,1,485.5,0.0131502
116.173,1,485,0.013213
117.039,1,484.5,0.0132307
117.905,1,484,0.0132068
118.771,1,483.5,0.0131408
119.637,1,483,0.0130435
120.503,1,482.5,0.0129869
121.369,1,482,0.0131325
122.235,1,481.5,0.0132907
123.101,1,481,0.0134473
123.967,1,480.5,0.0136024
124.833,1,480,0.0137519
125.699,1,479.5,0.013728
126.565,1,479,0.0136634
127.431,1,478.5,0.0136095
128.297,1,478,0.0135699
129.164,1,477.5,0.0135483
130.03,1,477,0.013567
130.896,1,476.5,0.0136338
131.762,1,476,0.0136833
132.628,1,475.5,0.0137157
133.494,1,475,0.0137262
134.36,1,474.5,0.0137179
135.226,1,474,0.0136937
136.092,1,473.5,0.0136866
136.958,1,473,0.0137037
137.824,1,472.5,0.0137456
138.69,1,472,0.0138123
139.556,1,471.5,0.0138702
140.422,1,471,0.0138679
141.288,1,470.5,0.0138519
142.154,1,470,0.0138238
143.02,1,469.5,0.0137842
143.886,1,469,0.0137349
144.752,1,468.5,0.013799
145.618,1,468,0.0138903
146.484,1,467.5,0.013996
147.35,1,467,0.0141214
148.216,1,466.5,0.0142659
149.082,1,466,0.0143359
149.948,1,465.5,0.0142522
150.814,1,465,0.0141582
151.68,1,464.5,0.014054
152.546,1,464,0.013926
153.412,1,463.5,0.0137939
154.278,1,463,0.013832
155.144,1,462.5,0.0138671
156.01,1,462,0.0139022
156.876,1,461.5,0.013942
157.742,1,461,0.0139762
158.608,1,460.5,0.0139288
159.474,1,460,0.013794
160.34,1,459.5,0.0136507
161.206,1,459,0.0134996
162.072,1,458.5,0.0133515
162.939,1,458,0.0132033
163.805,1,457.5,0.0132022
164.671,1,457,0.0132015
165.537,1,456.5,0.0132
166.403,1,456,0.0131901
167.269,1,455.5,0.0131808
168.135,1,455,0.0130806
169.001,1,454.5,0.0129344
169.867,1,454,0.0128217
170.733,1,453.5,0.0127422
171.599,1,453,0.0127176
172.465,1,452.5,0.0127358
173.331,1,452,0.0127278
174.197,1,451.5,0.0127161
175.063,1,451,0.0126848
175.929,1,450.5,0.0126153
176.795,1,450,0.0125183
177.661,1,449.5,0.0125819
178.527,1,449,0.0127919
179.393,1,448.5,0.0130482
180.259,1,448,0.0133458
181.125,1,447.5,0.013666
181.991,1,447,0.0139615
182.857,1,446.5,0.0139893
183.723,1,446,0.0140319
184.589,1,445.5,0.0140895
185.455,1,445,0.0141675
186.321,1,444.5,0.014262
187.187,1,444,0.0144641
188.053,1,443.5,0.0147034
188.919,1,443,0.0149391
189.785,1,442.5,0.0151721
190.651,1,442,0.0153644
191.517,1,441.5,0.0155122
192.383,1,441,0.0155931
193.249,1,440.5,0.0156451
194.115,1,440,0.0156858
194.981,1,439.5,0.0157455
195.847,1,439,0.0158196
196.714,1,438.5,0.0158204
197.58,1,438,0.0157719
198.446,1,437.5,0.0156994
199.312,1,437,0.0155997
200.178,1,436.5,0.0154722
201.044,1,436,0.0153624
201.91,1,435.5,0.0153964
202.776,1,435,0.0154612
203.642,1,434.5,0.0155566
204.508,1,434,0.0156836
205.374,1,433.5,0.0158373
206.24,1,433,0.0158629
207.106,1,432.5,0.0158282
207.972,1,432,0.0157949
208.838,1,431.5,0.0157719
209.704,1,431,0.015743
210.57,1,430.5,0.0157501
211.436,1,430,0.015825
212.302,1,429.5,0.0158779
213.168,1,429,0.0159087
214.034,1,428.5,0.0159269
214.9,1,428,0.0159304
215.766,1,427.5,0.0158958
216.632,1,427,0.0158705
217.498,1,426.5,0.0158621
218.364,1,426,0.0158824
219.23,1,425.5,0.0159164
220.096,1,425,0.0159548
220.962,1,424.5,0.0159777
221.828,1,424,0.015971
222.694,1,423.5,0.0159343
223.56,1,423,0.0158642
224.426,1,422.5,0.0157711
225.292,1,422,0.0157605
226.158,1,421.5,0.0157561
227.024,1,421,0.0157494
227.89,1,420.5,0.0157404
228.756,1,420,0.0157311
229.622,1,419.5,0.0156264
230.488,1,419,0.0154127
231.355,1,418.5,0.0152118
232.221,1,418,0.0150283
233.087,1,417.5,0.0148622
233.953,1,417,0.0147155
234.819,1,416.5,0.0148103
235.685,1,416,0.0148897
236.551,1,415.5,0.0149487
237.417,1,415,0.014948
238.283,1,414.5,0.0149132
239.149,1,414,0.0148558
240.015,1,413.5,0.0147936
240.881,1,413,0.0147598
241.747,1,412.5,0.0147588
242.613,1,412,0.0147852
243.479,1,411.5,0.014804
244.345,1,411,0.0146954
245.211,1,410.5,0.0145974
246.077,1,410,0.0145088
246.943,1,409.5,0.0144145
247.809,1,409,0.0143308
248.675,1,408.5,0.0143334
249.541,1,408,0.0143821
250.407,1,407.5,0.0144324
251.273,1,407,0.0144936
252.139,1,406.5,0.0145558
253.005,1,406,0.0146037
253.871,1,405.5,0.014526
254.737,1,405,0.0144369
255.603,1,404.5,0.0143364
256.469,1,404,0.0141993
257.335,1,403.5,0.0140442
258.201,1,403,0.0140248
259.067,1,402.5,0.014042
259.933,1,402,0.0140629
260.799,1,401.5,0.0141052
261.665,1,401,0.0140893
262.531,1,400.5,0.0139619
263.397,1,400,0.0134262
264.263,1,399.5,0.0128818
265.13,1,399,0.0124158
265.996,1,398.5,0.0120825
266.862,1,398,0.0118962
267.728,1,397.5,0.0119032
268.594,1,397,0.0118526
269.46,1,396.5,0.0117128
270.326,1,396,0.0115738
271.192,1,395.5,0.0113743
272.058,1,395,0.0111971
272.924,1,394.5,0.0113804
273.79,1,394,0.0115715
274.656,1,393.5,0.0117687
275.522,1,393,0.0119739
276.388,1,392.5,0.0121626
277.254,1,392,0.0121791
278.12,1,391.5,0.0121491
278.986,1,391,0.0121144
279.852,1,390.5,0.0120625
280.718,1,390,0.0120167
281.584,1,389.5,0.012019
282.45,1,389,0.0121289
283.316,1,388.5,0.0122824
284.182,1,388,0.0125017
285.048,1,387.5,0.0126846
285.914,1,387,0.012869
286.78,1,386.5,0.0131171
287.646,1,386,0.0133422
288.512,1,385.5,0.013561
289.378,1,385,0.0139126
290.244,1,384.5,0.0142214
291.11,1,384,0.014594
291.976,1,383.5,0.0152657
292.842,1,383,0.0159249
293.708,1,382.5,0.0165539
294.574,1,382,0.0172842
295.44,1,381.5,0.01804
296.306,1,381,0.0187206
297.172,1,380.5,0.0193873
298.038,1,380,0.0194706
298.905,1,379.5,0.0192374
299.771,1,379,0.0195594
300.637,1,378.5,0.0197628
301.503,1,378,0.0197214
302.369,1,377.5,0.0199798
303.235,1,377,0.020425
304.101,1,376.5,0.0208563
304.967,1,376,0.020893
305.833,1,375.5,0.0208341
306.699,1,375,0.0211568
307.565,1,374.5,0.0217201
308.431,1,374,0.0221791
309.297,1,373.5,0.0224661
310.163,1,373,0.0230553
311.029,1,372.5,0.0244333
311.895,1,372,0.0275608
312.761,1,371.5,0.0301532
313.627,1,371,0.0319013
314.493,1,370.5,0.0335
315.359,1,370,0.033228
316.225,1,369.5,0.0330516
317.091,1,369,0.0335938
317.957,1,368.5,0.0331096
318.823,1,368,0.0331329
319.689,1,367.5,0.032978
320.555,1,367,0.0331225
321.421,1,366.5,0.0335027
322.287,1,366,0.0349063
323.153,1,365.5,0.0390675
324.019,1,365,0.0392093
324.885,1,364.5,0.0393665
325.751,1,364,0.0395446
326.617,1,363.5,0.0397527
327.483,1,363,0.0399267
328.349,1,362.5,0.0398207
329.215,1,362,0.0399918
330.081,1,361.5,0.0398933
330.947,1,361,0.0399558
331.813,1,360.5,0.0407951
332.679,1,360,0.0411381
333.546,1,359.5,0.0416117
334.412,1,359,0.0405795
335.278,1,358.5,0.0402419
336.144,1,358,0.0400877
337.01,1,357.5,0.0400812
337.876,1,357,0.0402111
338.742,1,356.5,0.0399386
339.608,1,356,0.039371
340.474,1,355.5,0.0386748
341.34,1,355,0.0371249
342.206,1,354.5,0.0351377
343.072,1,354,0.032921
343.938,1,353.5,0.0324494
344.804,1,353,0.0320471
345.67,1,352.5,0.0315811
346.536,1,352,0.0316836
347.402,1,351.5,0.0318789
348.268,1,351,0.0314149
349.134,1,350.5,0.0313551
350,1,350,0.0333667
350.866,1,349.5,0.0310094
351.732,1,349,0.0298387
352.598,1,348.5,0.028833
353.464,1,348,0.028787
354.33,1,347.5,0.0288595
355.196,1,347,0.0291603
356.062,1,346.5,0.0288736
356.928,1,346,0.0281902
357.794,1,345.5,0.0296873
358.66,1,345,0.0308772
359.526,1,344.5,0.0314647
360.392,1,344,0.0332137
361.258,1,343.5,0.034579
362.124,1,343,0.0354716
362.99,1,342.5,0.0359056
363.856,1,342,0.0360174
364.722,1,341.5,0.0340192
365.588,1,341,0.0324021
366.454,1,340.5,0.0328838
367.321,1,340,0.033934
368.187,1,339.5,0.0351445
369.053,1,339,0.0363125
369.919,1,338.5,0.0366299
370.785,1,338,0.0362854
371.651,1,337.5,0.038462
372.517,1,337,0.0428231
373.383,1,336.5,0.0442702
374.249,1,336,0.0446745
375.115,1,335.5,0.0470563
375.981,1,335,0.0490249
376.847,1,334.5,0.0501516
377.713,1,334,0.0509443
378.579,1,333.5,0.0511027
379.445,1,333,0.0510203
380.311,1,332.5,0.0506626
381.177,1,332,0.0503604
382.043,1,331.5,0.0503573
382.909,1,331,0.0515635
383.775,1,330.5,0.0523835
384.641,1,330,0.052682
385.507,1,329.5,0.0534833
386.373,1,329,0.0539511
387.239,1,328.5,0.0540732
388.105,1,328,0.0542579
388.971,1,327.5,0.0553645
389.837,1,327,0.0560219
390.703,1,326.5,0.0566952
391.569,1,326,0.0574957
392.435,1,325.5,0.0586742
393.301,1,325,0.060362
394.167,1,324.5,0.0619453
395.033,1,324,0.0628239
395.899,1,323.5,0.0634429
396.765,1,323,0.0636565
397.631,1,322.5,0.0637884
398.497,1,322,0.063578
399.363,1,321.5,0.0633726
400.229,1,321,0.0630186
401.095,1,320.5,0.0626728
401.962,1,320,0.0624839
402.828,1,319.5,0.0624003
403.694,1,319,0.0623121
404.56,1,318.5,0.0621113
405.426,1,318,0.0618846
406.292,1,317.5,0.0617196
407.158,1,317,0.0615575
408.024,1,316.5,0.0615192
408.89,1,316,0.0616075
409.756,1,315.5,0.0617426
410.622,1,315,0.0619156
411.488,1,314.5,0.0621724
412.354,1,314,0.0625237
413.22,1,313.5,0.0629339
414.086,1,313,0.0633929
414.952,1,312.5,0.0637651
415.818,1,312,0.0642037
416.684,1,311.5,0.0647367
417.55,1,311,0.0652267
418.416,1,310.5,0.0657293
419.282,1,310,0.0665603
420.148,1,309.5,0.0677944
421.014,1,309,0.0693817
421.88,1,308.5,0.0711702
422.746,1,308,0.0735383
423.612,1,307.5,0.0768252
424.478,1,307,0.0799155
425.344,1,306.5,0.0827646
426.21,1,306,0.0854716
427.076,1,305.5,0.0877995
427.942,1,305,0.0897482
428.808,1,304.5,0.0912487
429.674,1,304,0.092659
430.54,1,303.5,0.0940519
431.406,1,303,0.0947033
432.272,1,302.5,0.0954995
433.138,1,302,0.0964494
434.004,1,301.5,0.0967962
434.87,1,301,0.0971599
435.737,1,300.5,0.0981477
436.603,1,300,0.0991605
437.469,1,299.5,0.100026
438.335,1,299,0.100552
439.201,1,298.5,0.10087
440.067,1,298,0.100195
440.933,1,297.5,0.0984132
441.799,1,297,0.0965166
442.665,1,296.5,0.0933371
443.531,1,296,0.0847327
444.397,1,295.5,0.0813675
445.263,1,295,0.0774818
446.129,1,294.5,0.0759572
446.995,1,294,0.0757014
447.861,1,293.5,0.0747836
448.727,1,293,0.0800859
449.593,1,292.5,0.0770899
450.459,1,292,0.0737862
451.325,1,291.5,0.0733535
452.191,1,291,0.0733821
453.057,1,290.5,0.0732985
453.923,1,290,0.075282
454.789,1,289.5,0.076976
455.655,1,289,0.0778625
456.521,1,288.5,0.0802566
457.387,1,288,0.0854353
458.253,1,287.5,0.0884848
459.119,1,287,0.0901024
459.985,1,286.5,0.0966667
460.851,1,286,0.0997403
461.717,1,285.5,0.102019
462.583,1,285,0.103332
463.449,1,284.5,0.103892
464.315,1,284,0.10451
465.181,1,283.5,0.104639
466.047,1,283,0.104387
466.913,1,282.5,0.104062
467.779,1,282,0.103629
468.645,1,281.5,0.103804
469.512,1,281,0.104785
470.378,1,280.5,0.106046
471.244,1,280,0.106968
472.11,1,279.5,0.106863
472.976,1,279,0.0998502
473.842,1,278.5,0.0876402
474.708,1,278,0.0808649
475.574,1,277.5,0.0811069
476.44,1,277,0.0835104
477.306,1,276.5,0.0839823
478.172,1,276,0.0838421
479.038,1,275.5,0.0828223
479.904,1,275,0.078896
480.77,1,274.5,0.0726133
481.636,1,274,0.0619539
482.502,1,273.5,0.0538109
483.368,1,273,0.0480372
484.234,1,272.5,0.0423869
485.1,1,272,0.0397302
485.966,1,271.5,0.0391229
486.832,1,271,0.0387512
487.698,1,270.5,0.0388014
488.564,1,270,0.0398678
489.43,1,269.5,0.0418618
490.296,1,269,0.0431042
491.162,1,268.5,0.042426
492.028,1,268,0.0404295
492.894,1,267.5,0.0371333
493.76,1,267,0.0342304
494.626,1,266.5,0.0330962
495.492,1,266,0.0331867
496.358,1,265.5,0.033588
497.224,1,265,0.0338607
498.09,1,264.5,0.0337695
498.956,1,264,0.0339818
499.822,1,263.5,0.0341797
500.688,1,263,0.0341508
501.554,1,262.5,0.0336949
502.42,1,262,0.0327383
503.286,1,261.5,0.0323858
504.153,1,261,0.03231
505.019,1,260.5,0.032482
505.885,1,260,0.0324567
506.751,1,259.5,0.0323653
507.617,1,259,0.0323785
508.483,1,258.5,0.0326278
509.349,1,258,0.032917
510.215,1,257.5,0.0331816
511.081,1,257,0.0337115
511.947,1,256.5,0.0330955
512.813,1,256,0.0327055
513.679,1,255.5,0.032939
514.545,1,255,0.0335263
515.411,1,254.5,0.0335813
516.277,1,254,0.0315471
517.143,1,253.5,0.0308592
518.009,1,253,0.0321325
518.875,1,252.5,0.033255
519.741,1,252,0.0350267
520.607,1,251.5,0.0365657
521.473,1,251,0.036994
522.339,1,250.5,0.0369308
523.205,1,250,0.0364453
524.071,1,249.5,0.0364404
524.937,1,249,0.0369512
525.803,1,248.5,0.037568
526.669,1,248,0.0383145
527.535,1,247.5,0.0392055
528.401,1,247,0.0398359
529.267,1,246.5,0.0403514
530.133,1,246,0.0403271
530.999,1,245.5,0.0402597
531.865,1,245,0.0401321
532.731,1,244.5,0.039492
533.597,1,244,0.0389534
534.463,1,243.5,0.0384831
535.329,1,243,0.0384635
536.195,1,242.5,0.0380535
537.061,1,242,0.0378315
537.928,1,241.5,0.0376592
538.794,1,241,0.0374351
539.66,1,240.5,0.036635
540.526,1,240,0.0358747
541.392,1,239.5,0.035154
542.258,1,239,0.0344731
543.124,1,238.5,0.0338319
543.99,1,238,0.0332303
544.856,1,237.5,0.0325648
545.722,1,237,0.0319394
546.588,1,236.5,0.03141
547.454,1,236,0.0309766
548.32,1,235.5,0.0306393
549.186,1,235,0.0294839
550.052,1,234.5,0.0291632
550.918,1,234,0.0290184
551.784,1,233.5,0.0291927
552.65,1,233,0.0298109
553.516,1,232.5,0.0305041
554.382,1,232,0.0311115
555.248,1,231.5,0.0317141
556.114,1,231,0.0323013
556.98,1,230.5,0.0324585
557.846,1,230,0.032547
558.712,1,229.5,0.0325782
559.578,1,229,0.032576
560.444,1,228.5,0.0325347
561.31,1,228,0.0325098
562.176,1,227.5,0.0326486
563.042,1,227,0.0330783
563.908,1,226.5,0.0334739
564.774,1,226,0.0338295
565.64,1,225.5,0.0340684
566.506,1,225,0.0338827
567.372,1,224.5,0.0336478
568.238,1,224,0.033697
569.104,1,223.5,0.0334276
569.97,1,223,0.0333457
570.836,1,222.5,0.0329945
571.703,1,222,0.032375
572.569,1,221.5,0.0314999
573.435,1,221,0.0305949
574.301,1,220.5,0.0298012
575.167,1,220,0.0290822
576.033,1,219.5,0.0282931
576.899,1,219,0.0273064
577.765,1,218.5,0.0243722
578.631,1,218,0.0220829
579.497,1,217.5,0.0239104
580.363,1,217,0.0252472
581.229,1,216.5,0.0250173
582.095,1,216,0.023481
582.961,1,215.5,0.021651
583.827,1,215,0.0208446
584.693,1,214.5,0.0210923
585.559,1,214,0.0228984
586.425,1,213.5,0.023284
587.291,1,213,0.0231507
588.157,1,212.5,0.0228692
589.023,1,212,0.0224916
589.889,1,211.5,0.0225135
590.755,1,211,0.0226782
591.621,1,210.5,0.0228376
592.487,1,210,0.0229832
593.353,1,209.5,0.0230897
594.219,1,209,0.0231978
595.085,1,208.5,0.023365
595.951,1,208,0.0235267
596.817,1,207.5,0.0236497
597.683,1,207,0.0237348
598.549,1,206.5,0.0237807
599.415,1,206,0.0239561
600.281,1,205.5,0.0240946
601.147,1,205,0.0242309
602.013,1,204.5,0.0242159
602.879,1,204,0.0240494
603.745,1,203.5,0.0235276
604.611,1,203,0.0226921
605.477,1,202.5,0.0216887
606.344,1,202,0.0210058
607.21,1,201.5,0.0203629
608.076,1,201,0.0196344
608.942,1,200.5,0.0197196
609.808,1,200,0.0199173
