x,y,z,b
90.1924,1,500,0.0132679
91.0584,1,499.5,0.0132034
91.9244,1,499,0.013144
92.7905,1,498.5,0.0131133
93.6565,1,498,0.0130744
94.5225,1,497.5,0.0130381
95.3885,1,497,0.0130321
96.2546,1,496.5,0.0130179
97.1206,1,496,0.01302
97.9866,1,495.5,0.0130655
98.8526,1,495,0.0131111
99.7187,1,494.5,0.0131567
100.585,1,494,0.0132167
101.451,1,493.5,0.013268
102.317,1,493,0.0132475
103.183,1,492.5,0.0132445
104.049,1,492,0.0132534
104.915,1,491.5,0.0132696
105.781,1,491,0.0133076
106.647,1,490.5,0.0133939
107.513,1,490,0.0134762
108.379,1,489.5,0.0135346
109.245,1,489,0.0135664
110.111,1,488.5,0.0135691
110.977,1,488,0.0135573
111.843,1,487.5,0.0136197
112.709,1,487,0.0137059
113.575,1,486.5,0.013816
114.441,1,486,0.0139497
115.307,1,485.5,0.0141061
116.173,1,485,0.014113
117.039,1,484.5,0.0140377
117.905,1,484,0.0139498
118.771,1,483.5,0.0138494
119.637,1,483,0.0137369
120.503,1,482.5,0.0136955
121.369,1,482,0.0138991
122.235,1,481.5,0.0140899
123.101,1,481,0.0142553
123.967,1,480.5,0.0143941
124.833,1,480,0.0144989
125.699,1,479.5,0.0144138
126.565,1,479,0.0143136
127.431,1,478.5,0.0142502
128.297,1,478,0.0142315
129.164,1,477.5,0.0142671
130.03,1,477,0.0143539
130.896,1,476.5,0.0144147
131.762,1,476,0.0144194
132.628,1,475.5,0.0143676
133.494,1,475,0.0142383
134.36,1,474.5,0.0140523
135.226,1,474,0.0141001
136.092,1,473.5,0.0142464
136.958,1,473,0.0144478
137.824,1,472.5,0.0147065
138.69,1,472,0.0150044
139.556,1,471.5,0.015106
140.422,1,471,0.0147774
141.288,1,470.5,0.0144115
142.154,1,470,0.0140443
143.02,1,469.5,0.0136782
143.886,1,469,0.0133238
144.752,1,468.5,0.01368
145.618,1,468,0.0141051
146.484,1,467.5,0.0145148
147.35,1,467,0.0148964
148.216,1,466.5,0.0152353
149.082,1,466,0.0152623
149.948,1,465.5,0.014913
150.814,1,465,0.0146216
151.68,1,464.5,0.0143881
152.546,1,464,0.014227
153.412,1,463.5,0.0141459
154.278,1,463,0.014384
155.144,1,462.5,0.0145661
156.01,1,462,0.0146775
156.876,1,461.5,0.0147208
157.742,1,461,0.0146899
158.608,1,460.5,0.0145652
159.474,1,460,0.014439
160.34,1,459.5,0.0143686
161.206,1,459,0.014353
162.072,1,458.5,0.0143896
162.939,1,458,0.0144769
163.805,1,457.5,0.0143912
164.671,1,457,0.014255
165.537,1,456.5,0.0140685
166.403,1,456,0.0138452
167.269,1,455.5,0.0135918
168.135,1,455,0.0135038
169.001,1,454.5,0.0136136
169.867,1,454,0.0137383
170.733,1,453.5,0.013877
171.599,1,453,0.0140304
172.465,1,452.5,0.0141623
173.331,1,452,0.0139855
174.197,1,451.5,0.0138037
175.063,1,451,0.0136226
175.929,1,450.5,0.0134427
176.795,1,450,0.0132663
177.661,1,449.5,0.0132684
178.527,1,449,0.0133797
179.393,1,448.5,0.0134891
180.259,1,448,0.0135927
181.125,1,447.5,0.0136894
181.991,1,447,0.0137519
182.857,1,446.5,0.0136492
183.723,1,446,0.0135493
184.589,1,445.5,0.0134522
185.455,1,445,0.0133627
186.321,1,444.5,0.0132812
187.187,1,444,0.0132649
188.053,1,443.5,0.0132703
188.919,1,443,0.0132687
189.785,1,442.5,0.0132601
190.651,1,442,0.0132427
191.517,1,441.5,0.0132141
192.383,1,441,0.0131749
193.249,1,440.5,0.0131423
194.115,1,440,0.0131211
194.981,1,439.5,0.0131145
195.847,1,439,0.013124
196.714,1,438.5,0.0131145
197.58,1,438,0.0130889
198.446,1,437.5,0.0130563
199.312,1,437,0.0130153
200.178,1,436.5,0.0129737
201.044,1,436,0.0129461
201.91,1,435.5,0.0129553
202.776,1,435,0.0129681
203.642,1,434.5,0.0129845
204.508,1,434,0.012993
205.374,1,433.5,0.0130007
206.24,1,433,0.0129833
207.106,1,432.5,0.0129875
207.972,1,432,0.0130165
208.838,1,431.5,0.0130668
209.704,1,431,0.0131583
210.57,1,430.5,0.0132733
211.436,1,430,0.0133728
212.302,1,429.5,0.0134925
213.168,1,429,0.0136389
214.034,1,428.5,0.0137914
214.9,1,428,0.0139563
215.766,1,427.5,0.0142523
216.632,1,427,0.01456
217.498,1,426.5,0.014859
218.364,1,426,0.0151363
219.23,1,425.5,0.015396
220.096,1,425,0.0155714
220.962,1,424.5,0.0156239
221.828,1,424,0.0156911
222.694,1,423.5,0.0157734
223.56,1,423,0.0158539
224.426,1,422.5,0.0159553
225.292,1,422,0.0160827
226.158,1,421.5,0.0161591
227.024,1,421,0.0161856
227.89,1,420.5,0.0161659
228.756,1,420,0.0160919
229.622,1,419.5,0.0160384
230.488,1,419,0.0160742
231.355,1,418.5,0.0161279
232.221,1,418,0.0161804
233.087,1,417.5,0.0162409
233.953,1,417,0.0163072
234.819,1,416.5,0.0161513
235.685,1,416,0.0159886
236.551,1,415.5,0.0158222
237.417,1,415,0.0156413
238.283,1,414.5,0.0154647
239.149,1,414,0.0153927
240.015,1,413.5,0.0153996
240.881,1,413,0.0153929
241.747,1,412.5,0.0153739
242.613,1,412,0.0153369
243.479,1,411.5,0.0152822
244.345,1,411,0.0151522
245.211,1,410.5,0.0150309
246.077,1,410,0.0149188
246.943,1,409.5,0.0148183
247.809,1,409,0.0147286
248.675,1,408.5,0.0146673
249.541,1,408,0.0146161
250.407,1,407.5,0.0145574
251.273,1,407,0.0144909
252.139,1,406.5,0.0144203
253.005,1,406,0.014347
253.871,1,405.5,0.014285
254.737,1,405,0.0142252
255.603,1,404.5,0.0141676
256.469,1,404,0.0141238
257.335,1,403.5,0.0140774
258.201,1,403,0.0140148
259.067,1,402.5,0.01394
259.933,1,402,0.0138597
260.799,1,401.5,0.0137735
261.665,1,401,0.0136821
262.531,1,400.5,0.0135876
263.397,1,400,0.0134821
264.263,1,399.5,0.0133594
265.13,1,399,0.0132202
265.996,1,398.5,0.0130731
266.862,1,398,0.0129183
267.728,1,397.5,0.0127206
268.594,1,397,0.0125145
269.46,1,396.5,0.0123216
270.326,1,396,0.0121504
271.192,1,395.5,0.0119787
272.058,1,395,0.0118026
272.924,1,394.5,0.0115728
273.79,1,394,0.0113374
274.656,1,393.5,0.0110968
275.522,1,393,0.0108687
276.388,1,392.5,0.0106555
277.254,1,392,0.01047
278.12,1,391.5,0.0103561
278.986,1,391,0.0102852
279.852,1,390.5,0.0102271
280.718,1,390,0.0102367
281.584,1,389.5,0.0103239
282.45,1,389,0.0104505
283.316,1,388.5,0.0104944
284.182,1,388,0.0103291
285.048,1,387.5,0.0101269
285.914,1,387,0.00989344
286.78,1,386.5,0.00974927
287.646,1,386,0.00975613
288.512,1,385.5,0.0100608
289.378,1,385,0.0144304
290.244,1,384.5,0.0130262
291.11,1,384,0.0178296
291.976,1,383.5,0.0254143
292.842,1,383,0.0372575
293.708,1,382.5,0.0473154
294.574,1,382,0.0534535
295.44,1,381.5,0.0522171
296.306,1,381,0.052721
297.172,1,380.5,0.056817
298.038,1,380,0.0656049
298.905,1,379.5,0.0738875
299.771,1,379,0.074818
300.637,1,378.5,0.0743087
301.503,1,378,0.0735397
302.369,1,377.5,0.0747715
303.235,1,377,0.0772544
304.101,1,376.5,0.079291
304.967,1,376,0.0800528
305.833,1,375.5,0.0806269
306.699,1,375,0.0810698
307.565,1,374.5,0.0813292
308.431,1,374,0.0813934
309.297,1,373.5,0.0808986
310.163,1,373,0.0800931
311.029,1,372.5,0.0791217
311.895,1,372,0.0780752
312.761,1,371.5,0.077573
313.627,1,371,0.0771103
314.493,1,370.5,0.0775309
315.359,1,370,0.0786897
316.225,1,369.5,0.0802525
317.091,1,369,0.0814821
317.957,1,368.5,0.0842744
318.823,1,368,0.0842994
319.689,1,367.5,0.0855302
320.555,1,367,0.0864636
321.421,1,366.5,0.0869617
322.287,1,366,0.0886537
323.153,1,365.5,0.0892878
324.019,1,365,0.0895547
324.885,1,364.5,0.0910942
325.751,1,364,0.0910842
326.617,1,363.5,0.0918353
327.483,1,363,0.0929158
328.349,1,362.5,0.0935067
329.215,1,362,0.0946036
330.081,1,361.5,0.0957515
330.947,1,361,0.0964396
331.813,1,360.5,0.096865
332.679,1,360,0.0959741
333.546,1,359.5,0.0934243
334.412,1,359,0.089607
335.278,1,358.5,0.0782187
336.144,1,358,0.0637524
337.01,1,357.5,0.0494886
337.876,1,357,0.0426901
338.742,1,356.5,0.0375355
339.608,1,356,0.034483
340.474,1,355.5,0.0313103
341.34,1,355,0.028186
342.206,1,354.5,0.0257525
343.072,1,354,0.0234335
343.938,1,353.5,0.0208515
344.804,1,353,0.0198688
345.67,1,352.5,0.0192074
346.536,1,352,0.0188672
347.402,1,351.5,0.0201128
348.268,1,351,0.0213722
349.134,1,350.5,0.0229373
350,1,350,0.0251087
350.866,1,349.5,0.0266554
351.732,1,349,0.0280127
352.598,1,348.5,0.0290289
353.464,1,348,0.0295071
354.33,1,347.5,0.0299483
355.196,1,347,0.0302742
356.062,1,346.5,0.0306355
356.928,1,346,0.0310677
357.794,1,345.5,0.0316724
358.66,1,345,0.0322564
359.526,1,344.5,0.0325564
360.392,1,344,0.0326779
361.258,1,343.5,0.0332261
362.124,1,343,0.0338259
362.99,1,342.5,0.0344663
363.856,1,342,0.0345767
364.722,1,341.5,0.0346328
365.588,1,341,0.0348105
366.454,1,340.5,0.0351628
367.321,1,340,0.0353475
368.187,1,339.5,0.0354107
369.053,1,339,0.0354889
369.919,1,338.5,0.0355904
370.785,1,338,0.035838
371.651,1,337.5,0.0361698
372.517,1,337,0.0366803
373.383,1,336.5,0.0375479
374.249,1,336,0.0382943
375.115,1,335.5,0.0392214
375.981,1,335,0.0403171
376.847,1,334.5,0.0411618
377.713,1,334,0.0419646
378.579,1,333.5,0.0426658
379.445,1,333,0.0431914
380.311,1,332.5,0.044036
381.177,1,332,0.0449219
382.043,1,331.5,0.0456498
382.909,1,331,0.0459478
383.775,1,330.5,0.0460077
384.641,1,330,0.0456508
385.507,1,329.5,0.044749
386.373,1,329,0.0437348
387.239,1,328.5,0.0431608
388.105,1,328,0.0432364
388.971,1,327.5,0.0438151
389.837,1,327,0.0449558
390.703,1,326.5,0.0463552
391.569,1,326,0.0476877
392.435,1,325.5,0.0483207
393.301,1,325,0.0489806
394.167,1,324.5,0.0494058
395.033,1,324,0.0496191
395.899,1,323.5,0.0498693
396.765,1,323,0.0498444
397.631,1,322.5,0.0495635
398.497,1,322,0.0492577
399.363,1,321.5,0.0492159
400.229,1,321,0.0493374
401.095,1,320.5,0.0495306
401.962,1,320,0.0501722
402.828,1,319.5,0.0512133
403.694,1,319,0.0516771
404.56,1,318.5,0.0520464
405.426,1,318,0.0519204
406.292,1,317.5,0.0516595
407.158,1,317,0.0511528
408.024,1,316.5,0.0508172
408.89,1,316,0.0507063
409.756,1,315.5,0.0512396
410.622,1,315,0.0518445
411.488,1,314.5,0.0524737
412.354,1,314,0.053344
413.22,1,313.5,0.0542309
414.086,1,313,0.0551606
414.952,1,312.5,0.0563446
415.818,1,312,0.0574336
416.684,1,311.5,0.058406
417.55,1,311,0.0589093
418.416,1,310.5,0.0590365
419.282,1,310,0.0585136
420.148,1,309.5,0.0575743
421.014,1,309,0.0565399
421.88,1,308.5,0.0555681
422.746,1,308,0.0547392
423.612,1,307.5,0.0542247
424.478,1,307,0.0540126
425.344,1,306.5,0.053789
426.21,1,306,0.0537423
427.076,1,305.5,0.0537548
427.942,1,305,0.053829
428.808,1,304.5,0.0541079
429.674,1,304,0.0545391
430.54,1,303.5,0.0550297
431.406,1,303,0.0552297
432.272,1,302.5,0.0556073
433.138,1,302,0.0559466
434.004,1,301.5,0.055983
434.87,1,301,0.0570336
435.737,1,300.5,0.0585432
436.603,1,300,0.0589293
437.469,1,299.5,0.0592163
438.335,1,299,0.0593498
439.201,1,298.5,0.0593843
440.067,1,298,0.0592943
440.933,1,297.5,0.0589576
441.799,1,297,0.0584767
442.665,1,296.5,0.0580761
443.531,1,296,0.0581393
444.397,1,295.5,0.0582892
445.263,1,295,0.0580838
446.129,1,294.5,0.0578785
446.995,1,294,0.0577213
447.861,1,293.5,0.0593466
448.727,1,293,0.0611383
449.593,1,292.5,0.0628913
450.459,1,292,0.0648268
451.325,1,291.5,0.0668495
452.191,1,291,0.0673904
453.057,1,290.5,0.0658991
453.923,1,290,0.065664
454.789,1,289.5,0.0645003
455.655,1,289,0.0642733
456.521,1,288.5,0.0638696
457.387,1,288,0.0643607
458.253,1,287.5,0.0648917
459.119,1,287,0.0652924
459.985,1,286.5,0.0654953
460.851,1,286,0.0655206
461.717,1,285.5,0.0654709
462.583,1,285,0.0651627
463.449,1,284.5,0.0646853
464.315,1,284,0.0634391
465.181,1,283.5,0.0625435
466.047,1,283,0.0614712
466.913,1,282.5,0.0602222
467.779,1,282,0.0588034
468.645,1,281.5,0.0575198
469.512,1,281,0.0569358
470.378,1,280.5,0.0561569
471.244,1,280,0.0546569
472.11,1,279.5,0.053203
472.976,1,279,0.0522045
473.842,1,278.5,0.0514707
474.708,1,278,0.0509617
475.574,1,277.5,0.0505498
476.44,1,277,0.0506447
477.306,1,276.5,0.0509049
478.172,1,276,0.0512205
479.038,1,275.5,0.0517549
479.904,1,275,0.0525093
480.77,1,274.5,0.0533768
481.636,1,274,0.0542374
482.502,1,273.5,0.0551505
483.368,1,273,0.0562046
484.234,1,272.5,0.0573377
485.1,1,272,0.0585123
485.966,1,271.5,0.0596992
486.832,1,271,0.0609061
487.698,1,270.5,0.0620643
488.564,1,270,0.0636389
489.43,1,269.5,0.0657026
490.296,1,269,0.0678973
491.162,1,268.5,0.0702294
492.028,1,268,0.0732085
492.894,1,267.5,0.0766818
493.76,1,267,0.0800918
494.626,1,266.5,0.0815628
495.492,1,266,0.0821356
496.358,1,265.5,0.083259
497.224,1,265,0.0834888
498.09,1,264.5,0.0842031
498.956,1,264,0.085402
499.822,1,263.5,0.0841536
500.688,1,263,0.0834879
501.554,1,262.5,0.0831802
502.42,1,262,0.0829392
503.286,1,261.5,0.0831956
504.153,1,261,0.0833936
505.019,1,260.5,0.0827148
505.885,1,260,0.0822726
506.751,1,259.5,0.0822073
507.617,1,259,0.0822932
508.483,1,258.5,0.0824201
509.349,1,258,0.0824259
510.215,1,257.5,0.0821353
511.081,1,257,0.081743
511.947,1,256.5,0.0814195
512.813,1,256,0.0811678
513.679,1,255.5,0.0809466
514.545,1,255,0.0808417
515.411,1,254.5,0.0806343
516.277,1,254,0.0805391
517.143,1,253.5,0.0799295
518.009,1,253,0.0786137
518.875,1,252.5,0.0772704
519.741,1,252,0.0762144
520.607,1,251.5,0.0754618
521.473,1,251,0.0730895
522.339,1,250.5,0.0589083
523.205,1,250,0.0455612
524.071,1,249.5,0.0371417
524.937,1,249,0.035188
525.803,1,248.5,0.0340514
526.669,1,248,0.0342757
527.535,1,247.5,0.0356625
528.401,1,247,0.0367224
529.267,1,246.5,0.0383274
530.133,1,246,0.03975
530.999,1,245.5,0.0411671
531.865,1,245,0.0427346
532.731,1,244.5,0.0438248
533.597,1,244,0.0447128
534.463,1,243.5,0.0450582
535.329,1,243,0.0442356
536.195,1,242.5,0.0427407
537.061,1,242,0.0417325
537.928,1,241.5,0.0403485
538.794,1,241,0.0377216
539.66,1,240.5,0.0345112
540.526,1,240,0.0323601
541.392,1,239.5,0.034054
542.258,1,239,0.0352559
543.124,1,238.5,0.0364465
543.99,1,238,0.0373793
544.856,1,237.5,0.0378138
545.722,1,237,0.0376024
546.588,1,236.5,0.0370203
547.454,1,236,0.0365177
548.32,1,235.5,0.0358849
549.186,1,235,0.0349614
550.052,1,234.5,0.0343088
550.918,1,234,0.0341694
551.784,1,233.5,0.034167
552.65,1,233,0.0328051
553.516,1,232.5,0.0322181
554.382,1,232,0.0314789
555.248,1,231.5,0.030794
556.114,1,231,0.0302818
556.98,1,230.5,0.0302563
557.846,1,230,0.0306904
558.712,1,229.5,0.0349524
559.578,1,229,0.0351391
560.444,1,228.5,0.0353988
561.31,1,228,0.0350818
562.176,1,227.5,0.0346172
563.042,1,227,0.0340842
563.908,1,226.5,0.0339503
564.774,1,226,0.0339796
565.64,1,225.5,0.0341326
566.506,1,225,0.0344611
567.372,1,224.5,0.0348525
568.238,1,224,0.0352395
569.104,1,223.5,0.031759
569.97,1,223,0.0297047
570.836,1,222.5,0.0294984
571.703,1,222,0.0297196
572.569,1,221.5,0.0299416
573.435,1,221,0.0300394
574.301,1,220.5,0.0301042
575.167,1,220,0.0301887
576.033,1,219.5,0.0300057
576.899,1,219,0.0297284
577.765,1,218.5,0.0296446
578.631,1,218,0.0293513
579.497,1,217.5,0.0280072
580.363,1,217,0.0267836
581.229,1,216.5,0.0263596
582.095,1,216,0.0267259
582.961,1,215.5,0.0262427
583.827,1,215,0.0249649
584.693,1,214.5,0.0249419
585.559,1,214,0.0251065
586.425,1,213.5,0.0246683
587.291,1,213,0.024686
588.157,1,212.5,0.0254001
589.023,1,212,0.0254445
589.889,1,211.5,0.0254882
590.755,1,211,0.0254794
591.621,1,210.5,0.0254316
592.487,1,210,0.0254452
593.353,1,209.5,0.0255116
594.219,1,209,0.0255849
595.085,1,208.5,0.0256749
595.951,1,208,0.0257467
596.817,1,207.5,0.0257826
597.683,1,207,0.0257906
598.549,1,206.5,0.0257693
599.415,1,206,0.02565
600.281,1,205.5,0.0255078
601.147,1,205,0.0253578
602.013,1,204.5,0.0251843
602.879,1,204,0.0249873
603.745,1,203.5,0.0247218
604.611,1,203,0.0244821
605.477,1,202.5,0.0242405
606.344,1,202,0.0238949
607.21,1,201.5,0.0235208
608.076,1,201,0.0231465
608.942,1,200.5,0.0230025
609.808,1,200,0.0229037
