x,y,z,b
90.1924,1,500,0.0138059
91.0584,1,499.5,0.0138096
91.9244,1,499,0.0138027
92.7905,1,498.5,0.0137778
93.6565,1,498,0.0137516
94.5225,1,497.5,0.013717
95.3885,1,497,0.0136555
96.2546,1,496.5,0.0135919
97.1206,1,496,0.013536
97.9866,1,495.5,0.0134809
98.8526,1,495,0.013425
99.7187,1,494.5,0.0133681
100.585,1,494,0.0133038
101.451,1,493.5,0.0132321
102.317,1,493,0.0131106
103.183,1,492.5,0.0130062
104.049,1,492,0.012946
104.915,1,491.5,0.0129308
105.781,1,491,0.0129741
106.647,1,490.5,0.01299
107.513,1,490,0.0129386
108.379,1,489.5,0.0128613
109.245,1,489,0.0127648
110.111,1,488.5,0.012629
110.977,1,488,0.0125182
111.843,1,487.5,0.0126786
112.709,1,487,0.012853
113.575,1,486.5,0.0130394
114.441,1,486,0.0132144
115.307,1,485.5,0.0133847
116.173,1,485,0.0133458
117.039,1,484.5,0.0132189
117.905,1,484,0.0131086
118.771,1,483.5,0.0130154
119.637,1,483,0.0129602
120.503,1,482.5,0.0129774
121.369,1,482,0.0130914
122.235,1,481.5,0.0131791
123.101,1,481,0.0132271
123.967,1,480.5,0.0132306
124.833,1,480,0.0131863
125.699,1,479.5,0.0131998
126.565,1,479,0.0132754
127.431,1,478.5,0.0133911
128.297,1,478,0.0135453
129.164,1,477.5,0.0137347
130.03,1,477,0.013864
130.896,1,476.5,0.0137582
131.762,1,476,0.0136395
132.628,1,475.5,0.0135077
133.494,1,475,0.0133585
134.36,1,474.5,0.0132126
135.226,1,474,0.0133233
136.092,1,473.5,0.0135129
136.958,1,473,0.0137228
137.824,1,472.5,0.0139516
138.69,1,472,0.0141843
139.556,1,471.5,0.014277
140.422,1,471,0.0141166
141.288,1,470.5,0.0139358
142.154,1,470,0.0137482
143.02,1,469.5,0.0135676
143.886,1,469,0.013396
144.752,1,468.5,0.0135289
145.618,1,468,0.0136862
146.484,1,467.5,0.0138312
147.35,1,467,0.0139565
148.216,1,466.5,0.0140547
149.082,1,466,0.0140698
149.948,1,465.5,0.0139993
150.814,1,465,0.0139542
151.68,1,464.5,0.0139346
152.546,1,464,0.0139157
153.412,1,463.5,0.0139103
154.278,1,463,0.0139061
155.144,1,462.5,0.0138784
156.01,1,462,0.0138374
156.876,1,461.5,0.0137885
157.742,1,461,0.0137317
158.608,1,460.5,0.0136619
159.474,1,460,0.0135956
160.34,1,459.5,0.0135429
161.206,1,459,0.0135134
162.072,1,458.5,0.0134945
162.939,1,458,0.0134923
163.805,1,457.5,0.0134028
164.671,1,457,0.0132922
165.537,1,456.5,0.0131622
166.403,1,456,0.0130184
167.269,1,455.5,0.012845
168.135,1,455,0.0128033
169.001,1,454.5,0.0129213
169.867,1,454,0.0130803
170.733,1,453.5,0.0132803
171.599,1,453,0.0135259
172.465,1,452.5,0.0137678
173.331,1,452,0.0136911
174.197,1,451.5,0.0136297
175.063,1,451,0.013598
175.929,1,450.5,0.0135971
176.795,1,450,0.0136303
177.661,1,449.5,0.0138037
178.527,1,449,0.0140286
179.393,1,448.5,0.0142244
180.259,1,448,0.0143824
181.125,1,447.5,0.0145078
181.991,1,447,0.0145979
182.857,1,446.5,0.0146848
183.723,1,446,0.0147987
184.589,1,445.5,0.0149389
185.455,1,445,0.0150796
186.321,1,444.5,0.0152424
187.187,1,444,0.0152987
188.053,1,443.5,0.015249
188.919,1,443,0.0151628
189.785,1,442.5,0.0150435
190.651,1,442,0.0148615
191.517,1,441.5,0.0146796
192.383,1,441,0.0147467
193.249,1,440.5,0.0148553
194.115,1,440,0.0149954
194.981,1,439.5,0.0151721
195.847,1,439,0.0153808
196.714,1,438.5,0.0153511
197.58,1,438,0.0152469
198.446,1,437.5,0.015157
199.312,1,437,0.0150837
200.178,1,436.5,0.015035
201.044,1,436,0.0150683
201.91,1,435.5,0.015261
202.776,1,435,0.0154442
203.642,1,434.5,0.015618
204.508,1,434,0.0157817
205.374,1,433.5,0.015939
206.24,1,433,0.0159573
207.106,1,432.5,0.0159594
207.972,1,432,0.0159787
208.838,1,431.5,0.0160145
209.704,1,431,0.0160505
210.57,1,430.5,0.016048
211.436,1,430,0.0159789
212.302,1,429.5,0.0159018
213.168,1,429,0.0158161
214.034,1,428.5,0.0157341
214.9,1,428,0.0156507
215.766,1,427.5,0.0156087
216.632,1,427,0.0155635
217.498,1,426.5,0.0155
218.364,1,426,0.0153851
219.23,1,425.5,0.0152561
220.096,1,425,0.0151098
220.962,1,424.5,0.0149146
221.828,1,424,0.0147271
222.694,1,423.5,0.0145485
223.56,1,423,0.0143498
224.426,1,422.5,0.0141506
225.292,1,422,0.0139553
226.158,1,421.5,0.0137551
227.024,1,421,0.0135144
227.89,1,420.5,0.0132195
228.756,1,420,0.0129525
229.622,1,419.5,0.0128599
230.488,1,419,0.012923
231.355,1,418.5,0.0130288
232.221,1,418,0.0131837
233.087,1,417.5,0.0133365
233.953,1,417,0.0134903
234.819,1,416.5,0.013404
235.685,1,416,0.0133075
236.551,1,415.5,0.0132052
237.417,1,415,0.0130955
238.283,1,414.5,0.0129674
239.149,1,414,0.0129593
240.015,1,413.5,0.0130536
240.881,1,413,0.0131566
241.747,1,412.5,0.0132727
242.613,1,412,0.0133859
243.479,1,411.5,0.0134901
244.345,1,411,0.0133344
245.211,1,410.5,0.0131632
246.077,1,410,0.0129991
246.943,1,409.5,0.0128506
247.809,1,409,0.0127292
248.675,1,408.5,0.0127559
249.541,1,408,0.0128154
250.407,1,407.5,0.0128052
251.273,1,407,0.0126977
252.139,1,406.5,0.0124983
253.005,1,406,0.0122228
253.871,1,405.5,0.0120998
254.737,1,405,0.0120379
255.603,1,404.5,0.0120369
256.469,1,404,0.0121478
257.335,1,403.5,0.0123075
258.201,1,403,0.0123791
259.067,1,402.5,0.0122603
259.933,1,402,0.0121015
260.799,1,401.5,0.0119322
261.665,1,401,0.0117719
262.531,1,400.5,0.0116734
263.397,1,400,0.0118002
264.263,1,399.5,0.0119355
265.13,1,399,0.0120873
265.996,1,398.5,0.0122176
266.862,1,398,0.0123775
267.728,1,397.5,0.0124786
268.594,1,397,0.0125385
269.46,1,396.5,0.0126535
270.326,1,396,0.0129437
271.192,1,395.5,0.0132705
272.058,1,395,0.0136332
272.924,1,394.5,0.014467
273.79,1,394,0.015227
274.656,1,393.5,0.0159058
275.522,1,393,0.0166707
276.388,1,392.5,0.0174871
277.254,1,392,0.0183392
278.12,1,391.5,0.0191928
278.986,1,391,0.0199963
279.852,1,390.5,0.0207326
280.718,1,390,0.0211195
281.584,1,389.5,0.0212159
282.45,1,389,0.0212185
283.316,1,388.5,0.0214988
284.182,1,388,0.0220134
285.048,1,387.5,0.0222341
285.914,1,387,0.0221302
286.78,1,386.5,0.0225999
287.646,1,386,0.0232699
288.512,1,385.5,0.0239686
289.378,1,385,0.0244866
290.244,1,384.5,0.0249728
291.11,1,384,0.0254015
291.976,1,383.5,0.0254773
292.842,1,383,0.0252328
293.708,1,382.5,0.0246962
294.574,1,382,0.0247627
295.44,1,381.5,0.0257288
296.306,1,381,0.0256652
297.172,1,380.5,0.0254771
298.038,1,380,0.0258121
298.905,1,379.5,0.0261747
299.771,1,379,0.0258538
300.637,1,378.5,0.0252277
301.503,1,378,0.0244829
302.369,1,377.5,0.0240816
303.235,1,377,0.0237129
304.101,1,376.5,0.0234218
304.967,1,376,0.023208
305.833,1,375.5,0.0231333
306.699,1,375,0.0230036
307.565,1,374.5,0.0228189
308.431,1,374,0.022786
309.297,1,373.5,0.0233109
310.163,1,373,0.0234661
311.029,1,372.5,0.0232735
311.895,1,372,0.0237816
312.761,1,371.5,0.0234888
313.627,1,371,0.0220005
314.493,1,370.5,0.0208691
315.359,1,370,0.0201176
316.225,1,369.5,0.0203426
317.091,1,369,0.022548
317.957,1,368.5,0.0241019
318.823,1,368,0.0248218
319.689,1,367.5,0.0264733
320.555,1,367,0.0318172
321.421,1,366.5,0.0333387
322.287,1,366,0.0336591
323.153,1,365.5,0.033582
324.019,1,365,0.0332011
324.885,1,364.5,0.0338544
325.751,1,364,0.0345056
326.617,1,363.5,0.0351539
327.483,1,363,0.0359629
328.349,1,362.5,0.0365474
329.215,1,362,0.0363654
330.081,1,361.5,0.0359957
330.947,1,361,0.0357606
331.813,1,360.5,0.0352326
332.679,1,360,0.0351292
333.546,1,359.5,0.035649
334.412,1,359,0.0367467
335.278,1,358.5,0.0366941
336.144,1,358,0.0364094
337.01,1,357.5,0.0356635
337.876,1,357,0.0350133
338.742,1,356.5,0.0353036
339.608,1,356,0.0365988
340.474,1,355.5,0.0360731
341.34,1,355,0.0356953
342.206,1,354.5,0.0355905
343.072,1,354,0.0354178
343.938,1,353.5,0.03966
344.804,1,353,0.0441567
345.67,1,352.5,0.0484133
346.536,1,352,0.0505858
347.402,1,351.5,0.0522062
348.268,1,351,0.0536803
349.134,1,350.5,0.0554606
350,1,350,0.0580981
350.866,1,349.5,0.0613924
351.732,1,349,0.0648722
352.598,1,348.5,0.0678737
353.464,1,348,0.0704511
354.33,1,347.5,0.0724993
355.196,1,347,0.0722861
356.062,1,346.5,0.0724281
356.928,1,346,0.0736371
357.794,1,345.5,0.0734549
358.66,1,345,0.0732671
359.526,1,344.5,0.0735202
360.392,1,344,0.0741773
361.258,1,343.5,0.0748683
362.124,1,343,0.0749809
362.99,1,342.5,0.0740313
363.856,1,342,0.072828
364.722,1,341.5,0.071346
365.588,1,341,0.0695513
366.454,1,340.5,0.0677663
367.321,1,340,0.0662252
368.187,1,339.5,0.0641379
369.053,1,339,0.0624196
369.919,1,338.5,0.0600954
370.785,1,338,0.0591457
371.651,1,337.5,0.0586537
372.517,1,337,0.0582363
373.383,1,336.5,0.0577169
374.249,1,336,0.057943
375.115,1,335.5,0.0592045
375.981,1,335,0.0608484
376.847,1,334.5,0.0624647
377.713,1,334,0.0648395
378.579,1,333.5,0.0672939
379.445,1,333,0.0693203
380.311,1,332.5,0.0713376
381.177,1,332,0.073158
382.043,1,331.5,0.0735546
382.909,1,331,0.0732209
383.775,1,330.5,0.0725671
384.641,1,330,0.0710788
385.507,1,329.5,0.0688661
386.373,1,329,0.0653456
387.239,1,328.5,0.0609181
388.105,1,328,0.061016
388.971,1,327.5,0.0559637
389.837,1,327,0.0492516
390.703,1,326.5,0.044231
391.569,1,326,0.0412028
392.435,1,325.5,0.0385784
393.301,1,325,0.0376772
394.167,1,324.5,0.0408303
395.033,1,324,0.0478672
395.899,1,323.5,0.0563562
396.765,1,323,0.0653955
397.631,1,322.5,0.070657
398.497,1,322,0.0727288
399.363,1,321.5,0.0730002
400.229,1,321,0.0732937
401.095,1,320.5,0.0737727
401.962,1,320,0.074524
402.828,1,319.5,0.0754372
403.694,1,319,0.0767566
404.56,1,318.5,0.0781765
405.426,1,318,0.07949
406.292,1,317.5,0.0808746
407.158,1,317,0.0818785
408.024,1,316.5,0.0823261
408.89,1,316,0.0831953
409.756,1,315.5,0.0839185
410.622,1,315,0.0847174
411.488,1,314.5,0.0861925
412.354,1,314,0.0880812
413.22,1,313.5,0.093972
414.086,1,313,0.0954822
414.952,1,312.5,0.0977171
415.818,1,312,0.0999172
416.684,1,311.5,0.101881
417.55,1,311,0.105217
418.416,1,310.5,0.109191
419.282,1,310,0.111134
420.148,1,309.5,0.111928
421.014,1,309,0.112709
421.88,1,308.5,0.113226
422.746,1,308,0.107672
423.612,1,307.5,0.100593
424.478,1,307,0.0929357
425.344,1,306.5,0.0851336
426.21,1,306,0.0777056
427.076,1,305.5,0.0726519
427.942,1,305,0.073525
428.808,1,304.5,0.073857
429.674,1,304,0.0742853
430.54,1,303.5,0.0733022
431.406,1,303,0.0697177
432.272,1,302.5,0.0638966
433.138,1,302,0.0571584
434.004,1,301.5,0.0496853
434.87,1,301,0.0486744
435.737,1,300.5,0.048126
436.603,1,300,0.0479429
437.469,1,299.5,0.0481734
438.335,1,299,0.0477709
439.201,1,298.5,0.0486463
440.067,1,298,0.0501153
440.933,1,297.5,0.0511717
441.799,1,297,0.0544426
442.665,1,296.5,0.0589092
443.531,1,296,0.0642251
444.397,1,295.5,0.0693917
445.263,1,295,0.0742634
446.129,1,294.5,0.0776237
446.995,1,294,0.0785827
447.861,1,293.5,0.0786056
448.727,1,293,0.0768512
449.593,1,292.5,0.0735417
450.459,1,292,0.0694329
451.325,1,291.5,0.0655728
452.191,1,291,0.0622222
453.057,1,290.5,0.0590995
453.923,1,290,0.0582457
454.789,1,289.5,0.0574564
455.655,1,289,0.0566182
456.521,1,288.5,0.0589822
457.387,1,288,0.0614766
458.253,1,287.5,0.0588583
459.119,1,287,0.0577417
459.985,1,286.5,0.0570017
460.851,1,286,0.0558192
461.717,1,285.5,0.0538157
462.583,1,285,0.0514605
463.449,1,284.5,0.0490621
464.315,1,284,0.0460595
465.181,1,283.5,0.042675
466.047,1,283,0.0389199
466.913,1,282.5,0.0373688
467.779,1,282,0.0363437
468.645,1,281.5,0.0352477
469.512,1,281,0.0349633
470.378,1,280.5,0.0351408
471.244,1,280,0.0355729
472.11,1,279.5,0.0362297
472.976,1,279,0.0365715
473.842,1,278.5,0.0366268
474.708,1,278,0.036333
475.574,1,277.5,0.0356855
476.44,1,277,0.0351634
477.306,1,276.5,0.0346999
478.172,1,276,0.0346313
479.038,1,275.5,0.0345458
479.904,1,275,0.0344615
480.77,1,274.5,0.0353289
481.636,1,274,0.0360143
482.502,1,273.5,0.0362929
483.368,1,273,0.0361882
484.234,1,272.5,0.0360882
485.1,1,272,0.0360136
485.966,1,271.5,0.0360143
486.832,1,271,0.0360658
487.698,1,270.5,0.0361331
488.564,1,270,0.0360523
489.43,1,269.5,0.0358358
490.296,1,269,0.0355596
491.162,1,268.5,0.0353213
492.028,1,268,0.0351556
492.894,1,267.5,0.0350129
493.76,1,267,0.034908
494.626,1,266.5,0.0348236
495.492,1,266,0.0343214
496.358,1,265.5,0.0337327
497.224,1,265,0.0332486
498.09,1,264.5,0.032813
498.956,1,264,0.0324259
499.822,1,263.5,0.0316761
500.688,1,263,0.0307647
501.554,1,262.5,0.0298453
502.42,1,262,0.0288919
503.286,1,261.5,0.0277961
504.153,1,261,0.0268852
505.019,1,260.5,0.0265799
505.885,1,260,0.0271982
506.751,1,259.5,0.0278319
507.617,1,259,0.0285706
508.483,1,258.5,0.0296021
509.349,1,258,0.030581
510.215,1,257.5,0.0314323
511.081,1,257,0.032192
511.947,1,256.5,0.0329777
512.813,1,256,0.0338175
513.679,1,255.5,0.0346599
514.545,1,255,0.0354319
515.411,1,254.5,0.0359559
516.277,1,254,0.0363759
517.143,1,253.5,0.0367347
518.009,1,253,0.0371075
518.875,1,252.5,0.0374293
519.741,1,252,0.0386842
520.607,1,251.5,0.0393669
521.473,1,251,0.0400945
522.339,1,250.5,0.040897
523.205,1,250,0.0415641
524.071,1,249.5,0.0418676
524.937,1,249,0.042207
525.803,1,248.5,0.0433352
526.669,1,248,0.0429582
527.535,1,247.5,0.0425112
528.401,1,247,0.0417314
529.267,1,246.5,0.0408588
530.133,1,246,0.039979
530.999,1,245.5,0.0390921
531.865,1,245,0.0381981
532.731,1,244.5,0.0372969
533.597,1,244,0.0364175
534.463,1,243.5,0.0356273
535.329,1,243,0.0347782
536.195,1,242.5,0.0339186
537.061,1,242,0.0330963
537.928,1,241.5,0.0323112
538.794,1,241,0.0316194
539.66,1,240.5,0.0312962
540.526,1,240,0.0309907
541.392,1,239.5,0.0307031
542.258,1,239,0.0304332
543.124,1,238.5,0.0301811
543.99,1,238,0.0299468
544.856,1,237.5,0.0298356
545.722,1,237,0.0296448
546.588,1,236.5,0.0293536
547.454,1,236,0.0289621
548.32,1,235.5,0.0284701
549.186,1,235,0.0265812
550.052,1,234.5,0.0252751
550.918,1,234,0.0238793
551.784,1,233.5,0.0230988
552.65,1,233,0.0228844
553.516,1,232.5,0.0227075
554.382,1,232,0.0226174
555.248,1,231.5,0.0226085
556.114,1,231,0.0227055
556.98,1,230.5,0.0229709
557.846,1,230,0.0231594
558.712,1,229.5,0.02335
559.578,1,229,0.0234099
560.444,1,228.5,0.0233064
561.31,1,228,0.0233009
562.176,1,227.5,0.0232257
563.042,1,227,0.0229815
563.908,1,226.5,0.0226793
564.774,1,226,0.0222434
565.64,1,225.5,0.0212514
566.506,1,225,0.019954
567.372,1,224.5,0.0186076
568.238,1,224,0.0179936
569.104,1,223.5,0.0174989
569.97,1,223,0.017115
570.836,1,222.5,0.0171678
571.703,1,222,0.0173509
572.569,1,221.5,0.0175778
573.435,1,221,0.0199988
574.301,1,220.5,0.0271636
575.167,1,220,0.0275321
576.033,1,219.5,0.0278403
576.899,1,219,0.0280882
577.765,1,218.5,0.0237119
578.631,1,218,0.0225064
579.497,1,217.5,0.0214652
580.363,1,217,0.0217254
581.229,1,216.5,0.0223424
582.095,1,216,0.0229192
582.961,1,215.5,0.0233799
583.827,1,215,0.0237155
584.693,1,214.5,0.0237702
585.559,1,214,0.0238174
586.425,1,213.5,0.0238644
587.291,1,213,0.0237938
588.157,1,212.5,0.0236888
589.023,1,212,0.0235634
589.889,1,211.5,0.0236684
590.755,1,211,0.0237921
591.621,1,210.5,0.0238776
592.487,1,210,0.0238652
593.353,1,209.5,0.0237571
594.219,1,209,0.0236387
595.085,1,208.5,0.0235681
595.951,1,208,0.0234703
596.817,1,207.5,0.0233572
597.683,1,207,0.0232349
598.549,1,206.5,0.0231287
599.415,1,206,0.0230308
600.281,1,205.5,0.0229639
601.147,1,205,0.0230578
602.013,1,204.5,0.0231997
602.879,1,204,0.0233898
603.745,1,203.5,0.0235896
604.611,1,203,0.0237299
605.477,1,202.5,0.0238518
606.344,1,202,0.0239296
607.21,1,201.5,0.0240295
608.076,1,201,0.0241641
608.942,1,200.5,0.0244787
609.808,1,200,0.0248855
