x,y,z,b
90.1924,1,500,0.0133176
91.0584,1,499.5,0.0132671
91.9244,1,499,0.0132251
92.7905,1,498.5,0.0132162
93.6565,1,498,0.0131963
94.5225,1,497.5,0.0131751
95.3885,1,497,0.0131828
96.2546,1,496.5,0.0131879
97.1206,1,496,0.0132074
97.9866,1,495.5,0.013254
98.8526,1,495,0.013299
99.7187,1,494.5,0.0133424
100.585,1,494,0.0134004
101.451,1,493.5,0.0134501
102.317,1,493,0.0134644
103.183,1,492.5,0.0134991
104.049,1,492,0.0135487
104.915,1,491.5,0.0136089
105.781,1,491,0.0136843
106.647,1,490.5,0.0137502
107.513,1,490,0.0137865
108.379,1,489.5,0.0138003
109.245,1,489,0.0137923
110.111,1,488.5,0.0137639
110.977,1,488,0.0137387
111.843,1,487.5,0.0138272
112.709,1,487,0.0139318
113.575,1,486.5,0.0140528
114.441,1,486,0.0141908
115.307,1,485.5,0.0143422
116.173,1,485,0.0143493
117.039,1,484.5,0.0142722
117.905,1,484,0.0141967
118.771,1,483.5,0.0141237
119.637,1,483,0.0140511
120.503,1,482.5,0.0140423
121.369,1,482,0.0141733
122.235,1,481.5,0.0142739
123.101,1,481,0.0143386
123.967,1,480.5,0.0143679
124.833,1,480,0.0143492
125.699,1,479.5,0.014283
126.565,1,479,0.0142541
127.431,1,478.5,0.0142671
128.297,1,478,0.0143195
129.164,1,477.5,0.0144184
130.03,1,477,0.0145017
130.896,1,476.5,0.0144154
131.762,1,476,0.0142815
132.628,1,475.5,0.0140997
133.494,1,475,0.0138613
134.36,1,474.5,0.0135824
135.226,1,474,0.0136659
136.092,1,473.5,0.0138778
136.958,1,473,0.0141221
137.824,1,472.5,0.0143962
138.69,1,472,0.0146939
139.556,1,471.5,0.0147671
140.422,1,471,0.014443
141.288,1,470.5,0.014126
142.154,1,470,0.0138296
143.02,1,469.5,0.0135559
143.886,1,469,0.0133216
144.752,1,468.5,0.0136557
145.618,1,468,0.014009
146.484,1,467.5,0.0143136
147.35,1,467,0.0145488
148.216,1,466.5,0.0147087
149.082,1,466,0.0146694
149.948,1,465.5,0.014478
150.814,1,465,0.0143718
151.68,1,464.5,0.0143507
152.546,1,464,0.0144036
153.412,1,463.5,0.0145328
154.278,1,463,0.0146082
155.144,1,462.5,0.0145977
156.01,1,462,0.0145188
156.876,1,461.5,0.0143758
157.742,1,461,0.014179
158.608,1,460.5,0.0140608
159.474,1,460,0.0141013
160.34,1,459.5,0.0141958
161.206,1,459,0.0143381
162.072,1,458.5,0.0145149
162.939,1,458,0.0147097
163.805,1,457.5,0.0144833
164.671,1,457,0.0142409
165.537,1,456.5,0.0139834
166.403,1,456,0.0137245
167.269,1,455.5,0.0134665
168.135,1,455,0.013444
169.001,1,454.5,0.0136312
169.867,1,454,0.0138099
170.733,1,453.5,0.0139793
171.599,1,453,0.0141402
172.465,1,452.5,0.0142563
173.331,1,452,0.0141002
174.197,1,451.5,0.0139549
175.063,1,451,0.0138218
175.929,1,450.5,0.0137035
176.795,1,450,0.0135935
177.661,1,449.5,0.0135928
178.527,1,449,0.013652
179.393,1,448.5,0.013701
180.259,1,448,0.0137372
181.125,1,447.5,0.0137613
181.991,1,447,0.0137588
182.857,1,446.5,0.0136701
183.723,1,446,0.0135897
184.589,1,445.5,0.0135175
185.455,1,445,0.0134461
186.321,1,444.5,0.013387
187.187,1,444,0.0133566
188.053,1,443.5,0.0133219
188.919,1,443,0.0132814
189.785,1,442.5,0.0132367
190.651,1,442,0.0131826
191.517,1,441.5,0.0131269
192.383,1,441,0.0131048
193.249,1,440.5,0.0131017
194.115,1,440,0.0131184
194.981,1,439.5,0.0131533
195.847,1,439,0.013203
196.714,1,438.5,0.0131902
197.58,1,438,0.0131538
198.446,1,437.5,0.0131169
199.312,1,437,0.0130814
200.178,1,436.5,0.0130517
201.044,1,436,0.0130387
201.91,1,435.5,0.0130605
202.776,1,435,0.0130805
203.642,1,434.5,0.0130988
204.508,1,434,0.0131273
205.374,1,433.5,0.0131571
206.24,1,433,0.0132128
207.106,1,432.5,0.0133107
207.972,1,432,0.0134304
208.838,1,431.5,0.0135652
209.704,1,431,0.0137334
210.57,1,430.5,0.0139084
211.436,1,430,0.0140589
212.302,1,429.5,0.0142243
213.168,1,429,0.0144028
214.034,1,428.5,0.0145819
214.9,1,428,0.0147593
215.766,1,427.5,0.0149863
216.632,1,427,0.0152046
217.498,1,426.5,0.0154007
218.364,1,426,0.0155577
219.23,1,425.5,0.0156949
220.096,1,425,0.0157921
220.962,1,424.5,0.0158401
221.828,1,424,0.0159073
222.694,1,423.5,0.0159944
223.56,1,423,0.0160874
224.426,1,422.5,0.0162054
225.292,1,422,0.016223
226.158,1,421.5,0.0161812
227.024,1,421,0.0161068
227.89,1,420.5,0.0160111
228.756,1,420,0.0158895
229.622,1,419.5,0.0158346
230.488,1,419,0.0158803
231.355,1,418.5,0.0159273
232.221,1,418,0.0159699
233.087,1,417.5,0.016014
233.953,1,417,0.0160533
234.819,1,416.5,0.0158871
235.685,1,416,0.0157241
236.551,1,415.5,0.0155665
237.417,1,415,0.0153972
238.283,1,414.5,0.015241
239.149,1,414,0.0151587
240.015,1,413.5,0.0151178
240.881,1,413,0.0150647
241.747,1,412.5,0.015001
242.613,1,412,0.0149189
243.479,1,411.5,0.0148198
244.345,1,411,0.0146853
245.211,1,410.5,0.0145624
246.077,1,410,0.0144505
246.943,1,409.5,0.0143486
247.809,1,409,0.0142554
248.675,1,408.5,0.0141744
249.541,1,408,0.0140962
250.407,1,407.5,0.0140192
251.273,1,407,0.0139553
252.139,1,406.5,0.0138877
253.005,1,406,0.0138241
253.871,1,405.5,0.0138301
254.737,1,405,0.0138325
255.603,1,404.5,0.0138313
256.469,1,404,0.0138336
257.335,1,403.5,0.0138326
258.201,1,403,0.013813
259.067,1,402.5,0.0137771
259.933,1,402,0.0137392
260.799,1,401.5,0.0137009
261.665,1,401,0.0136525
262.531,1,400.5,0.0135955
263.397,1,400,0.0135211
264.263,1,399.5,0.0134297
265.13,1,399,0.0133229
265.996,1,398.5,0.0132146
266.862,1,398,0.0131036
267.728,1,397.5,0.0129558
268.594,1,397,0.0127922
269.46,1,396.5,0.0126239
270.326,1,396,0.0124292
271.192,1,395.5,0.0122232
272.058,1,395,0.0120006
272.924,1,394.5,0.0117731
273.79,1,394,0.011556
274.656,1,393.5,0.0113493
275.522,1,393,0.0112215
276.388,1,392.5,0.0111183
277.254,1,392,0.0110548
278.12,1,391.5,0.0110278
278.986,1,391,0.0110197
279.852,1,390.5,0.0110207
280.718,1,390,0.0110835
281.584,1,389.5,0.0112199
282.45,1,389,0.0113933
283.316,1,388.5,0.0115639
284.182,1,388,0.0116876
285.048,1,387.5,0.0118082
285.914,1,387,0.0118813
286.78,1,386.5,0.0117646
287.646,1,386,0.0116446
288.512,1,385.5,0.0115103
289.378,1,385,0.011086
290.244,1,384.5,0.0106777
291.11,1,384,0.0102987
291.976,1,383.5,0.0102844
292.842,1,383,0.0103413
293.708,1,382.5,0.0104279
294.574,1,382,0.0108872
295.44,1,381.5,0.0114692
296.306,1,381,0.0120112
297.172,1,380.5,0.0127315
298.038,1,380,0.0135275
298.905,1,379.5,0.0142185
299.771,1,379,0.0150801
300.637,1,378.5,0.0161694
301.503,1,378,0.0171239
302.369,1,377.5,0.0180834
303.235,1,377,0.0193803
304.101,1,376.5,0.0205132
304.967,1,376,0.0214792
305.833,1,375.5,0.0224091
306.699,1,375,0.0232994
307.565,1,374.5,0.0237278
308.431,1,374,0.023954
309.297,1,373.5,0.0261109
310.163,1,373,0.0344674
311.029,1,372.5,0.0478547
311.895,1,372,0.05675
312.761,1,371.5,0.0651141
313.627,1,371,0.0723934
314.493,1,370.5,0.0778294
315.359,1,370,0.0826976
316.225,1,369.5,0.0847654
317.091,1,369,0.0855548
317.957,1,368.5,0.0860552
318.823,1,368,0.0853988
319.689,1,367.5,0.0845955
320.555,1,367,0.0834145
321.421,1,366.5,0.0815572
322.287,1,366,0.0799962
323.153,1,365.5,0.0781899
324.019,1,365,0.0756742
324.885,1,364.5,0.0731927
325.751,1,364,0.0700516
326.617,1,363.5,0.0655876
327.483,1,363,0.0608064
328.349,1,362.5,0.054472
329.215,1,362,0.0470357
330.081,1,361.5,0.0394135
330.947,1,361,0.0333218
331.813,1,360.5,0.0285735
332.679,1,360,0.0265623
333.546,1,359.5,0.0244954
334.412,1,359,0.020716
335.278,1,358.5,0.0190134
336.144,1,358,0.0195769
337.01,1,357.5,0.0210255
337.876,1,357,0.0223709
338.742,1,356.5,0.0226452
339.608,1,356,0.0213258
340.474,1,355.5,0.0211473
341.34,1,355,0.0214799
342.206,1,354.5,0.0221694
343.072,1,354,0.0227754
343.938,1,353.5,0.0235228
344.804,1,353,0.0245618
345.67,1,352.5,0.0258767
346.536,1,352,0.0268489
347.402,1,351.5,0.027779
348.268,1,351,0.0287303
349.134,1,350.5,0.0294342
350,1,350,0.0301148
350.866,1,349.5,0.0310763
351.732,1,349,0.0323552
352.598,1,348.5,0.0333232
353.464,1,348,0.0335727
354.33,1,347.5,0.0338488
355.196,1,347,0.0341946
356.062,1,346.5,0.0345739
356.928,1,346,0.0350026
357.794,1,345.5,0.0351347
358.66,1,345,0.0351275
359.526,1,344.5,0.0342244
360.392,1,344,0.0330192
361.258,1,343.5,0.0329029
362.124,1,343,0.033301
362.99,1,342.5,0.0336692
363.856,1,342,0.0339903
364.722,1,341.5,0.0342933
365.588,1,341,0.0346934
366.454,1,340.5,0.0353363
367.321,1,340,0.0358236
368.187,1,339.5,0.0359228
369.053,1,339,0.0356838
369.919,1,338.5,0.0354417
370.785,1,338,0.0362269
371.651,1,337.5,0.0374563
372.517,1,337,0.0386403
373.383,1,336.5,0.0395389
374.249,1,336,0.0403214
375.115,1,335.5,0.0409836
375.981,1,335,0.0415916
376.847,1,334.5,0.0421458
377.713,1,334,0.0425945
378.579,1,333.5,0.0430379
379.445,1,333,0.0434156
380.311,1,332.5,0.0431117
381.177,1,332,0.0428589
382.043,1,331.5,0.0428223
382.909,1,331,0.0428876
383.775,1,330.5,0.0430474
384.641,1,330,0.0432876
385.507,1,329.5,0.0435751
386.373,1,329,0.0438513
387.239,1,328.5,0.0455938
388.105,1,328,0.0489145
388.971,1,327.5,0.0497777
389.837,1,327,0.050315
390.703,1,326.5,0.0507257
391.569,1,326,0.0511452
392.435,1,325.5,0.0515168
393.301,1,325,0.0520356
394.167,1,324.5,0.0520519
395.033,1,324,0.0519134
395.899,1,323.5,0.0517894
396.765,1,323,0.0519388
397.631,1,322.5,0.0520053
398.497,1,322,0.051843
399.363,1,321.5,0.051291
400.229,1,321,0.0503675
401.095,1,320.5,0.0494614
401.962,1,320,0.0515506
402.828,1,319.5,0.0513112
403.694,1,319,0.0509372
404.56,1,318.5,0.0507717
405.426,1,318,0.0515133
406.292,1,317.5,0.0526656
407.158,1,317,0.0551386
408.024,1,316.5,0.0561789
408.89,1,316,0.0572781
409.756,1,315.5,0.0583847
410.622,1,315,0.0594988
411.488,1,314.5,0.0606204
412.354,1,314,0.0612035
413.22,1,313.5,0.0615515
414.086,1,313,0.0616287
414.952,1,312.5,0.0615546
415.818,1,312,0.0613294
416.684,1,311.5,0.0611362
417.55,1,311,0.060519
418.416,1,310.5,0.0597248
419.282,1,310,0.0588307
420.148,1,309.5,0.0582921
421.014,1,309,0.0581903
421.88,1,308.5,0.0581511
422.746,1,308,0.0577913
423.612,1,307.5,0.057419
424.478,1,307,0.057122
425.344,1,306.5,0.0568489
426.21,1,306,0.0573322
427.076,1,305.5,0.0572836
427.942,1,305,0.0572829
428.808,1,304.5,0.0576867
429.674,1,304,0.0578763
430.54,1,303.5,0.0570221
431.406,1,303,0.0562454
432.272,1,302.5,0.0564141
433.138,1,302,0.056793
434.004,1,301.5,0.057018
434.87,1,301,0.0571944
435.737,1,300.5,0.0572844
436.603,1,300,0.0573191
437.469,1,299.5,0.0574917
438.335,1,299,0.0576816
439.201,1,298.5,0.0578867
440.067,1,298,0.0581071
440.933,1,297.5,0.05828
441.799,1,297,0.0585401
442.665,1,296.5,0.0589305
443.531,1,296,0.0594802
444.397,1,295.5,0.0608793
445.263,1,295,0.0627919
446.129,1,294.5,0.0644442
446.995,1,294,0.065853
447.861,1,293.5,0.0674133
448.727,1,293,0.069251
449.593,1,292.5,0.0708546
450.459,1,292,0.0726684
451.325,1,291.5,0.0744529
452.191,1,291,0.074856
453.057,1,290.5,0.0734507
453.923,1,290,0.0721644
454.789,1,289.5,0.0690188
455.655,1,289,0.0690124
456.521,1,288.5,0.0690544
457.387,1,288,0.0689965
458.253,1,287.5,0.0689128
459.119,1,287,0.0688399
459.985,1,286.5,0.0687195
460.851,1,286,0.0684265
461.717,1,285.5,0.0679611
462.583,1,285,0.0674855
463.449,1,284.5,0.0668886
464.315,1,284,0.0660115
465.181,1,283.5,0.0648543
466.047,1,283,0.063417
466.913,1,282.5,0.0616996
467.779,1,282,0.0598074
468.645,1,281.5,0.0586899
469.512,1,281,0.0589896
470.378,1,280.5,0.0592478
471.244,1,280,0.0594645
472.11,1,279.5,0.0596399
472.976,1,279,0.0597737
473.842,1,278.5,0.0545699
474.708,1,278,0.0531781
475.574,1,277.5,0.0522182
476.44,1,277,0.0534136
477.306,1,276.5,0.0549914
478.172,1,276,0.0574597
479.038,1,275.5,0.0601667
479.904,1,275,0.0631144
480.77,1,274.5,0.065807
481.636,1,274,0.0680413
482.502,1,273.5,0.0700604
483.368,1,273,0.0720329
484.234,1,272.5,0.074009
485.1,1,272,0.0760246
485.966,1,271.5,0.0782096
486.832,1,271,0.0806133
487.698,1,270.5,0.0829138
488.564,1,270,0.0846306
489.43,1,269.5,0.0856735
490.296,1,269,0.0865191
491.162,1,268.5,0.0870778
492.028,1,268,0.0873997
492.894,1,267.5,0.0877383
493.76,1,267,0.0880718
494.626,1,266.5,0.0881805
495.492,1,266,0.0876404
496.358,1,265.5,0.0872294
497.224,1,265,0.086925
498.09,1,264.5,0.0868097
498.956,1,264,0.0868834
499.822,1,263.5,0.0864611
500.688,1,263,0.0861724
501.554,1,262.5,0.0862649
502.42,1,262,0.0867036
503.286,1,261.5,0.0867258
504.153,1,261,0.0867154
505.019,1,260.5,0.0866603
505.885,1,260,0.0864779
506.751,1,259.5,0.0863446
507.617,1,259,0.0861599
508.483,1,258.5,0.0858644
509.349,1,258,0.0856744
510.215,1,257.5,0.0854589
511.081,1,257,0.085283
511.947,1,256.5,0.0852527
512.813,1,256,0.0852722
513.679,1,255.5,0.0853672
514.545,1,255,0.085569
515.411,1,254.5,0.0854633
516.277,1,254,0.0853897
517.143,1,253.5,0.0850384
518.009,1,253,0.0841459
518.875,1,252.5,0.0831544
519.741,1,252,0.0807177
520.607,1,251.5,0.0735753
521.473,1,251,0.0598011
522.339,1,250.5,0.0535461
523.205,1,250,0.052273
524.071,1,249.5,0.0540764
524.937,1,249,0.0551408
525.803,1,248.5,0.0550774
526.669,1,248,0.0533434
527.535,1,247.5,0.0505535
528.401,1,247,0.0479758
529.267,1,246.5,0.0451602
530.133,1,246,0.0423124
530.999,1,245.5,0.0399655
531.865,1,245,0.039235
532.731,1,244.5,0.0394527
533.597,1,244,0.0407512
534.463,1,243.5,0.0412755
535.329,1,243,0.0407888
536.195,1,242.5,0.0400901
537.061,1,242,0.0393142
537.928,1,241.5,0.0387659
538.794,1,241,0.0385033
539.66,1,240.5,0.0393605
540.526,1,240,0.0398566
541.392,1,239.5,0.0405184
542.258,1,239,0.0439722
543.124,1,238.5,0.044033
543.99,1,238,0.0425184
544.856,1,237.5,0.0379216
545.722,1,237,0.0347931
546.588,1,236.5,0.0347307
547.454,1,236,0.0356478
548.32,1,235.5,0.0367326
549.186,1,235,0.0375436
550.052,1,234.5,0.0366849
550.918,1,234,0.0359525
551.784,1,233.5,0.0347965
552.65,1,233,0.0325849
553.516,1,232.5,0.0309514
554.382,1,232,0.030049
555.248,1,231.5,0.0301246
556.114,1,231,0.0303741
556.98,1,230.5,0.030523
557.846,1,230,0.0302635
558.712,1,229.5,0.0293804
559.578,1,229,0.0290908
560.444,1,228.5,0.0293761
561.31,1,228,0.0300896
562.176,1,227.5,0.0306377
563.042,1,227,0.0309756
563.908,1,226.5,0.0313348
564.774,1,226,0.0316528
565.64,1,225.5,0.0315464
566.506,1,225,0.0313289
567.372,1,224.5,0.0310434
568.238,1,224,0.0306057
569.104,1,223.5,0.0302636
569.97,1,223,0.0300194
570.836,1,222.5,0.0301221
571.703,1,222,0.0303323
572.569,1,221.5,0.0305675
573.435,1,221,0.0307115
574.301,1,220.5,0.0307898
575.167,1,220,0.0308389
576.033,1,219.5,0.0307485
576.899,1,219,0.0305715
577.765,1,218.5,0.0303984
578.631,1,218,0.0301326
579.497,1,217.5,0.0297604
580.363,1,217,0.0294349
581.229,1,216.5,0.0290329
582.095,1,216,0.0284036
582.961,1,215.5,0.0278825
583.827,1,215,0.0274697
584.693,1,214.5,0.0270092
585.559,1,214,0.0264184
586.425,1,213.5,0.0259041
587.291,1,213,0.0255314
588.157,1,212.5,0.0252662
589.023,1,212,0.0251017
589.889,1,211.5,0.0249553
590.755,1,211,0.0248765
591.621,1,210.5,0.0248611
592.487,1,210,0.0249393
593.353,1,209.5,0.0250819
594.219,1,209,0.0252061
595.085,1,208.5,0.025251
595.951,1,208,0.0253066
596.817,1,207.5,0.0253632
597.683,1,207,0.0254165
598.549,1,206.5,0.0254542
599.415,1,206,0.0254173
600.281,1,205.5,0.025343
601.147,1,205,0.0251589
602.013,1,204.5,0.0249428
602.879,1,204,0.0246948
603.745,1,203.5,0.0242216
604.611,1,203,0.02375
605.477,1,202.5,0.0232546
606.344,1,202,0.0227515
607.21,1,201.5,0.0223062
608.076,1,201,0.0219235
608.942,1,200.5,0.0219205
609.808,1,200,0.0219679
