x,y,z,b
90.1924,1,500,0.0137869
91.0584,1,499.5,0.0137674
91.9244,1,499,0.0137441
92.7905,1,498.5,0.0137059
93.6565,1,498,0.013664
94.5225,1,497.5,0.013615
95.3885,1,497,0.0135495
96.2546,1,496.5,0.0134798
97.1206,1,496,0.0134461
97.9866,1,495.5,0.013428
98.8526,1,495,0.0134122
99.7187,1,494.5,0.0133987
100.585,1,494,0.0133569
101.451,1,493.5,0.013299
102.317,1,493,0.0131733
103.183,1,492.5,0.0130224
104.049,1,492,0.012864
104.915,1,491.5,0.0127046
105.781,1,491,0.0125635
106.647,1,490.5,0.0124753
107.513,1,490,0.0123812
108.379,1,489.5,0.0122696
109.245,1,489,0.012128
110.111,1,488.5,0.0119341
110.977,1,488,0.0117596
111.843,1,487.5,0.0118593
112.709,1,487,0.0119803
113.575,1,486.5,0.0121265
114.441,1,486,0.0123118
115.307,1,485.5,0.012493
116.173,1,485,0.0124554
117.039,1,484.5,0.0123262
117.905,1,484,0.0122044
118.771,1,483.5,0.01209
119.637,1,483,0.0120166
120.503,1,482.5,0.0120169
121.369,1,482,0.0121141
122.235,1,481.5,0.0122032
123.101,1,481,0.0122508
123.967,1,480.5,0.0122284
124.833,1,480,0.0121447
125.699,1,479.5,0.0121836
126.565,1,479,0.0123348
127.431,1,478.5,0.0125482
128.297,1,478,0.0128036
129.164,1,477.5,0.0131097
130.03,1,477,0.0133012
130.896,1,476.5,0.0130715
131.762,1,476,0.0128134
132.628,1,475.5,0.0125268
133.494,1,475,0.0122224
134.36,1,474.5,0.0119007
135.226,1,474,0.0120319
136.092,1,473.5,0.012275
136.958,1,473,0.0125207
137.824,1,472.5,0.0127676
138.69,1,472,0.0130105
139.556,1,471.5,0.0130427
140.422,1,471,0.0127414
141.288,1,470.5,0.0124876
142.154,1,470,0.0123032
143.02,1,469.5,0.0121788
143.886,1,469,0.0121391
144.752,1,468.5,0.0123986
145.618,1,468,0.0126102
146.484,1,467.5,0.0127415
147.35,1,467,0.0127889
148.216,1,466.5,0.0127553
149.082,1,466,0.012698
149.948,1,465.5,0.0127482
150.814,1,465,0.0128673
151.68,1,464.5,0.0130553
152.546,1,464,0.0132641
153.412,1,463.5,0.0135073
154.278,1,463,0.0134923
155.144,1,462.5,0.013413
156.01,1,462,0.0132932
156.876,1,461.5,0.0131347
157.742,1,461,0.012959
158.608,1,460.5,0.0129777
159.474,1,460,0.0132431
160.34,1,459.5,0.0135629
161.206,1,459,0.0139127
162.072,1,458.5,0.0142623
162.939,1,458,0.0145929
163.805,1,457.5,0.0144611
164.671,1,457,0.014324
165.537,1,456.5,0.0141846
166.403,1,456,0.0140834
167.269,1,455.5,0.0140191
168.135,1,455,0.0141748
169.001,1,454.5,0.0144699
169.867,1,454,0.0147114
170.733,1,453.5,0.0148986
171.599,1,453,0.0150319
172.465,1,452.5,0.015124
173.331,1,452,0.0151868
174.197,1,451.5,0.0152547
175.063,1,451,0.0153192
175.929,1,450.5,0.0153763
176.795,1,450,0.0154317
177.661,1,449.5,0.0154965
178.527,1,449,0.0155544
179.393,1,448.5,0.0156031
180.259,1,448,0.0156497
181.125,1,447.5,0.0156814
181.991,1,447,0.01571
182.857,1,446.5,0.0157909
183.723,1,446,0.0158584
184.589,1,445.5,0.0159132
185.455,1,445,0.015978
186.321,1,444.5,0.0160273
187.187,1,444,0.0161014
188.053,1,443.5,0.0162105
188.919,1,443,0.0163155
189.785,1,442.5,0.0164126
190.651,1,442,0.0165175
191.517,1,441.5,0.0166291
192.383,1,441,0.0167527
193.249,1,440.5,0.0168763
194.115,1,440,0.0169976
194.981,1,439.5,0.0171092
195.847,1,439,0.0171972
196.714,1,438.5,0.0172507
197.58,1,438,0.0173037
198.446,1,437.5,0.0173547
199.312,1,437,0.0173923
200.178,1,436.5,0.0174311
201.044,1,436,0.0174527
201.91,1,435.5,0.017419
202.776,1,435,0.0173901
203.642,1,434.5,0.017366
204.508,1,434,0.0173348
205.374,1,433.5,0.0173096
206.24,1,433,0.0172884
207.106,1,432.5,0.0172547
207.972,1,432,0.0172184
208.838,1,431.5,0.0171838
209.704,1,431,0.0171381
210.57,1,430.5,0.017076
211.436,1,430,0.0169967
212.302,1,429.5,0.0169142
213.168,1,429,0.0168268
214.034,1,428.5,0.0167442
214.9,1,428,0.0166615
215.766,1,427.5,0.0165494
216.632,1,427,0.0164326
217.498,1,426.5,0.0163127
218.364,1,426,0.0161802
219.23,1,425.5,0.0160442
220.096,1,425,0.0158981
220.962,1,424.5,0.0157289
221.828,1,424,0.0155568
222.694,1,423.5,0.015382
223.56,1,423,0.0151864
224.426,1,422.5,0.0149787
225.292,1,422,0.0147995
226.158,1,421.5,0.0146186
227.024,1,421,0.0144381
227.89,1,420.5,0.014264
228.756,1,420,0.014086
229.622,1,419.5,0.0139218
230.488,1,419,0.0137861
231.355,1,418.5,0.0136708
232.221,1,418,0.0136074
233.087,1,417.5,0.0135732
233.953,1,417,0.0135827
234.819,1,416.5,0.0136504
235.685,1,416,0.013715
236.551,1,415.5,0.0137777
237.417,1,415,0.0138597
238.283,1,414.5,0.0139277
239.149,1,414,0.0139673
240.015,1,413.5,0.0139897
240.881,1,413,0.0139943
241.747,1,412.5,0.0139791
242.613,1,412,0.0139228
243.479,1,411.5,0.0138394
244.345,1,411,0.0137048
245.211,1,410.5,0.0135348
246.077,1,410,0.0133415
246.943,1,409.5,0.0131475
247.809,1,409,0.0129311
248.675,1,408.5,0.0126431
249.541,1,408,0.012288
250.407,1,407.5,0.0118807
251.273,1,407,0.0114155
252.139,1,406.5,0.010924
253.005,1,406,0.0104579
253.871,1,405.5,0.0104647
254.737,1,405,0.0104985
255.603,1,404.5,0.0105595
256.469,1,404,0.0107467
257.335,1,403.5,0.0109767
258.201,1,403,0.0111948
259.067,1,402.5,0.0116407
259.933,1,402,0.0123155
260.799,1,401.5,0.0131818
261.665,1,401,0.0140667
262.531,1,400.5,0.0148583
263.397,1,400,0.0154347
264.263,1,399.5,0.0158713
265.13,1,399,0.0161564
265.996,1,398.5,0.0165101
266.862,1,398,0.0169065
267.728,1,397.5,0.0173428
268.594,1,397,0.0178684
269.46,1,396.5,0.0184695
270.326,1,396,0.0191342
271.192,1,395.5,0.0198556
272.058,1,395,0.0205449
272.924,1,394.5,0.0209109
273.79,1,394,0.021242
274.656,1,393.5,0.0215385
275.522,1,393,0.0216348
276.388,1,392.5,0.0216383
277.254,1,392,0.0215173
278.12,1,391.5,0.0213879
278.986,1,391,0.0213227
279.852,1,390.5,0.0213353
280.718,1,390,0.0214825
281.584,1,389.5,0.0219926
282.45,1,389,0.0229707
283.316,1,388.5,0.0238833
284.182,1,388,0.0251818
285.048,1,387.5,0.0253081
285.914,1,387,0.0254448
286.78,1,386.5,0.0255917
287.646,1,386,0.0259671
288.512,1,385.5,0.0265078
289.378,1,385,0.0269358
290.244,1,384.5,0.0273789
291.11,1,384,0.0278371
291.976,1,383.5,0.0283103
292.842,1,383,0.0290101
293.708,1,382.5,0.0302879
294.574,1,382,0.0317048
295.44,1,381.5,0.033261
296.306,1,381,0.0349563
297.172,1,380.5,0.0367909
298.038,1,380,0.0386863
298.905,1,379.5,0.0398223
299.771,1,379,0.0408669
300.637,1,378.5,0.0418235
301.503,1,378,0.0426921
302.369,1,377.5,0.0434727
303.235,1,377,0.0441652
304.101,1,376.5,0.0443463
304.967,1,376,0.0443302
305.833,1,375.5,0.0443384
306.699,1,375,0.044371
307.565,1,374.5,0.0442778
308.431,1,374,0.0436745
309.297,1,373.5,0.0431608
310.163,1,373,0.0428175
311.029,1,372.5,0.042551
311.895,1,372,0.0423615
312.761,1,371.5,0.0422488
313.627,1,371,0.0422129
314.493,1,370.5,0.0422646
315.359,1,370,0.0426102
316.225,1,369.5,0.0430264
317.091,1,369,0.0434994
317.957,1,368.5,0.0439799
318.823,1,368,0.0444876
319.689,1,367.5,0.0450225
320.555,1,367,0.0446472
321.421,1,366.5,0.0439266
322.287,1,366,0.040958
323.153,1,365.5,0.0394531
324.019,1,365,0.0380112
324.885,1,364.5,0.0375266
325.751,1,364,0.0369641
326.617,1,363.5,0.0363238
327.483,1,363,0.036177
328.349,1,362.5,0.0362728
329.215,1,362,0.0367566
330.081,1,361.5,0.0372855
330.947,1,361,0.0375808
331.813,1,360.5,0.0380597
332.679,1,360,0.0377738
333.546,1,359.5,0.0374814
334.412,1,359,0.0360231
335.278,1,358.5,0.0351747
336.144,1,358,0.0347351
337.01,1,357.5,0.0343285
337.876,1,357,0.0342367
338.742,1,356.5,0.0350185
339.608,1,356,0.0362936
340.474,1,355.5,0.0361513
341.34,1,355,0.0350081
342.206,1,354.5,0.0342625
343.072,1,354,0.0335713
343.938,1,353.5,0.0337786
344.804,1,353,0.0339944
345.67,1,352.5,0.0341796
346.536,1,352,0.034831
347.402,1,351.5,0.0356413
348.268,1,351,0.0363213
349.134,1,350.5,0.0370001
350,1,350,0.0380715
350.866,1,349.5,0.0384085
351.732,1,349,0.0386887
352.598,1,348.5,0.0389121
353.464,1,348,0.038839
354.33,1,347.5,0.0387466
355.196,1,347,0.0391353
356.062,1,346.5,0.0398825
356.928,1,346,0.0405711
357.794,1,345.5,0.0412012
358.66,1,345,0.0417914
359.526,1,344.5,0.0423068
360.392,1,344,0.0427203
361.258,1,343.5,0.043032
362.124,1,343,0.0432419
362.99,1,342.5,0.04335
363.856,1,342,0.0435829
364.722,1,341.5,0.0448437
365.588,1,341,0.0461741
366.454,1,340.5,0.0471662
367.321,1,340,0.0478684
368.187,1,339.5,0.048044
369.053,1,339,0.0476885
369.919,1,338.5,0.0462632
370.785,1,338,0.0460505
371.651,1,337.5,0.0466528
372.517,1,337,0.0477407
373.383,1,336.5,0.0479537
374.249,1,336,0.0485333
375.115,1,335.5,0.049775
375.981,1,335,0.0512054
376.847,1,334.5,0.0526052
377.713,1,334,0.05308
378.579,1,333.5,0.0541044
379.445,1,333,0.0547285
380.311,1,332.5,0.0551016
381.177,1,332,0.0553325
382.043,1,331.5,0.0554859
382.909,1,331,0.0560457
383.775,1,330.5,0.056451
384.641,1,330,0.056774
385.507,1,329.5,0.0569105
386.373,1,329,0.0567795
387.239,1,328.5,0.0568384
388.105,1,328,0.0572687
388.971,1,327.5,0.0577036
389.837,1,327,0.0583779
390.703,1,326.5,0.0605933
391.569,1,326,0.0640851
392.435,1,325.5,0.0685428
393.301,1,325,0.0722295
394.167,1,324.5,0.0756467
395.033,1,324,0.0787531
395.899,1,323.5,0.0793091
396.765,1,323,0.079545
397.631,1,322.5,0.0796226
398.497,1,322,0.0791231
399.363,1,321.5,0.0782863
400.229,1,321,0.07755
401.095,1,320.5,0.0772731
401.962,1,320,0.0770132
402.828,1,319.5,0.07659
403.694,1,319,0.0764549
404.56,1,318.5,0.0768964
405.426,1,318,0.0778417
406.292,1,317.5,0.0788806
407.158,1,317,0.0801283
408.024,1,316.5,0.0813428
408.89,1,316,0.0825629
409.756,1,315.5,0.083605
410.622,1,315,0.0844308
411.488,1,314.5,0.0852847
412.354,1,314,0.0863263
413.22,1,313.5,0.0874788
414.086,1,313,0.0885062
414.952,1,312.5,0.0886021
415.818,1,312,0.0888925
416.684,1,311.5,0.0893571
417.55,1,311,0.0901573
418.416,1,310.5,0.0913114
419.282,1,310,0.0919066
420.148,1,309.5,0.0916
421.014,1,309,0.0908997
421.88,1,308.5,0.0901751
422.746,1,308,0.0894388
423.612,1,307.5,0.0892761
424.478,1,307,0.0903724
425.344,1,306.5,0.0908574
426.21,1,306,0.0904581
427.076,1,305.5,0.0898168
427.942,1,305,0.088942
428.808,1,304.5,0.0906085
429.674,1,304,0.093098
430.54,1,303.5,0.0957857
431.406,1,303,0.0984523
432.272,1,302.5,0.100858
433.138,1,302,0.103089
434.004,1,301.5,0.105352
434.87,1,301,0.107506
435.737,1,300.5,0.109581
436.603,1,300,0.111153
437.469,1,299.5,0.111904
438.335,1,299,0.110203
439.201,1,298.5,0.107775
440.067,1,298,0.105163
440.933,1,297.5,0.103253
441.799,1,297,0.101958
442.665,1,296.5,0.0992752
443.531,1,296,0.0946812
444.397,1,295.5,0.0908624
445.263,1,295,0.087869
446.129,1,294.5,0.0858147
446.995,1,294,0.0846993
447.861,1,293.5,0.0841707
448.727,1,293,0.0837746
449.593,1,292.5,0.0834933
450.459,1,292,0.0837283
451.325,1,291.5,0.0844831
452.191,1,291,0.0857866
453.057,1,290.5,0.0877619
453.923,1,290,0.0898467
454.789,1,289.5,0.0919921
455.655,1,289,0.0938415
456.521,1,288.5,0.0950119
457.387,1,288,0.0953873
458.253,1,287.5,0.0955296
459.119,1,287,0.0948695
459.985,1,286.5,0.095283
460.851,1,286,0.0964791
461.717,1,285.5,0.0958416
462.583,1,285,0.0952776
463.449,1,284.5,0.0958605
464.315,1,284,0.099445
465.181,1,283.5,0.102714
466.047,1,283,0.107049
466.913,1,282.5,0.105192
467.779,1,282,0.103551
468.645,1,281.5,0.103653
469.512,1,281,0.103853
470.378,1,280.5,0.100853
471.244,1,280,0.0966219
472.11,1,279.5,0.0899721
472.976,1,279,0.0827164
473.842,1,278.5,0.0766886
474.708,1,278,0.0718159
475.574,1,277.5,0.0685059
476.44,1,277,0.0645085
477.306,1,276.5,0.0598639
478.172,1,276,0.054653
479.038,1,275.5,0.0497758
479.904,1,275,0.0472767
480.77,1,274.5,0.0452596
481.636,1,274,0.0441548
482.502,1,273.5,0.0430156
483.368,1,273,0.0421821
484.234,1,272.5,0.0427759
485.1,1,272,0.0435541
485.966,1,271.5,0.044311
486.832,1,271,0.0447847
487.698,1,270.5,0.044748
488.564,1,270,0.0440829
489.43,1,269.5,0.043848
490.296,1,269,0.0434136
491.162,1,268.5,0.0426112
492.028,1,268,0.0430252
492.894,1,267.5,0.0433695
493.76,1,267,0.0428177
494.626,1,266.5,0.0423508
495.492,1,266,0.0414363
496.358,1,265.5,0.0396917
497.224,1,265,0.0385509
498.09,1,264.5,0.0384635
498.956,1,264,0.0374947
499.822,1,263.5,0.0378643
500.688,1,263,0.0389484
501.554,1,262.5,0.0405249
502.42,1,262,0.041813
503.286,1,261.5,0.0428792
504.153,1,261,0.0434864
505.019,1,260.5,0.0428289
505.885,1,260,0.0422781
506.751,1,259.5,0.0420008
507.617,1,259,0.0414816
508.483,1,258.5,0.0404312
509.349,1,258,0.0393504
510.215,1,257.5,0.0389576
511.081,1,257,0.0387492
511.947,1,256.5,0.0384036
512.813,1,256,0.0380318
513.679,1,255.5,0.0379624
514.545,1,255,0.036314
515.411,1,254.5,0.0332606
516.277,1,254,0.0312255
517.143,1,253.5,0.0304427
518.009,1,253,0.0303727
518.875,1,252.5,0.0302632
519.741,1,252,0.0302674
520.607,1,251.5,0.030018
521.473,1,251,0.0295912
522.339,1,250.5,0.0289622
523.205,1,250,0.0282493
524.071,1,249.5,0.0278086
524.937,1,249,0.0272996
525.803,1,248.5,0.0268385
526.669,1,248,0.0266393
527.535,1,247.5,0.0268371
528.401,1,247,0.027065
529.267,1,246.5,0.027417
530.133,1,246,0.0277319
530.999,1,245.5,0.0278371
531.865,1,245,0.0278313
532.731,1,244.5,0.0278474
533.597,1,244,0.0280556
534.463,1,243.5,0.0284667
535.329,1,243,0.028786
536.195,1,242.5,0.0301169
537.061,1,242,0.0297815
537.928,1,241.5,0.0295068
538.794,1,241,0.0295774
539.66,1,240.5,0.0298548
540.526,1,240,0.0306863
541.392,1,239.5,0.0321331
542.258,1,239,0.0339152
543.124,1,238.5,0.035474
543.99,1,238,0.0366798
544.856,1,237.5,0.037708
545.722,1,237,0.0386029
546.588,1,236.5,0.0396844
547.454,1,236,0.0411667
548.32,1,235.5,0.0425303
549.186,1,235,0.0437649
550.052,1,234.5,0.0448799
550.918,1,234,0.0458755
551.784,1,233.5,0.0466779
552.65,1,233,0.0474141
553.516,1,232.5,0.0481117
554.382,1,232,0.0485455
555.248,1,231.5,0.0489537
556.114,1,231,0.0494048
556.98,1,230.5,0.0495597
557.846,1,230,0.0491035
558.712,1,229.5,0.0494132
559.578,1,229,0.0497205
560.444,1,228.5,0.0500252
561.31,1,228,0.0489276
562.176,1,227.5,0.0475468
563.042,1,227,0.0460653
563.908,1,226.5,0.0439139
564.774,1,226,0.0418401
565.64,1,225.5,0.0399146
566.506,1,225,0.0380999
567.372,1,224.5,0.0364278
568.238,1,224,0.0322209
569.104,1,223.5,0.0304562
569.97,1,223,0.0291116
570.836,1,222.5,0.0287591
571.703,1,222,0.0287039
572.569,1,221.5,0.0286416
573.435,1,221,0.0285591
574.301,1,220.5,0.0284854
575.167,1,220,0.0284102
576.033,1,219.5,0.0281637
576.899,1,219,0.0277474
577.765,1,218.5,0.0272622
578.631,1,218,0.0268307
579.497,1,217.5,0.0264882
580.363,1,217,0.0262647
581.229,1,216.5,0.0262353
582.095,1,216,0.0261595
582.961,1,215.5,0.0245696
583.827,1,215,0.0241705
584.693,1,214.5,0.0241581
585.559,1,214,0.0244548
586.425,1,213.5,0.0255534
587.291,1,213,0.0270812
588.157,1,212.5,0.0279283
589.023,1,212,0.0287528
589.889,1,211.5,0.0289298
590.755,1,211,0.0288812
591.621,1,210.5,0.0288039
592.487,1,210,0.028763
593.353,1,209.5,0.0288938
594.219,1,209,0.0291261
595.085,1,208.5,0.0299558
595.951,1,208,0.0308646
596.817,1,207.5,0.0306318
597.683,1,207,0.0292069
598.549,1,206.5,0.0271015
599.415,1,206,0.02635
600.281,1,205.5,0.0256538
601.147,1,205,0.0250178
602.013,1,204.5,0.0245017
602.879,1,204,0.0241054
603.745,1,203.5,0.0244192
604.611,1,203,0.0247828
605.477,1,202.5,0.0251499
606.344,1,202,0.0253834
607.21,1,201.5,0.0256417
608.076,1,201,0.0259698
608.942,1,200.5,0.0259835
609.808,1,200,0.025992
