x,y,z,b
90.1924,1,500,0.0127228
91.0584,1,499.5,0.0126439
91.9244,1,499,0.0125696
92.7905,1,498.5,0.0125041
93.6565,1,498,0.0124401
94.5225,1,497.5,0.0123871
95.3885,1,497,0.0123698
96.2546,1,496.5,0.012353
97.1206,1,496,0.0123403
97.9866,1,495.5,0.012344
98.8526,1,495,0.0123479
99.7187,1,494.5,0.0123519
100.585,1,494,0.0123586
101.451,1,493.5,0.0123656
102.317,1,493,0.0123699
103.183,1,492.5,0.0123764
104.049,1,492,0.0123827
104.915,1,491.5,0.0123878
105.781,1,491,0.0123946
106.647,1,490.5,0.0124068
107.513,1,490,0.0124212
108.379,1,489.5,0.0124395
109.245,1,489,0.0124632
110.111,1,488.5,0.012486
110.977,1,488,0.0125088
111.843,1,487.5,0.012531
112.709,1,487,0.0125526
113.575,1,486.5,0.0125718
114.441,1,486,0.0125774
115.307,1,485.5,0.012583
116.173,1,485,0.012598
117.039,1,484.5,0.0126121
117.905,1,484,0.0126255
118.771,1,483.5,0.0126383
119.637,1,483,0.0126466
120.503,1,482.5,0.0126527
121.369,1,482,0.0126586
122.235,1,481.5,0.0126582
123.101,1,481,0.0126521
123.967,1,480.5,0.0126437
124.833,1,480,0.0126379
125.699,1,479.5,0.0126374
126.565,1,479,0.0126353
127.431,1,478.5,0.012636
128.297,1,478,0.0126444
129.164,1,477.5,0.0126524
130.03,1,477,0.0126641
130.896,1,476.5,0.0126908
131.762,1,476,0.01272
132.628,1,475.5,0.0127516
133.494,1,475,0.0127949
134.36,1,474.5,0.0128407
135.226,1,474,0.0128715
136.092,1,473.5,0.0128982
136.958,1,473,0.0129244
137.824,1,472.5,0.0129501
138.69,1,472,0.0129757
139.556,1,471.5,0.0130085
140.422,1,471,0.0130558
141.288,1,470.5,0.0130927
142.154,1,470,0.0131171
143.02,1,469.5,0.0131384
143.886,1,469,0.0131535
144.752,1,468.5,0.0131459
145.618,1,468,0.0131364
146.484,1,467.5,0.0131262
147.35,1,467,0.0131127
148.216,1,466.5,0.0130997
149.082,1,466,0.0130928
149.948,1,465.5,0.0130903
150.814,1,465,0.0130874
151.68,1,464.5,0.013084
152.546,1,464,0.0130774
153.412,1,463.5,0.0130696
154.278,1,463,0.0130422
155.144,1,462.5,0.0130127
156.01,1,462,0.0129847
156.876,1,461.5,0.0129592
157.742,1,461,0.0129328
158.608,1,460.5,0.0129004
159.474,1,460,0.0128618
160.34,1,459.5,0.01282
161.206,1,459,0.0127742
162.072,1,458.5,0.0127284
162.939,1,458,0.0126811
163.805,1,457.5,0.0126512
164.671,1,457,0.012623
165.537,1,456.5,0.0125957
166.403,1,456,0.0125639
167.269,1,455.5,0.0125331
168.135,1,455,0.0124965
169.001,1,454.5,0.0124502
169.867,1,454,0.0124044
170.733,1,453.5,0.0123591
171.599,1,453,0.0123141
172.465,1,452.5,0.0122706
173.331,1,452,0.012232
174.197,1,451.5,0.012202
175.063,1,451,0.0121767
175.929,1,450.5,0.0121514
176.795,1,450,0.012134
177.661,1,449.5,0.0121202
178.527,1,449,0.0121049
179.393,1,448.5,0.0120937
180.259,1,448,0.0120888
181.125,1,447.5,0.0120848
181.991,1,447,0.0120837
182.857,1,446.5,0.0120934
183.723,1,446,0.0121029
184.589,1,445.5,0.0121124
185.455,1,445,0.0121332
186.321,1,444.5,0.0121537
187.187,1,444,0.0121843
188.053,1,443.5,0.0122311
188.919,1,443,0.0122813
189.785,1,442.5,0.0123335
190.651,1,442,0.012386
191.517,1,441.5,0.0124362
192.383,1,441,0.0124772
193.249,1,440.5,0.01252
194.115,1,440,0.0125635
194.981,1,439.5,0.0126057
195.847,1,439,0.012652
196.714,1,438.5,0.012724
197.58,1,438,0.012801
198.446,1,437.5,0.0128807
199.312,1,437,0.0129724
200.178,1,436.5,0.0130603
201.044,1,436,0.0131406
201.91,1,435.5,0.0132165
202.776,1,435,0.0132907
203.642,1,434.5,0.0133631
204.508,1,434,0.0134471
205.374,1,433.5,0.0135304
206.24,1,433,0.0136211
207.106,1,432.5,0.0137229
207.972,1,432,0.0138256
208.838,1,431.5,0.0139256
209.704,1,431,0.0140313
210.57,1,430.5,0.0141402
211.436,1,430,0.0142484
212.302,1,429.5,0.0143638
213.168,1,429,0.0144881
214.034,1,428.5,0.014613
214.9,1,428,0.014739
215.766,1,427.5,0.0148713
216.632,1,427,0.0150033
217.498,1,426.5,0.0151325
218.364,1,426,0.0152506
219.23,1,425.5,0.0153668
220.096,1,425,0.0154799
220.962,1,424.5,0.0155686
221.828,1,424,0.0156546
222.694,1,423.5,0.0157383
223.56,1,423,0.0157721
224.426,1,422.5,0.0157921
225.292,1,422,0.0158005
226.158,1,421.5,0.0157884
227.024,1,421,0.0157674
227.89,1,420.5,0.0157462
228.756,1,420,0.0157204
229.622,1,419.5,0.015693
230.488,1,419,0.0156678
231.355,1,418.5,0.0156347
232.221,1,418,0.0155877
233.087,1,417.5,0.0155378
233.953,1,417,0.0154809
234.819,1,416.5,0.0154018
235.685,1,416,0.0153201
236.551,1,415.5,0.0152356
237.417,1,415,0.015138
238.283,1,414.5,0.0150399
239.149,1,414,0.0149417
240.015,1,413.5,0.0148436
240.881,1,413,0.0147462
241.747,1,412.5,0.0146495
242.613,1,412,0.0145577
243.479,1,411.5,0.0144695
244.345,1,411,0.0144032
245.211,1,410.5,0.0143395
246.077,1,410,0.0142771
246.943,1,409.5,0.0142155
247.809,1,409,0.0141519
248.675,1,408.5,0.014074
249.541,1,408,0.0139893
250.407,1,407.5,0.0139036
251.273,1,407,0.0138127
252.139,1,406.5,0.0137209
253.005,1,406,0.0136274
253.871,1,405.5,0.0135276
254.737,1,405,0.0134262
255.603,1,404.5,0.0133233
256.469,1,404,0.0132243
257.335,1,403.5,0.0131241
258.201,1,403,0.0130304
259.067,1,402.5,0.0129485
259.933,1,402,0.012868
260.799,1,401.5,0.0127869
261.665,1,401,0.012712
262.531,1,400.5,0.0126392
263.397,1,400,0.012563
264.263,1,399.5,0.0124851
265.13,1,399,0.0124034
265.996,1,398.5,0.0123174
266.862,1,398,0.0122218
267.728,1,397.5,0.0120935
268.594,1,397,0.0119477
269.46,1,396.5,0.0117881
270.326,1,396,0.0116098
271.192,1,395.5,0.011426
272.058,1,395,0.011238
272.924,1,394.5,0.0110469
273.79,1,394,0.0108515
274.656,1,393.5,0.010652
275.522,1,393,0.0104583
276.388,1,392.5,0.0102862
277.254,1,392,0.0101567
278.12,1,391.5,0.0101097
278.986,1,391,0.010105
279.852,1,390.5,0.0101192
280.718,1,390,0.0101649
281.584,1,389.5,0.0102356
282.45,1,389,0.010325
283.316,1,388.5,0.0104413
284.182,1,388,0.0105869
285.048,1,387.5,0.0107453
285.914,1,387,0.0109184
286.78,1,386.5,0.0110874
287.646,1,386,0.0112708
288.512,1,385.5,0.0114744
289.378,1,385,0.0116938
290.244,1,384.5,0.0119168
291.11,1,384,0.0121335
291.976,1,383.5,0.0123671
292.842,1,383,0.0126232
293.708,1,382.5,0.0128992
294.574,1,382,0.0131668
295.44,1,381.5,0.0134229
296.306,1,381,0.0136545
297.172,1,380.5,0.0139482
298.038,1,380,0.0141723
298.905,1,379.5,0.0142604
299.771,1,379,0.0141859
300.637,1,378.5,0.014192
301.503,1,378,0.0146165
302.369,1,377.5,0.0153652
303.235,1,377,0.016002
304.101,1,376.5,0.0156184
304.967,1,376,0.0152407
305.833,1,375.5,0.0151021
306.699,1,375,0.0152532
307.565,1,374.5,0.015392
308.431,1,374,0.0154899
309.297,1,373.5,0.0154621
310.163,1,373,0.0154387
311.029,1,372.5,0.0154627
311.895,1,372,0.0155734
312.761,1,371.5,0.0157569
313.627,1,371,0.0159492
314.493,1,370.5,0.0160589
315.359,1,370,0.0161408
316.225,1,369.5,0.01621
317.091,1,369,0.0163155
317.957,1,368.5,0.0164383
318.823,1,368,0.0165454
319.689,1,367.5,0.0165306
320.555,1,367,0.0164565
321.421,1,366.5,0.0164206
322.287,1,366,0.0163611
323.153,1,365.5,0.0162839
324.019,1,365,0.0162202
324.885,1,364.5,0.0161871
325.751,1,364,0.0169015
326.617,1,363.5,0.0178781
327.483,1,363,0.0182946
328.349,1,362.5,0.0187251
329.215,1,362,0.0195262
330.081,1,361.5,0.0203726
330.947,1,361,0.0210516
331.813,1,360.5,0.021628
332.679,1,360,0.0222572
333.546,1,359.5,0.0227738
334.412,1,359,0.0229706
335.278,1,358.5,0.0232181
336.144,1,358,0.0234311
337.01,1,357.5,0.0233776
337.876,1,357,0.0232594
338.742,1,356.5,0.0239449
339.608,1,356,0.024646
340.474,1,355.5,0.0248859
341.34,1,355,0.0248676
342.206,1,354.5,0.0246683
343.072,1,354,0.0243423
343.938,1,353.5,0.0234286
344.804,1,353,0.022621
345.67,1,352.5,0.0219608
346.536,1,352,0.0213751
347.402,1,351.5,0.0209518
348.268,1,351,0.0206001
349.134,1,350.5,0.0202683
350,1,350,0.0201591
350.866,1,349.5,0.0203007
351.732,1,349,0.0208911
352.598,1,348.5,0.0219592
353.464,1,348,0.0233699
354.33,1,347.5,0.0249663
355.196,1,347,0.0263612
356.062,1,346.5,0.0280137
356.928,1,346,0.0296816
357.794,1,345.5,0.0312622
358.66,1,345,0.0326047
359.526,1,344.5,0.0336062
360.392,1,344,0.034418
361.258,1,343.5,0.0352468
362.124,1,343,0.0364046
362.99,1,342.5,0.0378379
363.856,1,342,0.0398925
364.722,1,341.5,0.041334
365.588,1,341,0.0422999
366.454,1,340.5,0.0429886
367.321,1,340,0.0433132
368.187,1,339.5,0.0434555
369.053,1,339,0.043904
369.919,1,338.5,0.0440453
370.785,1,338,0.0438745
371.651,1,337.5,0.0432377
372.517,1,337,0.0421519
373.383,1,336.5,0.0394765
374.249,1,336,0.0366359
375.115,1,335.5,0.0353861
375.981,1,335,0.0371146
376.847,1,334.5,0.0398013
377.713,1,334,0.0421777
378.579,1,333.5,0.0433749
379.445,1,333,0.0441665
380.311,1,332.5,0.0445069
381.177,1,332,0.0446329
382.043,1,331.5,0.044673
382.909,1,331,0.0446802
383.775,1,330.5,0.044759
384.641,1,330,0.0447334
385.507,1,329.5,0.0466156
386.373,1,329,0.0482433
387.239,1,328.5,0.0481368
388.105,1,328,0.0475882
388.971,1,327.5,0.0468615
389.837,1,327,0.0466788
390.703,1,326.5,0.0462172
391.569,1,326,0.0453385
392.435,1,325.5,0.0442791
393.301,1,325,0.0442171
394.167,1,324.5,0.0444035
395.033,1,324,0.0435174
395.899,1,323.5,0.0423992
396.765,1,323,0.0410768
397.631,1,322.5,0.0400014
398.497,1,322,0.0389281
399.363,1,321.5,0.0382269
400.229,1,321,0.0374801
401.095,1,320.5,0.0370072
401.962,1,320,0.0367961
402.828,1,319.5,0.036716
403.694,1,319,0.0367962
404.56,1,318.5,0.0371546
405.426,1,318,0.0375581
406.292,1,317.5,0.0381993
407.158,1,317,0.0386159
408.024,1,316.5,0.038852
408.89,1,316,0.0392326
409.756,1,315.5,0.0394475
410.622,1,315,0.0397288
411.488,1,314.5,0.0401832
412.354,1,314,0.0407631
413.22,1,313.5,0.0416283
414.086,1,313,0.0423345
414.952,1,312.5,0.043824
415.818,1,312,0.0453354
416.684,1,311.5,0.0467685
417.55,1,311,0.0479078
418.416,1,310.5,0.0487418
419.282,1,310,0.0492561
420.148,1,309.5,0.0496791
421.014,1,309,0.0500949
421.88,1,308.5,0.0504609
422.746,1,308,0.0507996
423.612,1,307.5,0.0511713
424.478,1,307,0.0517863
425.344,1,306.5,0.0525675
426.21,1,306,0.0536714
427.076,1,305.5,0.0551345
427.942,1,305,0.0564232
428.808,1,304.5,0.0581173
429.674,1,304,0.0620439
430.54,1,303.5,0.0688494
431.406,1,303,0.0758239
432.272,1,302.5,0.0759201
433.138,1,302,0.0793931
434.004,1,301.5,0.0797578
434.87,1,301,0.0803944
435.737,1,300.5,0.0820041
436.603,1,300,0.0834371
437.469,1,299.5,0.083984
438.335,1,299,0.0839903
439.201,1,298.5,0.0842785
440.067,1,298,0.0844991
440.933,1,297.5,0.0846826
441.799,1,297,0.0846602
442.665,1,296.5,0.0837415
443.531,1,296,0.0814984
444.397,1,295.5,0.0820809
445.263,1,295,0.0826537
446.129,1,294.5,0.0832666
446.995,1,294,0.0837971
447.861,1,293.5,0.0841514
448.727,1,293,0.0843295
449.593,1,292.5,0.0843435
450.459,1,292,0.0843251
451.325,1,291.5,0.0842124
452.191,1,291,0.0837061
453.057,1,290.5,0.0829773
453.923,1,290,0.0820261
454.789,1,289.5,0.0808524
455.655,1,289,0.0794563
456.521,1,288.5,0.0778377
457.387,1,288,0.0771743
458.253,1,287.5,0.076629
459.119,1,287,0.0761937
459.985,1,286.5,0.0763853
460.851,1,286,0.0753977
461.717,1,285.5,0.072763
462.583,1,285,0.0625979
463.449,1,284.5,0.0658364
464.315,1,284,0.0710215
465.181,1,283.5,0.0602306
466.047,1,283,0.0497487
466.913,1,282.5,0.0418936
467.779,1,282,0.0407665
468.645,1,281.5,0.0404663
469.512,1,281,0.0412682
470.378,1,280.5,0.0415343
471.244,1,280,0.0422534
472.11,1,279.5,0.0430119
472.976,1,279,0.0425916
473.842,1,278.5,0.0430492
474.708,1,278,0.0442882
475.574,1,277.5,0.0440532
476.44,1,277,0.0433726
477.306,1,276.5,0.0445278
478.172,1,276,0.0462994
479.038,1,275.5,0.0482061
479.904,1,275,0.0481852
480.77,1,274.5,0.0490208
481.636,1,274,0.0480293
482.502,1,273.5,0.0455322
483.368,1,273,0.0431251
484.234,1,272.5,0.0393875
485.1,1,272,0.0364879
485.966,1,271.5,0.0351835
486.832,1,271,0.0327883
487.698,1,270.5,0.0301464
488.564,1,270,0.0267304
489.43,1,269.5,0.024753
490.296,1,269,0.0229003
491.162,1,268.5,0.022025
492.028,1,268,0.02295
492.894,1,267.5,0.0238208
493.76,1,267,0.0252419
494.626,1,266.5,0.0257679
495.492,1,266,0.0238311
496.358,1,265.5,0.0225072
497.224,1,265,0.0198882
498.09,1,264.5,0.0180996
498.956,1,264,0.0176992
499.822,1,263.5,0.0168613
500.688,1,263,0.0177125
501.554,1,262.5,0.0178658
502.42,1,262,0.0158861
503.286,1,261.5,0.0163277
504.153,1,261,0.016386
505.019,1,260.5,0.0169894
505.885,1,260,0.0193256
506.751,1,259.5,0.0210914
507.617,1,259,0.023233
508.483,1,258.5,0.0259073
509.349,1,258,0.0274348
510.215,1,257.5,0.0277378
511.081,1,257,0.0263412
511.947,1,256.5,0.0243846
512.813,1,256,0.0243405
513.679,1,255.5,0.0250772
514.545,1,255,0.0260866
515.411,1,254.5,0.0285181
516.277,1,254,0.03107
517.143,1,253.5,0.0327376
518.009,1,253,0.0334107
518.875,1,252.5,0.0336196
519.741,1,252,0.0330873
520.607,1,251.5,0.0327235
521.473,1,251,0.0326457
522.339,1,250.5,0.0326792
523.205,1,250,0.0328007
524.071,1,249.5,0.0331544
524.937,1,249,0.0318602
525.803,1,248.5,0.0297651
526.669,1,248,0.0266764
527.535,1,247.5,0.0242123
528.401,1,247,0.0227153
529.267,1,246.5,0.0218462
530.133,1,246,0.0211914
530.999,1,245.5,0.0206416
531.865,1,245,0.0203114
532.731,1,244.5,0.0197824
533.597,1,244,0.0194448
534.463,1,243.5,0.0190693
535.329,1,243,0.0186945
536.195,1,242.5,0.0194538
537.061,1,242,0.0190712
537.928,1,241.5,0.0187598
538.794,1,241,0.018316
539.66,1,240.5,0.0177342
540.526,1,240,0.0174499
541.392,1,239.5,0.017396
542.258,1,239,0.0172467
543.124,1,238.5,0.0170822
543.99,1,238,0.0169556
544.856,1,237.5,0.0168331
545.722,1,237,0.0167106
546.588,1,236.5,0.0165876
547.454,1,236,0.0165039
548.32,1,235.5,0.0164393
549.186,1,235,0.016284
550.052,1,234.5,0.0161103
550.918,1,234,0.0159183
551.784,1,233.5,0.0157881
552.65,1,233,0.0156822
553.516,1,232.5,0.0155266
554.382,1,232,0.0153856
555.248,1,231.5,0.0151767
556.114,1,231,0.0148756
556.98,1,230.5,0.0146314
557.846,1,230,0.0144294
558.712,1,229.5,0.0141864
559.578,1,229,0.0139639
560.444,1,228.5,0.0138034
561.31,1,228,0.0136573
562.176,1,227.5,0.0135425
563.042,1,227,0.0134712
563.908,1,226.5,0.013402
564.774,1,226,0.0133404
565.64,1,225.5,0.013313
566.506,1,225,0.0132925
567.372,1,224.5,0.0132756
568.238,1,224,0.0132725
569.104,1,223.5,0.0132711
569.97,1,223,0.0132713
570.836,1,222.5,0.0132784
571.703,1,222,0.0132865
572.569,1,221.5,0.0132946
573.435,1,221,0.0133039
574.301,1,220.5,0.0133135
575.167,1,220,0.0133243
576.033,1,219.5,0.0133388
576.899,1,219,0.0133519
577.765,1,218.5,0.0133623
578.631,1,218,0.0133715
579.497,1,217.5,0.0133805
580.363,1,217,0.0133857
581.229,1,216.5,0.0133908
582.095,1,216,0.0133986
582.961,1,215.5,0.0134055
583.827,1,215,0.0134116
584.693,1,214.5,0.0134218
585.559,1,214,0.0134415
586.425,1,213.5,0.013461
587.291,1,213,0.0134786
588.157,1,212.5,0.0134957
589.023,1,212,0.0135126
589.889,1,211.5,0.0135298
590.755,1,211,0.0135444
591.621,1,210.5,0.0135574
592.487,1,210,0.0135614
593.353,1,209.5,0.0135592
594.219,1,209,0.0135541
595.085,1,208.5,0.0135428
595.951,1,208,0.0135293
596.817,1,207.5,0.0135155
597.683,1,207,0.0135017
598.549,1,206.5,0.0134884
599.415,1,206,0.0134866
600.281,1,205.5,0.0134869
601.147,1,205,0.0134877
602.013,1,204.5,0.0134887
602.879,1,204,0.01349
603.745,1,203.5,0.0134858
604.611,1,203,0.0134784
605.477,1,202.5,0.0134706
606.344,1,202,0.0134587
607.21,1,201.5,0.0134454
608.076,1,201,0.0134317
608.942,1,200.5,0.0134154
609.808,1,200,0.013399
