x,y,z,b
90.1924,1,500,0.0139002
91.0584,1,499.5,0.0137957
91.9244,1,499,0.0136852
92.7905,1,498.5,0.0136013
93.6565,1,498,0.01352
94.5225,1,497.5,0.0134444
95.3885,1,497,0.0133881
96.2546,1,496.5,0.0133432
97.1206,1,496,0.0132427
97.9866,1,495.5,0.0131217
98.8526,1,495,0.0130044
99.7187,1,494.5,0.0128909
100.585,1,494,0.0128263
101.451,1,493.5,0.0127836
102.317,1,493,0.01283
103.183,1,492.5,0.0128795
104.049,1,492,0.0129109
104.915,1,491.5,0.0129168
105.781,1,491,0.0129077
106.647,1,490.5,0.0128742
107.513,1,490,0.0128545
108.379,1,489.5,0.0128689
109.245,1,489,0.0129331
110.111,1,488.5,0.0130375
110.977,1,488,0.0131601
111.843,1,487.5,0.0131565
112.709,1,487,0.0130994
113.575,1,486.5,0.0129904
114.441,1,486,0.0128459
115.307,1,485.5,0.0126589
116.173,1,485,0.012687
117.039,1,484.5,0.0128506
117.905,1,484,0.0130437
118.771,1,483.5,0.0132661
119.637,1,483,0.0134882
120.503,1,482.5,0.013615
121.369,1,482,0.0134186
122.235,1,481.5,0.0131975
123.101,1,481,0.0129779
123.967,1,480.5,0.0127727
124.833,1,480,0.0125947
125.699,1,479.5,0.0127582
126.565,1,479,0.0129958
127.431,1,478.5,0.0132118
128.297,1,478,0.0133942
129.164,1,477.5,0.0135296
130.03,1,477,0.0135504
130.896,1,476.5,0.0134106
131.762,1,476,0.0133239
132.628,1,475.5,0.01329
133.494,1,475,0.0132938
134.36,1,474.5,0.0133578
135.226,1,474,0.0133876
136.092,1,473.5,0.013352
136.958,1,473,0.0132788
137.824,1,472.5,0.0131701
138.69,1,472,0.0130524
139.556,1,471.5,0.0130433
140.422,1,471,0.0132693
141.288,1,470.5,0.0135241
142.154,1,470,0.0137699
143.02,1,469.5,0.0140154
143.886,1,469,0.0142528
144.752,1,468.5,0.0140673
145.618,1,468,0.0138512
146.484,1,467.5,0.0136607
147.35,1,467,0.0135154
148.216,1,466.5,0.0134028
149.082,1,466,0.0134838
149.948,1,465.5,0.0137851
150.814,1,465,0.0140394
151.68,1,464.5,0.0142469
152.546,1,464,0.0143946
153.412,1,463.5,0.0144891
154.278,1,463,0.0143472
155.144,1,462.5,0.0142138
156.01,1,462,0.0141016
156.876,1,461.5,0.0140105
157.742,1,461,0.0139569
158.608,1,460.5,0.013995
159.474,1,460,0.014083
160.34,1,459.5,0.0141569
161.206,1,459,0.0142126
162.072,1,458.5,0.0142388
162.939,1,458,0.0142353
163.805,1,457.5,0.0142122
164.671,1,457,0.0142292
165.537,1,456.5,0.0142844
166.403,1,456,0.0143635
167.269,1,455.5,0.0144776
168.135,1,455,0.0145383
169.001,1,454.5,0.0144856
169.867,1,454,0.0144001
170.733,1,453.5,0.0142828
171.599,1,453,0.0141226
172.465,1,452.5,0.0139504
173.331,1,452,0.0140527
174.197,1,451.5,0.014173
175.063,1,451,0.0143287
175.929,1,450.5,0.0145279
176.795,1,450,0.014772
177.661,1,449.5,0.0148114
178.527,1,449,0.0146724
179.393,1,448.5,0.0144985
180.259,1,448,0.0142829
181.125,1,447.5,0.0140345
181.991,1,447,0.0138192
182.857,1,446.5,0.0139961
183.723,1,446,0.0141855
184.589,1,445.5,0.0143878
185.455,1,445,0.0146019
186.321,1,444.5,0.0148113
187.187,1,444,0.0147583
188.053,1,443.5,0.0145746
188.919,1,443,0.0144084
189.785,1,442.5,0.0142618
190.651,1,442,0.0141439
191.517,1,441.5,0.014104
192.383,1,441,0.0142221
193.249,1,440.5,0.0143014
194.115,1,440,0.0143459
194.981,1,439.5,0.0143695
195.847,1,439,0.0143583
196.714,1,438.5,0.0142781
197.58,1,438,0.014211
198.446,1,437.5,0.0141695
199.312,1,437,0.0141434
200.178,1,436.5,0.0141416
201.044,1,436,0.0141511
201.91,1,435.5,0.0140974
202.776,1,435,0.014026
203.642,1,434.5,0.0139371
204.508,1,434,0.0138128
205.374,1,433.5,0.0136735
206.24,1,433,0.0135458
207.106,1,432.5,0.0134253
207.972,1,432,0.0133026
208.838,1,431.5,0.0131762
209.704,1,431,0.0130678
210.57,1,430.5,0.0129728
211.436,1,430,0.0128825
212.302,1,429.5,0.0128234
213.168,1,429,0.0127983
214.034,1,428.5,0.0127794
214.9,1,428,0.0127696
215.766,1,427.5,0.0127629
216.632,1,427,0.0127559
217.498,1,426.5,0.0127484
218.364,1,426,0.0127309
219.23,1,425.5,0.012713
220.096,1,425,0.0127271
220.962,1,424.5,0.0127698
221.828,1,424,0.0127976
222.694,1,423.5,0.0128111
223.56,1,423,0.0127923
224.426,1,422.5,0.0127317
225.292,1,422,0.0126528
226.158,1,421.5,0.0126848
227.024,1,421,0.0127873
227.89,1,420.5,0.0129316
228.756,1,420,0.01313
229.622,1,419.5,0.0132631
230.488,1,419,0.0132474
231.355,1,418.5,0.0132081
232.221,1,418,0.0131692
233.087,1,417.5,0.0131028
233.953,1,417,0.013029
234.819,1,416.5,0.0132721
235.685,1,416,0.0135141
236.551,1,415.5,0.0137538
237.417,1,415,0.0140655
238.283,1,414.5,0.0143561
239.149,1,414,0.0145264
240.015,1,413.5,0.0145807
240.881,1,413,0.0146676
241.747,1,412.5,0.0147921
242.613,1,412,0.0147958
243.479,1,411.5,0.0147632
244.345,1,411,0.0148078
245.211,1,410.5,0.0147977
246.077,1,410,0.0147438
246.943,1,409.5,0.0146833
247.809,1,409,0.0145712
248.675,1,408.5,0.0143425
249.541,1,408,0.0140858
250.407,1,407.5,0.0138379
251.273,1,407,0.0136175
252.139,1,406.5,0.0134116
253.005,1,406,0.0132337
253.871,1,405.5,0.0132166
254.737,1,405,0.0132099
255.603,1,404.5,0.0132135
256.469,1,404,0.013428
257.335,1,403.5,0.0136987
258.201,1,403,0.0140375
259.067,1,402.5,0.0144755
259.933,1,402,0.0149277
260.799,1,401.5,0.0153728
261.665,1,401,0.0156482
262.531,1,400.5,0.0158064
263.397,1,400,0.0159146
264.263,1,399.5,0.0159035
265.13,1,399,0.0157322
265.996,1,398.5,0.0155522
266.862,1,398,0.0153456
267.728,1,397.5,0.0151611
268.594,1,397,0.0150728
269.46,1,396.5,0.0150885
270.326,1,396,0.0152808
271.192,1,395.5,0.0155038
272.058,1,395,0.015718
272.924,1,394.5,0.0183711
273.79,1,394,0.0229206
274.656,1,393.5,0.0238452
275.522,1,393,0.024798
276.388,1,392.5,0.025758
277.254,1,392,0.0266845
278.12,1,391.5,0.0276418
278.986,1,391,0.0286129
279.852,1,390.5,0.0289937
280.718,1,390,0.029227
281.584,1,389.5,0.029313
282.45,1,389,0.0292219
283.316,1,388.5,0.0291182
284.182,1,388,0.0290085
285.048,1,387.5,0.0288928
285.914,1,387,0.0287712
286.78,1,386.5,0.0286436
287.646,1,386,0.0286974
288.512,1,385.5,0.0289314
289.378,1,385,0.0290929
290.244,1,384.5,0.0291408
291.11,1,384,0.0290751
291.976,1,383.5,0.028896
292.842,1,383,0.0285262
293.708,1,382.5,0.0260193
294.574,1,382,0.0250031
295.44,1,381.5,0.0239987
296.306,1,381,0.0231273
297.172,1,380.5,0.0220173
298.038,1,380,0.0196977
298.905,1,379.5,0.0176809
299.771,1,379,0.0170996
300.637,1,378.5,0.0169854
301.503,1,378,0.0170188
302.369,1,377.5,0.0170762
303.235,1,377,0.0172835
304.101,1,376.5,0.0179662
304.967,1,376,0.0194127
305.833,1,375.5,0.0208146
306.699,1,375,0.0214554
307.565,1,374.5,0.0214568
308.431,1,374,0.0214782
309.297,1,373.5,0.0219073
310.163,1,373,0.0225915
311.029,1,372.5,0.0236841
311.895,1,372,0.025484
312.761,1,371.5,0.0269537
313.627,1,371,0.0280797
314.493,1,370.5,0.0295957
315.359,1,370,0.0311218
316.225,1,369.5,0.0344617
317.091,1,369,0.0393366
317.957,1,368.5,0.0434268
318.823,1,368,0.047271
319.689,1,367.5,0.0506762
320.555,1,367,0.0538652
321.421,1,366.5,0.0565741
322.287,1,366,0.0563591
323.153,1,365.5,0.0557272
324.019,1,365,0.0567922
324.885,1,364.5,0.057893
325.751,1,364,0.0587153
326.617,1,363.5,0.0594857
327.483,1,363,0.0610465
328.349,1,362.5,0.06045
329.215,1,362,0.0599597
330.081,1,361.5,0.0602503
330.947,1,361,0.0610796
331.813,1,360.5,0.0621404
332.679,1,360,0.0640581
333.546,1,359.5,0.0667727
334.412,1,359,0.0706513
335.278,1,358.5,0.0742619
336.144,1,358,0.077389
337.01,1,357.5,0.0806002
337.876,1,357,0.0830332
338.742,1,356.5,0.0814797
339.608,1,356,0.0754772
340.474,1,355.5,0.0761824
341.34,1,355,0.0822526
342.206,1,354.5,0.0821278
343.072,1,354,0.0807088
343.938,1,353.5,0.0784303
344.804,1,353,0.0765013
345.67,1,352.5,0.0748352
346.536,1,352,0.0680498
347.402,1,351.5,0.0523035
348.268,1,351,0.0400263
349.134,1,350.5,0.0349032
350,1,350,0.0351379
350.866,1,349.5,0.0331722
351.732,1,349,0.0379507
352.598,1,348.5,0.0398081
353.464,1,348,0.0368086
354.33,1,347.5,0.0362486
355.196,1,347,0.0388884
356.062,1,346.5,0.0434784
356.928,1,346,0.0442517
357.794,1,345.5,0.0451078
358.66,1,345,0.0460418
359.526,1,344.5,0.0469718
360.392,1,344,0.0473668
361.258,1,343.5,0.0472575
362.124,1,343,0.0467493
362.99,1,342.5,0.0453885
363.856,1,342,0.0436514
364.722,1,341.5,0.041775
365.588,1,341,0.0402346
366.454,1,340.5,0.0384094
367.321,1,340,0.0364384
368.187,1,339.5,0.0354928
369.053,1,339,0.0359502
369.919,1,338.5,0.0371793
370.785,1,338,0.0388732
371.651,1,337.5,0.0414194
372.517,1,337,0.043173
373.383,1,336.5,0.0449341
374.249,1,336,0.0453546
375.115,1,335.5,0.0457524
375.981,1,335,0.0461266
376.847,1,334.5,0.0451649
377.713,1,334,0.0442971
378.579,1,333.5,0.0436226
379.445,1,333,0.042992
380.311,1,332.5,0.0424737
381.177,1,332,0.0418985
382.043,1,331.5,0.0410847
382.909,1,331,0.0401924
383.775,1,330.5,0.0392354
384.641,1,330,0.0381652
385.507,1,329.5,0.0369747
386.373,1,329,0.0357563
387.239,1,328.5,0.0349788
388.105,1,328,0.0347121
388.971,1,327.5,0.0342426
389.837,1,327,0.033668
390.703,1,326.5,0.0338904
391.569,1,326,0.0346063
392.435,1,325.5,0.0353681
393.301,1,325,0.0365378
394.167,1,324.5,0.0377696
395.033,1,324,0.0390682
395.899,1,323.5,0.0403043
396.765,1,323,0.0415386
397.631,1,322.5,0.0427917
398.497,1,322,0.0438412
399.363,1,321.5,0.0447247
400.229,1,321,0.0454323
401.095,1,320.5,0.0456984
401.962,1,320,0.0457542
402.828,1,319.5,0.0458431
403.694,1,319,0.0459282
404.56,1,318.5,0.0460016
405.426,1,318,0.0461519
406.292,1,317.5,0.0463503
407.158,1,317,0.0467746
408.024,1,316.5,0.047366
408.89,1,316,0.0479976
409.756,1,315.5,0.0475389
410.622,1,315,0.0471431
411.488,1,314.5,0.046915
412.354,1,314,0.0472001
413.22,1,313.5,0.0475594
414.086,1,313,0.0480934
414.952,1,312.5,0.0497403
415.818,1,312,0.0501962
416.684,1,311.5,0.0519461
417.55,1,311,0.0521384
418.416,1,310.5,0.051919
419.282,1,310,0.0516468
420.148,1,309.5,0.0513919
421.014,1,309,0.051074
421.88,1,308.5,0.0507206
422.746,1,308,0.0503203
423.612,1,307.5,0.0498567
424.478,1,307,0.0494087
425.344,1,306.5,0.0490078
426.21,1,306,0.0480907
427.076,1,305.5,0.0473443
427.942,1,305,0.0472514
428.808,1,304.5,0.0470637
429.674,1,304,0.0464675
430.54,1,303.5,0.045482
431.406,1,303,0.0444094
432.272,1,302.5,0.044168
433.138,1,302,0.0437017
434.004,1,301.5,0.0429553
434.87,1,301,0.042448
435.737,1,300.5,0.0421306
436.603,1,300,0.0420445
437.469,1,299.5,0.042407
438.335,1,299,0.0427196
439.201,1,298.5,0.042868
440.067,1,298,0.0430371
440.933,1,297.5,0.0431734
441.799,1,297,0.0434987
442.665,1,296.5,0.0438599
443.531,1,296,0.0442219
444.397,1,295.5,0.0443929
445.263,1,295,0.0441769
446.129,1,294.5,0.0439051
446.995,1,294,0.0436105
447.861,1,293.5,0.0433163
448.727,1,293,0.0430799
449.593,1,292.5,0.0429045
450.459,1,292,0.0426939
451.325,1,291.5,0.0424917
452.191,1,291,0.0425573
453.057,1,290.5,0.0428393
453.923,1,290,0.042946
454.789,1,289.5,0.0430685
455.655,1,289,0.0425161
456.521,1,288.5,0.0419372
457.387,1,288,0.0417678
458.253,1,287.5,0.0416926
459.119,1,287,0.0416374
459.985,1,286.5,0.0404685
460.851,1,286,0.0396197
461.717,1,285.5,0.038487
462.583,1,285,0.0372741
463.449,1,284.5,0.0361469
464.315,1,284,0.0354671
465.181,1,283.5,0.0349091
466.047,1,283,0.0344619
466.913,1,282.5,0.0341974
467.779,1,282,0.034055
468.645,1,281.5,0.0340226
469.512,1,281,0.0341829
470.378,1,280.5,0.0345305
471.244,1,280,0.0349914
472.11,1,279.5,0.0355463
472.976,1,279,0.0361816
473.842,1,278.5,0.0368903
474.708,1,278,0.0375014
475.574,1,277.5,0.0377874
476.44,1,277,0.0379701
477.306,1,276.5,0.0381216
478.172,1,276,0.0381116
479.038,1,275.5,0.0381265
479.904,1,275,0.0381665
480.77,1,274.5,0.0382254
481.636,1,274,0.0383494
482.502,1,273.5,0.0385671
483.368,1,273,0.0388351
484.234,1,272.5,0.0390882
485.1,1,272,0.0392731
485.966,1,271.5,0.0390737
486.832,1,271,0.038871
487.698,1,270.5,0.0386906
488.564,1,270,0.0385017
489.43,1,269.5,0.0383182
490.296,1,269,0.0378776
491.162,1,268.5,0.0373553
492.028,1,268,0.0369023
492.894,1,267.5,0.0365388
493.76,1,267,0.036269
494.626,1,266.5,0.0361435
495.492,1,266,0.0362732
496.358,1,265.5,0.0363989
497.224,1,265,0.0363574
498.09,1,264.5,0.0362883
498.956,1,264,0.0361916
499.822,1,263.5,0.0357613
500.688,1,263,0.0353098
501.554,1,262.5,0.0349487
502.42,1,262,0.0348615
503.286,1,261.5,0.0349478
504.153,1,261,0.0351837
505.019,1,260.5,0.035934
505.885,1,260,0.0369681
506.751,1,259.5,0.0380647
507.617,1,259,0.0390781
508.483,1,258.5,0.0399617
509.349,1,258,0.0408858
510.215,1,257.5,0.0415656
511.081,1,257,0.0417759
511.947,1,256.5,0.0419408
512.813,1,256,0.0420424
513.679,1,255.5,0.0420742
514.545,1,255,0.0422748
515.411,1,254.5,0.0425228
516.277,1,254,0.0426699
517.143,1,253.5,0.0428411
518.009,1,253,0.0430395
518.875,1,252.5,0.0431107
519.741,1,252,0.0431847
520.607,1,251.5,0.0433181
521.473,1,251,0.0433768
522.339,1,250.5,0.0433705
523.205,1,250,0.0431016
524.071,1,249.5,0.0428169
524.937,1,249,0.0425165
525.803,1,248.5,0.0406265
526.669,1,248,0.039544
527.535,1,247.5,0.0377824
528.401,1,247,0.0369789
529.267,1,246.5,0.0368263
530.133,1,246,0.040705
530.999,1,245.5,0.0350889
531.865,1,245,0.0331362
532.731,1,244.5,0.033047
533.597,1,244,0.0332747
534.463,1,243.5,0.0334032
535.329,1,243,0.0335918
536.195,1,242.5,0.0335933
537.061,1,242,0.0333782
537.928,1,241.5,0.0330692
538.794,1,241,0.0328567
539.66,1,240.5,0.0328016
540.526,1,240,0.0326085
541.392,1,239.5,0.0321118
542.258,1,239,0.0314251
543.124,1,238.5,0.0307562
543.99,1,238,0.0299738
544.856,1,237.5,0.0291777
545.722,1,237,0.0285841
546.588,1,236.5,0.0284565
547.454,1,236,0.0279334
548.32,1,235.5,0.0273763
549.186,1,235,0.0276534
550.052,1,234.5,0.027793
550.918,1,234,0.0277951
551.784,1,233.5,0.0276718
552.65,1,233,0.02743
553.516,1,232.5,0.0270848
554.382,1,232,0.0264757
555.248,1,231.5,0.0257838
556.114,1,231,0.0250591
556.98,1,230.5,0.0244713
557.846,1,230,0.0239893
558.712,1,229.5,0.0234859
559.578,1,229,0.023008
560.444,1,228.5,0.0225385
561.31,1,228,0.0221394
562.176,1,227.5,0.022021
563.042,1,227,0.0223532
563.908,1,226.5,0.0227373
564.774,1,226,0.0233744
565.64,1,225.5,0.0252843
566.506,1,225,0.0273344
567.372,1,224.5,0.0294308
568.238,1,224,0.0304563
569.104,1,223.5,0.0311106
569.97,1,223,0.0314048
570.836,1,222.5,0.0299873
571.703,1,222,0.0283455
572.569,1,221.5,0.0267607
573.435,1,221,0.02541
574.301,1,220.5,0.0241725
575.167,1,220,0.0229832
576.033,1,219.5,0.0225565
576.899,1,219,0.0227551
577.765,1,218.5,0.0229144
578.631,1,218,0.023132
579.497,1,217.5,0.0234938
580.363,1,217,0.0240514
581.229,1,216.5,0.0245578
582.095,1,216,0.0248671
582.961,1,215.5,0.0251217
583.827,1,215,0.0253296
584.693,1,214.5,0.0256404
585.559,1,214,0.0259767
586.425,1,213.5,0.0263097
587.291,1,213,0.0267132
588.157,1,212.5,0.0271361
589.023,1,212,0.02757
589.889,1,211.5,0.0278151
590.755,1,211,0.0279543
591.621,1,210.5,0.0280461
592.487,1,210,0.0281467
593.353,1,209.5,0.0282879
594.219,1,209,0.0284207
595.085,1,208.5,0.0285122
595.951,1,208,0.0285847
596.817,1,207.5,0.0286333
597.683,1,207,0.0286412
598.549,1,206.5,0.0285911
599.415,1,206,0.028392
600.281,1,205.5,0.0281035
601.147,1,205,0.027694
602.013,1,204.5,0.0272735
602.879,1,204,0.026842
603.745,1,203.5,0.0266202
604.611,1,203,0.0264574
605.477,1,202.5,0.026341
606.344,1,202,0.0263649
607.21,1,201.5,0.0265223
608.076,1,201,0.0267947
608.942,1,200.5,0.0269235
609.808,1,200,0.0272084
