x,y,z,b
90.1924,1,500,0.0147567
91.0584,1,499.5,0.0147211
91.9244,1,499,0.014673
92.7905,1,498.5,0.0146218
93.6565,1,498,0.014569
94.5225,1,497.5,0.0145089
95.3885,1,497,0.014427
96.2546,1,496.5,0.0143434
97.1206,1,496,0.0142527
97.9866,1,495.5,0.0141482
98.8526,1,495,0.0140478
99.7187,1,494.5,0.0139517
100.585,1,494,0.0138665
101.451,1,493.5,0.0137896
102.317,1,493,0.0136972
103.183,1,492.5,0.013605
104.049,1,492,0.0135059
104.915,1,491.5,0.013396
105.781,1,491,0.0132741
106.647,1,490.5,0.0131952
107.513,1,490,0.013173
108.379,1,489.5,0.0132058
109.245,1,489,0.0132954
110.111,1,488.5,0.0134018
110.977,1,488,0.0134911
111.843,1,487.5,0.0134209
112.709,1,487,0.0133516
113.575,1,486.5,0.0132847
114.441,1,486,0.0132348
115.307,1,485.5,0.0131943
116.173,1,485,0.0132797
117.039,1,484.5,0.0134191
117.905,1,484,0.013536
118.771,1,483.5,0.0136295
119.637,1,483,0.013694
120.503,1,482.5,0.0137232
121.369,1,482,0.0137468
122.235,1,481.5,0.0137908
123.101,1,481,0.0138608
123.967,1,480.5,0.0139601
124.833,1,480,0.0140653
125.699,1,479.5,0.0140842
126.565,1,479,0.0140728
127.431,1,478.5,0.0140497
128.297,1,478,0.0140135
129.164,1,477.5,0.0139717
130.03,1,477,0.0139521
130.896,1,476.5,0.013996
131.762,1,476,0.0140408
132.628,1,475.5,0.0140863
133.494,1,475,0.0141225
134.36,1,474.5,0.0141545
135.226,1,474,0.0140852
136.092,1,473.5,0.0139984
136.958,1,473,0.0139213
137.824,1,472.5,0.0138546
138.69,1,472,0.0138031
139.556,1,471.5,0.013789
140.422,1,471,0.0138147
141.288,1,470.5,0.0138358
142.154,1,470,0.0138516
143.02,1,469.5,0.013859
143.886,1,469,0.013861
144.752,1,468.5,0.0138259
145.618,1,468,0.013794
146.484,1,467.5,0.0137723
147.35,1,467,0.0137639
148.216,1,466.5,0.0137614
149.082,1,466,0.0137706
149.948,1,465.5,0.0137898
150.814,1,465,0.0138017
151.68,1,464.5,0.0138065
152.546,1,464,0.0138054
153.412,1,463.5,0.0137957
154.278,1,463,0.0137997
155.144,1,462.5,0.0138035
156.01,1,462,0.0138088
156.876,1,461.5,0.0138165
157.742,1,461,0.0138241
158.608,1,460.5,0.0138057
159.474,1,460,0.0137502
160.34,1,459.5,0.0136815
161.206,1,459,0.0135991
162.072,1,458.5,0.013506
162.939,1,458,0.0134006
163.805,1,457.5,0.0134092
164.671,1,457,0.01343
165.537,1,456.5,0.0134625
166.403,1,456,0.0135052
167.269,1,455.5,0.0135618
168.135,1,455,0.0135347
169.001,1,454.5,0.0134105
169.867,1,454,0.0132712
170.733,1,453.5,0.0131173
171.599,1,453,0.0129797
172.465,1,452.5,0.0128709
173.331,1,452,0.0129473
174.197,1,451.5,0.0130305
175.063,1,451,0.0131016
175.929,1,450.5,0.0131506
176.795,1,450,0.0131766
177.661,1,449.5,0.0131493
178.527,1,449,0.0131233
179.393,1,448.5,0.0131354
180.259,1,448,0.0131904
181.125,1,447.5,0.013264
181.991,1,447,0.0133467
182.857,1,446.5,0.0133663
183.723,1,446,0.0133727
184.589,1,445.5,0.0133664
185.455,1,445,0.0133689
186.321,1,444.5,0.0133641
187.187,1,444,0.0134435
188.053,1,443.5,0.0135952
188.919,1,443,0.0137493
189.785,1,442.5,0.0139012
190.651,1,442,0.0140616
191.517,1,441.5,0.0142101
192.383,1,441,0.0143204
193.249,1,440.5,0.0144462
194.115,1,440,0.0145838
194.981,1,439.5,0.014727
195.847,1,439,0.0148783
196.714,1,438.5,0.0150407
197.58,1,438,0.0152059
198.446,1,437.5,0.0153701
199.312,1,437,0.0155288
200.178,1,436.5,0.0156908
201.044,1,436,0.0158381
201.91,1,435.5,0.0158879
202.776,1,435,0.0159365
203.642,1,434.5,0.015984
204.508,1,434,0.0159762
205.374,1,433.5,0.0159612
206.24,1,433,0.015894
207.106,1,432.5,0.0158031
207.972,1,432,0.0157084
208.838,1,431.5,0.0156125
209.704,1,431,0.0155205
210.57,1,430.5,0.0154493
211.436,1,430,0.0154206
212.302,1,429.5,0.0154158
213.168,1,429,0.0154415
214.034,1,428.5,0.0154858
214.9,1,428,0.0155565
215.766,1,427.5,0.0156296
216.632,1,427,0.0157003
217.498,1,426.5,0.0157705
218.364,1,426,0.0158228
219.23,1,425.5,0.0158707
220.096,1,425,0.0159513
220.962,1,424.5,0.0160363
221.828,1,424,0.0161095
222.694,1,423.5,0.0161721
223.56,1,423,0.0162166
224.426,1,422.5,0.0162543
225.292,1,422,0.0162633
226.158,1,421.5,0.0162697
227.024,1,421,0.0162786
227.89,1,420.5,0.0162918
228.756,1,420,0.0163071
229.622,1,419.5,0.0162991
230.488,1,419,0.0162402
231.355,1,418.5,0.0161433
232.221,1,418,0.0159952
233.087,1,417.5,0.0158072
233.953,1,417,0.0155765
234.819,1,416.5,0.0154102
235.685,1,416,0.0152947
236.551,1,415.5,0.0152302
237.417,1,415,0.0152496
238.283,1,414.5,0.0152976
239.149,1,414,0.015274
240.015,1,413.5,0.0151927
240.881,1,413,0.0151178
241.747,1,412.5,0.0150451
242.613,1,412,0.0150127
243.479,1,411.5,0.0150344
244.345,1,411,0.0152745
245.211,1,410.5,0.0154708
246.077,1,410,0.0156147
246.943,1,409.5,0.0157191
247.809,1,409,0.0157726
248.675,1,408.5,0.015748
249.541,1,408,0.0157024
250.407,1,407.5,0.0156624
251.273,1,407,0.0156077
252.139,1,406.5,0.0155655
253.005,1,406,0.0155295
253.871,1,405.5,0.0154364
254.737,1,405,0.0153387
255.603,1,404.5,0.0152363
256.469,1,404,0.0151207
257.335,1,403.5,0.0149959
258.201,1,403,0.0148742
259.067,1,402.5,0.014795
259.933,1,402,0.0147346
260.799,1,401.5,0.0146836
261.665,1,401,0.0146557
262.531,1,400.5,0.0146288
263.397,1,400,0.0145318
264.263,1,399.5,0.014432
265.13,1,399,0.014327
265.996,1,398.5,0.0142148
266.862,1,398,0.0140832
267.728,1,397.5,0.0140126
268.594,1,397,0.0139944
269.46,1,396.5,0.0139758
270.326,1,396,0.013899
271.192,1,395.5,0.0138504
272.058,1,395,0.0138073
272.924,1,394.5,0.0135783
273.79,1,394,0.0133604
274.656,1,393.5,0.0131554
275.522,1,393,0.0128423
276.388,1,392.5,0.012496
277.254,1,392,0.0121686
278.12,1,391.5,0.0119665
278.986,1,391,0.0118234
279.852,1,390.5,0.0116865
280.718,1,390,0.0116283
281.584,1,389.5,0.0116615
282.45,1,389,0.0117535
283.316,1,388.5,0.0118446
284.182,1,388,0.0119236
285.048,1,387.5,0.0119802
285.914,1,387,0.0120147
286.78,1,386.5,0.0121262
287.646,1,386,0.0122033
288.512,1,385.5,0.0122257
289.378,1,385,0.0122655
290.244,1,384.5,0.0122357
291.11,1,384,0.0121261
291.976,1,383.5,0.0121334
292.842,1,383,0.0121357
293.708,1,382.5,0.0121097
294.574,1,382,0.0121231
295.44,1,381.5,0.0121389
296.306,1,381,0.0122733
297.172,1,380.5,0.0124514
298.038,1,380,0.0127902
298.905,1,379.5,0.012789
299.771,1,379,0.0128317
300.637,1,378.5,0.0138518
301.503,1,378,0.014978
302.369,1,377.5,0.0152064
303.235,1,377,0.014537
304.101,1,376.5,0.0142554
304.967,1,376,0.0143913
305.833,1,375.5,0.0143347
306.699,1,375,0.0144894
307.565,1,374.5,0.0149039
308.431,1,374,0.0152143
309.297,1,373.5,0.0152441
310.163,1,373,0.0150937
311.029,1,372.5,0.0151322
311.895,1,372,0.0166909
312.761,1,371.5,0.0180786
313.627,1,371,0.0194618
314.493,1,370.5,0.0214304
315.359,1,370,0.0243703
316.225,1,369.5,0.0272475
317.091,1,369,0.0296766
317.957,1,368.5,0.0319985
318.823,1,368,0.0340165
319.689,1,367.5,0.0348944
320.555,1,367,0.0353301
321.421,1,366.5,0.0358528
322.287,1,366,0.0362358
323.153,1,365.5,0.0367841
324.019,1,365,0.0374399
324.885,1,364.5,0.0376395
325.751,1,364,0.037874
326.617,1,363.5,0.038143
327.483,1,363,0.0382313
328.349,1,362.5,0.0384734
329.215,1,362,0.0385751
330.081,1,361.5,0.0380495
330.947,1,361,0.0373176
331.813,1,360.5,0.0365521
332.679,1,360,0.036097
333.546,1,359.5,0.0360089
334.412,1,359,0.0358984
335.278,1,358.5,0.0357432
336.144,1,358,0.0355915
337.01,1,357.5,0.0356415
337.876,1,357,0.0357064
338.742,1,356.5,0.0354029
339.608,1,356,0.0354713
340.474,1,355.5,0.0357911
341.34,1,355,0.0365201
342.206,1,354.5,0.0370487
343.072,1,354,0.0373207
343.938,1,353.5,0.0370006
344.804,1,353,0.0365481
345.67,1,352.5,0.0359919
346.536,1,352,0.0339291
347.402,1,351.5,0.0308365
348.268,1,351,0.0278969
349.134,1,350.5,0.0267721
350,1,350,0.0266799
350.866,1,349.5,0.0247649
351.732,1,349,0.0236217
352.598,1,348.5,0.0241087
353.464,1,348,0.025197
354.33,1,347.5,0.0257983
355.196,1,347,0.0260404
356.062,1,346.5,0.0262547
356.928,1,346,0.0264211
357.794,1,345.5,0.0258959
358.66,1,345,0.0253142
359.526,1,344.5,0.0239698
360.392,1,344,0.0224307
361.258,1,343.5,0.0227194
362.124,1,343,0.0232839
362.99,1,342.5,0.0238242
363.856,1,342,0.0249531
364.722,1,341.5,0.0234237
365.588,1,341,0.022676
366.454,1,340.5,0.0235466
367.321,1,340,0.0246162
368.187,1,339.5,0.0255091
369.053,1,339,0.0263931
369.919,1,338.5,0.0274291
370.785,1,338,0.0279576
371.651,1,337.5,0.0283756
372.517,1,337,0.0288421
373.383,1,336.5,0.0295777
374.249,1,336,0.030558
375.115,1,335.5,0.0316885
375.981,1,335,0.0324823
376.847,1,334.5,0.0330943
377.713,1,334,0.0334225
378.579,1,333.5,0.0337324
379.445,1,333,0.0338828
380.311,1,332.5,0.0340393
381.177,1,332,0.0344982
382.043,1,331.5,0.0351099
382.909,1,331,0.0361223
383.775,1,330.5,0.036966
384.641,1,330,0.0375273
385.507,1,329.5,0.0378922
386.373,1,329,0.0381666
387.239,1,328.5,0.0390729
388.105,1,328,0.0402884
388.971,1,327.5,0.0409151
389.837,1,327,0.0413995
390.703,1,326.5,0.0417851
391.569,1,326,0.0421865
392.435,1,325.5,0.0435645
393.301,1,325,0.0444802
394.167,1,324.5,0.0450778
395.033,1,324,0.0454007
395.899,1,323.5,0.0462362
396.765,1,323,0.046839
397.631,1,322.5,0.0471515
398.497,1,322,0.0474143
399.363,1,321.5,0.0482644
400.229,1,321,0.0482303
401.095,1,320.5,0.0478604
401.962,1,320,0.0478807
402.828,1,319.5,0.0479919
403.694,1,319,0.0481721
404.56,1,318.5,0.0483964
405.426,1,318,0.0486103
406.292,1,317.5,0.0490187
407.158,1,317,0.0497455
408.024,1,316.5,0.0506999
408.89,1,316,0.0515037
409.756,1,315.5,0.0522725
410.622,1,315,0.053085
411.488,1,314.5,0.0539549
412.354,1,314,0.0547513
413.22,1,313.5,0.0552033
414.086,1,313,0.055519
414.952,1,312.5,0.0559301
415.818,1,312,0.0559703
416.684,1,311.5,0.0542947
417.55,1,311,0.0540783
418.416,1,310.5,0.0542633
419.282,1,310,0.0545835
420.148,1,309.5,0.0548599
421.014,1,309,0.0549288
421.88,1,308.5,0.0545814
422.746,1,308,0.0538788
423.612,1,307.5,0.0534801
424.478,1,307,0.0540381
425.344,1,306.5,0.0543746
426.21,1,306,0.0548241
427.076,1,305.5,0.0549858
427.942,1,305,0.0548638
428.808,1,304.5,0.0556573
429.674,1,304,0.0567577
430.54,1,303.5,0.057931
431.406,1,303,0.0590498
432.272,1,302.5,0.0600628
433.138,1,302,0.0611135
434.004,1,301.5,0.0624724
434.87,1,301,0.0638996
435.737,1,300.5,0.0654946
436.603,1,300,0.0671275
437.469,1,299.5,0.0688198
438.335,1,299,0.0705716
439.201,1,298.5,0.0723829
440.067,1,298,0.0742522
440.933,1,297.5,0.0763177
441.799,1,297,0.0782318
442.665,1,296.5,0.0799304
443.531,1,296,0.0832233
444.397,1,295.5,0.0846081
445.263,1,295,0.083733
446.129,1,294.5,0.0846574
446.995,1,294,0.0856403
447.861,1,293.5,0.086653
448.727,1,293,0.0876956
449.593,1,292.5,0.0884407
450.459,1,292,0.0873319
451.325,1,291.5,0.0861017
452.191,1,291,0.0850634
453.057,1,290.5,0.0840828
453.923,1,290,0.0828485
454.789,1,289.5,0.0824945
455.655,1,289,0.0821545
456.521,1,288.5,0.0820219
457.387,1,288,0.081884
458.253,1,287.5,0.0805085
459.119,1,287,0.0770635
459.985,1,286.5,0.0737298
460.851,1,286,0.0706959
461.717,1,285.5,0.0700397
462.583,1,285,0.0699579
463.449,1,284.5,0.0693735
464.315,1,284,0.0689084
465.181,1,283.5,0.0691635
466.047,1,283,0.070507
466.913,1,282.5,0.0723729
467.779,1,282,0.0742355
468.645,1,281.5,0.0752959
469.512,1,281,0.0768497
470.378,1,280.5,0.0783805
471.244,1,280,0.0803824
472.11,1,279.5,0.0821166
472.976,1,279,0.0832769
473.842,1,278.5,0.0841951
474.708,1,278,0.0848703
475.574,1,277.5,0.085392
476.44,1,277,0.0861552
477.306,1,276.5,0.0867449
478.172,1,276,0.08735
479.038,1,275.5,0.0878442
479.904,1,275,0.088234
480.77,1,274.5,0.088765
481.636,1,274,0.089305
482.502,1,273.5,0.0899025
483.368,1,273,0.09045
484.234,1,272.5,0.090833
485.1,1,272,0.0910727
485.966,1,271.5,0.0912218
486.832,1,271,0.0912723
487.698,1,270.5,0.0914868
488.564,1,270,0.0917926
489.43,1,269.5,0.0894045
490.296,1,269,0.0838839
491.162,1,268.5,0.0769768
492.028,1,268,0.0743004
492.894,1,267.5,0.0796139
493.76,1,267,0.0805127
494.626,1,266.5,0.081848
495.492,1,266,0.0833647
496.358,1,265.5,0.0847799
497.224,1,265,0.0852549
498.09,1,264.5,0.0855786
498.956,1,264,0.0857508
499.822,1,263.5,0.0821016
500.688,1,263,0.0764301
501.554,1,262.5,0.0656336
502.42,1,262,0.0523661
503.286,1,261.5,0.0436589
504.153,1,261,0.0391225
505.019,1,260.5,0.0387613
505.885,1,260,0.044447
506.751,1,259.5,0.0523867
507.617,1,259,0.0584409
508.483,1,258.5,0.0657174
509.349,1,258,0.0705624
510.215,1,257.5,0.07601
511.081,1,257,0.0771259
511.947,1,256.5,0.0780945
512.813,1,256,0.078101
513.679,1,255.5,0.0742347
514.545,1,255,0.0701086
515.411,1,254.5,0.0609753
516.277,1,254,0.0520629
517.143,1,253.5,0.0469778
518.009,1,253,0.0427311
518.875,1,252.5,0.0388242
519.741,1,252,0.035491
520.607,1,251.5,0.0333667
521.473,1,251,0.032424
522.339,1,250.5,0.0321734
523.205,1,250,0.031867
524.071,1,249.5,0.0319919
524.937,1,249,0.0337331
525.803,1,248.5,0.0360842
526.669,1,248,0.0388465
527.535,1,247.5,0.0423247
528.401,1,247,0.043978
529.267,1,246.5,0.044071
530.133,1,246,0.0435527
530.999,1,245.5,0.0422025
531.865,1,245,0.0416258
532.731,1,244.5,0.0408573
533.597,1,244,0.0403133
534.463,1,243.5,0.0392716
535.329,1,243,0.0379681
536.195,1,242.5,0.0346282
537.061,1,242,0.0314601
537.928,1,241.5,0.0281342
538.794,1,241,0.0272121
539.66,1,240.5,0.0263291
540.526,1,240,0.0258056
541.392,1,239.5,0.0265073
542.258,1,239,0.0259716
543.124,1,238.5,0.0264711
543.99,1,238,0.0266066
544.856,1,237.5,0.0265901
545.722,1,237,0.0263235
546.588,1,236.5,0.0257034
547.454,1,236,0.0256886
548.32,1,235.5,0.025623
549.186,1,235,0.025296
550.052,1,234.5,0.0250093
550.918,1,234,0.0247628
551.784,1,233.5,0.0246184
552.65,1,233,0.0246096
553.516,1,232.5,0.0245869
554.382,1,232,0.0246069
555.248,1,231.5,0.0245988
556.114,1,231,0.0245811
556.98,1,230.5,0.0248917
557.846,1,230,0.0251116
558.712,1,229.5,0.0251654
559.578,1,229,0.0251968
560.444,1,228.5,0.0252638
561.31,1,228,0.0251668
562.176,1,227.5,0.024963
563.042,1,227,0.0248226
563.908,1,226.5,0.0245676
564.774,1,226,0.0242243
565.64,1,225.5,0.0239417
566.506,1,225,0.0236113
567.372,1,224.5,0.0231857
568.238,1,224,0.0228372
569.104,1,223.5,0.0223946
569.97,1,223,0.0218558
570.836,1,222.5,0.0216941
571.703,1,222,0.0216369
572.569,1,221.5,0.021516
573.435,1,221,0.0214655
574.301,1,220.5,0.0213939
575.167,1,220,0.0213194
576.033,1,219.5,0.0216207
576.899,1,219,0.0220369
577.765,1,218.5,0.022431
578.631,1,218,0.0229443
579.497,1,217.5,0.0237209
580.363,1,217,0.0247798
581.229,1,216.5,0.0258509
582.095,1,216,0.0266833
582.961,1,215.5,0.0274832
583.827,1,215,0.0283043
584.693,1,214.5,0.0302817
585.559,1,214,0.0320064
586.425,1,213.5,0.0332085
587.291,1,213,0.0333568
588.157,1,212.5,0.0331898
589.023,1,212,0.0327921
589.889,1,211.5,0.0332009
590.755,1,211,0.033781
591.621,1,210.5,0.0343577
592.487,1,210,0.0346221
593.353,1,209.5,0.0345296
594.219,1,209,0.0341821
595.085,1,208.5,0.0336316
595.951,1,208,0.0331216
596.817,1,207.5,0.032739
597.683,1,207,0.0325416
598.549,1,206.5,0.0325691
599.415,1,206,0.0325556
600.281,1,205.5,0.0325606
601.147,1,205,0.0325186
602.013,1,204.5,0.0324368
602.879,1,204,0.0323149
603.745,1,203.5,0.031635
604.611,1,203,0.0310296
605.477,1,202.5,0.0306307
606.344,1,202,0.0299589
607.21,1,201.5,0.0290068
608.076,1,201,0.0278632
608.942,1,200.5,0.0254395
609.808,1,200,0.0233751
