x,y,z,b
90.1924,1,500,0.0135367
91.0584,1,499.5,0.0134272
91.9244,1,499,0.0133238
92.7905,1,498.5,0.0132781
93.6565,1,498,0.0132321
94.5225,1,497.5,0.0131913
95.3885,1,497,0.0131675
96.2546,1,496.5,0.0131401
97.1206,1,496,0.0130752
97.9866,1,495.5,0.0130027
98.8526,1,495,0.012951
99.7187,1,494.5,0.0129203
100.585,1,494,0.0129414
101.451,1,493.5,0.0129796
102.317,1,493,0.0129698
103.183,1,492.5,0.0129558
104.049,1,492,0.0129212
104.915,1,491.5,0.0128569
105.781,1,491,0.0127699
106.647,1,490.5,0.0127946
107.513,1,490,0.0129141
108.379,1,489.5,0.0130657
109.245,1,489,0.013247
110.111,1,488.5,0.0134519
110.977,1,488,0.0136241
111.843,1,487.5,0.0135249
112.709,1,487,0.0134047
113.575,1,486.5,0.0132616
114.441,1,486,0.0131028
115.307,1,485.5,0.0129579
116.173,1,485,0.0130214
117.039,1,484.5,0.0131653
117.905,1,484,0.0132802
118.771,1,483.5,0.0133652
119.637,1,483,0.0134156
120.503,1,482.5,0.0134043
121.369,1,482,0.0133312
122.235,1,481.5,0.013296
123.101,1,481,0.0133062
123.967,1,480.5,0.0133638
124.833,1,480,0.0134695
125.699,1,479.5,0.013487
126.565,1,479,0.0134097
127.431,1,478.5,0.0132744
128.297,1,478,0.0130998
129.164,1,477.5,0.0128734
130.03,1,477,0.0127291
130.896,1,476.5,0.0129115
131.762,1,476,0.0131136
132.628,1,475.5,0.0133353
133.494,1,475,0.01358
134.36,1,474.5,0.013834
135.226,1,474,0.0137443
136.092,1,473.5,0.0135848
136.958,1,473,0.0134425
137.824,1,472.5,0.0133176
138.69,1,472,0.0132306
139.556,1,471.5,0.0133199
140.422,1,471,0.0136256
141.288,1,470.5,0.0138858
142.154,1,470,0.0140967
143.02,1,469.5,0.0142545
143.886,1,469,0.0143564
144.752,1,468.5,0.0143226
145.618,1,468,0.0143307
146.484,1,467.5,0.0143935
147.35,1,467,0.0145054
148.216,1,466.5,0.0146786
149.082,1,466,0.014821
149.948,1,465.5,0.014801
150.814,1,465,0.0147276
151.68,1,464.5,0.0146006
152.546,1,464,0.0143937
153.412,1,463.5,0.0141558
154.278,1,463,0.0142631
155.144,1,462.5,0.0144147
156.01,1,462,0.0145914
156.876,1,461.5,0.014799
157.742,1,461,0.0150218
158.608,1,460.5,0.0150588
159.474,1,460,0.0148861
160.34,1,459.5,0.0147022
161.206,1,459,0.0145075
162.072,1,458.5,0.0143079
162.939,1,458,0.0141048
163.805,1,457.5,0.0142753
164.671,1,457,0.0144506
165.537,1,456.5,0.0146278
166.403,1,456,0.0147887
167.269,1,455.5,0.014956
168.135,1,455,0.0148788
169.001,1,454.5,0.0145812
169.867,1,454,0.0142753
170.733,1,453.5,0.0139614
171.599,1,453,0.0136646
172.465,1,452.5,0.0134088
173.331,1,452,0.0135367
174.197,1,451.5,0.0136921
175.063,1,451,0.0138492
175.929,1,450.5,0.013993
176.795,1,450,0.0141199
177.661,1,449.5,0.0140732
178.527,1,449,0.0139396
179.393,1,448.5,0.0138226
180.259,1,448,0.0137306
181.125,1,447.5,0.0136677
181.991,1,447,0.0136509
182.857,1,446.5,0.013729
183.723,1,446,0.0137792
184.589,1,445.5,0.0138014
185.455,1,445,0.013804
186.321,1,444.5,0.0137763
187.187,1,444,0.0137701
188.053,1,443.5,0.0137884
188.919,1,443,0.0138113
189.785,1,442.5,0.0138391
190.651,1,442,0.01386
191.517,1,441.5,0.0138583
192.383,1,441,0.0137701
193.249,1,440.5,0.0136658
194.115,1,440,0.013554
194.981,1,439.5,0.0134418
195.847,1,439,0.0133314
196.714,1,438.5,0.0133096
197.58,1,438,0.0133149
198.446,1,437.5,0.013316
199.312,1,437,0.0133106
200.178,1,436.5,0.0132977
201.044,1,436,0.0132571
201.91,1,435.5,0.0131595
202.776,1,435,0.013059
203.642,1,434.5,0.0129554
204.508,1,434,0.0128754
205.374,1,433.5,0.0127963
206.24,1,433,0.0127544
207.106,1,432.5,0.0127413
207.972,1,432,0.0127301
208.838,1,431.5,0.0127148
209.704,1,431,0.0126983
210.57,1,430.5,0.012682
211.436,1,430,0.0126723
212.302,1,429.5,0.0126638
213.168,1,429,0.0126592
214.034,1,428.5,0.0126553
214.9,1,428,0.0126555
215.766,1,427.5,0.0126405
216.632,1,427,0.0126267
217.498,1,426.5,0.0126244
218.364,1,426,0.0126757
219.23,1,425.5,0.0127494
220.096,1,425,0.0128244
220.962,1,424.5,0.0129222
221.828,1,424,0.0129668
222.694,1,423.5,0.0129561
223.56,1,423,0.0129519
224.426,1,422.5,0.0129215
225.292,1,422,0.0132478
226.158,1,421.5,0.0136784
227.024,1,421,0.0141236
227.89,1,420.5,0.0145476
228.756,1,420,0.0149532
229.622,1,419.5,0.0151431
230.488,1,419,0.0151204
231.355,1,418.5,0.0151131
232.221,1,418,0.0151153
233.087,1,417.5,0.0151562
233.953,1,417,0.0152313
234.819,1,416.5,0.0154851
235.685,1,416,0.0157122
236.551,1,415.5,0.0159056
237.417,1,415,0.0159377
238.283,1,414.5,0.0159399
239.149,1,414,0.0159218
240.015,1,413.5,0.0158903
240.881,1,413,0.0158618
241.747,1,412.5,0.0158407
242.613,1,412,0.0157994
243.479,1,411.5,0.015753
244.345,1,411,0.0156505
245.211,1,410.5,0.0155183
246.077,1,410,0.0153628
246.943,1,409.5,0.0151996
247.809,1,409,0.0150453
248.675,1,408.5,0.0149543
249.541,1,408,0.0148996
250.407,1,407.5,0.0148637
251.273,1,407,0.0148677
252.139,1,406.5,0.0148834
253.005,1,406,0.0148995
253.871,1,405.5,0.0148352
254.737,1,405,0.0147973
255.603,1,404.5,0.0147855
256.469,1,404,0.0147836
257.335,1,403.5,0.0147959
258.201,1,403,0.0148144
259.067,1,402.5,0.0147397
259.933,1,402,0.0146353
260.799,1,401.5,0.0145281
261.665,1,401,0.0142808
262.531,1,400.5,0.0139109
263.397,1,400,0.0134171
264.263,1,399.5,0.0127061
265.13,1,399,0.0117311
265.996,1,398.5,0.010721
266.862,1,398,0.00994117
267.728,1,397.5,0.0100286
268.594,1,397,0.0103586
269.46,1,396.5,0.0111285
270.326,1,396,0.0137588
271.192,1,395.5,0.0167596
272.058,1,395,0.0200312
272.924,1,394.5,0.0230313
273.79,1,394,0.026077
274.656,1,393.5,0.0290017
275.522,1,393,0.0320427
276.388,1,392.5,0.0346864
277.254,1,392,0.0356468
278.12,1,391.5,0.0363164
278.986,1,391,0.0385989
279.852,1,390.5,0.0404091
280.718,1,390,0.0403554
281.584,1,389.5,0.0384936
282.45,1,389,0.0369806
283.316,1,388.5,0.0359354
284.182,1,388,0.0348929
285.048,1,387.5,0.0340086
285.914,1,387,0.0333088
286.78,1,386.5,0.0323111
287.646,1,386,0.031226
288.512,1,385.5,0.030244
289.378,1,385,0.0314663
290.244,1,384.5,0.0338559
291.11,1,384,0.032565
291.976,1,383.5,0.0312673
292.842,1,383,0.0300917
293.708,1,382.5,0.0254756
294.574,1,382,0.0233354
295.44,1,381.5,0.0213145
296.306,1,381,0.0213196
297.172,1,380.5,0.021825
298.038,1,380,0.0225075
298.905,1,379.5,0.0232513
299.771,1,379,0.024051
300.637,1,378.5,0.0251017
301.503,1,378,0.0254275
302.369,1,377.5,0.0279604
303.235,1,377,0.031302
304.101,1,376.5,0.0338481
304.967,1,376,0.036552
305.833,1,375.5,0.0419631
306.699,1,375,0.0468598
307.565,1,374.5,0.0511755
308.431,1,374,0.0536247
309.297,1,373.5,0.0553793
310.163,1,373,0.0566711
311.029,1,372.5,0.0571317
311.895,1,372,0.0572724
312.761,1,371.5,0.0572812
313.627,1,371,0.0568976
314.493,1,370.5,0.0562908
315.359,1,370,0.0564954
316.225,1,369.5,0.0571232
317.091,1,369,0.0579932
317.957,1,368.5,0.0588182
318.823,1,368,0.0598628
319.689,1,367.5,0.0615234
320.555,1,367,0.0631875
321.421,1,366.5,0.0648325
322.287,1,366,0.066435
323.153,1,365.5,0.067827
324.019,1,365,0.0690153
324.885,1,364.5,0.0701909
325.751,1,364,0.0712609
326.617,1,363.5,0.072225
327.483,1,363,0.0730012
328.349,1,362.5,0.0736693
329.215,1,362,0.0740922
330.081,1,361.5,0.0740034
330.947,1,361,0.0737487
331.813,1,360.5,0.0734991
332.679,1,360,0.0739364
333.546,1,359.5,0.0752407
334.412,1,359,0.0767236
335.278,1,358.5,0.0786023
336.144,1,358,0.080954
337.01,1,357.5,0.0825741
337.876,1,357,0.0834472
338.742,1,356.5,0.0845084
339.608,1,356,0.0857888
340.474,1,355.5,0.0876692
341.34,1,355,0.0871475
342.206,1,354.5,0.0879401
343.072,1,354,0.0888764
343.938,1,353.5,0.0877958
344.804,1,353,0.0848742
345.67,1,352.5,0.0789748
346.536,1,352,0.0653052
347.402,1,351.5,0.058955
348.268,1,351,0.0521452
349.134,1,350.5,0.0410462
350,1,350,0.0328194
350.866,1,349.5,0.023767
351.732,1,349,0.0246854
352.598,1,348.5,0.0278241
353.464,1,348,0.0318654
354.33,1,347.5,0.0354629
355.196,1,347,0.0365177
356.062,1,346.5,0.0366377
356.928,1,346,0.0359139
357.794,1,345.5,0.0354274
358.66,1,345,0.0347873
359.526,1,344.5,0.0338458
360.392,1,344,0.0323381
361.258,1,343.5,0.0306295
362.124,1,343,0.0294948
362.99,1,342.5,0.0303863
363.856,1,342,0.0314731
364.722,1,341.5,0.0326416
365.588,1,341,0.0338907
366.454,1,340.5,0.0352134
367.321,1,340,0.035702
368.187,1,339.5,0.0362098
369.053,1,339,0.0368986
369.919,1,338.5,0.0376639
370.785,1,338,0.0385056
371.651,1,337.5,0.039267
372.517,1,337,0.0398142
373.383,1,336.5,0.0403523
374.249,1,336,0.0409444
375.115,1,335.5,0.0415268
375.981,1,335,0.042101
376.847,1,334.5,0.0427669
377.713,1,334,0.043363
378.579,1,333.5,0.0439065
379.445,1,333,0.0442381
380.311,1,332.5,0.0445083
381.177,1,332,0.0447913
382.043,1,331.5,0.0454037
382.909,1,331,0.0462315
383.775,1,330.5,0.0471594
384.641,1,330,0.0480494
385.507,1,329.5,0.0489203
386.373,1,329,0.0499671
387.239,1,328.5,0.0509889
388.105,1,328,0.0519495
388.971,1,327.5,0.0527833
389.837,1,327,0.0536802
390.703,1,326.5,0.05464
391.569,1,326,0.0551468
392.435,1,325.5,0.0553617
393.301,1,325,0.055539
394.167,1,324.5,0.0549952
395.033,1,324,0.0546365
395.899,1,323.5,0.0535998
396.765,1,323,0.0526304
397.631,1,322.5,0.0517956
398.497,1,322,0.0509661
399.363,1,321.5,0.0498635
400.229,1,321,0.0487376
401.095,1,320.5,0.0482619
401.962,1,320,0.0479171
402.828,1,319.5,0.0473147
403.694,1,319,0.0467891
404.56,1,318.5,0.0467418
405.426,1,318,0.0468727
406.292,1,317.5,0.0470504
407.158,1,317,0.0471645
408.024,1,316.5,0.047284
408.89,1,316,0.0474954
409.756,1,315.5,0.0483439
410.622,1,315,0.0494221
411.488,1,314.5,0.0496816
412.354,1,314,0.0498107
413.22,1,313.5,0.0496708
414.086,1,313,0.0491835
414.952,1,312.5,0.0486638
415.818,1,312,0.0481116
416.684,1,311.5,0.0454184
417.55,1,311,0.0441247
418.416,1,310.5,0.0428561
419.282,1,310,0.0423739
420.148,1,309.5,0.0423437
421.014,1,309,0.0424234
421.88,1,308.5,0.0422357
422.746,1,308,0.0418098
423.612,1,307.5,0.0415996
424.478,1,307,0.0413951
425.344,1,306.5,0.0407346
426.21,1,306,0.040219
427.076,1,305.5,0.0399125
427.942,1,305,0.0400162
428.808,1,304.5,0.040184
429.674,1,304,0.0405496
430.54,1,303.5,0.0407621
431.406,1,303,0.0408615
432.272,1,302.5,0.0416978
433.138,1,302,0.0424069
434.004,1,301.5,0.0426563
434.87,1,301,0.0431939
435.737,1,300.5,0.0432528
436.603,1,300,0.043445
437.469,1,299.5,0.0438356
438.335,1,299,0.0442756
439.201,1,298.5,0.0449903
440.067,1,298,0.0459472
440.933,1,297.5,0.0467054
441.799,1,297,0.0472514
442.665,1,296.5,0.0475953
443.531,1,296,0.0475046
444.397,1,295.5,0.0476689
445.263,1,295,0.047813
446.129,1,294.5,0.0477704
446.995,1,294,0.0474919
447.861,1,293.5,0.0471352
448.727,1,293,0.0467002
449.593,1,292.5,0.0462594
450.459,1,292,0.0461494
451.325,1,291.5,0.0459832
452.191,1,291,0.0457477
453.057,1,290.5,0.045487
453.923,1,290,0.0452012
454.789,1,289.5,0.0448902
455.655,1,289,0.0445541
456.521,1,288.5,0.0441928
457.387,1,288,0.0439224
458.253,1,287.5,0.0436827
459.119,1,287,0.0433878
459.985,1,286.5,0.0428171
460.851,1,286,0.0421952
461.717,1,285.5,0.0415222
462.583,1,285,0.0409327
463.449,1,284.5,0.04042
464.315,1,284,0.0375083
465.181,1,283.5,0.0360319
466.047,1,283,0.0344935
466.913,1,282.5,0.0342828
467.779,1,282,0.0341777
468.645,1,281.5,0.0341596
469.512,1,281,0.0343489
470.378,1,280.5,0.0346918
471.244,1,280,0.0351732
472.11,1,279.5,0.0355025
472.976,1,279,0.0355907
473.842,1,278.5,0.0356554
474.708,1,278,0.035683
475.574,1,277.5,0.0356725
476.44,1,277,0.0359165
477.306,1,276.5,0.036336
478.172,1,276,0.0371043
479.038,1,275.5,0.0379641
479.904,1,275,0.0389274
480.77,1,274.5,0.0402061
481.636,1,274,0.0413165
482.502,1,273.5,0.0424076
483.368,1,273,0.0434391
484.234,1,272.5,0.044409
485.1,1,272,0.0451791
485.966,1,271.5,0.0439438
486.832,1,271,0.0422642
487.698,1,270.5,0.0405566
488.564,1,270,0.0390748
489.43,1,269.5,0.0377923
490.296,1,269,0.0370685
491.162,1,268.5,0.0369306
492.028,1,268,0.0372658
492.894,1,267.5,0.0375125
493.76,1,267,0.0378402
494.626,1,266.5,0.038728
495.492,1,266,0.0401254
496.358,1,265.5,0.0403519
497.224,1,265,0.0404859
498.09,1,264.5,0.040618
498.956,1,264,0.0408569
499.822,1,263.5,0.0412913
500.688,1,263,0.0428148
501.554,1,262.5,0.0437857
502.42,1,262,0.0442094
503.286,1,261.5,0.0443032
504.153,1,261,0.0442606
505.019,1,260.5,0.0439991
505.885,1,260,0.043528
506.751,1,259.5,0.043059
507.617,1,259,0.0428736
508.483,1,258.5,0.0428706
509.349,1,258,0.0429077
510.215,1,257.5,0.0430328
511.081,1,257,0.0433371
511.947,1,256.5,0.0434019
512.813,1,256,0.0431675
513.679,1,255.5,0.0423037
514.545,1,255,0.0418305
515.411,1,254.5,0.0413689
516.277,1,254,0.0400736
517.143,1,253.5,0.0386737
518.009,1,253,0.0371869
518.875,1,252.5,0.0364382
519.741,1,252,0.0359069
520.607,1,251.5,0.0354723
521.473,1,251,0.0346904
522.339,1,250.5,0.0331557
523.205,1,250,0.0313476
524.071,1,249.5,0.0306691
524.937,1,249,0.0301129
525.803,1,248.5,0.0289817
526.669,1,248,0.0279003
527.535,1,247.5,0.0278057
528.401,1,247,0.0284033
529.267,1,246.5,0.0291931
530.133,1,246,0.0302823
530.999,1,245.5,0.0311951
531.865,1,245,0.0319231
532.731,1,244.5,0.03184
533.597,1,244,0.0311417
534.463,1,243.5,0.0303913
535.329,1,243,0.0294486
536.195,1,242.5,0.0286097
537.061,1,242,0.0279059
537.928,1,241.5,0.0274063
538.794,1,241,0.0268246
539.66,1,240.5,0.0262039
540.526,1,240,0.0256842
541.392,1,239.5,0.0253036
542.258,1,239,0.0249917
543.124,1,238.5,0.0248097
543.99,1,238,0.0248781
544.856,1,237.5,0.0250086
545.722,1,237,0.0252176
546.588,1,236.5,0.0256561
547.454,1,236,0.0263029
548.32,1,235.5,0.0270153
549.186,1,235,0.0279069
550.052,1,234.5,0.029073
550.918,1,234,0.0305137
551.784,1,233.5,0.0313051
552.65,1,233,0.03187
553.516,1,232.5,0.0325566
554.382,1,232,0.0330976
555.248,1,231.5,0.0337557
556.114,1,231,0.0345422
556.98,1,230.5,0.0345509
557.846,1,230,0.034485
558.712,1,229.5,0.0345419
559.578,1,229,0.0344101
560.444,1,228.5,0.0339939
561.31,1,228,0.0338361
562.176,1,227.5,0.0338885
563.042,1,227,0.0338582
563.908,1,226.5,0.0341934
564.774,1,226,0.0347924
565.64,1,225.5,0.0349155
566.506,1,225,0.0346139
567.372,1,224.5,0.0341898
568.238,1,224,0.0331799
569.104,1,223.5,0.0322953
569.97,1,223,0.0312422
570.836,1,222.5,0.0300205
571.703,1,222,0.0289009
572.569,1,221.5,0.0284795
573.435,1,221,0.0278494
574.301,1,220.5,0.0272289
575.167,1,220,0.026624
576.033,1,219.5,0.0260345
576.899,1,219,0.0254606
577.765,1,218.5,0.0256428
578.631,1,218,0.0259069
579.497,1,217.5,0.026204
580.363,1,217,0.0265338
581.229,1,216.5,0.0268966
582.095,1,216,0.0272896
582.961,1,215.5,0.0274068
583.827,1,215,0.027518
584.693,1,214.5,0.0277465
585.559,1,214,0.0273886
586.425,1,213.5,0.0272156
587.291,1,213,0.0267751
588.157,1,212.5,0.0261949
589.023,1,212,0.0255072
589.889,1,211.5,0.0255959
590.755,1,211,0.0258423
591.621,1,210.5,0.0259865
592.487,1,210,0.0263078
593.353,1,209.5,0.0267731
594.219,1,209,0.0271804
595.085,1,208.5,0.0274037
595.951,1,208,0.0274926
596.817,1,207.5,0.0276226
597.683,1,207,0.0279271
598.549,1,206.5,0.0285908
599.415,1,206,0.0289605
600.281,1,205.5,0.0291174
601.147,1,205,0.028405
602.013,1,204.5,0.0276649
602.879,1,204,0.0268972
603.745,1,203.5,0.0261076
604.611,1,203,0.0254469
605.477,1,202.5,0.0249302
606.344,1,202,0.0244596
607.21,1,201.5,0.0238864
608.076,1,201,0.0232109
608.942,1,200.5,0.0234478
609.808,1,200,0.0235979
