x,y,z,b
90.1924,1,500,0.0140115
91.0584,1,499.5,0.0139726
91.9244,1,499,0.0139139
92.7905,1,498.5,0.0138326
93.6565,1,498,0.0137515
94.5225,1,497.5,0.0136692
95.3885,1,497,0.0135855
96.2546,1,496.5,0.0135083
97.1206,1,496,0.0134076
97.9866,1,495.5,0.01328
98.8526,1,495,0.0131327
99.7187,1,494.5,0.0129657
100.585,1,494,0.012856
101.451,1,493.5,0.0127566
102.317,1,493,0.0127765
103.183,1,492.5,0.0128406
104.049,1,492,0.0129147
104.915,1,491.5,0.0129847
105.781,1,491,0.0130518
106.647,1,490.5,0.0130056
107.513,1,490,0.0129031
108.379,1,489.5,0.0128106
109.245,1,489,0.0127394
110.111,1,488.5,0.0126858
110.977,1,488,0.0126879
111.843,1,487.5,0.0128237
112.709,1,487,0.0129097
113.575,1,486.5,0.0129468
114.441,1,486,0.012934
115.307,1,485.5,0.012859
116.173,1,485,0.0128193
117.039,1,484.5,0.0128722
117.905,1,484,0.0129754
118.771,1,483.5,0.013128
119.637,1,483,0.0133293
120.503,1,482.5,0.013493
121.369,1,482,0.0133865
122.235,1,481.5,0.0132375
123.101,1,481,0.0130528
123.967,1,480.5,0.0128351
124.833,1,480,0.0125818
125.699,1,479.5,0.0127137
126.565,1,479,0.0129863
127.431,1,478.5,0.0132728
128.297,1,478,0.0135512
129.164,1,477.5,0.013828
130.03,1,477,0.0139605
130.896,1,476.5,0.0137659
131.762,1,476,0.0135947
132.628,1,475.5,0.0134467
133.494,1,475,0.0133276
134.36,1,474.5,0.0132387
135.226,1,474,0.0133883
136.092,1,473.5,0.0135579
136.958,1,473,0.0136972
137.824,1,472.5,0.0138063
138.69,1,472,0.0138681
139.556,1,471.5,0.0138366
140.422,1,471,0.0137472
141.288,1,470.5,0.013722
142.154,1,470,0.0137759
143.02,1,469.5,0.0139141
143.886,1,469,0.0140989
144.752,1,468.5,0.0140442
145.618,1,468,0.0139362
146.484,1,467.5,0.0137927
147.35,1,467,0.013611
148.216,1,466.5,0.0134239
149.082,1,466,0.013402
149.948,1,465.5,0.0136196
150.814,1,465,0.0138414
151.68,1,464.5,0.0140677
152.546,1,464,0.0142997
153.412,1,463.5,0.0145284
154.278,1,463,0.0144079
155.144,1,462.5,0.0142669
156.01,1,462,0.0141228
156.876,1,461.5,0.0139767
157.742,1,461,0.0138111
158.608,1,460.5,0.0137285
159.474,1,460,0.0137623
160.34,1,459.5,0.0138091
161.206,1,459,0.0138756
162.072,1,458.5,0.0139651
162.939,1,458,0.014076
163.805,1,457.5,0.0139351
164.671,1,457,0.0137865
165.537,1,456.5,0.0136333
166.403,1,456,0.013497
167.269,1,455.5,0.0133608
168.135,1,455,0.0133878
169.001,1,454.5,0.0135912
169.867,1,454,0.0137646
170.733,1,453.5,0.0139059
171.599,1,453,0.0140181
172.465,1,452.5,0.0140769
173.331,1,452,0.0141269
174.197,1,451.5,0.0141999
175.063,1,451,0.014302
175.929,1,450.5,0.0144352
176.795,1,450,0.0146009
177.661,1,449.5,0.0146785
178.527,1,449,0.0146589
179.393,1,448.5,0.0146077
180.259,1,448,0.0145223
181.125,1,447.5,0.0144059
181.991,1,447,0.0142972
182.857,1,446.5,0.0144259
183.723,1,446,0.0145732
184.589,1,445.5,0.0147391
185.455,1,445,0.0149223
186.321,1,444.5,0.0151351
187.187,1,444,0.0150815
188.053,1,443.5,0.0148583
188.919,1,443,0.0146252
189.785,1,442.5,0.0143846
190.651,1,442,0.0141438
191.517,1,441.5,0.0139962
192.383,1,441,0.0141928
193.249,1,440.5,0.0143915
194.115,1,440,0.0145859
194.981,1,439.5,0.0147742
195.847,1,439,0.0149519
196.714,1,438.5,0.0149463
197.58,1,438,0.0148845
198.446,1,437.5,0.0148247
199.312,1,437,0.0147631
200.178,1,436.5,0.014716
201.044,1,436,0.0147199
201.91,1,435.5,0.0148255
202.776,1,435,0.0149266
203.642,1,434.5,0.0150232
204.508,1,434,0.0150831
205.374,1,433.5,0.0151265
206.24,1,433,0.0150941
207.106,1,432.5,0.0150033
207.972,1,432,0.0149023
208.838,1,431.5,0.0148039
209.704,1,431,0.014683
210.57,1,430.5,0.014536
211.436,1,430,0.0143633
212.302,1,429.5,0.0141805
213.168,1,429,0.0139856
214.034,1,428.5,0.0137922
214.9,1,428,0.013607
215.766,1,427.5,0.013429
216.632,1,427,0.0132611
217.498,1,426.5,0.0131129
218.364,1,426,0.0130214
219.23,1,425.5,0.0129399
220.096,1,425,0.0128998
220.962,1,424.5,0.0129493
221.828,1,424,0.0130125
222.694,1,423.5,0.0130886
223.56,1,423,0.013164
224.426,1,422.5,0.013242
225.292,1,422,0.0131029
226.158,1,421.5,0.0129318
227.024,1,421,0.0127808
227.89,1,420.5,0.0126669
228.756,1,420,0.0125966
229.622,1,419.5,0.0126641
230.488,1,419,0.0128119
231.355,1,418.5,0.0129226
232.221,1,418,0.0129661
233.087,1,417.5,0.012934
233.953,1,417,0.0128377
234.819,1,416.5,0.0126826
235.685,1,416,0.0125726
236.551,1,415.5,0.012512
237.417,1,415,0.0125759
238.283,1,414.5,0.0126768
239.149,1,414,0.0127822
240.015,1,413.5,0.0128874
240.881,1,413,0.01295
241.747,1,412.5,0.0129613
242.613,1,412,0.0129985
243.479,1,411.5,0.0130509
244.345,1,411,0.0132751
245.211,1,410.5,0.0134871
246.077,1,410,0.0136809
246.943,1,409.5,0.0138446
247.809,1,409,0.0139274
248.675,1,408.5,0.013841
249.541,1,408,0.0137295
250.407,1,407.5,0.0136327
251.273,1,407,0.0134664
252.139,1,406.5,0.0133103
253.005,1,406,0.013164
253.871,1,405.5,0.0129582
254.737,1,405,0.0127026
255.603,1,404.5,0.0123972
256.469,1,404,0.0122817
257.335,1,403.5,0.0121761
258.201,1,403,0.012067
259.067,1,402.5,0.0121573
259.933,1,402,0.0123402
260.799,1,401.5,0.0125647
261.665,1,401,0.01306
262.531,1,400.5,0.0137166
263.397,1,400,0.0142889
264.263,1,399.5,0.0147657
265.13,1,399,0.015135
265.996,1,398.5,0.0155152
266.862,1,398,0.0158757
267.728,1,397.5,0.016207
268.594,1,397,0.0165363
269.46,1,396.5,0.0168334
270.326,1,396,0.0170382
271.192,1,395.5,0.0172437
272.058,1,395,0.017431
272.924,1,394.5,0.0191785
273.79,1,394,0.0215344
274.656,1,393.5,0.0225203
275.522,1,393,0.0234788
276.388,1,392.5,0.0242448
277.254,1,392,0.0245374
278.12,1,391.5,0.0248839
278.986,1,391,0.0252822
279.852,1,390.5,0.0256908
280.718,1,390,0.026191
281.584,1,389.5,0.0267827
282.45,1,389,0.0271215
283.316,1,388.5,0.0273384
284.182,1,388,0.0254546
285.048,1,387.5,0.0247137
285.914,1,387,0.0238945
286.78,1,386.5,0.0238759
287.646,1,386,0.0240131
288.512,1,385.5,0.024155
289.378,1,385,0.0241518
290.244,1,384.5,0.0240412
291.11,1,384,0.02357
291.976,1,383.5,0.0225646
292.842,1,383,0.0214673
293.708,1,382.5,0.0202813
294.574,1,382,0.0194969
295.44,1,381.5,0.0189065
296.306,1,381,0.019482
297.172,1,380.5,0.0201231
298.038,1,380,0.0197546
298.905,1,379.5,0.0190308
299.771,1,379,0.0190463
300.637,1,378.5,0.019341
301.503,1,378,0.0196445
302.369,1,377.5,0.0189572
303.235,1,377,0.0181504
304.101,1,376.5,0.0174715
304.967,1,376,0.0173909
305.833,1,375.5,0.0173299
306.699,1,375,0.0177561
307.565,1,374.5,0.0186874
308.431,1,374,0.0196717
309.297,1,373.5,0.0204024
310.163,1,373,0.0209668
311.029,1,372.5,0.0214331
311.895,1,372,0.0219022
312.761,1,371.5,0.0221468
313.627,1,371,0.0222228
314.493,1,370.5,0.0217091
315.359,1,370,0.021168
316.225,1,369.5,0.0205645
317.091,1,369,0.0194788
317.957,1,368.5,0.0179447
318.823,1,368,0.0173145
319.689,1,367.5,0.0167577
320.555,1,367,0.0184738
321.421,1,366.5,0.0253764
322.287,1,366,0.0299801
323.153,1,365.5,0.0319795
324.019,1,365,0.0334799
324.885,1,364.5,0.035816
325.751,1,364,0.0379893
326.617,1,363.5,0.0399967
327.483,1,363,0.0426759
328.349,1,362.5,0.0450857
329.215,1,362,0.046279
330.081,1,361.5,0.0470552
330.947,1,361,0.0486744
331.813,1,360.5,0.0513216
332.679,1,360,0.0540249
333.546,1,359.5,0.0563647
334.412,1,359,0.0593412
335.278,1,358.5,0.0622775
336.144,1,358,0.0652682
337.01,1,357.5,0.0687197
337.876,1,357,0.0719909
338.742,1,356.5,0.0699719
339.608,1,356,0.0673703
340.474,1,355.5,0.0657915
341.34,1,355,0.0662971
342.206,1,354.5,0.0693393
343.072,1,354,0.0726395
343.938,1,353.5,0.0765867
344.804,1,353,0.0736725
345.67,1,352.5,0.070052
346.536,1,352,0.0653787
347.402,1,351.5,0.0604007
348.268,1,351,0.0551183
349.134,1,350.5,0.0467555
350,1,350,0.0534103
350.866,1,349.5,0.0471664
351.732,1,349,0.0478953
352.598,1,348.5,0.0473746
353.464,1,348,0.0470585
354.33,1,347.5,0.0526374
355.196,1,347,0.0556507
356.062,1,346.5,0.0600083
356.928,1,346,0.0628732
357.794,1,345.5,0.0660392
358.66,1,345,0.0692668
359.526,1,344.5,0.0723499
360.392,1,344,0.0743113
361.258,1,343.5,0.0770734
362.124,1,343,0.0802948
362.99,1,342.5,0.0806838
363.856,1,342,0.0811271
364.722,1,341.5,0.0822705
365.588,1,341,0.082428
366.454,1,340.5,0.0822611
367.321,1,340,0.0820608
368.187,1,339.5,0.0815403
369.053,1,339,0.0802696
369.919,1,338.5,0.0784318
370.785,1,338,0.0758858
371.651,1,337.5,0.0703178
372.517,1,337,0.0595912
373.383,1,336.5,0.0543052
374.249,1,336,0.0509735
375.115,1,335.5,0.048704
375.981,1,335,0.0459513
376.847,1,334.5,0.0441563
377.713,1,334,0.044333
378.579,1,333.5,0.0427913
379.445,1,333,0.0408732
380.311,1,332.5,0.0395271
381.177,1,332,0.0387402
382.043,1,331.5,0.0383295
382.909,1,331,0.0373053
383.775,1,330.5,0.0353349
384.641,1,330,0.0339079
385.507,1,329.5,0.0343326
386.373,1,329,0.0348686
387.239,1,328.5,0.0347085
388.105,1,328,0.0344332
388.971,1,327.5,0.0341503
389.837,1,327,0.0342137
390.703,1,326.5,0.0343584
391.569,1,326,0.0344829
392.435,1,325.5,0.0345448
393.301,1,325,0.0357391
394.167,1,324.5,0.0386121
395.033,1,324,0.0399567
395.899,1,323.5,0.0404038
396.765,1,323,0.0406802
397.631,1,322.5,0.0408599
398.497,1,322,0.0410931
399.363,1,321.5,0.0412816
400.229,1,321,0.0415007
401.095,1,320.5,0.0416498
401.962,1,320,0.0415904
402.828,1,319.5,0.0413856
403.694,1,319,0.0409821
404.56,1,318.5,0.0404546
405.426,1,318,0.0401598
406.292,1,317.5,0.0397945
407.158,1,317,0.0393857
408.024,1,316.5,0.0389062
408.89,1,316,0.0383913
409.756,1,315.5,0.0383739
410.622,1,315,0.0384864
411.488,1,314.5,0.0385797
412.354,1,314,0.0387507
413.22,1,313.5,0.0388712
414.086,1,313,0.0389892
414.952,1,312.5,0.0394611
415.818,1,312,0.0398682
416.684,1,311.5,0.0401668
417.55,1,311,0.0405411
418.416,1,310.5,0.0408778
419.282,1,310,0.0414194
420.148,1,309.5,0.0421467
421.014,1,309,0.0428848
421.88,1,308.5,0.0434246
422.746,1,308,0.0438658
423.612,1,307.5,0.0443801
424.478,1,307,0.0448324
425.344,1,306.5,0.0451608
426.21,1,306,0.0453024
427.076,1,305.5,0.0454846
427.942,1,305,0.0457014
428.808,1,304.5,0.0455967
429.674,1,304,0.045532
430.54,1,303.5,0.0454931
431.406,1,303,0.0453488
432.272,1,302.5,0.0451604
433.138,1,302,0.0448458
434.004,1,301.5,0.0442026
434.87,1,301,0.0434611
435.737,1,300.5,0.0426308
436.603,1,300,0.0417998
437.469,1,299.5,0.0410274
438.335,1,299,0.0406013
439.201,1,298.5,0.0405334
440.067,1,298,0.0406977
440.933,1,297.5,0.0406414
441.799,1,297,0.040522
442.665,1,296.5,0.0411362
443.531,1,296,0.0419894
444.397,1,295.5,0.0423674
445.263,1,295,0.0424343
446.129,1,294.5,0.0425554
446.995,1,294,0.0427351
447.861,1,293.5,0.042639
448.727,1,293,0.042504
449.593,1,292.5,0.0424083
450.459,1,292,0.0422595
451.325,1,291.5,0.0420598
452.191,1,291,0.0417146
453.057,1,290.5,0.0413094
453.923,1,290,0.0410718
454.789,1,289.5,0.0409692
455.655,1,289,0.0410052
456.521,1,288.5,0.041131
457.387,1,288,0.0411065
458.253,1,287.5,0.0410166
459.119,1,287,0.0407439
459.985,1,286.5,0.0404761
460.851,1,286,0.0402003
461.717,1,285.5,0.0399058
462.583,1,285,0.0396445
463.449,1,284.5,0.0393264
464.315,1,284,0.0386552
465.181,1,283.5,0.0378696
466.047,1,283,0.0369806
466.913,1,282.5,0.0360971
467.779,1,282,0.035258
468.645,1,281.5,0.0344897
469.512,1,281,0.0340013
470.378,1,280.5,0.0336311
471.244,1,280,0.0332796
472.11,1,279.5,0.0329898
472.976,1,279,0.0326845
473.842,1,278.5,0.032254
474.708,1,278,0.0318314
475.574,1,277.5,0.0316095
476.44,1,277,0.0313395
477.306,1,276.5,0.031064
478.172,1,276,0.0310862
479.038,1,275.5,0.0310544
479.904,1,275,0.0310305
480.77,1,274.5,0.0331747
481.636,1,274,0.0384497
482.502,1,273.5,0.0381587
483.368,1,273,0.0334854
484.234,1,272.5,0.0324581
485.1,1,272,0.0318061
485.966,1,271.5,0.0317184
486.832,1,271,0.0313988
487.698,1,270.5,0.0308296
488.564,1,270,0.0301077
489.43,1,269.5,0.0293752
490.296,1,269,0.0290576
491.162,1,268.5,0.0288716
492.028,1,268,0.0286214
492.894,1,267.5,0.028197
493.76,1,267,0.0276876
494.626,1,266.5,0.0274979
495.492,1,266,0.0276364
496.358,1,265.5,0.0275705
497.224,1,265,0.0275529
498.09,1,264.5,0.0273018
498.956,1,264,0.0268173
499.822,1,263.5,0.026956
500.688,1,263,0.0270547
501.554,1,262.5,0.026893
502.42,1,262,0.026482
503.286,1,261.5,0.0259479
504.153,1,261,0.0255447
505.019,1,260.5,0.0258197
505.885,1,260,0.026061
506.751,1,259.5,0.026191
507.617,1,259,0.0263145
508.483,1,258.5,0.0264915
509.349,1,258,0.0270417
510.215,1,257.5,0.0277286
511.081,1,257,0.0285204
511.947,1,256.5,0.0292194
512.813,1,256,0.0298738
513.679,1,255.5,0.0310932
514.545,1,255,0.0330136
515.411,1,254.5,0.0349064
516.277,1,254,0.0370699
517.143,1,253.5,0.0390402
518.009,1,253,0.0408086
518.875,1,252.5,0.041723
519.741,1,252,0.0423567
520.607,1,251.5,0.0413495
521.473,1,251,0.0420332
522.339,1,250.5,0.0425932
523.205,1,250,0.0429413
524.071,1,249.5,0.0432731
524.937,1,249,0.0435886
525.803,1,248.5,0.0427953
526.669,1,248,0.0425009
527.535,1,247.5,0.0420428
528.401,1,247,0.0416841
529.267,1,246.5,0.0416044
530.133,1,246,0.0422213
530.999,1,245.5,0.0420205
531.865,1,245,0.0419193
532.731,1,244.5,0.0419178
533.597,1,244,0.0417965
534.463,1,243.5,0.041442
535.329,1,243,0.0410644
536.195,1,242.5,0.0407438
537.061,1,242,0.0405007
537.928,1,241.5,0.0403353
538.794,1,241,0.040243
539.66,1,240.5,0.0401723
540.526,1,240,0.040129
541.392,1,239.5,0.0401132
542.258,1,239,0.0401248
543.124,1,238.5,0.0401639
543.99,1,238,0.0402304
544.856,1,237.5,0.04011
545.722,1,237,0.0399919
546.588,1,236.5,0.039911
547.454,1,236,0.0398675
548.32,1,235.5,0.0398612
549.186,1,235,0.0398922
550.052,1,234.5,0.0396707
550.918,1,234,0.0390813
551.784,1,233.5,0.0383599
552.65,1,233,0.0375065
553.516,1,232.5,0.036521
554.382,1,232,0.0348968
555.248,1,231.5,0.0334995
556.114,1,231,0.0328361
556.98,1,230.5,0.032194
557.846,1,230,0.0269967
558.712,1,229.5,0.0247059
559.578,1,229,0.0231645
560.444,1,228.5,0.0222559
561.31,1,228,0.021984
562.176,1,227.5,0.0218488
563.042,1,227,0.0215804
563.908,1,226.5,0.0213399
564.774,1,226,0.0211189
565.64,1,225.5,0.0209323
566.506,1,225,0.0209164
567.372,1,224.5,0.0209607
568.238,1,224,0.0213503
569.104,1,223.5,0.0218983
569.97,1,223,0.0226019
570.836,1,222.5,0.0238541
571.703,1,222,0.0251946
572.569,1,221.5,0.0265053
573.435,1,221,0.0271197
574.301,1,220.5,0.0273871
575.167,1,220,0.027591
576.033,1,219.5,0.0272873
576.899,1,219,0.0266893
577.765,1,218.5,0.0261598
578.631,1,218,0.0257331
579.497,1,217.5,0.0253052
580.363,1,217,0.0248944
581.229,1,216.5,0.0247538
582.095,1,216,0.0251103
582.961,1,215.5,0.0254345
583.827,1,215,0.0257328
584.693,1,214.5,0.0260637
585.559,1,214,0.0262501
586.425,1,213.5,0.0264435
587.291,1,213,0.0267215
588.157,1,212.5,0.0269907
589.023,1,212,0.0272396
589.889,1,211.5,0.0273995
590.755,1,211,0.0275895
591.621,1,210.5,0.0278154
592.487,1,210,0.028197
593.353,1,209.5,0.0287364
594.219,1,209,0.0293558
595.085,1,208.5,0.0299693
595.951,1,208,0.0304823
596.817,1,207.5,0.0309842
597.683,1,207,0.0313218
598.549,1,206.5,0.0311844
599.415,1,206,0.0309346
600.281,1,205.5,0.0305907
601.147,1,205,0.029757
602.013,1,204.5,0.0287604
602.879,1,204,0.0276007
603.745,1,203.5,0.0266373
604.611,1,203,0.0259267
605.477,1,202.5,0.0254271
606.344,1,202,0.0254172
607.21,1,201.5,0.0255314
608.076,1,201,0.0256734
608.942,1,200.5,0.0259851
609.808,1,200,0.0264013
