x,y,z,b
90.1924,1,500,0.0141048
91.0584,1,499.5,0.0140427
91.9244,1,499,0.0139731
92.7905,1,498.5,0.0138779
93.6565,1,498,0.0137857
94.5225,1,497.5,0.0136955
95.3885,1,497,0.013604
96.2546,1,496.5,0.0135135
97.1206,1,496,0.0134394
97.9866,1,495.5,0.0133833
98.8526,1,495,0.013335
99.7187,1,494.5,0.0132945
100.585,1,494,0.0132769
101.451,1,493.5,0.0132579
102.317,1,493,0.0131557
103.183,1,492.5,0.0130496
104.049,1,492,0.0129262
104.915,1,491.5,0.0127819
105.781,1,491,0.0126666
106.647,1,490.5,0.0126914
107.513,1,490,0.0127684
108.379,1,489.5,0.0128466
109.245,1,489,0.0129241
110.111,1,488.5,0.0129852
110.977,1,488,0.0130171
111.843,1,487.5,0.01299
112.709,1,487,0.012984
113.575,1,486.5,0.0130005
114.441,1,486,0.0130559
115.307,1,485.5,0.0131448
116.173,1,485,0.0132096
117.039,1,484.5,0.013232
117.905,1,484,0.0132129
118.771,1,483.5,0.0131518
119.637,1,483,0.0130585
120.503,1,482.5,0.0130022
121.369,1,482,0.0131446
122.235,1,481.5,0.0133017
123.101,1,481,0.0134581
123.967,1,480.5,0.0136139
124.833,1,480,0.0137646
125.699,1,479.5,0.0137412
126.565,1,479,0.0136761
127.431,1,478.5,0.0136207
128.297,1,478,0.0135787
129.164,1,477.5,0.0135538
130.03,1,477,0.0135698
130.896,1,476.5,0.0136374
131.762,1,476,0.0136885
132.628,1,475.5,0.0137229
133.494,1,475,0.0137366
134.36,1,474.5,0.0137318
135.226,1,474,0.0137052
136.092,1,473.5,0.013694
136.958,1,473,0.0137066
137.824,1,472.5,0.0137436
138.69,1,472,0.0138052
139.556,1,471.5,0.0138606
140.422,1,471,0.0138605
141.288,1,470.5,0.013847
142.154,1,470,0.0138215
143.02,1,469.5,0.0137846
143.886,1,469,0.0137381
144.752,1,468.5,0.0137984
145.618,1,468,0.0138849
146.484,1,467.5,0.0139858
147.35,1,467,0.0141062
148.216,1,466.5,0.014245
149.082,1,466,0.0143135
149.948,1,465.5,0.0142387
150.814,1,465,0.0141522
151.68,1,464.5,0.0140538
152.546,1,464,0.0139295
153.412,1,463.5,0.013801
154.278,1,463,0.0138387
155.144,1,462.5,0.0138733
156.01,1,462,0.0139081
156.876,1,461.5,0.0139477
157.742,1,461,0.0139818
158.608,1,460.5,0.0139347
159.474,1,460,0.0138001
160.34,1,459.5,0.0136565
161.206,1,459,0.0135044
162.072,1,458.5,0.0133545
162.939,1,458,0.0132046
163.805,1,457.5,0.0132076
164.671,1,457,0.013211
165.537,1,456.5,0.0132133
166.403,1,456,0.0132056
167.269,1,455.5,0.0131999
168.135,1,455,0.0130996
169.001,1,454.5,0.0129484
169.867,1,454,0.0128302
170.733,1,453.5,0.0127448
171.599,1,453,0.0127125
172.465,1,452.5,0.0127227
173.331,1,452,0.0127183
174.197,1,451.5,0.0127097
175.063,1,451,0.0126816
175.929,1,450.5,0.0126157
176.795,1,450,0.0125235
177.661,1,449.5,0.0125834
178.527,1,449,0.0127839
179.393,1,448.5,0.0130307
180.259,1,448,0.0133198
181.125,1,447.5,0.0136341
181.991,1,447,0.0139265
182.857,1,446.5,0.0139531
183.723,1,446,0.0139937
184.589,1,445.5,0.0140483
185.455,1,445,0.0141236
186.321,1,444.5,0.0142153
187.187,1,444,0.0144157
188.053,1,443.5,0.0146557
188.919,1,443,0.0148924
189.785,1,442.5,0.0151266
190.651,1,442,0.0153265
191.517,1,441.5,0.0154868
192.383,1,441,0.0155784
193.249,1,440.5,0.0156366
194.115,1,440,0.0156801
194.981,1,439.5,0.0157414
195.847,1,439,0.0158146
196.714,1,438.5,0.0158185
197.58,1,438,0.0157762
198.446,1,437.5,0.0157105
199.312,1,437,0.0156168
200.178,1,436.5,0.0154949
201.044,1,436,0.0153863
201.91,1,435.5,0.0154089
202.776,1,435,0.0154623
203.642,1,434.5,0.0155463
204.508,1,434,0.0156657
205.374,1,433.5,0.0158128
206.24,1,433,0.015838
207.106,1,432.5,0.0158074
207.972,1,432,0.015778
208.838,1,431.5,0.0157577
209.704,1,431,0.0157302
210.57,1,430.5,0.0157405
211.436,1,430,0.0158219
212.302,1,429.5,0.0158802
213.168,1,429,0.0159163
214.034,1,428.5,0.0159402
214.9,1,428,0.0159489
215.766,1,427.5,0.0159107
216.632,1,427,0.0158807
217.498,1,426.5,0.0158671
218.364,1,426,0.0158805
219.23,1,425.5,0.0159075
220.096,1,425,0.015943
220.962,1,424.5,0.0159717
221.828,1,424,0.0159714
222.694,1,423.5,0.0159418
223.56,1,423,0.0158804
224.426,1,422.5,0.0157939
225.292,1,422,0.0157835
226.158,1,421.5,0.0157791
227.024,1,421,0.0157722
227.89,1,420.5,0.0157628
228.756,1,420,0.015753
229.622,1,419.5,0.0156468
230.488,1,419,0.0154301
231.355,1,418.5,0.0152266
232.221,1,418,0.0150414
233.087,1,417.5,0.0148726
233.953,1,417,0.0147226
234.819,1,416.5,0.0148228
235.685,1,416,0.0149095
236.551,1,415.5,0.014978
237.417,1,415,0.0149928
238.283,1,414.5,0.0149756
239.149,1,414,0.0149296
240.015,1,413.5,0.0148626
240.881,1,413,0.0148235
241.747,1,412.5,0.0148182
242.613,1,412,0.0148384
243.479,1,411.5,0.0148546
244.345,1,411,0.0147504
245.211,1,410.5,0.0146506
246.077,1,410,0.0145559
246.943,1,409.5,0.0144548
247.809,1,409,0.0143665
248.675,1,408.5,0.0143676
249.541,1,408,0.014413
250.407,1,407.5,0.0144594
251.273,1,407,0.0145181
252.139,1,406.5,0.0145773
253.005,1,406,0.0146226
253.871,1,405.5,0.014549
254.737,1,405,0.0144642
255.603,1,404.5,0.0143683
256.469,1,404,0.0142393
257.335,1,403.5,0.0140944
258.201,1,403,0.0140797
259.067,1,402.5,0.0141039
259.933,1,402,0.0141327
260.799,1,401.5,0.0141817
261.665,1,401,0.0141777
262.531,1,400.5,0.0140673
263.397,1,400,0.0135423
264.263,1,399.5,0.0129889
265.13,1,399,0.0124994
265.996,1,398.5,0.012127
266.862,1,398,0.0118887
267.728,1,397.5,0.0118909
268.594,1,397,0.011853
269.46,1,396.5,0.0117244
270.326,1,396,0.0115894
271.192,1,395.5,0.011388
272.058,1,395,0.011198
272.924,1,394.5,0.0113668
273.79,1,394,0.0115466
274.656,1,393.5,0.0117356
275.522,1,393,0.0119353
276.388,1,392.5,0.0121229
277.254,1,392,0.0121479
278.12,1,391.5,0.0121225
278.986,1,391,0.0120918
279.852,1,390.5,0.0120444
280.718,1,390,0.0119993
281.584,1,389.5,0.0119966
282.45,1,389,0.0120978
283.316,1,388.5,0.0122366
284.182,1,388,0.0124338
285.048,1,387.5,0.0126009
285.914,1,387,0.0127733
286.78,1,386.5,0.0129945
287.646,1,386,0.0131915
288.512,1,385.5,0.0133837
289.378,1,385,0.0137186
290.244,1,384.5,0.0140097
291.11,1,384,0.0143632
291.976,1,383.5,0.0150015
292.842,1,383,0.0156313
293.708,1,382.5,0.0162373
294.574,1,382,0.0169328
295.44,1,381.5,0.0176407
296.306,1,381,0.0182995
297.172,1,380.5,0.0190009
298.038,1,380,0.0195547
298.905,1,379.5,0.0191941
299.771,1,379,0.0192536
300.637,1,378.5,0.0194564
301.503,1,378,0.0196171
302.369,1,377.5,0.0199283
303.235,1,377,0.0202131
304.101,1,376.5,0.0205189
304.967,1,376,0.0206121
305.833,1,375.5,0.0206146
306.699,1,375,0.0209313
307.565,1,374.5,0.0215109
308.431,1,374,0.0219813
309.297,1,373.5,0.0222343
310.163,1,373,0.0227009
311.029,1,372.5,0.0238612
311.895,1,372,0.0272063
312.761,1,371.5,0.0299599
313.627,1,371,0.0317766
314.493,1,370.5,0.0334576
315.359,1,370,0.0332496
316.225,1,369.5,0.0331655
317.091,1,369,0.0338117
317.957,1,368.5,0.0334425
318.823,1,368,0.033554
319.689,1,367.5,0.033373
320.555,1,367,0.0334158
321.421,1,366.5,0.0336353
322.287,1,366,0.0345381
323.153,1,365.5,0.0358827
324.019,1,365,0.0376031
324.885,1,364.5,0.0378408
325.751,1,364,0.0380729
326.617,1,363.5,0.0383036
327.483,1,363,0.0385178
328.349,1,362.5,0.039066
329.215,1,362,0.0396635
330.081,1,361.5,0.039661
330.947,1,361,0.0396913
331.813,1,360.5,0.0403612
332.679,1,360,0.040747
333.546,1,359.5,0.0412871
334.412,1,359,0.0405767
335.278,1,358.5,0.0403541
336.144,1,358,0.0401608
337.01,1,357.5,0.0401047
337.876,1,357,0.0401894
338.742,1,356.5,0.0399281
339.608,1,356,0.0394089
340.474,1,355.5,0.0388075
341.34,1,355,0.0374461
342.206,1,354.5,0.0357146
343.072,1,354,0.0337805
343.938,1,353.5,0.0330729
344.804,1,353,0.0323961
345.67,1,352.5,0.0316635
346.536,1,352,0.0315816
347.402,1,351.5,0.031626
348.268,1,351,0.0310623
349.134,1,350.5,0.0309907
350,1,350,0.0330375
350.866,1,349.5,0.0305732
351.732,1,349,0.0293341
352.598,1,348.5,0.0283414
353.464,1,348,0.0283394
354.33,1,347.5,0.028466
355.196,1,347,0.0287797
356.062,1,346.5,0.0285238
356.928,1,346,0.0278708
357.794,1,345.5,0.0292418
358.66,1,345,0.0303024
359.526,1,344.5,0.0307568
360.392,1,344,0.0322179
361.258,1,343.5,0.0331848
362.124,1,343,0.0336983
362.99,1,342.5,0.0343849
363.856,1,342,0.0347562
364.722,1,341.5,0.0326153
365.588,1,341,0.0315642
366.454,1,340.5,0.0320427
367.321,1,340,0.0330018
368.187,1,339.5,0.0344846
369.053,1,339,0.0358889
369.919,1,338.5,0.0365685
370.785,1,338,0.036297
371.651,1,337.5,0.0384364
372.517,1,337,0.0429695
373.383,1,336.5,0.0443492
374.249,1,336,0.0442939
375.115,1,335.5,0.0467781
375.981,1,335,0.048698
376.847,1,334.5,0.0497867
377.713,1,334,0.0509745
378.579,1,333.5,0.0518932
379.445,1,333,0.0517527
380.311,1,332.5,0.0513178
381.177,1,332,0.0509072
382.043,1,331.5,0.0506709
382.909,1,331,0.0528069
383.775,1,330.5,0.052767
384.641,1,330,0.0529028
385.507,1,329.5,0.0532738
386.373,1,329,0.0532933
387.239,1,328.5,0.0536111
388.105,1,328,0.053827
388.971,1,327.5,0.054292
389.837,1,327,0.0550835
390.703,1,326.5,0.0558278
391.569,1,326,0.0566096
392.435,1,325.5,0.0577313
393.301,1,325,0.0593381
394.167,1,324.5,0.0609347
395.033,1,324,0.0620822
395.899,1,323.5,0.0630538
396.765,1,323,0.0635782
397.631,1,322.5,0.0640209
398.497,1,322,0.0639234
399.363,1,321.5,0.0637525
400.229,1,321,0.0633947
401.095,1,320.5,0.0629955
401.962,1,320,0.0627272
402.828,1,319.5,0.0625578
403.694,1,319,0.0624291
404.56,1,318.5,0.0622648
405.426,1,318,0.0620437
406.292,1,317.5,0.061842
407.158,1,317,0.061604
408.024,1,316.5,0.0614802
408.89,1,316,0.06147
409.756,1,315.5,0.0614998
410.622,1,315,0.0616004
411.488,1,314.5,0.0618104
412.354,1,314,0.0621377
413.22,1,313.5,0.0625274
414.086,1,313,0.0629684
414.952,1,312.5,0.0633633
415.818,1,312,0.0638314
416.684,1,311.5,0.0643891
417.55,1,311,0.0648808
418.416,1,310.5,0.0653677
419.282,1,310,0.0661106
420.148,1,309.5,0.0670928
421.014,1,309,0.0682845
421.88,1,308.5,0.0696418
422.746,1,308,0.0715482
423.612,1,307.5,0.0745057
424.478,1,307,0.0776204
425.344,1,306.5,0.0806575
426.21,1,306,0.0838033
427.076,1,305.5,0.0864938
427.942,1,305,0.0887296
428.808,1,304.5,0.0904315
429.674,1,304,0.0919771
430.54,1,303.5,0.0934615
431.406,1,303,0.094176
432.272,1,302.5,0.095032
433.138,1,302,0.0960007
434.004,1,301.5,0.0962059
434.87,1,301,0.0965766
435.737,1,300.5,0.0974558
436.603,1,300,0.0984529
437.469,1,299.5,0.0992103
438.335,1,299,0.0996439
439.201,1,298.5,0.100239
440.067,1,298,0.100067
440.933,1,297.5,0.09913
441.799,1,297,0.0978473
442.665,1,296.5,0.0945365
443.531,1,296,0.0860345
444.397,1,295.5,0.0825672
445.263,1,295,0.078406
446.129,1,294.5,0.0769035
446.995,1,294,0.0766677
447.861,1,293.5,0.0757737
448.727,1,293,0.0809816
449.593,1,292.5,0.0777302
450.459,1,292,0.0739573
451.325,1,291.5,0.0732737
452.191,1,291,0.0729811
453.057,1,290.5,0.0723159
453.923,1,290,0.0742125
454.789,1,289.5,0.0761471
455.655,1,289,0.0767316
456.521,1,288.5,0.0788925
457.387,1,288,0.0823576
458.253,1,287.5,0.0855027
459.119,1,287,0.0883111
459.985,1,286.5,0.0942539
460.851,1,286,0.0976855
461.717,1,285.5,0.100491
462.583,1,285,0.102256
463.449,1,284.5,0.102907
464.315,1,284,0.103723
465.181,1,283.5,0.104139
466.047,1,283,0.10415
466.913,1,282.5,0.10406
467.779,1,282,0.103568
468.645,1,281.5,0.103441
469.512,1,281,0.103791
470.378,1,280.5,0.104918
471.244,1,280,0.106111
472.11,1,279.5,0.10649
472.976,1,279,0.102232
473.842,1,278.5,0.0932706
474.708,1,278,0.0832339
475.574,1,277.5,0.0814387
476.44,1,277,0.0836084
477.306,1,276.5,0.0847297
478.172,1,276,0.0853686
479.038,1,275.5,0.0853571
479.904,1,275,0.0825551
480.77,1,274.5,0.0776792
481.636,1,274,0.0678103
482.502,1,273.5,0.0578778
483.368,1,273,0.0512875
484.234,1,272.5,0.0464108
485.1,1,272,0.0416545
485.966,1,271.5,0.0384712
486.832,1,271,0.0372903
487.698,1,270.5,0.0370525
488.564,1,270,0.0385354
489.43,1,269.5,0.0411559
490.296,1,269,0.0430529
491.162,1,268.5,0.042934
492.028,1,268,0.0414057
492.894,1,267.5,0.0385135
493.76,1,267,0.0350854
494.626,1,266.5,0.0333917
495.492,1,266,0.0331906
496.358,1,265.5,0.0335478
497.224,1,265,0.0338701
498.09,1,264.5,0.0339373
498.956,1,264,0.0341912
499.822,1,263.5,0.0345258
500.688,1,263,0.0346076
501.554,1,262.5,0.0340744
502.42,1,262,0.0329057
503.286,1,261.5,0.0324001
504.153,1,261,0.032335
505.019,1,260.5,0.0326533
505.885,1,260,0.032703
506.751,1,259.5,0.0326331
507.617,1,259,0.032634
508.483,1,258.5,0.0328682
509.349,1,258,0.033084
510.215,1,257.5,0.0332687
511.081,1,257,0.0337936
511.947,1,256.5,0.0333127
512.813,1,256,0.0326668
513.679,1,255.5,0.0328357
514.545,1,255,0.0338426
515.411,1,254.5,0.0340979
516.277,1,254,0.0318991
517.143,1,253.5,0.0312305
518.009,1,253,0.0325619
518.875,1,252.5,0.0336084
519.741,1,252,0.0353104
520.607,1,251.5,0.0366661
521.473,1,251,0.0369084
522.339,1,250.5,0.0366896
523.205,1,250,0.0360575
524.071,1,249.5,0.0360048
524.937,1,249,0.0365279
525.803,1,248.5,0.037142
526.669,1,248,0.0378934
527.535,1,247.5,0.0388344
528.401,1,247,0.0395396
529.267,1,246.5,0.0401307
530.133,1,246,0.0401579
530.999,1,245.5,0.0401451
531.865,1,245,0.0400751
532.731,1,244.5,0.0394924
533.597,1,244,0.0389986
534.463,1,243.5,0.0385643
535.329,1,243,0.0385357
536.195,1,242.5,0.0380481
537.061,1,242,0.0378699
537.928,1,241.5,0.0377655
538.794,1,241,0.0376321
539.66,1,240.5,0.0369208
540.526,1,240,0.0362434
541.392,1,239.5,0.0355998
542.258,1,239,0.0349902
543.124,1,238.5,0.0344144
543.99,1,238,0.0338724
544.856,1,237.5,0.033129
545.722,1,237,0.0324046
546.588,1,236.5,0.0317868
547.454,1,236,0.0312759
548.32,1,235.5,0.0308716
549.186,1,235,0.029563
550.052,1,234.5,0.0292387
550.918,1,234,0.0291286
551.784,1,233.5,0.0293206
552.65,1,233,0.0299469
553.516,1,232.5,0.0306612
554.382,1,232,0.0312619
555.248,1,231.5,0.0318512
556.114,1,231,0.032426
556.98,1,230.5,0.032539
557.846,1,230,0.0326184
558.712,1,229.5,0.0326899
559.578,1,229,0.0327165
560.444,1,228.5,0.0326424
561.31,1,228,0.0325858
562.176,1,227.5,0.0326751
563.042,1,227,0.0329515
563.908,1,226.5,0.0331429
564.774,1,226,0.0332731
565.64,1,225.5,0.0333306
566.506,1,225,0.0324244
567.372,1,224.5,0.0313459
568.238,1,224,0.0312462
569.104,1,223.5,0.0315843
569.97,1,223,0.0323496
570.836,1,222.5,0.0323187
571.703,1,222,0.0318531
572.569,1,221.5,0.0311008
573.435,1,221,0.0302711
574.301,1,220.5,0.0295542
575.167,1,220,0.0289482
576.033,1,219.5,0.0283658
576.899,1,219,0.0275912
577.765,1,218.5,0.0248863
578.631,1,218,0.0226717
579.497,1,217.5,0.0245569
580.363,1,217,0.0260066
581.229,1,216.5,0.0258614
582.095,1,216,0.0242034
582.961,1,215.5,0.0221499
583.827,1,215,0.0211681
584.693,1,214.5,0.0213772
585.559,1,214,0.023465
586.425,1,213.5,0.0238457
587.291,1,213,0.0236637
588.157,1,212.5,0.0233194
589.023,1,212,0.0228703
589.889,1,211.5,0.0227983
590.755,1,211,0.0228884
591.621,1,210.5,0.0229949
592.487,1,210,0.0231302
593.353,1,209.5,0.0232469
594.219,1,209,0.0233625
595.085,1,208.5,0.0235284
595.951,1,208,0.023682
596.817,1,207.5,0.0238002
597.683,1,207,0.0238831
598.549,1,206.5,0.0239259
599.415,1,206,0.0240809
600.281,1,205.5,0.0242031
601.147,1,205,0.0243292
602.013,1,204.5,0.0243118
602.879,1,204,0.024151
603.745,1,203.5,0.02363
604.611,1,203,0.0228002
605.477,1,202.5,0.0218014
606.344,1,202,0.0211056
607.21,1,201.5,0.0204274
608.076,1,201,0.019644
608.942,1,200.5,0.0196972
609.808,1,200,0.0198867
