x,y,z,b
90.1924,1,500,0.0145582
91.0584,1,499.5,0.0145352
91.9244,1,499,0.0145076
92.7905,1,498.5,0.0145159
93.6565,1,498,0.0145227
94.5225,1,497.5,0.0145277
95.3885,1,497,0.0145302
96.2546,1,496.5,0.014533
97.1206,1,496,0.0145095
97.9866,1,495.5,0.0144606
98.8526,1,495,0.0144118
99.7187,1,494.5,0.0143632
100.585,1,494,0.0143085
101.451,1,493.5,0.0142634
102.317,1,493,0.0142752
103.183,1,492.5,0.0142805
104.049,1,492,0.0142768
104.915,1,491.5,0.014265
105.781,1,491,0.0142417
106.647,1,490.5,0.0141919
107.513,1,490,0.0141391
108.379,1,489.5,0.0141055
109.245,1,489,0.0141063
110.111,1,488.5,0.0141342
110.977,1,488,0.0141755
111.843,1,487.5,0.0141338
112.709,1,487,0.0140586
113.575,1,486.5,0.013954
114.441,1,486,0.0138576
115.307,1,485.5,0.0137442
116.173,1,485,0.0137801
117.039,1,484.5,0.0139075
117.905,1,484,0.0140324
118.771,1,483.5,0.0141538
119.637,1,483,0.0142696
120.503,1,482.5,0.0143329
121.369,1,482,0.0142569
122.235,1,481.5,0.0141902
123.101,1,481,0.0141405
123.967,1,480.5,0.0141094
124.833,1,480,0.014099
125.699,1,479.5,0.0141772
126.565,1,479,0.0142622
127.431,1,478.5,0.0143228
128.297,1,478,0.0143581
129.164,1,477.5,0.0143846
130.03,1,477,0.0143978
130.896,1,476.5,0.0144003
131.762,1,476,0.0144125
132.628,1,475.5,0.0144346
133.494,1,475,0.0144569
134.36,1,474.5,0.0144876
135.226,1,474,0.0144765
136.092,1,473.5,0.014441
136.958,1,473,0.0143996
137.824,1,472.5,0.0143538
138.69,1,472,0.014302
139.556,1,471.5,0.0142732
140.422,1,471,0.014293
141.288,1,470.5,0.0143177
142.154,1,470,0.0143453
143.02,1,469.5,0.0143757
143.886,1,469,0.014407
144.752,1,468.5,0.0143534
145.618,1,468,0.0142896
146.484,1,467.5,0.0142262
147.35,1,467,0.0141652
148.216,1,466.5,0.0141052
149.082,1,466,0.0140679
149.948,1,465.5,0.0140628
150.814,1,465,0.0140559
151.68,1,464.5,0.0140472
152.546,1,464,0.0140383
153.412,1,463.5,0.0140265
154.278,1,463,0.0139495
155.144,1,462.5,0.0138711
156.01,1,462,0.0137955
156.876,1,461.5,0.0137228
157.742,1,461,0.0136562
158.608,1,460.5,0.0136298
159.474,1,460,0.0136345
160.34,1,459.5,0.0136332
161.206,1,459,0.0136262
162.072,1,458.5,0.0136104
162.939,1,458,0.0135856
163.805,1,457.5,0.0135522
164.671,1,457,0.0135297
165.537,1,456.5,0.0135191
166.403,1,456,0.0135281
167.269,1,455.5,0.0135519
168.135,1,455,0.0135488
169.001,1,454.5,0.0135108
169.867,1,454,0.0134676
170.733,1,453.5,0.0134191
171.599,1,453,0.0133647
172.465,1,452.5,0.013313
173.331,1,452,0.0133676
174.197,1,451.5,0.0134344
175.063,1,451,0.0135054
175.929,1,450.5,0.0135767
176.795,1,450,0.0136451
177.661,1,449.5,0.0136486
178.527,1,449,0.013621
179.393,1,448.5,0.0136006
180.259,1,448,0.013588
181.125,1,447.5,0.0135872
181.991,1,447,0.0135977
182.857,1,446.5,0.0136066
183.723,1,446,0.0136109
184.589,1,445.5,0.0136106
185.455,1,445,0.0136104
186.321,1,444.5,0.013608
187.187,1,444,0.0136226
188.053,1,443.5,0.0136479
188.919,1,443,0.0136757
189.785,1,442.5,0.0137061
190.651,1,442,0.0137429
191.517,1,441.5,0.013777
192.383,1,441,0.0137858
193.249,1,440.5,0.0138075
194.115,1,440,0.0138432
194.981,1,439.5,0.0138859
195.847,1,439,0.0139436
196.714,1,438.5,0.0140337
197.58,1,438,0.0141309
198.446,1,437.5,0.0142347
199.312,1,437,0.0143552
200.178,1,436.5,0.0144793
201.044,1,436,0.0146083
201.91,1,435.5,0.0147553
202.776,1,435,0.0149024
203.642,1,434.5,0.0150496
204.508,1,434,0.0152135
205.374,1,433.5,0.0153776
206.24,1,433,0.0155215
207.106,1,432.5,0.0156538
207.972,1,432,0.0157771
208.838,1,431.5,0.0158896
209.704,1,431,0.015977
210.57,1,430.5,0.0160335
211.436,1,430,0.0160511
212.302,1,429.5,0.0160207
213.168,1,429,0.0159468
214.034,1,428.5,0.0158672
214.9,1,428,0.0157794
215.766,1,427.5,0.0156654
216.632,1,427,0.0155522
217.498,1,426.5,0.0154441
218.364,1,426,0.0153513
219.23,1,425.5,0.0152692
220.096,1,425,0.0152639
220.962,1,424.5,0.0154021
221.828,1,424,0.0155558
222.694,1,423.5,0.0157245
223.56,1,423,0.0159153
224.426,1,422.5,0.016113
225.292,1,422,0.0162621
226.158,1,421.5,0.0163796
227.024,1,421,0.0164756
227.89,1,420.5,0.0165588
228.756,1,420,0.016615
229.622,1,419.5,0.0166688
230.488,1,419,0.0167413
231.355,1,418.5,0.0168081
232.221,1,418,0.0168664
233.087,1,417.5,0.0169212
233.953,1,417,0.0169699
234.819,1,416.5,0.0168942
235.685,1,416,0.0168145
236.551,1,415.5,0.0167315
237.417,1,415,0.0166196
238.283,1,414.5,0.0165036
239.149,1,414,0.0164274
240.015,1,413.5,0.0163487
240.881,1,413,0.0162425
241.747,1,412.5,0.0161129
242.613,1,412,0.0159673
243.479,1,411.5,0.0158019
244.345,1,411,0.0157075
245.211,1,410.5,0.015706
246.077,1,410,0.0157653
246.943,1,409.5,0.0158477
247.809,1,409,0.0159672
248.675,1,408.5,0.015996
249.541,1,408,0.0159174
250.407,1,407.5,0.0158185
251.273,1,407,0.0157104
252.139,1,406.5,0.0156084
253.005,1,406,0.0155349
253.871,1,405.5,0.0156377
254.737,1,405,0.0157205
255.603,1,404.5,0.0157831
256.469,1,404,0.015791
257.335,1,403.5,0.0157849
258.201,1,403,0.0157303
259.067,1,402.5,0.0156277
259.933,1,402,0.015521
260.799,1,401.5,0.0154186
261.665,1,401,0.0153083
262.531,1,400.5,0.0151983
263.397,1,400,0.0151105
264.263,1,399.5,0.0150167
265.13,1,399,0.0149116
265.996,1,398.5,0.0147952
266.862,1,398,0.0146707
267.728,1,397.5,0.014559
268.594,1,397,0.0144524
269.46,1,396.5,0.0143496
270.326,1,396,0.0142747
271.192,1,395.5,0.0142022
272.058,1,395,0.0141258
272.924,1,394.5,0.0140494
273.79,1,394,0.0139762
274.656,1,393.5,0.0139061
275.522,1,393,0.0138247
276.388,1,392.5,0.0137455
277.254,1,392,0.0136869
278.12,1,391.5,0.0136062
278.986,1,391,0.0135191
279.852,1,390.5,0.0134407
280.718,1,390,0.0133085
281.584,1,389.5,0.0131223
282.45,1,389,0.012945
283.316,1,388.5,0.0127364
284.182,1,388,0.0124499
285.048,1,387.5,0.0121924
285.914,1,387,0.0119591
286.78,1,386.5,0.0117696
287.646,1,386,0.0116156
288.512,1,385.5,0.0114937
289.378,1,385,0.0114935
290.244,1,384.5,0.011468
291.11,1,384,0.0114441
291.976,1,383.5,0.0115445
292.842,1,383,0.0116275
293.708,1,382.5,0.011681
294.574,1,382,0.0117354
295.44,1,381.5,0.0117348
296.306,1,381,0.0118986
297.172,1,380.5,0.0121315
298.038,1,380,0.0123578
298.905,1,379.5,0.0125339
299.771,1,379,0.0126663
300.637,1,378.5,0.0125767
301.503,1,378,0.012295
302.369,1,377.5,0.0120471
303.235,1,377,0.0118066
304.101,1,376.5,0.0114803
304.967,1,376,0.0110903
305.833,1,375.5,0.0113375
306.699,1,375,0.011536
307.565,1,374.5,0.0116604
308.431,1,374,0.0118299
309.297,1,373.5,0.0119086
310.163,1,373,0.0120718
311.029,1,372.5,0.01243
311.895,1,372,0.0124761
312.761,1,371.5,0.0119693
313.627,1,371,0.0119357
314.493,1,370.5,0.0130266
315.359,1,370,0.0141512
316.225,1,369.5,0.014355
317.091,1,369,0.0145285
317.957,1,368.5,0.014477
318.823,1,368,0.0144973
319.689,1,367.5,0.014466
320.555,1,367,0.0143017
321.421,1,366.5,0.0145205
322.287,1,366,0.0148783
323.153,1,365.5,0.0151706
324.019,1,365,0.0165749
324.885,1,364.5,0.0175745
325.751,1,364,0.0201509
326.617,1,363.5,0.022849
327.483,1,363,0.0244782
328.349,1,362.5,0.0269411
329.215,1,362,0.0278484
330.081,1,361.5,0.0284624
330.947,1,361,0.0290973
331.813,1,360.5,0.0289236
332.679,1,360,0.0293035
333.546,1,359.5,0.0305063
334.412,1,359,0.0319757
335.278,1,358.5,0.0331953
336.144,1,358,0.0336866
337.01,1,357.5,0.0327352
337.876,1,357,0.0325729
338.742,1,356.5,0.0314792
339.608,1,356,0.0310111
340.474,1,355.5,0.0311542
341.34,1,355,0.0322211
342.206,1,354.5,0.0332306
343.072,1,354,0.0339627
343.938,1,353.5,0.0335467
344.804,1,353,0.0331341
345.67,1,352.5,0.0327588
346.536,1,352,0.032483
347.402,1,351.5,0.0328105
348.268,1,351,0.0324797
349.134,1,350.5,0.0319167
350,1,350,0.0318566
350.866,1,349.5,0.0314453
351.732,1,349,0.0310193
352.598,1,348.5,0.0302232
353.464,1,348,0.0288305
354.33,1,347.5,0.0288353
355.196,1,347,0.0283771
356.062,1,346.5,0.026444
356.928,1,346,0.0261493
357.794,1,345.5,0.0266679
358.66,1,345,0.0277283
359.526,1,344.5,0.0275498
360.392,1,344,0.027689
361.258,1,343.5,0.0271604
362.124,1,343,0.025707
362.99,1,342.5,0.0243449
363.856,1,342,0.023495
364.722,1,341.5,0.0229399
365.588,1,341,0.0225654
366.454,1,340.5,0.0224062
367.321,1,340,0.02238
368.187,1,339.5,0.0224465
369.053,1,339,0.0225584
369.919,1,338.5,0.0227065
370.785,1,338,0.0231377
371.651,1,337.5,0.0235946
372.517,1,337,0.0239158
373.383,1,336.5,0.0243237
374.249,1,336,0.0246683
375.115,1,335.5,0.0248263
375.981,1,335,0.0246839
376.847,1,334.5,0.0245823
377.713,1,334,0.0246681
378.579,1,333.5,0.0248457
379.445,1,333,0.0251987
380.311,1,332.5,0.0261069
381.177,1,332,0.0272746
382.043,1,331.5,0.0286286
382.909,1,331,0.0315537
383.775,1,330.5,0.0303595
384.641,1,330,0.0300888
385.507,1,329.5,0.0309807
386.373,1,329,0.0314363
387.239,1,328.5,0.0317941
388.105,1,328,0.0320554
388.971,1,327.5,0.0321464
389.837,1,327,0.0325987
390.703,1,326.5,0.0327584
391.569,1,326,0.0326596
392.435,1,325.5,0.0332817
393.301,1,325,0.0335659
394.167,1,324.5,0.033896
395.033,1,324,0.0348922
395.899,1,323.5,0.0358212
396.765,1,323,0.0372878
397.631,1,322.5,0.0391583
398.497,1,322,0.0395681
399.363,1,321.5,0.0398505
400.229,1,321,0.0402424
401.095,1,320.5,0.0411951
401.962,1,320,0.0425406
402.828,1,319.5,0.0440785
403.694,1,319,0.0459083
404.56,1,318.5,0.0482034
405.426,1,318,0.0500748
406.292,1,317.5,0.0517854
407.158,1,317,0.0537881
408.024,1,316.5,0.0560867
408.89,1,316,0.0576829
409.756,1,315.5,0.0591051
410.622,1,315,0.0601181
411.488,1,314.5,0.0606215
412.354,1,314,0.0607901
413.22,1,313.5,0.0602712
414.086,1,313,0.0589406
414.952,1,312.5,0.0567616
415.818,1,312,0.0552359
416.684,1,311.5,0.0550207
417.55,1,311,0.0544347
418.416,1,310.5,0.053183
419.282,1,310,0.0518777
420.148,1,309.5,0.0509854
421.014,1,309,0.0503392
421.88,1,308.5,0.0499821
422.746,1,308,0.0500248
423.612,1,307.5,0.0503374
424.478,1,307,0.0507905
425.344,1,306.5,0.0521815
426.21,1,306,0.0529557
427.076,1,305.5,0.0520283
427.942,1,305,0.0508111
428.808,1,304.5,0.050517
429.674,1,304,0.0506301
430.54,1,303.5,0.0509817
431.406,1,303,0.0519116
432.272,1,302.5,0.0530717
433.138,1,302,0.0543312
434.004,1,301.5,0.0552825
434.87,1,301,0.0561263
435.737,1,300.5,0.0569456
436.603,1,300,0.0578313
437.469,1,299.5,0.0589184
438.335,1,299,0.0602071
439.201,1,298.5,0.0616974
440.067,1,298,0.0632812
440.933,1,297.5,0.0633792
441.799,1,297,0.0636683
442.665,1,296.5,0.0643101
443.531,1,296,0.0653047
444.397,1,295.5,0.0666519
445.263,1,295,0.0683518
446.129,1,294.5,0.0696923
446.995,1,294,0.0703779
447.861,1,293.5,0.0710532
448.727,1,293,0.0713795
449.593,1,292.5,0.0709059
450.459,1,292,0.0696008
451.325,1,291.5,0.0680876
452.191,1,291,0.065792
453.057,1,290.5,0.0629086
453.923,1,290,0.0603011
454.789,1,289.5,0.0577097
455.655,1,289,0.0553718
456.521,1,288.5,0.0532792
457.387,1,288,0.0535317
458.253,1,287.5,0.0538444
459.119,1,287,0.0531496
459.985,1,286.5,0.052131
460.851,1,286,0.0510189
461.717,1,285.5,0.0515575
462.583,1,285,0.0519333
463.449,1,284.5,0.050524
464.315,1,284,0.0484723
465.181,1,283.5,0.046316
466.047,1,283,0.045241
466.913,1,282.5,0.0451462
467.779,1,282,0.0479162
468.645,1,281.5,0.0510423
469.512,1,281,0.0545587
470.378,1,280.5,0.058774
471.244,1,280,0.0627982
472.11,1,279.5,0.0665735
472.976,1,279,0.0712793
473.842,1,278.5,0.0754414
474.708,1,278,0.0779415
475.574,1,277.5,0.0786945
476.44,1,277,0.078991
477.306,1,276.5,0.0794859
478.172,1,276,0.0802536
479.038,1,275.5,0.0811318
479.904,1,275,0.0820978
480.77,1,274.5,0.0819902
481.636,1,274,0.0819251
482.502,1,273.5,0.0820867
483.368,1,273,0.0823446
484.234,1,272.5,0.0827036
485.1,1,272,0.082891
485.966,1,271.5,0.0815799
486.832,1,271,0.0813144
487.698,1,270.5,0.0818348
488.564,1,270,0.0826085
489.43,1,269.5,0.083
490.296,1,269,0.0831283
491.162,1,268.5,0.083698
492.028,1,268,0.0841129
492.894,1,267.5,0.0847978
493.76,1,267,0.085589
494.626,1,266.5,0.085676
495.492,1,266,0.0850924
496.358,1,265.5,0.0849041
497.224,1,265,0.0850746
498.09,1,264.5,0.085401
498.956,1,264,0.0858832
499.822,1,263.5,0.0847881
500.688,1,263,0.0831602
501.554,1,262.5,0.081613
502.42,1,262,0.0798213
503.286,1,261.5,0.078228
504.153,1,261,0.0760318
505.019,1,260.5,0.0736893
505.885,1,260,0.0743743
506.751,1,259.5,0.0741785
507.617,1,259,0.0742933
508.483,1,258.5,0.0751191
509.349,1,258,0.0771844
510.215,1,257.5,0.0789753
511.081,1,257,0.0811567
511.947,1,256.5,0.0832264
512.813,1,256,0.0837138
513.679,1,255.5,0.0838245
514.545,1,255,0.0832415
515.411,1,254.5,0.0806275
516.277,1,254,0.07707
517.143,1,253.5,0.0738849
518.009,1,253,0.070948
518.875,1,252.5,0.0666178
519.741,1,252,0.0632508
520.607,1,251.5,0.0593186
521.473,1,251,0.0542269
522.339,1,250.5,0.0462601
523.205,1,250,0.0425532
524.071,1,249.5,0.0437913
524.937,1,249,0.0481741
525.803,1,248.5,0.052492
526.669,1,248,0.054625
527.535,1,247.5,0.0568065
528.401,1,247,0.0584515
529.267,1,246.5,0.0592319
530.133,1,246,0.058395
530.999,1,245.5,0.0572765
531.865,1,245,0.0558844
532.731,1,244.5,0.0547816
533.597,1,244,0.0540698
534.463,1,243.5,0.053716
535.329,1,243,0.0543582
536.195,1,242.5,0.0552048
537.061,1,242,0.0561501
537.928,1,241.5,0.0540931
538.794,1,241,0.0528649
539.66,1,240.5,0.0524041
540.526,1,240,0.0523807
541.392,1,239.5,0.0526813
542.258,1,239,0.0529049
543.124,1,238.5,0.0512124
543.99,1,238,0.0470864
544.856,1,237.5,0.039618
545.722,1,237,0.0311007
546.588,1,236.5,0.0264718
547.454,1,236,0.0259691
548.32,1,235.5,0.0285882
549.186,1,235,0.031529
550.052,1,234.5,0.0349262
550.918,1,234,0.0370831
551.784,1,233.5,0.0390877
552.65,1,233,0.039163
553.516,1,232.5,0.0407544
554.382,1,232,0.0403798
555.248,1,231.5,0.0395314
556.114,1,231,0.038818
556.98,1,230.5,0.0369252
557.846,1,230,0.0346296
558.712,1,229.5,0.0322948
559.578,1,229,0.0306484
560.444,1,228.5,0.0298167
561.31,1,228,0.028892
562.176,1,227.5,0.0281916
563.042,1,227,0.0280842
563.908,1,226.5,0.0282169
564.774,1,226,0.0285707
565.64,1,225.5,0.0289533
566.506,1,225,0.0294411
567.372,1,224.5,0.0300898
568.238,1,224,0.0299888
569.104,1,223.5,0.0301567
569.97,1,223,0.0306052
570.836,1,222.5,0.0310125
571.703,1,222,0.0315861
572.569,1,221.5,0.0316996
573.435,1,221,0.031221
574.301,1,220.5,0.0310958
575.167,1,220,0.0309961
576.033,1,219.5,0.0309673
576.899,1,219,0.0309768
577.765,1,218.5,0.0311441
578.631,1,218,0.0313875
579.497,1,217.5,0.0314662
580.363,1,217,0.0309278
581.229,1,216.5,0.0303176
582.095,1,216,0.0297245
582.961,1,215.5,0.0292492
583.827,1,215,0.0289073
584.693,1,214.5,0.028964
585.559,1,214,0.029003
586.425,1,213.5,0.0291215
587.291,1,213,0.0294025
588.157,1,212.5,0.0297338
589.023,1,212,0.0301023
589.889,1,211.5,0.0306242
590.755,1,211,0.0312244
591.621,1,210.5,0.031859
592.487,1,210,0.0325796
593.353,1,209.5,0.033345
594.219,1,209,0.034054
595.085,1,208.5,0.034657
595.951,1,208,0.0352181
596.817,1,207.5,0.0357265
597.683,1,207,0.0360904
598.549,1,206.5,0.0361124
599.415,1,206,0.0359785
600.281,1,205.5,0.0358435
601.147,1,205,0.0356141
602.013,1,204.5,0.0354223
602.879,1,204,0.0352682
603.745,1,203.5,0.0349457
604.611,1,203,0.034541
605.477,1,202.5,0.0341557
606.344,1,202,0.0336113
607.21,1,201.5,0.0330401
608.076,1,201,0.0324913
608.942,1,200.5,0.0307696
609.808,1,200,0.0287136
