x,y,z,b
90.1924,1,500,0.0127975
91.0584,1,499.5,0.0127231
91.9244,1,499,0.0126482
92.7905,1,498.5,0.0125715
93.6565,1,498,0.0124963
94.5225,1,497.5,0.0124318
95.3885,1,497,0.0124007
96.2546,1,496.5,0.01237
97.1206,1,496,0.0123444
97.9866,1,495.5,0.0123446
98.8526,1,495,0.0123444
99.7187,1,494.5,0.0123436
100.585,1,494,0.012348
101.451,1,493.5,0.0123532
102.317,1,493,0.0123555
103.183,1,492.5,0.0123586
104.049,1,492,0.0123617
104.915,1,491.5,0.0123641
105.781,1,491,0.0123677
106.647,1,490.5,0.0123768
107.513,1,490,0.0123885
108.379,1,489.5,0.0124028
109.245,1,489,0.0124206
110.111,1,488.5,0.0124376
110.977,1,488,0.0124557
111.843,1,487.5,0.0124759
112.709,1,487,0.0124958
113.575,1,486.5,0.0125145
114.441,1,486,0.0125251
115.307,1,485.5,0.0125356
116.173,1,485,0.012556
117.039,1,484.5,0.0125745
117.905,1,484,0.0125921
118.771,1,483.5,0.0126091
119.637,1,483,0.0126229
120.503,1,482.5,0.0126348
121.369,1,482,0.0126462
122.235,1,481.5,0.0126531
123.101,1,481,0.0126559
123.967,1,480.5,0.0126574
124.833,1,480,0.0126594
125.699,1,479.5,0.0126628
126.565,1,479,0.0126643
127.431,1,478.5,0.0126676
128.297,1,478,0.0126772
129.164,1,477.5,0.0126863
130.03,1,477,0.0126991
130.896,1,476.5,0.0127264
131.762,1,476,0.012756
132.628,1,475.5,0.012788
133.494,1,475,0.0128314
134.36,1,474.5,0.0128772
135.226,1,474,0.0129079
136.092,1,473.5,0.0129351
136.958,1,473,0.0129619
137.824,1,472.5,0.0129882
138.69,1,472,0.0130143
139.556,1,471.5,0.0130474
140.422,1,471,0.0130954
141.288,1,470.5,0.0131354
142.154,1,470,0.0131644
143.02,1,469.5,0.0131904
143.886,1,469,0.0132089
144.752,1,468.5,0.0132013
145.618,1,468,0.0131918
146.484,1,467.5,0.0131816
147.35,1,467,0.0131683
148.216,1,466.5,0.0131553
149.082,1,466,0.0131484
149.948,1,465.5,0.0131456
150.814,1,465,0.0131425
151.68,1,464.5,0.0131389
152.546,1,464,0.0131323
153.412,1,463.5,0.0131247
154.278,1,463,0.0130957
155.144,1,462.5,0.0130649
156.01,1,462,0.0130357
156.876,1,461.5,0.0130088
157.742,1,461,0.0129814
158.608,1,460.5,0.0129486
159.474,1,460,0.01291
160.34,1,459.5,0.0128685
161.206,1,459,0.0128231
162.072,1,458.5,0.0127778
162.939,1,458,0.0127308
163.805,1,457.5,0.0127007
164.671,1,457,0.0126725
165.537,1,456.5,0.0126452
166.403,1,456,0.0126129
167.269,1,455.5,0.0125819
168.135,1,455,0.0125455
169.001,1,454.5,0.012499
169.867,1,454,0.0124528
170.733,1,453.5,0.012407
171.599,1,453,0.0123603
172.465,1,452.5,0.0123144
173.331,1,452,0.0122741
174.197,1,451.5,0.0122392
175.063,1,451,0.0122071
175.929,1,450.5,0.0121749
176.795,1,450,0.012151
177.661,1,449.5,0.0121308
178.527,1,449,0.0121089
179.393,1,448.5,0.0120927
180.259,1,448,0.0120844
181.125,1,447.5,0.0120774
181.991,1,447,0.0120735
182.857,1,446.5,0.01208
183.723,1,446,0.0120863
184.589,1,445.5,0.0120927
185.455,1,445,0.0121071
186.321,1,444.5,0.0121214
187.187,1,444,0.0121441
188.053,1,443.5,0.0121827
188.919,1,443,0.0122254
189.785,1,442.5,0.0122707
190.651,1,442,0.0123175
191.517,1,441.5,0.0123629
192.383,1,441,0.0124003
193.249,1,440.5,0.0124392
194.115,1,440,0.0124784
194.981,1,439.5,0.0125165
195.847,1,439,0.0125587
196.714,1,438.5,0.0126264
197.58,1,438,0.0126996
198.446,1,437.5,0.0127765
199.312,1,437,0.0128672
200.178,1,436.5,0.0129545
201.044,1,436,0.0130341
201.91,1,435.5,0.0131108
202.776,1,435,0.0131858
203.642,1,434.5,0.013259
204.508,1,434,0.0133438
205.374,1,433.5,0.0134276
206.24,1,433,0.0135192
207.106,1,432.5,0.0136224
207.972,1,432,0.0137266
208.838,1,431.5,0.0138279
209.704,1,431,0.013935
210.57,1,430.5,0.014045
211.436,1,430,0.0141537
212.302,1,429.5,0.0142698
213.168,1,429,0.0143952
214.034,1,428.5,0.0145213
214.9,1,428,0.0146494
215.766,1,427.5,0.0147864
216.632,1,427,0.0149233
217.498,1,426.5,0.0150579
218.364,1,426,0.015183
219.23,1,425.5,0.0153064
220.096,1,425,0.0154268
220.962,1,424.5,0.0155271
221.828,1,424,0.0156255
222.694,1,423.5,0.0157223
223.56,1,423,0.0157719
224.426,1,422.5,0.0158077
225.292,1,422,0.0158312
226.158,1,421.5,0.0158255
227.024,1,421,0.0158066
227.89,1,420.5,0.0157869
228.756,1,420,0.0157625
229.622,1,419.5,0.0157374
230.488,1,419,0.0157153
231.355,1,418.5,0.0156862
232.221,1,418,0.0156449
233.087,1,417.5,0.0156008
233.953,1,417,0.0155501
234.819,1,416.5,0.0154775
235.685,1,416,0.0154021
236.551,1,415.5,0.0153236
237.417,1,415,0.01523
238.283,1,414.5,0.0151354
239.149,1,414,0.01504
240.015,1,413.5,0.0149421
240.881,1,413,0.0148444
241.747,1,412.5,0.0147472
242.613,1,412,0.0146539
243.479,1,411.5,0.0145639
244.345,1,411,0.0144954
245.211,1,410.5,0.0144301
246.077,1,410,0.0143669
246.943,1,409.5,0.0143048
247.809,1,409,0.0142415
248.675,1,408.5,0.0141649
249.541,1,408,0.014082
250.407,1,407.5,0.0139984
251.273,1,407,0.0139093
252.139,1,406.5,0.0138197
253.005,1,406,0.0137286
253.871,1,405.5,0.0136289
254.737,1,405,0.0135278
255.603,1,404.5,0.0134253
256.469,1,404,0.013324
257.335,1,403.5,0.0132212
258.201,1,403,0.0131243
259.067,1,402.5,0.0130377
259.933,1,402,0.0129525
260.799,1,401.5,0.012867
261.665,1,401,0.0127883
262.531,1,400.5,0.012712
263.397,1,400,0.0126325
264.263,1,399.5,0.0125539
265.13,1,399,0.0124747
265.996,1,398.5,0.0123919
266.862,1,398,0.0123016
267.728,1,397.5,0.0121845
268.594,1,397,0.0120507
269.46,1,396.5,0.0119027
270.326,1,396,0.011734
271.192,1,395.5,0.0115579
272.058,1,395,0.0113765
272.924,1,394.5,0.0111946
273.79,1,394,0.0110052
274.656,1,393.5,0.0108081
275.522,1,393,0.0106103
276.388,1,392.5,0.0104242
277.254,1,392,0.0102696
278.12,1,391.5,0.0101907
278.986,1,391,0.0101581
279.852,1,390.5,0.0101509
280.718,1,390,0.0101806
281.584,1,389.5,0.0102354
282.45,1,389,0.0103068
283.316,1,388.5,0.0104047
284.182,1,388,0.010535
285.048,1,387.5,0.0106806
285.914,1,387,0.0108427
286.78,1,386.5,0.0109969
287.646,1,386,0.0111679
288.512,1,385.5,0.011362
289.378,1,385,0.0115736
290.244,1,384.5,0.0117917
291.11,1,384,0.0120045
291.976,1,383.5,0.012232
292.842,1,383,0.0124813
293.708,1,382.5,0.01275
294.574,1,382,0.013008
295.44,1,381.5,0.0132528
296.306,1,381,0.0135051
297.172,1,380.5,0.0138661
298.038,1,380,0.0142547
298.905,1,379.5,0.0145981
299.771,1,379,0.0147382
300.637,1,378.5,0.0144831
301.503,1,378,0.0141432
302.369,1,377.5,0.0140176
303.235,1,377,0.0139755
304.101,1,376.5,0.0156253
304.967,1,376,0.0157752
305.833,1,375.5,0.0155126
306.699,1,375,0.0152203
307.565,1,374.5,0.0151507
308.431,1,374,0.0152435
309.297,1,373.5,0.0153514
310.163,1,373,0.015354
311.029,1,372.5,0.0153087
311.895,1,372,0.0152859
312.761,1,371.5,0.0153531
313.627,1,371,0.0155066
314.493,1,370.5,0.0156614
315.359,1,370,0.0158163
316.225,1,369.5,0.0159304
317.091,1,369,0.016011
317.957,1,368.5,0.0160526
318.823,1,368,0.0161277
319.689,1,367.5,0.0161894
320.555,1,367,0.0162488
321.421,1,366.5,0.016303
322.287,1,366,0.0162949
323.153,1,365.5,0.0161856
324.019,1,365,0.0160141
324.885,1,364.5,0.0158745
325.751,1,364,0.0165445
326.617,1,363.5,0.0174911
327.483,1,363,0.0178103
328.349,1,362.5,0.018112
329.215,1,362,0.0187829
330.081,1,361.5,0.0194991
330.947,1,361,0.0200038
331.813,1,360.5,0.0206663
332.679,1,360,0.0212731
333.546,1,359.5,0.0216797
334.412,1,359,0.0220272
335.278,1,358.5,0.0225412
336.144,1,358,0.023006
337.01,1,357.5,0.0221844
337.876,1,357,0.0220919
338.742,1,356.5,0.0225392
339.608,1,356,0.0239556
340.474,1,355.5,0.0245841
341.34,1,355,0.0245197
342.206,1,354.5,0.0243521
343.072,1,354,0.0240199
343.938,1,353.5,0.0231172
344.804,1,353,0.0223609
345.67,1,352.5,0.0217878
346.536,1,352,0.021243
347.402,1,351.5,0.0209008
348.268,1,351,0.0206338
349.134,1,350.5,0.0202643
350,1,350,0.0201126
350.866,1,349.5,0.0203121
351.732,1,349,0.020883
352.598,1,348.5,0.0214946
353.464,1,348,0.0213892
354.33,1,347.5,0.0231394
355.196,1,347,0.0262634
356.062,1,346.5,0.0281908
356.928,1,346,0.0299076
357.794,1,345.5,0.0316405
358.66,1,345,0.0329498
359.526,1,344.5,0.0337
360.392,1,344,0.0344783
361.258,1,343.5,0.0352923
362.124,1,343,0.0362405
362.99,1,342.5,0.0373727
363.856,1,342,0.0392584
364.722,1,341.5,0.0407913
365.588,1,341,0.0418471
366.454,1,340.5,0.0426794
367.321,1,340,0.0431498
368.187,1,339.5,0.043399
369.053,1,339,0.043949
369.919,1,338.5,0.0440055
370.785,1,338,0.0440786
371.651,1,337.5,0.0439256
372.517,1,337,0.0433866
373.383,1,336.5,0.0416526
374.249,1,336,0.0387306
375.115,1,335.5,0.0356307
375.981,1,335,0.0355424
376.847,1,334.5,0.0366692
377.713,1,334,0.0393975
378.579,1,333.5,0.0416703
379.445,1,333,0.0432474
380.311,1,332.5,0.043974
381.177,1,332,0.044337
382.043,1,331.5,0.0445313
382.909,1,331,0.0447009
383.775,1,330.5,0.0448697
384.641,1,330,0.0449788
385.507,1,329.5,0.0455484
386.373,1,329,0.0465129
387.239,1,328.5,0.0483523
388.105,1,328,0.0488785
388.971,1,327.5,0.0485231
389.837,1,327,0.0481806
390.703,1,326.5,0.0478175
391.569,1,326,0.048018
392.435,1,325.5,0.0464688
393.301,1,325,0.0453593
394.167,1,324.5,0.0446878
395.033,1,324,0.0442764
395.899,1,323.5,0.044053
396.765,1,323,0.0431027
397.631,1,322.5,0.0420454
398.497,1,322,0.040958
399.363,1,321.5,0.0400223
400.229,1,321,0.0390562
401.095,1,320.5,0.038091
401.962,1,320,0.037471
402.828,1,319.5,0.0370027
403.694,1,319,0.0367687
404.56,1,318.5,0.0367551
405.426,1,318,0.0368797
406.292,1,317.5,0.0373875
407.158,1,317,0.0379359
408.024,1,316.5,0.0384342
408.89,1,316,0.0389627
409.756,1,315.5,0.039257
410.622,1,315,0.0395044
411.488,1,314.5,0.0397378
412.354,1,314,0.0399876
413.22,1,313.5,0.0404154
414.086,1,313,0.0409265
414.952,1,312.5,0.0413704
415.818,1,312,0.0431714
416.684,1,311.5,0.0444427
417.55,1,311,0.0453957
418.416,1,310.5,0.0468383
419.282,1,310,0.0479592
420.148,1,309.5,0.0487545
421.014,1,309,0.0492088
421.88,1,308.5,0.0494747
422.746,1,308,0.0496554
423.612,1,307.5,0.0500378
424.478,1,307,0.050657
425.344,1,306.5,0.0511734
426.21,1,306,0.0516935
427.076,1,305.5,0.0521408
427.942,1,305,0.0525355
428.808,1,304.5,0.0549035
429.674,1,304,0.0580814
430.54,1,303.5,0.0632534
431.406,1,303,0.070166
432.272,1,302.5,0.070521
433.138,1,302,0.0743615
434.004,1,301.5,0.0755094
434.87,1,301,0.0770755
435.737,1,300.5,0.0796023
436.603,1,300,0.0816239
437.469,1,299.5,0.0826238
438.335,1,299,0.0830772
439.201,1,298.5,0.0837262
440.067,1,298,0.0839675
440.933,1,297.5,0.084268
441.799,1,297,0.0843029
442.665,1,296.5,0.0829662
443.531,1,296,0.0799377
444.397,1,295.5,0.0805415
445.263,1,295,0.0812236
446.129,1,294.5,0.0821102
446.995,1,294,0.0830043
447.861,1,293.5,0.0837069
448.727,1,293,0.0842178
449.593,1,292.5,0.0845203
450.459,1,292,0.0846243
451.325,1,291.5,0.0845917
452.191,1,291,0.0839958
453.057,1,290.5,0.0831897
453.923,1,290,0.0821734
454.789,1,289.5,0.080947
455.655,1,289,0.0795105
456.521,1,288.5,0.0778638
457.387,1,288,0.0771744
458.253,1,287.5,0.0765982
459.119,1,287,0.0761154
459.985,1,286.5,0.0760877
460.851,1,286,0.0750372
461.717,1,285.5,0.072589
462.583,1,285,0.0626283
463.449,1,284.5,0.0664792
464.315,1,284,0.0712357
465.181,1,283.5,0.0612917
466.047,1,283,0.0500094
466.913,1,282.5,0.0418067
467.779,1,282,0.0409002
468.645,1,281.5,0.0411529
469.512,1,281,0.042534
470.378,1,280.5,0.0432472
471.244,1,280,0.0441207
472.11,1,279.5,0.0448494
472.976,1,279,0.0443295
473.842,1,278.5,0.0446306
474.708,1,278,0.046117
475.574,1,277.5,0.0463721
476.44,1,277,0.0464613
477.306,1,276.5,0.0471535
478.172,1,276,0.0482661
479.038,1,275.5,0.0494787
479.904,1,275,0.0489444
480.77,1,274.5,0.0491855
481.636,1,274,0.0486706
482.502,1,273.5,0.0475411
483.368,1,273,0.0460351
484.234,1,272.5,0.042034
485.1,1,272,0.0385572
485.966,1,271.5,0.0370031
486.832,1,271,0.0341536
487.698,1,270.5,0.0312306
488.564,1,270,0.0284391
489.43,1,269.5,0.0264303
490.296,1,269,0.0250529
491.162,1,268.5,0.0243614
492.028,1,268,0.0255593
492.894,1,267.5,0.0270553
493.76,1,267,0.028037
494.626,1,266.5,0.0284169
495.492,1,266,0.0271217
496.358,1,265.5,0.0251455
497.224,1,265,0.0221255
498.09,1,264.5,0.0197679
498.956,1,264,0.0186723
499.822,1,263.5,0.0172412
500.688,1,263,0.0178152
501.554,1,262.5,0.018056
502.42,1,262,0.0162511
503.286,1,261.5,0.016035
504.153,1,261,0.0155331
505.019,1,260.5,0.0156621
505.885,1,260,0.0171225
506.751,1,259.5,0.0180185
507.617,1,259,0.0200423
508.483,1,258.5,0.0232704
509.349,1,258,0.0253943
510.215,1,257.5,0.0267853
511.081,1,257,0.0267667
511.947,1,256.5,0.0255387
512.813,1,256,0.0244513
513.679,1,255.5,0.0244158
514.545,1,255,0.0251366
515.411,1,254.5,0.0270815
516.277,1,254,0.0293307
517.143,1,253.5,0.0313355
518.009,1,253,0.0326626
518.875,1,252.5,0.0334586
519.741,1,252,0.0328762
520.607,1,251.5,0.0319363
521.473,1,251,0.0311981
522.339,1,250.5,0.0307488
523.205,1,250,0.030968
524.071,1,249.5,0.0320025
524.937,1,249,0.0321609
525.803,1,248.5,0.0318452
526.669,1,248,0.0300974
527.535,1,247.5,0.0271431
528.401,1,247,0.0243421
529.267,1,246.5,0.0228872
530.133,1,246,0.0221716
530.999,1,245.5,0.0217931
531.865,1,245,0.0215624
532.731,1,244.5,0.0212577
533.597,1,244,0.0206401
534.463,1,243.5,0.0199068
535.329,1,243,0.0193336
536.195,1,242.5,0.0206621
537.061,1,242,0.0206173
537.928,1,241.5,0.0200451
538.794,1,241,0.0193668
539.66,1,240.5,0.0187327
540.526,1,240,0.0184472
541.392,1,239.5,0.018248
542.258,1,239,0.017826
543.124,1,238.5,0.0174545
543.99,1,238,0.0173272
544.856,1,237.5,0.0171843
545.722,1,237,0.0170419
546.588,1,236.5,0.0169535
547.454,1,236,0.0169327
548.32,1,235.5,0.0169428
549.186,1,235,0.0168713
550.052,1,234.5,0.0168079
550.918,1,234,0.0167526
551.784,1,233.5,0.0165738
552.65,1,233,0.01643
553.516,1,232.5,0.0163047
554.382,1,232,0.0161363
555.248,1,231.5,0.0158852
556.114,1,231,0.0155551
556.98,1,230.5,0.0152579
557.846,1,230,0.0149625
558.712,1,229.5,0.014598
559.578,1,229,0.0142763
560.444,1,228.5,0.0140601
561.31,1,228,0.0138427
562.176,1,227.5,0.013673
563.042,1,227,0.0135798
563.908,1,226.5,0.0134926
564.774,1,226,0.0134163
565.64,1,225.5,0.0133712
566.506,1,225,0.0133281
567.372,1,224.5,0.0132903
568.238,1,224,0.0132791
569.104,1,223.5,0.0132698
569.97,1,223,0.0132622
570.836,1,222.5,0.0132673
571.703,1,222,0.013275
572.569,1,221.5,0.0132823
573.435,1,221,0.0132926
574.301,1,220.5,0.0133044
575.167,1,220,0.0133178
576.033,1,219.5,0.0133369
576.899,1,219,0.0133544
577.765,1,218.5,0.0133691
578.631,1,218,0.0133828
579.497,1,217.5,0.0133971
580.363,1,217,0.0134033
581.229,1,216.5,0.0134081
582.095,1,216,0.0134155
582.961,1,215.5,0.0134224
583.827,1,215,0.0134286
584.693,1,214.5,0.013439
585.559,1,214,0.0134583
586.425,1,213.5,0.0134777
587.291,1,213,0.0134945
588.157,1,212.5,0.0135109
589.023,1,212,0.0135273
589.889,1,211.5,0.013548
590.755,1,211,0.0135676
591.621,1,210.5,0.0135858
592.487,1,210,0.0135929
593.353,1,209.5,0.0135921
594.219,1,209,0.0135885
595.085,1,208.5,0.0135785
595.951,1,208,0.0135657
596.817,1,207.5,0.0135525
597.683,1,207,0.0135388
598.549,1,206.5,0.0135247
599.415,1,206,0.0135192
600.281,1,205.5,0.0135159
601.147,1,205,0.0135141
602.013,1,204.5,0.0135129
602.879,1,204,0.0135123
603.745,1,203.5,0.0135086
604.611,1,203,0.0135024
605.477,1,202.5,0.0134958
606.344,1,202,0.0134849
607.21,1,201.5,0.0134726
608.076,1,201,0.01346
608.942,1,200.5,0.0134431
609.808,1,200,0.0134254
