x,y,z,b
90.1924,1,500,0.0132736
91.0584,1,499.5,0.0132065
91.9244,1,499,0.01314
92.7905,1,498.5,0.0130923
93.6565,1,498,0.013043
94.5225,1,497.5,0.0130003
95.3885,1,497,0.0129771
96.2546,1,496.5,0.0129376
97.1206,1,496,0.0129138
97.9866,1,495.5,0.0129581
98.8526,1,495,0.0130043
99.7187,1,494.5,0.0130524
100.585,1,494,0.0131191
101.451,1,493.5,0.0131791
102.317,1,493,0.0131433
103.183,1,492.5,0.0131166
104.049,1,492,0.0130942
104.915,1,491.5,0.0130719
105.781,1,491,0.013068
106.647,1,490.5,0.0131591
107.513,1,490,0.0132772
108.379,1,489.5,0.0133791
109.245,1,489,0.0134557
110.111,1,488.5,0.0134997
110.977,1,488,0.0135113
111.843,1,487.5,0.0135342
112.709,1,487,0.0135881
113.575,1,486.5,0.0136731
114.441,1,486,0.0137895
115.307,1,485.5,0.0139375
116.173,1,485,0.013952
117.039,1,484.5,0.0138798
117.905,1,484,0.0137871
118.771,1,483.5,0.0136739
119.637,1,483,0.0135432
120.503,1,482.5,0.0134825
121.369,1,482,0.0137124
122.235,1,481.5,0.0139457
123.101,1,481,0.0141649
123.967,1,480.5,0.0143747
124.833,1,480,0.0145616
125.699,1,479.5,0.0144472
126.565,1,479,0.0142791
127.431,1,478.5,0.0141445
128.297,1,478,0.0140507
129.164,1,477.5,0.0140036
130.03,1,477,0.0140553
130.896,1,476.5,0.0142204
131.762,1,476,0.0143336
132.628,1,475.5,0.0143947
133.494,1,475,0.0143806
134.36,1,474.5,0.0143054
135.226,1,474,0.014319
136.092,1,473.5,0.014401
136.958,1,473,0.0145487
137.824,1,472.5,0.0147653
138.69,1,472,0.0150331
139.556,1,471.5,0.0151705
140.422,1,471,0.014939
141.288,1,470.5,0.0146225
142.154,1,470,0.0142497
143.02,1,469.5,0.0138328
143.886,1,469,0.0134029
144.752,1,468.5,0.0137543
145.618,1,468,0.0141967
146.484,1,467.5,0.0146388
147.35,1,467,0.01507
148.216,1,466.5,0.0154832
149.082,1,466,0.0155479
149.948,1,465.5,0.0151471
150.814,1,465,0.0147751
151.68,1,464.5,0.0144319
152.546,1,464,0.014133
153.412,1,463.5,0.0138916
154.278,1,463,0.0141865
155.144,1,462.5,0.0144722
156.01,1,462,0.0147045
156.876,1,461.5,0.0148799
157.742,1,461,0.0149877
158.608,1,460.5,0.0148935
159.474,1,460,0.0146745
160.34,1,459.5,0.0144988
161.206,1,459,0.014369
162.072,1,458.5,0.014288
162.939,1,458,0.0142601
163.805,1,457.5,0.0142889
164.671,1,457,0.014264
165.537,1,456.5,0.0141862
166.403,1,456,0.0140622
167.269,1,455.5,0.013887
168.135,1,455,0.0137612
169.001,1,454.5,0.0137564
169.867,1,454,0.0137871
170.733,1,453.5,0.0138525
171.599,1,453,0.0139515
172.465,1,452.5,0.0140524
173.331,1,452,0.0139068
174.197,1,451.5,0.0137421
175.063,1,451,0.0135632
175.929,1,450.5,0.0133705
176.795,1,450,0.0131687
177.661,1,449.5,0.0131477
178.527,1,449,0.0132525
179.393,1,448.5,0.0133697
180.259,1,448,0.0134969
181.125,1,447.5,0.0136285
181.991,1,447,0.0137317
182.857,1,446.5,0.0136345
183.723,1,446,0.0135325
184.589,1,445.5,0.0134255
185.455,1,445,0.0133154
186.321,1,444.5,0.0132055
187.187,1,444,0.0131831
188.053,1,443.5,0.0132091
188.919,1,443,0.0132287
189.785,1,442.5,0.0132402
190.651,1,442,0.0132472
191.517,1,441.5,0.0132377
192.383,1,441,0.0131869
193.249,1,440.5,0.0131409
194.115,1,440,0.0131039
194.981,1,439.5,0.0130749
195.847,1,439,0.0130564
196.714,1,438.5,0.0130457
197.58,1,438,0.0130301
198.446,1,437.5,0.0130098
199.312,1,437,0.0129827
200.178,1,436.5,0.0129504
201.044,1,436,0.0129241
201.91,1,435.5,0.0129286
202.776,1,435,0.012943
203.642,1,434.5,0.0129671
204.508,1,434,0.0129831
205.374,1,433.5,0.0130055
206.24,1,433,0.0129722
207.106,1,432.5,0.0129224
207.972,1,432,0.0128879
208.838,1,431.5,0.0128721
209.704,1,431,0.0128924
210.57,1,430.5,0.0129476
211.436,1,430,0.0130093
212.302,1,429.5,0.0130873
213.168,1,429,0.0131877
214.034,1,428.5,0.0132881
214.9,1,428,0.0134032
215.766,1,427.5,0.0137034
216.632,1,427,0.0140329
217.498,1,426.5,0.0143687
218.364,1,426,0.0147077
219.23,1,425.5,0.015038
220.096,1,425,0.0152586
220.962,1,424.5,0.0153052
221.828,1,424,0.0153661
222.694,1,423.5,0.0154419
223.56,1,423,0.0155163
224.426,1,422.5,0.0156042
225.292,1,422,0.0158292
226.158,1,421.5,0.0160069
227.024,1,421,0.0161258
227.89,1,420.5,0.016192
228.756,1,420,0.016199
229.622,1,419.5,0.0161657
230.488,1,419,0.0161756
231.355,1,418.5,0.0162174
232.221,1,418,0.0162578
233.087,1,417.5,0.0163186
233.953,1,417,0.0163937
234.819,1,416.5,0.0162572
235.685,1,416,0.0161086
236.551,1,415.5,0.0159505
237.417,1,415,0.0157785
238.283,1,414.5,0.0156039
239.149,1,414,0.015536
240.015,1,413.5,0.0155605
240.881,1,413,0.0155772
241.747,1,412.5,0.015587
242.613,1,412,0.0155748
243.479,1,411.5,0.0155388
244.345,1,411,0.0153924
245.211,1,410.5,0.015255
246.077,1,410,0.0151283
246.943,1,409.5,0.0150135
247.809,1,409,0.0149108
248.675,1,408.5,0.014852
249.541,1,408,0.0148117
250.407,1,407.5,0.0147631
251.273,1,407,0.0147093
252.139,1,406.5,0.0146484
253.005,1,406,0.0145794
253.871,1,405.5,0.0145014
254.737,1,405,0.0144289
255.603,1,404.5,0.0143621
256.469,1,404,0.0142883
257.335,1,403.5,0.0142135
258.201,1,403,0.014128
259.067,1,402.5,0.0140197
259.933,1,402,0.0138996
260.799,1,401.5,0.0137707
261.665,1,401,0.0136178
262.531,1,400.5,0.0134476
263.397,1,400,0.0132624
264.263,1,399.5,0.0130628
265.13,1,399,0.0128477
265.996,1,398.5,0.0126214
266.862,1,398,0.0124012
267.728,1,397.5,0.0121766
268.594,1,397,0.0119496
269.46,1,396.5,0.0117444
270.326,1,396,0.0115801
271.192,1,395.5,0.0114204
272.058,1,395,0.011265
272.924,1,394.5,0.010998
273.79,1,394,0.0107173
274.656,1,393.5,0.0104245
275.522,1,393,0.0101449
276.388,1,392.5,0.00988278
277.254,1,392,0.00966241
278.12,1,391.5,0.00964359
278.986,1,391,0.00975768
279.852,1,390.5,0.00992521
280.718,1,390,0.0102115
281.584,1,389.5,0.010819
282.45,1,389,0.0123763
283.316,1,388.5,0.0146511
284.182,1,388,0.0178695
285.048,1,387.5,0.0193406
285.914,1,387,0.0210321
286.78,1,386.5,0.0215288
287.646,1,386,0.0219899
288.512,1,385.5,0.0232815
289.378,1,385,0.0248562
290.244,1,384.5,0.0314893
291.11,1,384,0.0456754
291.976,1,383.5,0.0633057
292.842,1,383,0.0670726
293.708,1,382.5,0.0682036
294.574,1,382,0.0677732
295.44,1,381.5,0.0670429
296.306,1,381,0.0680092
297.172,1,380.5,0.0681195
298.038,1,380,0.068306
298.905,1,379.5,0.0697135
299.771,1,379,0.069078
300.637,1,378.5,0.0670839
301.503,1,378,0.0650841
302.369,1,377.5,0.0636566
303.235,1,377,0.0613361
304.101,1,376.5,0.0593633
304.967,1,376,0.0589016
305.833,1,375.5,0.0581515
306.699,1,375,0.0580463
307.565,1,374.5,0.0582411
308.431,1,374,0.0587385
309.297,1,373.5,0.0579014
310.163,1,373,0.0561815
311.029,1,372.5,0.0538386
311.895,1,372,0.0504953
312.761,1,371.5,0.0482841
313.627,1,371,0.0502773
314.493,1,370.5,0.0639933
315.359,1,370,0.0708405
316.225,1,369.5,0.0735762
317.091,1,369,0.0750518
317.957,1,368.5,0.077309
318.823,1,368,0.0799426
319.689,1,367.5,0.0796171
320.555,1,367,0.0797073
321.421,1,366.5,0.0808791
322.287,1,366,0.0813243
323.153,1,365.5,0.082065
324.019,1,365,0.083176
324.885,1,364.5,0.0843457
325.751,1,364,0.0856547
326.617,1,363.5,0.0869997
327.483,1,363,0.0883767
328.349,1,362.5,0.0917124
329.215,1,362,0.0952874
330.081,1,361.5,0.0989911
330.947,1,361,0.10235
331.813,1,360.5,0.10509
332.679,1,360,0.107159
333.546,1,359.5,0.109273
334.412,1,359,0.111667
335.278,1,358.5,0.111015
336.144,1,358,0.108086
337.01,1,357.5,0.103036
337.876,1,357,0.0930946
338.742,1,356.5,0.0829921
339.608,1,356,0.074431
340.474,1,355.5,0.0673123
341.34,1,355,0.0623
342.206,1,354.5,0.0614427
343.072,1,354,0.0625243
343.938,1,353.5,0.063333
344.804,1,353,0.0627265
345.67,1,352.5,0.0604126
346.536,1,352,0.0567186
347.402,1,351.5,0.0498764
348.268,1,351,0.0426072
349.134,1,350.5,0.0334366
350,1,350,0.0256772
350.866,1,349.5,0.0217814
351.732,1,349,0.0211726
352.598,1,348.5,0.02218
353.464,1,348,0.0235819
354.33,1,347.5,0.0245801
355.196,1,347,0.0256618
356.062,1,346.5,0.0265504
356.928,1,346,0.0272428
357.794,1,345.5,0.0276938
358.66,1,345,0.0281133
359.526,1,344.5,0.0285315
360.392,1,344,0.029009
361.258,1,343.5,0.0291722
362.124,1,343,0.0292997
362.99,1,342.5,0.0305123
363.856,1,342,0.0315203
364.722,1,341.5,0.0315803
365.588,1,341,0.0309208
366.454,1,340.5,0.0324198
367.321,1,340,0.0341663
368.187,1,339.5,0.0357631
369.053,1,339,0.0365758
369.919,1,338.5,0.0369608
370.785,1,338,0.036978
371.651,1,337.5,0.0371028
372.517,1,337,0.0373673
373.383,1,336.5,0.0386185
374.249,1,336,0.0398513
375.115,1,335.5,0.0410324
375.981,1,335,0.0420118
376.847,1,334.5,0.0431901
377.713,1,334,0.0439813
378.579,1,333.5,0.0444034
379.445,1,333,0.0450108
380.311,1,332.5,0.0451484
381.177,1,332,0.0452956
382.043,1,331.5,0.0455206
382.909,1,331,0.0459166
383.775,1,330.5,0.0464981
384.641,1,330,0.047077
385.507,1,329.5,0.0474443
386.373,1,329,0.047683
387.239,1,328.5,0.0471167
388.105,1,328,0.0458348
388.971,1,327.5,0.0443248
389.837,1,327,0.0436936
390.703,1,326.5,0.0433862
391.569,1,326,0.043427
392.435,1,325.5,0.0440726
393.301,1,325,0.0448192
394.167,1,324.5,0.0456078
395.033,1,324,0.0463364
395.899,1,323.5,0.0470316
396.765,1,323,0.0471708
397.631,1,322.5,0.0468959
398.497,1,322,0.0465492
399.363,1,321.5,0.046317
400.229,1,321,0.046011
401.095,1,320.5,0.0459079
401.962,1,320,0.0461465
402.828,1,319.5,0.0464764
403.694,1,319,0.0469838
404.56,1,318.5,0.0483201
405.426,1,318,0.049763
406.292,1,317.5,0.0502532
407.158,1,317,0.0501354
408.024,1,316.5,0.0506457
408.89,1,316,0.050791
409.756,1,315.5,0.0504599
410.622,1,315,0.0502538
411.488,1,314.5,0.0502764
412.354,1,314,0.0505329
413.22,1,313.5,0.0509781
414.086,1,313,0.0513423
414.952,1,312.5,0.0517036
415.818,1,312,0.0524638
416.684,1,311.5,0.0536081
417.55,1,311,0.0549722
418.416,1,310.5,0.0562907
419.282,1,310,0.0568544
420.148,1,309.5,0.0565343
421.014,1,309,0.0557966
421.88,1,308.5,0.055182
422.746,1,308,0.0545528
423.612,1,307.5,0.0536486
424.478,1,307,0.0525922
425.344,1,306.5,0.0514766
426.21,1,306,0.0507704
427.076,1,305.5,0.0492127
427.942,1,305,0.0477956
428.808,1,304.5,0.0468389
429.674,1,304,0.046433
430.54,1,303.5,0.0466586
431.406,1,303,0.0473651
432.272,1,302.5,0.048854
433.138,1,302,0.0506653
434.004,1,301.5,0.0525732
434.87,1,301,0.0541524
435.737,1,300.5,0.0556079
436.603,1,300,0.0567806
437.469,1,299.5,0.0578102
438.335,1,299,0.0586854
439.201,1,298.5,0.0592368
440.067,1,298,0.0595984
440.933,1,297.5,0.0597254
441.799,1,297,0.0597876
442.665,1,296.5,0.0598863
443.531,1,296,0.0599084
444.397,1,295.5,0.0599455
445.263,1,295,0.0602381
446.129,1,294.5,0.0598863
446.995,1,294,0.0594201
447.861,1,293.5,0.0593732
448.727,1,293,0.0595122
449.593,1,292.5,0.0597852
450.459,1,292,0.0604645
451.325,1,291.5,0.0613841
452.191,1,291,0.0617034
453.057,1,290.5,0.0612285
453.923,1,290,0.0611109
454.789,1,289.5,0.0613069
455.655,1,289,0.0616583
456.521,1,288.5,0.0620836
457.387,1,288,0.0623811
458.253,1,287.5,0.0626158
459.119,1,287,0.0627262
459.985,1,286.5,0.0627749
460.851,1,286,0.06276
461.717,1,285.5,0.0624255
462.583,1,285,0.0616626
463.449,1,284.5,0.0607139
464.315,1,284,0.0586569
465.181,1,283.5,0.0572698
466.047,1,283,0.0557229
466.913,1,282.5,0.0540163
467.779,1,282,0.0524325
468.645,1,281.5,0.0519965
469.512,1,281,0.0521663
470.378,1,280.5,0.0520107
471.244,1,280,0.0510273
472.11,1,279.5,0.0495961
472.976,1,279,0.0481041
473.842,1,278.5,0.04678
474.708,1,278,0.0456459
475.574,1,277.5,0.0448031
476.44,1,277,0.044886
477.306,1,276.5,0.0450036
478.172,1,276,0.0451625
479.038,1,275.5,0.0453692
479.904,1,275,0.0456238
480.77,1,274.5,0.0462633
481.636,1,274,0.0471449
482.502,1,273.5,0.0480494
483.368,1,273,0.0481525
484.234,1,272.5,0.048929
485.1,1,272,0.050093
485.966,1,271.5,0.0511016
486.832,1,271,0.0527575
487.698,1,270.5,0.0544734
488.564,1,270,0.0558478
489.43,1,269.5,0.0573515
490.296,1,269,0.0590039
491.162,1,268.5,0.0607463
492.028,1,268,0.0628986
492.894,1,267.5,0.0645983
493.76,1,267,0.0659287
494.626,1,266.5,0.0672481
495.492,1,266,0.0679467
496.358,1,265.5,0.0684969
497.224,1,265,0.0698626
498.09,1,264.5,0.0708377
498.956,1,264,0.0714223
499.822,1,263.5,0.0725033
500.688,1,263,0.0732047
501.554,1,262.5,0.0734486
502.42,1,262,0.073679
503.286,1,261.5,0.0743541
504.153,1,261,0.0754425
505.019,1,260.5,0.0762483
505.885,1,260,0.0776608
506.751,1,259.5,0.0780077
507.617,1,259,0.0787789
508.483,1,258.5,0.0792684
509.349,1,258,0.0791663
510.215,1,257.5,0.0785892
511.081,1,257,0.0776908
511.947,1,256.5,0.0768078
512.813,1,256,0.07605
513.679,1,255.5,0.0763383
514.545,1,255,0.0765201
515.411,1,254.5,0.0760489
516.277,1,254,0.07564
517.143,1,253.5,0.0752631
518.009,1,253,0.0749095
518.875,1,252.5,0.0680337
519.741,1,252,0.0598136
520.607,1,251.5,0.0474332
521.473,1,251,0.0360902
522.339,1,250.5,0.0315918
523.205,1,250,0.0297063
524.071,1,249.5,0.0286004
524.937,1,249,0.0291697
525.803,1,248.5,0.029407
526.669,1,248,0.0298071
527.535,1,247.5,0.0297111
528.401,1,247,0.0300378
529.267,1,246.5,0.0321981
530.133,1,246,0.0343693
530.999,1,245.5,0.0363955
531.865,1,245,0.0378187
532.731,1,244.5,0.0389686
533.597,1,244,0.0405748
534.463,1,243.5,0.0414941
535.329,1,243,0.042187
536.195,1,242.5,0.0432656
537.061,1,242,0.0437723
537.928,1,241.5,0.0438113
538.794,1,241,0.042366
539.66,1,240.5,0.04033
540.526,1,240,0.0381701
541.392,1,239.5,0.0379032
542.258,1,239,0.0377816
543.124,1,238.5,0.0373699
543.99,1,238,0.0366806
544.856,1,237.5,0.0359259
545.722,1,237,0.0357011
546.588,1,236.5,0.0355152
547.454,1,236,0.0350549
548.32,1,235.5,0.0346994
549.186,1,235,0.0343874
550.052,1,234.5,0.0329975
550.918,1,234,0.0319539
551.784,1,233.5,0.0309768
552.65,1,233,0.0300663
553.516,1,232.5,0.0292223
554.382,1,232,0.0290532
555.248,1,231.5,0.029138
556.114,1,231,0.0298221
556.98,1,230.5,0.0303014
557.846,1,230,0.0303678
558.712,1,229.5,0.0306457
559.578,1,229,0.0305107
560.444,1,228.5,0.0301709
561.31,1,228,0.0297352
562.176,1,227.5,0.0292417
563.042,1,227,0.0286841
563.908,1,226.5,0.0289694
564.774,1,226,0.029395
565.64,1,225.5,0.0298724
566.506,1,225,0.0304411
567.372,1,224.5,0.0310875
568.238,1,224,0.0317801
569.104,1,223.5,0.0325189
569.97,1,223,0.0333039
570.836,1,222.5,0.034135
571.703,1,222,0.0349404
572.569,1,221.5,0.0354807
573.435,1,221,0.0357553
574.301,1,220.5,0.0331224
575.167,1,220,0.031262
576.033,1,219.5,0.0298748
576.899,1,219,0.0293296
577.765,1,218.5,0.0290247
578.631,1,218,0.028498
579.497,1,217.5,0.026956
580.363,1,217,0.0254984
581.229,1,216.5,0.024779
582.095,1,216,0.025535
582.961,1,215.5,0.0237659
583.827,1,215,0.0240938
584.693,1,214.5,0.0246997
585.559,1,214,0.0242339
586.425,1,213.5,0.0245015
587.291,1,213,0.0250854
588.157,1,212.5,0.0244446
589.023,1,212,0.0244982
589.889,1,211.5,0.0248343
590.755,1,211,0.0244725
591.621,1,210.5,0.0244598
592.487,1,210,0.0249435
593.353,1,209.5,0.0264048
594.219,1,209,0.026388
595.085,1,208.5,0.0263999
595.951,1,208,0.026378
596.817,1,207.5,0.0263502
597.683,1,207,0.0263501
598.549,1,206.5,0.0264418
599.415,1,206,0.0264783
600.281,1,205.5,0.0264449
601.147,1,205,0.0262678
602.013,1,204.5,0.026043
602.879,1,204,0.0257706
603.745,1,203.5,0.0255281
604.611,1,203,0.025335
605.477,1,202.5,0.0250836
606.344,1,202,0.0247683
607.21,1,201.5,0.0244137
608.076,1,201,0.024024
608.942,1,200.5,0.0237911
609.808,1,200,0.0235912
