x,y,z,b
90.1924,1,500,0.0135701
91.0584,1,499.5,0.0135811
91.9244,1,499,0.0135871
92.7905,1,498.5,0.0135877
93.6565,1,498,0.0135868
94.5225,1,497.5,0.0135832
95.3885,1,497,0.0135736
96.2546,1,496.5,0.0135628
97.1206,1,496,0.0135415
97.9866,1,495.5,0.0135023
98.8526,1,495,0.0134628
99.7187,1,494.5,0.0134228
100.585,1,494,0.0133668
101.451,1,493.5,0.0133091
102.317,1,493,0.0132501
103.183,1,492.5,0.0131719
104.049,1,492,0.013086
104.915,1,491.5,0.0129977
105.781,1,491,0.0129021
106.647,1,490.5,0.0128178
107.513,1,490,0.0127452
108.379,1,489.5,0.0126766
109.245,1,489,0.0126116
110.111,1,488.5,0.0125501
110.977,1,488,0.0124932
111.843,1,487.5,0.0124384
112.709,1,487,0.0123795
113.575,1,486.5,0.0123183
114.441,1,486,0.0122696
115.307,1,485.5,0.012221
116.173,1,485,0.0121878
117.039,1,484.5,0.0121756
117.905,1,484,0.012166
118.771,1,483.5,0.0121585
119.637,1,483,0.0121762
120.503,1,482.5,0.0121927
121.369,1,482,0.0121814
122.235,1,481.5,0.0121797
123.101,1,481,0.0121858
123.967,1,480.5,0.0121965
124.833,1,480,0.0122196
125.699,1,479.5,0.0122808
126.565,1,479,0.0123518
127.431,1,478.5,0.0124291
128.297,1,478,0.0125154
129.164,1,477.5,0.0126014
130.03,1,477,0.0126821
130.896,1,476.5,0.0127566
131.762,1,476,0.012838
132.628,1,475.5,0.0129263
133.494,1,475,0.013017
134.36,1,474.5,0.0131134
135.226,1,474,0.0131991
136.092,1,473.5,0.0132733
136.958,1,473,0.0133446
137.824,1,472.5,0.0134144
138.69,1,472,0.0134765
139.556,1,471.5,0.0135328
140.422,1,471,0.013588
141.288,1,470.5,0.01364
142.154,1,470,0.0136893
143.02,1,469.5,0.0137417
143.886,1,469,0.0137943
144.752,1,468.5,0.0138238
145.618,1,468,0.0138507
146.484,1,467.5,0.0138741
147.35,1,467,0.0138848
148.216,1,466.5,0.0138938
149.082,1,466,0.0139033
149.948,1,465.5,0.013893
150.814,1,465,0.0138825
151.68,1,464.5,0.0138717
152.546,1,464,0.0138536
153.412,1,463.5,0.0138349
154.278,1,463,0.0138047
155.144,1,462.5,0.0137657
156.01,1,462,0.0137234
156.876,1,461.5,0.0136803
157.742,1,461,0.0136335
158.608,1,460.5,0.0135971
159.474,1,460,0.0135732
160.34,1,459.5,0.013547
161.206,1,459,0.0135179
162.072,1,458.5,0.0134872
162.939,1,458,0.0134547
163.805,1,457.5,0.013406
164.671,1,457,0.0133583
165.537,1,456.5,0.0133121
166.403,1,456,0.0132693
167.269,1,455.5,0.0132275
168.135,1,455,0.0131834
169.001,1,454.5,0.0131389
169.867,1,454,0.0130946
170.733,1,453.5,0.0130505
171.599,1,453,0.0130058
172.465,1,452.5,0.0129613
173.331,1,452,0.0129224
174.197,1,451.5,0.012883
175.063,1,451,0.012844
175.929,1,450.5,0.0128064
176.795,1,450,0.0127675
177.661,1,449.5,0.0127206
178.527,1,449,0.0126695
179.393,1,448.5,0.0126161
180.259,1,448,0.0125584
181.125,1,447.5,0.0125006
181.991,1,447,0.012445
182.857,1,446.5,0.0124058
183.723,1,446,0.0123669
184.589,1,445.5,0.0123282
185.455,1,445,0.0122864
186.321,1,444.5,0.0122452
187.187,1,444,0.0121956
188.053,1,443.5,0.0121427
188.919,1,443,0.0120907
189.785,1,442.5,0.0120396
190.651,1,442,0.0119919
191.517,1,441.5,0.0119482
192.383,1,441,0.0119138
193.249,1,440.5,0.0118822
194.115,1,440,0.0118535
194.981,1,439.5,0.0118265
195.847,1,439,0.0117989
196.714,1,438.5,0.0117595
197.58,1,438,0.0117199
198.446,1,437.5,0.0116847
199.312,1,437,0.01166
200.178,1,436.5,0.011645
201.044,1,436,0.0116391
201.91,1,435.5,0.0116579
202.776,1,435,0.0116766
203.642,1,434.5,0.0116952
204.508,1,434,0.0117336
205.374,1,433.5,0.0117731
206.24,1,433,0.0118244
207.106,1,432.5,0.0119019
207.972,1,432,0.011987
208.838,1,431.5,0.0120727
209.704,1,431,0.0121844
210.57,1,430.5,0.0123062
211.436,1,430,0.0124141
212.302,1,429.5,0.0125341
213.168,1,429,0.0126694
214.034,1,428.5,0.0128043
214.9,1,428,0.0129433
215.766,1,427.5,0.013112
216.632,1,427,0.0132839
217.498,1,426.5,0.0134564
218.364,1,426,0.0136332
219.23,1,425.5,0.0138093
220.096,1,425,0.0139802
220.962,1,424.5,0.0141448
221.828,1,424,0.0143103
222.694,1,423.5,0.0144768
223.56,1,423,0.0146399
224.426,1,422.5,0.0148023
225.292,1,422,0.0149609
226.158,1,421.5,0.0151084
227.024,1,421,0.0152487
227.89,1,420.5,0.0153861
228.756,1,420,0.0155136
229.622,1,419.5,0.0156321
230.488,1,419,0.0157499
231.355,1,418.5,0.0158609
232.221,1,418,0.0159568
233.087,1,417.5,0.0160494
233.953,1,417,0.0161251
234.819,1,416.5,0.0161469
235.685,1,416,0.0161658
236.551,1,415.5,0.0161808
237.417,1,415,0.0161707
238.283,1,414.5,0.0161604
239.149,1,414,0.0161471
240.015,1,413.5,0.016124
240.881,1,413,0.0160994
241.747,1,412.5,0.0160743
242.613,1,412,0.0160389
243.479,1,411.5,0.0159986
244.345,1,411,0.0159524
245.211,1,410.5,0.0158936
246.077,1,410,0.0158253
246.943,1,409.5,0.0157571
247.809,1,409,0.0156831
248.675,1,408.5,0.0155953
249.541,1,408,0.0155049
250.407,1,407.5,0.0154142
251.273,1,407,0.0153194
252.139,1,406.5,0.0152275
253.005,1,406,0.0151382
253.871,1,405.5,0.0150436
254.737,1,405,0.01495
255.603,1,404.5,0.0148574
256.469,1,404,0.0147511
257.335,1,403.5,0.0146447
258.201,1,403,0.0145371
259.067,1,402.5,0.0144126
259.933,1,402,0.0142846
260.799,1,401.5,0.0141579
261.665,1,401,0.0140235
262.531,1,400.5,0.0138826
263.397,1,400,0.0137338
264.263,1,399.5,0.0135821
265.13,1,399,0.0134269
265.996,1,398.5,0.0132732
266.862,1,398,0.0131236
267.728,1,397.5,0.0129909
268.594,1,397,0.012865
269.46,1,396.5,0.012748
270.326,1,396,0.0126681
271.192,1,395.5,0.0125887
272.058,1,395,0.0125097
272.924,1,394.5,0.0124285
273.79,1,394,0.0123419
274.656,1,393.5,0.0122498
275.522,1,393,0.0121117
276.388,1,392.5,0.0119609
277.254,1,392,0.0118107
278.12,1,391.5,0.0116446
278.986,1,391,0.011465
279.852,1,390.5,0.0112765
280.718,1,390,0.0110751
281.584,1,389.5,0.0108578
282.45,1,389,0.0106421
283.316,1,388.5,0.0104297
284.182,1,388,0.0102086
285.048,1,387.5,0.00997745
285.914,1,387,0.00971977
286.78,1,386.5,0.00940583
287.646,1,386,0.00910299
288.512,1,385.5,0.00882351
289.378,1,385,0.00891601
290.244,1,384.5,0.00906517
291.11,1,384,0.00935413
291.976,1,383.5,0.0121251
292.842,1,383,0.0164008
293.708,1,382.5,0.0181302
294.574,1,382,0.0251816
295.44,1,381.5,0.0314193
296.306,1,381,0.0354801
297.172,1,380.5,0.0367034
298.038,1,380,0.0379843
298.905,1,379.5,0.042356
299.771,1,379,0.054023
300.637,1,378.5,0.0624346
301.503,1,378,0.0679022
302.369,1,377.5,0.0697743
303.235,1,377,0.070757
304.101,1,376.5,0.0705357
304.967,1,376,0.0683136
305.833,1,375.5,0.0679326
306.699,1,375,0.0729888
307.565,1,374.5,0.0773282
308.431,1,374,0.0797901
309.297,1,373.5,0.0799824
310.163,1,373,0.0801176
311.029,1,372.5,0.0803902
311.895,1,372,0.0805945
312.761,1,371.5,0.0809216
313.627,1,371,0.0812343
314.493,1,370.5,0.0815025
315.359,1,370,0.0817857
316.225,1,369.5,0.0819571
317.091,1,369,0.0821015
317.957,1,368.5,0.0821882
318.823,1,368,0.0818031
319.689,1,367.5,0.0812068
320.555,1,367,0.0802418
321.421,1,366.5,0.0783862
322.287,1,366,0.0765263
323.153,1,365.5,0.0746926
324.019,1,365,0.0735225
324.885,1,364.5,0.0729187
325.751,1,364,0.0739211
326.617,1,363.5,0.0743755
327.483,1,363,0.0759631
328.349,1,362.5,0.07616
329.215,1,362,0.0769333
330.081,1,361.5,0.0777209
330.947,1,361,0.0761924
331.813,1,360.5,0.0744816
332.679,1,360,0.0721796
333.546,1,359.5,0.0703087
334.412,1,359,0.0690185
335.278,1,358.5,0.0649968
336.144,1,358,0.0593781
337.01,1,357.5,0.0529683
337.876,1,357,0.0454018
338.742,1,356.5,0.037038
339.608,1,356,0.0303051
340.474,1,355.5,0.0265626
341.34,1,355,0.0235244
342.206,1,354.5,0.0220178
343.072,1,354,0.0220156
343.938,1,353.5,0.0221831
344.804,1,353,0.0224515
345.67,1,352.5,0.0227339
346.536,1,352,0.0230398
347.402,1,351.5,0.0236643
348.268,1,351,0.0241132
349.134,1,350.5,0.0243965
350,1,350,0.0248957
350.866,1,349.5,0.0249605
351.732,1,349,0.0248871
352.598,1,348.5,0.024708
353.464,1,348,0.0244462
354.33,1,347.5,0.0240367
355.196,1,347,0.0233344
356.062,1,346.5,0.0228138
356.928,1,346,0.0224308
357.794,1,345.5,0.0215179
358.66,1,345,0.0209102
359.526,1,344.5,0.020315
360.392,1,344,0.0198261
361.258,1,343.5,0.0200154
362.124,1,343,0.0204645
362.99,1,342.5,0.0209281
363.856,1,342,0.0208921
364.722,1,341.5,0.0208226
365.588,1,341,0.0207754
366.454,1,340.5,0.0209047
367.321,1,340,0.0211261
368.187,1,339.5,0.0215763
369.053,1,339,0.0222751
369.919,1,338.5,0.0231342
370.785,1,338,0.0246309
371.651,1,337.5,0.0262747
372.517,1,337,0.0277869
373.383,1,336.5,0.0289253
374.249,1,336,0.0300071
375.115,1,335.5,0.0309128
375.981,1,335,0.0315096
376.847,1,334.5,0.0321764
377.713,1,334,0.0327504
378.579,1,333.5,0.0333025
379.445,1,333,0.0340489
380.311,1,332.5,0.0348846
381.177,1,332,0.0358581
382.043,1,331.5,0.0368499
382.909,1,331,0.0378372
383.775,1,330.5,0.03877
384.641,1,330,0.0397011
385.507,1,329.5,0.0410506
386.373,1,329,0.0425745
387.239,1,328.5,0.0439493
388.105,1,328,0.0448742
388.971,1,327.5,0.0456067
389.837,1,327,0.0461175
390.703,1,326.5,0.0463753
391.569,1,326,0.0463294
392.435,1,325.5,0.0458942
393.301,1,325,0.0453399
394.167,1,324.5,0.0446644
395.033,1,324,0.0438869
395.899,1,323.5,0.0429868
396.765,1,323,0.0419559
397.631,1,322.5,0.0407548
398.497,1,322,0.0391955
399.363,1,321.5,0.0384627
400.229,1,321,0.0377807
401.095,1,320.5,0.0376089
401.962,1,320,0.0390164
402.828,1,319.5,0.0418267
403.694,1,319,0.0423043
404.56,1,318.5,0.0426584
405.426,1,318,0.0428951
406.292,1,317.5,0.0429205
407.158,1,317,0.0427582
408.024,1,316.5,0.0426908
408.89,1,316,0.0427548
409.756,1,315.5,0.0430738
410.622,1,315,0.0432084
411.488,1,314.5,0.0431896
412.354,1,314,0.0430468
413.22,1,313.5,0.0433869
414.086,1,313,0.0441045
414.952,1,312.5,0.0436231
415.818,1,312,0.0430901
416.684,1,311.5,0.0427172
417.55,1,311,0.042278
418.416,1,310.5,0.0414293
419.282,1,310,0.0401828
420.148,1,309.5,0.0396683
421.014,1,309,0.0398612
421.88,1,308.5,0.0400915
422.746,1,308,0.0403731
423.612,1,307.5,0.040867
424.478,1,307,0.0401643
425.344,1,306.5,0.0408255
426.21,1,306,0.0425237
427.076,1,305.5,0.0410333
427.942,1,305,0.0404923
428.808,1,304.5,0.0402629
429.674,1,304,0.0400518
430.54,1,303.5,0.0402272
431.406,1,303,0.0406125
432.272,1,302.5,0.0420918
433.138,1,302,0.0438897
434.004,1,301.5,0.0458309
434.87,1,301,0.0477287
435.737,1,300.5,0.0493424
436.603,1,300,0.0501483
437.469,1,299.5,0.0511399
438.335,1,299,0.0516181
439.201,1,298.5,0.0518671
440.067,1,298,0.0519079
440.933,1,297.5,0.051825
441.799,1,297,0.0513102
442.665,1,296.5,0.0507525
443.531,1,296,0.0501529
444.397,1,295.5,0.0501573
445.263,1,295,0.0506689
446.129,1,294.5,0.0513169
446.995,1,294,0.0515532
447.861,1,293.5,0.0513916
448.727,1,293,0.051206
449.593,1,292.5,0.0510424
450.459,1,292,0.0509034
451.325,1,291.5,0.0507343
452.191,1,291,0.0506278
453.057,1,290.5,0.0510678
453.923,1,290,0.0517972
454.789,1,289.5,0.0531534
455.655,1,289,0.0541995
456.521,1,288.5,0.0550266
457.387,1,288,0.0561744
458.253,1,287.5,0.0601512
459.119,1,287,0.0663047
459.985,1,286.5,0.0701409
460.851,1,286,0.0736929
461.717,1,285.5,0.0745567
462.583,1,285,0.0742969
463.449,1,284.5,0.0747063
464.315,1,284,0.0723211
465.181,1,283.5,0.070294
466.047,1,283,0.0644677
466.913,1,282.5,0.0569472
467.779,1,282,0.0571182
468.645,1,281.5,0.0616047
469.512,1,281,0.062568
470.378,1,280.5,0.0633553
471.244,1,280,0.0643122
472.11,1,279.5,0.0659926
472.976,1,279,0.0676322
473.842,1,278.5,0.0708758
474.708,1,278,0.0716965
475.574,1,277.5,0.0726075
476.44,1,277,0.0723493
477.306,1,276.5,0.0724166
478.172,1,276,0.0726967
479.038,1,275.5,0.0728237
479.904,1,275,0.0728191
480.77,1,274.5,0.0726991
481.636,1,274,0.0719754
482.502,1,273.5,0.0712304
483.368,1,273,0.0700661
484.234,1,272.5,0.0689086
485.1,1,272,0.0681194
485.966,1,271.5,0.0695125
486.832,1,271,0.0706925
487.698,1,270.5,0.0709712
488.564,1,270,0.0707554
489.43,1,269.5,0.0701821
490.296,1,269,0.0684806
491.162,1,268.5,0.0654351
492.028,1,268,0.0613625
492.894,1,267.5,0.0561056
493.76,1,267,0.0507104
494.626,1,266.5,0.0442139
495.492,1,266,0.0371903
496.358,1,265.5,0.0315593
497.224,1,265,0.0282465
498.09,1,264.5,0.0278622
498.956,1,264,0.0289567
499.822,1,263.5,0.029756
500.688,1,263,0.0325616
501.554,1,262.5,0.0365911
502.42,1,262,0.0340583
503.286,1,261.5,0.0324444
504.153,1,261,0.0286056
505.019,1,260.5,0.0259954
505.885,1,260,0.024419
506.751,1,259.5,0.0237593
507.617,1,259,0.0236475
508.483,1,258.5,0.0236813
509.349,1,258,0.0236391
510.215,1,257.5,0.0237004
511.081,1,257,0.0235204
511.947,1,256.5,0.023551
512.813,1,256,0.0243892
513.679,1,255.5,0.0253174
514.545,1,255,0.0261093
515.411,1,254.5,0.0282709
516.277,1,254,0.0305223
517.143,1,253.5,0.0319932
518.009,1,253,0.0320636
518.875,1,252.5,0.0318604
519.741,1,252,0.0317245
520.607,1,251.5,0.031483
521.473,1,251,0.0311597
522.339,1,250.5,0.0315509
523.205,1,250,0.0327384
524.071,1,249.5,0.0339454
524.937,1,249,0.03502
525.803,1,248.5,0.0352182
526.669,1,248,0.0349198
527.535,1,247.5,0.0336137
528.401,1,247,0.0313034
529.267,1,246.5,0.0289428
530.133,1,246,0.0262501
530.999,1,245.5,0.0280144
531.865,1,245,0.0278442
532.731,1,244.5,0.0277835
533.597,1,244,0.0272275
534.463,1,243.5,0.0265558
535.329,1,243,0.0230375
536.195,1,242.5,0.0224164
537.061,1,242,0.0230885
537.928,1,241.5,0.0233969
538.794,1,241,0.0239581
539.66,1,240.5,0.0244876
540.526,1,240,0.0247813
541.392,1,239.5,0.0268494
542.258,1,239,0.0292455
543.124,1,238.5,0.0315026
543.99,1,238,0.0339085
544.856,1,237.5,0.0359
545.722,1,237,0.036615
546.588,1,236.5,0.036954
547.454,1,236,0.0368745
548.32,1,235.5,0.0364487
549.186,1,235,0.036135
550.052,1,234.5,0.0417201
550.918,1,234,0.0418216
551.784,1,233.5,0.0401279
552.65,1,233,0.038464
553.516,1,232.5,0.0374386
554.382,1,232,0.03653
555.248,1,231.5,0.0360243
556.114,1,231,0.0359931
556.98,1,230.5,0.0354373
557.846,1,230,0.0347794
558.712,1,229.5,0.0342152
559.578,1,229,0.0331171
560.444,1,228.5,0.0313281
561.31,1,228,0.0292477
562.176,1,227.5,0.024826
563.042,1,227,0.0231434
563.908,1,226.5,0.0236852
564.774,1,226,0.0220751
565.64,1,225.5,0.0209789
566.506,1,225,0.0199835
567.372,1,224.5,0.0194774
568.238,1,224,0.0200349
569.104,1,223.5,0.0205651
569.97,1,223,0.0210578
570.836,1,222.5,0.0215652
571.703,1,222,0.0219769
572.569,1,221.5,0.0222953
573.435,1,221,0.022358
574.301,1,220.5,0.0223082
575.167,1,220,0.0221567
576.033,1,219.5,0.0214406
576.899,1,219,0.0205078
577.765,1,218.5,0.0196023
578.631,1,218,0.0187244
579.497,1,217.5,0.0179403
580.363,1,217,0.0171954
581.229,1,216.5,0.0165938
582.095,1,216,0.0162593
582.961,1,215.5,0.0160323
583.827,1,215,0.0159139
584.693,1,214.5,0.0159272
585.559,1,214,0.0160457
586.425,1,213.5,0.0161736
587.291,1,213,0.0162187
588.157,1,212.5,0.0162353
589.023,1,212,0.0162337
589.889,1,211.5,0.0161131
590.755,1,211,0.0159572
591.621,1,210.5,0.0157966
592.487,1,210,0.0156482
593.353,1,209.5,0.01551
594.219,1,209,0.0153659
595.085,1,208.5,0.015221
595.951,1,208,0.0150873
596.817,1,207.5,0.0149501
597.683,1,207,0.0148166
598.549,1,206.5,0.0147009
599.415,1,206,0.0145514
600.281,1,205.5,0.014406
601.147,1,205,0.014315
602.013,1,204.5,0.014227
602.879,1,204,0.0141421
603.745,1,203.5,0.0141059
604.611,1,203,0.014082
605.477,1,202.5,0.0140569
606.344,1,202,0.0140409
607.21,1,201.5,0.0140267
608.076,1,201,0.0140112
608.942,1,200.5,0.0140162
609.808,1,200,0.0140218
