x,y,z,b
90.1924,1,500,0.0140143
91.0584,1,499.5,0.0139697
91.9244,1,499,0.013905
92.7905,1,498.5,0.0138193
93.6565,1,498,0.0137341
94.5225,1,497.5,0.0136489
95.3885,1,497,0.0135664
96.2546,1,496.5,0.0134918
97.1206,1,496,0.0133901
97.9866,1,495.5,0.0132594
98.8526,1,495,0.0131093
99.7187,1,494.5,0.0129398
100.585,1,494,0.0128362
101.451,1,493.5,0.0127472
102.317,1,493,0.012779
103.183,1,492.5,0.0128442
104.049,1,492,0.012915
104.915,1,491.5,0.0129799
105.781,1,491,0.0130401
106.647,1,490.5,0.0129926
107.513,1,490,0.0128946
108.379,1,489.5,0.0128095
109.245,1,489,0.0127496
110.111,1,488.5,0.0127101
110.977,1,488,0.0127246
111.843,1,487.5,0.0128502
112.709,1,487,0.0129223
113.575,1,486.5,0.0129418
114.441,1,486,0.0129099
115.307,1,485.5,0.0128158
116.173,1,485,0.0127822
117.039,1,484.5,0.0128539
117.905,1,484,0.0129732
118.771,1,483.5,0.0131393
119.637,1,483,0.0133515
120.503,1,482.5,0.0135194
121.369,1,482,0.0134015
122.235,1,481.5,0.0132396
123.101,1,481,0.0130432
123.967,1,480.5,0.0128169
124.833,1,480,0.0125592
125.699,1,479.5,0.0126961
126.565,1,479,0.0129714
127.431,1,478.5,0.0132576
128.297,1,478,0.0135352
129.164,1,477.5,0.013808
130.03,1,477,0.0139365
130.896,1,476.5,0.0137464
131.762,1,476,0.0135812
132.628,1,475.5,0.0134409
133.494,1,475,0.0133294
134.36,1,474.5,0.0132515
135.226,1,474,0.0133944
136.092,1,473.5,0.0135496
136.958,1,473,0.0136719
137.824,1,472.5,0.0137617
138.69,1,472,0.0138003
139.556,1,471.5,0.0137597
140.422,1,471,0.0136944
141.288,1,470.5,0.0136994
142.154,1,470,0.0137844
143.02,1,469.5,0.0139533
143.886,1,469,0.0141619
144.752,1,468.5,0.0140756
145.618,1,468,0.0139378
146.484,1,467.5,0.0137739
147.35,1,467,0.0135823
148.216,1,466.5,0.0133882
149.082,1,466,0.0133706
149.948,1,465.5,0.0136068
150.814,1,465,0.0138437
151.68,1,464.5,0.0140813
152.546,1,464,0.0143211
153.412,1,463.5,0.014553
154.278,1,463,0.0144276
155.144,1,462.5,0.0142797
156.01,1,462,0.0141291
156.876,1,461.5,0.0139779
157.742,1,461,0.0138081
158.608,1,460.5,0.0137265
159.474,1,460,0.0137654
160.34,1,459.5,0.0138226
161.206,1,459,0.0139008
162.072,1,458.5,0.0139962
162.939,1,458,0.0141066
163.805,1,457.5,0.0139674
164.671,1,457,0.0138239
165.537,1,456.5,0.0136791
166.403,1,456,0.0135568
167.269,1,455.5,0.0134402
168.135,1,455,0.0134768
169.001,1,454.5,0.0136768
169.867,1,454,0.0138396
170.733,1,453.5,0.013963
171.599,1,453,0.0140482
172.465,1,452.5,0.014082
173.331,1,452,0.0141385
174.197,1,451.5,0.0142166
175.063,1,451,0.0143242
175.929,1,450.5,0.014464
176.795,1,450,0.0146371
177.661,1,449.5,0.0147101
178.527,1,449,0.0146783
179.393,1,448.5,0.0146152
180.259,1,448,0.0145174
181.125,1,447.5,0.0143885
181.991,1,447,0.0142687
182.857,1,446.5,0.0143976
183.723,1,446,0.0145476
184.589,1,445.5,0.0147183
185.455,1,445,0.014906
186.321,1,444.5,0.0151243
187.187,1,444,0.0150708
188.053,1,443.5,0.0148452
188.919,1,443,0.0146137
189.785,1,442.5,0.0143789
190.651,1,442,0.0141458
191.517,1,441.5,0.0140036
192.383,1,441,0.0141948
193.249,1,440.5,0.0143876
194.115,1,440,0.0145751
194.981,1,439.5,0.0147549
195.847,1,439,0.0149208
196.714,1,438.5,0.0149061
197.58,1,438,0.0148387
198.446,1,437.5,0.0147746
199.312,1,437,0.0147108
200.178,1,436.5,0.0146649
201.044,1,436,0.0146701
201.91,1,435.5,0.0147663
202.776,1,435,0.0148556
203.642,1,434.5,0.014938
204.508,1,434,0.0149765
205.374,1,433.5,0.0149959
206.24,1,433,0.0149481
207.106,1,432.5,0.0148452
207.972,1,432,0.0147326
208.838,1,431.5,0.0146232
209.704,1,431,0.0144957
210.57,1,430.5,0.0143443
211.436,1,430,0.0141667
212.302,1,429.5,0.0139827
213.168,1,429,0.0137927
214.034,1,428.5,0.0136057
214.9,1,428,0.0134317
215.766,1,427.5,0.0132777
216.632,1,427,0.0131346
217.498,1,426.5,0.0130117
218.364,1,426,0.0129451
219.23,1,425.5,0.0128868
220.096,1,425,0.0128688
220.962,1,424.5,0.0129297
221.828,1,424,0.0130011
222.694,1,423.5,0.0130826
223.56,1,423,0.0131541
224.426,1,422.5,0.0132238
225.292,1,422,0.0130835
226.158,1,421.5,0.0129112
227.024,1,421,0.0127639
227.89,1,420.5,0.0126618
228.756,1,420,0.0126165
229.622,1,419.5,0.0126991
230.488,1,419,0.0128336
231.355,1,418.5,0.0129212
232.221,1,418,0.0129376
233.087,1,417.5,0.0128728
233.953,1,417,0.0127462
234.819,1,416.5,0.0126492
235.685,1,416,0.0125926
236.551,1,415.5,0.0125792
237.417,1,415,0.0126798
238.283,1,414.5,0.0128162
239.149,1,414,0.0129344
240.015,1,413.5,0.0130291
240.881,1,413,0.0130868
241.747,1,412.5,0.0130996
242.613,1,412,0.0131486
243.479,1,411.5,0.0132281
244.345,1,411,0.0134779
245.211,1,410.5,0.0136776
246.077,1,410,0.0138414
246.943,1,409.5,0.0139827
247.809,1,409,0.0140478
248.675,1,408.5,0.0139479
249.541,1,408,0.0138219
250.407,1,407.5,0.0137044
251.273,1,407,0.0135164
252.139,1,406.5,0.0133365
253.005,1,406,0.0131643
253.871,1,405.5,0.0129357
254.737,1,405,0.0126598
255.603,1,404.5,0.0123365
256.469,1,404,0.0122488
257.335,1,403.5,0.012178
258.201,1,403,0.0121182
259.067,1,402.5,0.0122784
259.933,1,402,0.0125365
260.799,1,401.5,0.0128377
261.665,1,401,0.0133844
262.531,1,400.5,0.0140665
263.397,1,400,0.0146621
264.263,1,399.5,0.0151275
265.13,1,399,0.0154334
265.996,1,398.5,0.0157476
266.862,1,398,0.016046
267.728,1,397.5,0.016321
268.594,1,397,0.0165947
269.46,1,396.5,0.0168441
270.326,1,396,0.0170256
271.192,1,395.5,0.0172136
272.058,1,395,0.0173875
272.924,1,394.5,0.0191977
273.79,1,394,0.0217271
274.656,1,393.5,0.0226987
275.522,1,393,0.0236484
276.388,1,392.5,0.0244209
277.254,1,392,0.0247535
278.12,1,391.5,0.0251439
278.986,1,391,0.0255893
279.852,1,390.5,0.0260004
280.718,1,390,0.0264555
281.584,1,389.5,0.0269546
282.45,1,389,0.0272295
283.316,1,388.5,0.0273893
284.182,1,388,0.0254326
285.048,1,387.5,0.0247241
285.914,1,387,0.0239684
286.78,1,386.5,0.0240103
287.646,1,386,0.0241662
288.512,1,385.5,0.0242737
289.378,1,385,0.0241926
290.244,1,384.5,0.0240058
291.11,1,384,0.0234364
291.976,1,383.5,0.022488
292.842,1,383,0.0215063
293.708,1,382.5,0.0204697
294.574,1,382,0.0197323
295.44,1,381.5,0.0197772
296.306,1,381,0.0190932
297.172,1,380.5,0.0184347
298.038,1,380,0.0183099
298.905,1,379.5,0.0180528
299.771,1,379,0.0183467
300.637,1,378.5,0.0187702
301.503,1,378,0.0191172
302.369,1,377.5,0.0185012
303.235,1,377,0.017831
304.101,1,376.5,0.0174028
304.967,1,376,0.0174566
305.833,1,375.5,0.0175393
306.699,1,375,0.018095
307.565,1,374.5,0.0189789
308.431,1,374,0.0196749
309.297,1,373.5,0.0204046
310.163,1,373,0.0209341
311.029,1,372.5,0.0213862
311.895,1,372,0.0219448
312.761,1,371.5,0.0221323
313.627,1,371,0.0221545
314.493,1,370.5,0.0215808
315.359,1,370,0.0207232
316.225,1,369.5,0.0199237
317.091,1,369,0.0189272
317.957,1,368.5,0.0179641
318.823,1,368,0.0183875
319.689,1,367.5,0.0188891
320.555,1,367,0.021513
321.421,1,366.5,0.0274744
322.287,1,366,0.0316049
323.153,1,365.5,0.0335607
324.019,1,365,0.0350331
324.885,1,364.5,0.0375995
325.751,1,364,0.0399655
326.617,1,363.5,0.0421258
327.483,1,363,0.0445891
328.349,1,362.5,0.0466211
329.215,1,362,0.0478116
330.081,1,361.5,0.0488663
330.947,1,361,0.0508051
331.813,1,360.5,0.0538879
332.679,1,360,0.0569338
333.546,1,359.5,0.0592134
334.412,1,359,0.0614751
335.278,1,358.5,0.0639004
336.144,1,358,0.0667504
337.01,1,357.5,0.0701572
337.876,1,357,0.0733568
338.742,1,356.5,0.0709925
339.608,1,356,0.0685564
340.474,1,355.5,0.0676454
341.34,1,355,0.0687059
342.206,1,354.5,0.0725741
343.072,1,354,0.0757149
343.938,1,353.5,0.078914
344.804,1,353,0.0750543
345.67,1,352.5,0.071758
346.536,1,352,0.066322
347.402,1,351.5,0.0594171
348.268,1,351,0.0527604
349.134,1,350.5,0.0437839
350,1,350,0.0522905
350.866,1,349.5,0.0444605
351.732,1,349,0.0456727
352.598,1,348.5,0.045253
353.464,1,348,0.0446655
354.33,1,347.5,0.0507475
355.196,1,347,0.0548364
356.062,1,346.5,0.0604107
356.928,1,346,0.0640845
357.794,1,345.5,0.0674401
358.66,1,345,0.0709196
359.526,1,344.5,0.0744413
360.392,1,344,0.0760646
361.258,1,343.5,0.0786469
362.124,1,343,0.0818246
362.99,1,342.5,0.0814657
363.856,1,342,0.0810621
364.722,1,341.5,0.0814362
365.588,1,341,0.0812219
366.454,1,340.5,0.0803851
367.321,1,340,0.0798143
368.187,1,339.5,0.0787884
369.053,1,339,0.0763801
369.919,1,338.5,0.0723312
370.785,1,338,0.0639788
371.651,1,337.5,0.056553
372.517,1,337,0.0516817
373.383,1,336.5,0.0480963
374.249,1,336,0.0454366
375.115,1,335.5,0.0434489
375.981,1,335,0.0422266
376.847,1,334.5,0.0416457
377.713,1,334,0.0421071
378.579,1,333.5,0.0416095
379.445,1,333,0.0408391
380.311,1,332.5,0.039769
381.177,1,332,0.0388011
382.043,1,331.5,0.0383184
382.909,1,331,0.0375304
383.775,1,330.5,0.0349857
384.641,1,330,0.0333758
385.507,1,329.5,0.0336133
386.373,1,329,0.0339191
387.239,1,328.5,0.0336598
388.105,1,328,0.0334987
388.971,1,327.5,0.0334863
389.837,1,327,0.0335213
390.703,1,326.5,0.0337651
391.569,1,326,0.0341408
392.435,1,325.5,0.0341479
393.301,1,325,0.0351938
394.167,1,324.5,0.0379615
395.033,1,324,0.0392647
395.899,1,323.5,0.0398626
396.765,1,323,0.0402447
397.631,1,322.5,0.0404704
398.497,1,322,0.0407667
399.363,1,321.5,0.0410438
400.229,1,321,0.0413383
401.095,1,320.5,0.0414872
401.962,1,320,0.0414365
402.828,1,319.5,0.0412627
403.694,1,319,0.0409243
404.56,1,318.5,0.0405008
405.426,1,318,0.0402415
406.292,1,317.5,0.0398946
407.158,1,317,0.0394682
408.024,1,316.5,0.0389831
408.89,1,316,0.0384698
409.756,1,315.5,0.0384415
410.622,1,315,0.0385526
411.488,1,314.5,0.0386439
412.354,1,314,0.0388602
413.22,1,313.5,0.038994
414.086,1,313,0.0390701
414.952,1,312.5,0.0395559
415.818,1,312,0.0399953
416.684,1,311.5,0.0402981
417.55,1,311,0.0407208
418.416,1,310.5,0.041123
419.282,1,310,0.0418158
420.148,1,309.5,0.0427275
421.014,1,309,0.0436821
421.88,1,308.5,0.0444477
422.746,1,308,0.0449761
423.612,1,307.5,0.0453391
424.478,1,307,0.0457258
425.344,1,306.5,0.0460111
426.21,1,306,0.0458939
427.076,1,305.5,0.0458085
427.942,1,305,0.0457513
428.808,1,304.5,0.0455702
429.674,1,304,0.0454184
430.54,1,303.5,0.045262
431.406,1,303,0.0450991
432.272,1,302.5,0.0448925
433.138,1,302,0.0445435
434.004,1,301.5,0.043968
434.87,1,301,0.0433604
435.737,1,300.5,0.0426948
436.603,1,300,0.042205
437.469,1,299.5,0.0420814
438.335,1,299,0.0420785
439.201,1,298.5,0.0419725
440.067,1,298,0.0417546
440.933,1,297.5,0.0407743
441.799,1,297,0.0407906
442.665,1,296.5,0.0410255
443.531,1,296,0.0413721
444.397,1,295.5,0.0422847
445.263,1,295,0.0429403
446.129,1,294.5,0.0432246
446.995,1,294,0.0434741
447.861,1,293.5,0.0431544
448.727,1,293,0.0427943
449.593,1,292.5,0.0424573
450.459,1,292,0.042047
451.325,1,291.5,0.0416168
452.191,1,291,0.0412373
453.057,1,290.5,0.0410697
453.923,1,290,0.0410615
454.789,1,289.5,0.0411651
455.655,1,289,0.0413378
456.521,1,288.5,0.0414868
457.387,1,288,0.0413506
458.253,1,287.5,0.0411636
459.119,1,287,0.040859
459.985,1,286.5,0.0405554
460.851,1,286,0.0402375
461.717,1,285.5,0.0398694
462.583,1,285,0.0395084
463.449,1,284.5,0.0390723
464.315,1,284,0.0382549
465.181,1,283.5,0.037317
466.047,1,283,0.0362709
466.913,1,282.5,0.0353913
467.779,1,282,0.0345815
468.645,1,281.5,0.0338396
469.512,1,281,0.0334338
470.378,1,280.5,0.0331745
471.244,1,280,0.0329026
472.11,1,279.5,0.0326514
472.976,1,279,0.0324309
473.842,1,278.5,0.0321449
474.708,1,278,0.0319
475.574,1,277.5,0.0318262
476.44,1,277,0.0316508
477.306,1,276.5,0.0315233
478.172,1,276,0.0317898
479.038,1,275.5,0.0320043
479.904,1,275,0.0322138
480.77,1,274.5,0.0340277
481.636,1,274,0.0386492
482.502,1,273.5,0.0383583
483.368,1,273,0.0346987
484.234,1,272.5,0.034158
485.1,1,272,0.0339987
485.966,1,271.5,0.0336259
486.832,1,271,0.0330537
487.698,1,270.5,0.0323786
488.564,1,270,0.0316326
489.43,1,269.5,0.0309754
490.296,1,269,0.030626
491.162,1,268.5,0.03029
492.028,1,268,0.0299369
492.894,1,267.5,0.0295068
493.76,1,267,0.0290708
494.626,1,266.5,0.0289697
495.492,1,266,0.0290858
496.358,1,265.5,0.0289796
497.224,1,265,0.0288526
498.09,1,264.5,0.028621
498.956,1,264,0.0282848
499.822,1,263.5,0.0283185
500.688,1,263,0.0282474
501.554,1,262.5,0.0279288
502.42,1,262,0.0273285
503.286,1,261.5,0.0266976
504.153,1,261,0.0263015
505.019,1,260.5,0.0265655
505.885,1,260,0.0268194
506.751,1,259.5,0.0270051
507.617,1,259,0.0271861
508.483,1,258.5,0.0274112
509.349,1,258,0.0279973
510.215,1,257.5,0.0287139
511.081,1,257,0.0295273
511.947,1,256.5,0.0302524
512.813,1,256,0.0309551
513.679,1,255.5,0.0323507
514.545,1,255,0.0344077
515.411,1,254.5,0.0363691
516.277,1,254,0.038409
517.143,1,253.5,0.0402131
518.009,1,253,0.0417758
518.875,1,252.5,0.0424365
519.741,1,252,0.0428504
520.607,1,251.5,0.0431462
521.473,1,251,0.0431039
522.339,1,250.5,0.0429059
523.205,1,250,0.0427547
524.071,1,249.5,0.0425822
524.937,1,249,0.0423091
525.803,1,248.5,0.0420684
526.669,1,248,0.0417766
527.535,1,247.5,0.0413933
528.401,1,247,0.0411908
529.267,1,246.5,0.0412396
530.133,1,246,0.0419068
530.999,1,245.5,0.0417707
531.865,1,245,0.0417148
532.731,1,244.5,0.0417391
533.597,1,244,0.0416273
534.463,1,243.5,0.0412197
535.329,1,243,0.0407524
536.195,1,242.5,0.040359
537.061,1,242,0.0400553
537.928,1,241.5,0.0398411
538.794,1,241,0.0397391
539.66,1,240.5,0.0397897
540.526,1,240,0.0397978
541.392,1,239.5,0.0397637
542.258,1,239,0.0396871
543.124,1,238.5,0.0395681
543.99,1,238,0.0394068
544.856,1,237.5,0.0394261
545.722,1,237,0.039467
546.588,1,236.5,0.0394553
547.454,1,236,0.0389098
548.32,1,235.5,0.0386697
549.186,1,235,0.0391043
550.052,1,234.5,0.0387257
550.918,1,234,0.0381543
551.784,1,233.5,0.0375425
552.65,1,233,0.0368904
553.516,1,232.5,0.0361979
554.382,1,232,0.0349107
555.248,1,231.5,0.0337135
556.114,1,231,0.0329299
556.98,1,230.5,0.0321745
557.846,1,230,0.0269808
558.712,1,229.5,0.0248126
559.578,1,229,0.0235438
560.444,1,228.5,0.0228716
561.31,1,228,0.0225992
562.176,1,227.5,0.0223731
563.042,1,227,0.0219978
563.908,1,226.5,0.0216612
564.774,1,226,0.0213633
565.64,1,225.5,0.021166
566.506,1,225,0.0211444
567.372,1,224.5,0.0211979
568.238,1,224,0.0217273
569.104,1,223.5,0.0224404
569.97,1,223,0.0233331
570.836,1,222.5,0.0245869
571.703,1,222,0.0258402
572.569,1,221.5,0.0270154
573.435,1,221,0.0274397
574.301,1,220.5,0.0275285
575.167,1,220,0.0275849
576.033,1,219.5,0.0271412
576.899,1,219,0.0263709
577.765,1,218.5,0.0256539
578.631,1,218,0.0251655
579.497,1,217.5,0.0249201
580.363,1,217,0.0247179
581.229,1,216.5,0.0247127
582.095,1,216,0.0251019
582.961,1,215.5,0.025455
583.827,1,215,0.0257787
584.693,1,214.5,0.0261467
585.559,1,214,0.026391
586.425,1,213.5,0.0266339
587.291,1,213,0.0269663
588.157,1,212.5,0.0272883
589.023,1,212,0.0275872
589.889,1,211.5,0.0278338
590.755,1,211,0.0281225
591.621,1,210.5,0.02845
592.487,1,210,0.0289037
593.353,1,209.5,0.029494
594.219,1,209,0.0301521
595.085,1,208.5,0.0306915
595.951,1,208,0.0309958
596.817,1,207.5,0.0312805
597.683,1,207,0.0314453
598.549,1,206.5,0.0312965
599.415,1,206,0.03103
600.281,1,205.5,0.030641
601.147,1,205,0.0297039
602.013,1,204.5,0.0286059
602.879,1,204,0.027347
603.745,1,203.5,0.0265057
604.611,1,203,0.0259233
605.477,1,202.5,0.0255137
606.344,1,202,0.0255066
607.21,1,201.5,0.0256001
608.076,1,201,0.0257149
608.942,1,200.5,0.0260105
609.808,1,200,0.0264247
