x,y,z,b
90.1924,1,500,0.0128117
91.0584,1,499.5,0.0128112
91.9244,1,499,0.0128107
92.7905,1,498.5,0.0128101
93.6565,1,498,0.0128094
94.5225,1,497.5,0.0128088
95.3885,1,497,0.012808
96.2546,1,496.5,0.0128073
97.1206,1,496,0.0128065
97.9866,1,495.5,0.0128056
98.8526,1,495,0.0128046
99.7187,1,494.5,0.0128037
100.585,1,494,0.0128023
101.451,1,493.5,0.0128009
102.317,1,493,0.0127995
103.183,1,492.5,0.0127978
104.049,1,492,0.0127959
104.915,1,491.5,0.012794
105.781,1,491,0.0127919
106.647,1,490.5,0.0127896
107.513,1,490,0.0127873
108.379,1,489.5,0.0127851
109.245,1,489,0.0127827
110.111,1,488.5,0.0127804
110.977,1,488,0.0127782
111.843,1,487.5,0.0127763
112.709,1,487,0.0127744
113.575,1,486.5,0.0127726
114.441,1,486,0.0127716
115.307,1,485.5,0.0127706
116.173,1,485,0.0127695
117.039,1,484.5,0.0127691
117.905,1,484,0.0127687
118.771,1,483.5,0.0127683
119.637,1,483,0.0127682
120.503,1,482.5,0.012768
121.369,1,482,0.0127679
122.235,1,481.5,0.0127679
123.101,1,481,0.012768
123.967,1,480.5,0.0127681
124.833,1,480,0.0127682
125.699,1,479.5,0.0127683
126.565,1,479,0.0127684
127.431,1,478.5,0.0127684
128.297,1,478,0.0127685
129.164,1,477.5,0.0127685
130.03,1,477,0.0127685
130.896,1,476.5,0.0127685
131.762,1,476,0.0127684
132.628,1,475.5,0.0127683
133.494,1,475,0.0127682
134.36,1,474.5,0.0127681
135.226,1,474,0.0127679
136.092,1,473.5,0.0127677
136.958,1,473,0.0127675
137.824,1,472.5,0.0127673
138.69,1,472,0.0127671
139.556,1,471.5,0.0127669
140.422,1,471,0.0127667
141.288,1,470.5,0.0127665
142.154,1,470,0.0127663
143.02,1,469.5,0.0127661
143.886,1,469,0.0127659
144.752,1,468.5,0.0127656
145.618,1,468,0.0127654
146.484,1,467.5,0.0127652
147.35,1,467,0.012765
148.216,1,466.5,0.0127648
149.082,1,466,0.0127646
149.948,1,465.5,0.0127645
150.814,1,465,0.0127643
151.68,1,464.5,0.0127642
152.546,1,464,0.0127641
153.412,1,463.5,0.0127641
154.278,1,463,0.0127641
155.144,1,462.5,0.012764
156.01,1,462,0.012764
156.876,1,461.5,0.012764
157.742,1,461,0.0127639
158.608,1,460.5,0.0127638
159.474,1,460,0.0127637
160.34,1,459.5,0.0127636
161.206,1,459,0.0127633
162.072,1,458.5,0.012763
162.939,1,458,0.0127627
163.805,1,457.5,0.0127622
164.671,1,457,0.0127617
165.537,1,456.5,0.0127612
166.403,1,456,0.0127606
167.269,1,455.5,0.0127599
168.135,1,455,0.0127591
169.001,1,454.5,0.0127584
169.867,1,454,0.0127577
170.733,1,453.5,0.012757
171.599,1,453,0.0127564
172.465,1,452.5,0.0127558
173.331,1,452,0.0127553
174.197,1,451.5,0.0127548
175.063,1,451,0.0127544
175.929,1,450.5,0.012754
176.795,1,450,0.0127536
177.661,1,449.5,0.0127532
178.527,1,449,0.0127528
179.393,1,448.5,0.0127524
180.259,1,448,0.012752
181.125,1,447.5,0.0127516
181.991,1,447,0.0127511
182.857,1,446.5,0.0127508
183.723,1,446,0.0127505
184.589,1,445.5,0.0127501
185.455,1,445,0.0127498
186.321,1,444.5,0.0127495
187.187,1,444,0.0127493
188.053,1,443.5,0.012749
188.919,1,443,0.0127488
189.785,1,442.5,0.0127485
190.651,1,442,0.0127482
191.517,1,441.5,0.0127479
192.383,1,441,0.0127475
193.249,1,440.5,0.0127471
194.115,1,440,0.0127465
194.981,1,439.5,0.012746
195.847,1,439,0.0127456
196.714,1,438.5,0.0127453
197.58,1,438,0.0127451
198.446,1,437.5,0.0127449
199.312,1,437,0.012745
200.178,1,436.5,0.012745
201.044,1,436,0.0127451
201.91,1,435.5,0.0127455
202.776,1,435,0.0127459
203.642,1,434.5,0.0127463
204.508,1,434,0.0127471
205.374,1,433.5,0.012748
206.24,1,433,0.012749
207.106,1,432.5,0.0127504
207.972,1,432,0.012752
208.838,1,431.5,0.0127535
209.704,1,431,0.0127553
210.57,1,430.5,0.0127571
211.436,1,430,0.0127587
212.302,1,429.5,0.0127602
213.168,1,429,0.0127615
214.034,1,428.5,0.0127629
214.9,1,428,0.0127642
215.766,1,427.5,0.012765
216.632,1,427,0.012766
217.498,1,426.5,0.0127668
218.364,1,426,0.0127669
219.23,1,425.5,0.0127671
220.096,1,425,0.0127674
220.962,1,424.5,0.0127669
221.828,1,424,0.0127664
222.694,1,423.5,0.0127659
223.56,1,423,0.0127646
224.426,1,422.5,0.0127632
225.292,1,422,0.012762
226.158,1,421.5,0.0127606
227.024,1,421,0.012759
227.89,1,420.5,0.0127574
228.756,1,420,0.012756
229.622,1,419.5,0.0127549
230.488,1,419,0.0127537
231.355,1,418.5,0.0127528
232.221,1,418,0.0127525
233.087,1,417.5,0.0127522
233.953,1,417,0.012752
234.819,1,416.5,0.0127526
235.685,1,416,0.0127531
236.551,1,415.5,0.0127537
237.417,1,415,0.0127552
238.283,1,414.5,0.0127567
239.149,1,414,0.0127582
240.015,1,413.5,0.0127606
240.881,1,413,0.0127631
241.747,1,412.5,0.0127656
242.613,1,412,0.0127687
243.479,1,411.5,0.012772
244.345,1,411,0.0127752
245.211,1,410.5,0.0127785
246.077,1,410,0.0127821
246.943,1,409.5,0.0127858
247.809,1,409,0.0127896
248.675,1,408.5,0.0127937
249.541,1,408,0.0127978
250.407,1,407.5,0.0128021
251.273,1,407,0.0128067
252.139,1,406.5,0.0128114
253.005,1,406,0.0128161
253.871,1,405.5,0.0128215
254.737,1,405,0.0128271
255.603,1,404.5,0.0128329
256.469,1,404,0.012839
257.335,1,403.5,0.0128453
258.201,1,403,0.0128515
259.067,1,402.5,0.0128543
259.933,1,402,0.0128561
260.799,1,401.5,0.0128578
261.665,1,401,0.0128581
262.531,1,400.5,0.0128575
263.397,1,400,0.0128559
264.263,1,399.5,0.0128531
265.13,1,399,0.0128488
265.996,1,398.5,0.0128441
266.862,1,398,0.0128382
267.728,1,397.5,0.0128302
268.594,1,397,0.012822
269.46,1,396.5,0.0128138
270.326,1,396,0.0128064
271.192,1,395.5,0.012799
272.058,1,395,0.0127916
272.924,1,394.5,0.0127868
273.79,1,394,0.0127822
274.656,1,393.5,0.0127777
275.522,1,393,0.0127733
276.388,1,392.5,0.0127689
277.254,1,392,0.0127645
278.12,1,391.5,0.0127618
278.986,1,391,0.01276
279.852,1,390.5,0.0127583
280.718,1,390,0.0127574
281.584,1,389.5,0.0127568
282.45,1,389,0.012756
283.316,1,388.5,0.0127555
284.182,1,388,0.0127557
285.048,1,387.5,0.0127559
285.914,1,387,0.0127566
286.78,1,386.5,0.0127594
287.646,1,386,0.0127625
288.512,1,385.5,0.0127659
289.378,1,385,0.0127723
290.244,1,384.5,0.012779
291.11,1,384,0.0127855
291.976,1,383.5,0.0127955
292.842,1,383,0.0128056
293.708,1,382.5,0.0128153
294.574,1,382,0.0128267
295.44,1,381.5,0.0128389
296.306,1,381,0.0128521
297.172,1,380.5,0.0128665
298.038,1,380,0.0128818
298.905,1,379.5,0.0128974
299.771,1,379,0.0129088
300.637,1,378.5,0.012914
301.503,1,378,0.012919
302.369,1,377.5,0.0129213
303.235,1,377,0.0129162
304.101,1,376.5,0.0129105
304.967,1,376,0.0129039
305.833,1,375.5,0.0128935
306.699,1,375,0.0128827
307.565,1,374.5,0.0128715
308.431,1,374,0.0128499
309.297,1,373.5,0.012827
310.163,1,373,0.0128
311.029,1,372.5,0.0127787
311.895,1,372,0.0127668
312.761,1,371.5,0.0127627
313.627,1,371,0.0127782
314.493,1,370.5,0.0128057
315.359,1,370,0.0128272
316.225,1,369.5,0.0128592
317.091,1,369,0.0129042
317.957,1,368.5,0.012952
318.823,1,368,0.0129951
319.689,1,367.5,0.0130286
320.555,1,367,0.0130686
321.421,1,366.5,0.0131109
322.287,1,366,0.0131458
323.153,1,365.5,0.0131791
324.019,1,365,0.0132105
324.885,1,364.5,0.0132303
325.751,1,364,0.0132533
326.617,1,363.5,0.0132796
327.483,1,363,0.0133132
328.349,1,362.5,0.0133541
329.215,1,362,0.0134184
330.081,1,361.5,0.0134582
330.947,1,361,0.0134676
331.813,1,360.5,0.0134579
332.679,1,360,0.013447
333.546,1,359.5,0.0134394
334.412,1,359,0.013408
335.278,1,358.5,0.0133904
336.144,1,358,0.0134145
337.01,1,357.5,0.0134283
337.876,1,357,0.0134402
338.742,1,356.5,0.0134501
339.608,1,356,0.0134142
340.474,1,355.5,0.0133428
341.34,1,355,0.0132944
342.206,1,354.5,0.0132258
343.072,1,354,0.0131166
343.938,1,353.5,0.0128117
344.804,1,353,0.0124573
345.67,1,352.5,0.0120627
346.536,1,352,0.0116689
347.402,1,351.5,0.0112219
348.268,1,351,0.0109524
349.134,1,350.5,0.0106924
350,1,350,0.0102298
350.866,1,349.5,0.00954076
351.732,1,349,0.00892812
352.598,1,348.5,0.00892622
353.464,1,348,0.00963981
354.33,1,347.5,0.0106006
355.196,1,347,0.0119772
356.062,1,346.5,0.0134112
356.928,1,346,0.0148618
357.794,1,345.5,0.0151012
358.66,1,345,0.0150485
359.526,1,344.5,0.0149157
360.392,1,344,0.0143653
361.258,1,343.5,0.0137746
362.124,1,343,0.0132738
362.99,1,342.5,0.0129581
363.856,1,342,0.0126508
364.722,1,341.5,0.0123637
365.588,1,341,0.0121387
366.454,1,340.5,0.0120382
367.321,1,340,0.012373
368.187,1,339.5,0.0128103
369.053,1,339,0.0132219
369.919,1,338.5,0.0136472
370.785,1,338,0.0140371
371.651,1,337.5,0.0141486
372.517,1,337,0.01403
373.383,1,336.5,0.0138964
374.249,1,336,0.0136817
375.115,1,335.5,0.0134621
375.981,1,335,0.0132387
376.847,1,334.5,0.0131277
377.713,1,334,0.0130001
378.579,1,333.5,0.0128624
379.445,1,333,0.0128015
380.311,1,332.5,0.0127499
381.177,1,332,0.0127619
382.043,1,331.5,0.0128808
382.909,1,331,0.0130156
383.775,1,330.5,0.0131566
384.641,1,330,0.0133042
385.507,1,329.5,0.013452
386.373,1,329,0.0135025
387.239,1,328.5,0.0135237
388.105,1,328,0.0135246
388.971,1,327.5,0.0135549
389.837,1,327,0.0135981
390.703,1,326.5,0.0136007
391.569,1,326,0.0136003
392.435,1,325.5,0.0135957
393.301,1,325,0.0135612
394.167,1,324.5,0.0135308
395.033,1,324,0.0135054
395.899,1,323.5,0.0134757
396.765,1,323,0.0134484
397.631,1,322.5,0.013426
398.497,1,322,0.013389
399.363,1,321.5,0.0133511
400.229,1,321,0.0132935
401.095,1,320.5,0.0132115
401.962,1,320,0.0131272
402.828,1,319.5,0.0130467
403.694,1,319,0.0129837
404.56,1,318.5,0.0129418
405.426,1,318,0.0128914
406.292,1,317.5,0.0128462
407.158,1,317,0.012815
408.024,1,316.5,0.0127852
408.89,1,316,0.0127571
409.756,1,315.5,0.0127484
410.622,1,315,0.0127492
411.488,1,314.5,0.012751
412.354,1,314,0.0127503
413.22,1,313.5,0.0127506
414.086,1,313,0.0127522
414.952,1,312.5,0.0127514
415.818,1,312,0.0127497
416.684,1,311.5,0.012748
417.55,1,311,0.0127427
418.416,1,310.5,0.0127355
419.282,1,310,0.0127296
420.148,1,309.5,0.0127202
421.014,1,309,0.012707
421.88,1,308.5,0.0126941
422.746,1,308,0.0126848
423.612,1,307.5,0.0126833
424.478,1,307,0.0126852
425.344,1,306.5,0.0126883
426.21,1,306,0.0126979
427.076,1,305.5,0.0127072
427.942,1,305,0.0127161
428.808,1,304.5,0.0127253
429.674,1,304,0.0127329
430.54,1,303.5,0.0127398
431.406,1,303,0.0127493
432.272,1,302.5,0.012758
433.138,1,302,0.0127653
434.004,1,301.5,0.0127711
434.87,1,301,0.0127759
435.737,1,300.5,0.0127798
436.603,1,300,0.0127821
437.469,1,299.5,0.0127831
438.335,1,299,0.0127851
439.201,1,298.5,0.0127857
440.067,1,298,0.0127844
440.933,1,297.5,0.0127828
441.799,1,297,0.0127811
442.665,1,296.5,0.0127793
443.531,1,296,0.0127768
444.397,1,295.5,0.0127745
445.263,1,295,0.0127731
446.129,1,294.5,0.0127718
446.995,1,294,0.0127706
447.861,1,293.5,0.012771
448.727,1,293,0.0127714
449.593,1,292.5,0.0127715
450.459,1,292,0.0127707
451.325,1,291.5,0.0127697
452.191,1,291,0.0127687
453.057,1,290.5,0.0127672
453.923,1,290,0.0127654
454.789,1,289.5,0.0127637
455.655,1,289,0.0127613
456.521,1,288.5,0.0127581
457.387,1,288,0.0127552
458.253,1,287.5,0.0127521
459.119,1,287,0.0127483
459.985,1,286.5,0.0127445
460.851,1,286,0.0127407
461.717,1,285.5,0.012737
462.583,1,285,0.0127334
463.449,1,284.5,0.0127297
464.315,1,284,0.0127298
465.181,1,283.5,0.01273
466.047,1,283,0.0127302
466.913,1,282.5,0.0127318
467.779,1,282,0.0127338
468.645,1,281.5,0.0127357
469.512,1,281,0.0127396
470.378,1,280.5,0.0127443
471.244,1,280,0.0127489
472.11,1,279.5,0.012755
472.976,1,279,0.0127628
473.842,1,278.5,0.0127707
474.708,1,278,0.0127787
475.574,1,277.5,0.0127871
476.44,1,277,0.0127959
477.306,1,276.5,0.0128044
478.172,1,276,0.012812
479.038,1,275.5,0.0128194
479.904,1,275,0.0128263
480.77,1,274.5,0.012832
481.636,1,274,0.0128377
482.502,1,273.5,0.0128432
483.368,1,273,0.012848
484.234,1,272.5,0.0128526
485.1,1,272,0.0128571
485.966,1,271.5,0.0128585
486.832,1,271,0.0128587
487.698,1,270.5,0.0128588
488.564,1,270,0.0128579
489.43,1,269.5,0.0128561
490.296,1,269,0.0128538
491.162,1,268.5,0.0128505
492.028,1,268,0.0128461
492.894,1,267.5,0.0128419
493.76,1,267,0.0128373
494.626,1,266.5,0.0128313
495.492,1,266,0.0128258
496.358,1,265.5,0.0128203
497.224,1,265,0.0128149
498.09,1,264.5,0.0128096
498.956,1,264,0.0128045
499.822,1,263.5,0.0128003
500.688,1,263,0.0127965
501.554,1,262.5,0.012793
502.42,1,262,0.0127908
503.286,1,261.5,0.0127891
504.153,1,261,0.0127874
505.019,1,260.5,0.012786
505.885,1,260,0.012785
506.751,1,259.5,0.012784
507.617,1,259,0.0127832
508.483,1,258.5,0.0127827
509.349,1,258,0.0127824
510.215,1,257.5,0.0127821
511.081,1,257,0.0127817
511.947,1,256.5,0.0127814
512.813,1,256,0.0127811
513.679,1,255.5,0.0127805
514.545,1,255,0.0127795
515.411,1,254.5,0.0127786
516.277,1,254,0.0127775
517.143,1,253.5,0.0127764
518.009,1,253,0.0127753
518.875,1,252.5,0.0127742
519.741,1,252,0.012773
520.607,1,251.5,0.012772
521.473,1,251,0.0127708
522.339,1,250.5,0.0127696
523.205,1,250,0.0127685
524.071,1,249.5,0.0127675
524.937,1,249,0.0127665
525.803,1,248.5,0.0127655
526.669,1,248,0.0127646
527.535,1,247.5,0.0127637
528.401,1,247,0.0127631
529.267,1,246.5,0.0127626
530.133,1,246,0.0127621
530.999,1,245.5,0.0127616
531.865,1,245,0.0127611
532.731,1,244.5,0.0127606
533.597,1,244,0.0127602
534.463,1,243.5,0.0127597
535.329,1,243,0.0127592
536.195,1,242.5,0.0127588
537.061,1,242,0.0127584
537.928,1,241.5,0.012758
538.794,1,241,0.0127576
539.66,1,240.5,0.0127572
540.526,1,240,0.0127568
541.392,1,239.5,0.0127566
542.258,1,239,0.0127564
543.124,1,238.5,0.0127562
543.99,1,238,0.0127561
544.856,1,237.5,0.012756
545.722,1,237,0.0127559
546.588,1,236.5,0.0127558
547.454,1,236,0.0127557
548.32,1,235.5,0.0127557
549.186,1,235,0.0127558
550.052,1,234.5,0.0127558
550.918,1,234,0.0127559
551.784,1,233.5,0.012756
552.65,1,233,0.012756
553.516,1,232.5,0.0127561
554.382,1,232,0.0127562
555.248,1,231.5,0.0127564
556.114,1,231,0.0127565
556.98,1,230.5,0.0127567
557.846,1,230,0.012757
558.712,1,229.5,0.0127574
559.578,1,229,0.0127578
560.444,1,228.5,0.0127582
561.31,1,228,0.0127587
562.176,1,227.5,0.0127592
563.042,1,227,0.0127597
563.908,1,226.5,0.0127602
564.774,1,226,0.0127607
565.64,1,225.5,0.0127611
566.506,1,225,0.0127616
567.372,1,224.5,0.0127621
568.238,1,224,0.0127625
569.104,1,223.5,0.0127629
569.97,1,223,0.0127633
570.836,1,222.5,0.0127635
571.703,1,222,0.0127637
572.569,1,221.5,0.0127639
573.435,1,221,0.012764
574.301,1,220.5,0.012764
575.167,1,220,0.012764
576.033,1,219.5,0.012764
576.899,1,219,0.012764
577.765,1,218.5,0.0127639
578.631,1,218,0.0127639
579.497,1,217.5,0.0127637
580.363,1,217,0.0127635
581.229,1,216.5,0.0127633
582.095,1,216,0.0127629
582.961,1,215.5,0.0127625
583.827,1,215,0.0127622
584.693,1,214.5,0.0127617
585.559,1,214,0.0127613
586.425,1,213.5,0.0127608
587.291,1,213,0.0127604
588.157,1,212.5,0.01276
589.023,1,212,0.0127596
589.889,1,211.5,0.0127593
590.755,1,211,0.0127589
591.621,1,210.5,0.0127586
592.487,1,210,0.0127582
593.353,1,209.5,0.0127579
594.219,1,209,0.0127576
595.085,1,208.5,0.0127572
595.951,1,208,0.0127569
596.817,1,207.5,0.0127565
597.683,1,207,0.0127562
598.549,1,206.5,0.0127557
599.415,1,206,0.0127553
600.281,1,205.5,0.0127548
601.147,1,205,0.0127543
602.013,1,204.5,0.0127538
602.879,1,204,0.0127532
603.745,1,203.5,0.0127527
604.611,1,203,0.0127521
605.477,1,202.5,0.0127515
606.344,1,202,0.0127509
607.21,1,201.5,0.0127502
608.076,1,201,0.0127496
608.942,1,200.5,0.0127489
609.808,1,200,0.0127483
