x,y,z,b
90.1924,1,500,0.0137541
91.0584,1,499.5,0.0137579
91.9244,1,499,0.0137523
92.7905,1,498.5,0.0137305
93.6565,1,498,0.0137074
94.5225,1,497.5,0.0136767
95.3885,1,497,0.0136208
96.2546,1,496.5,0.013562
97.1206,1,496,0.0135129
97.9866,1,495.5,0.0134662
98.8526,1,495,0.0134203
99.7187,1,494.5,0.0133752
100.585,1,494,0.0133284
101.451,1,493.5,0.0132778
102.317,1,493,0.0131525
103.183,1,492.5,0.0130406
104.049,1,492,0.0129636
104.915,1,491.5,0.0129202
105.781,1,491,0.0129233
106.647,1,490.5,0.0129437
107.513,1,490,0.0129269
108.379,1,489.5,0.0128837
109.245,1,489,0.0128075
110.111,1,488.5,0.0126858
110.977,1,488,0.0125756
111.843,1,487.5,0.0127023
112.709,1,487,0.0128548
113.575,1,486.5,0.0130318
114.441,1,486,0.0132149
115.307,1,485.5,0.013405
116.173,1,485,0.013386
117.039,1,484.5,0.0132532
117.905,1,484,0.0131281
118.771,1,483.5,0.0130119
119.637,1,483,0.0129225
120.503,1,482.5,0.0129066
121.369,1,482,0.0130359
122.235,1,481.5,0.0131543
123.101,1,481,0.0132455
123.967,1,480.5,0.0133022
124.833,1,480,0.0133167
125.699,1,479.5,0.0133159
126.565,1,479,0.013353
127.431,1,478.5,0.013425
128.297,1,478,0.013529
129.164,1,477.5,0.0136685
130.03,1,477,0.0137748
130.896,1,476.5,0.0137137
131.762,1,476,0.0136312
132.628,1,475.5,0.013527
133.494,1,475,0.0133978
134.36,1,474.5,0.0132677
135.226,1,474,0.0133548
136.092,1,473.5,0.0135096
136.958,1,473,0.0136854
137.824,1,472.5,0.0138816
138.69,1,472,0.0140996
139.556,1,471.5,0.0142118
140.422,1,471,0.0140965
141.288,1,470.5,0.0139515
142.154,1,470,0.0137892
143.02,1,469.5,0.0136236
143.886,1,469,0.0134527
144.752,1,468.5,0.0135804
145.618,1,468,0.0137405
146.484,1,467.5,0.0138946
147.35,1,467,0.0140367
148.216,1,466.5,0.0141675
149.082,1,466,0.0141914
149.948,1,465.5,0.0140799
150.814,1,465,0.0139946
151.68,1,464.5,0.0139357
152.546,1,464,0.0138695
153.412,1,463.5,0.0138189
154.278,1,463,0.0138342
155.144,1,462.5,0.0138271
156.01,1,462,0.0138116
156.876,1,461.5,0.0137951
157.742,1,461,0.0137668
158.608,1,460.5,0.0137
159.474,1,460,0.0136119
160.34,1,459.5,0.0135308
161.206,1,459,0.0134592
162.072,1,458.5,0.0133943
162.939,1,458,0.0133501
163.805,1,457.5,0.0132883
164.671,1,457,0.0132023
165.537,1,456.5,0.0130945
166.403,1,456,0.012975
167.269,1,455.5,0.0128259
168.135,1,455,0.0127758
169.001,1,454.5,0.0128576
169.867,1,454,0.0129886
170.733,1,453.5,0.0131689
171.599,1,453,0.0134052
172.465,1,452.5,0.0136511
173.331,1,452,0.013559
174.197,1,451.5,0.0134699
175.063,1,451,0.0134004
175.929,1,450.5,0.0133503
176.795,1,450,0.0133338
177.661,1,449.5,0.0135222
178.527,1,449,0.013799
179.393,1,448.5,0.0140495
180.259,1,448,0.0142684
181.125,1,447.5,0.0144566
181.991,1,447,0.0146017
182.857,1,446.5,0.014685
183.723,1,446,0.0147945
184.589,1,445.5,0.0149294
185.455,1,445,0.0150587
186.321,1,444.5,0.0152172
187.187,1,444,0.0153094
188.053,1,443.5,0.0153083
188.919,1,443,0.0152737
189.785,1,442.5,0.0152096
190.651,1,442,0.0150908
191.517,1,441.5,0.014967
192.383,1,441,0.0150263
193.249,1,440.5,0.015107
194.115,1,440,0.0152137
194.981,1,439.5,0.0153668
195.847,1,439,0.0155563
196.714,1,438.5,0.0155061
197.58,1,438,0.0153765
198.446,1,437.5,0.0152565
199.312,1,437,0.0151471
200.178,1,436.5,0.015059
201.044,1,436,0.015062
201.91,1,435.5,0.0152619
202.776,1,435,0.015453
203.642,1,434.5,0.0156352
204.508,1,434,0.0158083
205.374,1,433.5,0.0159724
206.24,1,433,0.0159742
207.106,1,432.5,0.0159533
207.972,1,432,0.015951
208.838,1,431.5,0.0159661
209.704,1,431,0.0160012
210.57,1,430.5,0.0160271
211.436,1,430,0.0159953
212.302,1,429.5,0.0159449
213.168,1,429,0.0158815
214.034,1,428.5,0.015818
214.9,1,428,0.0157483
215.766,1,427.5,0.0157369
216.632,1,427,0.0157306
217.498,1,426.5,0.015714
218.364,1,426,0.0156679
219.23,1,425.5,0.0156101
220.096,1,425,0.0155193
220.962,1,424.5,0.0153518
221.828,1,424,0.0151918
222.694,1,423.5,0.0150404
223.56,1,423,0.0148557
224.426,1,422.5,0.0146698
225.292,1,422,0.0145347
226.158,1,421.5,0.0143607
227.024,1,421,0.014143
227.89,1,420.5,0.013895
228.756,1,420,0.0136247
229.622,1,419.5,0.013386
230.488,1,419,0.0132643
231.355,1,418.5,0.0132504
232.221,1,418,0.0133539
233.087,1,417.5,0.0134711
233.953,1,417,0.0136044
234.819,1,416.5,0.0135141
235.685,1,416,0.013418
236.551,1,415.5,0.0133205
237.417,1,415,0.0132351
238.283,1,414.5,0.0131428
239.149,1,414,0.0131601
240.015,1,413.5,0.0132722
240.881,1,413,0.0133836
241.747,1,412.5,0.013496
242.613,1,412,0.0135993
243.479,1,411.5,0.0137008
244.345,1,411,0.0135917
245.211,1,410.5,0.0134574
246.077,1,410,0.0133016
246.943,1,409.5,0.0131327
247.809,1,409,0.0129589
248.675,1,408.5,0.0129537
249.541,1,408,0.0130546
250.407,1,407.5,0.0131368
251.273,1,407,0.0131498
252.139,1,406.5,0.0130986
253.005,1,406,0.0129478
253.871,1,405.5,0.0125156
254.737,1,405,0.0121766
255.603,1,404.5,0.0119308
256.469,1,404,0.0118851
257.335,1,403.5,0.0119147
258.201,1,403,0.011956
259.067,1,402.5,0.0119428
259.933,1,402,0.0118862
260.799,1,401.5,0.0117855
261.665,1,401,0.0116632
262.531,1,400.5,0.0116009
263.397,1,400,0.0118024
264.263,1,399.5,0.0119767
265.13,1,399,0.012144
265.996,1,398.5,0.0122933
266.862,1,398,0.0124489
267.728,1,397.5,0.0124153
268.594,1,397,0.0123016
269.46,1,396.5,0.0122284
270.326,1,396,0.0123067
271.192,1,395.5,0.0124183
272.058,1,395,0.0125964
272.924,1,394.5,0.0131304
273.79,1,394,0.0135989
274.656,1,393.5,0.0139979
275.522,1,393,0.0145523
276.388,1,392.5,0.0151078
277.254,1,392,0.0156569
278.12,1,391.5,0.0164919
278.986,1,391,0.0173998
279.852,1,390.5,0.0182361
280.718,1,390,0.0188448
281.584,1,389.5,0.0192734
282.45,1,389,0.0196138
283.316,1,388.5,0.0199527
284.182,1,388,0.0202842
285.048,1,387.5,0.0205556
285.914,1,387,0.0207522
286.78,1,386.5,0.0213323
287.646,1,386,0.022056
288.512,1,385.5,0.0228297
289.378,1,385,0.0235915
290.244,1,384.5,0.0243814
291.11,1,384,0.0251176
291.976,1,383.5,0.0253717
292.842,1,383,0.0255548
293.708,1,382.5,0.0257146
294.574,1,382,0.0255037
295.44,1,381.5,0.0249652
296.306,1,381,0.0246189
297.172,1,380.5,0.0251368
298.038,1,380,0.0258282
298.905,1,379.5,0.0260579
299.771,1,379,0.0263014
300.637,1,378.5,0.0264372
301.503,1,378,0.026468
302.369,1,377.5,0.0263387
303.235,1,377,0.0260565
304.101,1,376.5,0.0255828
304.967,1,376,0.024984
305.833,1,375.5,0.0244246
306.699,1,375,0.0239124
307.565,1,374.5,0.0234627
308.431,1,374,0.0230716
309.297,1,373.5,0.0228895
310.163,1,373,0.0229595
311.029,1,372.5,0.0233171
311.895,1,372,0.0244679
312.761,1,371.5,0.0248149
313.627,1,371,0.0242296
314.493,1,370.5,0.0230395
315.359,1,370,0.0218506
316.225,1,369.5,0.0215915
317.091,1,369,0.0229911
317.957,1,368.5,0.0237102
318.823,1,368,0.0242163
319.689,1,367.5,0.0263323
320.555,1,367,0.032292
321.421,1,366.5,0.0343322
322.287,1,366,0.0350427
323.153,1,365.5,0.0355208
324.019,1,365,0.0357812
324.885,1,364.5,0.0362482
325.751,1,364,0.0368793
326.617,1,363.5,0.0376743
327.483,1,363,0.0382592
328.349,1,362.5,0.038669
329.215,1,362,0.0384712
330.081,1,361.5,0.0381564
330.947,1,361,0.0379929
331.813,1,360.5,0.0371419
332.679,1,360,0.0364413
333.546,1,359.5,0.0374249
334.412,1,359,0.0381229
335.278,1,358.5,0.0378497
336.144,1,358,0.0376766
337.01,1,357.5,0.0375162
337.876,1,357,0.0369062
338.742,1,356.5,0.0362981
339.608,1,356,0.0356019
340.474,1,355.5,0.0345236
341.34,1,355,0.0334809
342.206,1,354.5,0.0329616
343.072,1,354,0.0328558
343.938,1,353.5,0.0355336
344.804,1,353,0.0383646
345.67,1,352.5,0.0410316
346.536,1,352,0.0442537
347.402,1,351.5,0.0477332
348.268,1,351,0.05095
349.134,1,350.5,0.0536453
350,1,350,0.0567455
350.866,1,349.5,0.0604845
351.732,1,349,0.0639921
352.598,1,348.5,0.066374
353.464,1,348,0.0680166
354.33,1,347.5,0.0694641
355.196,1,347,0.0703171
356.062,1,346.5,0.0719631
356.928,1,346,0.0717961
357.794,1,345.5,0.0714377
358.66,1,345,0.0689308
359.526,1,344.5,0.0700643
360.392,1,344,0.0712667
361.258,1,343.5,0.071982
362.124,1,343,0.072739
362.99,1,342.5,0.0718946
363.856,1,342,0.0726767
364.722,1,341.5,0.0723205
365.588,1,341,0.0715339
366.454,1,340.5,0.0695311
367.321,1,340,0.0681138
368.187,1,339.5,0.0657364
369.053,1,339,0.062999
369.919,1,338.5,0.0607109
370.785,1,338,0.058588
371.651,1,337.5,0.0568971
372.517,1,337,0.0554771
373.383,1,336.5,0.0542023
374.249,1,336,0.0527775
375.115,1,335.5,0.0522809
375.981,1,335,0.0536633
376.847,1,334.5,0.0551381
377.713,1,334,0.0568422
378.579,1,333.5,0.0586425
379.445,1,333,0.0600216
380.311,1,332.5,0.0619222
381.177,1,332,0.0638593
382.043,1,331.5,0.0658385
382.909,1,331,0.0684968
383.775,1,330.5,0.0708255
384.641,1,330,0.072163
385.507,1,329.5,0.0727631
386.373,1,329,0.0721037
387.239,1,328.5,0.0706252
388.105,1,328,0.0679924
388.971,1,327.5,0.065105
389.837,1,327,0.061937
390.703,1,326.5,0.058542
391.569,1,326,0.0539753
392.435,1,325.5,0.0473572
393.301,1,325,0.0433271
394.167,1,324.5,0.042309
395.033,1,324,0.0424456
395.899,1,323.5,0.0437114
396.765,1,323,0.0477152
397.631,1,322.5,0.0533133
398.497,1,322,0.0592728
399.363,1,321.5,0.0654313
400.229,1,321,0.0694118
401.095,1,320.5,0.0711598
401.962,1,320,0.0722991
402.828,1,319.5,0.0731937
403.694,1,319,0.0741817
404.56,1,318.5,0.0752052
405.426,1,318,0.0760822
406.292,1,317.5,0.0770702
407.158,1,317,0.0785176
408.024,1,316.5,0.0800227
408.89,1,316,0.0813553
409.756,1,315.5,0.0824919
410.622,1,315,0.0836355
411.488,1,314.5,0.0850763
412.354,1,314,0.0861046
413.22,1,313.5,0.0868886
414.086,1,313,0.0878017
414.952,1,312.5,0.0887257
415.818,1,312,0.0901528
416.684,1,311.5,0.0918451
417.55,1,311,0.0936161
418.416,1,310.5,0.0951738
419.282,1,310,0.0967245
420.148,1,309.5,0.0982433
421.014,1,309,0.100471
421.88,1,308.5,0.104228
422.746,1,308,0.108825
423.612,1,307.5,0.111558
424.478,1,307,0.110928
425.344,1,306.5,0.0973019
426.21,1,306,0.0803435
427.076,1,305.5,0.0683851
427.942,1,305,0.0713189
428.808,1,304.5,0.0711234
429.674,1,304,0.0753218
430.54,1,303.5,0.0769766
431.406,1,303,0.0711359
432.272,1,302.5,0.0691747
433.138,1,302,0.0688721
434.004,1,301.5,0.0656494
434.87,1,301,0.0578372
435.737,1,300.5,0.0517782
436.603,1,300,0.0527567
437.469,1,299.5,0.0542517
438.335,1,299,0.0544937
439.201,1,298.5,0.0557163
440.067,1,298,0.0561841
440.933,1,297.5,0.056795
441.799,1,297,0.0576474
442.665,1,296.5,0.0561606
443.531,1,296,0.0531694
444.397,1,295.5,0.0559084
445.263,1,295,0.0570565
446.129,1,294.5,0.0572841
446.995,1,294,0.0606532
447.861,1,293.5,0.064175
448.727,1,293,0.06841
449.593,1,292.5,0.0726117
450.459,1,292,0.0718185
451.325,1,291.5,0.0684366
452.191,1,291,0.0656678
453.057,1,290.5,0.0652706
453.923,1,290,0.0684351
454.789,1,289.5,0.0723142
455.655,1,289,0.0757353
456.521,1,288.5,0.0787215
457.387,1,288,0.0812793
458.253,1,287.5,0.0812665
459.119,1,287,0.079651
459.985,1,286.5,0.0767294
460.851,1,286,0.0760612
461.717,1,285.5,0.076658
462.583,1,285,0.0784693
463.449,1,284.5,0.0772067
464.315,1,284,0.0747358
465.181,1,283.5,0.0689167
466.047,1,283,0.061409
466.913,1,282.5,0.0528805
467.779,1,282,0.0465379
468.645,1,281.5,0.0421706
469.512,1,281,0.0396435
470.378,1,280.5,0.0397581
471.244,1,280,0.039826
472.11,1,279.5,0.0389152
472.976,1,279,0.0391958
473.842,1,278.5,0.039226
474.708,1,278,0.038581
475.574,1,277.5,0.0381856
476.44,1,277,0.0374551
477.306,1,276.5,0.036727
478.172,1,276,0.0364663
479.038,1,275.5,0.0363715
479.904,1,275,0.0364467
480.77,1,274.5,0.0367401
481.636,1,274,0.0370157
482.502,1,273.5,0.0372947
483.368,1,273,0.0374242
484.234,1,272.5,0.0375005
485.1,1,272,0.0375037
485.966,1,271.5,0.0371845
486.832,1,271,0.0368866
487.698,1,270.5,0.0366329
488.564,1,270,0.036441
489.43,1,269.5,0.036295
490.296,1,269,0.0360631
491.162,1,268.5,0.0357278
492.028,1,268,0.0353459
492.894,1,267.5,0.0350565
493.76,1,267,0.03485
494.626,1,266.5,0.0345626
495.492,1,266,0.0339699
496.358,1,265.5,0.0333486
497.224,1,265,0.0325422
498.09,1,264.5,0.0316696
498.956,1,264,0.0307307
499.822,1,263.5,0.0298782
500.688,1,263,0.0290654
501.554,1,262.5,0.0282199
502.42,1,262,0.0276724
503.286,1,261.5,0.027186
504.153,1,261,0.0267583
505.019,1,260.5,0.0267865
505.885,1,260,0.0269946
506.751,1,259.5,0.0272886
507.617,1,259,0.027733
508.483,1,258.5,0.028346
509.349,1,258,0.0289951
510.215,1,257.5,0.0297312
511.081,1,257,0.0306821
511.947,1,256.5,0.0317787
512.813,1,256,0.0330186
513.679,1,255.5,0.0344017
514.545,1,255,0.0359071
515.411,1,254.5,0.0374492
516.277,1,254,0.038902
517.143,1,253.5,0.039625
518.009,1,253,0.0400648
518.875,1,252.5,0.0403839
519.741,1,252,0.0409585
520.607,1,251.5,0.0415668
521.473,1,251,0.0419239
522.339,1,250.5,0.0423121
523.205,1,250,0.0425553
524.071,1,249.5,0.0426769
524.937,1,249,0.0428913
525.803,1,248.5,0.0437058
526.669,1,248,0.0431224
527.535,1,247.5,0.0424265
528.401,1,247,0.0415207
529.267,1,246.5,0.0405638
530.133,1,246,0.0395969
530.999,1,245.5,0.0386199
531.865,1,245,0.0376328
532.731,1,244.5,0.0366356
533.597,1,244,0.0356137
534.463,1,243.5,0.0346165
535.329,1,243,0.0336946
536.195,1,242.5,0.0328046
537.061,1,242,0.0319353
537.928,1,241.5,0.0310869
538.794,1,241,0.0303007
539.66,1,240.5,0.029771
540.526,1,240,0.029231
541.392,1,239.5,0.0286805
542.258,1,239,0.0281197
543.124,1,238.5,0.0275485
543.99,1,238,0.0269669
544.856,1,237.5,0.0267478
545.722,1,237,0.0265482
546.588,1,236.5,0.0262752
547.454,1,236,0.0259288
548.32,1,235.5,0.025509
549.186,1,235,0.0240839
550.052,1,234.5,0.0231726
550.918,1,234,0.0221955
551.784,1,233.5,0.0219258
552.65,1,233,0.0221717
553.516,1,232.5,0.0223579
554.382,1,232,0.0225026
555.248,1,231.5,0.0225999
556.114,1,231,0.0227719
556.98,1,230.5,0.0239116
557.846,1,230,0.0248594
558.712,1,229.5,0.0255663
559.578,1,229,0.0260465
560.444,1,228.5,0.0263263
561.31,1,228,0.0263819
562.176,1,227.5,0.0262322
563.042,1,227,0.0259538
563.908,1,226.5,0.0255231
564.774,1,226,0.0249425
565.64,1,225.5,0.0242192
566.506,1,225,0.0231937
567.372,1,224.5,0.0220174
568.238,1,224,0.0209458
569.104,1,223.5,0.0198098
569.97,1,223,0.0186067
570.836,1,222.5,0.0182364
571.703,1,222,0.0181294
572.569,1,221.5,0.0180742
573.435,1,221,0.0202304
574.301,1,220.5,0.0265174
575.167,1,220,0.0269647
576.033,1,219.5,0.0272948
576.899,1,219,0.0275078
577.765,1,218.5,0.0229091
578.631,1,218,0.0214573
579.497,1,217.5,0.0200699
580.363,1,217,0.0202062
581.229,1,216.5,0.0207932
582.095,1,216,0.021353
582.961,1,215.5,0.0218702
583.827,1,215,0.0223434
584.693,1,214.5,0.0226401
585.559,1,214,0.0227324
586.425,1,213.5,0.0228277
587.291,1,213,0.0228607
588.157,1,212.5,0.0228699
589.023,1,212,0.0228625
589.889,1,211.5,0.0230686
590.755,1,211,0.0233211
591.621,1,210.5,0.0235849
592.487,1,210,0.023751
593.353,1,209.5,0.0237907
594.219,1,209,0.0237693
595.085,1,208.5,0.0237216
595.951,1,208,0.0236517
596.817,1,207.5,0.0235738
597.683,1,207,0.0234737
598.549,1,206.5,0.0233157
599.415,1,206,0.0230703
600.281,1,205.5,0.0227833
601.147,1,205,0.0225795
602.013,1,204.5,0.0224278
602.879,1,204,0.0223285
603.745,1,203.5,0.0224107
604.611,1,203,0.0225343
605.477,1,202.5,0.0226948
606.344,1,202,0.0229105
607.21,1,201.5,0.0231533
608.076,1,201,0.0234164
608.942,1,200.5,0.023708
609.808,1,200,0.0240205
