x,y,z,b
90.1924,1,500,0.0127821
91.0584,1,499.5,0.0127805
91.9244,1,499,0.0127789
92.7905,1,498.5,0.0127771
93.6565,1,498,0.0127754
94.5225,1,497.5,0.0127741
95.3885,1,497,0.0127744
96.2546,1,496.5,0.0127747
97.1206,1,496,0.012775
97.9866,1,495.5,0.0127757
98.8526,1,495,0.0127764
99.7187,1,494.5,0.0127771
100.585,1,494,0.0127782
101.451,1,493.5,0.0127794
102.317,1,493,0.0127806
103.183,1,492.5,0.0127821
104.049,1,492,0.0127836
104.915,1,491.5,0.0127852
105.781,1,491,0.0127867
106.647,1,490.5,0.0127882
107.513,1,490,0.0127897
108.379,1,489.5,0.0127911
109.245,1,489,0.0127923
110.111,1,488.5,0.0127935
110.977,1,488,0.0127946
111.843,1,487.5,0.0127953
112.709,1,487,0.0127959
113.575,1,486.5,0.0127965
114.441,1,486,0.012797
115.307,1,485.5,0.0127974
116.173,1,485,0.0127978
117.039,1,484.5,0.0127984
117.905,1,484,0.0127989
118.771,1,483.5,0.0127993
119.637,1,483,0.0128
120.503,1,482.5,0.0128005
121.369,1,482,0.0128009
122.235,1,481.5,0.0128012
123.101,1,481,0.0128014
123.967,1,480.5,0.0128017
124.833,1,480,0.0128018
125.699,1,479.5,0.0128018
126.565,1,479,0.0128018
127.431,1,478.5,0.0128018
128.297,1,478,0.0128018
129.164,1,477.5,0.0128017
130.03,1,477,0.0128017
130.896,1,476.5,0.0128018
131.762,1,476,0.0128019
132.628,1,475.5,0.012802
133.494,1,475,0.0128025
134.36,1,474.5,0.012803
135.226,1,474,0.0128037
136.092,1,473.5,0.0128046
136.958,1,473,0.0128055
137.824,1,472.5,0.0128065
138.69,1,472,0.0128066
139.556,1,471.5,0.0128065
140.422,1,471,0.0128066
141.288,1,470.5,0.0128065
142.154,1,470,0.0128062
143.02,1,469.5,0.012806
143.886,1,469,0.0128054
144.752,1,468.5,0.0128041
145.618,1,468,0.0128028
146.484,1,467.5,0.0128013
147.35,1,467,0.012799
148.216,1,466.5,0.0127967
149.082,1,466,0.0127944
149.948,1,465.5,0.0127916
150.814,1,465,0.0127889
151.68,1,464.5,0.012786
152.546,1,464,0.012783
153.412,1,463.5,0.01278
154.278,1,463,0.0127771
155.144,1,462.5,0.0127741
156.01,1,462,0.0127712
156.876,1,461.5,0.0127682
157.742,1,461,0.0127652
158.608,1,460.5,0.0127624
159.474,1,460,0.0127597
160.34,1,459.5,0.012757
161.206,1,459,0.0127543
162.072,1,458.5,0.0127515
162.939,1,458,0.0127486
163.805,1,457.5,0.0127453
164.671,1,457,0.0127419
165.537,1,456.5,0.0127383
166.403,1,456,0.0127347
167.269,1,455.5,0.012731
168.135,1,455,0.0127268
169.001,1,454.5,0.0127224
169.867,1,454,0.0127178
170.733,1,453.5,0.0127129
171.599,1,453,0.0127081
172.465,1,452.5,0.0127032
173.331,1,452,0.0126983
174.197,1,451.5,0.0126937
175.063,1,451,0.0126892
175.929,1,450.5,0.0126845
176.795,1,450,0.01268
177.661,1,449.5,0.0126754
178.527,1,449,0.0126704
179.393,1,448.5,0.0126655
180.259,1,448,0.012661
181.125,1,447.5,0.0126564
181.991,1,447,0.012652
182.857,1,446.5,0.0126485
183.723,1,446,0.0126449
184.589,1,445.5,0.0126414
185.455,1,445,0.0126381
186.321,1,444.5,0.0126349
187.187,1,444,0.0126308
188.053,1,443.5,0.0126266
188.919,1,443,0.012623
189.785,1,442.5,0.0126197
190.651,1,442,0.0126174
191.517,1,441.5,0.0126155
192.383,1,441,0.0126141
193.249,1,440.5,0.0126129
194.115,1,440,0.012612
194.981,1,439.5,0.0126111
195.847,1,439,0.0126106
196.714,1,438.5,0.0126103
197.58,1,438,0.01261
198.446,1,437.5,0.0126103
199.312,1,437,0.0126119
200.178,1,436.5,0.0126137
201.044,1,436,0.012616
201.91,1,435.5,0.0126213
202.776,1,435,0.0126267
203.642,1,434.5,0.0126324
204.508,1,434,0.012643
205.374,1,433.5,0.0126544
206.24,1,433,0.0126673
207.106,1,432.5,0.0126859
207.972,1,432,0.0127068
208.838,1,431.5,0.0127284
209.704,1,431,0.0127541
210.57,1,430.5,0.0127827
211.436,1,430,0.0128116
212.302,1,429.5,0.0128427
213.168,1,429,0.0128762
214.034,1,428.5,0.0129107
214.9,1,428,0.0129462
215.766,1,427.5,0.0129803
216.632,1,427,0.0130149
217.498,1,426.5,0.0130506
218.364,1,426,0.0130876
219.23,1,425.5,0.0131261
220.096,1,425,0.0131658
220.962,1,424.5,0.0132016
221.828,1,424,0.0132375
222.694,1,423.5,0.0132736
223.56,1,423,0.0133077
224.426,1,422.5,0.0133411
225.292,1,422,0.013374
226.158,1,421.5,0.0134002
227.024,1,421,0.0134236
227.89,1,420.5,0.0134477
228.756,1,420,0.0134609
229.622,1,419.5,0.0134617
230.488,1,419,0.0134612
231.355,1,418.5,0.0134596
232.221,1,418,0.0134557
233.087,1,417.5,0.0134521
233.953,1,417,0.0134476
234.819,1,416.5,0.0134383
235.685,1,416,0.0134297
236.551,1,415.5,0.0134217
237.417,1,415,0.0134087
238.283,1,414.5,0.0133962
239.149,1,414,0.0133836
240.015,1,413.5,0.0133672
240.881,1,413,0.0133504
241.747,1,412.5,0.0133336
242.613,1,412,0.0133153
243.479,1,411.5,0.0132962
244.345,1,411,0.013277
245.211,1,410.5,0.013257
246.077,1,410,0.0132363
246.943,1,409.5,0.0132156
247.809,1,409,0.0131951
248.675,1,408.5,0.0131747
249.541,1,408,0.0131541
250.407,1,407.5,0.0131343
251.273,1,407,0.0131171
252.139,1,406.5,0.0130997
253.005,1,406,0.0130823
253.871,1,405.5,0.0130658
254.737,1,405,0.013049
255.603,1,404.5,0.0130318
256.469,1,404,0.0130146
257.335,1,403.5,0.0129973
258.201,1,403,0.0129819
259.067,1,402.5,0.0129677
259.933,1,402,0.0129536
260.799,1,401.5,0.0129395
261.665,1,401,0.0129258
262.531,1,400.5,0.0129127
263.397,1,400,0.0129022
264.263,1,399.5,0.0128919
265.13,1,399,0.0128815
265.996,1,398.5,0.0128709
266.862,1,398,0.0128604
267.728,1,397.5,0.0128495
268.594,1,397,0.0128381
269.46,1,396.5,0.0128269
270.326,1,396,0.0128182
271.192,1,395.5,0.0128089
272.058,1,395,0.0128002
272.924,1,394.5,0.0127969
273.79,1,394,0.0127933
274.656,1,393.5,0.0127893
275.522,1,393,0.0127839
276.388,1,392.5,0.0127774
277.254,1,392,0.0127683
278.12,1,391.5,0.0127637
278.986,1,391,0.0127618
279.852,1,390.5,0.0127598
280.718,1,390,0.0127592
281.584,1,389.5,0.0127592
282.45,1,389,0.0127574
283.316,1,388.5,0.0127551
284.182,1,388,0.0127525
285.048,1,387.5,0.0127494
285.914,1,387,0.0127452
286.78,1,386.5,0.0127374
287.646,1,386,0.0127293
288.512,1,385.5,0.0127205
289.378,1,385,0.0127025
290.244,1,384.5,0.0126844
291.11,1,384,0.0126666
291.976,1,383.5,0.0126372
292.842,1,383,0.0126061
293.708,1,382.5,0.0125748
294.574,1,382,0.0125338
295.44,1,381.5,0.0124898
296.306,1,381,0.0124466
297.172,1,380.5,0.0123996
298.038,1,380,0.0123502
298.905,1,379.5,0.0123014
299.771,1,379,0.0122574
300.637,1,378.5,0.0122187
301.503,1,378,0.0121828
302.369,1,377.5,0.0121522
303.235,1,377,0.0121333
304.101,1,376.5,0.0121127
304.967,1,376,0.0120909
305.833,1,375.5,0.0120723
306.699,1,375,0.0120513
307.565,1,374.5,0.0120276
308.431,1,374,0.0120122
309.297,1,373.5,0.0119885
310.163,1,373,0.0119553
311.029,1,372.5,0.0119407
311.895,1,372,0.0119171
312.761,1,371.5,0.0118758
313.627,1,371,0.0118578
314.493,1,370.5,0.0118608
315.359,1,370,0.0118655
316.225,1,369.5,0.0118918
317.091,1,369,0.011946
317.957,1,368.5,0.0119995
318.823,1,368,0.0120741
319.689,1,367.5,0.0122137
320.555,1,367,0.0123614
321.421,1,366.5,0.0125154
322.287,1,366,0.012722
323.153,1,365.5,0.0129427
324.019,1,365,0.0131781
324.885,1,364.5,0.0134106
325.751,1,364,0.0136412
326.617,1,363.5,0.01387
327.483,1,363,0.0143147
328.349,1,362.5,0.0148585
329.215,1,362,0.0154067
330.081,1,361.5,0.0150126
330.947,1,361,0.0141209
331.813,1,360.5,0.0131546
332.679,1,360,0.0132653
333.546,1,359.5,0.0144637
334.412,1,359,0.0152256
335.278,1,358.5,0.0151201
336.144,1,358,0.0151083
337.01,1,357.5,0.0150478
337.876,1,357,0.0149134
338.742,1,356.5,0.0146795
339.608,1,356,0.0146767
340.474,1,355.5,0.0153025
341.34,1,355,0.0153579
342.206,1,354.5,0.0150132
343.072,1,354,0.0146358
343.938,1,353.5,0.0139914
344.804,1,353,0.013301
345.67,1,352.5,0.0125817
346.536,1,352,0.0112018
347.402,1,351.5,0.00945472
348.268,1,351,0.00801062
349.134,1,350.5,0.0059133
350,1,350,0.00368507
350.866,1,349.5,0.00212673
351.732,1,349,0.0028587
352.598,1,348.5,0.00541976
353.464,1,348,0.00740249
354.33,1,347.5,0.00889696
355.196,1,347,0.0100214
356.062,1,346.5,0.0108603
356.928,1,346,0.0114173
357.794,1,345.5,0.0120363
358.66,1,345,0.0126061
359.526,1,344.5,0.0130757
360.392,1,344,0.0131444
361.258,1,343.5,0.0131272
362.124,1,343,0.0131105
362.99,1,342.5,0.013133
363.856,1,342,0.0130669
364.722,1,341.5,0.0129208
365.588,1,341,0.0126561
366.454,1,340.5,0.0123033
367.321,1,340,0.0120872
368.187,1,339.5,0.0119154
369.053,1,339,0.011757
369.919,1,338.5,0.0115718
370.785,1,338,0.0114207
371.651,1,337.5,0.0114461
372.517,1,337,0.0115769
373.383,1,336.5,0.0117085
374.249,1,336,0.0118783
375.115,1,335.5,0.0120181
375.981,1,335,0.0121279
376.847,1,334.5,0.012231
377.713,1,334,0.0123164
378.579,1,333.5,0.0123848
379.445,1,333,0.0124055
380.311,1,332.5,0.0124004
381.177,1,332,0.012337
382.043,1,331.5,0.0121808
382.909,1,331,0.0120129
383.775,1,330.5,0.0118515
384.641,1,330,0.0117256
385.507,1,329.5,0.0116655
386.373,1,329,0.0116418
387.239,1,328.5,0.0116578
388.105,1,328,0.0117135
388.971,1,327.5,0.0117687
389.837,1,327,0.0118285
390.703,1,326.5,0.0119048
391.569,1,326,0.0119768
392.435,1,325.5,0.0120418
393.301,1,325,0.0121159
394.167,1,324.5,0.0121774
395.033,1,324,0.012228
395.899,1,323.5,0.012314
396.765,1,323,0.0123877
397.631,1,322.5,0.0124481
398.497,1,322,0.0125053
399.363,1,321.5,0.0125522
400.229,1,321,0.0126287
401.095,1,320.5,0.0127615
401.962,1,320,0.0129048
402.828,1,319.5,0.0130457
403.694,1,319,0.0131739
404.56,1,318.5,0.0132613
405.426,1,318,0.0133029
406.292,1,317.5,0.0133393
407.158,1,317,0.0133632
408.024,1,316.5,0.0133836
408.89,1,316,0.0133977
409.756,1,315.5,0.0133617
410.622,1,315,0.0133127
411.488,1,314.5,0.0132642
412.354,1,314,0.0131856
413.22,1,313.5,0.013104
414.086,1,313,0.0130228
414.952,1,312.5,0.0129516
415.818,1,312,0.0128855
416.684,1,311.5,0.0128251
417.55,1,311,0.0128029
418.416,1,310.5,0.0128018
419.282,1,310,0.0128336
420.148,1,309.5,0.0128761
421.014,1,309,0.0129148
421.88,1,308.5,0.0129471
422.746,1,308,0.012971
423.612,1,307.5,0.0129817
424.478,1,307,0.0129765
425.344,1,306.5,0.0129685
426.21,1,306,0.0129593
427.076,1,305.5,0.0129534
427.942,1,305,0.0129506
428.808,1,304.5,0.0129281
429.674,1,304,0.0129036
430.54,1,303.5,0.0128829
431.406,1,303,0.012887
432.272,1,302.5,0.0128996
433.138,1,302,0.0129126
434.004,1,301.5,0.012917
434.87,1,301,0.0129204
435.737,1,300.5,0.0129224
436.603,1,300,0.0129186
437.469,1,299.5,0.0129081
438.335,1,299,0.0128772
439.201,1,298.5,0.0128396
440.067,1,298,0.0127992
440.933,1,297.5,0.0127628
441.799,1,297,0.0127327
442.665,1,296.5,0.0127154
443.531,1,296,0.0127021
444.397,1,295.5,0.0126877
445.263,1,295,0.0126751
446.129,1,294.5,0.012659
446.995,1,294,0.0126394
447.861,1,293.5,0.0126368
448.727,1,293,0.0126357
449.593,1,292.5,0.0126338
450.459,1,292,0.0126341
451.325,1,291.5,0.0126337
452.191,1,291,0.0126346
453.057,1,290.5,0.0126404
453.923,1,290,0.0126465
454.789,1,289.5,0.0126518
455.655,1,289,0.0126581
456.521,1,288.5,0.0126659
457.387,1,288,0.012685
458.253,1,287.5,0.0127024
459.119,1,287,0.0127159
459.985,1,286.5,0.0127265
460.851,1,286,0.0127337
461.717,1,285.5,0.0127387
462.583,1,285,0.0127422
463.449,1,284.5,0.012742
464.315,1,284,0.0127346
465.181,1,283.5,0.0127237
466.047,1,283,0.0127097
466.913,1,282.5,0.0127068
467.779,1,282,0.0127064
468.645,1,281.5,0.0127055
469.512,1,281,0.0127116
470.378,1,280.5,0.0127216
471.244,1,280,0.01273
472.11,1,279.5,0.0127434
472.976,1,279,0.0127632
473.842,1,278.5,0.0127828
474.708,1,278,0.0128061
475.574,1,277.5,0.0128368
476.44,1,277,0.0128671
477.306,1,276.5,0.0128979
478.172,1,276,0.0129327
479.038,1,275.5,0.0129671
479.904,1,275,0.0130011
480.77,1,274.5,0.013033
481.636,1,274,0.0130627
482.502,1,273.5,0.0130926
483.368,1,273,0.013122
484.234,1,272.5,0.0131516
485.1,1,272,0.0131815
485.966,1,271.5,0.0132087
486.832,1,271,0.0132336
487.698,1,270.5,0.0132576
488.564,1,270,0.0132762
489.43,1,269.5,0.0132903
490.296,1,269,0.0133039
491.162,1,268.5,0.0133156
492.028,1,268,0.0133244
492.894,1,267.5,0.0133327
493.76,1,267,0.0133362
494.626,1,266.5,0.0133258
495.492,1,266,0.0133154
496.358,1,265.5,0.0133049
497.224,1,265,0.0132899
498.09,1,264.5,0.0132752
498.956,1,264,0.0132607
499.822,1,263.5,0.013243
500.688,1,263,0.013225
501.554,1,262.5,0.0132074
502.42,1,262,0.013189
503.286,1,261.5,0.0131709
504.153,1,261,0.0131541
505.019,1,260.5,0.0131379
505.885,1,260,0.0131213
506.751,1,259.5,0.0131052
507.617,1,259,0.0130887
508.483,1,258.5,0.0130716
509.349,1,258,0.0130569
510.215,1,257.5,0.0130427
511.081,1,257,0.0130278
511.947,1,256.5,0.0130137
512.813,1,256,0.0130002
513.679,1,255.5,0.0129854
514.545,1,255,0.0129702
515.411,1,254.5,0.0129555
516.277,1,254,0.0129404
517.143,1,253.5,0.0129256
518.009,1,253,0.0129113
518.875,1,252.5,0.0128958
519.741,1,252,0.0128811
520.607,1,251.5,0.0128676
521.473,1,251,0.0128556
522.339,1,250.5,0.0128449
523.205,1,250,0.0128356
524.071,1,249.5,0.0128283
524.937,1,249,0.0128221
525.803,1,248.5,0.0128166
526.669,1,248,0.0128119
527.535,1,247.5,0.0128084
528.401,1,247,0.0128056
529.267,1,246.5,0.0128036
530.133,1,246,0.0128026
530.999,1,245.5,0.0128023
531.865,1,245,0.0128027
532.731,1,244.5,0.0128037
533.597,1,244,0.0128052
534.463,1,243.5,0.0128073
535.329,1,243,0.0128088
536.195,1,242.5,0.0128105
537.061,1,242,0.0128125
537.928,1,241.5,0.0128157
538.794,1,241,0.0128184
539.66,1,240.5,0.0128211
540.526,1,240,0.012823
541.392,1,239.5,0.0128242
542.258,1,239,0.0128241
543.124,1,238.5,0.0128222
543.99,1,238,0.0128189
544.856,1,237.5,0.0128156
545.722,1,237,0.0128117
546.588,1,236.5,0.0128061
547.454,1,236,0.0128
548.32,1,235.5,0.0127938
549.186,1,235,0.0127875
550.052,1,234.5,0.0127812
550.918,1,234,0.0127747
551.784,1,233.5,0.0127696
552.65,1,233,0.0127645
553.516,1,232.5,0.0127593
554.382,1,232,0.0127553
555.248,1,231.5,0.0127517
556.114,1,231,0.0127481
556.98,1,230.5,0.0127469
557.846,1,230,0.0127471
558.712,1,229.5,0.0127474
559.578,1,229,0.012748
560.444,1,228.5,0.0127489
561.31,1,228,0.0127498
562.176,1,227.5,0.0127509
563.042,1,227,0.0127525
563.908,1,226.5,0.0127542
564.774,1,226,0.012756
565.64,1,225.5,0.0127581
566.506,1,225,0.0127602
567.372,1,224.5,0.0127622
568.238,1,224,0.0127645
569.104,1,223.5,0.0127668
569.97,1,223,0.012769
570.836,1,222.5,0.0127712
571.703,1,222,0.0127733
572.569,1,221.5,0.0127754
573.435,1,221,0.0127771
574.301,1,220.5,0.0127784
575.167,1,220,0.0127796
576.033,1,219.5,0.0127803
576.899,1,219,0.0127806
577.765,1,218.5,0.012781
578.631,1,218,0.0127813
579.497,1,217.5,0.0127814
580.363,1,217,0.0127818
581.229,1,216.5,0.0127822
582.095,1,216,0.0127824
582.961,1,215.5,0.0127825
583.827,1,215,0.0127828
584.693,1,214.5,0.012783
585.559,1,214,0.0127833
586.425,1,213.5,0.0127837
587.291,1,213,0.012784
588.157,1,212.5,0.0127842
589.023,1,212,0.0127844
589.889,1,211.5,0.0127845
590.755,1,211,0.0127846
591.621,1,210.5,0.0127846
592.487,1,210,0.0127846
593.353,1,209.5,0.0127844
594.219,1,209,0.0127843
595.085,1,208.5,0.0127843
595.951,1,208,0.0127841
596.817,1,207.5,0.0127839
597.683,1,207,0.0127835
598.549,1,206.5,0.0127828
599.415,1,206,0.0127815
600.281,1,205.5,0.0127801
601.147,1,205,0.0127782
602.013,1,204.5,0.0127764
602.879,1,204,0.0127745
603.745,1,203.5,0.012772
604.611,1,203,0.0127693
605.477,1,202.5,0.0127666
606.344,1,202,0.0127634
607.21,1,201.5,0.0127601
608.076,1,201,0.0127568
608.942,1,200.5,0.0127532
609.808,1,200,0.0127495
