x,y,z,b
90.1924,1,500,0.0140555
91.0584,1,499.5,0.0140303
91.9244,1,499,0.0140142
92.7905,1,498.5,0.0140146
93.6565,1,498,0.0140182
94.5225,1,497.5,0.0140284
95.3885,1,497,0.0140535
96.2546,1,496.5,0.0140811
97.1206,1,496,0.0141083
97.9866,1,495.5,0.0141514
98.8526,1,495,0.0141913
99.7187,1,494.5,0.0142281
100.585,1,494,0.0142724
101.451,1,493.5,0.0143184
102.317,1,493,0.0143949
103.183,1,492.5,0.0144743
104.049,1,492,0.0145566
104.915,1,491.5,0.0146414
105.781,1,491,0.0147119
106.647,1,490.5,0.014727
107.513,1,490,0.0147256
108.379,1,489.5,0.0147228
109.245,1,489,0.0147178
110.111,1,488.5,0.014725
110.977,1,488,0.014737
111.843,1,487.5,0.0147312
112.709,1,487,0.0147213
113.575,1,486.5,0.0147059
114.441,1,486,0.014674
115.307,1,485.5,0.0146349
116.173,1,485,0.0146118
117.039,1,484.5,0.0145852
117.905,1,484,0.0145705
118.771,1,483.5,0.0145688
119.637,1,483,0.0145674
120.503,1,482.5,0.0145346
121.369,1,482,0.0143577
122.235,1,481.5,0.0141617
123.101,1,481,0.0139549
123.967,1,480.5,0.0137395
124.833,1,480,0.0135207
125.699,1,479.5,0.0134946
126.565,1,479,0.0135307
127.431,1,478.5,0.0135772
128.297,1,478,0.0136337
129.164,1,477.5,0.0136838
130.03,1,477,0.0136699
130.896,1,476.5,0.0135289
131.762,1,476,0.0134019
132.628,1,475.5,0.013289
133.494,1,475,0.0132041
134.36,1,474.5,0.0131395
135.226,1,474,0.0131991
136.092,1,473.5,0.0132727
136.958,1,473,0.0133021
137.824,1,472.5,0.0132827
138.69,1,472,0.0132345
139.556,1,471.5,0.0131946
140.422,1,471,0.013264
141.288,1,470.5,0.0133953
142.154,1,470,0.0135824
143.02,1,469.5,0.0138144
143.886,1,469,0.0140861
144.752,1,468.5,0.0140423
145.618,1,468,0.0139241
146.484,1,467.5,0.0137689
147.35,1,467,0.0135832
148.216,1,466.5,0.0133767
149.082,1,466,0.0133529
149.948,1,465.5,0.0136322
150.814,1,465,0.0139248
151.68,1,464.5,0.0142306
152.546,1,464,0.0145207
153.412,1,463.5,0.0147922
154.278,1,463,0.0146122
155.144,1,462.5,0.0144163
156.01,1,462,0.0142588
156.876,1,461.5,0.0141466
157.742,1,461,0.0140837
158.608,1,460.5,0.0141679
159.474,1,460,0.0143303
160.34,1,459.5,0.0144249
161.206,1,459,0.0144644
162.072,1,458.5,0.0144831
162.939,1,458,0.0144775
163.805,1,457.5,0.0144354
164.671,1,457,0.0144065
165.537,1,456.5,0.0143888
166.403,1,456,0.0143701
167.269,1,455.5,0.0143643
168.135,1,455,0.0143617
169.001,1,454.5,0.0143339
169.867,1,454,0.0143012
170.733,1,453.5,0.0142641
171.599,1,453,0.014203
172.465,1,452.5,0.0141343
173.331,1,452,0.0140633
174.197,1,451.5,0.0139721
175.063,1,451,0.0138699
175.929,1,450.5,0.0137682
176.795,1,450,0.0136888
177.661,1,449.5,0.0135974
178.527,1,449,0.0134571
179.393,1,448.5,0.0133113
180.259,1,448,0.0131911
181.125,1,447.5,0.0130609
181.991,1,447,0.0129496
182.857,1,446.5,0.0130003
183.723,1,446,0.013051
184.589,1,445.5,0.0131021
185.455,1,445,0.013179
186.321,1,444.5,0.0132543
187.187,1,444,0.0132818
188.053,1,443.5,0.0133227
188.919,1,443,0.0133695
189.785,1,442.5,0.0134163
190.651,1,442,0.0134915
191.517,1,441.5,0.0135937
192.383,1,441,0.013737
193.249,1,440.5,0.013871
194.115,1,440,0.0139973
194.981,1,439.5,0.0141157
195.847,1,439,0.0142239
196.714,1,438.5,0.0143313
197.58,1,438,0.0144405
198.446,1,437.5,0.0145512
199.312,1,437,0.0146655
200.178,1,436.5,0.014777
201.044,1,436,0.0148978
201.91,1,435.5,0.0150704
202.776,1,435,0.0152488
203.642,1,434.5,0.015433
204.508,1,434,0.0156107
205.374,1,433.5,0.0157842
206.24,1,433,0.015907
207.106,1,432.5,0.0159537
207.972,1,432,0.0159738
208.838,1,431.5,0.0159827
209.704,1,431,0.0159734
210.57,1,430.5,0.015969
211.436,1,430,0.0159934
212.302,1,429.5,0.0160131
213.168,1,429,0.0160269
214.034,1,428.5,0.0160383
214.9,1,428,0.0160423
215.766,1,427.5,0.0159728
216.632,1,427,0.0158867
217.498,1,426.5,0.0157908
218.364,1,426,0.0156747
219.23,1,425.5,0.0155539
220.096,1,425,0.0154645
220.962,1,424.5,0.0154202
221.828,1,424,0.0153719
222.694,1,423.5,0.0153196
223.56,1,423,0.0152595
224.426,1,422.5,0.0151934
225.292,1,422,0.0150908
226.158,1,421.5,0.0149862
227.024,1,421,0.0148823
227.89,1,420.5,0.0147783
228.756,1,420,0.0146795
229.622,1,419.5,0.0146029
230.488,1,419,0.014539
231.355,1,418.5,0.0144688
232.221,1,418,0.0143948
233.087,1,417.5,0.0143087
233.953,1,417,0.0142125
234.819,1,416.5,0.0141266
235.685,1,416,0.0140299
236.551,1,415.5,0.0139222
237.417,1,415,0.0138032
238.283,1,414.5,0.0136736
239.149,1,414,0.0135334
240.015,1,413.5,0.0134062
240.881,1,413,0.0132809
241.747,1,412.5,0.0131551
242.613,1,412,0.0130651
243.479,1,411.5,0.0129942
244.345,1,411,0.0129418
245.211,1,410.5,0.0129026
246.077,1,410,0.0128794
246.943,1,409.5,0.0128648
247.809,1,409,0.0128596
248.675,1,408.5,0.0128433
249.541,1,408,0.0128162
250.407,1,407.5,0.0127873
251.273,1,407,0.0127525
252.139,1,406.5,0.0127157
253.005,1,406,0.0126762
253.871,1,405.5,0.0126261
254.737,1,405,0.0125697
255.603,1,404.5,0.0125072
256.469,1,404,0.0124476
257.335,1,403.5,0.0123862
258.201,1,403,0.0123284
259.067,1,402.5,0.0122759
259.933,1,402,0.0122207
260.799,1,401.5,0.0121613
261.665,1,401,0.0120992
262.531,1,400.5,0.0120362
263.397,1,400,0.0119774
264.263,1,399.5,0.0119181
265.13,1,399,0.011862
265.996,1,398.5,0.011803
266.862,1,398,0.0117522
267.728,1,397.5,0.011716
268.594,1,397,0.0116789
269.46,1,396.5,0.0116506
270.326,1,396,0.0116568
271.192,1,395.5,0.0116747
272.058,1,395,0.0117033
272.924,1,394.5,0.0117892
273.79,1,394,0.0118889
274.656,1,393.5,0.0120017
275.522,1,393,0.0120395
276.388,1,392.5,0.0120627
277.254,1,392,0.0120892
278.12,1,391.5,0.0120708
278.986,1,391,0.0120332
279.852,1,390.5,0.0119978
280.718,1,390,0.0119303
281.584,1,389.5,0.0118591
282.45,1,389,0.0118375
283.316,1,388.5,0.0118758
284.182,1,388,0.011994
285.048,1,387.5,0.0121339
285.914,1,387,0.012317
286.78,1,386.5,0.012606
287.646,1,386,0.0128996
288.512,1,385.5,0.0131961
289.378,1,385,0.013474
290.244,1,384.5,0.0137371
291.11,1,384,0.0139826
291.976,1,383.5,0.0141776
292.842,1,383,0.0143717
293.708,1,382.5,0.0145705
294.574,1,382,0.01476
295.44,1,381.5,0.0149417
296.306,1,381,0.0151612
297.172,1,380.5,0.0154247
298.038,1,380,0.0156994
298.905,1,379.5,0.0159558
299.771,1,379,0.0162558
300.637,1,378.5,0.0166546
301.503,1,378,0.0171233
302.369,1,377.5,0.0176801
303.235,1,377,0.0184182
304.101,1,376.5,0.0191744
304.967,1,376,0.0199266
305.833,1,375.5,0.0200434
306.699,1,375,0.0201847
307.565,1,374.5,0.0201429
308.431,1,374,0.0197955
309.297,1,373.5,0.0193314
310.163,1,373,0.0187976
311.029,1,372.5,0.0182895
311.895,1,372,0.018665
312.761,1,371.5,0.0190392
313.627,1,371,0.0194801
314.493,1,370.5,0.0198731
315.359,1,370,0.0201747
316.225,1,369.5,0.0203787
317.091,1,369,0.0206059
317.957,1,368.5,0.0208627
318.823,1,368,0.0212933
319.689,1,367.5,0.0218393
320.555,1,367,0.0226639
321.421,1,366.5,0.0242696
322.287,1,366,0.0255969
323.153,1,365.5,0.0266647
324.019,1,365,0.0277089
324.885,1,364.5,0.0294076
325.751,1,364,0.0312243
326.617,1,363.5,0.033156
327.483,1,363,0.0349538
328.349,1,362.5,0.0364665
329.215,1,362,0.0370102
330.081,1,361.5,0.0367226
330.947,1,361,0.0362116
331.813,1,360.5,0.0355875
332.679,1,360,0.034844
333.546,1,359.5,0.0342482
334.412,1,359,0.0343516
335.278,1,358.5,0.0344548
336.144,1,358,0.0345344
337.01,1,357.5,0.0346272
337.876,1,357,0.034639
338.742,1,356.5,0.0342158
339.608,1,356,0.0337798
340.474,1,355.5,0.0333839
341.34,1,355,0.0330472
342.206,1,354.5,0.0328999
343.072,1,354,0.0329569
343.938,1,353.5,0.0338446
344.804,1,353,0.0347529
345.67,1,352.5,0.0355971
346.536,1,352,0.036137
347.402,1,351.5,0.0366792
348.268,1,351,0.0372819
349.134,1,350.5,0.0382565
350,1,350,0.0396346
350.866,1,349.5,0.0412485
351.732,1,349,0.043198
352.598,1,348.5,0.0450795
353.464,1,348,0.046545
354.33,1,347.5,0.0474576
355.196,1,347,0.0477
356.062,1,346.5,0.0476446
356.928,1,346,0.0473079
357.794,1,345.5,0.0471732
358.66,1,345,0.0469261
359.526,1,344.5,0.0464896
360.392,1,344,0.0466193
361.258,1,343.5,0.0469284
362.124,1,343,0.0468104
362.99,1,342.5,0.0465
363.856,1,342,0.0459985
364.722,1,341.5,0.0462624
365.588,1,341,0.0470664
366.454,1,340.5,0.0478144
367.321,1,340,0.0485066
368.187,1,339.5,0.0491428
369.053,1,339,0.0501279
369.919,1,338.5,0.0506714
370.785,1,338,0.0511266
371.651,1,337.5,0.0512695
372.517,1,337,0.0511286
373.383,1,336.5,0.0510176
374.249,1,336,0.0507591
375.115,1,335.5,0.0504595
375.981,1,335,0.0501244
376.847,1,334.5,0.0505917
377.713,1,334,0.0521283
378.579,1,333.5,0.0509067
379.445,1,333,0.050668
380.311,1,332.5,0.0506179
381.177,1,332,0.0507305
382.043,1,331.5,0.0504873
382.909,1,331,0.0501483
383.775,1,330.5,0.0498154
384.641,1,330,0.0494816
385.507,1,329.5,0.049175
386.373,1,329,0.0489774
387.239,1,328.5,0.0488704
388.105,1,328,0.0491944
388.971,1,327.5,0.0497764
389.837,1,327,0.0506234
390.703,1,326.5,0.0516364
391.569,1,326,0.0526458
392.435,1,325.5,0.0536974
393.301,1,325,0.0551711
394.167,1,324.5,0.0568187
395.033,1,324,0.0586538
395.899,1,323.5,0.0596156
396.765,1,323,0.0606006
397.631,1,322.5,0.0630259
398.497,1,322,0.0635092
399.363,1,321.5,0.0621973
400.229,1,321,0.0617548
401.095,1,320.5,0.0616877
401.962,1,320,0.0619007
402.828,1,319.5,0.0621478
403.694,1,319,0.0625644
404.56,1,318.5,0.0631499
405.426,1,318,0.0635275
406.292,1,317.5,0.0639451
407.158,1,317,0.0644056
408.024,1,316.5,0.0648234
408.89,1,316,0.0651955
409.756,1,315.5,0.065073
410.622,1,315,0.0646438
411.488,1,314.5,0.0641319
412.354,1,314,0.0637042
413.22,1,313.5,0.0632443
414.086,1,313,0.0627841
414.952,1,312.5,0.0627698
415.818,1,312,0.0626011
416.684,1,311.5,0.062175
417.55,1,311,0.061546
418.416,1,310.5,0.0607901
419.282,1,310,0.0603825
420.148,1,309.5,0.0605692
421.014,1,309,0.0610784
421.88,1,308.5,0.0613572
422.746,1,308,0.0618958
423.612,1,307.5,0.0631981
424.478,1,307,0.0650863
425.344,1,306.5,0.0666111
426.21,1,306,0.0678969
427.076,1,305.5,0.0698175
427.942,1,305,0.0709922
428.808,1,304.5,0.0728319
429.674,1,304,0.0743258
430.54,1,303.5,0.0753526
431.406,1,303,0.0781811
432.272,1,302.5,0.0855233
433.138,1,302,0.0861784
434.004,1,301.5,0.0868695
434.87,1,301,0.0875994
435.737,1,300.5,0.0849881
436.603,1,300,0.0850071
437.469,1,299.5,0.0853198
438.335,1,299,0.0867422
439.201,1,298.5,0.0879739
440.067,1,298,0.0888236
440.933,1,297.5,0.0894149
441.799,1,297,0.0895523
442.665,1,296.5,0.0900129
443.531,1,296,0.0914818
444.397,1,295.5,0.0917826
445.263,1,295,0.0914099
446.129,1,294.5,0.0919746
446.995,1,294,0.0923421
447.861,1,293.5,0.0926689
448.727,1,293,0.0930909
449.593,1,292.5,0.0931857
450.459,1,292,0.0933321
451.325,1,291.5,0.0936925
452.191,1,291,0.0943242
453.057,1,290.5,0.095421
453.923,1,290,0.0966811
454.789,1,289.5,0.0984152
455.655,1,289,0.0992731
456.521,1,288.5,0.100182
457.387,1,288,0.100719
458.253,1,287.5,0.101218
459.119,1,287,0.101491
459.985,1,286.5,0.100952
460.851,1,286,0.100553
461.717,1,285.5,0.100295
462.583,1,285,0.0997581
463.449,1,284.5,0.0992514
464.315,1,284,0.0980232
465.181,1,283.5,0.0974928
466.047,1,283,0.0974583
466.913,1,282.5,0.097452
467.779,1,282,0.0976106
468.645,1,281.5,0.097817
469.512,1,281,0.0975872
470.378,1,280.5,0.0966184
471.244,1,280,0.0953889
472.11,1,279.5,0.0934365
472.976,1,279,0.0914093
473.842,1,278.5,0.089632
474.708,1,278,0.0890733
475.574,1,277.5,0.0890071
476.44,1,277,0.0893546
477.306,1,276.5,0.0908441
478.172,1,276,0.0932178
479.038,1,275.5,0.0949451
479.904,1,275,0.0958257
480.77,1,274.5,0.0965115
481.636,1,274,0.0957919
482.502,1,273.5,0.0940652
483.368,1,273,0.09304
484.234,1,272.5,0.0929084
485.1,1,272,0.0937614
485.966,1,271.5,0.0920569
486.832,1,271,0.0901799
487.698,1,270.5,0.0868765
488.564,1,270,0.0827339
489.43,1,269.5,0.0765095
490.296,1,269,0.070773
491.162,1,268.5,0.0686864
492.028,1,268,0.0712752
492.894,1,267.5,0.073592
493.76,1,267,0.074341
494.626,1,266.5,0.0728424
495.492,1,266,0.0706405
496.358,1,265.5,0.0666462
497.224,1,265,0.0622276
498.09,1,264.5,0.0585658
498.956,1,264,0.0571295
499.822,1,263.5,0.0573176
500.688,1,263,0.0594661
501.554,1,262.5,0.0591581
502.42,1,262,0.0571495
503.286,1,261.5,0.0565558
504.153,1,261,0.0558624
505.019,1,260.5,0.0545656
505.885,1,260,0.0540695
506.751,1,259.5,0.0526207
507.617,1,259,0.0501586
508.483,1,258.5,0.0492124
509.349,1,258,0.0483442
510.215,1,257.5,0.0465825
511.081,1,257,0.0447292
511.947,1,256.5,0.043236
512.813,1,256,0.0419273
513.679,1,255.5,0.0408514
514.545,1,255,0.0400374
515.411,1,254.5,0.0411089
516.277,1,254,0.0418678
517.143,1,253.5,0.0409829
518.009,1,253,0.039631
518.875,1,252.5,0.0390525
519.741,1,252,0.0388602
520.607,1,251.5,0.0388366
521.473,1,251,0.0388533
522.339,1,250.5,0.0387653
523.205,1,250,0.0388059
524.071,1,249.5,0.0391871
524.937,1,249,0.0396597
525.803,1,248.5,0.0401948
526.669,1,248,0.0408303
527.535,1,247.5,0.0415845
528.401,1,247,0.0418846
529.267,1,246.5,0.0422391
530.133,1,246,0.0427159
530.999,1,245.5,0.0432672
531.865,1,245,0.0438884
532.731,1,244.5,0.0444034
533.597,1,244,0.0449822
534.463,1,243.5,0.0456922
535.329,1,243,0.0457562
536.195,1,242.5,0.0457172
537.061,1,242,0.0456764
537.928,1,241.5,0.0452124
538.794,1,241,0.0447425
539.66,1,240.5,0.0442944
540.526,1,240,0.04369
541.392,1,239.5,0.0427011
542.258,1,239,0.0413797
543.124,1,238.5,0.0393102
543.99,1,238,0.0365398
544.856,1,237.5,0.0338356
545.722,1,237,0.0315275
546.588,1,236.5,0.0303663
547.454,1,236,0.0295308
548.32,1,235.5,0.0290212
549.186,1,235,0.0290798
550.052,1,234.5,0.0289675
550.918,1,234,0.0286843
551.784,1,233.5,0.0283759
552.65,1,233,0.0282992
553.516,1,232.5,0.0282128
554.382,1,232,0.0281026
555.248,1,231.5,0.02782
556.114,1,231,0.0273836
556.98,1,230.5,0.0272528
557.846,1,230,0.027139
558.712,1,229.5,0.0269767
559.578,1,229,0.0268608
560.444,1,228.5,0.0267644
561.31,1,228,0.0266285
562.176,1,227.5,0.0266509
563.042,1,227,0.0268581
563.908,1,226.5,0.0270103
564.774,1,226,0.0271054
565.64,1,225.5,0.0270719
566.506,1,225,0.0267725
567.372,1,224.5,0.0264712
568.238,1,224,0.025901
569.104,1,223.5,0.0253119
569.97,1,223,0.0247069
570.836,1,222.5,0.0240946
571.703,1,222,0.0234747
572.569,1,221.5,0.0228256
573.435,1,221,0.0225545
574.301,1,220.5,0.0224122
575.167,1,220,0.0222283
576.033,1,219.5,0.0222592
576.899,1,219,0.0224049
577.765,1,218.5,0.0224744
578.631,1,218,0.0225386
579.497,1,217.5,0.0226626
580.363,1,217,0.0228141
581.229,1,216.5,0.0229162
582.095,1,216,0.0230266
582.961,1,215.5,0.0230416
583.827,1,215,0.0229725
584.693,1,214.5,0.0230957
585.559,1,214,0.0232545
586.425,1,213.5,0.0233204
587.291,1,213,0.023585
588.157,1,212.5,0.0237598
589.023,1,212,0.0238052
589.889,1,211.5,0.0242215
590.755,1,211,0.0246342
591.621,1,210.5,0.0248946
592.487,1,210,0.0250029
593.353,1,209.5,0.0251184
594.219,1,209,0.025283
595.085,1,208.5,0.0252845
595.951,1,208,0.0251084
596.817,1,207.5,0.0249217
597.683,1,207,0.0246911
598.549,1,206.5,0.0243756
599.415,1,206,0.0241505
600.281,1,205.5,0.0238761
601.147,1,205,0.0234853
602.013,1,204.5,0.0230704
602.879,1,204,0.0226314
603.745,1,203.5,0.0223141
604.611,1,203,0.0221423
605.477,1,202.5,0.0220607
606.344,1,202,0.0221981
607.21,1,201.5,0.0224251
608.076,1,201,0.0227021
608.942,1,200.5,0.0230263
609.808,1,200,0.0233906
