x,y,z,b
90.1924,1,500,0.0142887
91.0584,1,499.5,0.0142235
91.9244,1,499,0.0141485
92.7905,1,498.5,0.0140425
93.6565,1,498,0.013939
94.5225,1,497.5,0.0138368
95.3885,1,497,0.013732
96.2546,1,496.5,0.0136287
97.1206,1,496,0.0135401
97.9866,1,495.5,0.0134678
98.8526,1,495,0.0134037
99.7187,1,494.5,0.0133478
100.585,1,494,0.0133181
101.451,1,493.5,0.0132898
102.317,1,493,0.0131882
103.183,1,492.5,0.0130846
104.049,1,492,0.0129639
104.915,1,491.5,0.0128215
105.781,1,491,0.0126975
106.647,1,490.5,0.0127031
107.513,1,490,0.0127696
108.379,1,489.5,0.0128528
109.245,1,489,0.0129489
110.111,1,488.5,0.0130327
110.977,1,488,0.0130852
111.843,1,487.5,0.0130481
112.709,1,487,0.0130271
113.575,1,486.5,0.0130238
114.441,1,486,0.0130574
115.307,1,485.5,0.0131199
116.173,1,485,0.0131962
117.039,1,484.5,0.0132486
117.905,1,484,0.0132615
118.771,1,483.5,0.0132344
119.637,1,483,0.013169
120.503,1,482.5,0.0131175
121.369,1,482,0.0132357
122.235,1,481.5,0.0133777
123.101,1,481,0.0135271
123.967,1,480.5,0.0136835
124.833,1,480,0.0138388
125.699,1,479.5,0.0138193
126.565,1,479,0.0137541
127.431,1,478.5,0.0136938
128.297,1,478,0.0136414
129.164,1,477.5,0.013601
130.03,1,477,0.0136032
130.896,1,476.5,0.0136734
131.762,1,476,0.0137301
132.628,1,475.5,0.0137732
133.494,1,475,0.0138011
134.36,1,474.5,0.0138131
135.226,1,474,0.0137741
136.092,1,473.5,0.0137404
136.958,1,473,0.0137276
137.824,1,472.5,0.0137363
138.69,1,472,0.013768
139.556,1,471.5,0.0138064
140.422,1,471,0.0138157
141.288,1,470.5,0.0138146
142.154,1,470,0.0138041
143.02,1,469.5,0.0137834
143.886,1,469,0.0137534
144.752,1,468.5,0.0137915
145.618,1,468,0.01385
146.484,1,467.5,0.0139218
147.35,1,467,0.0140103
148.216,1,466.5,0.0141124
149.082,1,466,0.0141684
149.948,1,465.5,0.0141383
150.814,1,465,0.0140909
151.68,1,464.5,0.0140263
152.546,1,464,0.0139324
153.412,1,463.5,0.0138306
154.278,1,463,0.0138658
155.144,1,462.5,0.0138978
156.01,1,462,0.0139302
156.876,1,461.5,0.0139668
157.742,1,461,0.0139987
158.608,1,460.5,0.0139555
159.474,1,460,0.0138282
160.34,1,459.5,0.0136887
161.206,1,459,0.0135364
162.072,1,458.5,0.0133812
162.939,1,458,0.0132234
163.805,1,457.5,0.0132432
164.671,1,457,0.0132656
165.537,1,456.5,0.013288
166.403,1,456,0.0132983
167.269,1,455.5,0.013315
168.135,1,455,0.0132193
169.001,1,454.5,0.0130437
169.867,1,454,0.0128968
170.733,1,453.5,0.0127783
171.599,1,453,0.0127065
172.465,1,452.5,0.0126775
173.331,1,452,0.0126996
174.197,1,451.5,0.0127112
175.063,1,451,0.0127
175.929,1,450.5,0.0126518
176.795,1,450,0.012586
177.661,1,449.5,0.0126285
178.527,1,449,0.0127737
179.393,1,448.5,0.0129603
180.259,1,448,0.013193
181.125,1,447.5,0.0134601
181.991,1,447,0.0137196
182.857,1,446.5,0.0137431
183.723,1,446,0.0137741
184.589,1,445.5,0.0138126
185.455,1,445,0.0138711
186.321,1,444.5,0.0139448
187.187,1,444,0.0141326
188.053,1,443.5,0.0143695
188.919,1,443,0.0146022
189.785,1,442.5,0.0148299
190.651,1,442,0.0150515
191.517,1,441.5,0.0152556
192.383,1,441,0.015395
193.249,1,440.5,0.015501
194.115,1,440,0.0155858
194.981,1,439.5,0.0156764
195.847,1,439,0.015758
196.714,1,438.5,0.0157915
197.58,1,438,0.0157946
198.446,1,437.5,0.0157737
199.312,1,437,0.015721
200.178,1,436.5,0.0156447
201.044,1,436,0.0155611
201.91,1,435.5,0.0155219
202.776,1,435,0.0155095
203.642,1,434.5,0.0155239
204.508,1,434,0.015583
205.374,1,433.5,0.0156714
206.24,1,433,0.0156761
207.106,1,432.5,0.0156598
207.972,1,432,0.0156471
208.838,1,431.5,0.0156371
209.704,1,431,0.0156204
210.57,1,430.5,0.015652
211.436,1,430,0.0157739
212.302,1,429.5,0.0158698
213.168,1,429,0.0159372
214.034,1,428.5,0.015991
214.9,1,428,0.016028
215.766,1,427.5,0.015991
216.632,1,427,0.015952
217.498,1,426.5,0.0159205
218.364,1,426,0.0158965
219.23,1,425.5,0.0158865
220.096,1,425,0.0159056
220.962,1,424.5,0.0159516
221.828,1,424,0.015978
222.694,1,423.5,0.0159847
223.56,1,423,0.0159703
224.426,1,422.5,0.0159287
225.292,1,422,0.0159218
226.158,1,421.5,0.0159183
227.024,1,421,0.0159123
227.89,1,420.5,0.0159047
228.756,1,420,0.0158938
229.622,1,419.5,0.0157793
230.488,1,419,0.0155432
231.355,1,418.5,0.0153147
232.221,1,418,0.0151113
233.087,1,417.5,0.014922
233.953,1,417,0.0147499
234.819,1,416.5,0.0148629
235.685,1,416,0.014973
236.551,1,415.5,0.015076
237.417,1,415,0.01516
238.283,1,414.5,0.0152231
239.149,1,414,0.0152317
240.015,1,413.5,0.0151831
240.881,1,413,0.0151496
241.747,1,412.5,0.0151371
242.613,1,412,0.0151261
243.479,1,411.5,0.0151297
244.345,1,411,0.0150759
245.211,1,410.5,0.0149923
246.077,1,410,0.0148833
246.943,1,409.5,0.0147603
247.809,1,409,0.0146458
248.675,1,408.5,0.0146136
249.541,1,408,0.0146167
250.407,1,407.5,0.014625
251.273,1,407,0.0146659
252.139,1,406.5,0.0147037
253.005,1,406,0.0147274
253.871,1,405.5,0.014661
254.737,1,405,0.0145882
255.603,1,404.5,0.0145091
256.469,1,404,0.0144218
257.335,1,403.5,0.0143211
258.201,1,403,0.01432
259.067,1,402.5,0.0143647
259.933,1,402,0.0144137
260.799,1,401.5,0.0144747
261.665,1,401,0.0145123
262.531,1,400.5,0.0144804
263.397,1,400,0.0141018
264.263,1,399.5,0.0136258
265.13,1,399,0.0130857
265.996,1,398.5,0.0125283
266.862,1,398,0.0120065
267.728,1,397.5,0.0119649
268.594,1,397,0.0119815
269.46,1,396.5,0.0119133
270.326,1,396,0.0118043
271.192,1,395.5,0.0115985
272.058,1,395,0.0113375
272.924,1,394.5,0.0113747
273.79,1,394,0.0114402
274.656,1,393.5,0.0115311
275.522,1,393,0.0116769
276.388,1,392.5,0.0118368
277.254,1,392,0.0119197
278.12,1,391.5,0.011951
278.986,1,391,0.0119609
279.852,1,390.5,0.0119421
280.718,1,390,0.0119124
281.584,1,389.5,0.0119135
282.45,1,389,0.0119938
283.316,1,388.5,0.0120811
284.182,1,388,0.0121861
285.048,1,387.5,0.012278
285.914,1,387,0.0123802
286.78,1,386.5,0.0124775
287.646,1,386,0.0125514
288.512,1,385.5,0.012626
289.378,1,385,0.0128437
290.244,1,384.5,0.0130205
291.11,1,384,0.0132469
291.976,1,383.5,0.0137334
292.842,1,383,0.014229
293.708,1,382.5,0.014719
294.574,1,382,0.0152349
295.44,1,381.5,0.0157306
296.306,1,381,0.0162572
297.172,1,380.5,0.0168923
298.038,1,380,0.0170826
298.905,1,379.5,0.0167087
299.771,1,379,0.0168601
300.637,1,378.5,0.0171625
301.503,1,378,0.0174221
302.369,1,377.5,0.0179998
303.235,1,377,0.018281
304.101,1,376.5,0.0185086
304.967,1,376,0.0188475
305.833,1,375.5,0.0191993
306.699,1,375,0.0198909
307.565,1,374.5,0.0206222
308.431,1,374,0.0212317
309.297,1,373.5,0.0217626
310.163,1,373,0.022248
311.029,1,372.5,0.0229145
311.895,1,372,0.0256247
312.761,1,371.5,0.0288512
313.627,1,371,0.0309259
314.493,1,370.5,0.0328521
315.359,1,370,0.0330553
316.225,1,369.5,0.0333447
317.091,1,369,0.0337149
317.957,1,368.5,0.0341713
318.823,1,368,0.0346395
319.689,1,367.5,0.0348006
320.555,1,367,0.0347806
321.421,1,366.5,0.0346937
322.287,1,366,0.0347924
323.153,1,365.5,0.0351161
324.019,1,365,0.0356888
324.885,1,364.5,0.0360815
325.751,1,364,0.0364301
326.617,1,363.5,0.0367371
327.483,1,363,0.0372625
328.349,1,362.5,0.037914
329.215,1,362,0.0385296
330.081,1,361.5,0.0388994
330.947,1,361,0.0392472
331.813,1,360.5,0.0399784
332.679,1,360,0.0400871
333.546,1,359.5,0.0402347
334.412,1,359,0.040421
335.278,1,358.5,0.0406461
336.144,1,358,0.0407673
337.01,1,357.5,0.0407122
337.876,1,357,0.040665
338.742,1,356.5,0.040622
339.608,1,356,0.0400044
340.474,1,355.5,0.0394439
341.34,1,355,0.0388043
342.206,1,354.5,0.0380189
343.072,1,354,0.0370628
343.938,1,353.5,0.0357439
344.804,1,353,0.0343098
345.67,1,352.5,0.03278
346.536,1,352,0.0316013
347.402,1,351.5,0.0304573
348.268,1,351,0.0291647
349.134,1,350.5,0.0289995
350,1,350,0.0312135
350.866,1,349.5,0.0282957
351.732,1,349,0.0266333
352.598,1,348.5,0.0253465
353.464,1,348,0.0253374
354.33,1,347.5,0.0255405
355.196,1,347,0.0260954
356.062,1,346.5,0.026105
356.928,1,346,0.0256874
357.794,1,345.5,0.0266952
358.66,1,345,0.0274712
359.526,1,344.5,0.0277572
360.392,1,344,0.0284197
361.258,1,343.5,0.0282593
362.124,1,343,0.027804
362.99,1,342.5,0.0287008
363.856,1,342,0.0292406
364.722,1,341.5,0.0267009
365.588,1,341,0.0249891
366.454,1,340.5,0.0259929
367.321,1,340,0.0270289
368.187,1,339.5,0.0289559
369.053,1,339,0.0311809
369.919,1,338.5,0.0326688
370.785,1,338,0.0333748
371.651,1,337.5,0.0339784
372.517,1,337,0.0345355
373.383,1,336.5,0.0371919
374.249,1,336,0.0403161
375.115,1,335.5,0.0447385
375.981,1,335,0.0472969
376.847,1,334.5,0.0482124
377.713,1,334,0.0492951
378.579,1,333.5,0.0499339
379.445,1,333,0.05048
380.311,1,332.5,0.0512665
381.177,1,332,0.051963
382.043,1,331.5,0.0527232
382.909,1,331,0.0545045
383.775,1,330.5,0.0560072
384.641,1,330,0.0562081
385.507,1,329.5,0.0560378
386.373,1,329,0.054712
387.239,1,328.5,0.0535844
388.105,1,328,0.0531212
388.971,1,327.5,0.052116
389.837,1,327,0.0516402
390.703,1,326.5,0.0515378
391.569,1,326,0.052075
392.435,1,325.5,0.0533515
393.301,1,325,0.0544126
394.167,1,324.5,0.0552529
395.033,1,324,0.0560519
395.899,1,323.5,0.0570649
396.765,1,323,0.0583768
397.631,1,322.5,0.0598213
398.497,1,322,0.0612938
399.363,1,321.5,0.062404
400.229,1,321,0.0634885
401.095,1,320.5,0.0640502
401.962,1,320,0.0640823
402.828,1,319.5,0.0638058
403.694,1,319,0.0636865
404.56,1,318.5,0.0635004
405.426,1,318,0.0631602
406.292,1,317.5,0.0627932
407.158,1,317,0.062404
408.024,1,316.5,0.0620503
408.89,1,316,0.0617193
409.756,1,315.5,0.0611452
410.622,1,315,0.0606342
411.488,1,314.5,0.0603161
412.354,1,314,0.0601167
413.22,1,313.5,0.0600671
414.086,1,313,0.060187
414.952,1,312.5,0.0604726
415.818,1,312,0.0608423
416.684,1,311.5,0.0612988
417.55,1,311,0.0618341
418.416,1,310.5,0.0624433
419.282,1,310,0.0632193
420.148,1,309.5,0.0639966
421.014,1,309,0.0646955
421.88,1,308.5,0.0654151
422.746,1,308,0.0661387
423.612,1,307.5,0.0669759
424.478,1,307,0.0682248
425.344,1,306.5,0.0697288
426.21,1,306,0.0722066
427.076,1,305.5,0.0748746
427.942,1,305,0.0777546
428.808,1,304.5,0.0818531
429.674,1,304,0.08535
430.54,1,303.5,0.0882779
431.406,1,303,0.0896645
432.272,1,302.5,0.0912321
433.138,1,302,0.0925941
434.004,1,301.5,0.0920536
434.87,1,301,0.0915109
435.737,1,300.5,0.0883424
436.603,1,300,0.0897472
437.469,1,299.5,0.0911354
438.335,1,299,0.0937464
439.201,1,298.5,0.0953864
440.067,1,298,0.0965492
440.933,1,297.5,0.0976377
441.799,1,297,0.0981581
442.665,1,296.5,0.0965873
443.531,1,296,0.0923294
444.397,1,295.5,0.08836
445.263,1,295,0.0845635
446.129,1,294.5,0.0838488
446.995,1,294,0.0826833
447.861,1,293.5,0.0803707
448.727,1,293,0.0854067
449.593,1,292.5,0.0823011
450.459,1,292,0.0783243
451.325,1,291.5,0.0766219
452.191,1,291,0.0759464
453.057,1,290.5,0.0744583
453.923,1,290,0.0733219
454.789,1,289.5,0.0730851
455.655,1,289,0.0731719
456.521,1,288.5,0.073268
457.387,1,288,0.0737231
458.253,1,287.5,0.0755498
459.119,1,287,0.0789697
459.985,1,286.5,0.0806882
460.851,1,286,0.0823869
461.717,1,285.5,0.0847572
462.583,1,285,0.0879006
463.449,1,284.5,0.0913751
464.315,1,284,0.0926574
465.181,1,283.5,0.0928984
466.047,1,283,0.094457
466.913,1,282.5,0.0961598
467.779,1,282,0.0972645
468.645,1,281.5,0.0986883
469.512,1,281,0.10019
470.378,1,280.5,0.100727
471.244,1,280,0.10106
472.11,1,279.5,0.101237
472.976,1,279,0.101811
473.842,1,278.5,0.102321
474.708,1,278,0.101167
475.574,1,277.5,0.0953464
476.44,1,277,0.0863105
477.306,1,276.5,0.0853468
478.172,1,276,0.0879891
479.038,1,275.5,0.0943529
479.904,1,275,0.0969736
480.77,1,274.5,0.0954654
481.636,1,274,0.0916312
482.502,1,273.5,0.0870636
483.368,1,273,0.0814278
484.234,1,272.5,0.072952
485.1,1,272,0.0657007
485.966,1,271.5,0.0589416
486.832,1,271,0.0522686
487.698,1,270.5,0.0464649
488.564,1,270,0.0420018
489.43,1,269.5,0.0373418
490.296,1,269,0.034455
491.162,1,268.5,0.0353791
492.028,1,268,0.0379758
492.894,1,267.5,0.0396006
493.76,1,267,0.0388225
494.626,1,266.5,0.038157
495.492,1,266,0.0375498
496.358,1,265.5,0.0370661
497.224,1,265,0.0366351
498.09,1,264.5,0.0366916
498.956,1,264,0.0367164
499.822,1,263.5,0.0365151
500.688,1,263,0.0362012
501.554,1,262.5,0.0353285
502.42,1,262,0.0338806
503.286,1,261.5,0.0334709
504.153,1,261,0.0332204
505.019,1,260.5,0.0326592
505.885,1,260,0.033804
506.751,1,259.5,0.0352446
507.617,1,259,0.0355665
508.483,1,258.5,0.0356317
509.349,1,258,0.035421
510.215,1,257.5,0.0350945
511.081,1,257,0.0347378
511.947,1,256.5,0.0338925
512.813,1,256,0.0328646
513.679,1,255.5,0.0321283
514.545,1,255,0.0319257
515.411,1,254.5,0.0323276
516.277,1,254,0.0330434
517.143,1,253.5,0.0342098
518.009,1,253,0.0361122
518.875,1,252.5,0.037445
519.741,1,252,0.038762
520.607,1,251.5,0.0393279
521.473,1,251,0.0383894
522.339,1,250.5,0.0369167
523.205,1,250,0.0349232
524.071,1,249.5,0.0340922
524.937,1,249,0.0350021
525.803,1,248.5,0.0348868
526.669,1,248,0.0352605
527.535,1,247.5,0.0360955
528.401,1,247,0.036815
529.267,1,246.5,0.0376283
530.133,1,246,0.0383884
530.999,1,245.5,0.0391077
531.865,1,245,0.0397556
532.731,1,244.5,0.0394897
533.597,1,244,0.0392519
534.463,1,243.5,0.0390609
535.329,1,243,0.0386469
536.195,1,242.5,0.0382464
537.061,1,242,0.0378977
537.928,1,241.5,0.0371113
538.794,1,241,0.0364766
539.66,1,240.5,0.036081
540.526,1,240,0.0358348
541.392,1,239.5,0.0357064
542.258,1,239,0.0355164
543.124,1,238.5,0.0349956
543.99,1,238,0.0342932
544.856,1,237.5,0.0336385
545.722,1,237,0.0329724
546.588,1,236.5,0.0320805
547.454,1,236,0.0303232
548.32,1,235.5,0.0290476
549.186,1,235,0.0285401
550.052,1,234.5,0.0283127
550.918,1,234,0.0283654
551.784,1,233.5,0.0288595
552.65,1,233,0.0296429
553.516,1,232.5,0.0305196
554.382,1,232,0.0311124
555.248,1,231.5,0.031682
556.114,1,231,0.0322709
556.98,1,230.5,0.0322191
557.846,1,230,0.0321254
558.712,1,229.5,0.0320727
559.578,1,229,0.0320204
560.444,1,228.5,0.0319609
561.31,1,228,0.0319859
562.176,1,227.5,0.0320158
563.042,1,227,0.0320443
563.908,1,226.5,0.0320507
564.774,1,226,0.0319966
565.64,1,225.5,0.031616
566.506,1,225,0.0309475
567.372,1,224.5,0.0301966
568.238,1,224,0.0301049
569.104,1,223.5,0.0297847
569.97,1,223,0.029226
570.836,1,222.5,0.0292771
571.703,1,222,0.029407
572.569,1,221.5,0.0292976
573.435,1,221,0.0288208
574.301,1,220.5,0.0280542
575.167,1,220,0.0271008
576.033,1,219.5,0.0266002
576.899,1,219,0.0267769
577.765,1,218.5,0.0269131
578.631,1,218,0.0255401
579.497,1,217.5,0.0268064
580.363,1,217,0.0283837
581.229,1,216.5,0.0281709
582.095,1,216,0.0266078
582.961,1,215.5,0.024707
583.827,1,215,0.0237703
584.693,1,214.5,0.0244627
585.559,1,214,0.02739
586.425,1,213.5,0.0282252
587.291,1,213,0.0280565
588.157,1,212.5,0.0277704
589.023,1,212,0.0275075
589.889,1,211.5,0.0264774
590.755,1,211,0.0255304
591.621,1,210.5,0.0249057
592.487,1,210,0.024677
593.353,1,209.5,0.0246353
594.219,1,209,0.02467
595.085,1,208.5,0.0247485
595.951,1,208,0.0248441
596.817,1,207.5,0.0249291
597.683,1,207,0.0249871
598.549,1,206.5,0.0249847
599.415,1,206,0.025025
600.281,1,205.5,0.025046
601.147,1,205,0.0250635
602.013,1,204.5,0.0249976
602.879,1,204,0.0248482
603.745,1,203.5,0.0243838
604.611,1,203,0.023671
605.477,1,202.5,0.0228181
606.344,1,202,0.0220325
607.21,1,201.5,0.0211129
608.076,1,201,0.0199961
608.942,1,200.5,0.0197812
609.808,1,200,0.0198672
