x,y,z,b
90.1924,1,500,0.0138662
91.0584,1,499.5,0.0137536
91.9244,1,499,0.0136404
92.7905,1,498.5,0.0135687
93.6565,1,498,0.0134964
94.5225,1,497.5,0.0134261
95.3885,1,497,0.0133618
96.2546,1,496.5,0.0132928
97.1206,1,496,0.0132218
97.9866,1,495.5,0.0131674
98.8526,1,495,0.0131182
99.7187,1,494.5,0.0130742
100.585,1,494,0.0130472
101.451,1,493.5,0.0130286
102.317,1,493,0.0130352
103.183,1,492.5,0.0130445
104.049,1,492,0.0130472
104.915,1,491.5,0.0130404
105.781,1,491,0.0130241
106.647,1,490.5,0.0130333
107.513,1,490,0.0130659
108.379,1,489.5,0.013105
109.245,1,489,0.0131528
110.111,1,488.5,0.0132083
110.977,1,488,0.0132402
111.843,1,487.5,0.0131232
112.709,1,487,0.0130016
113.575,1,486.5,0.0128792
114.441,1,486,0.0127989
115.307,1,485.5,0.0127456
116.173,1,485,0.0127985
117.039,1,484.5,0.012876
117.905,1,484,0.0129198
118.771,1,483.5,0.0129292
119.637,1,483,0.0128871
120.503,1,482.5,0.0128218
121.369,1,482,0.0128501
122.235,1,481.5,0.0129137
123.101,1,481,0.0130082
123.967,1,480.5,0.0131387
124.833,1,480,0.0132984
125.699,1,479.5,0.0131616
126.565,1,479,0.0129398
127.431,1,478.5,0.012723
128.297,1,478,0.0125171
129.164,1,477.5,0.0123316
130.03,1,477,0.0122732
130.896,1,476.5,0.0124601
131.762,1,476,0.0126136
132.628,1,475.5,0.012734
133.494,1,475,0.0128234
134.36,1,474.5,0.0128691
135.226,1,474,0.0127308
136.092,1,473.5,0.0126039
136.958,1,473,0.0125174
137.824,1,472.5,0.0124696
138.69,1,472,0.0124655
139.556,1,471.5,0.0124686
140.422,1,471,0.0123993
141.288,1,470.5,0.0122936
142.154,1,470,0.0121499
143.02,1,469.5,0.0119646
143.886,1,469,0.011741
144.752,1,468.5,0.0117751
145.618,1,468,0.0118745
146.484,1,467.5,0.0120106
147.35,1,467,0.0121859
148.216,1,466.5,0.0123845
149.082,1,466,0.01246
149.948,1,465.5,0.0123341
150.814,1,465,0.0121875
151.68,1,464.5,0.01202
152.546,1,464,0.0118415
153.412,1,463.5,0.0116409
154.278,1,463,0.0118424
155.144,1,462.5,0.0120903
156.01,1,462,0.012345
156.876,1,461.5,0.0125997
157.742,1,461,0.0128713
158.608,1,460.5,0.012965
159.474,1,460,0.0128571
160.34,1,459.5,0.0127366
161.206,1,459,0.0126089
162.072,1,458.5,0.0124773
162.939,1,458,0.0123596
163.805,1,457.5,0.0126056
164.671,1,457,0.0128166
165.537,1,456.5,0.0129982
166.403,1,456,0.0131699
167.269,1,455.5,0.0132809
168.135,1,455,0.0133293
169.001,1,454.5,0.0134018
169.867,1,454,0.0135004
170.733,1,453.5,0.0136243
171.599,1,453,0.0137798
172.465,1,452.5,0.0139534
173.331,1,452,0.014079
174.197,1,451.5,0.014193
175.063,1,451,0.0143132
175.929,1,450.5,0.0144412
176.795,1,450,0.0145831
177.661,1,449.5,0.0148476
178.527,1,449,0.0151917
179.393,1,448.5,0.0155264
180.259,1,448,0.0158098
181.125,1,447.5,0.0160852
181.991,1,447,0.0163177
182.857,1,446.5,0.0163717
183.723,1,446,0.0164606
184.589,1,445.5,0.0165832
185.455,1,445,0.0166741
186.321,1,444.5,0.0167741
187.187,1,444,0.0168636
188.053,1,443.5,0.0169267
188.919,1,443,0.0169867
189.785,1,442.5,0.0170468
190.651,1,442,0.0170831
191.517,1,441.5,0.0170952
192.383,1,441,0.0170695
193.249,1,440.5,0.0170378
194.115,1,440,0.0170042
194.981,1,439.5,0.0169849
195.847,1,439,0.0169715
196.714,1,438.5,0.0169692
197.58,1,438,0.0169954
198.446,1,437.5,0.0170477
199.312,1,437,0.0171213
200.178,1,436.5,0.0172072
201.044,1,436,0.0172912
201.91,1,435.5,0.0173496
202.776,1,435,0.0174173
203.642,1,434.5,0.0174946
204.508,1,434,0.0175737
205.374,1,433.5,0.0176543
206.24,1,433,0.0176993
207.106,1,432.5,0.0177383
207.972,1,432,0.0177807
208.838,1,431.5,0.0178275
209.704,1,431,0.0178783
210.57,1,430.5,0.0179068
211.436,1,430,0.0178867
212.302,1,429.5,0.01787
213.168,1,429,0.0178558
214.034,1,428.5,0.0178431
214.9,1,428,0.0178323
215.766,1,427.5,0.0178281
216.632,1,427,0.0178227
217.498,1,426.5,0.0178136
218.364,1,426,0.0177925
219.23,1,425.5,0.017771
220.096,1,425,0.0177299
220.962,1,424.5,0.0176466
221.828,1,424,0.0175621
222.694,1,423.5,0.0174766
223.56,1,423,0.0173787
224.426,1,422.5,0.0172804
225.292,1,422,0.0171826
226.158,1,421.5,0.0170582
227.024,1,421,0.01692
227.89,1,420.5,0.0167755
228.756,1,420,0.0166136
229.622,1,419.5,0.016419
230.488,1,419,0.0162013
231.355,1,418.5,0.0159817
232.221,1,418,0.015762
233.087,1,417.5,0.0155536
233.953,1,417,0.0153568
234.819,1,416.5,0.0152275
235.685,1,416,0.0151037
236.551,1,415.5,0.0149846
237.417,1,415,0.0148793
238.283,1,414.5,0.0147826
239.149,1,414,0.0147145
240.015,1,413.5,0.0146602
240.881,1,413,0.0146116
241.747,1,412.5,0.0145705
242.613,1,412,0.0145534
243.479,1,411.5,0.0145434
244.345,1,411,0.0145298
245.211,1,410.5,0.0145251
246.077,1,410,0.0145175
246.943,1,409.5,0.0144934
247.809,1,409,0.0144573
248.675,1,408.5,0.014441
249.541,1,408,0.0144295
250.407,1,407.5,0.0144052
251.273,1,407,0.0143748
252.139,1,406.5,0.0143289
253.005,1,406,0.0142646
253.871,1,405.5,0.0141619
254.737,1,405,0.014041
255.603,1,404.5,0.0139019
256.469,1,404,0.0137389
257.335,1,403.5,0.0135566
258.201,1,403,0.0134144
259.067,1,402.5,0.01327
259.933,1,402,0.0131118
260.799,1,401.5,0.0129485
261.665,1,401,0.0127305
262.531,1,400.5,0.012466
263.397,1,400,0.0122048
264.263,1,399.5,0.0120227
265.13,1,399,0.0119293
265.996,1,398.5,0.0118541
266.862,1,398,0.0118289
267.728,1,397.5,0.0118848
268.594,1,397,0.0119405
269.46,1,396.5,0.0120204
270.326,1,396,0.0122459
271.192,1,395.5,0.0124759
272.058,1,395,0.0127141
272.924,1,394.5,0.0132701
273.79,1,394,0.0137995
274.656,1,393.5,0.0142975
275.522,1,393,0.0148542
276.388,1,392.5,0.0154644
277.254,1,392,0.0160428
278.12,1,391.5,0.0165576
278.986,1,391,0.0171001
279.852,1,390.5,0.0176977
280.718,1,390,0.0183165
281.584,1,389.5,0.0189921
282.45,1,389,0.0197807
283.316,1,388.5,0.020543
284.182,1,388,0.0212894
285.048,1,387.5,0.02213
285.914,1,387,0.0230018
286.78,1,386.5,0.0235626
287.646,1,386,0.0240211
288.512,1,385.5,0.0243933
289.378,1,385,0.0247209
290.244,1,384.5,0.0250072
291.11,1,384,0.0253633
291.976,1,383.5,0.0256941
292.842,1,383,0.0259812
293.708,1,382.5,0.0265864
294.574,1,382,0.0264479
295.44,1,381.5,0.026326
296.306,1,381,0.0262207
297.172,1,380.5,0.0261321
298.038,1,380,0.0260604
298.905,1,379.5,0.0262333
299.771,1,379,0.0264058
300.637,1,378.5,0.0265757
301.503,1,378,0.026743
302.369,1,377.5,0.0269078
303.235,1,377,0.0270699
304.101,1,376.5,0.0273511
304.967,1,376,0.0276832
305.833,1,375.5,0.028007
306.699,1,375,0.0283224
307.565,1,374.5,0.0286271
308.431,1,374,0.0289199
309.297,1,373.5,0.0292978
310.163,1,373,0.029821
311.029,1,372.5,0.0303339
311.895,1,372,0.0308366
312.761,1,371.5,0.0313291
313.627,1,371,0.0318113
314.493,1,370.5,0.032283
315.359,1,370,0.0327118
316.225,1,369.5,0.0330756
317.091,1,369,0.0332991
317.957,1,368.5,0.0332727
318.823,1,368,0.0331936
319.689,1,367.5,0.0330618
320.555,1,367,0.0326676
321.421,1,366.5,0.0321928
322.287,1,366,0.0317217
323.153,1,365.5,0.0312545
324.019,1,365,0.0307911
324.885,1,364.5,0.0303316
325.751,1,364,0.0298865
326.617,1,363.5,0.0295921
327.483,1,363,0.0295586
328.349,1,362.5,0.0295864
329.215,1,362,0.0296756
330.081,1,361.5,0.0298261
330.947,1,361,0.0300361
331.813,1,360.5,0.0302721
332.679,1,360,0.030536
333.546,1,359.5,0.0308278
334.412,1,359,0.0311476
335.278,1,358.5,0.0314954
336.144,1,358,0.0318357
337.01,1,357.5,0.0319866
337.876,1,357,0.0320177
338.742,1,356.5,0.0319558
339.608,1,356,0.0318007
340.474,1,355.5,0.0315524
341.34,1,355,0.0299353
342.206,1,354.5,0.0293937
343.072,1,354,0.0289729
343.938,1,353.5,0.0282959
344.804,1,353,0.0274536
345.67,1,352.5,0.0265072
346.536,1,352,0.0257518
347.402,1,351.5,0.0252371
348.268,1,351,0.0248205
349.134,1,350.5,0.0267586
350,1,350,0.0343311
350.866,1,349.5,0.035418
351.732,1,349,0.0364895
352.598,1,348.5,0.0375457
353.464,1,348,0.0375619
354.33,1,347.5,0.0372904
355.196,1,347,0.0368275
356.062,1,346.5,0.0362818
356.928,1,346,0.0357617
357.794,1,345.5,0.0352671
358.66,1,345,0.0348833
359.526,1,344.5,0.034603
360.392,1,344,0.0343503
361.258,1,343.5,0.0341252
362.124,1,343,0.0339278
362.99,1,342.5,0.0337579
363.856,1,342,0.0336893
364.722,1,341.5,0.0341267
365.588,1,341,0.0346535
366.454,1,340.5,0.0351135
367.321,1,340,0.0355067
368.187,1,339.5,0.035833
369.053,1,339,0.0360925
369.919,1,338.5,0.0366414
370.785,1,338,0.0372047
371.651,1,337.5,0.0377442
372.517,1,337,0.0382598
373.383,1,336.5,0.0387516
374.249,1,336,0.039448
375.115,1,335.5,0.0400622
375.981,1,335,0.0405191
376.847,1,334.5,0.0408618
377.713,1,334,0.0410904
378.579,1,333.5,0.0401623
379.445,1,333,0.0396377
380.311,1,332.5,0.0390499
381.177,1,332,0.0386533
382.043,1,331.5,0.0390007
382.909,1,331,0.0398524
383.775,1,330.5,0.0399772
384.641,1,330,0.0403047
385.507,1,329.5,0.0406138
386.373,1,329,0.0416607
387.239,1,328.5,0.0426049
388.105,1,328,0.0420918
388.971,1,327.5,0.0424132
389.837,1,327,0.042864
390.703,1,326.5,0.0432811
391.569,1,326,0.0437031
392.435,1,325.5,0.0442422
393.301,1,325,0.0451728
394.167,1,324.5,0.0461471
395.033,1,324,0.0471602
395.899,1,323.5,0.0477841
396.765,1,323,0.0483951
397.631,1,322.5,0.0490276
398.497,1,322,0.0499004
399.363,1,321.5,0.0509472
400.229,1,321,0.051799
401.095,1,320.5,0.0527118
401.962,1,320,0.0536761
402.828,1,319.5,0.0539885
403.694,1,319,0.0544867
404.56,1,318.5,0.0551272
405.426,1,318,0.0559101
406.292,1,317.5,0.0568352
407.158,1,317,0.0579026
408.024,1,316.5,0.0588798
408.89,1,316,0.0597275
409.756,1,315.5,0.0605169
410.622,1,315,0.0612482
411.488,1,314.5,0.0619213
412.354,1,314,0.0621818
413.22,1,313.5,0.0623554
414.086,1,313,0.0624737
414.952,1,312.5,0.0626673
415.818,1,312,0.0629363
416.684,1,311.5,0.0632806
417.55,1,311,0.0637002
418.416,1,310.5,0.0642283
419.282,1,310,0.0653077
420.148,1,309.5,0.0664638
421.014,1,309,0.0676968
421.88,1,308.5,0.0681168
422.746,1,308,0.0686753
423.612,1,307.5,0.0694026
424.478,1,307,0.0699809
425.344,1,306.5,0.0705144
426.21,1,306,0.0710931
427.076,1,305.5,0.0778221
427.942,1,305,0.0817287
428.808,1,304.5,0.0814036
429.674,1,304,0.0801775
430.54,1,303.5,0.0786111
431.406,1,303,0.0763618
432.272,1,302.5,0.0740199
433.138,1,302,0.0719402
434.004,1,301.5,0.0706939
434.87,1,301,0.0696416
435.737,1,300.5,0.0687493
436.603,1,300,0.0681422
437.469,1,299.5,0.0677835
438.335,1,299,0.0678861
439.201,1,298.5,0.0682244
440.067,1,298,0.0684905
440.933,1,297.5,0.0689243
441.799,1,297,0.0698232
442.665,1,296.5,0.0706419
443.531,1,296,0.0711704
444.397,1,295.5,0.072616
445.263,1,295,0.0743321
446.129,1,294.5,0.0764609
446.995,1,294,0.0793011
447.861,1,293.5,0.0821561
448.727,1,293,0.0871175
449.593,1,292.5,0.0930204
450.459,1,292,0.096489
451.325,1,291.5,0.0993469
452.191,1,291,0.100754
453.057,1,290.5,0.0999969
453.923,1,290,0.0994061
454.789,1,289.5,0.0993027
455.655,1,289,0.0993735
456.521,1,288.5,0.0993626
457.387,1,288,0.0996909
458.253,1,287.5,0.0999689
459.119,1,287,0.0997944
459.985,1,286.5,0.0995943
460.851,1,286,0.0993556
461.717,1,285.5,0.0990019
462.583,1,285,0.098581
463.449,1,284.5,0.0980835
464.315,1,284,0.0971887
465.181,1,283.5,0.0960036
466.047,1,283,0.0946903
466.913,1,282.5,0.0921413
467.779,1,282,0.0898916
468.645,1,281.5,0.0880478
469.512,1,281,0.086838
470.378,1,280.5,0.0858686
471.244,1,280,0.0854569
472.11,1,279.5,0.0853962
472.976,1,279,0.0853724
473.842,1,278.5,0.0855225
474.708,1,278,0.0852642
475.574,1,277.5,0.0850844
476.44,1,277,0.0842218
477.306,1,276.5,0.0837879
478.172,1,276,0.082992
479.038,1,275.5,0.0823961
479.904,1,275,0.0820063
480.77,1,274.5,0.0822519
481.636,1,274,0.0827693
482.502,1,273.5,0.0834558
483.368,1,273,0.084081
484.234,1,272.5,0.0849149
485.1,1,272,0.085682
485.966,1,271.5,0.0849247
486.832,1,271,0.0852132
487.698,1,270.5,0.0867504
488.564,1,270,0.0883603
489.43,1,269.5,0.0897527
490.296,1,269,0.0882673
491.162,1,268.5,0.0850024
492.028,1,268,0.0807122
492.894,1,267.5,0.0793122
493.76,1,267,0.0738074
494.626,1,266.5,0.0640194
495.492,1,266,0.0514919
496.358,1,265.5,0.0427032
497.224,1,265,0.0378113
498.09,1,264.5,0.0362642
498.956,1,264,0.0371862
499.822,1,263.5,0.0380977
500.688,1,263,0.0379667
501.554,1,262.5,0.0371976
502.42,1,262,0.0365456
503.286,1,261.5,0.0339388
504.153,1,261,0.0335595
505.019,1,260.5,0.0321826
505.885,1,260,0.0305966
506.751,1,259.5,0.0272361
507.617,1,259,0.0255154
508.483,1,258.5,0.0260855
509.349,1,258,0.0267526
510.215,1,257.5,0.027643
511.081,1,257,0.0288558
511.947,1,256.5,0.0296994
512.813,1,256,0.0312179
513.679,1,255.5,0.0330797
514.545,1,255,0.0345747
515.411,1,254.5,0.0362445
516.277,1,254,0.0374456
517.143,1,253.5,0.0381387
518.009,1,253,0.0386592
518.875,1,252.5,0.0383773
519.741,1,252,0.0379361
520.607,1,251.5,0.0374738
521.473,1,251,0.0365032
522.339,1,250.5,0.035391
523.205,1,250,0.0341053
524.071,1,249.5,0.0324037
524.937,1,249,0.0311554
525.803,1,248.5,0.0308211
526.669,1,248,0.0310939
527.535,1,247.5,0.0307833
528.401,1,247,0.0297454
529.267,1,246.5,0.0292883
530.133,1,246,0.0286362
530.999,1,245.5,0.0276414
531.865,1,245,0.0275904
532.731,1,244.5,0.0277206
533.597,1,244,0.0278719
534.463,1,243.5,0.0280643
535.329,1,243,0.0282576
536.195,1,242.5,0.0284745
537.061,1,242,0.0287922
537.928,1,241.5,0.029164
538.794,1,241,0.0296993
539.66,1,240.5,0.0303712
540.526,1,240,0.0311118
541.392,1,239.5,0.0317238
542.258,1,239,0.0323746
543.124,1,238.5,0.0330591
543.99,1,238,0.0337184
544.856,1,237.5,0.0343883
545.722,1,237,0.0345676
546.588,1,236.5,0.0348394
547.454,1,236,0.0350935
548.32,1,235.5,0.0346744
549.186,1,235,0.0338847
550.052,1,234.5,0.0325591
550.918,1,234,0.0314073
551.784,1,233.5,0.0306774
552.65,1,233,0.0325171
553.516,1,232.5,0.0324933
554.382,1,232,0.0326523
555.248,1,231.5,0.0328127
556.114,1,231,0.0329366
556.98,1,230.5,0.0336119
557.846,1,230,0.0345141
558.712,1,229.5,0.0354609
559.578,1,229,0.036439
560.444,1,228.5,0.0373349
561.31,1,228,0.0378752
562.176,1,227.5,0.0380615
563.042,1,227,0.0378412
563.908,1,226.5,0.0373216
564.774,1,226,0.036582
565.64,1,225.5,0.0360467
566.506,1,225,0.0350981
567.372,1,224.5,0.0340664
568.238,1,224,0.0333456
569.104,1,223.5,0.0325918
569.97,1,223,0.0318004
570.836,1,222.5,0.0311238
571.703,1,222,0.0304533
572.569,1,221.5,0.0296918
573.435,1,221,0.0287355
574.301,1,220.5,0.0278385
575.167,1,220,0.0271957
576.033,1,219.5,0.026935
576.899,1,219,0.0266714
577.765,1,218.5,0.0264275
578.631,1,218,0.0261902
579.497,1,217.5,0.0259047
580.363,1,217,0.0256205
581.229,1,216.5,0.0252966
582.095,1,216,0.0249251
582.961,1,215.5,0.0244938
583.827,1,215,0.0240201
584.693,1,214.5,0.0238839
585.559,1,214,0.0237051
586.425,1,213.5,0.0235542
587.291,1,213,0.0235795
588.157,1,212.5,0.0236348
589.023,1,212,0.0237001
589.889,1,211.5,0.0239898
590.755,1,211,0.0243172
591.621,1,210.5,0.024643
592.487,1,210,0.0250579
593.353,1,209.5,0.0255436
594.219,1,209,0.025966
595.085,1,208.5,0.0262143
595.951,1,208,0.026327
596.817,1,207.5,0.0262592
597.683,1,207,0.0259909
598.549,1,206.5,0.0255607
599.415,1,206,0.0252754
600.281,1,205.5,0.0249331
601.147,1,205,0.0244876
602.013,1,204.5,0.0239704
602.879,1,204,0.0233817
603.745,1,203.5,0.023042
604.611,1,203,0.0227219
605.477,1,202.5,0.0223446
606.344,1,202,0.0220351
607.21,1,201.5,0.021741
608.076,1,201,0.0214328
608.942,1,200.5,0.0214393
609.808,1,200,0.021529
