x,y,z,b
90.1924,1,500,0.014177
91.0584,1,499.5,0.0141327
91.9244,1,499,0.014078
92.7905,1,498.5,0.0139567
93.6565,1,498,0.0138396
94.5225,1,497.5,0.013729
95.3885,1,497,0.0136307
96.2546,1,496.5,0.0135342
97.1206,1,496,0.0134735
97.9866,1,495.5,0.0134519
98.8526,1,495,0.0134349
99.7187,1,494.5,0.0134225
100.585,1,494,0.013438
101.451,1,493.5,0.0134403
102.317,1,493,0.0133613
103.183,1,492.5,0.0132951
104.049,1,492,0.0132427
104.915,1,491.5,0.0132008
105.781,1,491,0.0131764
106.647,1,490.5,0.013197
107.513,1,490,0.0132241
108.379,1,489.5,0.0132472
109.245,1,489,0.013265
110.111,1,488.5,0.0132633
110.977,1,488,0.01326
111.843,1,487.5,0.0133511
112.709,1,487,0.0134803
113.575,1,486.5,0.0136495
114.441,1,486,0.0138723
115.307,1,485.5,0.0141354
116.173,1,485,0.0142229
117.039,1,484.5,0.0141964
117.905,1,484,0.0141424
118.771,1,483.5,0.0140612
119.637,1,483,0.0139609
120.503,1,482.5,0.0139599
121.369,1,482,0.014266
122.235,1,481.5,0.0145477
123.101,1,481,0.0147915
123.967,1,480.5,0.0149981
124.833,1,480,0.0151627
125.699,1,479.5,0.0151341
126.565,1,479,0.0150867
127.431,1,478.5,0.0150661
128.297,1,478,0.01506
129.164,1,477.5,0.0150846
130.03,1,477,0.015134
130.896,1,476.5,0.0151481
131.762,1,476,0.0151388
132.628,1,475.5,0.0151059
133.494,1,475,0.0150332
134.36,1,474.5,0.0149377
135.226,1,474,0.0149284
136.092,1,473.5,0.0149595
136.958,1,473,0.0150093
137.824,1,472.5,0.0150781
138.69,1,472,0.0151503
139.556,1,471.5,0.0151376
140.422,1,471,0.0149691
141.288,1,470.5,0.0147943
142.154,1,470,0.0146229
143.02,1,469.5,0.014462
143.886,1,469,0.0143129
144.752,1,468.5,0.0143682
145.618,1,468,0.0144429
146.484,1,467.5,0.0145139
147.35,1,467,0.0145817
148.216,1,466.5,0.0146408
149.082,1,466,0.0146327
149.948,1,465.5,0.0145593
150.814,1,465,0.0145092
151.68,1,464.5,0.0144822
152.546,1,464,0.0144829
153.412,1,463.5,0.014509
154.278,1,463,0.0145621
155.144,1,462.5,0.0145988
156.01,1,462,0.0146198
156.876,1,461.5,0.0146258
157.742,1,461,0.0146133
158.608,1,460.5,0.0146244
159.474,1,460,0.0146929
160.34,1,459.5,0.014781
161.206,1,459,0.0148865
162.072,1,458.5,0.0150141
162.939,1,458,0.0151541
163.805,1,457.5,0.0151051
164.671,1,457,0.0150441
165.537,1,456.5,0.0149705
166.403,1,456,0.0148845
167.269,1,455.5,0.0147947
168.135,1,455,0.0148034
169.001,1,454.5,0.0148913
169.867,1,454,0.0149791
170.733,1,453.5,0.0150671
171.599,1,453,0.0151518
172.465,1,452.5,0.0152105
173.331,1,452,0.0151267
174.197,1,451.5,0.0150589
175.063,1,451,0.0150134
175.929,1,450.5,0.0149908
176.795,1,450,0.0150024
177.661,1,449.5,0.0150463
178.527,1,449,0.0150845
179.393,1,448.5,0.0151148
180.259,1,448,0.015142
181.125,1,447.5,0.0151605
181.991,1,447,0.0151722
182.857,1,446.5,0.015194
183.723,1,446,0.0152224
184.589,1,445.5,0.0152577
185.455,1,445,0.0153033
186.321,1,444.5,0.015352
187.187,1,444,0.015376
188.053,1,443.5,0.0153749
188.919,1,443,0.0153789
189.785,1,442.5,0.0153901
190.651,1,442,0.0153788
191.517,1,441.5,0.0153579
192.383,1,441,0.0153352
193.249,1,440.5,0.0153076
194.115,1,440,0.0152766
194.981,1,439.5,0.015248
195.847,1,439,0.0152181
196.714,1,438.5,0.0151595
197.58,1,438,0.0150972
198.446,1,437.5,0.0150403
199.312,1,437,0.014989
200.178,1,436.5,0.0149462
201.044,1,436,0.0149065
201.91,1,435.5,0.0148577
202.776,1,435,0.0148101
203.642,1,434.5,0.0147636
204.508,1,434,0.0147226
205.374,1,433.5,0.0146867
206.24,1,433,0.0146238
207.106,1,432.5,0.0145607
207.972,1,432,0.0145061
208.838,1,431.5,0.0144587
209.704,1,431,0.014421
210.57,1,430.5,0.0143924
211.436,1,430,0.0143656
212.302,1,429.5,0.0143456
213.168,1,429,0.0143336
214.034,1,428.5,0.0143329
214.9,1,428,0.0143406
215.766,1,427.5,0.0143711
216.632,1,427,0.0144191
217.498,1,426.5,0.0144821
218.364,1,426,0.0145636
219.23,1,425.5,0.0146627
220.096,1,425,0.014759
220.962,1,424.5,0.0148283
221.828,1,424,0.0149072
222.694,1,423.5,0.0149957
223.56,1,423,0.0150841
224.426,1,422.5,0.0151781
225.292,1,422,0.0152414
226.158,1,421.5,0.0153006
227.024,1,421,0.0153677
227.89,1,420.5,0.0154487
228.756,1,420,0.0155344
229.622,1,419.5,0.0156144
230.488,1,419,0.0157029
231.355,1,418.5,0.0158074
232.221,1,418,0.0159225
233.087,1,417.5,0.0160633
233.953,1,417,0.0162305
234.819,1,416.5,0.0163068
235.685,1,416,0.0163848
236.551,1,415.5,0.0164649
237.417,1,415,0.0165244
238.283,1,414.5,0.0166164
239.149,1,414,0.0167041
240.015,1,413.5,0.0167123
240.881,1,413,0.0167383
241.747,1,412.5,0.0167918
242.613,1,412,0.0168497
243.479,1,411.5,0.0169422
244.345,1,411,0.0169909
245.211,1,410.5,0.0170074
246.077,1,410,0.0169977
246.943,1,409.5,0.0169982
247.809,1,409,0.0169762
248.675,1,408.5,0.0169547
249.541,1,408,0.0169622
250.407,1,407.5,0.0169506
251.273,1,407,0.016893
252.139,1,406.5,0.0168262
253.005,1,406,0.01674
253.871,1,405.5,0.0165414
254.737,1,405,0.0163241
255.603,1,404.5,0.016088
256.469,1,404,0.0157891
257.335,1,403.5,0.015481
258.201,1,403,0.0152008
259.067,1,402.5,0.0149167
259.933,1,402,0.0146122
260.799,1,401.5,0.0142887
261.665,1,401,0.0140046
262.531,1,400.5,0.0137585
263.397,1,400,0.0135852
264.263,1,399.5,0.0134608
265.13,1,399,0.0133923
265.996,1,398.5,0.0133416
266.862,1,398,0.0133101
267.728,1,397.5,0.0132846
268.594,1,397,0.0132634
269.46,1,396.5,0.013246
270.326,1,396,0.0131804
271.192,1,395.5,0.01311
272.058,1,395,0.013042
272.924,1,394.5,0.013142
273.79,1,394,0.0132509
274.656,1,393.5,0.0133665
275.522,1,393,0.0135328
276.388,1,392.5,0.0136845
277.254,1,392,0.0137784
278.12,1,391.5,0.0153816
278.986,1,391,0.020112
279.852,1,390.5,0.0204967
280.718,1,390,0.0208602
281.584,1,389.5,0.0212025
282.45,1,389,0.0219064
283.316,1,388.5,0.0226268
284.182,1,388,0.0233373
285.048,1,387.5,0.024038
285.914,1,387,0.0247287
286.78,1,386.5,0.0254095
287.646,1,386,0.0260342
288.512,1,385.5,0.0266163
289.378,1,385,0.0271728
290.244,1,384.5,0.0278921
291.11,1,384,0.0287741
291.976,1,383.5,0.0298188
292.842,1,383,0.0307585
293.708,1,382.5,0.0319365
294.574,1,382,0.0325185
295.44,1,381.5,0.0322398
296.306,1,381,0.0328638
297.172,1,380.5,0.033553
298.038,1,380,0.0342483
298.905,1,379.5,0.0355227
299.771,1,379,0.0366951
300.637,1,378.5,0.0377566
301.503,1,378,0.0387071
302.369,1,377.5,0.0395466
303.235,1,377,0.0392381
304.101,1,376.5,0.0391063
304.967,1,376,0.038563
305.833,1,375.5,0.0388548
306.699,1,375,0.0394737
307.565,1,374.5,0.0403876
308.431,1,374,0.0417103
309.297,1,373.5,0.043187
310.163,1,373,0.0456767
311.029,1,372.5,0.0500715
311.895,1,372,0.0550075
312.761,1,371.5,0.0603846
313.627,1,371,0.0653018
314.493,1,370.5,0.0693847
315.359,1,370,0.0713609
316.225,1,369.5,0.0731379
317.091,1,369,0.0741683
317.957,1,368.5,0.0747217
318.823,1,368,0.074926
319.689,1,367.5,0.0743337
320.555,1,367,0.0731122
321.421,1,366.5,0.071889
322.287,1,366,0.0676914
323.153,1,365.5,0.0658644
324.019,1,365,0.0659142
324.885,1,364.5,0.065959
325.751,1,364,0.0663575
326.617,1,363.5,0.0676036
327.483,1,363,0.0669303
328.349,1,362.5,0.0660946
329.215,1,362,0.0655999
330.081,1,361.5,0.0656745
330.947,1,361,0.0657822
331.813,1,360.5,0.0650267
332.679,1,360,0.0647324
333.546,1,359.5,0.0648782
334.412,1,359,0.0650597
335.278,1,358.5,0.0659186
336.144,1,358,0.0672691
337.01,1,357.5,0.0677629
337.876,1,357,0.0683194
338.742,1,356.5,0.0697091
339.608,1,356,0.0709814
340.474,1,355.5,0.0719449
341.34,1,355,0.0747894
342.206,1,354.5,0.0777039
343.072,1,354,0.0821906
343.938,1,353.5,0.0872183
344.804,1,353,0.0790318
345.67,1,352.5,0.0652618
346.536,1,352,0.0476882
347.402,1,351.5,0.0466177
348.268,1,351,0.0478162
349.134,1,350.5,0.0479406
350,1,350,0.0433275
350.866,1,349.5,0.0380142
351.732,1,349,0.0323349
352.598,1,348.5,0.0310473
353.464,1,348,0.0322712
354.33,1,347.5,0.0383795
355.196,1,347,0.0438313
356.062,1,346.5,0.0473898
356.928,1,346,0.0483636
357.794,1,345.5,0.0486447
358.66,1,345,0.0478914
359.526,1,344.5,0.0462425
360.392,1,344,0.0450746
361.258,1,343.5,0.0431821
362.124,1,343,0.041223
362.99,1,342.5,0.0398955
363.856,1,342,0.0381475
364.722,1,341.5,0.0362813
365.588,1,341,0.034434
366.454,1,340.5,0.0330244
367.321,1,340,0.0318441
368.187,1,339.5,0.0309306
369.053,1,339,0.0298715
369.919,1,338.5,0.0287311
370.785,1,338,0.0275821
371.651,1,337.5,0.026556
372.517,1,337,0.0257804
373.383,1,336.5,0.0250046
374.249,1,336,0.0245724
375.115,1,335.5,0.0243451
375.981,1,335,0.0243229
376.847,1,334.5,0.0245091
377.713,1,334,0.0245979
378.579,1,333.5,0.024578
379.445,1,333,0.0243423
380.311,1,332.5,0.0239517
381.177,1,332,0.0236648
382.043,1,331.5,0.0237552
382.909,1,331,0.0238627
383.775,1,330.5,0.023942
384.641,1,330,0.0242954
385.507,1,329.5,0.024893
386.373,1,329,0.0257684
387.239,1,328.5,0.026885
388.105,1,328,0.0284163
388.971,1,327.5,0.0296486
389.837,1,327,0.0308069
390.703,1,326.5,0.0320405
391.569,1,326,0.0333521
392.435,1,325.5,0.0352221
393.301,1,325,0.0376634
394.167,1,324.5,0.0397453
395.033,1,324,0.0419963
395.899,1,323.5,0.0435645
396.765,1,323,0.0449431
397.631,1,322.5,0.0464656
398.497,1,322,0.0471402
399.363,1,321.5,0.0477162
400.229,1,321,0.0481936
401.095,1,320.5,0.0485726
401.962,1,320,0.0488506
402.828,1,319.5,0.0481533
403.694,1,319,0.047405
404.56,1,318.5,0.0467348
405.426,1,318,0.0461427
406.292,1,317.5,0.0456286
407.158,1,317,0.0451925
408.024,1,316.5,0.0446333
408.89,1,316,0.0441915
409.756,1,315.5,0.0439787
410.622,1,315,0.0439948
411.488,1,314.5,0.0442399
412.354,1,314,0.0448257
413.22,1,313.5,0.0455973
414.086,1,313,0.0466279
414.952,1,312.5,0.0474483
415.818,1,312,0.0442677
416.684,1,311.5,0.042792
417.55,1,311,0.0413649
418.416,1,310.5,0.040224
419.282,1,310,0.0400668
420.148,1,309.5,0.0406418
421.014,1,309,0.0414087
421.88,1,308.5,0.0407039
422.746,1,308,0.0409151
423.612,1,307.5,0.0420443
424.478,1,307,0.0426374
425.344,1,306.5,0.0424261
426.21,1,306,0.0419697
427.076,1,305.5,0.041299
427.942,1,305,0.0404083
428.808,1,304.5,0.0387933
429.674,1,304,0.0372108
430.54,1,303.5,0.0342014
431.406,1,303,0.0313298
432.272,1,302.5,0.0307519
433.138,1,302,0.0316116
434.004,1,301.5,0.0329825
434.87,1,301,0.0339441
435.737,1,300.5,0.0346706
436.603,1,300,0.0352193
437.469,1,299.5,0.0367909
438.335,1,299,0.0374015
439.201,1,298.5,0.038244
440.067,1,298,0.0392637
440.933,1,297.5,0.0403205
441.799,1,297,0.0416349
442.665,1,296.5,0.0437277
443.531,1,296,0.0458275
444.397,1,295.5,0.0480026
445.263,1,295,0.0502707
446.129,1,294.5,0.05252
446.995,1,294,0.0547507
447.861,1,293.5,0.0545974
448.727,1,293,0.0543269
449.593,1,292.5,0.0541823
450.459,1,292,0.0540925
451.325,1,291.5,0.0539947
452.191,1,291,0.0535881
453.057,1,290.5,0.0527488
453.923,1,290,0.052125
454.789,1,289.5,0.0517363
455.655,1,289,0.051335
456.521,1,288.5,0.0509832
457.387,1,288,0.0504856
458.253,1,287.5,0.0499671
459.119,1,287,0.0492912
459.985,1,286.5,0.0480327
460.851,1,286,0.0467805
461.717,1,285.5,0.0455345
462.583,1,285,0.0443338
463.449,1,284.5,0.0432835
464.315,1,284,0.0361398
465.181,1,283.5,0.0335993
466.047,1,283,0.0314623
466.913,1,282.5,0.0317677
467.779,1,282,0.0322015
468.645,1,281.5,0.0323593
469.512,1,281,0.0325512
470.378,1,280.5,0.033437
471.244,1,280,0.034392
472.11,1,279.5,0.0353306
472.976,1,279,0.0360762
473.842,1,278.5,0.0361471
474.708,1,278,0.0365898
475.574,1,277.5,0.0366574
476.44,1,277,0.0371606
477.306,1,276.5,0.0377916
478.172,1,276,0.0381999
479.038,1,275.5,0.0382848
479.904,1,275,0.0380473
480.77,1,274.5,0.0378157
481.636,1,274,0.0375726
482.502,1,273.5,0.0372167
483.368,1,273,0.0365553
484.234,1,272.5,0.0356727
485.1,1,272,0.0347139
485.966,1,271.5,0.0359281
486.832,1,271,0.0358748
487.698,1,270.5,0.0346798
488.564,1,270,0.034314
489.43,1,269.5,0.0394466
490.296,1,269,0.0426846
491.162,1,268.5,0.0442959
492.028,1,268,0.0451027
492.894,1,267.5,0.0445533
493.76,1,267,0.0415392
494.626,1,266.5,0.0391805
495.492,1,266,0.0378767
496.358,1,265.5,0.037899
497.224,1,265,0.038737
498.09,1,264.5,0.0408933
498.956,1,264,0.0425481
499.822,1,263.5,0.0433995
500.688,1,263,0.0432125
501.554,1,262.5,0.0423911
502.42,1,262,0.0414154
503.286,1,261.5,0.039972
504.153,1,261,0.0387453
505.019,1,260.5,0.0376487
505.885,1,260,0.0363448
506.751,1,259.5,0.0353284
507.617,1,259,0.0348617
508.483,1,258.5,0.0355497
509.349,1,258,0.0369115
510.215,1,257.5,0.0389234
511.081,1,257,0.0402629
511.947,1,256.5,0.0402539
512.813,1,256,0.0392516
513.679,1,255.5,0.0379506
514.545,1,255,0.0365794
515.411,1,254.5,0.0355161
516.277,1,254,0.0342862
517.143,1,253.5,0.032812
518.009,1,253,0.0311564
518.875,1,252.5,0.0316523
519.741,1,252,0.0325877
520.607,1,251.5,0.0335187
521.473,1,251,0.0350006
522.339,1,250.5,0.0366572
523.205,1,250,0.0381046
524.071,1,249.5,0.0391661
524.937,1,249,0.0399963
525.803,1,248.5,0.0406955
526.669,1,248,0.0412371
527.535,1,247.5,0.0416601
528.401,1,247,0.0420542
529.267,1,246.5,0.0424518
530.133,1,246,0.0427919
530.999,1,245.5,0.0431037
531.865,1,245,0.0433781
532.731,1,244.5,0.043287
533.597,1,244,0.0430272
534.463,1,243.5,0.0426776
535.329,1,243,0.0421829
536.195,1,242.5,0.0416729
537.061,1,242,0.0411609
537.928,1,241.5,0.0406807
538.794,1,241,0.0401476
539.66,1,240.5,0.039582
540.526,1,240,0.0389235
541.392,1,239.5,0.0381611
542.258,1,239,0.0374684
543.124,1,238.5,0.0369143
543.99,1,238,0.0364191
544.856,1,237.5,0.0359714
545.722,1,237,0.0355965
546.588,1,236.5,0.0353902
547.454,1,236,0.035852
548.32,1,235.5,0.0363328
549.186,1,235,0.0363022
550.052,1,234.5,0.0361982
550.918,1,234,0.0360207
551.784,1,233.5,0.0360196
552.65,1,233,0.0356325
553.516,1,232.5,0.0349374
554.382,1,232,0.0346424
555.248,1,231.5,0.0343184
556.114,1,231,0.0337184
556.98,1,230.5,0.0337334
557.846,1,230,0.0381832
558.712,1,229.5,0.0333022
559.578,1,229,0.0318502
560.444,1,228.5,0.0300431
561.31,1,228,0.0295239
562.176,1,227.5,0.0298272
563.042,1,227,0.0302701
563.908,1,226.5,0.030628
564.774,1,226,0.0309334
565.64,1,225.5,0.0312941
566.506,1,225,0.0314817
567.372,1,224.5,0.0316444
568.238,1,224,0.0320018
569.104,1,223.5,0.0323073
569.97,1,223,0.0325582
570.836,1,222.5,0.0329478
571.703,1,222,0.0335311
572.569,1,221.5,0.0342609
573.435,1,221,0.035074
574.301,1,220.5,0.0360296
575.167,1,220,0.037131
576.033,1,219.5,0.0376476
576.899,1,219,0.0376084
577.765,1,218.5,0.0375416
578.631,1,218,0.0369079
579.497,1,217.5,0.0351757
580.363,1,217,0.0332231
581.229,1,216.5,0.0315986
582.095,1,216,0.0304816
582.961,1,215.5,0.029322
583.827,1,215,0.0281752
584.693,1,214.5,0.0283702
585.559,1,214,0.0287598
586.425,1,213.5,0.0290265
587.291,1,213,0.0291792
588.157,1,212.5,0.0287959
589.023,1,212,0.0281625
589.889,1,211.5,0.0282725
590.755,1,211,0.0276938
591.621,1,210.5,0.026638
592.487,1,210,0.0259798
593.353,1,209.5,0.0260067
594.219,1,209,0.0261138
595.085,1,208.5,0.0261085
595.951,1,208,0.0259755
596.817,1,207.5,0.0253727
597.683,1,207,0.0249758
598.549,1,206.5,0.0247787
599.415,1,206,0.0252073
600.281,1,205.5,0.0254432
601.147,1,205,0.0253587
602.013,1,204.5,0.0251909
602.879,1,204,0.0249399
603.745,1,203.5,0.0248033
604.611,1,203,0.0243594
605.477,1,202.5,0.023857
606.344,1,202,0.0238689
607.21,1,201.5,0.023676
608.076,1,201,0.0236167
608.942,1,200.5,0.02369
609.808,1,200,0.0236133
