x,y,z,b
90.1924,1,500,0.0143612
91.0584,1,499.5,0.0143116
91.9244,1,499,0.0142679
92.7905,1,498.5,0.0142664
93.6565,1,498,0.0142658
94.5225,1,497.5,0.014268
95.3885,1,497,0.0142765
96.2546,1,496.5,0.0142821
97.1206,1,496,0.0142587
97.9866,1,495.5,0.0142251
98.8526,1,495,0.0141823
99.7187,1,494.5,0.0141302
100.585,1,494,0.0140828
101.451,1,493.5,0.0140383
102.317,1,493,0.0140855
103.183,1,492.5,0.0141594
104.049,1,492,0.0142414
104.915,1,491.5,0.0143251
105.781,1,491,0.0144061
106.647,1,490.5,0.0144105
107.513,1,490,0.0143819
108.379,1,489.5,0.0143611
109.245,1,489,0.0143508
110.111,1,488.5,0.0143538
110.977,1,488,0.0143812
111.843,1,487.5,0.014449
112.709,1,487,0.0144955
113.575,1,486.5,0.0145198
114.441,1,486,0.0145114
115.307,1,485.5,0.0144716
116.173,1,485,0.0144817
117.039,1,484.5,0.0145395
117.905,1,484,0.014619
118.771,1,483.5,0.0147204
119.637,1,483,0.0148248
120.503,1,482.5,0.0148817
121.369,1,482,0.0147721
122.235,1,481.5,0.0146472
123.101,1,481,0.0145168
123.967,1,480.5,0.0143841
124.833,1,480,0.0142576
125.699,1,479.5,0.0143143
126.565,1,479,0.0144114
127.431,1,478.5,0.0144969
128.297,1,478,0.0145709
129.164,1,477.5,0.0146295
130.03,1,477,0.0146377
130.896,1,476.5,0.0145689
131.762,1,476,0.0145164
132.628,1,475.5,0.0144804
133.494,1,475,0.0144609
134.36,1,474.5,0.0144558
135.226,1,474,0.0144792
136.092,1,473.5,0.014501
136.958,1,473,0.0145159
137.824,1,472.5,0.0145237
138.69,1,472,0.0145235
139.556,1,471.5,0.0145222
140.422,1,471,0.014534
141.288,1,470.5,0.0145528
142.154,1,470,0.0145781
143.02,1,469.5,0.0146111
143.886,1,469,0.0146487
144.752,1,468.5,0.0146419
145.618,1,468,0.0146266
146.484,1,467.5,0.0146059
147.35,1,467,0.0145756
148.216,1,466.5,0.0145435
149.082,1,466,0.0145226
149.948,1,465.5,0.0145139
150.814,1,465,0.0145048
151.68,1,464.5,0.0144953
152.546,1,464,0.0144855
153.412,1,463.5,0.0144767
154.278,1,463,0.014394
155.144,1,462.5,0.0142974
156.01,1,462,0.0141937
156.876,1,461.5,0.0140839
157.742,1,461,0.0139687
158.608,1,460.5,0.0139094
159.474,1,460,0.0139071
160.34,1,459.5,0.013899
161.206,1,459,0.0138851
162.072,1,458.5,0.0138639
162.939,1,458,0.0138362
163.805,1,457.5,0.013748
164.671,1,457,0.013676
165.537,1,456.5,0.0136216
166.403,1,456,0.0135927
167.269,1,455.5,0.0135809
168.135,1,455,0.0135637
169.001,1,454.5,0.0135463
169.867,1,454,0.0135252
170.733,1,453.5,0.0134996
171.599,1,453,0.0134856
172.465,1,452.5,0.0134791
173.331,1,452,0.0135244
174.197,1,451.5,0.0135829
175.063,1,451,0.0136499
175.929,1,450.5,0.0137216
176.795,1,450,0.0137958
177.661,1,449.5,0.0138332
178.527,1,449,0.0138481
179.393,1,448.5,0.0138622
180.259,1,448,0.0138749
181.125,1,447.5,0.0138899
181.991,1,447,0.0139103
182.857,1,446.5,0.0139505
183.723,1,446,0.0139866
184.589,1,445.5,0.0140182
185.455,1,445,0.0140418
186.321,1,444.5,0.0140633
187.187,1,444,0.0140731
188.053,1,443.5,0.0140771
188.919,1,443,0.0140831
189.785,1,442.5,0.0140915
190.651,1,442,0.0140996
191.517,1,441.5,0.0141079
192.383,1,441,0.014102
193.249,1,440.5,0.0140895
194.115,1,440,0.0140739
194.981,1,439.5,0.0140616
195.847,1,439,0.0140525
196.714,1,438.5,0.0140435
197.58,1,438,0.0140393
198.446,1,437.5,0.0140442
199.312,1,437,0.0140643
200.178,1,436.5,0.0140917
201.044,1,436,0.0141245
201.91,1,435.5,0.0141721
202.776,1,435,0.0142231
203.642,1,434.5,0.0142777
204.508,1,434,0.0143579
205.374,1,433.5,0.0144421
206.24,1,433,0.0145583
207.106,1,432.5,0.0147013
207.972,1,432,0.0148455
208.838,1,431.5,0.0149836
209.704,1,431,0.015128
210.57,1,430.5,0.0152679
211.436,1,430,0.0153915
212.302,1,429.5,0.0155091
213.168,1,429,0.0156199
214.034,1,428.5,0.0157185
214.9,1,428,0.0158088
215.766,1,427.5,0.015882
216.632,1,427,0.0159262
217.498,1,426.5,0.0159373
218.364,1,426,0.0158879
219.23,1,425.5,0.0158123
220.096,1,425,0.0157406
220.962,1,424.5,0.0157149
221.828,1,424,0.0157121
222.694,1,423.5,0.0157322
223.56,1,423,0.0157698
224.426,1,422.5,0.0158256
225.292,1,422,0.0159464
226.158,1,421.5,0.016081
227.024,1,421,0.0162239
227.89,1,420.5,0.0163762
228.756,1,420,0.0165289
229.622,1,419.5,0.0166866
230.488,1,419,0.0168616
231.355,1,418.5,0.0170316
232.221,1,418,0.017179
233.087,1,417.5,0.0173218
233.953,1,417,0.017455
234.819,1,416.5,0.0174551
235.685,1,416,0.0174605
236.551,1,415.5,0.0174725
237.417,1,415,0.0174737
238.283,1,414.5,0.0174764
239.149,1,414,0.0174887
240.015,1,413.5,0.0174957
240.881,1,413,0.0174982
241.747,1,412.5,0.0174977
242.613,1,412,0.0174764
243.479,1,411.5,0.0174392
244.345,1,411,0.0173161
245.211,1,410.5,0.0171705
246.077,1,410,0.0170112
246.943,1,409.5,0.0168558
247.809,1,409,0.0167076
248.675,1,408.5,0.0166166
249.541,1,408,0.0165443
250.407,1,407.5,0.0164654
251.273,1,407,0.0163906
252.139,1,406.5,0.0162935
253.005,1,406,0.0161769
253.871,1,405.5,0.0160803
254.737,1,405,0.0159908
255.603,1,404.5,0.0159084
256.469,1,404,0.0158315
257.335,1,403.5,0.0157586
258.201,1,403,0.0156549
259.067,1,402.5,0.0155125
259.933,1,402,0.0153612
260.799,1,401.5,0.0152058
261.665,1,401,0.0150336
262.531,1,400.5,0.0148621
263.397,1,400,0.0147442
264.263,1,399.5,0.0146289
265.13,1,399,0.0145168
265.996,1,398.5,0.0144061
266.862,1,398,0.0143021
267.728,1,397.5,0.0142126
268.594,1,397,0.0141212
269.46,1,396.5,0.0140259
270.326,1,396,0.0139264
271.192,1,395.5,0.0138164
272.058,1,395,0.013694
272.924,1,394.5,0.0135291
273.79,1,394,0.0133431
274.656,1,393.5,0.0131361
275.522,1,393,0.0129004
276.388,1,392.5,0.0126468
277.254,1,392,0.0124165
278.12,1,391.5,0.012226
278.986,1,391,0.012056
279.852,1,390.5,0.0118882
280.718,1,390,0.0116176
281.584,1,389.5,0.0112598
282.45,1,389,0.0109134
283.316,1,388.5,0.0104902
284.182,1,388,0.00989637
285.048,1,387.5,0.00928472
285.914,1,387,0.00892208
286.78,1,386.5,0.00990014
287.646,1,386,0.0111643
288.512,1,385.5,0.0129379
289.378,1,385,0.0211108
290.244,1,384.5,0.0236472
291.11,1,384,0.0296433
291.976,1,383.5,0.0353356
292.842,1,383,0.0394931
293.708,1,382.5,0.0447983
294.574,1,382,0.051078
295.44,1,381.5,0.0558975
296.306,1,381,0.0596412
297.172,1,380.5,0.0627629
298.038,1,380,0.0637245
298.905,1,379.5,0.0638418
299.771,1,379,0.0656443
300.637,1,378.5,0.0705142
301.503,1,378,0.0760036
302.369,1,377.5,0.0796661
303.235,1,377,0.0817294
304.101,1,376.5,0.0828151
304.967,1,376,0.0836301
305.833,1,375.5,0.0845345
306.699,1,375,0.0854377
307.565,1,374.5,0.0859922
308.431,1,374,0.0861052
309.297,1,373.5,0.0848672
310.163,1,373,0.0835344
311.029,1,372.5,0.0824703
311.895,1,372,0.0828492
312.761,1,371.5,0.083927
313.627,1,371,0.0853801
314.493,1,370.5,0.0865303
315.359,1,370,0.0877132
316.225,1,369.5,0.0885308
317.091,1,369,0.0892017
317.957,1,368.5,0.0897451
318.823,1,368,0.090334
319.689,1,367.5,0.0907447
320.555,1,367,0.0907734
321.421,1,366.5,0.0910553
322.287,1,366,0.0915872
323.153,1,365.5,0.0924559
324.019,1,365,0.0936562
324.885,1,364.5,0.0948651
325.751,1,364,0.0960416
326.617,1,363.5,0.0970631
327.483,1,363,0.0978057
328.349,1,362.5,0.0975869
329.215,1,362,0.0976632
330.081,1,361.5,0.0979061
330.947,1,361,0.0976742
331.813,1,360.5,0.0969818
332.679,1,360,0.0936614
333.546,1,359.5,0.0866645
334.412,1,359,0.0784483
335.278,1,358.5,0.06737
336.144,1,358,0.0556952
337.01,1,357.5,0.0450411
337.876,1,357,0.0384195
338.742,1,356.5,0.0330135
339.608,1,356,0.0301119
340.474,1,355.5,0.0307017
341.34,1,355,0.0309132
342.206,1,354.5,0.0288404
343.072,1,354,0.0275502
343.938,1,353.5,0.0281997
344.804,1,353,0.0288529
345.67,1,352.5,0.0294624
346.536,1,352,0.0299148
347.402,1,351.5,0.0301278
348.268,1,351,0.0302087
349.134,1,350.5,0.0304036
350,1,350,0.0303998
350.866,1,349.5,0.0301098
351.732,1,349,0.0300041
352.598,1,348.5,0.0304023
353.464,1,348,0.030723
354.33,1,347.5,0.0309235
355.196,1,347,0.0308386
356.062,1,346.5,0.0306996
356.928,1,346,0.030548
357.794,1,345.5,0.0304966
358.66,1,345,0.0303322
359.526,1,344.5,0.029515
360.392,1,344,0.0288225
361.258,1,343.5,0.0293218
362.124,1,343,0.0289008
362.99,1,342.5,0.027774
363.856,1,342,0.0268195
364.722,1,341.5,0.0261789
365.588,1,341,0.0257176
366.454,1,340.5,0.0249807
367.321,1,340,0.0243571
368.187,1,339.5,0.02441
369.053,1,339,0.0233504
369.919,1,338.5,0.0225776
370.785,1,338,0.022695
371.651,1,337.5,0.022936
372.517,1,337,0.0231736
373.383,1,336.5,0.023394
374.249,1,336,0.0235271
375.115,1,335.5,0.0235363
375.981,1,335,0.0233671
376.847,1,334.5,0.0231144
377.713,1,334,0.0227875
378.579,1,333.5,0.0225405
379.445,1,333,0.0221251
380.311,1,332.5,0.0221951
381.177,1,332,0.0221142
382.043,1,331.5,0.0220436
382.909,1,331,0.0223456
383.775,1,330.5,0.0227725
384.641,1,330,0.0237699
385.507,1,329.5,0.0254782
386.373,1,329,0.0269943
387.239,1,328.5,0.0279174
388.105,1,328,0.0285379
388.971,1,327.5,0.0287124
389.837,1,327,0.0291067
390.703,1,326.5,0.029521
391.569,1,326,0.0299297
392.435,1,325.5,0.0305025
393.301,1,325,0.0312736
394.167,1,324.5,0.0321879
395.033,1,324,0.0329286
395.899,1,323.5,0.0338644
396.765,1,323,0.035982
397.631,1,322.5,0.036703
398.497,1,322,0.0372829
399.363,1,321.5,0.0377688
400.229,1,321,0.038686
401.095,1,320.5,0.0401784
401.962,1,320,0.0417724
402.828,1,319.5,0.0434992
403.694,1,319,0.0451572
404.56,1,318.5,0.0464963
405.426,1,318,0.0470079
406.292,1,317.5,0.0475613
407.158,1,317,0.0482496
408.024,1,316.5,0.0486357
408.89,1,316,0.0486914
409.756,1,315.5,0.0488288
410.622,1,315,0.0488884
411.488,1,314.5,0.0489626
412.354,1,314,0.0491645
413.22,1,313.5,0.0495447
414.086,1,313,0.0502593
414.952,1,312.5,0.0512113
415.818,1,312,0.0529122
416.684,1,311.5,0.0546546
417.55,1,311,0.0566018
418.416,1,310.5,0.0587677
419.282,1,310,0.0606995
420.148,1,309.5,0.0618327
421.014,1,309,0.062231
421.88,1,308.5,0.0625087
422.746,1,308,0.0623881
423.612,1,307.5,0.0615402
424.478,1,307,0.0610125
425.344,1,306.5,0.0608783
426.21,1,306,0.062704
427.076,1,305.5,0.0622069
427.942,1,305,0.0615584
428.808,1,304.5,0.0607582
429.674,1,304,0.0596107
430.54,1,303.5,0.0580998
431.406,1,303,0.0571176
432.272,1,302.5,0.0561192
433.138,1,302,0.0551046
434.004,1,301.5,0.0540738
434.87,1,301,0.0531267
435.737,1,300.5,0.0528701
436.603,1,300,0.0525659
437.469,1,299.5,0.0522141
438.335,1,299,0.0518147
439.201,1,298.5,0.0513676
440.067,1,298,0.0509371
440.933,1,297.5,0.0519874
441.799,1,297,0.0530129
442.665,1,296.5,0.0537767
443.531,1,296,0.054279
444.397,1,295.5,0.0545197
445.263,1,295,0.0523882
446.129,1,294.5,0.0537365
446.995,1,294,0.0559452
447.861,1,293.5,0.0548756
448.727,1,293,0.0532323
449.593,1,292.5,0.0514066
450.459,1,292,0.0487254
451.325,1,291.5,0.04591
452.191,1,291,0.0436745
453.057,1,290.5,0.0419286
453.923,1,290,0.0400515
454.789,1,289.5,0.0352262
455.655,1,289,0.032599
456.521,1,288.5,0.0317271
457.387,1,288,0.0307675
458.253,1,287.5,0.0301883
459.119,1,287,0.0297793
459.985,1,286.5,0.0290096
460.851,1,286,0.0291845
461.717,1,285.5,0.0294994
462.583,1,285,0.0303882
463.449,1,284.5,0.0320594
464.315,1,284,0.0338268
465.181,1,283.5,0.0356463
466.047,1,283,0.037168
466.913,1,282.5,0.0384399
467.779,1,282,0.0388599
468.645,1,281.5,0.0387176
469.512,1,281,0.038162
470.378,1,280.5,0.0383658
471.244,1,280,0.0391446
472.11,1,279.5,0.0407906
472.976,1,279,0.04339
473.842,1,278.5,0.0447029
474.708,1,278,0.0459234
475.574,1,277.5,0.0474182
476.44,1,277,0.04934
477.306,1,276.5,0.0511887
478.172,1,276,0.0533359
479.038,1,275.5,0.0552238
479.904,1,275,0.056828
480.77,1,274.5,0.0568434
481.636,1,274,0.0563449
482.502,1,273.5,0.0555032
483.368,1,273,0.0544638
484.234,1,272.5,0.0534931
485.1,1,272,0.0526192
485.966,1,271.5,0.0519568
486.832,1,271,0.0515773
487.698,1,270.5,0.0507602
488.564,1,270,0.0502869
489.43,1,269.5,0.0497941
490.296,1,269,0.0489404
491.162,1,268.5,0.0490134
492.028,1,268,0.0506739
492.894,1,267.5,0.0512947
493.76,1,267,0.051922
494.626,1,266.5,0.0534432
495.492,1,266,0.0555653
496.358,1,265.5,0.0579217
497.224,1,265,0.0606215
498.09,1,264.5,0.0635876
498.956,1,264,0.0668201
499.822,1,263.5,0.0678237
500.688,1,263,0.0679319
501.554,1,262.5,0.0678437
502.42,1,262,0.0675382
503.286,1,261.5,0.0673514
504.153,1,261,0.0670651
505.019,1,260.5,0.0661844
505.885,1,260,0.0653601
506.751,1,259.5,0.0644842
507.617,1,259,0.0636772
508.483,1,258.5,0.0631751
509.349,1,258,0.0636167
510.215,1,257.5,0.0639929
511.081,1,257,0.0629812
511.947,1,256.5,0.0611558
512.813,1,256,0.0607062
513.679,1,255.5,0.0614287
514.545,1,255,0.0617611
515.411,1,254.5,0.0619759
516.277,1,254,0.0611628
517.143,1,253.5,0.0609124
518.009,1,253,0.0619055
518.875,1,252.5,0.0627117
519.741,1,252,0.0639537
520.607,1,251.5,0.0660507
521.473,1,251,0.0676292
522.339,1,250.5,0.0693601
523.205,1,250,0.0703027
524.071,1,249.5,0.0698658
524.937,1,249,0.0690945
525.803,1,248.5,0.068101
526.669,1,248,0.0664185
527.535,1,247.5,0.0639106
528.401,1,247,0.0622687
529.267,1,246.5,0.0603387
530.133,1,246,0.0577139
530.999,1,245.5,0.0547265
531.865,1,245,0.0520746
532.731,1,244.5,0.0500288
533.597,1,244,0.047881
534.463,1,243.5,0.0454156
535.329,1,243,0.0431988
536.195,1,242.5,0.0407155
537.061,1,242,0.0378842
537.928,1,241.5,0.0366199
538.794,1,241,0.0353567
539.66,1,240.5,0.0323763
540.526,1,240,0.029933
541.392,1,239.5,0.0330569
542.258,1,239,0.0354478
543.124,1,238.5,0.0367763
543.99,1,238,0.0389175
544.856,1,237.5,0.0416445
545.722,1,237,0.0439342
546.588,1,236.5,0.0430315
547.454,1,236,0.0403628
548.32,1,235.5,0.0375062
549.186,1,235,0.0382549
550.052,1,234.5,0.0326276
550.918,1,234,0.0309269
551.784,1,233.5,0.0303604
552.65,1,233,0.0299658
553.516,1,232.5,0.0301861
554.382,1,232,0.0299999
555.248,1,231.5,0.0316261
556.114,1,231,0.031342
556.98,1,230.5,0.0326717
557.846,1,230,0.0343394
558.712,1,229.5,0.0355402
559.578,1,229,0.0357907
560.444,1,228.5,0.0352562
561.31,1,228,0.0345339
562.176,1,227.5,0.0335387
563.042,1,227,0.0324145
563.908,1,226.5,0.0318277
564.774,1,226,0.0316909
565.64,1,225.5,0.0310702
566.506,1,225,0.029891
567.372,1,224.5,0.0289371
568.238,1,224,0.0285176
569.104,1,223.5,0.0281955
569.97,1,223,0.027966
570.836,1,222.5,0.028355
571.703,1,222,0.0288568
572.569,1,221.5,0.029322
573.435,1,221,0.0297861
574.301,1,220.5,0.0302024
575.167,1,220,0.0304992
576.033,1,219.5,0.030387
576.899,1,219,0.030181
577.765,1,218.5,0.0299795
578.631,1,218,0.029831
579.497,1,217.5,0.0297627
580.363,1,217,0.0284134
581.229,1,216.5,0.0272529
582.095,1,216,0.0264815
582.961,1,215.5,0.0262492
583.827,1,215,0.0267069
584.693,1,214.5,0.0274524
585.559,1,214,0.0283612
586.425,1,213.5,0.0290053
587.291,1,213,0.0294823
588.157,1,212.5,0.0300854
589.023,1,212,0.0307002
589.889,1,211.5,0.0311853
590.755,1,211,0.0322024
591.621,1,210.5,0.0328183
592.487,1,210,0.0329094
593.353,1,209.5,0.0342647
594.219,1,209,0.0344519
595.085,1,208.5,0.0343493
595.951,1,208,0.0341397
596.817,1,207.5,0.0339341
597.683,1,207,0.0337908
598.549,1,206.5,0.033837
599.415,1,206,0.0338001
600.281,1,205.5,0.0337288
601.147,1,205,0.0334986
602.013,1,204.5,0.0332957
602.879,1,204,0.0331199
603.745,1,203.5,0.0328364
604.611,1,203,0.0324612
605.477,1,202.5,0.0320694
606.344,1,202,0.0315542
607.21,1,201.5,0.0309638
608.076,1,201,0.030324
608.942,1,200.5,0.0294185
609.808,1,200,0.0283944
