x,y,z,b
90.1924,1,500,0.0150347
91.0584,1,499.5,0.0150191
91.9244,1,499,0.0150035
92.7905,1,498.5,0.0150035
93.6565,1,498,0.0150046
94.5225,1,497.5,0.0150069
95.3885,1,497,0.0150107
96.2546,1,496.5,0.0150141
97.1206,1,496,0.0150262
97.9866,1,495.5,0.015041
98.8526,1,495,0.0150561
99.7187,1,494.5,0.0150715
100.585,1,494,0.0150803
101.451,1,493.5,0.0150875
102.317,1,493,0.0150798
103.183,1,492.5,0.0150602
104.049,1,492,0.0150332
104.915,1,491.5,0.0150008
105.781,1,491,0.0149625
106.647,1,490.5,0.0149356
107.513,1,490,0.0149182
108.379,1,489.5,0.014904
109.245,1,489,0.0148935
110.111,1,488.5,0.0148846
110.977,1,488,0.0148646
111.843,1,487.5,0.014781
112.709,1,487,0.0146943
113.575,1,486.5,0.0146051
114.441,1,486,0.0145175
115.307,1,485.5,0.0144289
116.173,1,485,0.0143824
117.039,1,484.5,0.0143545
117.905,1,484,0.0143191
118.771,1,483.5,0.014276
119.637,1,483,0.0142227
120.503,1,482.5,0.0141536
121.369,1,482,0.0140763
122.235,1,481.5,0.0140111
123.101,1,481,0.0139569
123.967,1,480.5,0.0139143
124.833,1,480,0.0138777
125.699,1,479.5,0.01379
126.565,1,479,0.0136717
127.431,1,478.5,0.0135424
128.297,1,478,0.013407
129.164,1,477.5,0.0132515
130.03,1,477,0.0131483
130.896,1,476.5,0.0132386
131.762,1,476,0.0133332
132.628,1,475.5,0.0134321
133.494,1,475,0.0135544
134.36,1,474.5,0.0136794
135.226,1,474,0.0136403
136.092,1,473.5,0.0135827
136.958,1,473,0.0135325
137.824,1,472.5,0.0134873
138.69,1,472,0.0134649
139.556,1,471.5,0.0135171
140.422,1,471,0.0136575
141.288,1,470.5,0.013782
142.154,1,470,0.0138862
143.02,1,469.5,0.0139667
143.886,1,469,0.0140136
144.752,1,468.5,0.0139902
145.618,1,468,0.0139782
146.484,1,467.5,0.0139782
147.35,1,467,0.0139716
148.216,1,466.5,0.013975
149.082,1,466,0.013979
149.948,1,465.5,0.0139418
150.814,1,465,0.0138991
151.68,1,464.5,0.0138512
152.546,1,464,0.01377
153.412,1,463.5,0.0136817
154.278,1,463,0.0136611
155.144,1,462.5,0.0136172
156.01,1,462,0.0135653
156.876,1,461.5,0.0135156
157.742,1,461,0.0134571
158.608,1,460.5,0.0133893
159.474,1,460,0.0133232
160.34,1,459.5,0.0132638
161.206,1,459,0.0132129
162.072,1,458.5,0.0131695
162.939,1,458,0.0131331
163.805,1,457.5,0.0131046
164.671,1,457,0.0130778
165.537,1,456.5,0.0130613
166.403,1,456,0.0131104
167.269,1,455.5,0.0131666
168.135,1,455,0.0131432
169.001,1,454.5,0.0130749
169.867,1,454,0.0130078
170.733,1,453.5,0.0129407
171.599,1,453,0.0129043
172.465,1,452.5,0.0128884
173.331,1,452,0.0129886
174.197,1,451.5,0.0131256
175.063,1,451,0.0132826
175.929,1,450.5,0.0134429
176.795,1,450,0.0136191
177.661,1,449.5,0.0137507
178.527,1,449,0.0138511
179.393,1,448.5,0.0139624
180.259,1,448,0.0140886
181.125,1,447.5,0.0142228
181.991,1,447,0.0143697
182.857,1,446.5,0.0145476
183.723,1,446,0.0147221
184.589,1,445.5,0.0148927
185.455,1,445,0.0150443
186.321,1,444.5,0.0151924
187.187,1,444,0.0153341
188.053,1,443.5,0.0154504
188.919,1,443,0.0155646
189.785,1,442.5,0.0156809
190.651,1,442,0.0157918
191.517,1,441.5,0.0159097
192.383,1,441,0.0160653
193.249,1,440.5,0.0161938
194.115,1,440,0.0162966
194.981,1,439.5,0.0163939
195.847,1,439,0.0164628
196.714,1,438.5,0.0164786
197.58,1,438,0.0164937
198.446,1,437.5,0.0165094
199.312,1,437,0.016512
200.178,1,436.5,0.0165182
201.044,1,436,0.016524
201.91,1,435.5,0.0165016
202.776,1,435,0.0164775
203.642,1,434.5,0.0164516
204.508,1,434,0.0163963
205.374,1,433.5,0.0163366
206.24,1,433,0.0162707
207.106,1,432.5,0.0161907
207.972,1,432,0.0161091
208.838,1,431.5,0.0160316
209.704,1,431,0.0159478
210.57,1,430.5,0.0158499
211.436,1,430,0.0157312
212.302,1,429.5,0.0156078
213.168,1,429,0.0154791
214.034,1,428.5,0.0153481
214.9,1,428,0.0152159
215.766,1,427.5,0.0150712
216.632,1,427,0.0149254
217.498,1,426.5,0.0147824
218.364,1,426,0.0146513
219.23,1,425.5,0.0145229
220.096,1,425,0.0144022
220.962,1,424.5,0.0142963
221.828,1,424,0.0141896
222.694,1,423.5,0.0140817
223.56,1,423,0.0139652
224.426,1,422.5,0.013845
225.292,1,422,0.0137389
226.158,1,421.5,0.0136189
227.024,1,421,0.0134911
227.89,1,420.5,0.0133616
228.756,1,420,0.0132259
229.622,1,419.5,0.0130686
230.488,1,419,0.0128893
231.355,1,418.5,0.0127085
232.221,1,418,0.0125293
233.087,1,417.5,0.0123546
233.953,1,417,0.0121817
234.819,1,416.5,0.0120244
235.685,1,416,0.0118809
236.551,1,415.5,0.0117515
237.417,1,415,0.0116531
238.283,1,414.5,0.0115611
239.149,1,414,0.0114696
240.015,1,413.5,0.0114474
240.881,1,413,0.0114371
241.747,1,412.5,0.0114285
242.613,1,412,0.0114312
243.479,1,411.5,0.0114371
244.345,1,411,0.0114294
245.211,1,410.5,0.0114228
246.077,1,410,0.0114171
246.943,1,409.5,0.0114099
247.809,1,409,0.0114043
248.675,1,408.5,0.0114041
249.541,1,408,0.0114065
250.407,1,407.5,0.0114133
251.273,1,407,0.0114303
252.139,1,406.5,0.0114496
253.005,1,406,0.0114723
253.871,1,405.5,0.0115036
254.737,1,405,0.0115301
255.603,1,404.5,0.0115518
256.469,1,404,0.0115525
257.335,1,403.5,0.0115479
258.201,1,403,0.0115676
259.067,1,402.5,0.0116006
259.933,1,402,0.0116356
260.799,1,401.5,0.0116744
261.665,1,401,0.0117145
262.531,1,400.5,0.0117527
263.397,1,400,0.011784
264.263,1,399.5,0.011814
265.13,1,399,0.0118412
265.996,1,398.5,0.0118694
266.862,1,398,0.0118935
267.728,1,397.5,0.0119135
268.594,1,397,0.0119353
269.46,1,396.5,0.011955
270.326,1,396,0.011968
271.192,1,395.5,0.0119735
272.058,1,395,0.0119799
272.924,1,394.5,0.0120684
273.79,1,394,0.0121613
274.656,1,393.5,0.0122579
275.522,1,393,0.0123948
276.388,1,392.5,0.0125423
277.254,1,392,0.0126436
278.12,1,391.5,0.0127598
278.986,1,391,0.0128987
279.852,1,390.5,0.0130463
280.718,1,390,0.0132518
281.584,1,389.5,0.0135265
282.45,1,389,0.0138169
283.316,1,388.5,0.0140753
284.182,1,388,0.0142257
285.048,1,387.5,0.0143425
285.914,1,387,0.0143996
286.78,1,386.5,0.0143787
287.646,1,386,0.0143678
288.512,1,385.5,0.0143561
289.378,1,385,0.0142956
290.244,1,384.5,0.0142415
291.11,1,384,0.0142418
291.976,1,383.5,0.014428
292.842,1,383,0.0145945
293.708,1,382.5,0.0147275
294.574,1,382,0.0149248
295.44,1,381.5,0.0151175
296.306,1,381,0.0155796
297.172,1,380.5,0.0161854
298.038,1,380,0.0168525
298.905,1,379.5,0.0175431
299.771,1,379,0.018245
300.637,1,378.5,0.0186314
301.503,1,378,0.018584
302.369,1,377.5,0.0184822
303.235,1,377,0.0170766
304.101,1,376.5,0.0163375
304.967,1,376,0.0165016
305.833,1,375.5,0.0166418
306.699,1,375,0.0166943
307.565,1,374.5,0.016693
308.431,1,374,0.0166793
309.297,1,373.5,0.0168789
310.163,1,373,0.0172169
311.029,1,372.5,0.017684
311.895,1,372,0.0184509
312.761,1,371.5,0.0192926
313.627,1,371,0.020277
314.493,1,370.5,0.0214536
315.359,1,370,0.0226113
316.225,1,369.5,0.0237315
317.091,1,369,0.0247239
317.957,1,368.5,0.0256101
318.823,1,368,0.0270818
319.689,1,367.5,0.0286375
320.555,1,367,0.0301538
321.421,1,366.5,0.031304
322.287,1,366,0.0323155
323.153,1,365.5,0.0340923
324.019,1,365,0.0366734
324.885,1,364.5,0.0388236
325.751,1,364,0.0417204
326.617,1,363.5,0.0445921
327.483,1,363,0.0463007
328.349,1,362.5,0.0476034
329.215,1,362,0.0483732
330.081,1,361.5,0.0489158
330.947,1,361,0.0492595
331.813,1,360.5,0.0494464
332.679,1,360,0.0496935
333.546,1,359.5,0.0501223
334.412,1,359,0.0501659
335.278,1,358.5,0.0502819
336.144,1,358,0.0506015
337.01,1,357.5,0.0509851
337.876,1,357,0.0508162
338.742,1,356.5,0.0507414
339.608,1,356,0.0507598
340.474,1,355.5,0.0509076
341.34,1,355,0.050986
342.206,1,354.5,0.0507773
343.072,1,354,0.0502104
343.938,1,353.5,0.0495575
344.804,1,353,0.0490593
345.67,1,352.5,0.0486931
346.536,1,352,0.0477317
347.402,1,351.5,0.0466446
348.268,1,351,0.0453693
349.134,1,350.5,0.0441929
350,1,350,0.0432832
350.866,1,349.5,0.0424611
351.732,1,349,0.0419227
352.598,1,348.5,0.0414061
353.464,1,348,0.0409146
354.33,1,347.5,0.0405035
355.196,1,347,0.0404424
356.062,1,346.5,0.0402774
356.928,1,346,0.0400514
357.794,1,345.5,0.0403631
358.66,1,345,0.0406931
359.526,1,344.5,0.0409779
360.392,1,344,0.0411372
361.258,1,343.5,0.0413402
362.124,1,343,0.0417697
362.99,1,342.5,0.0423985
363.856,1,342,0.0428594
364.722,1,341.5,0.0432725
365.588,1,341,0.0432
366.454,1,340.5,0.0434025
367.321,1,340,0.043601
368.187,1,339.5,0.0441336
369.053,1,339,0.0454352
369.919,1,338.5,0.0463134
370.785,1,338,0.0471556
371.651,1,337.5,0.0476903
372.517,1,337,0.0481982
373.383,1,336.5,0.0487316
374.249,1,336,0.0497301
375.115,1,335.5,0.0507286
375.981,1,335,0.0517239
376.847,1,334.5,0.0510039
377.713,1,334,0.0500125
378.579,1,333.5,0.0488306
379.445,1,333,0.0467791
380.311,1,332.5,0.0444533
381.177,1,332,0.0422208
382.043,1,331.5,0.0422607
382.909,1,331,0.0438166
383.775,1,330.5,0.0462177
384.641,1,330,0.0511635
385.507,1,329.5,0.0578547
386.373,1,329,0.0644307
387.239,1,328.5,0.0693299
388.105,1,328,0.0726497
388.971,1,327.5,0.0751524
389.837,1,327,0.0769012
390.703,1,326.5,0.0785506
391.569,1,326,0.0795425
392.435,1,325.5,0.0800127
393.301,1,325,0.0802399
394.167,1,324.5,0.0809535
395.033,1,324,0.0821162
395.899,1,323.5,0.0819611
396.765,1,323,0.0820015
397.631,1,322.5,0.0823308
398.497,1,322,0.0830422
399.363,1,321.5,0.0842491
400.229,1,321,0.0853839
401.095,1,320.5,0.0861284
401.962,1,320,0.0871914
402.828,1,319.5,0.0881432
403.694,1,319,0.0893267
404.56,1,318.5,0.0907159
405.426,1,318,0.0919829
406.292,1,317.5,0.0947451
407.158,1,317,0.0998874
408.024,1,316.5,0.102126
408.89,1,316,0.104227
409.756,1,315.5,0.105082
410.622,1,315,0.105139
411.488,1,314.5,0.10531
412.354,1,314,0.105717
413.22,1,313.5,0.104868
414.086,1,313,0.104181
414.952,1,312.5,0.100645
415.818,1,312,0.0968557
416.684,1,311.5,0.0934503
417.55,1,311,0.0900556
418.416,1,310.5,0.086341
419.282,1,310,0.0826532
420.148,1,309.5,0.0833391
421.014,1,309,0.0862619
421.88,1,308.5,0.0871919
422.746,1,308,0.0899454
423.612,1,307.5,0.0939831
424.478,1,307,0.0977505
425.344,1,306.5,0.0996006
426.21,1,306,0.102465
427.076,1,305.5,0.106193
427.942,1,305,0.105634
428.808,1,304.5,0.105068
429.674,1,304,0.105989
430.54,1,303.5,0.10684
431.406,1,303,0.106709
432.272,1,302.5,0.104729
433.138,1,302,0.101328
434.004,1,301.5,0.0969861
434.87,1,301,0.0905242
435.737,1,300.5,0.0812352
436.603,1,300,0.0694402
437.469,1,299.5,0.0648942
438.335,1,299,0.0622931
439.201,1,298.5,0.0625034
440.067,1,298,0.0634021
440.933,1,297.5,0.0640108
441.799,1,297,0.064422
442.665,1,296.5,0.0655186
443.531,1,296,0.0678019
444.397,1,295.5,0.0702564
445.263,1,295,0.0730231
446.129,1,294.5,0.075085
446.995,1,294,0.0768409
447.861,1,293.5,0.0790312
448.727,1,293,0.0807358
449.593,1,292.5,0.0816047
450.459,1,292,0.0818604
451.325,1,291.5,0.079262
452.191,1,291,0.075721
453.057,1,290.5,0.0710874
453.923,1,290,0.0658961
454.789,1,289.5,0.0619752
455.655,1,289,0.0595249
456.521,1,288.5,0.0557194
457.387,1,288,0.0511134
458.253,1,287.5,0.0488326
459.119,1,287,0.0486311
459.985,1,286.5,0.0498939
460.851,1,286,0.0550887
461.717,1,285.5,0.0578902
462.583,1,285,0.0532585
463.449,1,284.5,0.0541833
464.315,1,284,0.0572188
465.181,1,283.5,0.0604137
466.047,1,283,0.0619228
466.913,1,282.5,0.0636138
467.779,1,282,0.0611075
468.645,1,281.5,0.062255
469.512,1,281,0.0600204
470.378,1,280.5,0.0559565
471.244,1,280,0.0527922
472.11,1,279.5,0.050546
472.976,1,279,0.0490283
473.842,1,278.5,0.0477809
474.708,1,278,0.045162
475.574,1,277.5,0.0429833
476.44,1,277,0.0417113
477.306,1,276.5,0.0402447
478.172,1,276,0.0400292
479.038,1,275.5,0.0398612
479.904,1,275,0.0397374
480.77,1,274.5,0.0396051
481.636,1,274,0.0395012
482.502,1,273.5,0.0393469
483.368,1,273,0.0388402
484.234,1,272.5,0.0381359
485.1,1,272,0.0372977
485.966,1,271.5,0.0367612
486.832,1,271,0.0364367
487.698,1,270.5,0.0362627
488.564,1,270,0.0363218
489.43,1,269.5,0.0365481
490.296,1,269,0.0372554
491.162,1,268.5,0.0382369
492.028,1,268,0.0392397
492.894,1,267.5,0.0399132
493.76,1,267,0.0401781
494.626,1,266.5,0.0405182
495.492,1,266,0.0404761
496.358,1,265.5,0.0400932
497.224,1,265,0.0394918
498.09,1,264.5,0.0388074
498.956,1,264,0.0381807
499.822,1,263.5,0.0376116
500.688,1,263,0.037259
501.554,1,262.5,0.0372218
502.42,1,262,0.0363073
503.286,1,261.5,0.0358301
504.153,1,261,0.0353457
505.019,1,260.5,0.0348789
505.885,1,260,0.034327
506.751,1,259.5,0.0337675
507.617,1,259,0.0335834
508.483,1,258.5,0.0338523
509.349,1,258,0.034286
510.215,1,257.5,0.0348015
511.081,1,257,0.0353734
511.947,1,256.5,0.0357998
512.813,1,256,0.0360723
513.679,1,255.5,0.0361762
514.545,1,255,0.0362276
515.411,1,254.5,0.0362662
516.277,1,254,0.0364242
517.143,1,253.5,0.0365979
518.009,1,253,0.0367848
518.875,1,252.5,0.0376277
519.741,1,252,0.0387027
520.607,1,251.5,0.0398783
521.473,1,251,0.0415219
522.339,1,250.5,0.0433408
523.205,1,250,0.0451031
524.071,1,249.5,0.046237
524.937,1,249,0.0467638
525.803,1,248.5,0.0471566
526.669,1,248,0.0472851
527.535,1,247.5,0.0471091
528.401,1,247,0.0472691
529.267,1,246.5,0.0474389
530.133,1,246,0.0480413
530.999,1,245.5,0.0468529
531.865,1,245,0.0461291
532.731,1,244.5,0.0452803
533.597,1,244,0.0442097
534.463,1,243.5,0.0430477
535.329,1,243,0.0419217
536.195,1,242.5,0.0407952
537.061,1,242,0.0396549
537.928,1,241.5,0.0386265
538.794,1,241,0.0373814
539.66,1,240.5,0.0360013
540.526,1,240,0.0347778
541.392,1,239.5,0.033613
542.258,1,239,0.0323427
543.124,1,238.5,0.0316019
543.99,1,238,0.0313151
544.856,1,237.5,0.031147
545.722,1,237,0.0310329
546.588,1,236.5,0.0306765
547.454,1,236,0.0297816
548.32,1,235.5,0.0289052
549.186,1,235,0.0278891
550.052,1,234.5,0.0270042
550.918,1,234,0.0262505
551.784,1,233.5,0.0257857
552.65,1,233,0.0255143
553.516,1,232.5,0.025277
554.382,1,232,0.0250512
555.248,1,231.5,0.0248623
556.114,1,231,0.0246905
556.98,1,230.5,0.02428
557.846,1,230,0.0238467
558.712,1,229.5,0.0234087
559.578,1,229,0.0229823
560.444,1,228.5,0.0226047
561.31,1,228,0.0224079
562.176,1,227.5,0.0223491
563.042,1,227,0.0223987
563.908,1,226.5,0.0224754
564.774,1,226,0.0226146
565.64,1,225.5,0.023029
566.506,1,225,0.0235132
567.372,1,224.5,0.0240307
568.238,1,224,0.0246831
569.104,1,223.5,0.0253489
569.97,1,223,0.0260266
570.836,1,222.5,0.0264695
571.703,1,222,0.0268294
572.569,1,221.5,0.0271803
573.435,1,221,0.0275007
574.301,1,220.5,0.0278285
575.167,1,220,0.0280668
576.033,1,219.5,0.0279177
576.899,1,219,0.0277464
577.765,1,218.5,0.0275592
578.631,1,218,0.0272998
579.497,1,217.5,0.0269846
580.363,1,217,0.0268361
581.229,1,216.5,0.0267221
582.095,1,216,0.0265445
582.961,1,215.5,0.0264602
583.827,1,215,0.0264589
584.693,1,214.5,0.0263391
585.559,1,214,0.0263746
586.425,1,213.5,0.0264747
587.291,1,213,0.026462
588.157,1,212.5,0.0264544
589.023,1,212,0.0264724
589.889,1,211.5,0.0263539
590.755,1,211,0.0261829
591.621,1,210.5,0.0260147
592.487,1,210,0.0256153
593.353,1,209.5,0.0250411
594.219,1,209,0.0244472
595.085,1,208.5,0.0237838
595.951,1,208,0.0230782
596.817,1,207.5,0.0223908
597.683,1,207,0.0218622
598.549,1,206.5,0.0217429
599.415,1,206,0.0218293
600.281,1,205.5,0.0219938
601.147,1,205,0.0223407
602.013,1,204.5,0.0226971
602.879,1,204,0.023063
603.745,1,203.5,0.0235044
604.611,1,203,0.0239699
605.477,1,202.5,0.024452
606.344,1,202,0.0248822
607.21,1,201.5,0.0252733
608.076,1,201,0.0256397
608.942,1,200.5,0.0257711
609.808,1,200,0.0258052
