x,y,z,b
90.1924,1,500,0.0137205
91.0584,1,499.5,0.0137062
91.9244,1,499,0.0136844
92.7905,1,498.5,0.0136495
93.6565,1,498,0.0136162
94.5225,1,497.5,0.0135809
95.3885,1,497,0.013531
96.2546,1,496.5,0.0134781
97.1206,1,496,0.0134371
97.9866,1,495.5,0.0134017
98.8526,1,495,0.0133699
99.7187,1,494.5,0.0133417
100.585,1,494,0.0133175
101.451,1,493.5,0.0132876
102.317,1,493,0.0131659
103.183,1,492.5,0.0130526
104.049,1,492,0.012949
104.915,1,491.5,0.0128504
105.781,1,491,0.01279
106.647,1,490.5,0.012821
107.513,1,490,0.0128613
108.379,1,489.5,0.0128829
109.245,1,489,0.0128797
110.111,1,488.5,0.0128424
110.977,1,488,0.012785
111.843,1,487.5,0.0128077
112.709,1,487,0.0128705
113.575,1,486.5,0.0129764
114.441,1,486,0.0131405
115.307,1,485.5,0.0133365
116.173,1,485,0.0133673
117.039,1,484.5,0.0132661
117.905,1,484,0.0131547
118.771,1,483.5,0.0130347
119.637,1,483,0.0129098
120.503,1,482.5,0.0128533
121.369,1,482,0.0129964
122.235,1,481.5,0.0131409
123.101,1,481,0.0132754
123.967,1,480.5,0.0133942
124.833,1,480,0.0134934
125.699,1,479.5,0.0134836
126.565,1,479,0.013471
127.431,1,478.5,0.0134831
128.297,1,478,0.0135172
129.164,1,477.5,0.0135814
130.03,1,477,0.0136514
130.896,1,476.5,0.013655
131.762,1,476,0.0136328
132.628,1,475.5,0.0135847
133.494,1,475,0.0135096
134.36,1,474.5,0.0134175
135.226,1,474,0.0134512
136.092,1,473.5,0.0135438
136.958,1,473,0.0136605
137.824,1,472.5,0.0137999
138.69,1,472,0.0139606
139.556,1,471.5,0.0140545
140.422,1,471,0.013992
141.288,1,470.5,0.0139173
142.154,1,470,0.0138305
143.02,1,469.5,0.0137295
143.886,1,469,0.0136094
144.752,1,468.5,0.0137247
145.618,1,468,0.0138824
146.484,1,467.5,0.0140469
147.35,1,467,0.0141981
148.216,1,466.5,0.014351
149.082,1,466,0.0143783
149.948,1,465.5,0.0142275
150.814,1,465,0.0140892
151.68,1,464.5,0.0139634
152.546,1,464,0.0138286
153.412,1,463.5,0.0137058
154.278,1,463,0.0137461
155.144,1,462.5,0.0137742
156.01,1,462,0.0137981
156.876,1,461.5,0.0138239
157.742,1,461,0.0138358
158.608,1,460.5,0.0137854
159.474,1,460,0.0136778
160.34,1,459.5,0.0135648
161.206,1,459,0.0134404
162.072,1,458.5,0.0133186
162.939,1,458,0.0132074
163.805,1,457.5,0.0131601
164.671,1,457,0.0131012
165.537,1,456.5,0.0130343
166.403,1,456,0.0129721
167.269,1,455.5,0.0128806
168.135,1,455,0.0128006
169.001,1,454.5,0.0127925
169.867,1,454,0.0128331
170.733,1,453.5,0.0129222
171.599,1,453,0.0130836
172.465,1,452.5,0.0132896
173.331,1,452,0.0132239
174.197,1,451.5,0.013135
175.063,1,451,0.0130305
175.929,1,450.5,0.0129072
176.795,1,450,0.0127932
177.661,1,449.5,0.012962
178.527,1,449,0.0132885
179.393,1,448.5,0.013616
180.259,1,448,0.0139386
181.125,1,447.5,0.0142351
181.991,1,447,0.0144781
182.857,1,446.5,0.0145543
183.723,1,446,0.0146509
184.589,1,445.5,0.014767
185.455,1,445,0.0148742
186.321,1,444.5,0.0150106
187.187,1,444,0.015177
188.053,1,443.5,0.0152922
188.919,1,443,0.0153677
189.785,1,442.5,0.015408
190.651,1,442,0.015399
191.517,1,441.5,0.0153693
192.383,1,441,0.015405
193.249,1,440.5,0.0154586
194.115,1,440,0.0155444
194.981,1,439.5,0.0156731
195.847,1,439,0.0158262
196.714,1,438.5,0.0157646
197.58,1,438,0.0156226
198.446,1,437.5,0.0154736
199.312,1,437,0.0153192
200.178,1,436.5,0.0151744
201.044,1,436,0.0151207
201.91,1,435.5,0.0152984
202.776,1,435,0.0154789
203.642,1,434.5,0.0156621
204.508,1,434,0.0158312
205.374,1,433.5,0.0159924
206.24,1,433,0.0159775
207.106,1,432.5,0.0159278
207.972,1,432,0.0158878
208.838,1,431.5,0.0158575
209.704,1,431,0.0158418
210.57,1,430.5,0.015841
211.436,1,430,0.0158373
212.302,1,429.5,0.0158295
213.168,1,429,0.0158184
214.034,1,428.5,0.0157935
214.9,1,428,0.0157604
215.766,1,427.5,0.0158101
216.632,1,427,0.0158693
217.498,1,426.5,0.0159222
218.364,1,426,0.0159495
219.23,1,425.5,0.0159673
220.096,1,425,0.0159359
220.962,1,424.5,0.015823
221.828,1,424,0.0157091
222.694,1,423.5,0.0155944
223.56,1,423,0.0154619
224.426,1,422.5,0.0153275
225.292,1,422,0.0152939
226.158,1,421.5,0.0152443
227.024,1,421,0.0151803
227.89,1,420.5,0.015113
228.756,1,420,0.0150079
229.622,1,419.5,0.0148089
230.488,1,419,0.014576
231.355,1,418.5,0.0143663
232.221,1,418,0.0141862
233.087,1,417.5,0.0140754
233.953,1,417,0.0140423
234.819,1,416.5,0.0139822
235.685,1,416,0.0138823
236.551,1,415.5,0.0137457
237.417,1,415,0.0136449
238.283,1,414.5,0.0135384
239.149,1,414,0.0135339
240.015,1,413.5,0.013648
240.881,1,413,0.0137593
241.747,1,412.5,0.0138642
242.613,1,412,0.013968
243.479,1,411.5,0.0140585
244.345,1,411,0.0139843
245.211,1,410.5,0.0139068
246.077,1,410,0.0138239
246.943,1,409.5,0.0137351
247.809,1,409,0.013632
248.675,1,408.5,0.0136174
249.541,1,408,0.0136897
250.407,1,407.5,0.0137673
251.273,1,407,0.0138417
252.139,1,406.5,0.0139291
253.005,1,406,0.0139911
253.871,1,405.5,0.0137016
254.737,1,405,0.0133499
255.603,1,404.5,0.012936
256.469,1,404,0.0124675
257.335,1,403.5,0.012
258.201,1,403,0.0117937
259.067,1,402.5,0.0118162
259.933,1,402,0.0117824
260.799,1,401.5,0.0116509
261.665,1,401,0.0115322
262.531,1,400.5,0.0114628
263.397,1,400,0.0116081
264.263,1,399.5,0.011819
265.13,1,399,0.0120603
265.996,1,398.5,0.0122938
266.862,1,398,0.0125233
267.728,1,397.5,0.0124297
268.594,1,397,0.0122072
269.46,1,396.5,0.0119989
270.326,1,396,0.0118361
271.192,1,395.5,0.0116879
272.058,1,395,0.0116392
272.924,1,394.5,0.0119494
273.79,1,394,0.0122182
274.656,1,393.5,0.012444
275.522,1,393,0.0127307
276.388,1,392.5,0.0129835
277.254,1,392,0.0130587
278.12,1,391.5,0.0132414
278.986,1,391,0.0135081
279.852,1,390.5,0.0137827
280.718,1,390,0.0142316
281.584,1,389.5,0.0148611
282.45,1,389,0.0154557
283.316,1,388.5,0.0160015
284.182,1,388,0.0165415
285.048,1,387.5,0.0170198
285.914,1,387,0.0174347
286.78,1,386.5,0.0180334
287.646,1,386,0.0186997
288.512,1,385.5,0.0193905
289.378,1,385,0.0201409
290.244,1,384.5,0.0209666
291.11,1,384,0.0218096
291.976,1,383.5,0.0225746
292.842,1,383,0.023482
293.708,1,382.5,0.0245381
294.574,1,382,0.0251168
295.44,1,381.5,0.0253329
296.306,1,381,0.0251287
297.172,1,380.5,0.0249464
298.038,1,380,0.0249127
298.905,1,379.5,0.0249116
299.771,1,379,0.0245163
300.637,1,378.5,0.024289
301.503,1,378,0.0242397
302.369,1,377.5,0.0246106
303.235,1,377,0.0249195
304.101,1,376.5,0.0251296
304.967,1,376,0.0252638
305.833,1,375.5,0.0254685
306.699,1,375,0.0256329
307.565,1,374.5,0.0256514
308.431,1,374,0.0256343
309.297,1,373.5,0.0254419
310.163,1,373,0.0250471
311.029,1,372.5,0.0248447
311.895,1,372,0.0263935
312.761,1,371.5,0.027487
313.627,1,371,0.0272519
314.493,1,370.5,0.0271889
315.359,1,370,0.0271296
316.225,1,369.5,0.0269815
317.091,1,369,0.0267076
317.957,1,368.5,0.0261549
318.823,1,368,0.0249138
319.689,1,367.5,0.0263051
320.555,1,367,0.0322737
321.421,1,366.5,0.0345252
322.287,1,366,0.0358663
323.153,1,365.5,0.0371959
324.019,1,365,0.0384505
324.885,1,364.5,0.0386176
325.751,1,364,0.0389188
326.617,1,363.5,0.0393561
327.483,1,363,0.0399212
328.349,1,362.5,0.0405791
329.215,1,362,0.040672
330.081,1,361.5,0.0403023
330.947,1,361,0.0401714
331.813,1,360.5,0.0406027
332.679,1,360,0.0408279
333.546,1,359.5,0.0407626
334.412,1,359,0.0405879
335.278,1,358.5,0.0404576
336.144,1,358,0.0409965
337.01,1,357.5,0.0409078
337.876,1,357,0.0407757
338.742,1,356.5,0.0400862
339.608,1,356,0.0391587
340.474,1,355.5,0.0381389
341.34,1,355,0.0365208
342.206,1,354.5,0.0357041
343.072,1,354,0.0354399
343.938,1,353.5,0.0353714
344.804,1,353,0.0349747
345.67,1,352.5,0.0347935
346.536,1,352,0.0365279
347.402,1,351.5,0.0395017
348.268,1,351,0.041292
349.134,1,350.5,0.0431352
350,1,350,0.0470077
350.866,1,349.5,0.0473617
351.732,1,349,0.0487729
352.598,1,348.5,0.0496457
353.464,1,348,0.0481181
354.33,1,347.5,0.0482683
355.196,1,347,0.0493057
356.062,1,346.5,0.052781
356.928,1,346,0.0579913
357.794,1,345.5,0.0587877
358.66,1,345,0.0595363
359.526,1,344.5,0.0628594
360.392,1,344,0.0649103
361.258,1,343.5,0.0601586
362.124,1,343,0.0589389
362.99,1,342.5,0.0553084
363.856,1,342,0.0518095
364.722,1,341.5,0.0451482
365.588,1,341,0.042302
366.454,1,340.5,0.0442668
367.321,1,340,0.0470076
368.187,1,339.5,0.049831
369.053,1,339,0.0505209
369.919,1,338.5,0.051005
370.785,1,338,0.0508624
371.651,1,337.5,0.0506098
372.517,1,337,0.0502578
373.383,1,336.5,0.0510434
374.249,1,336,0.0504133
375.115,1,335.5,0.0492297
375.981,1,335,0.0487348
376.847,1,334.5,0.0483046
377.713,1,334,0.0485383
378.579,1,333.5,0.0489208
379.445,1,333,0.0492021
380.311,1,332.5,0.0500976
381.177,1,332,0.0512253
382.043,1,331.5,0.0525971
382.909,1,331,0.0538023
383.775,1,330.5,0.0551413
384.641,1,330,0.0567164
385.507,1,329.5,0.0583262
386.373,1,329,0.0599791
387.239,1,328.5,0.0621801
388.105,1,328,0.0648323
388.971,1,327.5,0.0670127
389.837,1,327,0.0690396
390.703,1,326.5,0.0690821
391.569,1,326,0.067538
392.435,1,325.5,0.065398
393.301,1,325,0.0621947
394.167,1,324.5,0.0558386
395.033,1,324,0.0485782
395.899,1,323.5,0.044491
396.765,1,323,0.0469023
397.631,1,322.5,0.0531599
398.497,1,322,0.0542953
399.363,1,321.5,0.0553163
400.229,1,321,0.0560544
401.095,1,320.5,0.0571713
401.962,1,320,0.0584879
402.828,1,319.5,0.0596499
403.694,1,319,0.0608683
404.56,1,318.5,0.0623419
405.426,1,318,0.0632323
406.292,1,317.5,0.0640963
407.158,1,317,0.065947
408.024,1,316.5,0.0686741
408.89,1,316,0.0707708
409.756,1,315.5,0.0728392
410.622,1,315,0.0746379
411.488,1,314.5,0.0765727
412.354,1,314,0.0785228
413.22,1,313.5,0.0797892
414.086,1,313,0.0808622
414.952,1,312.5,0.0819837
415.818,1,312,0.0851767
416.684,1,311.5,0.0867301
417.55,1,311,0.0877883
418.416,1,310.5,0.0893379
419.282,1,310,0.0902469
420.148,1,309.5,0.0912018
421.014,1,309,0.092247
421.88,1,308.5,0.0933657
422.746,1,308,0.0946531
423.612,1,307.5,0.0961825
424.478,1,307,0.0978308
425.344,1,306.5,0.0997579
426.21,1,306,0.100611
427.076,1,305.5,0.101511
427.942,1,305,0.096699
428.808,1,304.5,0.0920396
429.674,1,304,0.100897
430.54,1,303.5,0.0977995
431.406,1,303,0.0964268
432.272,1,302.5,0.101206
433.138,1,302,0.099766
434.004,1,301.5,0.0961713
434.87,1,301,0.0953605
435.737,1,300.5,0.0950756
436.603,1,300,0.0945155
437.469,1,299.5,0.0880383
438.335,1,299,0.078902
439.201,1,298.5,0.0707596
440.067,1,298,0.0684117
440.933,1,297.5,0.0678744
441.799,1,297,0.0683184
442.665,1,296.5,0.0700518
443.531,1,296,0.0729454
444.397,1,295.5,0.0806299
445.263,1,295,0.0879068
446.129,1,294.5,0.0918385
446.995,1,294,0.0863803
447.861,1,293.5,0.0778662
448.727,1,293,0.0684349
449.593,1,292.5,0.0647996
450.459,1,292,0.0635168
451.325,1,291.5,0.0685305
452.191,1,291,0.0762852
453.057,1,290.5,0.0870868
453.923,1,290,0.0941314
454.789,1,289.5,0.0977781
455.655,1,289,0.0976044
456.521,1,288.5,0.0965927
457.387,1,288,0.0957496
458.253,1,287.5,0.0954342
459.119,1,287,0.0953244
459.985,1,286.5,0.0950725
460.851,1,286,0.093686
461.717,1,285.5,0.0918326
462.583,1,285,0.089015
463.449,1,284.5,0.0864468
464.315,1,284,0.0863163
465.181,1,283.5,0.0941462
466.047,1,283,0.0929142
466.913,1,282.5,0.0871272
467.779,1,282,0.0809823
468.645,1,281.5,0.0731144
469.512,1,281,0.0643709
470.378,1,280.5,0.0592041
471.244,1,280,0.0559634
472.11,1,279.5,0.0552271
472.976,1,279,0.0538129
473.842,1,278.5,0.0538809
474.708,1,278,0.0566016
475.574,1,277.5,0.0583263
476.44,1,277,0.0583364
477.306,1,276.5,0.0559781
478.172,1,276,0.0531661
479.038,1,275.5,0.0500113
479.904,1,275,0.0477571
480.77,1,274.5,0.0468098
481.636,1,274,0.0468271
482.502,1,273.5,0.0457853
483.368,1,273,0.0440289
484.234,1,272.5,0.0428339
485.1,1,272,0.041832
485.966,1,271.5,0.0404546
486.832,1,271,0.040535
487.698,1,270.5,0.0392227
488.564,1,270,0.0381527
489.43,1,269.5,0.037386
490.296,1,269,0.0366637
491.162,1,268.5,0.0367074
492.028,1,268,0.0372967
492.894,1,267.5,0.0370577
493.76,1,267,0.0358637
494.626,1,266.5,0.0343394
495.492,1,266,0.0340918
496.358,1,265.5,0.033891
497.224,1,265,0.0336169
498.09,1,264.5,0.0333479
498.956,1,264,0.0330841
499.822,1,263.5,0.0327172
500.688,1,263,0.0323514
501.554,1,262.5,0.0319727
502.42,1,262,0.0314504
503.286,1,261.5,0.0308631
504.153,1,261,0.0302686
505.019,1,260.5,0.0297435
505.885,1,260,0.0292849
506.751,1,259.5,0.0288895
507.617,1,259,0.0287067
508.483,1,258.5,0.0287563
509.349,1,258,0.0292651
510.215,1,257.5,0.0298873
511.081,1,257,0.0304885
511.947,1,256.5,0.031034
512.813,1,256,0.0315371
513.679,1,255.5,0.0319114
514.545,1,255,0.0320151
515.411,1,254.5,0.0321955
516.277,1,254,0.0315475
517.143,1,253.5,0.0322379
518.009,1,253,0.0342895
518.875,1,252.5,0.0360119
519.741,1,252,0.0373716
520.607,1,251.5,0.0385674
521.473,1,251,0.0395872
522.339,1,250.5,0.0406445
523.205,1,250,0.0416169
524.071,1,249.5,0.04227
524.937,1,249,0.0425166
525.803,1,248.5,0.0423651
526.669,1,248,0.0423818
527.535,1,247.5,0.0422744
528.401,1,247,0.0418003
529.267,1,246.5,0.0411309
530.133,1,246,0.0399084
530.999,1,245.5,0.0389158
531.865,1,245,0.0377723
532.731,1,244.5,0.0364779
533.597,1,244,0.0351609
534.463,1,243.5,0.0339596
535.329,1,243,0.0331533
536.195,1,242.5,0.0324704
537.061,1,242,0.0317526
537.928,1,241.5,0.0310002
538.794,1,241,0.0302588
539.66,1,240.5,0.029782
540.526,1,240,0.0293028
541.392,1,239.5,0.0288213
542.258,1,239,0.0283374
543.124,1,238.5,0.0278512
543.99,1,238,0.0273627
544.856,1,237.5,0.0270754
545.722,1,237,0.026848
546.588,1,236.5,0.0266283
547.454,1,236,0.0264165
548.32,1,235.5,0.0262123
549.186,1,235,0.0245118
550.052,1,234.5,0.0236979
550.918,1,234,0.0228724
551.784,1,233.5,0.0231701
552.65,1,233,0.0242875
553.516,1,232.5,0.0254954
554.382,1,232,0.0268425
555.248,1,231.5,0.0282871
556.114,1,231,0.0297894
556.98,1,230.5,0.0310884
557.846,1,230,0.0323611
558.712,1,229.5,0.0336255
559.578,1,229,0.0347819
560.444,1,228.5,0.0358053
561.31,1,228,0.0364399
562.176,1,227.5,0.0367784
563.042,1,227,0.0369253
563.908,1,226.5,0.0370636
564.774,1,226,0.0370896
565.64,1,225.5,0.0364366
566.506,1,225,0.035547
567.372,1,224.5,0.0346547
568.238,1,224,0.0327149
569.104,1,223.5,0.0306684
569.97,1,223,0.0285274
570.836,1,222.5,0.0258382
571.703,1,222,0.0231861
572.569,1,221.5,0.0208116
573.435,1,221,0.0200424
574.301,1,220.5,0.0200343
575.167,1,220,0.0200674
576.033,1,219.5,0.0201849
576.899,1,219,0.0202932
577.765,1,218.5,0.0200946
578.631,1,218,0.0196046
579.497,1,217.5,0.0189826
580.363,1,217,0.0192343
581.229,1,216.5,0.0197592
582.095,1,216,0.0202079
582.961,1,215.5,0.0206466
583.827,1,215,0.0210775
584.693,1,214.5,0.0214212
585.559,1,214,0.0214585
586.425,1,213.5,0.0214801
587.291,1,213,0.0213949
588.157,1,212.5,0.021296
589.023,1,212,0.021196
589.889,1,211.5,0.0214249
590.755,1,211,0.0217452
591.621,1,210.5,0.0220737
592.487,1,210,0.0224655
593.353,1,209.5,0.0229512
594.219,1,209,0.0234289
595.085,1,208.5,0.0236715
595.951,1,208,0.0237413
596.817,1,207.5,0.0237834
597.683,1,207,0.0237592
598.549,1,206.5,0.0236145
599.415,1,206,0.0235367
600.281,1,205.5,0.0233688
601.147,1,205,0.0230195
602.013,1,204.5,0.0225464
602.879,1,204,0.0219496
603.745,1,203.5,0.0215197
604.611,1,203,0.0211931
605.477,1,202.5,0.0209383
606.344,1,202,0.0209198
607.21,1,201.5,0.0210077
608.076,1,201,0.0211553
608.942,1,200.5,0.0215274
609.808,1,200,0.021928
