x,y,z,b
90.1924,1,500,0.0135594
91.0584,1,499.5,0.0134472
91.9244,1,499,0.0133411
92.7905,1,498.5,0.0132941
93.6565,1,498,0.013247
94.5225,1,497.5,0.0132053
95.3885,1,497,0.0131821
96.2546,1,496.5,0.013156
97.1206,1,496,0.0130895
97.9866,1,495.5,0.013013
98.8526,1,495,0.0129567
99.7187,1,494.5,0.0129207
100.585,1,494,0.0129359
101.451,1,493.5,0.0129694
102.317,1,493,0.0129638
103.183,1,492.5,0.0129544
104.049,1,492,0.0129237
104.915,1,491.5,0.0128626
105.781,1,491,0.0127776
106.647,1,490.5,0.0127972
107.513,1,490,0.0129094
108.379,1,489.5,0.0130548
109.245,1,489,0.0132317
110.111,1,488.5,0.0134339
110.977,1,488,0.0136064
111.843,1,487.5,0.0135104
112.709,1,487,0.0133902
113.575,1,486.5,0.0132441
114.441,1,486,0.0130788
115.307,1,485.5,0.0129228
116.173,1,485,0.0129853
117.039,1,484.5,0.0131362
117.905,1,484,0.0132599
118.771,1,483.5,0.0133558
119.637,1,483,0.0134197
120.503,1,482.5,0.0134175
121.369,1,482,0.0133297
122.235,1,481.5,0.0132774
123.101,1,481,0.0132696
123.967,1,480.5,0.0133083
124.833,1,480,0.0133946
125.699,1,479.5,0.0134258
126.565,1,479,0.0133706
127.431,1,478.5,0.013254
128.297,1,478,0.0130908
129.164,1,477.5,0.0128712
130.03,1,477,0.0127231
130.896,1,476.5,0.0128912
131.762,1,476,0.0130804
132.628,1,475.5,0.0132908
133.494,1,475,0.0135246
134.36,1,474.5,0.0137697
135.226,1,474,0.0136808
136.092,1,473.5,0.0135233
136.958,1,473,0.0133779
137.824,1,472.5,0.0132446
138.69,1,472,0.0131469
139.556,1,471.5,0.0132299
140.422,1,471,0.0135442
141.288,1,470.5,0.0138179
142.154,1,470,0.0140456
143.02,1,469.5,0.0142216
143.886,1,469,0.0143443
144.752,1,468.5,0.0142982
145.618,1,468,0.014289
146.484,1,467.5,0.0143337
147.35,1,467,0.0144254
148.216,1,466.5,0.0145751
149.082,1,466,0.0147125
149.948,1,465.5,0.0147215
150.814,1,465,0.0146755
151.68,1,464.5,0.0145748
152.546,1,464,0.014396
153.412,1,463.5,0.0141838
154.278,1,463,0.0142735
155.144,1,462.5,0.0144067
156.01,1,462,0.0145688
156.876,1,461.5,0.0147655
157.742,1,461,0.0149763
158.608,1,460.5,0.0150139
159.474,1,460,0.0148557
160.34,1,459.5,0.0146853
161.206,1,459,0.0145029
162.072,1,458.5,0.014314
162.939,1,458,0.0141201
163.805,1,457.5,0.0142865
164.671,1,457,0.0144599
165.537,1,456.5,0.0146372
166.403,1,456,0.0148002
167.269,1,455.5,0.0149714
168.135,1,455,0.0149019
169.001,1,454.5,0.0146091
169.867,1,454,0.0143065
170.733,1,453.5,0.0139944
171.599,1,453,0.0136884
172.465,1,452.5,0.0134161
173.331,1,452,0.0135417
174.197,1,451.5,0.0137057
175.063,1,451,0.0138773
175.929,1,450.5,0.0140389
176.795,1,450,0.0141869
177.661,1,449.5,0.0141438
178.527,1,449,0.0139991
179.393,1,448.5,0.0138679
180.259,1,448,0.0137582
181.125,1,447.5,0.0136755
181.991,1,447,0.013642
182.857,1,446.5,0.0137336
183.723,1,446,0.0137966
184.589,1,445.5,0.013831
185.455,1,445,0.0138465
186.321,1,444.5,0.0138298
187.187,1,444,0.0138209
188.053,1,443.5,0.0138338
188.919,1,443,0.0138527
189.785,1,442.5,0.0138779
190.651,1,442,0.0138988
191.517,1,441.5,0.0139005
192.383,1,441,0.0138197
193.249,1,440.5,0.0137194
194.115,1,440,0.0136087
194.981,1,439.5,0.0134952
195.847,1,439,0.0133812
196.714,1,438.5,0.0133583
197.58,1,438,0.013364
198.446,1,437.5,0.0133664
199.312,1,437,0.0133626
200.178,1,436.5,0.0133516
201.044,1,436,0.0133118
201.91,1,435.5,0.0132095
202.776,1,435,0.0131037
203.642,1,434.5,0.0129945
204.508,1,434,0.0129052
205.374,1,433.5,0.0128169
206.24,1,433,0.0127665
207.106,1,432.5,0.0127489
207.972,1,432,0.0127357
208.838,1,431.5,0.0127201
209.704,1,431,0.0127051
210.57,1,430.5,0.0126905
211.436,1,430,0.0126811
212.302,1,429.5,0.0126718
213.168,1,429,0.0126643
214.034,1,428.5,0.0126562
214.9,1,428,0.0126511
215.766,1,427.5,0.0126322
216.632,1,427,0.0126127
217.498,1,426.5,0.0126017
218.364,1,426,0.0126331
219.23,1,425.5,0.0126805
220.096,1,425,0.0127339
220.962,1,424.5,0.0128286
221.828,1,424,0.0128743
222.694,1,423.5,0.0128688
223.56,1,423,0.0128702
224.426,1,422.5,0.0128389
225.292,1,422,0.0131383
226.158,1,421.5,0.0135474
227.024,1,421,0.0139776
227.89,1,420.5,0.0143923
228.756,1,420,0.0147997
229.622,1,419.5,0.0149967
230.488,1,419,0.0149763
231.355,1,418.5,0.0149711
232.221,1,418,0.0149793
233.087,1,417.5,0.0150247
233.953,1,417,0.015103
234.819,1,416.5,0.0153717
235.685,1,416,0.0156183
236.551,1,415.5,0.0158352
237.417,1,415,0.0158866
238.283,1,414.5,0.0159058
239.149,1,414,0.0158959
240.015,1,413.5,0.0158602
240.881,1,413,0.015827
241.747,1,412.5,0.0158016
242.613,1,412,0.015756
243.479,1,411.5,0.0157059
244.345,1,411,0.015607
245.211,1,410.5,0.0154777
246.077,1,410,0.0153231
246.943,1,409.5,0.0151588
247.809,1,409,0.0150028
248.675,1,408.5,0.0149088
249.541,1,408,0.014851
250.407,1,407.5,0.0148164
251.273,1,407,0.0148293
252.139,1,406.5,0.0148553
253.005,1,406,0.0148826
253.871,1,405.5,0.01483
254.737,1,405,0.0148053
255.603,1,404.5,0.0148082
256.469,1,404,0.014819
257.335,1,403.5,0.0148455
258.201,1,403,0.0148782
259.067,1,402.5,0.0148161
259.933,1,402,0.0147245
260.799,1,401.5,0.0146304
261.665,1,401,0.0143956
262.531,1,400.5,0.01404
263.397,1,400,0.013565
264.263,1,399.5,0.0128631
265.13,1,399,0.0118856
265.996,1,398.5,0.0108754
266.862,1,398,0.0100818
267.728,1,397.5,0.010115
268.594,1,397,0.0103827
269.46,1,396.5,0.011097
270.326,1,396,0.0137248
271.192,1,395.5,0.0166568
272.058,1,395,0.0197844
272.924,1,394.5,0.0226167
273.79,1,394,0.0257012
274.656,1,393.5,0.0284525
275.522,1,393,0.031323
276.388,1,392.5,0.0338608
277.254,1,392,0.0349144
278.12,1,391.5,0.0356969
278.986,1,391,0.038048
279.852,1,390.5,0.0399183
280.718,1,390,0.0399416
281.584,1,389.5,0.0382412
282.45,1,389,0.0368862
283.316,1,388.5,0.0360134
284.182,1,388,0.0351941
285.048,1,387.5,0.0345923
285.914,1,387,0.0341911
286.78,1,386.5,0.0333147
287.646,1,386,0.0324397
288.512,1,385.5,0.0317497
289.378,1,385,0.0327298
290.244,1,384.5,0.0343631
291.11,1,384,0.0330291
291.976,1,383.5,0.0316744
292.842,1,383,0.0303745
293.708,1,382.5,0.0254547
294.574,1,382,0.0231196
295.44,1,381.5,0.0209651
296.306,1,381,0.0207005
297.172,1,380.5,0.0209821
298.038,1,380,0.0215867
298.905,1,379.5,0.0217793
299.771,1,379,0.0221608
300.637,1,378.5,0.0234271
301.503,1,378,0.0252822
302.369,1,377.5,0.0275265
303.235,1,377,0.0295834
304.101,1,376.5,0.0315156
304.967,1,376,0.0337237
305.833,1,375.5,0.0385199
306.699,1,375,0.0432687
307.565,1,374.5,0.0478976
308.431,1,374,0.0515686
309.297,1,373.5,0.0543257
310.163,1,373,0.056216
311.029,1,372.5,0.0569344
311.895,1,372,0.057246
312.761,1,371.5,0.0573515
313.627,1,371,0.0569705
314.493,1,370.5,0.0562688
315.359,1,370,0.0563608
316.225,1,369.5,0.056787
317.091,1,369,0.0573653
317.957,1,368.5,0.0578728
318.823,1,368,0.0586052
319.689,1,367.5,0.0601434
320.555,1,367,0.0617812
321.421,1,366.5,0.0634237
322.287,1,366,0.0651729
323.153,1,365.5,0.0667395
324.019,1,365,0.0681242
324.885,1,364.5,0.069452
325.751,1,364,0.0706413
326.617,1,363.5,0.0716917
327.483,1,363,0.0726119
328.349,1,362.5,0.0734153
329.215,1,362,0.0739745
330.081,1,361.5,0.0741112
330.947,1,361,0.0740342
331.813,1,360.5,0.07386
332.679,1,360,0.0739331
333.546,1,359.5,0.0745623
334.412,1,359,0.0754984
335.278,1,358.5,0.0770555
336.144,1,358,0.0793206
337.01,1,357.5,0.0809301
337.876,1,357,0.0818425
338.742,1,356.5,0.0827619
339.608,1,356,0.0835663
340.474,1,355.5,0.0855084
341.34,1,355,0.0857299
342.206,1,354.5,0.0867054
343.072,1,354,0.0878254
343.938,1,353.5,0.0881525
344.804,1,353,0.0864849
345.67,1,352.5,0.0817905
346.536,1,352,0.0702924
347.402,1,351.5,0.0601426
348.268,1,351,0.0520738
349.134,1,350.5,0.0421073
350,1,350,0.0335667
350.866,1,349.5,0.0239647
351.732,1,349,0.0245249
352.598,1,348.5,0.0274636
353.464,1,348,0.0317559
354.33,1,347.5,0.0349949
355.196,1,347,0.0352818
356.062,1,346.5,0.035282
356.928,1,346,0.0345421
357.794,1,345.5,0.0341084
358.66,1,345,0.0338203
359.526,1,344.5,0.0334301
360.392,1,344,0.0327751
361.258,1,343.5,0.0315025
362.124,1,343,0.0302879
362.99,1,342.5,0.0309991
363.856,1,342,0.0320016
364.722,1,341.5,0.0331407
365.588,1,341,0.0344423
366.454,1,340.5,0.0358042
367.321,1,340,0.0362272
368.187,1,339.5,0.0366407
369.053,1,339,0.0372099
369.919,1,338.5,0.0378187
370.785,1,338,0.0384844
371.651,1,337.5,0.0391312
372.517,1,337,0.0396093
373.383,1,336.5,0.0400401
374.249,1,336,0.0404844
375.115,1,335.5,0.0409151
375.981,1,335,0.0413336
376.847,1,334.5,0.0419251
377.713,1,334,0.0424383
378.579,1,333.5,0.0428826
379.445,1,333,0.0432032
380.311,1,332.5,0.0434534
381.177,1,332,0.0436876
382.043,1,331.5,0.0442454
382.909,1,331,0.0449846
383.775,1,330.5,0.0457778
384.641,1,330,0.0466306
385.507,1,329.5,0.0475722
386.373,1,329,0.0483835
387.239,1,328.5,0.0491962
388.105,1,328,0.0502565
388.971,1,327.5,0.0515221
389.837,1,327,0.0527247
390.703,1,326.5,0.053105
391.569,1,326,0.0536398
392.435,1,325.5,0.0542675
393.301,1,325,0.0545822
394.167,1,324.5,0.0547823
395.033,1,324,0.0548649
395.899,1,323.5,0.0541955
396.765,1,323,0.0535215
397.631,1,322.5,0.0529152
398.497,1,322,0.0527514
399.363,1,321.5,0.0542512
400.229,1,321,0.0534552
401.095,1,320.5,0.0526185
401.962,1,320,0.0517429
402.828,1,319.5,0.0512504
403.694,1,319,0.0508084
404.56,1,318.5,0.0503791
405.426,1,318,0.0479663
406.292,1,317.5,0.0472253
407.158,1,317,0.04737
408.024,1,316.5,0.0475329
408.89,1,316,0.0478058
409.756,1,315.5,0.0487733
410.622,1,315,0.0502749
411.488,1,314.5,0.050464
412.354,1,314,0.0504438
413.22,1,313.5,0.0502029
414.086,1,313,0.0497173
414.952,1,312.5,0.049208
415.818,1,312,0.0486749
416.684,1,311.5,0.0460073
417.55,1,311,0.0446406
418.416,1,310.5,0.0432538
419.282,1,310,0.0426592
420.148,1,309.5,0.0425966
421.014,1,309,0.0427728
421.88,1,308.5,0.0428079
422.746,1,308,0.0421558
423.612,1,307.5,0.0416773
424.478,1,307,0.0413685
425.344,1,306.5,0.0408145
426.21,1,306,0.0402794
427.076,1,305.5,0.0398318
427.942,1,305,0.039725
428.808,1,304.5,0.0397101
429.674,1,304,0.0399467
430.54,1,303.5,0.0402764
431.406,1,303,0.0406047
432.272,1,302.5,0.0420039
433.138,1,302,0.0425537
434.004,1,301.5,0.0429883
434.87,1,301,0.0432381
435.737,1,300.5,0.0433652
436.603,1,300,0.0435597
437.469,1,299.5,0.043899
438.335,1,299,0.0441895
439.201,1,298.5,0.0447709
440.067,1,298,0.0456384
440.933,1,297.5,0.0463113
441.799,1,297,0.0467582
442.665,1,296.5,0.0470234
443.531,1,296,0.0471708
444.397,1,295.5,0.0472837
445.263,1,295,0.047051
446.129,1,294.5,0.0469883
446.995,1,294,0.046758
447.861,1,293.5,0.0464819
448.727,1,293,0.04616
449.593,1,292.5,0.0458542
450.459,1,292,0.0458391
451.325,1,291.5,0.0457526
452.191,1,291,0.0454919
453.057,1,290.5,0.0452123
453.923,1,290,0.0449141
454.789,1,289.5,0.0439071
455.655,1,289,0.0434445
456.521,1,288.5,0.0429631
457.387,1,288,0.0426244
458.253,1,287.5,0.042406
459.119,1,287,0.0424299
459.985,1,286.5,0.0426395
460.851,1,286,0.0420086
461.717,1,285.5,0.0413165
462.583,1,285,0.0406904
463.449,1,284.5,0.0401373
464.315,1,284,0.0370633
465.181,1,283.5,0.0355829
466.047,1,283,0.0340736
466.913,1,282.5,0.0338563
467.779,1,282,0.033722
468.645,1,281.5,0.033659
469.512,1,281,0.0338163
470.378,1,280.5,0.0341419
471.244,1,280,0.0346116
472.11,1,279.5,0.0349984
472.976,1,279,0.0352072
473.842,1,278.5,0.0353936
474.708,1,278,0.0355151
475.574,1,277.5,0.0355502
476.44,1,277,0.0358088
477.306,1,276.5,0.0362091
478.172,1,276,0.0368911
479.038,1,275.5,0.0376373
479.904,1,275,0.0384595
480.77,1,274.5,0.0396101
481.636,1,274,0.0405799
482.502,1,273.5,0.0414831
483.368,1,273,0.0424966
484.234,1,272.5,0.0434716
485.1,1,272,0.0442605
485.966,1,271.5,0.0431058
486.832,1,271,0.0415355
487.698,1,270.5,0.0400019
488.564,1,270,0.0386077
489.43,1,269.5,0.0373389
490.296,1,269,0.03659
491.162,1,268.5,0.0363412
492.028,1,268,0.0364142
492.894,1,267.5,0.0363897
493.76,1,267,0.0364913
494.626,1,266.5,0.0373039
495.492,1,266,0.0382758
496.358,1,265.5,0.0392192
497.224,1,265,0.0395709
498.09,1,264.5,0.0396033
498.956,1,264,0.03984
499.822,1,263.5,0.0402556
500.688,1,263,0.0415658
501.554,1,262.5,0.0423338
502.42,1,262,0.0428957
503.286,1,261.5,0.043238
504.153,1,261,0.0434379
505.019,1,260.5,0.0433489
505.885,1,260,0.043048
506.751,1,259.5,0.0427539
507.617,1,259,0.0426137
508.483,1,258.5,0.042535
509.349,1,258,0.0424831
510.215,1,257.5,0.0425207
511.081,1,257,0.0427452
511.947,1,256.5,0.0428023
512.813,1,256,0.042645
513.679,1,255.5,0.0420333
514.545,1,255,0.0417518
515.411,1,254.5,0.0415351
516.277,1,254,0.0405401
517.143,1,253.5,0.0395509
518.009,1,253,0.038586
518.875,1,252.5,0.0377309
519.741,1,252,0.0370958
520.607,1,251.5,0.0366997
521.473,1,251,0.0359658
522.339,1,250.5,0.0346295
523.205,1,250,0.0330615
524.071,1,249.5,0.0322183
524.937,1,249,0.0314166
525.803,1,248.5,0.0302165
526.669,1,248,0.0291249
527.535,1,247.5,0.0288532
528.401,1,247,0.0289901
529.267,1,246.5,0.0294216
530.133,1,246,0.0303243
530.999,1,245.5,0.031089
531.865,1,245,0.031711
532.731,1,244.5,0.0316836
533.597,1,244,0.0310681
534.463,1,243.5,0.0303628
535.329,1,243,0.0294528
536.195,1,242.5,0.0285901
537.061,1,242,0.027801
537.928,1,241.5,0.0273421
538.794,1,241,0.0268339
539.66,1,240.5,0.0263033
540.526,1,240,0.0257921
541.392,1,239.5,0.0253153
542.258,1,239,0.0249001
543.124,1,238.5,0.0246968
543.99,1,238,0.0248413
544.856,1,237.5,0.025017
545.722,1,237,0.0252478
546.588,1,236.5,0.0256974
547.454,1,236,0.0263024
548.32,1,235.5,0.0269106
549.186,1,235,0.0277679
550.052,1,234.5,0.0287462
550.918,1,234,0.0298455
551.784,1,233.5,0.0306702
552.65,1,233,0.0313269
553.516,1,232.5,0.03204
554.382,1,232,0.0325932
555.248,1,231.5,0.033226
556.114,1,231,0.0339493
556.98,1,230.5,0.0339578
557.846,1,230,0.033954
558.712,1,229.5,0.034149
559.578,1,229,0.0341894
560.444,1,228.5,0.0339267
561.31,1,228,0.0340365
562.176,1,227.5,0.0344478
563.042,1,227,0.0346673
563.908,1,226.5,0.0351374
564.774,1,226,0.0357601
565.64,1,225.5,0.0358872
566.506,1,225,0.0355785
567.372,1,224.5,0.0351232
568.238,1,224,0.0338939
569.104,1,223.5,0.0327061
569.97,1,223,0.0313637
570.836,1,222.5,0.0298667
571.703,1,222,0.0284874
572.569,1,221.5,0.0277898
573.435,1,221,0.0270037
574.301,1,220.5,0.0262916
575.167,1,220,0.0256556
576.033,1,219.5,0.0250958
576.899,1,219,0.0246121
577.765,1,218.5,0.0250022
578.631,1,218,0.0253848
579.497,1,217.5,0.025702
580.363,1,217,0.0259537
581.229,1,216.5,0.02614
582.095,1,216,0.0262648
582.961,1,215.5,0.0265277
583.827,1,215,0.0268941
584.693,1,214.5,0.0273267
585.559,1,214,0.0275358
586.425,1,213.5,0.0280118
587.291,1,213,0.0290223
588.157,1,212.5,0.029533
589.023,1,212,0.0296083
589.889,1,211.5,0.0296268
590.755,1,211,0.0278109
591.621,1,210.5,0.0267409
592.487,1,210,0.0265798
593.353,1,209.5,0.0269423
594.219,1,209,0.0271864
595.085,1,208.5,0.027275
595.951,1,208,0.0273658
596.817,1,207.5,0.0275048
597.683,1,207,0.0278494
598.549,1,206.5,0.0286616
599.415,1,206,0.0291388
600.281,1,205.5,0.0293894
601.147,1,205,0.0287553
602.013,1,204.5,0.0280974
602.879,1,204,0.0274156
603.745,1,203.5,0.026549
604.611,1,203,0.0258184
605.477,1,202.5,0.0252361
606.344,1,202,0.0246715
607.21,1,201.5,0.024051
608.076,1,201,0.0233902
608.942,1,200.5,0.0236325
609.808,1,200,0.0239656
