x,y,z,b
90.1924,1,500,0.0142601
91.0584,1,499.5,0.014236
91.9244,1,499,0.0142233
92.7905,1,498.5,0.0142304
93.6565,1,498,0.0142398
94.5225,1,497.5,0.0142542
95.3885,1,497,0.0142819
96.2546,1,496.5,0.0143128
97.1206,1,496,0.0143437
97.9866,1,495.5,0.0143873
98.8526,1,495,0.0144292
99.7187,1,494.5,0.0144694
100.585,1,494,0.0145117
101.451,1,493.5,0.0145562
102.317,1,493,0.0146286
103.183,1,492.5,0.0146943
104.049,1,492,0.0147543
104.915,1,491.5,0.0148106
105.781,1,491,0.014846
106.647,1,490.5,0.0148503
107.513,1,490,0.014853
108.379,1,489.5,0.0148583
109.245,1,489,0.0148601
110.111,1,488.5,0.0148664
110.977,1,488,0.0148692
111.843,1,487.5,0.0148368
112.709,1,487,0.0147973
113.575,1,486.5,0.0147485
114.441,1,486,0.0146716
115.307,1,485.5,0.0145827
116.173,1,485,0.0145335
117.039,1,484.5,0.0144983
117.905,1,484,0.0144717
118.771,1,483.5,0.0144542
119.637,1,483,0.0144426
120.503,1,482.5,0.0143928
121.369,1,482,0.0142014
122.235,1,481.5,0.0140116
123.101,1,481,0.0138241
123.967,1,480.5,0.0136369
124.833,1,480,0.013462
125.699,1,479.5,0.0134538
126.565,1,479,0.0134863
127.431,1,478.5,0.013517
128.297,1,478,0.0135475
129.164,1,477.5,0.0135677
130.03,1,477,0.0135445
130.896,1,476.5,0.0134492
131.762,1,476,0.0133721
132.628,1,475.5,0.0133132
133.494,1,475,0.0132919
134.36,1,474.5,0.013308
135.226,1,474,0.0133242
136.092,1,473.5,0.0133231
136.958,1,473,0.0132814
137.824,1,472.5,0.0131942
138.69,1,472,0.0130819
139.556,1,471.5,0.0130427
140.422,1,471,0.0131983
141.288,1,470.5,0.0133934
142.154,1,470,0.0136229
143.02,1,469.5,0.0138841
143.886,1,469,0.0141661
144.752,1,468.5,0.0140684
145.618,1,468,0.0139119
146.484,1,467.5,0.0137421
147.35,1,467,0.0135715
148.216,1,466.5,0.0134072
149.082,1,466,0.0134253
149.948,1,465.5,0.0137041
150.814,1,465,0.0139676
151.68,1,464.5,0.0142158
152.546,1,464,0.014417
153.412,1,463.5,0.0145731
154.278,1,463,0.0144509
155.144,1,462.5,0.0143548
156.01,1,462,0.0143045
156.876,1,461.5,0.0143019
157.742,1,461,0.0143006
158.608,1,460.5,0.0143197
159.474,1,460,0.0143591
160.34,1,459.5,0.0143709
161.206,1,459,0.0143587
162.072,1,458.5,0.0143411
162.939,1,458,0.014313
163.805,1,457.5,0.0142973
164.671,1,457,0.0142935
165.537,1,456.5,0.0142986
166.403,1,456,0.0142964
167.269,1,455.5,0.0143087
168.135,1,455,0.0142934
169.001,1,454.5,0.0142144
169.867,1,454,0.0141328
170.733,1,453.5,0.0140494
171.599,1,453,0.0139363
172.465,1,452.5,0.0138064
173.331,1,452,0.0136832
174.197,1,451.5,0.0135846
175.063,1,451,0.0135178
175.929,1,450.5,0.0134745
176.795,1,450,0.0134724
177.661,1,449.5,0.0134179
178.527,1,449,0.0133089
179.393,1,448.5,0.0132038
180.259,1,448,0.013112
181.125,1,447.5,0.0130179
181.991,1,447,0.0129518
182.857,1,446.5,0.0130573
183.723,1,446,0.0131617
184.589,1,445.5,0.0132661
185.455,1,445,0.0134204
186.321,1,444.5,0.0135686
187.187,1,444,0.0136723
188.053,1,443.5,0.013774
188.919,1,443,0.0138826
189.785,1,442.5,0.0139956
190.651,1,442,0.014106
191.517,1,441.5,0.0142249
192.383,1,441,0.0143694
193.249,1,440.5,0.0145005
194.115,1,440,0.0146234
194.981,1,439.5,0.0147457
195.847,1,439,0.0148679
196.714,1,438.5,0.0149933
197.58,1,438,0.0151186
198.446,1,437.5,0.0152458
199.312,1,437,0.0153803
200.178,1,436.5,0.0155113
201.044,1,436,0.0156545
201.91,1,435.5,0.0158279
202.776,1,435,0.0159929
203.642,1,434.5,0.0161497
204.508,1,434,0.0162349
205.374,1,433.5,0.0163031
206.24,1,433,0.0163104
207.106,1,432.5,0.0162899
207.972,1,432,0.016264
208.838,1,431.5,0.0162363
209.704,1,431,0.0161992
210.57,1,430.5,0.0161681
211.436,1,430,0.0161615
212.302,1,429.5,0.0161426
213.168,1,429,0.0161076
214.034,1,428.5,0.0160669
214.9,1,428,0.0160153
215.766,1,427.5,0.0158978
216.632,1,427,0.0157699
217.498,1,426.5,0.0156386
218.364,1,426,0.0154984
219.23,1,425.5,0.0153566
220.096,1,425,0.0152414
220.962,1,424.5,0.015167
221.828,1,424,0.0150887
222.694,1,423.5,0.0150064
223.56,1,423,0.0149256
224.426,1,422.5,0.0148417
225.292,1,422,0.014752
226.158,1,421.5,0.0146697
227.024,1,421,0.0145915
227.89,1,420.5,0.0145131
228.756,1,420,0.0144409
229.622,1,419.5,0.014374
230.488,1,419,0.0142987
231.355,1,418.5,0.0142147
232.221,1,418,0.0141233
233.087,1,417.5,0.0140196
233.953,1,417,0.0139036
234.819,1,416.5,0.0137793
235.685,1,416,0.0136437
236.551,1,415.5,0.0134969
237.417,1,415,0.0133505
238.283,1,414.5,0.0131971
239.149,1,414,0.0130514
240.015,1,413.5,0.0129477
240.881,1,413,0.0128512
241.747,1,412.5,0.0127577
242.613,1,412,0.0126872
243.479,1,411.5,0.0126285
244.345,1,411,0.0125975
245.211,1,410.5,0.0125755
246.077,1,410,0.0125606
246.943,1,409.5,0.0125491
247.809,1,409,0.0125411
248.675,1,408.5,0.0125113
249.541,1,408,0.0124642
250.407,1,407.5,0.0124158
251.273,1,407,0.0123709
252.139,1,406.5,0.0123238
253.005,1,406,0.0122748
253.871,1,405.5,0.0122264
254.737,1,405,0.0121768
255.603,1,404.5,0.0121259
256.469,1,404,0.0120749
257.335,1,403.5,0.0120238
258.201,1,403,0.0119661
259.067,1,402.5,0.0119067
259.933,1,402,0.0118468
260.799,1,401.5,0.011785
261.665,1,401,0.011729
262.531,1,400.5,0.0116793
263.397,1,400,0.011637
264.263,1,399.5,0.0115992
265.13,1,399,0.0115688
265.996,1,398.5,0.011539
266.862,1,398,0.0115179
267.728,1,397.5,0.0115294
268.594,1,397,0.0115562
269.46,1,396.5,0.011599
270.326,1,396,0.0116816
271.192,1,395.5,0.0117875
272.058,1,395,0.0119124
272.924,1,394.5,0.0119411
273.79,1,394,0.0119696
274.656,1,393.5,0.0119992
275.522,1,393,0.0119706
276.388,1,392.5,0.0119309
277.254,1,392,0.0118872
278.12,1,391.5,0.0118194
278.986,1,391,0.0117651
279.852,1,390.5,0.011742
280.718,1,390,0.0117924
281.584,1,389.5,0.0119108
282.45,1,389,0.0120614
283.316,1,388.5,0.0122696
284.182,1,388,0.0125548
285.048,1,387.5,0.012848
285.914,1,387,0.0131519
286.78,1,386.5,0.0134386
287.646,1,386,0.0137145
288.512,1,385.5,0.0139807
289.378,1,385,0.0141354
290.244,1,384.5,0.0142904
291.11,1,384,0.0144575
291.976,1,383.5,0.0146226
292.842,1,383,0.014781
293.708,1,382.5,0.0149365
294.574,1,382,0.015116
295.44,1,381.5,0.0152948
296.306,1,381,0.0155144
297.172,1,380.5,0.0158088
298.038,1,380,0.0161415
298.905,1,379.5,0.0164529
299.771,1,379,0.0168476
300.637,1,378.5,0.0174564
301.503,1,378,0.0179303
302.369,1,377.5,0.018162
303.235,1,377,0.0181645
304.101,1,376.5,0.0178883
304.967,1,376,0.0174482
305.833,1,375.5,0.0186338
306.699,1,375,0.0193888
307.565,1,374.5,0.0192304
308.431,1,374,0.0184386
309.297,1,373.5,0.0184885
310.163,1,373,0.0186428
311.029,1,372.5,0.0188053
311.895,1,372,0.0192826
312.761,1,371.5,0.0197547
313.627,1,371,0.0201825
314.493,1,370.5,0.0205031
315.359,1,370,0.0207838
316.225,1,369.5,0.0212829
317.091,1,369,0.0220327
317.957,1,368.5,0.022848
318.823,1,368,0.0235891
319.689,1,367.5,0.0246951
320.555,1,367,0.0263024
321.421,1,366.5,0.0289029
322.287,1,366,0.0314427
323.153,1,365.5,0.0342346
324.019,1,365,0.0370959
324.885,1,364.5,0.037733
325.751,1,364,0.0382676
326.617,1,363.5,0.0387061
327.483,1,363,0.0388452
328.349,1,362.5,0.0389894
329.215,1,362,0.0387936
330.081,1,361.5,0.0382055
330.947,1,361,0.0375915
331.813,1,360.5,0.0365204
332.679,1,360,0.0359238
333.546,1,359.5,0.0353244
334.412,1,359,0.0326515
335.278,1,358.5,0.0316976
336.144,1,358,0.0315144
337.01,1,357.5,0.0313231
337.876,1,357,0.0314259
338.742,1,356.5,0.0331404
339.608,1,356,0.034903
340.474,1,355.5,0.0364588
341.34,1,355,0.0378276
342.206,1,354.5,0.039112
343.072,1,354,0.0402102
343.938,1,353.5,0.0402924
344.804,1,353,0.0402962
345.67,1,352.5,0.0402887
346.536,1,352,0.0405143
347.402,1,351.5,0.0411149
348.268,1,351,0.0418585
349.134,1,350.5,0.042435
350,1,350,0.0428429
350.866,1,349.5,0.043104
351.732,1,349,0.0436292
352.598,1,348.5,0.0448887
353.464,1,348,0.0461258
354.33,1,347.5,0.0468076
355.196,1,347,0.0471654
356.062,1,346.5,0.0475023
356.928,1,346,0.0477841
357.794,1,345.5,0.0476877
358.66,1,345,0.0475654
359.526,1,344.5,0.0471363
360.392,1,344,0.0468882
361.258,1,343.5,0.0465891
362.124,1,343,0.0462391
362.99,1,342.5,0.045838
363.856,1,342,0.0454545
364.722,1,341.5,0.0460555
365.588,1,341,0.0470695
366.454,1,340.5,0.0479902
367.321,1,340,0.0488175
368.187,1,339.5,0.0495515
369.053,1,339,0.0497717
369.919,1,338.5,0.0499066
370.785,1,338,0.0499306
371.651,1,337.5,0.0498199
372.517,1,337,0.0495187
373.383,1,336.5,0.0491927
374.249,1,336,0.0489587
375.115,1,335.5,0.0487172
375.981,1,335,0.0484678
376.847,1,334.5,0.0481898
377.713,1,334,0.0478826
378.579,1,333.5,0.0475431
379.445,1,333,0.0470426
380.311,1,332.5,0.0465159
381.177,1,332,0.0459695
382.043,1,331.5,0.0458453
382.909,1,331,0.0459682
383.775,1,330.5,0.0461719
384.641,1,330,0.0467837
385.507,1,329.5,0.047741
386.373,1,329,0.0489792
387.239,1,328.5,0.0504613
388.105,1,328,0.0524271
388.971,1,327.5,0.0546174
389.837,1,327,0.0567517
390.703,1,326.5,0.0577762
391.569,1,326,0.0586109
392.435,1,325.5,0.0593184
393.301,1,325,0.0595127
394.167,1,324.5,0.0594865
395.033,1,324,0.0592732
395.899,1,323.5,0.0600229
396.765,1,323,0.0609014
397.631,1,322.5,0.0618735
398.497,1,322,0.0634303
399.363,1,321.5,0.0654479
400.229,1,321,0.0664005
401.095,1,320.5,0.0674172
401.962,1,320,0.0684958
402.828,1,319.5,0.0685126
403.694,1,319,0.0683225
404.56,1,318.5,0.0680799
405.426,1,318,0.066097
406.292,1,317.5,0.0652847
407.158,1,317,0.0650042
408.024,1,316.5,0.0646625
408.89,1,316,0.0642944
409.756,1,315.5,0.0641791
410.622,1,315,0.0639291
411.488,1,314.5,0.0635191
412.354,1,314,0.0633271
413.22,1,313.5,0.0627738
414.086,1,313,0.0620013
414.952,1,312.5,0.0624694
415.818,1,312,0.0629881
416.684,1,311.5,0.0633938
417.55,1,311,0.0643571
418.416,1,310.5,0.0652646
419.282,1,310,0.066415
420.148,1,309.5,0.0681902
421.014,1,309,0.0701347
421.88,1,308.5,0.0715839
422.746,1,308,0.0730185
423.612,1,307.5,0.0754718
424.478,1,307,0.0776852
425.344,1,306.5,0.0792034
426.21,1,306,0.0805535
427.076,1,305.5,0.0817864
427.942,1,305,0.082903
428.808,1,304.5,0.0843995
429.674,1,304,0.0855632
430.54,1,303.5,0.086245
431.406,1,303,0.0855637
432.272,1,302.5,0.0850375
433.138,1,302,0.0854489
434.004,1,301.5,0.0866833
434.87,1,301,0.0873976
435.737,1,300.5,0.0877991
436.603,1,300,0.0884277
437.469,1,299.5,0.0889124
438.335,1,299,0.0898034
439.201,1,298.5,0.0908486
440.067,1,298,0.091523
440.933,1,297.5,0.0911547
441.799,1,297,0.0895899
442.665,1,296.5,0.0892234
443.531,1,296,0.0921475
444.397,1,295.5,0.09239
445.263,1,295,0.0937537
446.129,1,294.5,0.0951816
446.995,1,294,0.0966737
447.861,1,293.5,0.0979958
448.727,1,293,0.099539
449.593,1,292.5,0.100795
450.459,1,292,0.101358
451.325,1,291.5,0.101686
452.191,1,291,0.101797
453.057,1,290.5,0.100978
453.923,1,290,0.0997497
454.789,1,289.5,0.098452
455.655,1,289,0.0972317
456.521,1,288.5,0.0963828
457.387,1,288,0.0958616
458.253,1,287.5,0.0957492
459.119,1,287,0.0957612
459.985,1,286.5,0.096449
460.851,1,286,0.0965774
461.717,1,285.5,0.0962899
462.583,1,285,0.0957525
463.449,1,284.5,0.0945555
464.315,1,284,0.0931773
465.181,1,283.5,0.0911794
466.047,1,283,0.0890959
466.913,1,282.5,0.0873161
467.779,1,282,0.0871098
468.645,1,281.5,0.0871459
469.512,1,281,0.0878981
470.378,1,280.5,0.0887721
471.244,1,280,0.0900078
472.11,1,279.5,0.0919078
472.976,1,279,0.0944521
473.842,1,278.5,0.096392
474.708,1,278,0.0972339
475.574,1,277.5,0.0981537
476.44,1,277,0.100873
477.306,1,276.5,0.0995934
478.172,1,276,0.0955969
479.038,1,275.5,0.0886399
479.904,1,275,0.0843693
480.77,1,274.5,0.0821933
481.636,1,274,0.0817679
482.502,1,273.5,0.0826416
483.368,1,273,0.0835797
484.234,1,272.5,0.0835908
485.1,1,272,0.081475
485.966,1,271.5,0.0766093
486.832,1,271,0.0693265
487.698,1,270.5,0.0641533
488.564,1,270,0.062027
489.43,1,269.5,0.0618477
490.296,1,269,0.0609691
491.162,1,268.5,0.0597229
492.028,1,268,0.0595549
492.894,1,267.5,0.0602746
493.76,1,267,0.0606995
494.626,1,266.5,0.0609666
495.492,1,266,0.0605977
496.358,1,265.5,0.0598862
497.224,1,265,0.0568333
498.09,1,264.5,0.0561697
498.956,1,264,0.0554323
499.822,1,263.5,0.0543448
500.688,1,263,0.0549243
501.554,1,262.5,0.0536206
502.42,1,262,0.051849
503.286,1,261.5,0.0501287
504.153,1,261,0.0487165
505.019,1,260.5,0.0477109
505.885,1,260,0.0468071
506.751,1,259.5,0.0459129
507.617,1,259,0.0439031
508.483,1,258.5,0.0432777
509.349,1,258,0.0431686
510.215,1,257.5,0.0425152
511.081,1,257,0.0418666
511.947,1,256.5,0.0413099
512.813,1,256,0.0419255
513.679,1,255.5,0.0434195
514.545,1,255,0.0447008
515.411,1,254.5,0.0449253
516.277,1,254,0.0444643
517.143,1,253.5,0.0455606
518.009,1,253,0.0455629
518.875,1,252.5,0.0442717
519.741,1,252,0.0437765
520.607,1,251.5,0.0413441
521.473,1,251,0.0394689
522.339,1,250.5,0.0376597
523.205,1,250,0.0366441
524.071,1,249.5,0.0370935
524.937,1,249,0.0379822
525.803,1,248.5,0.0388302
526.669,1,248,0.0396702
527.535,1,247.5,0.0404749
528.401,1,247,0.0407836
529.267,1,246.5,0.0410794
530.133,1,246,0.0414675
530.999,1,245.5,0.0424418
531.865,1,245,0.042547
532.731,1,244.5,0.0426652
533.597,1,244,0.042708
534.463,1,243.5,0.0425788
535.329,1,243,0.0423884
536.195,1,242.5,0.0421639
537.061,1,242,0.0418996
537.928,1,241.5,0.0415957
538.794,1,241,0.0412979
539.66,1,240.5,0.0412248
540.526,1,240,0.0410832
541.392,1,239.5,0.0408732
542.258,1,239,0.0391936
543.124,1,238.5,0.0375104
543.99,1,238,0.0351572
544.856,1,237.5,0.0327016
545.722,1,237,0.0303785
546.588,1,236.5,0.0288731
547.454,1,236,0.027725
548.32,1,235.5,0.0269166
549.186,1,235,0.0268064
550.052,1,234.5,0.0265806
550.918,1,234,0.0262391
551.784,1,233.5,0.02602
552.65,1,233,0.0258162
553.516,1,232.5,0.0254612
554.382,1,232,0.0251478
555.248,1,231.5,0.0247855
556.114,1,231,0.0243817
556.98,1,230.5,0.0243209
557.846,1,230,0.0241197
558.712,1,229.5,0.0237642
559.578,1,229,0.0234534
560.444,1,228.5,0.0233281
561.31,1,228,0.0235739
562.176,1,227.5,0.0239651
563.042,1,227,0.0243246
563.908,1,226.5,0.0245748
564.774,1,226,0.0247014
565.64,1,225.5,0.0245967
566.506,1,225,0.0242738
567.372,1,224.5,0.0238804
568.238,1,224,0.0233839
569.104,1,223.5,0.0227844
569.97,1,223,0.0220822
570.836,1,222.5,0.0219299
571.703,1,222,0.0218727
572.569,1,221.5,0.0217686
573.435,1,221,0.021864
574.301,1,220.5,0.0220254
575.167,1,220,0.022151
576.033,1,219.5,0.0223966
576.899,1,219,0.0226922
577.765,1,218.5,0.0229386
578.631,1,218,0.0231385
579.497,1,217.5,0.0232697
580.363,1,217,0.0233918
581.229,1,216.5,0.0234954
582.095,1,216,0.0236183
582.961,1,215.5,0.0236461
583.827,1,215,0.02359
584.693,1,214.5,0.0237758
585.559,1,214,0.0240137
586.425,1,213.5,0.0241677
587.291,1,213,0.0244163
588.157,1,212.5,0.0247271
589.023,1,212,0.0250845
589.889,1,211.5,0.0252707
590.755,1,211,0.0254356
591.621,1,210.5,0.0256614
592.487,1,210,0.02572
593.353,1,209.5,0.0256515
594.219,1,209,0.0255763
595.085,1,208.5,0.025379
595.951,1,208,0.0251201
596.817,1,207.5,0.0249002
597.683,1,207,0.0246865
598.549,1,206.5,0.024429
599.415,1,206,0.0241473
600.281,1,205.5,0.0238651
601.147,1,205,0.0235818
602.013,1,204.5,0.0233552
602.879,1,204,0.0231853
603.745,1,203.5,0.0231086
604.611,1,203,0.0231016
605.477,1,202.5,0.0231685
606.344,1,202,0.0233885
607.21,1,201.5,0.02368
608.076,1,201,0.0240181
608.942,1,200.5,0.0243771
609.808,1,200,0.0247485
