x,y,z,b
90.1924,1,500,0.0139884
91.0584,1,499.5,0.0139105
91.9244,1,499,0.0138171
92.7905,1,498.5,0.0137238
93.6565,1,498,0.013632
94.5225,1,497.5,0.0135438
95.3885,1,497,0.0134718
96.2546,1,496.5,0.0134121
97.1206,1,496,0.0133096
97.9866,1,495.5,0.0131787
98.8526,1,495,0.0130368
99.7187,1,494.5,0.0128836
100.585,1,494,0.0128008
101.451,1,493.5,0.0127422
102.317,1,493,0.0127986
103.183,1,492.5,0.0128606
104.049,1,492,0.012913
104.915,1,491.5,0.0129502
105.781,1,491,0.012976
106.647,1,490.5,0.0129289
107.513,1,490,0.0128617
108.379,1,489.5,0.0128218
109.245,1,489,0.0128236
110.111,1,488.5,0.0128567
110.977,1,488,0.012929
111.843,1,487.5,0.0129944
112.709,1,487,0.0129971
113.575,1,486.5,0.012939
114.441,1,486,0.0128383
115.307,1,485.5,0.0126839
116.173,1,485,0.0126864
117.039,1,484.5,0.0128213
117.905,1,484,0.0129924
118.771,1,483.5,0.0131989
119.637,1,483,0.0134384
120.503,1,482.5,0.0136099
121.369,1,482,0.01345
122.235,1,481.5,0.013236
123.101,1,481,0.0129985
123.967,1,480.5,0.0127547
124.833,1,480,0.0125106
125.699,1,479.5,0.0126676
126.565,1,479,0.0129392
127.431,1,478.5,0.013208
128.297,1,478,0.0134644
129.164,1,477.5,0.0136956
130.03,1,477,0.0137887
130.896,1,476.5,0.0136207
131.762,1,476,0.0134891
132.628,1,475.5,0.0133936
133.494,1,475,0.0133269
134.36,1,474.5,0.0133132
135.226,1,474,0.0134128
136.092,1,473.5,0.0134791
136.958,1,473,0.0135016
137.824,1,472.5,0.0134827
138.69,1,472,0.0134179
139.556,1,471.5,0.0133629
140.422,1,471,0.0134413
141.288,1,470.5,0.0135947
142.154,1,470,0.013792
143.02,1,469.5,0.014033
143.886,1,469,0.0142834
144.752,1,468.5,0.0141119
145.618,1,468,0.0138966
146.484,1,467.5,0.0136842
147.35,1,467,0.0134819
148.216,1,466.5,0.0132942
149.082,1,466,0.0133141
149.948,1,465.5,0.0136152
150.814,1,465,0.0138952
151.68,1,464.5,0.014154
152.546,1,464,0.0143887
153.412,1,463.5,0.0145844
154.278,1,463,0.0144391
155.144,1,462.5,0.0142716
156.01,1,462,0.0141077
156.876,1,461.5,0.0139522
157.742,1,461,0.0138088
158.608,1,460.5,0.0137776
159.474,1,460,0.0138561
160.34,1,459.5,0.0139464
161.206,1,459,0.0140434
162.072,1,458.5,0.0141318
162.939,1,458,0.014209
163.805,1,457.5,0.0140985
164.671,1,457,0.0140053
165.537,1,456.5,0.0139332
166.403,1,456,0.013917
167.269,1,455.5,0.0139393
168.135,1,455,0.0140313
169.001,1,454.5,0.0141302
169.867,1,454,0.0141837
170.733,1,453.5,0.0141913
171.599,1,453,0.0141416
172.465,1,452.5,0.014059
173.331,1,452,0.0141379
174.197,1,451.5,0.0142395
175.063,1,451,0.0143737
175.929,1,450.5,0.0145442
176.795,1,450,0.0147518
177.661,1,449.5,0.0148062
178.527,1,449,0.0147193
179.393,1,448.5,0.0146007
180.259,1,448,0.0144441
181.125,1,447.5,0.0142531
181.991,1,447,0.0140781
182.857,1,446.5,0.0142172
183.723,1,446,0.0143837
184.589,1,445.5,0.0145775
185.455,1,445,0.0147851
186.321,1,444.5,0.0150125
187.187,1,444,0.0149566
188.053,1,443.5,0.0147455
188.919,1,443,0.0145377
189.785,1,442.5,0.0143349
190.651,1,442,0.0141433
191.517,1,441.5,0.0140371
192.383,1,441,0.0142001
193.249,1,440.5,0.0143558
194.115,1,440,0.0144943
194.981,1,439.5,0.014612
195.847,1,439,0.0146971
196.714,1,438.5,0.014641
197.58,1,438,0.0145615
198.446,1,437.5,0.0144956
199.312,1,437,0.0144388
200.178,1,436.5,0.0144121
201.044,1,436,0.014426
201.91,1,435.5,0.014455
202.776,1,435,0.0144676
203.642,1,434.5,0.0144639
204.508,1,434,0.0144
205.374,1,433.5,0.0143124
206.24,1,433,0.0142036
207.106,1,432.5,0.0140752
207.972,1,432,0.0139416
208.838,1,431.5,0.0138085
209.704,1,431,0.0136729
210.57,1,430.5,0.0135241
211.436,1,430,0.0133576
212.302,1,429.5,0.0132107
213.168,1,429,0.0130916
214.034,1,428.5,0.0129824
214.9,1,428,0.0129001
215.766,1,427.5,0.0128623
216.632,1,427,0.0128295
217.498,1,426.5,0.0128043
218.364,1,426,0.0127942
219.23,1,425.5,0.0127859
220.096,1,425,0.0128123
220.962,1,424.5,0.0128782
221.828,1,424,0.0129441
222.694,1,423.5,0.0130103
223.56,1,423,0.0130334
224.426,1,422.5,0.0130303
225.292,1,422,0.0128882
226.158,1,421.5,0.0127678
227.024,1,421,0.0127057
227.89,1,420.5,0.0127099
228.756,1,420,0.0128035
229.622,1,419.5,0.0129303
230.488,1,419,0.0129693
231.355,1,418.5,0.0129495
232.221,1,418,0.0129147
233.087,1,417.5,0.0128376
233.953,1,417,0.0127322
234.819,1,416.5,0.0128113
235.685,1,416,0.0129242
236.551,1,415.5,0.0130712
237.417,1,415,0.0133064
238.283,1,414.5,0.0135433
239.149,1,414,0.0136777
240.015,1,413.5,0.0137641
240.881,1,413,0.0138564
241.747,1,412.5,0.0139458
242.613,1,412,0.0140093
243.479,1,411.5,0.0141044
244.345,1,411,0.0143312
245.211,1,410.5,0.0144248
246.077,1,410,0.0144282
246.943,1,409.5,0.0144271
247.809,1,409,0.0143896
248.675,1,408.5,0.0142482
249.541,1,408,0.0140757
250.407,1,407.5,0.0138777
251.273,1,407,0.0135733
252.139,1,406.5,0.0132669
253.005,1,406,0.0129748
253.871,1,405.5,0.0128349
254.737,1,405,0.0126782
255.603,1,404.5,0.0125047
256.469,1,404,0.0125664
257.335,1,403.5,0.0126613
258.201,1,403,0.0128185
259.067,1,402.5,0.0132504
259.933,1,402,0.0137683
260.799,1,401.5,0.0143055
261.665,1,401,0.0148534
262.531,1,400.5,0.0153786
263.397,1,400,0.015834
264.263,1,399.5,0.0161055
265.13,1,399,0.0161333
265.996,1,398.5,0.0161562
266.862,1,398,0.0161746
267.728,1,397.5,0.0162192
268.594,1,397,0.0162885
269.46,1,396.5,0.016378
270.326,1,396,0.0164997
271.192,1,395.5,0.0166514
272.058,1,395,0.016801
272.924,1,394.5,0.0189842
273.79,1,394,0.0225434
274.656,1,393.5,0.0234452
275.522,1,393,0.0243625
276.388,1,392.5,0.025196
277.254,1,392,0.0257671
278.12,1,391.5,0.0263872
278.986,1,391,0.0270486
279.852,1,390.5,0.0274336
280.718,1,390,0.0276986
281.584,1,389.5,0.0278435
282.45,1,389,0.0278752
283.316,1,388.5,0.0278397
284.182,1,388,0.0277384
285.048,1,387.5,0.0275712
285.914,1,387,0.0273382
286.78,1,386.5,0.0270393
287.646,1,386,0.0268126
288.512,1,385.5,0.0266743
289.378,1,385,0.0268294
290.244,1,384.5,0.0269372
291.11,1,384,0.0269977
291.976,1,383.5,0.0270109
292.842,1,383,0.0269191
293.708,1,382.5,0.0228947
294.574,1,382,0.0217469
295.44,1,381.5,0.0208766
296.306,1,381,0.0208602
297.172,1,380.5,0.0207536
298.038,1,380,0.018911
298.905,1,379.5,0.0169506
299.771,1,379,0.0170548
300.637,1,378.5,0.0177749
301.503,1,378,0.0184212
302.369,1,377.5,0.0179017
303.235,1,377,0.0173273
304.101,1,376.5,0.0171014
304.967,1,376,0.017875
305.833,1,375.5,0.0189231
306.699,1,375,0.0201994
307.565,1,374.5,0.0213426
308.431,1,374,0.0224349
309.297,1,373.5,0.022609
310.163,1,373,0.022396
311.029,1,372.5,0.021942
311.895,1,372,0.021436
312.761,1,371.5,0.0209589
313.627,1,371,0.0211873
314.493,1,370.5,0.0219574
315.359,1,370,0.0234205
316.225,1,369.5,0.025354
317.091,1,369,0.026856
317.957,1,368.5,0.0282338
318.823,1,368,0.0291364
319.689,1,367.5,0.0316743
320.555,1,367,0.0350081
321.421,1,366.5,0.0373721
322.287,1,366,0.0416707
323.153,1,365.5,0.0488135
324.019,1,365,0.0497571
324.885,1,364.5,0.0508171
325.751,1,364,0.0516936
326.617,1,363.5,0.0522031
327.483,1,363,0.0530683
328.349,1,362.5,0.0542549
329.215,1,362,0.0557629
330.081,1,361.5,0.0575922
330.947,1,361,0.0596975
331.813,1,360.5,0.0639325
332.679,1,360,0.06569
333.546,1,359.5,0.0662945
334.412,1,359,0.0667639
335.278,1,358.5,0.0686708
336.144,1,358,0.0721784
337.01,1,357.5,0.076509
337.876,1,357,0.0798079
338.742,1,356.5,0.0747801
339.608,1,356,0.0721045
340.474,1,355.5,0.0730043
341.34,1,355,0.0773825
342.206,1,354.5,0.0841082
343.072,1,354,0.0850094
343.938,1,353.5,0.0843489
344.804,1,353,0.0769905
345.67,1,352.5,0.0742989
346.536,1,352,0.0660908
347.402,1,351.5,0.0480709
348.268,1,351,0.0361519
349.134,1,350.5,0.0356054
350,1,350,0.0381719
350.866,1,349.5,0.0388735
351.732,1,349,0.0417615
352.598,1,348.5,0.0424058
353.464,1,348,0.0409021
354.33,1,347.5,0.0416734
355.196,1,347,0.046655
356.062,1,346.5,0.0540156
356.928,1,346,0.0589634
357.794,1,345.5,0.062509
358.66,1,345,0.0644374
359.526,1,344.5,0.0673874
360.392,1,344,0.0678792
361.258,1,343.5,0.0679719
362.124,1,343,0.0676376
362.99,1,342.5,0.065608
363.856,1,342,0.0637744
364.722,1,341.5,0.0626151
365.588,1,341,0.0606201
366.454,1,340.5,0.0572857
367.321,1,340,0.0525649
368.187,1,339.5,0.0485612
369.053,1,339,0.0441123
369.919,1,338.5,0.0395011
370.785,1,338,0.0373835
371.651,1,337.5,0.0376785
372.517,1,337,0.0397687
373.383,1,336.5,0.0405927
374.249,1,336,0.0415239
375.115,1,335.5,0.0424967
375.981,1,335,0.0435093
376.847,1,334.5,0.0429842
377.713,1,334,0.0423576
378.579,1,333.5,0.0417327
379.445,1,333,0.0407966
380.311,1,332.5,0.0398161
381.177,1,332,0.0388611
382.043,1,331.5,0.0379145
382.909,1,331,0.0369105
383.775,1,330.5,0.0358185
384.641,1,330,0.0345376
385.507,1,329.5,0.0331815
386.373,1,329,0.0326391
387.239,1,328.5,0.0322307
388.105,1,328,0.0320447
388.971,1,327.5,0.0318136
389.837,1,327,0.0316532
390.703,1,326.5,0.0320386
391.569,1,326,0.0325762
392.435,1,325.5,0.0331737
393.301,1,325,0.0345815
394.167,1,324.5,0.0359518
395.033,1,324,0.0372852
395.899,1,323.5,0.0384476
396.765,1,323,0.0395147
397.631,1,322.5,0.0405002
398.497,1,322,0.0413909
399.363,1,321.5,0.0420824
400.229,1,321,0.0426026
401.095,1,320.5,0.042811
401.962,1,320,0.0428602
402.828,1,319.5,0.0429551
403.694,1,319,0.0430287
404.56,1,318.5,0.0429641
405.426,1,318,0.0427413
406.292,1,317.5,0.0424976
407.158,1,317,0.0422848
408.024,1,316.5,0.0420272
408.89,1,316,0.0417464
409.756,1,315.5,0.0416767
410.622,1,315,0.0416724
411.488,1,314.5,0.0417176
412.354,1,314,0.0423493
413.22,1,313.5,0.0431975
414.086,1,313,0.0442832
414.952,1,312.5,0.0456596
415.818,1,312,0.0469703
416.684,1,311.5,0.048191
417.55,1,311,0.0488814
418.416,1,310.5,0.0493246
419.282,1,310,0.0495439
420.148,1,309.5,0.049488
421.014,1,309,0.0493502
421.88,1,308.5,0.0493758
422.746,1,308,0.0494388
423.612,1,307.5,0.0492862
424.478,1,307,0.0490419
425.344,1,306.5,0.048719
426.21,1,306,0.0483782
427.076,1,305.5,0.0480225
427.942,1,305,0.0476394
428.808,1,304.5,0.0473376
429.674,1,304,0.0469348
430.54,1,303.5,0.0462405
431.406,1,303,0.0455751
432.272,1,302.5,0.0448511
433.138,1,302,0.0439919
434.004,1,301.5,0.0429332
434.87,1,301,0.0425035
435.737,1,300.5,0.0421815
436.603,1,300,0.0420791
437.469,1,299.5,0.0421619
438.335,1,299,0.0422335
439.201,1,298.5,0.0423369
440.067,1,298,0.0424304
440.933,1,297.5,0.0425839
441.799,1,297,0.0425582
442.665,1,296.5,0.0423831
443.531,1,296,0.0421647
444.397,1,295.5,0.041948
445.263,1,295,0.041803
446.129,1,294.5,0.0418072
446.995,1,294,0.0421162
447.861,1,293.5,0.0424152
448.727,1,293,0.0425558
449.593,1,292.5,0.0422621
450.459,1,292,0.0421415
451.325,1,291.5,0.0421235
452.191,1,291,0.0421799
453.057,1,290.5,0.0422068
453.923,1,290,0.0422321
454.789,1,289.5,0.0423131
455.655,1,289,0.0423281
456.521,1,288.5,0.0421866
457.387,1,288,0.0417621
458.253,1,287.5,0.0412919
459.119,1,287,0.0407402
459.985,1,286.5,0.0402398
460.851,1,286,0.0397832
461.717,1,285.5,0.0391993
462.583,1,285,0.038444
463.449,1,284.5,0.037587
464.315,1,284,0.0364979
465.181,1,283.5,0.035355
466.047,1,283,0.0341669
466.913,1,282.5,0.0336691
467.779,1,282,0.0333283
468.645,1,281.5,0.0330372
469.512,1,281,0.0329124
470.378,1,280.5,0.0328976
471.244,1,280,0.032909
472.11,1,279.5,0.0330661
472.976,1,279,0.0334329
473.842,1,278.5,0.0338719
474.708,1,278,0.0344995
475.574,1,277.5,0.0354248
476.44,1,277,0.0362742
477.306,1,276.5,0.0371191
478.172,1,276,0.0375635
479.038,1,275.5,0.0381031
479.904,1,275,0.0387224
480.77,1,274.5,0.0385771
481.636,1,274,0.0384563
482.502,1,273.5,0.0385226
483.368,1,273,0.0385554
484.234,1,272.5,0.0386815
485.1,1,272,0.0388243
485.966,1,271.5,0.038311
486.832,1,271,0.0378636
487.698,1,270.5,0.0375351
488.564,1,270,0.0372814
489.43,1,269.5,0.0371046
490.296,1,269,0.0366588
491.162,1,268.5,0.0361468
492.028,1,268,0.0356992
492.894,1,267.5,0.035391
493.76,1,267,0.0351573
494.626,1,266.5,0.0348148
495.492,1,266,0.0346155
496.358,1,265.5,0.034599
497.224,1,265,0.0346005
498.09,1,264.5,0.0347127
498.956,1,264,0.0349356
499.822,1,263.5,0.034202
500.688,1,263,0.0333756
501.554,1,262.5,0.0327238
502.42,1,262,0.0321236
503.286,1,261.5,0.0316274
504.153,1,261,0.0313499
505.019,1,260.5,0.0314341
505.885,1,260,0.031602
506.751,1,259.5,0.0318207
507.617,1,259,0.032266
508.483,1,258.5,0.0329668
509.349,1,258,0.0338932
510.215,1,257.5,0.0349914
511.081,1,257,0.0363638
511.947,1,256.5,0.0377183
512.813,1,256,0.0389955
513.679,1,255.5,0.0399915
514.545,1,255,0.0411579
515.411,1,254.5,0.0422117
516.277,1,254,0.0427031
517.143,1,253.5,0.0431866
518.009,1,253,0.0436734
518.875,1,252.5,0.0437595
519.741,1,252,0.0436844
520.607,1,251.5,0.0427468
521.473,1,251,0.0426946
522.339,1,250.5,0.0425027
523.205,1,250,0.0422315
524.071,1,249.5,0.0419459
524.937,1,249,0.0416458
525.803,1,248.5,0.0414909
526.669,1,248,0.0414372
527.535,1,247.5,0.0414079
528.401,1,247,0.0414349
529.267,1,246.5,0.041435
530.133,1,246,0.0413911
530.999,1,245.5,0.0413029
531.865,1,245,0.0411705
532.731,1,244.5,0.0409939
533.597,1,244,0.0407195
534.463,1,243.5,0.0403996
535.329,1,243,0.0402336
536.195,1,242.5,0.0395849
537.061,1,242,0.0391818
537.928,1,241.5,0.0382955
538.794,1,241,0.0375153
539.66,1,240.5,0.0368769
540.526,1,240,0.0363673
541.392,1,239.5,0.0361264
542.258,1,239,0.0360224
543.124,1,238.5,0.0357857
543.99,1,238,0.0354066
544.856,1,237.5,0.0353092
545.722,1,237,0.0351663
546.588,1,236.5,0.0341924
547.454,1,236,0.0335757
548.32,1,235.5,0.0331827
549.186,1,235,0.0341758
550.052,1,234.5,0.0337942
550.918,1,234,0.0335658
551.784,1,233.5,0.0332029
552.65,1,233,0.0310101
553.516,1,232.5,0.029265
554.382,1,232,0.0283695
555.248,1,231.5,0.0276754
556.114,1,231,0.0268715
556.98,1,230.5,0.0260255
557.846,1,230,0.0253679
558.712,1,229.5,0.0247895
559.578,1,229,0.0242448
560.444,1,228.5,0.0236792
561.31,1,228,0.0231054
562.176,1,227.5,0.0225875
563.042,1,227,0.0221663
563.908,1,226.5,0.021809
564.774,1,226,0.0215819
565.64,1,225.5,0.0218193
566.506,1,225,0.0222042
567.372,1,224.5,0.0227252
568.238,1,224,0.0243471
569.104,1,223.5,0.0260218
569.97,1,223,0.027737
570.836,1,222.5,0.0281541
571.703,1,222,0.0282627
572.569,1,221.5,0.0283381
573.435,1,221,0.0275176
574.301,1,220.5,0.0262741
575.167,1,220,0.0250673
576.033,1,219.5,0.0244772
576.899,1,219,0.0241828
577.765,1,218.5,0.0237139
578.631,1,218,0.0234455
579.497,1,217.5,0.0237568
580.363,1,217,0.0242546
581.229,1,216.5,0.0247291
582.095,1,216,0.0251199
582.961,1,215.5,0.0254878
583.827,1,215,0.0258367
584.693,1,214.5,0.0262082
585.559,1,214,0.0265959
586.425,1,213.5,0.0270066
587.291,1,213,0.0275701
588.157,1,212.5,0.0281144
589.023,1,212,0.0286193
589.889,1,211.5,0.0289875
590.755,1,211,0.0293577
591.621,1,210.5,0.0297638
592.487,1,210,0.0300557
593.353,1,209.5,0.0302492
594.219,1,209,0.0304539
595.085,1,208.5,0.0306209
595.951,1,208,0.0306799
596.817,1,207.5,0.0306962
597.683,1,207,0.0306118
598.549,1,206.5,0.0302992
599.415,1,206,0.0297956
600.281,1,205.5,0.0291545
601.147,1,205,0.0283869
602.013,1,204.5,0.0275202
602.879,1,204,0.0265544
603.745,1,203.5,0.0262066
604.611,1,203,0.0260151
605.477,1,202.5,0.0258746
606.344,1,202,0.0258746
607.21,1,201.5,0.0259327
608.076,1,201,0.026022
608.942,1,200.5,0.0262993
609.808,1,200,0.0267188
