x,y,z,b
90.1924,1,500,0.0123965
91.0584,1,499.5,0.0123728
91.9244,1,499,0.0123551
92.7905,1,498.5,0.0123578
93.6565,1,498,0.0123604
94.5225,1,497.5,0.0123642
95.3885,1,497,0.0123721
96.2546,1,496.5,0.0123796
97.1206,1,496,0.0123904
97.9866,1,495.5,0.0124119
98.8526,1,495,0.0124321
99.7187,1,494.5,0.0124508
100.585,1,494,0.0124783
101.451,1,493.5,0.0125051
102.317,1,493,0.0125281
103.183,1,492.5,0.0125574
104.049,1,492,0.012587
104.915,1,491.5,0.0126138
105.781,1,491,0.0126487
106.647,1,490.5,0.0126949
107.513,1,490,0.0127435
108.379,1,489.5,0.0127818
109.245,1,489,0.012806
110.111,1,488.5,0.0128282
110.977,1,488,0.0128425
111.843,1,487.5,0.0128379
112.709,1,487,0.0128333
113.575,1,486.5,0.0128276
114.441,1,486,0.0128138
115.307,1,485.5,0.0128
116.173,1,485,0.0127909
117.039,1,484.5,0.0127702
117.905,1,484,0.0127474
118.771,1,483.5,0.012723
119.637,1,483,0.0126916
120.503,1,482.5,0.0126578
121.369,1,482,0.0126246
122.235,1,481.5,0.012586
123.101,1,481,0.0125432
123.967,1,480.5,0.0124988
124.833,1,480,0.0124725
125.699,1,479.5,0.0124683
126.565,1,479,0.0124636
127.431,1,478.5,0.0124621
128.297,1,478,0.0124672
129.164,1,477.5,0.012472
130.03,1,477,0.0124821
130.896,1,476.5,0.0125125
131.762,1,476,0.012546
132.628,1,475.5,0.0125826
133.494,1,475,0.0126267
134.36,1,474.5,0.0126714
135.226,1,474,0.0126993
136.092,1,473.5,0.0127226
136.958,1,473,0.0127451
137.824,1,472.5,0.0127668
138.69,1,472,0.0127792
139.556,1,471.5,0.012794
140.422,1,471,0.0128185
141.288,1,470.5,0.0128327
142.154,1,470,0.0128392
143.02,1,469.5,0.012845
143.886,1,469,0.0128486
144.752,1,468.5,0.0128383
145.618,1,468,0.0128271
146.484,1,467.5,0.0128157
147.35,1,467,0.0128026
148.216,1,466.5,0.0127906
149.082,1,466,0.0127836
149.948,1,465.5,0.0127784
150.814,1,465,0.0127721
151.68,1,464.5,0.0127649
152.546,1,464,0.0127512
153.412,1,463.5,0.0127357
154.278,1,463,0.0127134
155.144,1,462.5,0.0126889
156.01,1,462,0.0126654
156.876,1,461.5,0.0126446
157.742,1,461,0.0126222
158.608,1,460.5,0.0125907
159.474,1,460,0.0125512
160.34,1,459.5,0.0125098
161.206,1,459,0.0124662
162.072,1,458.5,0.0124229
162.939,1,458,0.0123795
163.805,1,457.5,0.0123541
164.671,1,457,0.0123292
165.537,1,456.5,0.0123041
166.403,1,456,0.0122764
167.269,1,455.5,0.0122487
168.135,1,455,0.0122141
169.001,1,454.5,0.0121819
169.867,1,454,0.0121528
170.733,1,453.5,0.0121267
171.599,1,453,0.0121175
172.465,1,452.5,0.0121137
173.331,1,452,0.0121092
174.197,1,451.5,0.0121084
175.063,1,451,0.0121097
175.929,1,450.5,0.0121111
176.795,1,450,0.0121159
177.661,1,449.5,0.0121218
178.527,1,449,0.0121278
179.393,1,448.5,0.0121405
180.259,1,448,0.012165
181.125,1,447.5,0.0121927
181.991,1,447,0.0122266
182.857,1,446.5,0.012274
183.723,1,446,0.0123209
184.589,1,445.5,0.0123675
185.455,1,445,0.0124254
186.321,1,444.5,0.0124837
187.187,1,444,0.0125576
188.053,1,443.5,0.0126396
188.919,1,443,0.0127215
189.785,1,442.5,0.0128031
190.651,1,442,0.0128824
191.517,1,441.5,0.0129571
192.383,1,441,0.0130186
193.249,1,440.5,0.013081
194.115,1,440,0.0131438
194.981,1,439.5,0.0132056
195.847,1,439,0.0132694
196.714,1,438.5,0.0133516
197.58,1,438,0.0134359
198.446,1,437.5,0.0135185
199.312,1,437,0.013603
200.178,1,436.5,0.0136826
201.044,1,436,0.0137557
201.91,1,435.5,0.0138301
202.776,1,435,0.0139031
203.642,1,434.5,0.0139744
204.508,1,434,0.0140561
205.374,1,433.5,0.014138
206.24,1,433,0.0142256
207.106,1,432.5,0.0143209
207.972,1,432,0.0144169
208.838,1,431.5,0.0145112
209.704,1,431,0.0146091
210.57,1,430.5,0.0147102
211.436,1,430,0.0148128
212.302,1,429.5,0.014916
213.168,1,429,0.0150195
214.034,1,428.5,0.0151225
214.9,1,428,0.015221
215.766,1,427.5,0.0153114
216.632,1,427,0.0153991
217.498,1,426.5,0.0154798
218.364,1,426,0.0155319
219.23,1,425.5,0.0155791
220.096,1,425,0.0156226
220.962,1,424.5,0.0156275
221.828,1,424,0.0156296
222.694,1,423.5,0.0156299
223.56,1,423,0.0156179
224.426,1,422.5,0.0156027
225.292,1,422,0.0155837
226.158,1,421.5,0.0155555
227.024,1,421,0.0155225
227.89,1,420.5,0.0154891
228.756,1,420,0.0154455
229.622,1,419.5,0.0153908
230.488,1,419,0.0153315
231.355,1,418.5,0.0152607
232.221,1,418,0.0151723
233.087,1,417.5,0.0150802
233.953,1,417,0.0149834
234.819,1,416.5,0.0148776
235.685,1,416,0.0147725
236.551,1,415.5,0.0146681
237.417,1,415,0.0145671
238.283,1,414.5,0.0144681
239.149,1,414,0.0143724
240.015,1,413.5,0.014284
240.881,1,413,0.014197
241.747,1,412.5,0.0141105
242.613,1,412,0.014025
243.479,1,411.5,0.013941
244.345,1,411,0.0138782
245.211,1,410.5,0.0138125
246.077,1,410,0.0137433
246.943,1,409.5,0.0136724
247.809,1,409,0.0135991
248.675,1,408.5,0.0135134
249.541,1,408,0.0134197
250.407,1,407.5,0.0133269
251.273,1,407,0.0132389
252.139,1,406.5,0.0131493
253.005,1,406,0.0130581
253.871,1,405.5,0.0129685
254.737,1,405,0.0128765
255.603,1,404.5,0.0127821
256.469,1,404,0.0127003
257.335,1,403.5,0.0126172
258.201,1,403,0.012544
259.067,1,402.5,0.0124822
259.933,1,402,0.01242
260.799,1,401.5,0.0123554
261.665,1,401,0.0122816
262.531,1,400.5,0.0122002
263.397,1,400,0.0121103
264.263,1,399.5,0.0119989
265.13,1,399,0.0118644
265.996,1,398.5,0.0117244
266.862,1,398,0.0115715
267.728,1,397.5,0.0113776
268.594,1,397,0.011175
269.46,1,396.5,0.0109694
270.326,1,396,0.0107476
271.192,1,395.5,0.0105376
272.058,1,395,0.0103365
272.924,1,394.5,0.0101291
273.79,1,394,0.00996574
274.656,1,393.5,0.00984683
275.522,1,393,0.00983684
276.388,1,392.5,0.00986816
277.254,1,392,0.00991674
278.12,1,391.5,0.00999336
278.986,1,391,0.0100914
279.852,1,390.5,0.0102031
280.718,1,390,0.0103378
281.584,1,389.5,0.0104909
282.45,1,389,0.0106555
283.316,1,388.5,0.010844
284.182,1,388,0.0110577
285.048,1,387.5,0.0112712
285.914,1,387,0.0114898
286.78,1,386.5,0.0117236
287.646,1,386,0.0119577
288.512,1,385.5,0.0121942
289.378,1,385,0.0124435
290.244,1,384.5,0.0126887
291.11,1,384,0.0129313
291.976,1,383.5,0.0132303
292.842,1,383,0.0135335
293.708,1,382.5,0.0138339
294.574,1,382,0.0142036
295.44,1,381.5,0.0146383
296.306,1,381,0.0150433
297.172,1,380.5,0.0153743
298.038,1,380,0.0155646
298.905,1,379.5,0.0155608
299.771,1,379,0.0153999
300.637,1,378.5,0.0154312
301.503,1,378,0.0157897
302.369,1,377.5,0.0161299
303.235,1,377,0.0161665
304.101,1,376.5,0.0160537
304.967,1,376,0.0159028
305.833,1,375.5,0.0168545
306.699,1,375,0.0174377
307.565,1,374.5,0.0172934
308.431,1,374,0.0173494
309.297,1,373.5,0.0175426
310.163,1,373,0.0177035
311.029,1,372.5,0.0178832
311.895,1,372,0.017972
312.761,1,371.5,0.0179768
313.627,1,371,0.0178521
314.493,1,370.5,0.017628
315.359,1,370,0.0173977
316.225,1,369.5,0.0173172
317.091,1,369,0.0173554
317.957,1,368.5,0.0174009
318.823,1,368,0.0173112
319.689,1,367.5,0.0171978
320.555,1,367,0.0171218
321.421,1,366.5,0.0172517
322.287,1,366,0.0174041
323.153,1,365.5,0.0176891
324.019,1,365,0.0180962
324.885,1,364.5,0.0185545
325.751,1,364,0.0200043
326.617,1,363.5,0.0220347
327.483,1,363,0.0232288
328.349,1,362.5,0.0243904
329.215,1,362,0.0253287
330.081,1,361.5,0.0261862
330.947,1,361,0.0270409
331.813,1,360.5,0.0284907
332.679,1,360,0.0286963
333.546,1,359.5,0.0288842
334.412,1,359,0.0267525
335.278,1,358.5,0.026143
336.144,1,358,0.0258331
337.01,1,357.5,0.0253617
337.876,1,357,0.0247474
338.742,1,356.5,0.0240508
339.608,1,356,0.0234987
340.474,1,355.5,0.0231668
341.34,1,355,0.0237195
342.206,1,354.5,0.0242344
343.072,1,354,0.0246844
343.938,1,353.5,0.025289
344.804,1,353,0.0257034
345.67,1,352.5,0.025882
346.536,1,352,0.025644
347.402,1,351.5,0.0247849
348.268,1,351,0.0239511
349.134,1,350.5,0.0228403
350,1,350,0.0217094
350.866,1,349.5,0.0192365
351.732,1,349,0.018686
352.598,1,348.5,0.0192759
353.464,1,348,0.0206465
354.33,1,347.5,0.0227752
355.196,1,347,0.024655
356.062,1,346.5,0.0263373
356.928,1,346,0.0283383
357.794,1,345.5,0.0304848
358.66,1,345,0.032517
359.526,1,344.5,0.0339147
360.392,1,344,0.0354142
361.258,1,343.5,0.0388105
362.124,1,343,0.0398567
362.99,1,342.5,0.0398412
363.856,1,342,0.039376
364.722,1,341.5,0.0386997
365.588,1,341,0.038448
366.454,1,340.5,0.0385587
367.321,1,340,0.0387134
368.187,1,339.5,0.039043
369.053,1,339,0.0379991
369.919,1,338.5,0.0370844
370.785,1,338,0.0362891
371.651,1,337.5,0.0356937
372.517,1,337,0.0356353
373.383,1,336.5,0.0379118
374.249,1,336,0.0392671
375.115,1,335.5,0.0399252
375.981,1,335,0.0399206
376.847,1,334.5,0.0401132
377.713,1,334,0.0409521
378.579,1,333.5,0.0411402
379.445,1,333,0.0413083
380.311,1,332.5,0.0432461
381.177,1,332,0.0441573
382.043,1,331.5,0.043972
382.909,1,331,0.0438372
383.775,1,330.5,0.0441769
384.641,1,330,0.0439731
385.507,1,329.5,0.0430306
386.373,1,329,0.0417863
387.239,1,328.5,0.0410097
388.105,1,328,0.0402312
388.971,1,327.5,0.0394966
389.837,1,327,0.038552
390.703,1,326.5,0.0378474
391.569,1,326,0.0372767
392.435,1,325.5,0.036793
393.301,1,325,0.0363383
394.167,1,324.5,0.0364878
395.033,1,324,0.0367561
395.899,1,323.5,0.0369264
396.765,1,323,0.0373271
397.631,1,322.5,0.0377486
398.497,1,322,0.0380421
399.363,1,321.5,0.0382678
400.229,1,321,0.0384646
401.095,1,320.5,0.038752
401.962,1,320,0.0400776
402.828,1,319.5,0.0407203
403.694,1,319,0.0418614
404.56,1,318.5,0.0433243
405.426,1,318,0.0447699
406.292,1,317.5,0.0464033
407.158,1,317,0.0475889
408.024,1,316.5,0.0486528
408.89,1,316,0.0497562
409.756,1,315.5,0.0505741
410.622,1,315,0.0511276
411.488,1,314.5,0.0515231
412.354,1,314,0.0518875
413.22,1,313.5,0.0523312
414.086,1,313,0.0529583
414.952,1,312.5,0.0536449
415.818,1,312,0.0543673
416.684,1,311.5,0.0549308
417.55,1,311,0.0557294
418.416,1,310.5,0.0563625
419.282,1,310,0.0570544
420.148,1,309.5,0.0576155
421.014,1,309,0.0583237
421.88,1,308.5,0.0592447
422.746,1,308,0.0605908
423.612,1,307.5,0.0629322
424.478,1,307,0.066708
425.344,1,306.5,0.071116
426.21,1,306,0.0755701
427.076,1,305.5,0.0771584
427.942,1,305,0.0800375
428.808,1,304.5,0.0817981
429.674,1,304,0.0834765
430.54,1,303.5,0.0850522
431.406,1,303,0.0864161
432.272,1,302.5,0.0871987
433.138,1,302,0.087359
434.004,1,301.5,0.0874101
434.87,1,301,0.0873437
435.737,1,300.5,0.0870083
436.603,1,300,0.086805
437.469,1,299.5,0.0875586
438.335,1,299,0.0886678
439.201,1,298.5,0.0890437
440.067,1,298,0.0885109
440.933,1,297.5,0.0869436
441.799,1,297,0.0858784
442.665,1,296.5,0.0860263
443.531,1,296,0.0863014
444.397,1,295.5,0.0861896
445.263,1,295,0.0847622
446.129,1,294.5,0.0844536
446.995,1,294,0.0840356
447.861,1,293.5,0.0835055
448.727,1,293,0.0828633
449.593,1,292.5,0.0822219
450.459,1,292,0.0821049
451.325,1,291.5,0.0819876
452.191,1,291,0.0820296
453.057,1,290.5,0.0818745
453.923,1,290,0.080372
454.789,1,289.5,0.0809731
455.655,1,289,0.0802268
456.521,1,288.5,0.0792835
457.387,1,288,0.0787396
458.253,1,287.5,0.0781734
459.119,1,287,0.0777009
459.985,1,286.5,0.0779815
460.851,1,286,0.0771157
461.717,1,285.5,0.0742353
462.583,1,285,0.0688094
463.449,1,284.5,0.0668956
464.315,1,284,0.0696224
465.181,1,283.5,0.0580083
466.047,1,283,0.0497525
466.913,1,282.5,0.0427334
467.779,1,282,0.0399771
468.645,1,281.5,0.0388212
469.512,1,281,0.0390111
470.378,1,280.5,0.0395329
471.244,1,280,0.040758
472.11,1,279.5,0.0417385
472.976,1,279,0.0408252
473.842,1,278.5,0.040564
474.708,1,278,0.0407682
475.574,1,277.5,0.0405144
476.44,1,277,0.0398485
477.306,1,276.5,0.0395333
478.172,1,276,0.039578
479.038,1,275.5,0.0388457
479.904,1,275,0.0351492
480.77,1,274.5,0.0309546
481.636,1,274,0.0253807
482.502,1,273.5,0.022147
483.368,1,273,0.018656
484.234,1,272.5,0.017266
485.1,1,272,0.0166204
485.966,1,271.5,0.0163147
486.832,1,271,0.0192376
487.698,1,270.5,0.0257414
488.564,1,270,0.0261793
489.43,1,269.5,0.0236491
490.296,1,269,0.0159574
491.162,1,268.5,0.0162886
492.028,1,268,0.0189589
492.894,1,267.5,0.0261515
493.76,1,267,0.0265247
494.626,1,266.5,0.0269205
495.492,1,266,0.0248751
496.358,1,265.5,0.0261622
497.224,1,265,0.0257358
498.09,1,264.5,0.0242531
498.956,1,264,0.026511
499.822,1,263.5,0.0270829
500.688,1,263,0.0282881
501.554,1,262.5,0.0298959
502.42,1,262,0.0307827
503.286,1,261.5,0.0324098
504.153,1,261,0.0326639
505.019,1,260.5,0.0313824
505.885,1,260,0.0276956
506.751,1,259.5,0.0252923
507.617,1,259,0.0250465
508.483,1,258.5,0.0267379
509.349,1,258,0.0290893
510.215,1,257.5,0.0317745
511.081,1,257,0.0334604
511.947,1,256.5,0.0343476
512.813,1,256,0.0341397
513.679,1,255.5,0.0335811
514.545,1,255,0.0326883
515.411,1,254.5,0.0315002
516.277,1,254,0.0302539
517.143,1,253.5,0.0289375
518.009,1,253,0.0270931
518.875,1,252.5,0.0250005
519.741,1,252,0.0232417
520.607,1,251.5,0.0219029
521.473,1,251,0.0211014
522.339,1,250.5,0.0212593
523.205,1,250,0.0214959
524.071,1,249.5,0.0216412
524.937,1,249,0.0223809
525.803,1,248.5,0.0221825
526.669,1,248,0.0220168
527.535,1,247.5,0.0215669
528.401,1,247,0.0208802
529.267,1,246.5,0.0201326
530.133,1,246,0.0195281
530.999,1,245.5,0.0189585
531.865,1,245,0.0184216
532.731,1,244.5,0.0179014
533.597,1,244,0.0174133
534.463,1,243.5,0.0169052
535.329,1,243,0.0163355
536.195,1,242.5,0.0157609
537.061,1,242,0.0151887
537.928,1,241.5,0.0148986
538.794,1,241,0.0146254
539.66,1,240.5,0.0143149
540.526,1,240,0.0140837
541.392,1,239.5,0.0139325
542.258,1,239,0.0138812
543.124,1,238.5,0.013929
543.99,1,238,0.013998
544.856,1,237.5,0.0140493
545.722,1,237,0.0140913
546.588,1,236.5,0.0141385
547.454,1,236,0.0141501
548.32,1,235.5,0.0141599
549.186,1,235,0.0141737
550.052,1,234.5,0.0141857
550.918,1,234,0.014196
551.784,1,233.5,0.0141555
552.65,1,233,0.0140921
553.516,1,232.5,0.0140277
554.382,1,232,0.0139469
555.248,1,231.5,0.0138631
556.114,1,231,0.01378
556.98,1,230.5,0.013681
557.846,1,230,0.0135849
558.712,1,229.5,0.0134997
559.578,1,229,0.0134301
560.444,1,228.5,0.0133707
561.31,1,228,0.0133203
562.176,1,227.5,0.0132865
563.042,1,227,0.0132747
563.908,1,226.5,0.0132634
564.774,1,226,0.013254
565.64,1,225.5,0.0132541
566.506,1,225,0.0132627
567.372,1,224.5,0.0132704
568.238,1,224,0.0132835
569.104,1,223.5,0.0132942
569.97,1,223,0.0133025
570.836,1,222.5,0.013305
571.703,1,222,0.013304
572.569,1,221.5,0.0133022
573.435,1,221,0.0133044
574.301,1,220.5,0.0133076
575.167,1,220,0.0133093
576.033,1,219.5,0.0133131
576.899,1,219,0.0133172
577.765,1,218.5,0.0133177
578.631,1,218,0.0133155
579.497,1,217.5,0.0133111
580.363,1,217,0.0133247
581.229,1,216.5,0.0133436
582.095,1,216,0.0133613
582.961,1,215.5,0.0133767
583.827,1,215,0.0133896
584.693,1,214.5,0.0134028
585.559,1,214,0.0134257
586.425,1,213.5,0.0134458
587.291,1,213,0.0134553
588.157,1,212.5,0.0134618
589.023,1,212,0.0134663
589.889,1,211.5,0.0134671
590.755,1,211,0.0134664
591.621,1,210.5,0.0134655
592.487,1,210,0.0134633
593.353,1,209.5,0.01346
594.219,1,209,0.0134538
595.085,1,208.5,0.0134408
595.951,1,208,0.0134249
596.817,1,207.5,0.0134096
597.683,1,207,0.0133934
598.549,1,206.5,0.0133736
599.415,1,206,0.0133682
600.281,1,205.5,0.0133635
601.147,1,205,0.013357
602.013,1,204.5,0.0133491
602.879,1,204,0.0133397
603.745,1,203.5,0.0133378
604.611,1,203,0.0133327
605.477,1,202.5,0.0133257
606.344,1,202,0.0133239
607.21,1,201.5,0.0133224
608.076,1,201,0.0133193
608.942,1,200.5,0.0133114
609.808,1,200,0.0133021
