x,y,z,b
90.1924,1,500,0.0141282
91.0584,1,499.5,0.0140313
91.9244,1,499,0.0139229
92.7905,1,498.5,0.0138211
93.6565,1,498,0.0137211
94.5225,1,497.5,0.0136242
95.3885,1,497,0.0135334
96.2546,1,496.5,0.0134435
97.1206,1,496,0.0133629
97.9866,1,495.5,0.0133015
98.8526,1,495,0.0132427
99.7187,1,494.5,0.0131865
100.585,1,494,0.0131436
101.451,1,493.5,0.0131069
102.317,1,493,0.0130986
103.183,1,492.5,0.0130957
104.049,1,492,0.0130918
104.915,1,491.5,0.0130836
105.781,1,491,0.0130762
106.647,1,490.5,0.0130694
107.513,1,490,0.0130627
108.379,1,489.5,0.013063
109.245,1,489,0.0130767
110.111,1,488.5,0.0130946
110.977,1,488,0.0131054
111.843,1,487.5,0.0130432
112.709,1,487,0.0129621
113.575,1,486.5,0.0128677
114.441,1,486,0.0127996
115.307,1,485.5,0.0127169
116.173,1,485,0.0127426
117.039,1,484.5,0.0128686
117.905,1,484,0.0129983
118.771,1,483.5,0.0131299
119.637,1,483,0.0132607
120.503,1,482.5,0.0133354
121.369,1,482,0.0132782
122.235,1,481.5,0.0132504
123.101,1,481,0.0132667
123.967,1,480.5,0.013329
124.833,1,480,0.0134309
125.699,1,479.5,0.013489
126.565,1,479,0.0134685
127.431,1,478.5,0.013372
128.297,1,478,0.0132168
129.164,1,477.5,0.0130373
130.03,1,477,0.012943
130.896,1,476.5,0.0131148
131.762,1,476,0.013284
132.628,1,475.5,0.0134505
133.494,1,475,0.0135984
134.36,1,474.5,0.0137369
135.226,1,474,0.0135855
136.092,1,473.5,0.0133658
136.958,1,473,0.0131618
137.824,1,472.5,0.0129772
138.69,1,472,0.0128048
139.556,1,471.5,0.0127055
140.422,1,471,0.0126939
141.288,1,470.5,0.0126665
142.154,1,470,0.0126247
143.02,1,469.5,0.0125669
143.886,1,469,0.0125019
144.752,1,468.5,0.0123838
145.618,1,468,0.0122759
146.484,1,467.5,0.0121908
147.35,1,467,0.0121418
148.216,1,466.5,0.0121142
149.082,1,466,0.0121256
149.948,1,465.5,0.0121578
150.814,1,465,0.0121582
151.68,1,464.5,0.0121271
152.546,1,464,0.0120921
153.412,1,463.5,0.0120433
154.278,1,463,0.0120641
155.144,1,462.5,0.0121133
156.01,1,462,0.0121821
156.876,1,461.5,0.0122674
157.742,1,461,0.0123652
158.608,1,460.5,0.0124104
159.474,1,460,0.0123804
160.34,1,459.5,0.0123345
161.206,1,459,0.012281
162.072,1,458.5,0.0122229
162.939,1,458,0.0121684
163.805,1,457.5,0.0123341
164.671,1,457,0.0124917
165.537,1,456.5,0.0126406
166.403,1,456,0.0127769
167.269,1,455.5,0.0129051
168.135,1,455,0.012952
169.001,1,454.5,0.0129341
169.867,1,454,0.0129156
170.733,1,453.5,0.0128964
171.599,1,453,0.0128904
172.465,1,452.5,0.0129054
173.331,1,452,0.0130782
174.197,1,451.5,0.0132572
175.063,1,451,0.0134295
175.929,1,450.5,0.0135874
176.795,1,450,0.0137362
177.661,1,449.5,0.0138244
178.527,1,449,0.0139065
179.393,1,448.5,0.0140344
180.259,1,448,0.0142224
181.125,1,447.5,0.0144536
181.991,1,447,0.0147245
182.857,1,446.5,0.0149756
183.723,1,446,0.0152063
184.589,1,445.5,0.0154162
185.455,1,445,0.0156147
186.321,1,444.5,0.0158222
187.187,1,444,0.0160598
188.053,1,443.5,0.0163207
188.919,1,443,0.0165977
189.785,1,442.5,0.0168914
190.651,1,442,0.0171321
191.517,1,441.5,0.0173309
192.383,1,441,0.0174179
193.249,1,440.5,0.0174687
194.115,1,440,0.0174858
194.981,1,439.5,0.0175184
195.847,1,439,0.0175416
196.714,1,438.5,0.0174884
197.58,1,438,0.0174381
198.446,1,437.5,0.0173962
199.312,1,437,0.0173301
200.178,1,436.5,0.01728
201.044,1,436,0.0172313
201.91,1,435.5,0.0171499
202.776,1,435,0.0171195
203.642,1,434.5,0.0171402
204.508,1,434,0.0171557
205.374,1,433.5,0.0172076
206.24,1,433,0.0172295
207.106,1,432.5,0.0172639
207.972,1,432,0.0173326
208.838,1,431.5,0.0174398
209.704,1,431,0.0175642
210.57,1,430.5,0.0176552
211.436,1,430,0.0176847
212.302,1,429.5,0.0177287
213.168,1,429,0.0177765
214.034,1,428.5,0.0178465
214.9,1,428,0.0179295
215.766,1,427.5,0.0179663
216.632,1,427,0.018022
217.498,1,426.5,0.0180994
218.364,1,426,0.0181669
219.23,1,425.5,0.0182495
220.096,1,425,0.0183344
220.962,1,424.5,0.0183789
221.828,1,424,0.0184193
222.694,1,423.5,0.0184561
223.56,1,423,0.018476
224.426,1,422.5,0.0184916
225.292,1,422,0.0185383
226.158,1,421.5,0.018563
227.024,1,421,0.0185727
227.89,1,420.5,0.0185769
228.756,1,420,0.0185687
229.622,1,419.5,0.0185159
230.488,1,419,0.0184134
231.355,1,418.5,0.0182924
232.221,1,418,0.0181501
233.087,1,417.5,0.0179997
233.953,1,417,0.0178401
234.819,1,416.5,0.0176894
235.685,1,416,0.0175186
236.551,1,415.5,0.0173273
237.417,1,415,0.0171224
238.283,1,414.5,0.0169082
239.149,1,414,0.0167068
240.015,1,413.5,0.0165284
240.881,1,413,0.0163482
241.747,1,412.5,0.0161648
242.613,1,412,0.0160002
243.479,1,411.5,0.0158516
244.345,1,411,0.0157671
245.211,1,410.5,0.0156906
246.077,1,410,0.015622
246.943,1,409.5,0.0155477
247.809,1,409,0.0154818
248.675,1,408.5,0.015472
249.541,1,408,0.0154851
250.407,1,407.5,0.015496
251.273,1,407,0.0155126
252.139,1,406.5,0.0155221
253.005,1,406,0.0155229
253.871,1,405.5,0.0155037
254.737,1,405,0.0154761
255.603,1,404.5,0.0154403
256.469,1,404,0.015388
257.335,1,403.5,0.0153269
258.201,1,403,0.0152695
259.067,1,402.5,0.0151979
259.933,1,402,0.0151128
260.799,1,401.5,0.0150172
261.665,1,401,0.0149059
262.531,1,400.5,0.0147768
263.397,1,400,0.0146201
264.263,1,399.5,0.0144595
265.13,1,399,0.0142951
265.996,1,398.5,0.0141277
266.862,1,398,0.0139554
267.728,1,397.5,0.0137895
268.594,1,397,0.0136287
269.46,1,396.5,0.0134616
270.326,1,396,0.0132602
271.192,1,395.5,0.0130589
272.058,1,395,0.0128631
272.924,1,394.5,0.0126856
273.79,1,394,0.0125142
274.656,1,393.5,0.0123487
275.522,1,393,0.0122768
276.388,1,392.5,0.0122154
277.254,1,392,0.0121418
278.12,1,391.5,0.0121327
278.986,1,391,0.012157
279.852,1,390.5,0.0121803
280.718,1,390,0.0122879
281.584,1,389.5,0.0124842
282.45,1,389,0.0127131
283.316,1,388.5,0.0130701
284.182,1,388,0.01364
285.048,1,387.5,0.0142265
285.914,1,387,0.0148529
286.78,1,386.5,0.0156998
287.646,1,386,0.0166211
288.512,1,385.5,0.0175934
289.378,1,385,0.018486
290.244,1,384.5,0.0193994
291.11,1,384,0.0205953
291.976,1,383.5,0.0221511
292.842,1,383,0.0236577
293.708,1,382.5,0.0258736
294.574,1,382,0.0264888
295.44,1,381.5,0.0270304
296.306,1,381,0.0274985
297.172,1,380.5,0.0278929
298.038,1,380,0.0282037
298.905,1,379.5,0.0282505
299.771,1,379,0.0282776
300.637,1,378.5,0.0282868
301.503,1,378,0.0282783
302.369,1,377.5,0.0282518
303.235,1,377,0.0282075
304.101,1,376.5,0.0280427
304.967,1,376,0.0278082
305.833,1,375.5,0.0275527
306.699,1,375,0.0272763
307.565,1,374.5,0.0269666
308.431,1,374,0.0266176
309.297,1,373.5,0.0264576
310.163,1,373,0.0265955
311.029,1,372.5,0.0267232
311.895,1,372,0.0268407
312.761,1,371.5,0.0269479
313.627,1,371,0.0270449
314.493,1,370.5,0.0271415
315.359,1,370,0.0274232
316.225,1,369.5,0.0276753
317.091,1,369,0.0278628
317.957,1,368.5,0.0279272
318.823,1,368,0.027956
319.689,1,367.5,0.0279491
320.555,1,367,0.028148
321.421,1,366.5,0.0283697
322.287,1,366,0.028521
323.153,1,365.5,0.0286018
324.019,1,365,0.0286121
324.885,1,364.5,0.028552
325.751,1,364,0.02851
326.617,1,363.5,0.0287052
327.483,1,363,0.0291729
328.349,1,362.5,0.0296153
329.215,1,362,0.0300323
330.081,1,361.5,0.030424
330.947,1,361,0.0307649
331.813,1,360.5,0.0294145
332.679,1,360,0.0289542
333.546,1,359.5,0.0284039
334.412,1,359,0.0282663
335.278,1,358.5,0.0281236
336.144,1,358,0.0279697
337.01,1,357.5,0.0278711
337.876,1,357,0.027837
338.742,1,356.5,0.0278914
339.608,1,356,0.0280321
340.474,1,355.5,0.0282617
341.34,1,355,0.0285719
342.206,1,354.5,0.0289138
343.072,1,354,0.029227
343.938,1,353.5,0.0291526
344.804,1,353,0.0290837
345.67,1,352.5,0.0290412
346.536,1,352,0.029006
347.402,1,351.5,0.0289739
348.268,1,351,0.0287609
349.134,1,350.5,0.0298056
350,1,350,0.034125
350.866,1,349.5,0.0348532
351.732,1,349,0.0356963
352.598,1,348.5,0.0366541
353.464,1,348,0.0369168
354.33,1,347.5,0.0370424
355.196,1,347,0.0369546
356.062,1,346.5,0.0366758
356.928,1,346,0.0363984
357.794,1,345.5,0.0361225
358.66,1,345,0.0358187
359.526,1,344.5,0.0354947
360.392,1,344,0.0351782
361.258,1,343.5,0.0348692
362.124,1,343,0.0345676
362.99,1,342.5,0.0342735
363.856,1,342,0.0339869
364.722,1,341.5,0.0340256
365.588,1,341,0.0343529
366.454,1,340.5,0.0347744
367.321,1,340,0.0352901
368.187,1,339.5,0.0359
369.053,1,339,0.0353377
369.919,1,338.5,0.0353691
370.785,1,338,0.0353664
371.651,1,337.5,0.035348
372.517,1,337,0.0355773
373.383,1,336.5,0.0359666
374.249,1,336,0.0363438
375.115,1,335.5,0.0368005
375.981,1,335,0.0373358
376.847,1,334.5,0.0372616
377.713,1,334,0.0373951
378.579,1,333.5,0.0377849
379.445,1,333,0.0381642
380.311,1,332.5,0.0386224
381.177,1,332,0.0390344
382.043,1,331.5,0.0393533
382.909,1,331,0.0397574
383.775,1,330.5,0.0402767
384.641,1,330,0.0407573
385.507,1,329.5,0.0410974
386.373,1,329,0.0411302
387.239,1,328.5,0.0411969
388.105,1,328,0.0411771
388.971,1,327.5,0.0411759
389.837,1,327,0.0411694
390.703,1,326.5,0.0411836
391.569,1,326,0.0412828
392.435,1,325.5,0.0413676
393.301,1,325,0.0413803
394.167,1,324.5,0.0413772
395.033,1,324,0.0413664
395.899,1,323.5,0.0413889
396.765,1,323,0.0413669
397.631,1,322.5,0.0413122
398.497,1,322,0.0413182
399.363,1,321.5,0.0412625
400.229,1,321,0.0411886
401.095,1,320.5,0.0412997
401.962,1,320,0.0414563
402.828,1,319.5,0.0415434
403.694,1,319,0.0416861
404.56,1,318.5,0.0419328
405.426,1,318,0.0429545
406.292,1,317.5,0.0443657
407.158,1,317,0.0474256
408.024,1,316.5,0.0476746
408.89,1,316,0.0479188
409.756,1,315.5,0.0481409
410.622,1,315,0.048341
411.488,1,314.5,0.0485189
412.354,1,314,0.0488374
413.22,1,313.5,0.049213
414.086,1,313,0.0496946
414.952,1,312.5,0.0503013
415.818,1,312,0.051033
416.684,1,311.5,0.0518899
417.55,1,311,0.0528717
418.416,1,310.5,0.0539449
419.282,1,310,0.0545549
420.148,1,309.5,0.0550933
421.014,1,309,0.0555603
421.88,1,308.5,0.0553058
422.746,1,308,0.0549519
423.612,1,307.5,0.0545194
424.478,1,307,0.0536305
425.344,1,306.5,0.0528378
426.21,1,306,0.0523096
427.076,1,305.5,0.052046
427.942,1,305,0.0520469
428.808,1,304.5,0.0523123
429.674,1,304,0.0536716
430.54,1,303.5,0.0560767
431.406,1,303,0.0574671
432.272,1,302.5,0.0588592
433.138,1,302,0.0600047
434.004,1,301.5,0.0600687
434.87,1,301,0.0599188
435.737,1,300.5,0.0599955
436.603,1,300,0.060029
437.469,1,299.5,0.0599671
438.335,1,299,0.0606673
439.201,1,298.5,0.0615182
440.067,1,298,0.0622531
440.933,1,297.5,0.0629666
441.799,1,297,0.0636349
442.665,1,296.5,0.0641419
443.531,1,296,0.0645658
444.397,1,295.5,0.0649803
445.263,1,295,0.0653343
446.129,1,294.5,0.0656117
446.995,1,294,0.0658123
447.861,1,293.5,0.0663093
448.727,1,293,0.0669076
449.593,1,292.5,0.0675688
450.459,1,292,0.0683929
451.325,1,291.5,0.0692295
452.191,1,291,0.0698915
453.057,1,290.5,0.0704547
453.923,1,290,0.0711339
454.789,1,289.5,0.0719063
455.655,1,289,0.0728374
456.521,1,288.5,0.0739695
457.387,1,288,0.0745193
458.253,1,287.5,0.0751053
459.119,1,287,0.0759263
459.985,1,286.5,0.0769889
460.851,1,286,0.0783281
461.717,1,285.5,0.0801156
462.583,1,285,0.0820534
463.449,1,284.5,0.0842268
464.315,1,284,0.086055
465.181,1,283.5,0.0880435
466.047,1,283,0.0901993
466.913,1,282.5,0.0912214
467.779,1,282,0.0921985
468.645,1,281.5,0.0932652
469.512,1,281,0.0942193
470.378,1,280.5,0.0950452
471.244,1,280,0.0957035
472.11,1,279.5,0.0961179
472.976,1,279,0.0963306
473.842,1,278.5,0.096505
474.708,1,278,0.0965723
475.574,1,277.5,0.0964186
476.44,1,277,0.0958362
477.306,1,276.5,0.0951296
478.172,1,276,0.0940286
479.038,1,275.5,0.0927261
479.904,1,275,0.0912176
480.77,1,274.5,0.0896402
481.636,1,274,0.0881493
482.502,1,273.5,0.0865739
483.368,1,273,0.0849462
484.234,1,272.5,0.0830338
485.1,1,272,0.080703
485.966,1,271.5,0.077995
486.832,1,271,0.0751698
487.698,1,270.5,0.0719802
488.564,1,270,0.0696207
489.43,1,269.5,0.0683979
490.296,1,269,0.0675926
491.162,1,268.5,0.0675515
492.028,1,268,0.0689816
492.894,1,267.5,0.0710384
493.76,1,267,0.0732514
494.626,1,266.5,0.0741105
495.492,1,266,0.0738157
496.358,1,265.5,0.0737407
497.224,1,265,0.0728741
498.09,1,264.5,0.0693361
498.956,1,264,0.0584523
499.822,1,263.5,0.0477532
500.688,1,263,0.0423415
501.554,1,262.5,0.0413276
502.42,1,262,0.0396133
503.286,1,261.5,0.0371123
504.153,1,261,0.034162
505.019,1,260.5,0.0310784
505.885,1,260,0.0307488
506.751,1,259.5,0.0293332
507.617,1,259,0.0270063
508.483,1,258.5,0.0272609
509.349,1,258,0.0250742
510.215,1,257.5,0.02439
511.081,1,257,0.0257894
511.947,1,256.5,0.0261092
512.813,1,256,0.0277175
513.679,1,255.5,0.031043
514.545,1,255,0.0343235
515.411,1,254.5,0.0367549
516.277,1,254,0.0386219
517.143,1,253.5,0.0403015
518.009,1,253,0.041798
518.875,1,252.5,0.0427873
519.741,1,252,0.0432881
520.607,1,251.5,0.0433634
521.473,1,251,0.0426944
522.339,1,250.5,0.0415697
523.205,1,250,0.0399614
524.071,1,249.5,0.0377037
524.937,1,249,0.0354394
525.803,1,248.5,0.0307137
526.669,1,248,0.0292046
527.535,1,247.5,0.0287397
528.401,1,247,0.028552
529.267,1,246.5,0.0282182
530.133,1,246,0.0278118
530.999,1,245.5,0.0275136
531.865,1,245,0.0272393
532.731,1,244.5,0.0269656
533.597,1,244,0.0266627
534.463,1,243.5,0.0263991
535.329,1,243,0.0262279
536.195,1,242.5,0.0259568
537.061,1,242,0.0256168
537.928,1,241.5,0.0253802
538.794,1,241,0.0253252
539.66,1,240.5,0.0254031
540.526,1,240,0.0256127
541.392,1,239.5,0.0257696
542.258,1,239,0.0258864
543.124,1,238.5,0.02602
543.99,1,238,0.0262555
544.856,1,237.5,0.0265243
545.722,1,237,0.026998
546.588,1,236.5,0.0276004
547.454,1,236,0.028263
548.32,1,235.5,0.029127
549.186,1,235,0.0301037
550.052,1,234.5,0.0311374
550.918,1,234,0.032221
551.784,1,233.5,0.0332301
552.65,1,233,0.0341723
553.516,1,232.5,0.0350471
554.382,1,232,0.0358998
555.248,1,231.5,0.0369969
556.114,1,231,0.0380227
556.98,1,230.5,0.0387928
557.846,1,230,0.0405955
558.712,1,229.5,0.0423185
559.578,1,229,0.0427864
560.444,1,228.5,0.04235
561.31,1,228,0.0412725
562.176,1,227.5,0.0396393
563.042,1,227,0.0377291
563.908,1,226.5,0.0360696
564.774,1,226,0.0347437
565.64,1,225.5,0.0343335
566.506,1,225,0.0346128
567.372,1,224.5,0.0350615
568.238,1,224,0.0358183
569.104,1,223.5,0.0365039
569.97,1,223,0.037115
570.836,1,222.5,0.0370351
571.703,1,222,0.0368716
572.569,1,221.5,0.0368156
573.435,1,221,0.0364299
574.301,1,220.5,0.0360559
575.167,1,220,0.0358246
576.033,1,219.5,0.0351568
576.899,1,219,0.0343705
577.765,1,218.5,0.0337158
578.631,1,218,0.033231
579.497,1,217.5,0.0327992
580.363,1,217,0.0319896
581.229,1,216.5,0.0311286
582.095,1,216,0.0302423
582.961,1,215.5,0.0292718
583.827,1,215,0.0281953
584.693,1,214.5,0.0265448
585.559,1,214,0.0248866
586.425,1,213.5,0.0233236
587.291,1,213,0.0222728
588.157,1,212.5,0.0212707
589.023,1,212,0.0202577
589.889,1,211.5,0.0201089
590.755,1,211,0.0202981
591.621,1,210.5,0.020523
592.487,1,210,0.0211993
593.353,1,209.5,0.0222683
594.219,1,209,0.0234444
595.085,1,208.5,0.0244806
595.951,1,208,0.0251383
596.817,1,207.5,0.0256849
597.683,1,207,0.0260158
598.549,1,206.5,0.0259513
599.415,1,206,0.0258379
600.281,1,205.5,0.0256443
601.147,1,205,0.0252579
602.013,1,204.5,0.0248131
602.879,1,204,0.0243099
603.745,1,203.5,0.0237658
604.611,1,203,0.0232096
605.477,1,202.5,0.0226492
606.344,1,202,0.0221801
607.21,1,201.5,0.0216866
608.076,1,201,0.0211368
608.942,1,200.5,0.0209213
609.808,1,200,0.0208188
