x,y,z,b
90.1924,1,500,0.0135948
91.0584,1,499.5,0.0134794
91.9244,1,499,0.0133693
92.7905,1,498.5,0.0133197
93.6565,1,498,0.0132702
94.5225,1,497.5,0.0132268
95.3885,1,497,0.0132037
96.2546,1,496.5,0.0131788
97.1206,1,496,0.0131091
97.9866,1,495.5,0.0130272
98.8526,1,495,0.0129643
99.7187,1,494.5,0.0129203
100.585,1,494,0.0129264
101.451,1,493.5,0.012952
102.317,1,493,0.012953
103.183,1,492.5,0.0129507
104.049,1,492,0.0129266
104.915,1,491.5,0.0128711
105.781,1,491,0.0127903
106.647,1,490.5,0.0128028
107.513,1,490,0.0129032
108.379,1,489.5,0.0130385
109.245,1,489,0.0132076
110.111,1,488.5,0.0134049
110.977,1,488,0.0135766
111.843,1,487.5,0.0134849
112.709,1,487,0.0133653
113.575,1,486.5,0.0132163
114.441,1,486,0.0130443
115.307,1,485.5,0.012874
116.173,1,485,0.0129351
117.039,1,484.5,0.013095
117.905,1,484,0.0132309
118.771,1,483.5,0.0133423
119.637,1,483,0.0134258
120.503,1,482.5,0.0134368
121.369,1,482,0.0133282
122.235,1,481.5,0.0132516
123.101,1,481,0.0132173
123.967,1,480.5,0.0132274
124.833,1,480,0.0132846
125.699,1,479.5,0.0133378
126.565,1,479,0.0133202
127.431,1,478.5,0.0132373
128.297,1,478,0.0130949
129.164,1,477.5,0.012889
130.03,1,477,0.012736
130.896,1,476.5,0.0128762
131.762,1,476,0.0130421
132.628,1,475.5,0.0132336
133.494,1,475,0.0134516
134.36,1,474.5,0.0136827
135.226,1,474,0.0135965
136.092,1,473.5,0.0134423
136.958,1,473,0.0132939
137.824,1,472.5,0.0131508
138.69,1,472,0.0130398
139.556,1,471.5,0.0131124
140.422,1,471,0.0134342
141.288,1,470.5,0.0137234
142.154,1,470,0.013972
143.02,1,469.5,0.0141717
143.886,1,469,0.0143223
144.752,1,468.5,0.0142574
145.618,1,468,0.0142223
146.484,1,467.5,0.0142404
147.35,1,467,0.0143041
148.216,1,466.5,0.0144219
149.082,1,466,0.0145541
149.948,1,465.5,0.0146017
150.814,1,465,0.0145935
151.68,1,464.5,0.0145296
152.546,1,464,0.0143933
153.412,1,463.5,0.0142197
154.278,1,463,0.0142806
155.144,1,462.5,0.0143855
156.01,1,462,0.0145258
156.876,1,461.5,0.0147067
157.742,1,461,0.0148998
158.608,1,460.5,0.0149397
159.474,1,460,0.0148058
160.34,1,459.5,0.0146567
161.206,1,459,0.0144932
162.072,1,458.5,0.0143213
162.939,1,458,0.0141429
163.805,1,457.5,0.0143003
164.671,1,457,0.0144676
165.537,1,456.5,0.0146419
166.403,1,456,0.0148068
167.269,1,455.5,0.0149831
168.135,1,455,0.0149266
169.001,1,454.5,0.014645
169.867,1,454,0.0143515
170.733,1,453.5,0.0140468
171.599,1,453,0.0137325
172.465,1,452.5,0.0134421
173.331,1,452,0.0135636
174.197,1,451.5,0.0137345
175.063,1,451,0.0139215
175.929,1,450.5,0.0141055
176.795,1,450,0.0142831
177.661,1,449.5,0.0142462
178.527,1,449,0.0140867
179.393,1,448.5,0.0139359
180.259,1,448,0.0138014
181.125,1,447.5,0.0136894
181.991,1,447,0.0136302
182.857,1,446.5,0.0137419
183.723,1,446,0.0138244
184.589,1,445.5,0.0138783
185.455,1,445,0.0139143
186.321,1,444.5,0.0139158
187.187,1,444,0.0139016
188.053,1,443.5,0.013903
188.919,1,443,0.0139131
189.785,1,442.5,0.0139318
190.651,1,442,0.01395
191.517,1,441.5,0.0139543
192.383,1,441,0.0138858
193.249,1,440.5,0.0137948
194.115,1,440,0.0136892
194.981,1,439.5,0.0135764
195.847,1,439,0.0134588
196.714,1,438.5,0.0134326
197.58,1,438,0.0134375
198.446,1,437.5,0.0134409
199.312,1,437,0.0134387
200.178,1,436.5,0.0134296
201.044,1,436,0.0133908
201.91,1,435.5,0.0132833
202.776,1,435,0.0131717
203.642,1,434.5,0.0130561
204.508,1,434,0.012955
205.374,1,433.5,0.0128547
206.24,1,433,0.0127913
207.106,1,432.5,0.0127642
207.972,1,432,0.0127449
208.838,1,431.5,0.012726
209.704,1,431,0.012712
210.57,1,430.5,0.0126998
211.436,1,430,0.012692
212.302,1,429.5,0.0126835
213.168,1,429,0.0126739
214.034,1,428.5,0.0126621
214.9,1,428,0.0126512
215.766,1,427.5,0.0126261
216.632,1,427,0.0126
217.498,1,426.5,0.0125803
218.364,1,426,0.01259
219.23,1,425.5,0.0126086
220.096,1,425,0.0126375
220.962,1,424.5,0.0127201
221.828,1,424,0.0127615
222.694,1,423.5,0.0127597
223.56,1,423,0.0127693
224.426,1,422.5,0.0127413
225.292,1,422,0.0130006
226.158,1,421.5,0.0133715
227.024,1,421,0.0137715
227.89,1,420.5,0.0141657
228.756,1,420,0.0145694
229.622,1,419.5,0.0147728
230.488,1,419,0.0147525
231.355,1,418.5,0.0147469
232.221,1,418,0.0147625
233.087,1,417.5,0.0148127
233.953,1,417,0.0148943
234.819,1,416.5,0.0151826
235.685,1,416,0.0154544
236.551,1,415.5,0.0157019
237.417,1,415,0.0157874
238.283,1,414.5,0.0158391
239.149,1,414,0.01585
240.015,1,413.5,0.0158073
240.881,1,413,0.0157659
241.747,1,412.5,0.0157339
242.613,1,412,0.0156818
243.479,1,411.5,0.0156255
244.345,1,411,0.0155329
245.211,1,410.5,0.0154084
246.077,1,410,0.0152551
246.943,1,409.5,0.015089
247.809,1,409,0.014929
248.675,1,408.5,0.0148249
249.541,1,408,0.0147567
250.407,1,407.5,0.0147199
251.273,1,407,0.0147443
252.139,1,406.5,0.0147824
253.005,1,406,0.0148231
253.871,1,405.5,0.0147927
254.737,1,405,0.0147922
255.603,1,404.5,0.0148214
256.469,1,404,0.0148556
257.335,1,403.5,0.0149083
258.201,1,403,0.0149671
259.067,1,402.5,0.0149279
259.933,1,402,0.0148595
260.799,1,401.5,0.0147897
261.665,1,401,0.0145784
262.531,1,400.5,0.0142474
263.397,1,400,0.0138059
264.263,1,399.5,0.0131342
265.13,1,399,0.0121811
265.996,1,398.5,0.0111962
266.862,1,398,0.0103959
267.728,1,397.5,0.0103441
268.594,1,397,0.0105149
269.46,1,396.5,0.0111166
270.326,1,396,0.0135519
271.192,1,395.5,0.0161708
272.058,1,395,0.0188732
272.924,1,394.5,0.0216568
273.79,1,394,0.0252024
274.656,1,393.5,0.0276487
275.522,1,393,0.0302156
276.388,1,392.5,0.0325568
277.254,1,392,0.0337567
278.12,1,391.5,0.0347251
278.986,1,391,0.0354374
279.852,1,390.5,0.0353963
280.718,1,390,0.0355943
281.584,1,389.5,0.0360316
282.45,1,389,0.035661
283.316,1,388.5,0.0354186
284.182,1,388,0.0353763
285.048,1,387.5,0.0355342
285.914,1,387,0.0358922
286.78,1,386.5,0.0364503
287.646,1,386,0.0370269
288.512,1,385.5,0.0373366
289.378,1,385,0.0361193
290.244,1,384.5,0.034895
291.11,1,384,0.0336637
291.976,1,383.5,0.0324254
292.842,1,383,0.0311386
293.708,1,382.5,0.0259174
294.574,1,382,0.0232648
295.44,1,381.5,0.0207592
296.306,1,381,0.0199928
297.172,1,380.5,0.0197477
298.038,1,380,0.0196839
298.905,1,379.5,0.0196123
299.771,1,379,0.0201579
300.637,1,378.5,0.0221927
301.503,1,378,0.0243916
302.369,1,377.5,0.025848
303.235,1,377,0.0271981
304.101,1,376.5,0.028816
304.967,1,376,0.0308847
305.833,1,375.5,0.0333644
306.699,1,375,0.0375782
307.565,1,374.5,0.0439241
308.431,1,374,0.0484561
309.297,1,373.5,0.0523972
310.163,1,373,0.0553923
311.029,1,372.5,0.0565803
311.895,1,372,0.0571825
312.761,1,371.5,0.0574564
313.627,1,371,0.0571655
314.493,1,370.5,0.0564412
315.359,1,370,0.056325
316.225,1,369.5,0.0564423
317.091,1,369,0.0566357
317.957,1,368.5,0.0567314
318.823,1,368,0.0570238
319.689,1,367.5,0.0579091
320.555,1,367,0.0587947
321.421,1,366.5,0.0598326
322.287,1,366,0.0616403
323.153,1,365.5,0.0636579
324.019,1,365,0.0658846
324.885,1,364.5,0.0674887
325.751,1,364,0.0689647
326.617,1,363.5,0.0703156
327.483,1,363,0.0715247
328.349,1,362.5,0.0725623
329.215,1,362,0.0733331
330.081,1,361.5,0.0738249
330.947,1,361,0.0741271
331.813,1,360.5,0.0742782
332.679,1,360,0.0741785
333.546,1,359.5,0.0741876
334.412,1,359,0.074439
335.278,1,358.5,0.0753897
336.144,1,358,0.0772211
337.01,1,357.5,0.0786353
337.876,1,357,0.0795108
338.742,1,356.5,0.0799657
339.608,1,356,0.0798749
340.474,1,355.5,0.0814643
341.34,1,355,0.0827178
342.206,1,354.5,0.0839422
343.072,1,354,0.085211
343.938,1,353.5,0.0870105
344.804,1,353,0.0878939
345.67,1,352.5,0.0877703
346.536,1,352,0.0798195
347.402,1,351.5,0.065419
348.268,1,351,0.0534812
349.134,1,350.5,0.0431713
350,1,350,0.0340478
350.866,1,349.5,0.0240075
351.732,1,349,0.0246062
352.598,1,348.5,0.0271453
353.464,1,348,0.031451
354.33,1,347.5,0.034615
355.196,1,347,0.0347094
356.062,1,346.5,0.035183
356.928,1,346,0.0352727
357.794,1,345.5,0.0347073
358.66,1,345,0.0344202
359.526,1,344.5,0.0342787
360.392,1,344,0.0339749
361.258,1,343.5,0.0329281
362.124,1,343,0.0316654
362.99,1,342.5,0.0320693
363.856,1,342,0.0328486
364.722,1,341.5,0.03384
365.588,1,341,0.0351211
366.454,1,340.5,0.0365159
367.321,1,340,0.0369634
368.187,1,339.5,0.037305
369.053,1,339,0.0377081
369.919,1,338.5,0.038112
370.785,1,338,0.0385523
371.651,1,337.5,0.0390267
372.517,1,337,0.0393928
373.383,1,336.5,0.0396749
374.249,1,336,0.0399872
375.115,1,335.5,0.0402333
375.981,1,335,0.0404147
376.847,1,334.5,0.0408933
377.713,1,334,0.041292
378.579,1,333.5,0.0416078
379.445,1,333,0.0419073
380.311,1,332.5,0.0421502
381.177,1,332,0.0423846
382.043,1,331.5,0.0433332
382.909,1,331,0.0460365
383.775,1,330.5,0.0461241
384.641,1,330,0.0462964
385.507,1,329.5,0.0465682
386.373,1,329,0.0476371
387.239,1,328.5,0.0487247
388.105,1,328,0.0486355
388.971,1,327.5,0.0494678
389.837,1,327,0.0504447
390.703,1,326.5,0.0513398
391.569,1,326,0.0523352
392.435,1,325.5,0.0533549
393.301,1,325,0.0542414
394.167,1,324.5,0.0551172
395.033,1,324,0.0556811
395.899,1,323.5,0.0562702
396.765,1,323,0.0565439
397.631,1,322.5,0.0560785
398.497,1,322,0.0555552
399.363,1,321.5,0.054974
400.229,1,321,0.0543349
401.095,1,320.5,0.0536378
401.962,1,320,0.052884
402.828,1,319.5,0.0525063
403.694,1,319,0.0522212
404.56,1,318.5,0.0519788
405.426,1,318,0.0517792
406.292,1,317.5,0.0516223
407.158,1,317,0.0497968
408.024,1,316.5,0.0492016
408.89,1,316,0.0487721
409.756,1,315.5,0.0498488
410.622,1,315,0.052073
411.488,1,314.5,0.0520988
412.354,1,314,0.051872
413.22,1,313.5,0.0514964
414.086,1,313,0.0509513
414.952,1,312.5,0.0503889
415.818,1,312,0.0498092
416.684,1,311.5,0.0475217
417.55,1,311,0.0458875
418.416,1,310.5,0.0444088
419.282,1,310,0.0437007
420.148,1,309.5,0.0435875
421.014,1,309,0.0436415
421.88,1,308.5,0.0431658
422.746,1,308,0.0426435
423.612,1,307.5,0.0422453
424.478,1,307,0.0417597
425.344,1,306.5,0.0413109
426.21,1,306,0.040716
427.076,1,305.5,0.0402865
427.942,1,305,0.0401819
428.808,1,304.5,0.0400671
429.674,1,304,0.0403714
430.54,1,303.5,0.0413438
431.406,1,303,0.041756
432.272,1,302.5,0.0422591
433.138,1,302,0.0428706
434.004,1,301.5,0.0433962
434.87,1,301,0.0436778
435.737,1,300.5,0.04377
436.603,1,300,0.044051
437.469,1,299.5,0.0447079
438.335,1,299,0.045538
439.201,1,298.5,0.0457326
440.067,1,298,0.0457935
440.933,1,297.5,0.0459504
441.799,1,297,0.0461617
442.665,1,296.5,0.046284
443.531,1,296,0.0463173
444.397,1,295.5,0.0462616
445.263,1,295,0.046117
446.129,1,294.5,0.0458819
446.995,1,294,0.0456401
447.861,1,293.5,0.0454215
448.727,1,293,0.0452262
449.593,1,292.5,0.04512
450.459,1,292,0.0453603
451.325,1,291.5,0.0454956
452.191,1,291,0.0452674
453.057,1,290.5,0.045021
453.923,1,290,0.0447564
454.789,1,289.5,0.0433355
455.655,1,289,0.0427494
456.521,1,288.5,0.0422581
457.387,1,288,0.0418201
458.253,1,287.5,0.0414177
459.119,1,287,0.0413322
459.985,1,286.5,0.041432
460.851,1,286,0.041652
461.717,1,285.5,0.040869
462.583,1,285,0.0393986
463.449,1,284.5,0.0379194
464.315,1,284,0.0364447
465.181,1,283.5,0.0349816
466.047,1,283,0.0335499
466.913,1,282.5,0.0333908
467.779,1,282,0.033261
468.645,1,281.5,0.03316
469.512,1,281,0.0332086
470.378,1,280.5,0.0333803
471.244,1,280,0.0337119
472.11,1,279.5,0.0341528
472.976,1,279,0.0345742
473.842,1,278.5,0.034959
474.708,1,278,0.0352256
475.574,1,277.5,0.0353277
476.44,1,277,0.0356314
477.306,1,276.5,0.0360342
478.172,1,276,0.0366413
479.038,1,275.5,0.0372867
479.904,1,275,0.0379792
480.77,1,274.5,0.0389034
481.636,1,274,0.0396363
482.502,1,273.5,0.0402395
483.368,1,273,0.0412034
484.234,1,272.5,0.0421286
485.1,1,272,0.0428584
485.966,1,271.5,0.0419838
486.832,1,271,0.0407482
487.698,1,270.5,0.039553
488.564,1,270,0.0383453
489.43,1,269.5,0.0372014
490.296,1,269,0.0365199
491.162,1,268.5,0.0361955
492.028,1,268,0.0360225
492.894,1,267.5,0.0357872
493.76,1,267,0.035627
494.626,1,266.5,0.0358946
495.492,1,266,0.0362905
496.358,1,265.5,0.0367191
497.224,1,265,0.0376022
498.09,1,264.5,0.0385853
498.956,1,264,0.0387753
499.822,1,263.5,0.0391249
500.688,1,263,0.040348
501.554,1,262.5,0.0409804
502.42,1,262,0.0415596
503.286,1,261.5,0.0419901
504.153,1,261,0.0422935
505.019,1,260.5,0.0424096
505.885,1,260,0.0423973
506.751,1,259.5,0.0423647
507.617,1,259,0.0423191
508.483,1,258.5,0.0422086
509.349,1,258,0.0421184
510.215,1,257.5,0.042084
511.081,1,257,0.0421704
511.947,1,256.5,0.0421478
512.813,1,256,0.0420021
513.679,1,255.5,0.0417257
514.545,1,255,0.0416646
515.411,1,254.5,0.0416715
516.277,1,254,0.0410328
517.143,1,253.5,0.0405187
518.009,1,253,0.0401458
518.875,1,252.5,0.0393221
519.741,1,252,0.0386166
520.607,1,251.5,0.0381648
521.473,1,251,0.0374971
522.339,1,250.5,0.0366365
523.205,1,250,0.0356529
524.071,1,249.5,0.0345111
524.937,1,249,0.0333068
525.803,1,248.5,0.0321721
526.669,1,248,0.0312763
527.535,1,247.5,0.0307728
528.401,1,247,0.0301459
529.267,1,246.5,0.0299478
530.133,1,246,0.0304221
530.999,1,245.5,0.0308537
531.865,1,245,0.0312418
532.731,1,244.5,0.0312187
533.597,1,244,0.0307079
534.463,1,243.5,0.0300904
535.329,1,243,0.0292898
536.195,1,242.5,0.0284689
537.061,1,242,0.0276449
537.928,1,241.5,0.0271994
538.794,1,241,0.0267425
539.66,1,240.5,0.0262889
540.526,1,240,0.0258157
541.392,1,239.5,0.0253138
542.258,1,239,0.0249032
543.124,1,238.5,0.0247577
543.99,1,238,0.0249645
544.856,1,237.5,0.0251421
545.722,1,237,0.0253461
546.588,1,236.5,0.0258007
547.454,1,236,0.0263627
548.32,1,235.5,0.026846
549.186,1,235,0.0274596
550.052,1,234.5,0.0280918
550.918,1,234,0.0287426
551.784,1,233.5,0.0294096
552.65,1,233,0.0299027
553.516,1,232.5,0.0303573
554.382,1,232,0.0309393
555.248,1,231.5,0.0316805
556.114,1,231,0.0324964
556.98,1,230.5,0.0326211
557.846,1,230,0.0327856
558.712,1,229.5,0.033214
559.578,1,229,0.0335126
560.444,1,228.5,0.0335182
561.31,1,228,0.0340445
562.176,1,227.5,0.0349713
563.042,1,227,0.0355913
563.908,1,226.5,0.0363482
564.774,1,226,0.037131
565.64,1,225.5,0.0372603
566.506,1,225,0.0368921
567.372,1,224.5,0.0363505
568.238,1,224,0.034861
569.104,1,223.5,0.0332325
569.97,1,223,0.0314837
570.836,1,222.5,0.0296146
571.703,1,222,0.0279013
572.569,1,221.5,0.0268875
573.435,1,221,0.0259857
574.301,1,220.5,0.0240199
575.167,1,220,0.0224448
576.033,1,219.5,0.0223347
576.899,1,219,0.0229765
577.765,1,218.5,0.024244
578.631,1,218,0.0247105
579.497,1,217.5,0.0250165
580.363,1,217,0.0251621
581.229,1,216.5,0.0251473
582.095,1,216,0.0249863
582.961,1,215.5,0.025538
583.827,1,215,0.0262266
584.693,1,214.5,0.0268114
585.559,1,214,0.0272909
586.425,1,213.5,0.0276202
587.291,1,213,0.0279441
588.157,1,212.5,0.0280881
589.023,1,212,0.0281834
589.889,1,211.5,0.0283498
590.755,1,211,0.0276863
591.621,1,210.5,0.0273798
592.487,1,210,0.0273611
593.353,1,209.5,0.0273918
594.219,1,209,0.0272917
595.085,1,208.5,0.0271662
595.951,1,208,0.0272128
596.817,1,207.5,0.027279
597.683,1,207,0.0275411
598.549,1,206.5,0.0283285
599.415,1,206,0.0287859
600.281,1,205.5,0.029055
601.147,1,205,0.0285621
602.013,1,204.5,0.0280392
602.879,1,204,0.0274863
603.745,1,203.5,0.0267156
604.611,1,203,0.0260953
605.477,1,202.5,0.0255867
606.344,1,202,0.0249956
607.21,1,201.5,0.0243681
608.076,1,201,0.0237462
608.942,1,200.5,0.0240262
609.808,1,200,0.0245903
