x,y,z,b
90.1924,1,500,0.0137634
91.0584,1,499.5,0.0137419
91.9244,1,499,0.0137172
92.7905,1,498.5,0.0136817
93.6565,1,498,0.013642
94.5225,1,497.5,0.013595
95.3885,1,497,0.0135324
96.2546,1,496.5,0.0134653
97.1206,1,496,0.0134327
97.9866,1,495.5,0.0134169
98.8526,1,495,0.0134043
99.7187,1,494.5,0.0133949
100.585,1,494,0.0133606
101.451,1,493.5,0.0133121
102.317,1,493,0.0131987
103.183,1,492.5,0.013057
104.049,1,492,0.0129049
104.915,1,491.5,0.0127492
105.781,1,491,0.0126043
106.647,1,490.5,0.0125149
107.513,1,490,0.0124277
108.379,1,489.5,0.012327
109.245,1,489,0.0121972
110.111,1,488.5,0.0120151
110.977,1,488,0.0118416
111.843,1,487.5,0.011907
112.709,1,487,0.0120016
113.575,1,486.5,0.0121306
114.441,1,486,0.0123123
115.307,1,485.5,0.0124933
116.173,1,485,0.012459
117.039,1,484.5,0.0123316
117.905,1,484,0.0122078
118.771,1,483.5,0.0120873
119.637,1,483,0.0119982
120.503,1,482.5,0.0119811
121.369,1,482,0.012087
122.235,1,481.5,0.0121856
123.101,1,481,0.0122462
123.967,1,480.5,0.0122431
124.833,1,480,0.0121875
125.699,1,479.5,0.0122114
126.565,1,479,0.012331
127.431,1,478.5,0.0125139
128.297,1,478,0.0127475
129.164,1,477.5,0.0130381
130.03,1,477,0.0132327
130.896,1,476.5,0.0130323
131.762,1,476,0.0127976
132.628,1,475.5,0.0125286
133.494,1,475,0.0122356
134.36,1,474.5,0.0119216
135.226,1,474,0.0120417
136.092,1,473.5,0.0122737
136.958,1,473,0.0125127
137.824,1,472.5,0.0127576
138.69,1,472,0.0130008
139.556,1,471.5,0.0130335
140.422,1,471,0.0127193
141.288,1,470.5,0.0124423
142.154,1,470,0.0122246
143.02,1,469.5,0.0120589
143.886,1,469,0.011975
144.752,1,468.5,0.0122511
145.618,1,468,0.0124904
146.484,1,467.5,0.0126544
147.35,1,467,0.0127377
148.216,1,466.5,0.0127373
149.082,1,466,0.0126825
149.948,1,465.5,0.0126998
150.814,1,465,0.0127939
151.68,1,464.5,0.0129648
152.546,1,464,0.0131621
153.412,1,463.5,0.0134014
154.278,1,463,0.0134211
155.144,1,462.5,0.0133642
156.01,1,462,0.0132599
156.876,1,461.5,0.0131125
157.742,1,461,0.0129413
158.608,1,460.5,0.0129462
159.474,1,460,0.013191
160.34,1,459.5,0.0134967
161.206,1,459,0.0138422
162.072,1,458.5,0.0142004
162.939,1,458,0.0145522
163.805,1,457.5,0.0144312
164.671,1,457,0.0142951
165.537,1,456.5,0.0141461
166.403,1,456,0.0140227
167.269,1,455.5,0.0139269
168.135,1,455,0.014068
169.001,1,454.5,0.0143882
169.867,1,454,0.0146543
170.733,1,453.5,0.0148649
171.599,1,453,0.0150199
172.465,1,452.5,0.0151281
173.331,1,452,0.0151923
174.197,1,451.5,0.0152626
175.063,1,451,0.0153302
175.929,1,450.5,0.0153915
176.795,1,450,0.0154507
177.661,1,449.5,0.0155191
178.527,1,449,0.0155799
179.393,1,448.5,0.0156302
180.259,1,448,0.0156789
181.125,1,447.5,0.0157127
181.991,1,447,0.0157425
182.857,1,446.5,0.0158186
183.723,1,446,0.0158813
184.589,1,445.5,0.0159314
185.455,1,445,0.0159916
186.321,1,444.5,0.0160364
187.187,1,444,0.0161028
188.053,1,443.5,0.0162022
188.919,1,443,0.0162969
189.785,1,442.5,0.0163832
190.651,1,442,0.0164783
191.517,1,441.5,0.0165816
192.383,1,441,0.0167058
193.249,1,440.5,0.0168332
194.115,1,440,0.0169605
194.981,1,439.5,0.0170781
195.847,1,439,0.0171752
196.714,1,438.5,0.01724
197.58,1,438,0.0173032
198.446,1,437.5,0.0173629
199.312,1,437,0.0174059
200.178,1,436.5,0.0174499
201.044,1,436,0.0174764
201.91,1,435.5,0.0174475
202.776,1,435,0.0174229
203.642,1,434.5,0.0174026
204.508,1,434,0.0173763
205.374,1,433.5,0.0173555
206.24,1,433,0.0173384
207.106,1,432.5,0.0173101
207.972,1,432,0.0172799
208.838,1,431.5,0.0172514
209.704,1,431,0.0172123
210.57,1,430.5,0.0171561
211.436,1,430,0.0170799
212.302,1,429.5,0.0169997
213.168,1,429,0.0169137
214.034,1,428.5,0.0168332
214.9,1,428,0.0167522
215.766,1,427.5,0.0166422
216.632,1,427,0.0165281
217.498,1,426.5,0.0164109
218.364,1,426,0.0162798
219.23,1,425.5,0.0161459
220.096,1,425,0.0160016
220.962,1,424.5,0.0158328
221.828,1,424,0.0156626
222.694,1,423.5,0.0154913
223.56,1,423,0.0153011
224.426,1,422.5,0.0151001
225.292,1,422,0.0149194
226.158,1,421.5,0.0147355
227.024,1,421,0.0145523
227.89,1,420.5,0.0143764
228.756,1,420,0.0141968
229.622,1,419.5,0.014032
230.488,1,419,0.0138951
231.355,1,418.5,0.0137684
232.221,1,418,0.0136719
233.087,1,417.5,0.0135985
233.953,1,417,0.0135671
234.819,1,416.5,0.0136278
235.685,1,416,0.0136872
236.551,1,415.5,0.0137463
237.417,1,415,0.0138273
238.283,1,414.5,0.0138972
239.149,1,414,0.0139415
240.015,1,413.5,0.0139766
240.881,1,413,0.013995
241.747,1,412.5,0.0139937
242.613,1,412,0.0139566
243.479,1,411.5,0.0138941
244.345,1,411,0.013775
245.211,1,410.5,0.013621
246.077,1,410,0.0134425
246.943,1,409.5,0.0132599
247.809,1,409,0.0130532
248.675,1,408.5,0.0127876
249.541,1,408,0.0124683
250.407,1,407.5,0.0120939
251.273,1,407,0.0116322
252.139,1,406.5,0.0111302
253.005,1,406,0.010634
253.871,1,405.5,0.0105617
254.737,1,405,0.0105303
255.603,1,404.5,0.0105396
256.469,1,404,0.0106884
257.335,1,403.5,0.0108756
258.201,1,403,0.0110228
259.067,1,402.5,0.0113717
259.933,1,402,0.0119425
260.799,1,401.5,0.0126971
261.665,1,401,0.0135572
262.531,1,400.5,0.0144294
263.397,1,400,0.0151244
264.263,1,399.5,0.0156343
265.13,1,399,0.0159515
265.996,1,398.5,0.0163338
266.862,1,398,0.0167425
267.728,1,397.5,0.0171492
268.594,1,397,0.0176442
269.46,1,396.5,0.0182173
270.326,1,396,0.0188516
271.192,1,395.5,0.0195487
272.058,1,395,0.0202311
272.924,1,394.5,0.0206602
273.79,1,394,0.0210646
274.656,1,393.5,0.0214443
275.522,1,393,0.0216195
276.388,1,392.5,0.0216822
277.254,1,392,0.0215681
278.12,1,391.5,0.0214254
278.986,1,391,0.021332
279.852,1,390.5,0.0213012
280.718,1,390,0.021378
281.584,1,389.5,0.0218226
282.45,1,389,0.0228113
283.316,1,388.5,0.0237481
284.182,1,388,0.0252673
285.048,1,387.5,0.0253682
285.914,1,387,0.0254692
286.78,1,386.5,0.0255704
287.646,1,386,0.0258467
288.512,1,385.5,0.026257
289.378,1,385,0.0265764
290.244,1,384.5,0.0269229
291.11,1,384,0.0272964
291.976,1,383.5,0.0276969
292.842,1,383,0.0282925
293.708,1,382.5,0.0293473
294.574,1,382,0.0305049
295.44,1,381.5,0.0317652
296.306,1,381,0.0331281
297.172,1,380.5,0.0345937
298.038,1,380,0.0361164
298.905,1,379.5,0.0375949
299.771,1,379,0.0389604
300.637,1,378.5,0.0402107
301.503,1,378,0.0413459
302.369,1,377.5,0.0423659
303.235,1,377,0.0432708
304.101,1,376.5,0.0435851
304.967,1,376,0.0436607
305.833,1,375.5,0.0437465
306.699,1,375,0.0438424
307.565,1,374.5,0.043794
308.431,1,374,0.0431999
309.297,1,373.5,0.042623
310.163,1,373,0.042111
311.029,1,372.5,0.0416563
311.895,1,372,0.0412588
312.761,1,371.5,0.0409185
313.627,1,371,0.0406355
314.493,1,370.5,0.0404314
315.359,1,370,0.040749
316.225,1,369.5,0.0411547
317.091,1,369,0.0416515
317.957,1,368.5,0.0421798
318.823,1,368,0.0426953
319.689,1,367.5,0.043198
320.555,1,367,0.0429661
321.421,1,366.5,0.042522
322.287,1,366,0.0421412
323.153,1,365.5,0.0403317
324.019,1,365,0.0386768
324.885,1,364.5,0.0379719
325.751,1,364,0.0372375
326.617,1,363.5,0.0364722
327.483,1,363,0.0363591
328.349,1,362.5,0.0364554
329.215,1,362,0.0368608
330.081,1,361.5,0.0372225
330.947,1,361,0.0374472
331.813,1,360.5,0.03775
332.679,1,360,0.0375143
333.546,1,359.5,0.0373086
334.412,1,359,0.0359746
335.278,1,358.5,0.035049
336.144,1,358,0.0344206
337.01,1,357.5,0.0338759
337.876,1,357,0.0337428
338.742,1,356.5,0.0346412
339.608,1,356,0.0363884
340.474,1,355.5,0.0361633
341.34,1,355,0.0347568
342.206,1,354.5,0.0340461
343.072,1,354,0.033452
343.938,1,353.5,0.0336606
344.804,1,353,0.0338767
345.67,1,352.5,0.0340777
346.536,1,352,0.0346193
347.402,1,351.5,0.035262
348.268,1,351,0.0358094
349.134,1,350.5,0.0365301
350,1,350,0.0376933
350.866,1,349.5,0.0380681
351.732,1,349,0.0383706
352.598,1,348.5,0.0386007
353.464,1,348,0.0385095
354.33,1,347.5,0.0384011
355.196,1,347,0.0387765
356.062,1,346.5,0.0395347
356.928,1,346,0.0402674
357.794,1,345.5,0.0409745
358.66,1,345,0.0415691
359.526,1,344.5,0.0419679
360.392,1,344,0.0422197
361.258,1,343.5,0.0423247
362.124,1,343,0.0422827
362.99,1,342.5,0.0420939
363.856,1,342,0.0420421
364.722,1,341.5,0.0432663
365.588,1,341,0.0446264
366.454,1,340.5,0.0459466
367.321,1,340,0.0472268
368.187,1,339.5,0.048467
369.053,1,339,0.0483354
369.919,1,338.5,0.0483275
370.785,1,338,0.0480301
371.651,1,337.5,0.0478623
372.517,1,337,0.0480745
373.383,1,336.5,0.0484744
374.249,1,336,0.0484631
375.115,1,335.5,0.0487624
375.981,1,335,0.0497623
376.847,1,334.5,0.0511786
377.713,1,334,0.0521341
378.579,1,333.5,0.0529411
379.445,1,333,0.0537593
380.311,1,332.5,0.0545103
381.177,1,332,0.0549901
382.043,1,331.5,0.0552269
382.909,1,331,0.0558031
383.775,1,330.5,0.0563311
384.641,1,330,0.056669
385.507,1,329.5,0.0567661
386.373,1,329,0.0566854
387.239,1,328.5,0.056766
388.105,1,328,0.057109
388.971,1,327.5,0.0573902
389.837,1,327,0.0577539
390.703,1,326.5,0.059092
391.569,1,326,0.0615512
392.435,1,325.5,0.0650244
393.301,1,325,0.0688441
394.167,1,324.5,0.0728843
395.033,1,324,0.0770941
395.899,1,323.5,0.0780562
396.765,1,323,0.0786529
397.631,1,322.5,0.079125
398.497,1,322,0.0791033
399.363,1,321.5,0.0787285
400.229,1,321,0.0782132
401.095,1,320.5,0.0777087
401.962,1,320,0.0770592
402.828,1,319.5,0.0762739
403.694,1,319,0.075789
404.56,1,318.5,0.0758805
405.426,1,318,0.0765498
406.292,1,317.5,0.077313
407.158,1,317,0.0783453
408.024,1,316.5,0.0793519
408.89,1,316,0.0803729
409.756,1,315.5,0.0814849
410.622,1,315,0.0825399
411.488,1,314.5,0.0836498
412.354,1,314,0.0850358
413.22,1,313.5,0.0864404
414.086,1,313,0.0876171
414.952,1,312.5,0.0877561
415.818,1,312,0.0880453
416.684,1,311.5,0.0884713
417.55,1,311,0.0892803
418.416,1,310.5,0.0905305
419.282,1,310,0.0912275
420.148,1,309.5,0.0910941
421.014,1,309,0.0906133
421.88,1,308.5,0.0900846
422.746,1,308,0.0895375
423.612,1,307.5,0.0895857
424.478,1,307,0.0908052
425.344,1,306.5,0.0914765
426.21,1,306,0.091298
427.076,1,305.5,0.0908175
427.942,1,305,0.0900371
428.808,1,304.5,0.0908766
429.674,1,304,0.0926041
430.54,1,303.5,0.0947652
431.406,1,303,0.0976364
432.272,1,302.5,0.0989477
433.138,1,302,0.10086
434.004,1,301.5,0.102757
434.87,1,301,0.104625
435.737,1,300.5,0.110037
436.603,1,300,0.11212
437.469,1,299.5,0.113606
438.335,1,299,0.112601
439.201,1,298.5,0.110561
440.067,1,298,0.108009
440.933,1,297.5,0.105996
441.799,1,297,0.10441
442.665,1,296.5,0.101364
443.531,1,296,0.0965246
444.397,1,295.5,0.0923682
445.263,1,295,0.0890927
446.129,1,294.5,0.086669
446.995,1,294,0.0850974
447.861,1,293.5,0.0847008
448.727,1,293,0.0843366
449.593,1,292.5,0.0839031
450.459,1,292,0.0838005
451.325,1,291.5,0.0839374
452.191,1,291,0.0843596
453.057,1,290.5,0.0856828
453.923,1,290,0.0874822
454.789,1,289.5,0.0895527
455.655,1,289,0.0915932
456.521,1,288.5,0.093159
457.387,1,288,0.0937897
458.253,1,287.5,0.0941107
459.119,1,287,0.0933545
459.985,1,286.5,0.0936082
460.851,1,286,0.0946354
461.717,1,285.5,0.0940245
462.583,1,285,0.0931827
463.449,1,284.5,0.0934101
464.315,1,284,0.0974958
465.181,1,283.5,0.101201
466.047,1,283,0.10603
466.913,1,282.5,0.105851
467.779,1,282,0.10552
468.645,1,281.5,0.105692
469.512,1,281,0.105555
470.378,1,280.5,0.104375
471.244,1,280,0.10263
472.11,1,279.5,0.0993862
472.976,1,279,0.0929292
473.842,1,278.5,0.0864138
474.708,1,278,0.0804508
475.574,1,277.5,0.0766614
476.44,1,277,0.0737772
477.306,1,276.5,0.0701349
478.172,1,276,0.0653598
479.038,1,275.5,0.0589009
479.904,1,275,0.0539933
480.77,1,274.5,0.0496684
481.636,1,274,0.0465623
482.502,1,273.5,0.0446102
483.368,1,273,0.042459
484.234,1,272.5,0.042425
485.1,1,272,0.0428373
485.966,1,271.5,0.0434133
486.832,1,271,0.0436912
487.698,1,270.5,0.0436868
488.564,1,270,0.0435028
489.43,1,269.5,0.0433462
490.296,1,269,0.0429169
491.162,1,268.5,0.0420149
492.028,1,268,0.0422674
492.894,1,267.5,0.0427844
493.76,1,267,0.0430065
494.626,1,266.5,0.0432029
495.492,1,266,0.0429129
496.358,1,265.5,0.0415036
497.224,1,265,0.0398233
498.09,1,264.5,0.0384456
498.956,1,264,0.0376088
499.822,1,263.5,0.0372356
500.688,1,263,0.0390926
501.554,1,262.5,0.0403193
502.42,1,262,0.0414513
503.286,1,261.5,0.0425142
504.153,1,261,0.0431709
505.019,1,260.5,0.0424613
505.885,1,260,0.0418928
506.751,1,259.5,0.0416261
507.617,1,259,0.0412323
508.483,1,258.5,0.0405295
509.349,1,258,0.0396309
510.215,1,257.5,0.0390127
511.081,1,257,0.0380822
511.947,1,256.5,0.0373543
512.813,1,256,0.0369661
513.679,1,255.5,0.0370892
514.545,1,255,0.0356463
515.411,1,254.5,0.032727
516.277,1,254,0.0307461
517.143,1,253.5,0.030086
518.009,1,253,0.03031
518.875,1,252.5,0.0305051
519.741,1,252,0.0305834
520.607,1,251.5,0.0304499
521.473,1,251,0.0299969
522.339,1,250.5,0.0295498
523.205,1,250,0.0288187
524.071,1,249.5,0.0281159
524.937,1,249,0.0275329
525.803,1,248.5,0.0268974
526.669,1,248,0.0266323
527.535,1,247.5,0.0268699
528.401,1,247,0.02712
529.267,1,246.5,0.0275451
530.133,1,246,0.0279592
530.999,1,245.5,0.0281853
531.865,1,245,0.0281872
532.731,1,244.5,0.0281403
533.597,1,244,0.0281219
534.463,1,243.5,0.0284175
535.329,1,243,0.028678
536.195,1,242.5,0.0303896
537.061,1,242,0.0300308
537.928,1,241.5,0.0290742
538.794,1,241,0.0284061
539.66,1,240.5,0.0281207
540.526,1,240,0.0287056
541.392,1,239.5,0.0297247
542.258,1,239,0.031032
543.124,1,238.5,0.0327388
543.99,1,238,0.0344248
544.856,1,237.5,0.0358989
545.722,1,237,0.0371651
546.588,1,236.5,0.0383505
547.454,1,236,0.0396699
548.32,1,235.5,0.0409453
549.186,1,235,0.0422191
550.052,1,234.5,0.0433808
550.918,1,234,0.0444303
551.784,1,233.5,0.0453477
552.65,1,233,0.0461819
553.516,1,232.5,0.0469598
554.382,1,232,0.0475751
555.248,1,231.5,0.0481475
556.114,1,231,0.0487142
556.98,1,230.5,0.0489725
557.846,1,230,0.0484354
558.712,1,229.5,0.0488737
559.578,1,229,0.0493416
560.444,1,228.5,0.0498394
561.31,1,228,0.0490574
562.176,1,227.5,0.0480134
563.042,1,227,0.0468764
563.908,1,226.5,0.0449719
564.774,1,226,0.0431008
565.64,1,225.5,0.0413427
566.506,1,225,0.0394441
567.372,1,224.5,0.0375333
568.238,1,224,0.0327363
569.104,1,223.5,0.0306999
569.97,1,223,0.0291242
570.836,1,222.5,0.028751
571.703,1,222,0.0287263
572.569,1,221.5,0.0286778
573.435,1,221,0.0286165
574.301,1,220.5,0.0285761
575.167,1,220,0.0285362
576.033,1,219.5,0.0283383
576.899,1,219,0.0280315
577.765,1,218.5,0.0277187
578.631,1,218,0.0273119
579.497,1,217.5,0.0265811
580.363,1,217,0.02589
581.229,1,216.5,0.0255429
582.095,1,216,0.0259413
582.961,1,215.5,0.0254658
583.827,1,215,0.0248154
584.693,1,214.5,0.0244709
585.559,1,214,0.024638
586.425,1,213.5,0.0254612
587.291,1,213,0.0266571
588.157,1,212.5,0.0275787
589.023,1,212,0.0285538
589.889,1,211.5,0.0288481
590.755,1,211,0.0288813
591.621,1,210.5,0.0288809
592.487,1,210,0.0289244
593.353,1,209.5,0.0291307
594.219,1,209,0.0294208
595.085,1,208.5,0.0302098
595.951,1,208,0.0310025
596.817,1,207.5,0.0307388
597.683,1,207,0.0293629
598.549,1,206.5,0.0273148
599.415,1,206,0.0264812
600.281,1,205.5,0.0256982
601.147,1,205,0.0250013
602.013,1,204.5,0.0244415
602.879,1,204,0.0240186
603.745,1,203.5,0.0243323
604.611,1,203,0.0246754
605.477,1,202.5,0.0250116
606.344,1,202,0.0252441
607.21,1,201.5,0.0255166
608.076,1,201,0.0258645
608.942,1,200.5,0.0258748
609.808,1,200,0.0258869
