x,y,z,b
90.1924,1,500,0.0139551
91.0584,1,499.5,0.0138972
91.9244,1,499,0.0138284
92.7905,1,498.5,0.0137253
93.6565,1,498,0.0136203
94.5225,1,497.5,0.013509
95.3885,1,497,0.0133824
96.2546,1,496.5,0.0132588
97.1206,1,496,0.0131497
97.9866,1,495.5,0.0130392
98.8526,1,495,0.0129155
99.7187,1,494.5,0.0127786
100.585,1,494,0.0126283
101.451,1,493.5,0.0124705
102.317,1,493,0.0123627
103.183,1,492.5,0.0122584
104.049,1,492,0.0121777
104.915,1,491.5,0.0121275
105.781,1,491,0.0121033
106.647,1,490.5,0.0120143
107.513,1,490,0.0119219
108.379,1,489.5,0.0118827
109.245,1,489,0.0119015
110.111,1,488.5,0.0119588
110.977,1,488,0.012063
111.843,1,487.5,0.0121495
112.709,1,487,0.0121695
113.575,1,486.5,0.0121302
114.441,1,486,0.0120865
115.307,1,485.5,0.0119864
116.173,1,485,0.0121012
117.039,1,484.5,0.0123983
117.905,1,484,0.012756
118.771,1,483.5,0.0131731
119.637,1,483,0.0136153
120.503,1,482.5,0.0139065
121.369,1,482,0.0136476
122.235,1,481.5,0.0133404
123.101,1,481,0.0130406
123.967,1,480.5,0.0127704
124.833,1,480,0.0125562
125.699,1,479.5,0.012788
126.565,1,479,0.0130716
127.431,1,478.5,0.013282
128.297,1,478,0.0134108
129.164,1,477.5,0.0134491
130.03,1,477,0.0133681
130.896,1,476.5,0.0132496
131.762,1,476,0.013207
132.628,1,475.5,0.0132406
133.494,1,475,0.0133798
134.36,1,474.5,0.0136013
135.226,1,474,0.0137434
136.092,1,473.5,0.0137922
136.958,1,473,0.0137753
137.824,1,472.5,0.0136928
138.69,1,472,0.0135306
139.556,1,471.5,0.0134771
140.422,1,471,0.0137474
141.288,1,470.5,0.0140517
142.154,1,470,0.0143787
143.02,1,469.5,0.0147413
143.886,1,469,0.0151127
144.752,1,468.5,0.0149039
145.618,1,468,0.0146338
146.484,1,467.5,0.0143713
147.35,1,467,0.0141355
148.216,1,466.5,0.0139337
149.082,1,466,0.0139338
149.948,1,465.5,0.014187
150.814,1,465,0.0143881
151.68,1,464.5,0.014537
152.546,1,464,0.0146133
153.412,1,463.5,0.0146194
154.278,1,463,0.0145524
155.144,1,462.5,0.0145392
156.01,1,462,0.0145711
156.876,1,461.5,0.0146474
157.742,1,461,0.0147539
158.608,1,460.5,0.0148229
159.474,1,460,0.0148256
160.34,1,459.5,0.0148073
161.206,1,459,0.0147728
162.072,1,458.5,0.0147307
162.939,1,458,0.0146854
163.805,1,457.5,0.0147334
164.671,1,457,0.0147901
165.537,1,456.5,0.0148567
166.403,1,456,0.0149394
167.269,1,455.5,0.01503
168.135,1,455,0.015082
169.001,1,454.5,0.0150918
169.867,1,454,0.0150995
170.733,1,453.5,0.0151052
171.599,1,453,0.0151166
172.465,1,452.5,0.0151403
173.331,1,452,0.0152209
174.197,1,451.5,0.0153006
175.063,1,451,0.0153797
175.929,1,450.5,0.0154578
176.795,1,450,0.0155326
177.661,1,449.5,0.0156222
178.527,1,449,0.015726
179.393,1,448.5,0.0158306
180.259,1,448,0.0159324
181.125,1,447.5,0.0160374
181.991,1,447,0.016143
182.857,1,446.5,0.016236
183.723,1,446,0.016325
184.589,1,445.5,0.0164097
185.455,1,445,0.0164838
186.321,1,444.5,0.0165528
187.187,1,444,0.0166403
188.053,1,443.5,0.0167039
188.919,1,443,0.0167536
189.785,1,442.5,0.0167935
190.651,1,442,0.0168157
191.517,1,441.5,0.0168248
192.383,1,441,0.0168124
193.249,1,440.5,0.0167974
194.115,1,440,0.0167815
194.981,1,439.5,0.0167699
195.847,1,439,0.0167581
196.714,1,438.5,0.0167314
197.58,1,438,0.0166985
198.446,1,437.5,0.0166617
199.312,1,437,0.0166168
200.178,1,436.5,0.016567
201.044,1,436,0.0165132
201.91,1,435.5,0.0164646
202.776,1,435,0.0164134
203.642,1,434.5,0.0163595
204.508,1,434,0.0163101
205.374,1,433.5,0.0162554
206.24,1,433,0.0161762
207.106,1,432.5,0.016089
207.972,1,432,0.0159934
208.838,1,431.5,0.0158877
209.704,1,431,0.0157744
210.57,1,430.5,0.0156664
211.436,1,430,0.0155752
212.302,1,429.5,0.0154743
213.168,1,429,0.0153622
214.034,1,428.5,0.0152383
214.9,1,428,0.0151012
215.766,1,427.5,0.0149073
216.632,1,427,0.014693
217.498,1,426.5,0.014465
218.364,1,426,0.0142265
219.23,1,425.5,0.013981
220.096,1,425,0.0137749
220.962,1,424.5,0.0136585
221.828,1,424,0.0135547
222.694,1,423.5,0.013463
223.56,1,423,0.0133951
224.426,1,422.5,0.013347
225.292,1,422,0.0133799
226.158,1,421.5,0.0134636
227.024,1,421,0.0135748
227.89,1,420.5,0.0137007
228.756,1,420,0.0138473
229.622,1,419.5,0.0139814
230.488,1,419,0.0140752
231.355,1,418.5,0.014146
232.221,1,418,0.014183
233.087,1,417.5,0.0142022
233.953,1,417,0.0141962
234.819,1,416.5,0.0140884
235.685,1,416,0.0139742
236.551,1,415.5,0.0138539
237.417,1,415,0.0137159
238.283,1,414.5,0.0135761
239.149,1,414,0.0133983
240.015,1,413.5,0.0131832
240.881,1,413,0.0129732
241.747,1,412.5,0.012769
242.613,1,412,0.0125871
243.479,1,411.5,0.0124087
244.345,1,411,0.0123941
245.211,1,410.5,0.0124444
246.077,1,410,0.0125378
246.943,1,409.5,0.0126376
247.809,1,409,0.012754
248.675,1,408.5,0.0127652
249.541,1,408,0.0127146
250.407,1,407.5,0.0127125
251.273,1,407,0.0127998
252.139,1,406.5,0.0129427
253.005,1,406,0.0131596
253.871,1,405.5,0.0135542
254.737,1,405,0.0139572
255.603,1,404.5,0.0143685
256.469,1,404,0.0146555
257.335,1,403.5,0.0149127
258.201,1,403,0.0152246
259.067,1,402.5,0.0154917
259.933,1,402,0.0157315
260.799,1,401.5,0.0159699
261.665,1,401,0.0161939
262.531,1,400.5,0.0163889
263.397,1,400,0.0164865
264.263,1,399.5,0.0166175
265.13,1,399,0.0167956
265.996,1,398.5,0.0170506
266.862,1,398,0.0173998
267.728,1,397.5,0.0179644
268.594,1,397,0.0185992
269.46,1,396.5,0.0192605
270.326,1,396,0.0199885
271.192,1,395.5,0.0207236
272.058,1,395,0.0213
272.924,1,394.5,0.0212121
273.79,1,394,0.0211946
274.656,1,393.5,0.0212496
275.522,1,393,0.021136
276.388,1,392.5,0.0209766
277.254,1,392,0.021174
278.12,1,391.5,0.0217923
278.986,1,391,0.0226852
279.852,1,390.5,0.0237396
280.718,1,390,0.0247408
281.584,1,389.5,0.0258908
282.45,1,389,0.0278201
283.316,1,388.5,0.0301046
284.182,1,388,0.0333196
285.048,1,387.5,0.0351272
285.914,1,387,0.036988
286.78,1,386.5,0.038902
287.646,1,386,0.0399569
288.512,1,385.5,0.0402666
289.378,1,385,0.0399697
290.244,1,384.5,0.0400057
291.11,1,384,0.0403745
291.976,1,383.5,0.0410762
292.842,1,383,0.0421155
293.708,1,382.5,0.043037
294.574,1,382,0.043584
295.44,1,381.5,0.0437566
296.306,1,381,0.0435549
297.172,1,380.5,0.0429787
298.038,1,380,0.0420937
298.905,1,379.5,0.0430285
299.771,1,379,0.043755
300.637,1,378.5,0.0442563
301.503,1,378,0.0442064
302.369,1,377.5,0.0441625
303.235,1,377,0.0444095
304.101,1,376.5,0.0437723
304.967,1,376,0.04296
305.833,1,375.5,0.0421189
306.699,1,375,0.0412489
307.565,1,374.5,0.040495
308.431,1,374,0.0404032
309.297,1,373.5,0.0406395
310.163,1,373,0.0410814
311.029,1,372.5,0.0415154
311.895,1,372,0.0419417
312.761,1,371.5,0.0424102
313.627,1,371,0.0425542
314.493,1,370.5,0.0424737
315.359,1,370,0.0422598
316.225,1,369.5,0.0420298
317.091,1,369,0.0422365
317.957,1,368.5,0.0424856
318.823,1,368,0.0417811
319.689,1,367.5,0.0406524
320.555,1,367,0.0392592
321.421,1,366.5,0.0395918
322.287,1,366,0.0396584
323.153,1,365.5,0.0393469
324.019,1,365,0.0386133
324.885,1,364.5,0.037518
325.751,1,364,0.0368102
326.617,1,363.5,0.0360373
327.483,1,363,0.0350655
328.349,1,362.5,0.0345898
329.215,1,362,0.0340491
330.081,1,361.5,0.0337776
330.947,1,361,0.0346916
331.813,1,360.5,0.0349248
332.679,1,360,0.0348845
333.546,1,359.5,0.0349101
334.412,1,359,0.0346902
335.278,1,358.5,0.034882
336.144,1,358,0.0349184
337.01,1,357.5,0.0347586
337.876,1,357,0.0347942
338.742,1,356.5,0.0346959
339.608,1,356,0.0350747
340.474,1,355.5,0.0363053
341.34,1,355,0.0374642
342.206,1,354.5,0.0388545
343.072,1,354,0.0401358
343.938,1,353.5,0.0411861
344.804,1,353,0.0421646
345.67,1,352.5,0.0431728
346.536,1,352,0.0439841
347.402,1,351.5,0.0446085
348.268,1,351,0.0450174
349.134,1,350.5,0.0455078
350,1,350,0.0460276
350.866,1,349.5,0.0465278
351.732,1,349,0.047546
352.598,1,348.5,0.0493632
353.464,1,348,0.0511222
354.33,1,347.5,0.0524361
355.196,1,347,0.0535345
356.062,1,346.5,0.0544223
356.928,1,346,0.0552057
357.794,1,345.5,0.0567768
358.66,1,345,0.0588217
359.526,1,344.5,0.05973
360.392,1,344,0.0602809
361.258,1,343.5,0.0602909
362.124,1,343,0.0601718
362.99,1,342.5,0.0601592
363.856,1,342,0.0577661
364.722,1,341.5,0.0566777
365.588,1,341,0.055047
366.454,1,340.5,0.0535823
367.321,1,340,0.0525758
368.187,1,339.5,0.0527746
369.053,1,339,0.0537652
369.919,1,338.5,0.0546564
370.785,1,338,0.0557464
371.651,1,337.5,0.0572554
372.517,1,337,0.0582103
373.383,1,336.5,0.0585131
374.249,1,336,0.0572257
375.115,1,335.5,0.0555151
375.981,1,335,0.0498485
376.847,1,334.5,0.0432871
377.713,1,334,0.0438887
378.579,1,333.5,0.0524369
379.445,1,333,0.0590812
380.311,1,332.5,0.0660453
381.177,1,332,0.0724698
382.043,1,331.5,0.0760844
382.909,1,331,0.0786813
383.775,1,330.5,0.0803007
384.641,1,330,0.0814504
385.507,1,329.5,0.0821801
386.373,1,329,0.0827569
387.239,1,328.5,0.0832669
388.105,1,328,0.0836906
388.971,1,327.5,0.0841169
389.837,1,327,0.0846036
390.703,1,326.5,0.0852473
391.569,1,326,0.0858468
392.435,1,325.5,0.0861913
393.301,1,325,0.0864511
394.167,1,324.5,0.0867376
395.033,1,324,0.0865938
395.899,1,323.5,0.0865022
396.765,1,323,0.0864847
397.631,1,322.5,0.0863982
398.497,1,322,0.0861717
399.363,1,321.5,0.0861466
400.229,1,321,0.0860581
401.095,1,320.5,0.0862508
401.962,1,320,0.0862078
402.828,1,319.5,0.0852568
403.694,1,319,0.0850467
404.56,1,318.5,0.0841593
405.426,1,318,0.0810279
406.292,1,317.5,0.0812212
407.158,1,317,0.0797706
408.024,1,316.5,0.0752737
408.89,1,316,0.076745
409.756,1,315.5,0.0750335
410.622,1,315,0.0721171
411.488,1,314.5,0.0734271
412.354,1,314,0.0747297
413.22,1,313.5,0.0798988
414.086,1,313,0.0845571
414.952,1,312.5,0.086867
415.818,1,312,0.0842168
416.684,1,311.5,0.0819201
417.55,1,311,0.0793668
418.416,1,310.5,0.0808063
419.282,1,310,0.081356
420.148,1,309.5,0.0828541
421.014,1,309,0.0881531
421.88,1,308.5,0.0912801
422.746,1,308,0.0917995
423.612,1,307.5,0.0881523
424.478,1,307,0.0831511
425.344,1,306.5,0.0776572
426.21,1,306,0.0745073
427.076,1,305.5,0.0739931
427.942,1,305,0.0739245
428.808,1,304.5,0.0753291
429.674,1,304,0.0774597
430.54,1,303.5,0.0792753
431.406,1,303,0.0811208
432.272,1,302.5,0.0815529
433.138,1,302,0.0816701
434.004,1,301.5,0.082134
434.87,1,301,0.0834587
435.737,1,300.5,0.0857977
436.603,1,300,0.0884935
437.469,1,299.5,0.0904604
438.335,1,299,0.0913848
439.201,1,298.5,0.0868128
440.067,1,298,0.0759187
440.933,1,297.5,0.0640207
441.799,1,297,0.0540997
442.665,1,296.5,0.0452018
443.531,1,296,0.037356
444.397,1,295.5,0.0357901
445.263,1,295,0.0360908
446.129,1,294.5,0.0375144
446.995,1,294,0.0377207
447.861,1,293.5,0.0380974
448.727,1,293,0.0383709
449.593,1,292.5,0.0385621
450.459,1,292,0.0386692
451.325,1,291.5,0.0387013
452.191,1,291,0.0385612
453.057,1,290.5,0.038317
453.923,1,290,0.0381185
454.789,1,289.5,0.0379389
455.655,1,289,0.0377754
456.521,1,288.5,0.0376301
457.387,1,288,0.0375833
458.253,1,287.5,0.0375759
459.119,1,287,0.0377138
459.985,1,286.5,0.0378581
460.851,1,286,0.0380617
461.717,1,285.5,0.0385955
462.583,1,285,0.039032
463.449,1,284.5,0.0394092
464.315,1,284,0.0390027
465.181,1,283.5,0.0386379
466.047,1,283,0.0382937
466.913,1,282.5,0.0379334
467.779,1,282,0.03758
468.645,1,281.5,0.0373634
469.512,1,281,0.0373609
470.378,1,280.5,0.0371144
471.244,1,280,0.0368646
472.11,1,279.5,0.0369999
472.976,1,279,0.0374044
473.842,1,278.5,0.038235
474.708,1,278,0.0387624
475.574,1,277.5,0.039263
476.44,1,277,0.0395312
477.306,1,276.5,0.0397029
478.172,1,276,0.0395606
479.038,1,275.5,0.0393969
479.904,1,275,0.0392141
480.77,1,274.5,0.0391084
481.636,1,274,0.0389923
482.502,1,273.5,0.0388842
483.368,1,273,0.0389814
484.234,1,272.5,0.0391718
485.1,1,272,0.0394471
485.966,1,271.5,0.0398888
486.832,1,271,0.0402869
487.698,1,270.5,0.0406156
488.564,1,270,0.0407226
489.43,1,269.5,0.0406802
490.296,1,269,0.0405252
491.162,1,268.5,0.0401826
492.028,1,268,0.0396204
492.894,1,267.5,0.0389803
493.76,1,267,0.0381914
494.626,1,266.5,0.0370938
495.492,1,266,0.0359426
496.358,1,265.5,0.034929
497.224,1,265,0.0341788
498.09,1,264.5,0.033467
498.956,1,264,0.0327937
499.822,1,263.5,0.031701
500.688,1,263,0.0309637
501.554,1,262.5,0.0306791
502.42,1,262,0.0298908
503.286,1,261.5,0.029808
504.153,1,261,0.0301373
505.019,1,260.5,0.0304795
505.885,1,260,0.0308604
506.751,1,259.5,0.0307754
507.617,1,259,0.0306098
508.483,1,258.5,0.030778
509.349,1,258,0.0307294
510.215,1,257.5,0.0310157
511.081,1,257,0.0317909
511.947,1,256.5,0.032046
512.813,1,256,0.0323785
513.679,1,255.5,0.0328774
514.545,1,255,0.0324955
515.411,1,254.5,0.0322277
516.277,1,254,0.0322989
517.143,1,253.5,0.0324815
518.009,1,253,0.0326206
518.875,1,252.5,0.0326801
519.741,1,252,0.0324543
520.607,1,251.5,0.0321541
521.473,1,251,0.0317425
522.339,1,250.5,0.0312183
523.205,1,250,0.0307287
524.071,1,249.5,0.0303029
524.937,1,249,0.0299527
525.803,1,248.5,0.029896
526.669,1,248,0.0301959
527.535,1,247.5,0.0303698
528.401,1,247,0.0304018
529.267,1,246.5,0.0306274
530.133,1,246,0.0312068
530.999,1,245.5,0.0320459
531.865,1,245,0.0330844
532.731,1,244.5,0.0341278
533.597,1,244,0.0352809
534.463,1,243.5,0.036511
535.329,1,243,0.0377353
536.195,1,242.5,0.0388596
537.061,1,242,0.0396751
537.928,1,241.5,0.0398868
538.794,1,241,0.0398871
539.66,1,240.5,0.0396377
540.526,1,240,0.0392474
541.392,1,239.5,0.039667
542.258,1,239,0.0396757
543.124,1,238.5,0.0397312
543.99,1,238,0.040006
544.856,1,237.5,0.0403337
545.722,1,237,0.0410422
546.588,1,236.5,0.0427713
547.454,1,236,0.0450938
548.32,1,235.5,0.0461787
549.186,1,235,0.0472029
550.052,1,234.5,0.0476323
550.918,1,234,0.0473871
551.784,1,233.5,0.046945
552.65,1,233,0.0463061
553.516,1,232.5,0.0454703
554.382,1,232,0.044556
555.248,1,231.5,0.0436319
556.114,1,231,0.0428987
556.98,1,230.5,0.0421935
557.846,1,230,0.0415165
558.712,1,229.5,0.0408675
559.578,1,229,0.0402466
560.444,1,228.5,0.0396537
561.31,1,228,0.038798
562.176,1,227.5,0.0379324
563.042,1,227,0.0370962
563.908,1,226.5,0.0321285
564.774,1,226,0.0296016
565.64,1,225.5,0.0287796
566.506,1,225,0.0280723
567.372,1,224.5,0.0275083
568.238,1,224,0.027199
569.104,1,223.5,0.0269851
569.97,1,223,0.0268649
570.836,1,222.5,0.0268582
571.703,1,222,0.02681
572.569,1,221.5,0.026662
573.435,1,221,0.0265971
574.301,1,220.5,0.0266429
575.167,1,220,0.0266678
576.033,1,219.5,0.0264468
576.899,1,219,0.0261011
577.765,1,218.5,0.0251565
578.631,1,218,0.0239487
579.497,1,217.5,0.0234187
580.363,1,217,0.0226703
581.229,1,216.5,0.0218401
582.095,1,216,0.0211345
582.961,1,215.5,0.0205562
583.827,1,215,0.020914
584.693,1,214.5,0.0219125
585.559,1,214,0.0236135
586.425,1,213.5,0.0256372
587.291,1,213,0.0267352
588.157,1,212.5,0.027339
589.023,1,212,0.0276314
589.889,1,211.5,0.0275001
590.755,1,211,0.0272489
591.621,1,210.5,0.0269378
592.487,1,210,0.0263809
593.353,1,209.5,0.0256711
594.219,1,209,0.024897
595.085,1,208.5,0.0240578
595.951,1,208,0.0233515
596.817,1,207.5,0.0226842
597.683,1,207,0.0221982
598.549,1,206.5,0.0221355
599.415,1,206,0.0223248
600.281,1,205.5,0.0225988
601.147,1,205,0.0231036
602.013,1,204.5,0.0236188
602.879,1,204,0.0241444
603.745,1,203.5,0.024572
604.611,1,203,0.0249758
605.477,1,202.5,0.0254164
606.344,1,202,0.0256224
607.21,1,201.5,0.0258554
608.076,1,201,0.0261976
608.942,1,200.5,0.0260958
609.808,1,200,0.0260074
