x,y,z,b
90.1924,1,500,0.0152606
91.0584,1,499.5,0.0152337
91.9244,1,499,0.0152069
92.7905,1,498.5,0.0151964
93.6565,1,498,0.0151855
94.5225,1,497.5,0.0151735
95.3885,1,497,0.0151592
96.2546,1,496.5,0.0151454
97.1206,1,496,0.0151415
97.9866,1,495.5,0.0151405
98.8526,1,495,0.0151395
99.7187,1,494.5,0.0151388
100.585,1,494,0.0151361
101.451,1,493.5,0.0151302
102.317,1,493,0.0150923
103.183,1,492.5,0.0150545
104.049,1,492,0.0150166
104.915,1,491.5,0.0149787
105.781,1,491,0.0149412
106.647,1,490.5,0.0149163
107.513,1,490,0.0148979
108.379,1,489.5,0.0148789
109.245,1,489,0.0148582
110.111,1,488.5,0.0148363
110.977,1,488,0.0148035
111.843,1,487.5,0.0147292
112.709,1,487,0.0146579
113.575,1,486.5,0.0145889
114.441,1,486,0.0145181
115.307,1,485.5,0.0144528
116.173,1,485,0.0143911
117.039,1,484.5,0.014316
117.905,1,484,0.0142348
118.771,1,483.5,0.0141481
119.637,1,483,0.0140497
120.503,1,482.5,0.0139522
121.369,1,482,0.0138805
122.235,1,481.5,0.0138196
123.101,1,481,0.0137729
123.967,1,480.5,0.0137381
124.833,1,480,0.0137266
125.699,1,479.5,0.0136635
126.565,1,479,0.0135724
127.431,1,478.5,0.0134833
128.297,1,478,0.0134099
129.164,1,477.5,0.0133379
130.03,1,477,0.0133134
130.896,1,476.5,0.0134031
131.762,1,476,0.0134913
132.628,1,475.5,0.0135782
133.494,1,475,0.0136643
134.36,1,474.5,0.0137424
135.226,1,474,0.0137378
136.092,1,473.5,0.013722
136.958,1,473,0.0137204
137.824,1,472.5,0.0137341
138.69,1,472,0.0137421
139.556,1,471.5,0.0137541
140.422,1,471,0.0137642
141.288,1,470.5,0.0137499
142.154,1,470,0.0137127
143.02,1,469.5,0.0136624
143.886,1,469,0.0135908
144.752,1,468.5,0.0135406
145.618,1,468,0.013503
146.484,1,467.5,0.0134686
147.35,1,467,0.0134228
148.216,1,466.5,0.0133813
149.082,1,466,0.0133193
149.948,1,465.5,0.0132147
150.814,1,465,0.0131079
151.68,1,464.5,0.012999
152.546,1,464,0.0128915
153.412,1,463.5,0.0127822
154.278,1,463,0.0127328
155.144,1,462.5,0.0127
156.01,1,462,0.0126736
156.876,1,461.5,0.0126494
157.742,1,461,0.0126294
158.608,1,460.5,0.0125815
159.474,1,460,0.0124973
160.34,1,459.5,0.0124237
161.206,1,459,0.012354
162.072,1,458.5,0.0122655
162.939,1,458,0.0121771
163.805,1,457.5,0.0122178
164.671,1,457,0.0122603
165.537,1,456.5,0.0123082
166.403,1,456,0.0123841
167.269,1,455.5,0.0124611
168.135,1,455,0.0125004
169.001,1,454.5,0.0125551
169.867,1,454,0.0126165
170.733,1,453.5,0.0126832
171.599,1,453,0.0128061
172.465,1,452.5,0.012953
173.331,1,452,0.0131512
174.197,1,451.5,0.0133643
175.063,1,451,0.0135804
175.929,1,450.5,0.0137897
176.795,1,450,0.013988
177.661,1,449.5,0.0141585
178.527,1,449,0.014321
179.393,1,448.5,0.0144813
180.259,1,448,0.0146325
181.125,1,447.5,0.014788
181.991,1,447,0.0149431
182.857,1,446.5,0.0150775
183.723,1,446,0.0152078
184.589,1,445.5,0.0153335
185.455,1,445,0.0154367
186.321,1,444.5,0.0155374
187.187,1,444,0.0156471
188.053,1,443.5,0.0157333
188.919,1,443,0.0158181
189.785,1,442.5,0.0159066
190.651,1,442,0.0159497
191.517,1,441.5,0.0159703
192.383,1,441,0.0159754
193.249,1,440.5,0.0159721
194.115,1,440,0.0159621
194.981,1,439.5,0.0159514
195.847,1,439,0.0159319
196.714,1,438.5,0.0159078
197.58,1,438,0.015891
198.446,1,437.5,0.0158736
199.312,1,437,0.0158436
200.178,1,436.5,0.0158195
201.044,1,436,0.0157913
201.91,1,435.5,0.0157223
202.776,1,435,0.0156551
203.642,1,434.5,0.0155897
204.508,1,434,0.0155077
205.374,1,433.5,0.0154249
206.24,1,433,0.0153595
207.106,1,432.5,0.0152866
207.972,1,432,0.0152087
208.838,1,431.5,0.0151292
209.704,1,431,0.0150447
210.57,1,430.5,0.0149499
211.436,1,430,0.0148416
212.302,1,429.5,0.0147333
213.168,1,429,0.0146249
214.034,1,428.5,0.0145168
214.9,1,428,0.0144061
215.766,1,427.5,0.0142848
216.632,1,427,0.014164
217.498,1,426.5,0.0140416
218.364,1,426,0.013902
219.23,1,425.5,0.0137633
220.096,1,425,0.0136207
220.962,1,424.5,0.0134456
221.828,1,424,0.0132702
222.694,1,423.5,0.0130953
223.56,1,423,0.0129047
224.426,1,422.5,0.0127114
225.292,1,422,0.0125307
226.158,1,421.5,0.0123394
227.024,1,421,0.0121448
227.89,1,420.5,0.0119544
228.756,1,420,0.0117559
229.622,1,419.5,0.0115395
230.488,1,419,0.0113215
231.355,1,418.5,0.0111554
232.221,1,418,0.0110751
233.087,1,417.5,0.0109992
233.953,1,417,0.0109444
234.819,1,416.5,0.0109558
235.685,1,416,0.0109641
236.551,1,415.5,0.0109698
237.417,1,415,0.0109896
238.283,1,414.5,0.0110056
239.149,1,414,0.0110193
240.015,1,413.5,0.0110454
240.881,1,413,0.0110721
241.747,1,412.5,0.0110975
242.613,1,412,0.0111336
243.479,1,411.5,0.0111741
244.345,1,411,0.0112149
245.211,1,410.5,0.0112655
246.077,1,410,0.0113245
246.943,1,409.5,0.0113855
247.809,1,409,0.0114491
248.675,1,408.5,0.0115156
249.541,1,408,0.0115809
250.407,1,407.5,0.0116429
251.273,1,407,0.0116994
252.139,1,406.5,0.0117554
253.005,1,406,0.0118074
253.871,1,405.5,0.0118291
254.737,1,405,0.011859
255.603,1,404.5,0.0118971
256.469,1,404,0.0119475
257.335,1,403.5,0.0120115
258.201,1,403,0.0120941
259.067,1,402.5,0.0122065
259.933,1,402,0.0123276
260.799,1,401.5,0.0124501
261.665,1,401,0.0125369
262.531,1,400.5,0.0126009
263.397,1,400,0.0126609
264.263,1,399.5,0.0127052
265.13,1,399,0.0127268
265.996,1,398.5,0.0127474
266.862,1,398,0.0127491
267.728,1,397.5,0.0127031
268.594,1,397,0.0126475
269.46,1,396.5,0.0125766
270.326,1,396,0.0124615
271.192,1,395.5,0.0123378
272.058,1,395,0.0122087
272.924,1,394.5,0.0122399
273.79,1,394,0.0122648
274.656,1,393.5,0.0122811
275.522,1,393,0.0123667
276.388,1,392.5,0.0124649
277.254,1,392,0.0125813
278.12,1,391.5,0.0128029
278.986,1,391,0.0130761
279.852,1,390.5,0.01336
280.718,1,390,0.0136105
281.584,1,389.5,0.0137879
282.45,1,389,0.0139033
283.316,1,388.5,0.0139342
284.182,1,388,0.0138569
285.048,1,387.5,0.0137476
285.914,1,387,0.0136095
286.78,1,386.5,0.0135273
287.646,1,386,0.0134416
288.512,1,385.5,0.013342
289.378,1,385,0.0133237
290.244,1,384.5,0.0132877
291.11,1,384,0.0132635
291.976,1,383.5,0.0133937
292.842,1,383,0.0135093
293.708,1,382.5,0.0135934
294.574,1,382,0.013778
295.44,1,381.5,0.014018
296.306,1,381,0.0146651
297.172,1,380.5,0.015509
298.038,1,380,0.0164355
298.905,1,379.5,0.0173581
299.771,1,379,0.0182869
300.637,1,378.5,0.0190183
301.503,1,378,0.0194472
302.369,1,377.5,0.0198518
303.235,1,377,0.0189181
304.101,1,376.5,0.0187696
304.967,1,376,0.0200643
305.833,1,375.5,0.0216941
306.699,1,375,0.0236011
307.565,1,374.5,0.0256446
308.431,1,374,0.027826
309.297,1,373.5,0.0302541
310.163,1,373,0.0327728
311.029,1,372.5,0.0350856
311.895,1,372,0.0363963
312.761,1,371.5,0.0376342
313.627,1,371,0.0390223
314.493,1,370.5,0.0402946
315.359,1,370,0.0411573
316.225,1,369.5,0.0419878
317.091,1,369,0.0421909
317.957,1,368.5,0.0424456
318.823,1,368,0.0430041
319.689,1,367.5,0.0439924
320.555,1,367,0.0454648
321.421,1,366.5,0.0460882
322.287,1,366,0.0466602
323.153,1,365.5,0.0469656
324.019,1,365,0.0469272
324.885,1,364.5,0.0467212
325.751,1,364,0.0465972
326.617,1,363.5,0.0467247
327.483,1,363,0.0470246
328.349,1,362.5,0.0472211
329.215,1,362,0.0472068
330.081,1,361.5,0.0468646
330.947,1,361,0.0466112
331.813,1,360.5,0.0462821
332.679,1,360,0.0458193
333.546,1,359.5,0.0448295
334.412,1,359,0.043784
335.278,1,358.5,0.0431479
336.144,1,358,0.0432135
337.01,1,357.5,0.0433514
337.876,1,357,0.0421384
338.742,1,356.5,0.0409244
339.608,1,356,0.0403847
340.474,1,355.5,0.0415523
341.34,1,355,0.0430088
342.206,1,354.5,0.0432499
343.072,1,354,0.0434211
343.938,1,353.5,0.0434603
344.804,1,353,0.043636
345.67,1,352.5,0.0439521
346.536,1,352,0.0443409
347.402,1,351.5,0.0443936
348.268,1,351,0.0444769
349.134,1,350.5,0.0451443
350,1,350,0.0458633
350.866,1,349.5,0.0462579
351.732,1,349,0.0466425
352.598,1,348.5,0.0471941
353.464,1,348,0.0475945
354.33,1,347.5,0.047976
355.196,1,347,0.0483358
356.062,1,346.5,0.0485358
356.928,1,346,0.0485495
357.794,1,345.5,0.0479535
358.66,1,345,0.0470507
359.526,1,344.5,0.0458884
360.392,1,344,0.0446726
361.258,1,343.5,0.043557
362.124,1,343,0.0422316
362.99,1,342.5,0.0412634
363.856,1,342,0.0408887
364.722,1,341.5,0.0409032
365.588,1,341,0.0410347
366.454,1,340.5,0.041114
367.321,1,340,0.0418887
368.187,1,339.5,0.0425368
369.053,1,339,0.0428873
369.919,1,338.5,0.0429002
370.785,1,338,0.0428928
371.651,1,337.5,0.0432743
372.517,1,337,0.043172
373.383,1,336.5,0.0425131
374.249,1,336,0.0407425
375.115,1,335.5,0.0389765
375.981,1,335,0.0333355
376.847,1,334.5,0.0283783
377.713,1,334,0.0278802
378.579,1,333.5,0.0281834
379.445,1,333,0.0281837
380.311,1,332.5,0.0300439
381.177,1,332,0.0344291
382.043,1,331.5,0.0404965
382.909,1,331,0.0493374
383.775,1,330.5,0.0569432
384.641,1,330,0.0631907
385.507,1,329.5,0.068441
386.373,1,329,0.0738943
387.239,1,328.5,0.07618
388.105,1,328,0.0775678
388.971,1,327.5,0.0812891
389.837,1,327,0.0822518
390.703,1,326.5,0.083311
391.569,1,326,0.0844344
392.435,1,325.5,0.0854551
393.301,1,325,0.0868905
394.167,1,324.5,0.0883627
395.033,1,324,0.0898294
395.899,1,323.5,0.0918884
396.765,1,323,0.0939947
397.631,1,322.5,0.0960395
398.497,1,322,0.0983232
399.363,1,321.5,0.0992591
400.229,1,321,0.100022
401.095,1,320.5,0.100247
401.962,1,320,0.0984446
402.828,1,319.5,0.096438
403.694,1,319,0.0934716
404.56,1,318.5,0.0895668
405.426,1,318,0.0852488
406.292,1,317.5,0.0814005
407.158,1,317,0.0785963
408.024,1,316.5,0.0749717
408.89,1,316,0.0738644
409.756,1,315.5,0.0718582
410.622,1,315,0.070715
411.488,1,314.5,0.0705253
412.354,1,314,0.0681093
413.22,1,313.5,0.0665935
414.086,1,313,0.0643591
414.952,1,312.5,0.0569249
415.818,1,312,0.0578079
416.684,1,311.5,0.0593235
417.55,1,311,0.0611891
418.416,1,310.5,0.0670175
419.282,1,310,0.0704705
420.148,1,309.5,0.0722524
421.014,1,309,0.0741408
421.88,1,308.5,0.0760948
422.746,1,308,0.0755303
423.612,1,307.5,0.0747579
424.478,1,307,0.0742327
425.344,1,306.5,0.0732725
426.21,1,306,0.0711501
427.076,1,305.5,0.0666226
427.942,1,305,0.0583863
428.808,1,304.5,0.0505796
429.674,1,304,0.0466733
430.54,1,303.5,0.0387324
431.406,1,303,0.0286955
432.272,1,302.5,0.0233228
433.138,1,302,0.0212204
434.004,1,301.5,0.021586
434.87,1,301,0.0235207
435.737,1,300.5,0.0245424
436.603,1,300,0.0255857
437.469,1,299.5,0.0266294
438.335,1,299,0.0271514
439.201,1,298.5,0.0267634
440.067,1,298,0.0260243
440.933,1,297.5,0.0248013
441.799,1,297,0.0247508
442.665,1,296.5,0.0247711
443.531,1,296,0.025037
444.397,1,295.5,0.0252734
445.263,1,295,0.02551
446.129,1,294.5,0.025815
446.995,1,294,0.0260382
447.861,1,293.5,0.0262087
448.727,1,293,0.0264392
449.593,1,292.5,0.0265762
450.459,1,292,0.0265974
451.325,1,291.5,0.0277352
452.191,1,291,0.0277593
453.057,1,290.5,0.02755
453.923,1,290,0.0275634
454.789,1,289.5,0.0274516
455.655,1,289,0.0279228
456.521,1,288.5,0.0286526
457.387,1,288,0.0295731
458.253,1,287.5,0.0311136
459.119,1,287,0.0340219
459.985,1,286.5,0.0367468
460.851,1,286,0.0391798
461.717,1,285.5,0.0407677
462.583,1,285,0.0422752
463.449,1,284.5,0.043664
464.315,1,284,0.0448048
465.181,1,283.5,0.0460425
466.047,1,283,0.047251
466.913,1,282.5,0.0484303
467.779,1,282,0.0493683
468.645,1,281.5,0.0495259
469.512,1,281,0.0495064
470.378,1,280.5,0.0495434
471.244,1,280,0.0496369
472.11,1,279.5,0.049787
472.976,1,279,0.0499935
473.842,1,278.5,0.0498915
474.708,1,278,0.050119
475.574,1,277.5,0.0503296
476.44,1,277,0.0505164
477.306,1,276.5,0.0508573
478.172,1,276,0.0510381
479.038,1,275.5,0.0504613
479.904,1,275,0.0496554
480.77,1,274.5,0.0488424
481.636,1,274,0.0480223
482.502,1,273.5,0.0471953
483.368,1,273,0.0454233
484.234,1,272.5,0.0438438
485.1,1,272,0.0421901
485.966,1,271.5,0.0416196
486.832,1,271,0.0411999
487.698,1,270.5,0.0406949
488.564,1,270,0.0398624
489.43,1,269.5,0.0387497
490.296,1,269,0.037466
491.162,1,268.5,0.0361509
492.028,1,268,0.0349276
492.894,1,267.5,0.0338886
493.76,1,267,0.0330376
494.626,1,266.5,0.0323576
495.492,1,266,0.0319861
496.358,1,265.5,0.0316703
497.224,1,265,0.0313138
498.09,1,264.5,0.0310519
498.956,1,264,0.0308847
499.822,1,263.5,0.031095
500.688,1,263,0.031513
501.554,1,262.5,0.0321193
502.42,1,262,0.0330722
503.286,1,261.5,0.0341253
504.153,1,261,0.035167
505.019,1,260.5,0.0362325
505.885,1,260,0.0373443
506.751,1,259.5,0.0383824
507.617,1,259,0.0395012
508.483,1,258.5,0.0408116
509.349,1,258,0.04215
510.215,1,257.5,0.0432453
511.081,1,257,0.0438104
511.947,1,256.5,0.0444804
512.813,1,256,0.0452617
513.679,1,255.5,0.0462387
514.545,1,255,0.0472661
515.411,1,254.5,0.047871
516.277,1,254,0.0484932
517.143,1,253.5,0.0484904
518.009,1,253,0.0477547
518.875,1,252.5,0.047204
519.741,1,252,0.0468385
520.607,1,251.5,0.0466482
521.473,1,251,0.0462614
522.339,1,250.5,0.0457222
523.205,1,250,0.0451394
524.071,1,249.5,0.0450419
524.937,1,249,0.0451654
525.803,1,248.5,0.0451334
526.669,1,248,0.0450694
527.535,1,247.5,0.0450854
528.401,1,247,0.0444908
529.267,1,246.5,0.0438753
530.133,1,246,0.0430069
530.999,1,245.5,0.0427982
531.865,1,245,0.0422689
532.731,1,244.5,0.0416762
533.597,1,244,0.0411421
534.463,1,243.5,0.0406618
535.329,1,243,0.0404603
536.195,1,242.5,0.040234
537.061,1,242,0.039944
537.928,1,241.5,0.0397311
538.794,1,241,0.0394578
539.66,1,240.5,0.039332
540.526,1,240,0.0386846
541.392,1,239.5,0.0380653
542.258,1,239,0.0374741
543.124,1,238.5,0.0369109
543.99,1,238,0.0363758
544.856,1,237.5,0.0354307
545.722,1,237,0.0344171
546.588,1,236.5,0.0334302
547.454,1,236,0.03247
548.32,1,235.5,0.0315363
549.186,1,235,0.0288647
550.052,1,234.5,0.0272837
550.918,1,234,0.0257745
551.784,1,233.5,0.0250797
552.65,1,233,0.0249175
553.516,1,232.5,0.024784
554.382,1,232,0.0246424
555.248,1,231.5,0.0245064
556.114,1,231,0.0243783
556.98,1,230.5,0.0241218
557.846,1,230,0.023825
558.712,1,229.5,0.0235433
559.578,1,229,0.0232665
560.444,1,228.5,0.022983
561.31,1,228,0.0227009
562.176,1,227.5,0.0225527
563.042,1,227,0.0226206
563.908,1,226.5,0.022747
564.774,1,226,0.0229451
565.64,1,225.5,0.0232571
566.506,1,225,0.0235379
567.372,1,224.5,0.0238508
568.238,1,224,0.0243322
569.104,1,223.5,0.0248432
569.97,1,223,0.025382
570.836,1,222.5,0.0258892
571.703,1,222,0.0263664
572.569,1,221.5,0.0268362
573.435,1,221,0.0271638
574.301,1,220.5,0.0273684
575.167,1,220,0.0274329
576.033,1,219.5,0.0270922
576.899,1,219,0.0266245
577.765,1,218.5,0.0261366
578.631,1,218,0.0256547
579.497,1,217.5,0.0252149
580.363,1,217,0.024905
581.229,1,216.5,0.024674
582.095,1,216,0.024521
582.961,1,215.5,0.0243754
583.827,1,215,0.0242375
584.693,1,214.5,0.0241472
585.559,1,214,0.0241442
586.425,1,213.5,0.0241196
587.291,1,213,0.0240073
588.157,1,212.5,0.0238302
589.023,1,212,0.0235946
589.889,1,211.5,0.0235427
590.755,1,211,0.0234968
591.621,1,210.5,0.0233785
592.487,1,210,0.0234121
593.353,1,209.5,0.0235012
594.219,1,209,0.0235277
595.085,1,208.5,0.023553
595.951,1,208,0.0234841
596.817,1,207.5,0.02336
597.683,1,207,0.0231131
598.549,1,206.5,0.0226292
599.415,1,206,0.0222785
600.281,1,205.5,0.0219396
601.147,1,205,0.0217043
602.013,1,204.5,0.021459
602.879,1,204,0.0212037
603.745,1,203.5,0.0212156
604.611,1,203,0.0213881
605.477,1,202.5,0.0214767
606.344,1,202,0.02166
607.21,1,201.5,0.0220603
608.076,1,201,0.0226591
608.942,1,200.5,0.0233669
609.808,1,200,0.0241215
