x,y,z,b
90.1924,1,500,0.0138258
91.0584,1,499.5,0.0137134
91.9244,1,499,0.0135983
92.7905,1,498.5,0.0135231
93.6565,1,498,0.0134499
94.5225,1,497.5,0.0133831
95.3885,1,497,0.0133387
96.2546,1,496.5,0.0133027
97.1206,1,496,0.0132081
97.9866,1,495.5,0.0130955
98.8526,1,495,0.0129936
99.7187,1,494.5,0.0129024
100.585,1,494,0.0128528
101.451,1,493.5,0.0128234
102.317,1,493,0.0128592
103.183,1,492.5,0.0128986
104.049,1,492,0.0129168
104.915,1,491.5,0.0129046
105.781,1,491,0.012873
106.647,1,490.5,0.0128497
107.513,1,490,0.0128641
108.379,1,489.5,0.0129158
109.245,1,489,0.0130163
110.111,1,488.5,0.0131578
110.977,1,488,0.0133027
111.843,1,487.5,0.0132597
112.709,1,487,0.0131736
113.575,1,486.5,0.013045
114.441,1,486,0.0128813
115.307,1,485.5,0.0126801
116.173,1,485,0.0127158
117.039,1,484.5,0.0128914
117.905,1,484,0.0130865
118.771,1,483.5,0.0133005
119.637,1,483,0.0134933
120.503,1,482.5,0.0135804
121.369,1,482,0.0133777
122.235,1,481.5,0.0131783
123.101,1,481,0.012997
123.967,1,480.5,0.012839
124.833,1,480,0.0127196
125.699,1,479.5,0.0128766
126.565,1,479,0.0130743
127.431,1,478.5,0.0132323
128.297,1,478,0.0133334
129.164,1,477.5,0.0133772
130.03,1,477,0.0133365
130.896,1,476.5,0.0132327
131.762,1,476,0.0131895
132.628,1,475.5,0.013207
133.494,1,475,0.0132734
134.36,1,474.5,0.0133928
135.226,1,474,0.0133749
136.092,1,473.5,0.0132869
136.958,1,473,0.0131798
137.824,1,472.5,0.0130547
138.69,1,472,0.0129244
139.556,1,471.5,0.0129315
140.422,1,471,0.0132014
141.288,1,470.5,0.0134834
142.154,1,470,0.0137501
143.02,1,469.5,0.0140022
143.886,1,469,0.0142378
144.752,1,468.5,0.0140663
145.618,1,468,0.0138788
146.484,1,467.5,0.0137308
147.35,1,467,0.0136405
148.216,1,466.5,0.013593
149.082,1,466,0.0137059
149.948,1,465.5,0.0139562
150.814,1,465,0.014153
151.68,1,464.5,0.0142963
152.546,1,464,0.0143768
153.412,1,463.5,0.0144031
154.278,1,463,0.0142908
155.144,1,462.5,0.0142074
156.01,1,462,0.0141576
156.876,1,461.5,0.0141388
157.742,1,461,0.0141648
158.608,1,460.5,0.0142387
159.474,1,460,0.0143009
160.34,1,459.5,0.0143274
161.206,1,459,0.0143219
162.072,1,458.5,0.0142899
162.939,1,458,0.0142321
163.805,1,457.5,0.0142778
164.671,1,457,0.014357
165.537,1,456.5,0.0144663
166.403,1,456,0.0145804
167.269,1,455.5,0.0147186
168.135,1,455,0.0147357
169.001,1,454.5,0.0146092
169.867,1,454,0.0144571
170.733,1,453.5,0.0142798
171.599,1,453,0.0140584
172.465,1,452.5,0.0138315
173.331,1,452,0.0139409
174.197,1,451.5,0.0140717
175.063,1,451,0.014241
175.929,1,450.5,0.0144574
176.795,1,450,0.0147215
177.661,1,449.5,0.0147454
178.527,1,449,0.014573
179.393,1,448.5,0.0143677
180.259,1,448,0.0141343
181.125,1,447.5,0.0138833
181.991,1,447,0.0136838
182.857,1,446.5,0.0138848
183.723,1,446,0.014082
184.589,1,445.5,0.0142754
185.455,1,445,0.0144549
186.321,1,444.5,0.0146156
187.187,1,444,0.0145591
188.053,1,443.5,0.0144103
188.919,1,443,0.0142924
189.785,1,442.5,0.0142075
190.651,1,442,0.0141472
191.517,1,441.5,0.0141329
192.383,1,441,0.014194
193.249,1,440.5,0.0142165
194.115,1,440,0.0142023
194.981,1,439.5,0.0141654
195.847,1,439,0.0140988
196.714,1,438.5,0.0140272
197.58,1,438,0.0139852
198.446,1,437.5,0.0139666
199.312,1,437,0.0139573
200.178,1,436.5,0.0139602
201.044,1,436,0.0139534
201.91,1,435.5,0.0138598
202.776,1,435,0.0137532
203.642,1,434.5,0.0136336
204.508,1,434,0.0134991
205.374,1,433.5,0.0133558
206.24,1,433,0.0132319
207.106,1,432.5,0.013127
207.972,1,432,0.0130267
208.838,1,431.5,0.0129266
209.704,1,431,0.0128546
210.57,1,430.5,0.0128078
211.436,1,430,0.0127712
212.302,1,429.5,0.0127505
213.168,1,429,0.0127452
214.034,1,428.5,0.0127433
214.9,1,428,0.0127439
215.766,1,427.5,0.0127305
216.632,1,427,0.0127144
217.498,1,426.5,0.0126956
218.364,1,426,0.0126627
219.23,1,425.5,0.0126297
220.096,1,425,0.0126275
220.962,1,424.5,0.0126708
221.828,1,424,0.0126845
222.694,1,423.5,0.0126682
223.56,1,423,0.0126523
224.426,1,422.5,0.0126128
225.292,1,422,0.0126314
226.158,1,421.5,0.0127522
227.024,1,421,0.0129306
227.89,1,420.5,0.0131418
228.756,1,420,0.0134031
229.622,1,419.5,0.0135598
230.488,1,419,0.0135286
231.355,1,418.5,0.0134849
232.221,1,418,0.0134632
233.087,1,417.5,0.0134309
233.953,1,417,0.0134065
234.819,1,416.5,0.0137192
235.685,1,416,0.0140166
236.551,1,415.5,0.014296
237.417,1,415,0.0146064
238.283,1,414.5,0.014895
239.149,1,414,0.0150799
240.015,1,413.5,0.0150724
240.881,1,413,0.0150863
241.747,1,412.5,0.0151413
242.613,1,412,0.0151126
243.479,1,411.5,0.015051
244.345,1,411,0.0150357
245.211,1,410.5,0.014979
246.077,1,410,0.014886
246.943,1,409.5,0.0147833
247.809,1,409,0.0146288
248.675,1,408.5,0.0143731
249.541,1,408,0.0141052
250.407,1,407.5,0.0138849
251.273,1,407,0.0137994
252.139,1,406.5,0.0137325
253.005,1,406,0.0136875
253.871,1,405.5,0.0137164
254.737,1,405,0.0137698
255.603,1,404.5,0.0138478
256.469,1,404,0.0140824
257.335,1,403.5,0.0143707
258.201,1,403,0.0147071
259.067,1,402.5,0.0150061
259.933,1,402,0.0152792
260.799,1,401.5,0.0155399
261.665,1,401,0.0156313
262.531,1,400.5,0.0156135
263.397,1,400,0.0155504
264.263,1,399.5,0.0153759
265.13,1,399,0.0150527
265.996,1,398.5,0.0147163
266.862,1,398,0.0143446
267.728,1,397.5,0.014036
268.594,1,397,0.0138822
269.46,1,396.5,0.0139083
270.326,1,396,0.0143041
271.192,1,395.5,0.0147083
272.058,1,395,0.0150819
272.924,1,394.5,0.0179977
273.79,1,394,0.0230431
274.656,1,393.5,0.0240373
275.522,1,393,0.0250693
276.388,1,392.5,0.0261934
277.254,1,392,0.0275
278.12,1,391.5,0.0288144
278.986,1,391,0.0301122
279.852,1,390.5,0.0305809
280.718,1,390,0.0309022
281.584,1,389.5,0.0310762
282.45,1,389,0.0308884
283.316,1,388.5,0.0307918
284.182,1,388,0.0308098
285.048,1,387.5,0.0309426
285.914,1,387,0.0311901
286.78,1,386.5,0.0315523
287.646,1,386,0.0318402
288.512,1,385.5,0.0320594
289.378,1,385,0.0317465
290.244,1,384.5,0.0313748
291.11,1,384,0.0309446
291.976,1,383.5,0.0304558
292.842,1,383,0.0298745
293.708,1,382.5,0.0280277
294.574,1,382,0.0267005
295.44,1,381.5,0.0251086
296.306,1,381,0.023649
297.172,1,380.5,0.0222722
298.038,1,380,0.0203259
298.905,1,379.5,0.018344
299.771,1,379,0.0175499
300.637,1,378.5,0.0173831
301.503,1,378,0.01756
302.369,1,377.5,0.0180681
303.235,1,377,0.0186995
304.101,1,376.5,0.019541
304.967,1,376,0.0204155
305.833,1,375.5,0.0212327
306.699,1,375,0.0220951
307.565,1,374.5,0.0234992
308.431,1,374,0.0252003
309.297,1,373.5,0.0270079
310.163,1,373,0.0288246
311.029,1,372.5,0.0307999
311.895,1,372,0.0329978
312.761,1,371.5,0.0357289
313.627,1,371,0.0394952
314.493,1,370.5,0.0445276
315.359,1,370,0.0495345
316.225,1,369.5,0.0527203
317.091,1,369,0.0540467
317.957,1,368.5,0.0556843
318.823,1,368,0.0573911
319.689,1,367.5,0.0584204
320.555,1,367,0.0593341
321.421,1,366.5,0.0600951
322.287,1,366,0.0594242
323.153,1,365.5,0.0590677
324.019,1,365,0.0590355
324.885,1,364.5,0.0584967
325.751,1,364,0.0576741
326.617,1,363.5,0.0565706
327.483,1,363,0.0571369
328.349,1,362.5,0.0581832
329.215,1,362,0.0599295
330.081,1,361.5,0.0622078
330.947,1,361,0.0643622
331.813,1,360.5,0.0662818
332.679,1,360,0.0681057
333.546,1,359.5,0.0698171
334.412,1,359,0.0726593
335.278,1,358.5,0.0752117
336.144,1,358,0.0772071
337.01,1,357.5,0.0789826
337.876,1,357,0.0799753
338.742,1,356.5,0.0788256
339.608,1,356,0.0782895
340.474,1,355.5,0.078249
341.34,1,355,0.0768395
342.206,1,354.5,0.0743975
343.072,1,354,0.0709148
343.938,1,353.5,0.0729679
344.804,1,353,0.0751864
345.67,1,352.5,0.0768452
346.536,1,352,0.071418
347.402,1,351.5,0.0598433
348.268,1,351,0.0511135
349.134,1,350.5,0.0393749
350,1,350,0.0349498
350.866,1,349.5,0.0296845
351.732,1,349,0.0317481
352.598,1,348.5,0.0344685
353.464,1,348,0.032353
354.33,1,347.5,0.0334553
355.196,1,347,0.0356453
356.062,1,346.5,0.0387567
356.928,1,346,0.0387862
357.794,1,345.5,0.0391023
358.66,1,345,0.0396821
359.526,1,344.5,0.0405942
360.392,1,344,0.0410011
361.258,1,343.5,0.0413446
362.124,1,343,0.0416323
362.99,1,342.5,0.0400068
363.856,1,342,0.0382137
364.722,1,341.5,0.0367781
365.588,1,341,0.0364985
366.454,1,340.5,0.0368632
367.321,1,340,0.037522
368.187,1,339.5,0.0386721
369.053,1,339,0.0404978
369.919,1,338.5,0.0419213
370.785,1,338,0.0435719
371.651,1,337.5,0.0445582
372.517,1,337,0.0451735
373.383,1,336.5,0.0456812
374.249,1,336,0.0457452
375.115,1,335.5,0.0457584
375.981,1,335,0.0457192
376.847,1,334.5,0.0447299
377.713,1,334,0.0439142
378.579,1,333.5,0.0433358
379.445,1,333,0.0429991
380.311,1,332.5,0.0427556
381.177,1,332,0.0424213
382.043,1,331.5,0.0420748
382.909,1,331,0.0418362
383.775,1,330.5,0.0416522
384.641,1,330,0.0414379
385.507,1,329.5,0.0410537
386.373,1,329,0.0398385
387.239,1,328.5,0.0392353
388.105,1,328,0.0395842
388.971,1,327.5,0.0398935
389.837,1,327,0.0400487
390.703,1,326.5,0.0401551
391.569,1,326,0.0405901
392.435,1,325.5,0.0410401
393.301,1,325,0.0417139
394.167,1,324.5,0.0424655
395.033,1,324,0.0432948
395.899,1,323.5,0.0438168
396.765,1,323,0.0445864
397.631,1,322.5,0.0456555
398.497,1,322,0.0467322
399.363,1,321.5,0.0475877
400.229,1,321,0.0481245
401.095,1,320.5,0.0481382
401.962,1,320,0.0479377
402.828,1,319.5,0.0477669
403.694,1,319,0.0475976
404.56,1,318.5,0.0475009
405.426,1,318,0.047843
406.292,1,317.5,0.0482392
407.158,1,317,0.0487125
408.024,1,316.5,0.0492471
408.89,1,316,0.0498404
409.756,1,315.5,0.0504458
410.622,1,315,0.0502532
411.488,1,314.5,0.0505139
412.354,1,314,0.0509139
413.22,1,313.5,0.0514608
414.086,1,313,0.0521214
414.952,1,312.5,0.0527606
415.818,1,312,0.0527334
416.684,1,311.5,0.0526669
417.55,1,311,0.0523764
418.416,1,310.5,0.0518318
419.282,1,310,0.0511035
420.148,1,309.5,0.0511957
421.014,1,309,0.0514912
421.88,1,308.5,0.0509718
422.746,1,308,0.0503983
423.612,1,307.5,0.0496102
424.478,1,307,0.0487357
425.344,1,306.5,0.0478903
426.21,1,306,0.0470434
427.076,1,305.5,0.0463486
427.942,1,305,0.0458027
428.808,1,304.5,0.0452345
429.674,1,304,0.0447926
430.54,1,303.5,0.0442063
431.406,1,303,0.0435875
432.272,1,302.5,0.0436321
433.138,1,302,0.0439169
434.004,1,301.5,0.044214
434.87,1,301,0.0447356
435.737,1,300.5,0.0454124
436.603,1,300,0.0459209
437.469,1,299.5,0.0466154
438.335,1,299,0.046968
439.201,1,298.5,0.0472995
440.067,1,298,0.0475974
440.933,1,297.5,0.0478092
441.799,1,297,0.0479432
442.665,1,296.5,0.0475257
443.531,1,296,0.046978
444.397,1,295.5,0.046453
445.263,1,295,0.0456858
446.129,1,294.5,0.045158
446.995,1,294,0.0448696
447.861,1,293.5,0.0443804
448.727,1,293,0.043941
449.593,1,292.5,0.0435911
450.459,1,292,0.0433015
451.325,1,291.5,0.0430581
452.191,1,291,0.0428491
453.057,1,290.5,0.0426076
453.923,1,290,0.0423349
454.789,1,289.5,0.0420427
455.655,1,289,0.0416979
456.521,1,288.5,0.0412757
457.387,1,288,0.0408245
458.253,1,287.5,0.0402841
459.119,1,287,0.0395947
459.985,1,286.5,0.0388564
460.851,1,286,0.0380682
461.717,1,285.5,0.037247
462.583,1,285,0.036475
463.449,1,284.5,0.0357594
464.315,1,284,0.0351935
465.181,1,283.5,0.0347004
466.047,1,283,0.0342791
466.913,1,282.5,0.0340753
467.779,1,282,0.0340062
468.645,1,281.5,0.0340671
469.512,1,281,0.0343281
470.378,1,280.5,0.0347505
471.244,1,280,0.0352629
472.11,1,279.5,0.0357297
472.976,1,279,0.0361167
473.842,1,278.5,0.036526
474.708,1,278,0.0368828
475.574,1,277.5,0.0370815
476.44,1,277,0.0371669
477.306,1,276.5,0.0372295
478.172,1,276,0.0372014
479.038,1,275.5,0.0372416
479.904,1,275,0.0373561
480.77,1,274.5,0.0377616
481.636,1,274,0.0381635
482.502,1,273.5,0.0385539
483.368,1,273,0.0388895
484.234,1,272.5,0.0391297
485.1,1,272,0.0392442
485.966,1,271.5,0.0390961
486.832,1,271,0.0389202
487.698,1,270.5,0.0387246
488.564,1,270,0.0384723
489.43,1,269.5,0.038164
490.296,1,269,0.0376986
491.162,1,268.5,0.0373183
492.028,1,268,0.0370916
492.894,1,267.5,0.0369288
493.76,1,267,0.0368018
494.626,1,266.5,0.0366528
495.492,1,266,0.0366208
496.358,1,265.5,0.0365709
497.224,1,265,0.0364715
498.09,1,264.5,0.0363746
498.956,1,264,0.0362801
499.822,1,263.5,0.0362356
500.688,1,263,0.0362707
501.554,1,262.5,0.036424
502.42,1,262,0.0370563
503.286,1,261.5,0.0379454
504.153,1,261,0.0389885
505.019,1,260.5,0.0398506
505.885,1,260,0.0405071
506.751,1,259.5,0.0411267
507.617,1,259,0.0415369
508.483,1,258.5,0.0417248
509.349,1,258,0.0418613
510.215,1,257.5,0.0419374
511.081,1,257,0.0419224
511.947,1,256.5,0.0418634
512.813,1,256,0.0417602
513.679,1,255.5,0.0416799
514.545,1,255,0.0417087
515.411,1,254.5,0.0417338
516.277,1,254,0.041653
517.143,1,253.5,0.0415369
518.009,1,253,0.0413875
518.875,1,252.5,0.0411619
519.741,1,252,0.0408431
520.607,1,251.5,0.0404383
521.473,1,251,0.0397885
522.339,1,250.5,0.0389395
523.205,1,250,0.0381724
524.071,1,249.5,0.0375731
524.937,1,249,0.0367187
525.803,1,248.5,0.035583
526.669,1,248,0.0343
527.535,1,247.5,0.033071
528.401,1,247,0.0320855
529.267,1,246.5,0.0311121
530.133,1,246,0.0308811
530.999,1,245.5,0.0305069
531.865,1,245,0.0299985
532.731,1,244.5,0.0300158
533.597,1,244,0.0302803
534.463,1,243.5,0.0302641
535.329,1,243,0.0300098
536.195,1,242.5,0.0295496
537.061,1,242,0.0288821
537.928,1,241.5,0.0290171
538.794,1,241,0.0289195
539.66,1,240.5,0.0285354
540.526,1,240,0.0279424
541.392,1,239.5,0.0271638
542.258,1,239,0.0265436
543.124,1,238.5,0.0264618
543.99,1,238,0.0265389
544.856,1,237.5,0.0262912
545.722,1,237,0.0260038
546.588,1,236.5,0.0264106
547.454,1,236,0.0266941
548.32,1,235.5,0.0268644
549.186,1,235,0.0272003
550.052,1,234.5,0.0274112
550.918,1,234,0.0274972
551.784,1,233.5,0.0271703
552.65,1,233,0.0267203
553.516,1,232.5,0.0261914
554.382,1,232,0.0255932
555.248,1,231.5,0.0249459
556.114,1,231,0.0242528
556.98,1,230.5,0.0238533
557.846,1,230,0.0235594
558.712,1,229.5,0.0231607
559.578,1,229,0.0228701
560.444,1,228.5,0.0227438
561.31,1,228,0.0227821
562.176,1,227.5,0.0233963
563.042,1,227,0.0251523
563.908,1,226.5,0.0270621
564.774,1,226,0.0291565
565.64,1,225.5,0.031497
566.506,1,225,0.0335343
567.372,1,224.5,0.034959
568.238,1,224,0.0342456
569.104,1,223.5,0.0334383
569.97,1,223,0.032559
570.836,1,222.5,0.0302807
571.703,1,222,0.0278705
572.569,1,221.5,0.0255822
573.435,1,221,0.0242811
574.301,1,220.5,0.0234748
575.167,1,220,0.0227358
576.033,1,219.5,0.0223928
576.899,1,219,0.0224293
577.765,1,218.5,0.0224822
578.631,1,218,0.0226521
579.497,1,217.5,0.0229774
580.363,1,217,0.0235525
581.229,1,216.5,0.0240821
582.095,1,216,0.0244445
582.961,1,215.5,0.0247275
583.827,1,215,0.024943
584.693,1,214.5,0.0252741
585.559,1,214,0.0255156
586.425,1,213.5,0.0257898
587.291,1,213,0.0258744
588.157,1,212.5,0.0260679
589.023,1,212,0.0264051
589.889,1,211.5,0.0266817
590.755,1,211,0.0269882
591.621,1,210.5,0.0273837
592.487,1,210,0.0278259
593.353,1,209.5,0.0282366
594.219,1,209,0.0285291
595.085,1,208.5,0.0286023
595.951,1,208,0.0285726
596.817,1,207.5,0.0285436
597.683,1,207,0.0284587
598.549,1,206.5,0.0281982
599.415,1,206,0.0278497
600.281,1,205.5,0.0275321
601.147,1,205,0.0272096
602.013,1,204.5,0.0268504
602.879,1,204,0.0264545
603.745,1,203.5,0.0263716
604.611,1,203,0.0263738
605.477,1,202.5,0.0264746
606.344,1,202,0.0265477
607.21,1,201.5,0.0266556
608.076,1,201,0.0268294
608.942,1,200.5,0.0268504
609.808,1,200,0.0271485
