x,y,z,b
90.1924,1,500,0.0125563
91.0584,1,499.5,0.0125841
91.9244,1,499,0.0126157
92.7905,1,498.5,0.0126557
93.6565,1,498,0.0126961
94.5225,1,497.5,0.0127381
95.3885,1,497,0.0127857
96.2546,1,496.5,0.0128341
97.1206,1,496,0.0128829
97.9866,1,495.5,0.0129216
98.8526,1,495,0.0129604
99.7187,1,494.5,0.0129993
100.585,1,494,0.0130096
101.451,1,493.5,0.0130175
102.317,1,493,0.0130272
103.183,1,492.5,0.013031
104.049,1,492,0.0130327
104.915,1,491.5,0.0130345
105.781,1,491,0.0130335
106.647,1,490.5,0.0130275
107.513,1,490,0.01302
108.379,1,489.5,0.0130088
109.245,1,489,0.0129927
110.111,1,488.5,0.0129762
110.977,1,488,0.0129556
111.843,1,487.5,0.0129231
112.709,1,487,0.0128901
113.575,1,486.5,0.0128559
114.441,1,486,0.012815
115.307,1,485.5,0.0127749
116.173,1,485,0.0127332
117.039,1,484.5,0.0126916
117.905,1,484,0.0126499
118.771,1,483.5,0.0126077
119.637,1,483,0.0125732
120.503,1,482.5,0.0125419
121.369,1,482,0.0125162
122.235,1,481.5,0.0125004
123.101,1,481,0.0124917
123.967,1,480.5,0.0124855
124.833,1,480,0.0124879
125.699,1,479.5,0.0124899
126.565,1,479,0.0124894
127.431,1,478.5,0.0124885
128.297,1,478,0.0124869
129.164,1,477.5,0.0124849
130.03,1,477,0.0124869
130.896,1,476.5,0.0124978
131.762,1,476,0.012508
132.628,1,475.5,0.0125174
133.494,1,475,0.0125224
134.36,1,474.5,0.0125264
135.226,1,474,0.012516
136.092,1,473.5,0.0124975
136.958,1,473,0.0124776
137.824,1,472.5,0.0124571
138.69,1,472,0.0124332
139.556,1,471.5,0.012409
140.422,1,471,0.0123855
141.288,1,470.5,0.0123599
142.154,1,470,0.0123322
143.02,1,469.5,0.012303
143.886,1,469,0.0122723
144.752,1,468.5,0.0122491
145.618,1,468,0.0122277
146.484,1,467.5,0.0122071
147.35,1,467,0.0121872
148.216,1,466.5,0.0121679
149.082,1,466,0.0121473
149.948,1,465.5,0.0121233
150.814,1,465,0.0120986
151.68,1,464.5,0.0120732
152.546,1,464,0.0120456
153.412,1,463.5,0.0120174
154.278,1,463,0.0119976
155.144,1,462.5,0.0119732
156.01,1,462,0.0119472
156.876,1,461.5,0.0119212
157.742,1,461,0.0118981
158.608,1,460.5,0.0118721
159.474,1,460,0.011841
160.34,1,459.5,0.0118195
161.206,1,459,0.0118104
162.072,1,458.5,0.0118009
162.939,1,458,0.0117932
163.805,1,457.5,0.0117992
164.671,1,457,0.0118047
165.537,1,456.5,0.0118109
166.403,1,456,0.0118242
167.269,1,455.5,0.011837
168.135,1,455,0.01185
169.001,1,454.5,0.0118784
169.867,1,454,0.0119088
170.733,1,453.5,0.0119407
171.599,1,453,0.0119936
172.465,1,452.5,0.0120526
173.331,1,452,0.0121081
174.197,1,451.5,0.0121835
175.063,1,451,0.0122702
175.929,1,450.5,0.0123582
176.795,1,450,0.0124578
177.661,1,449.5,0.0125773
178.527,1,449,0.0127036
179.393,1,448.5,0.0128346
180.259,1,448,0.0129717
181.125,1,447.5,0.0131093
181.991,1,447,0.0132434
182.857,1,446.5,0.0133562
183.723,1,446,0.0134702
184.589,1,445.5,0.0135853
185.455,1,445,0.0136881
186.321,1,444.5,0.0137922
187.187,1,444,0.0139047
188.053,1,443.5,0.0140101
188.919,1,443,0.0141131
189.785,1,442.5,0.0142154
190.651,1,442,0.0143147
191.517,1,441.5,0.0144103
192.383,1,441,0.0144973
193.249,1,440.5,0.0145832
194.115,1,440,0.0146678
194.981,1,439.5,0.0147515
195.847,1,439,0.0148318
196.714,1,438.5,0.0149048
197.58,1,438,0.0149748
198.446,1,437.5,0.0150418
199.312,1,437,0.0151041
200.178,1,436.5,0.0151635
201.044,1,436,0.015223
201.91,1,435.5,0.0152881
202.776,1,435,0.0153531
203.642,1,434.5,0.0154178
204.508,1,434,0.0154538
205.374,1,433.5,0.0154878
206.24,1,433,0.0155285
207.106,1,432.5,0.0155491
207.972,1,432,0.0155626
208.838,1,431.5,0.015576
209.704,1,431,0.0155834
210.57,1,430.5,0.0155842
211.436,1,430,0.015579
212.302,1,429.5,0.0155703
213.168,1,429,0.0155567
214.034,1,428.5,0.0155417
214.9,1,428,0.0155202
215.766,1,427.5,0.0154827
216.632,1,427,0.0154419
217.498,1,426.5,0.0153951
218.364,1,426,0.0153271
219.23,1,425.5,0.0152569
220.096,1,425,0.0151886
220.962,1,424.5,0.015112
221.828,1,424,0.0150346
222.694,1,423.5,0.0149565
223.56,1,423,0.0148699
224.426,1,422.5,0.0147813
225.292,1,422,0.0146957
226.158,1,421.5,0.0146068
227.024,1,421,0.0145166
227.89,1,420.5,0.0144274
228.756,1,420,0.0143366
229.622,1,419.5,0.0142386
230.488,1,419,0.0141347
231.355,1,418.5,0.0140306
232.221,1,418,0.0139254
233.087,1,417.5,0.0138223
233.953,1,417,0.0137205
234.819,1,416.5,0.0136202
235.685,1,416,0.0135244
236.551,1,415.5,0.0134331
237.417,1,415,0.0133425
238.283,1,414.5,0.0132557
239.149,1,414,0.0131668
240.015,1,413.5,0.0130745
240.881,1,413,0.0129835
241.747,1,412.5,0.0128938
242.613,1,412,0.0128111
243.479,1,411.5,0.012732
244.345,1,411,0.0126529
245.211,1,410.5,0.0125802
246.077,1,410,0.0125118
246.943,1,409.5,0.0124415
247.809,1,409,0.0123725
248.675,1,408.5,0.0122998
249.541,1,408,0.0122206
250.407,1,407.5,0.0121393
251.273,1,407,0.0120547
252.139,1,406.5,0.0119687
253.005,1,406,0.0118787
253.871,1,405.5,0.0117625
254.737,1,405,0.0116447
255.603,1,404.5,0.0115253
256.469,1,404,0.0113729
257.335,1,403.5,0.0112177
258.201,1,403,0.0110663
259.067,1,402.5,0.0108948
259.933,1,402,0.010719
260.799,1,401.5,0.0105453
261.665,1,401,0.0103551
262.531,1,400.5,0.0101554
263.397,1,400,0.00996859
264.263,1,399.5,0.00980021
265.13,1,399,0.00964848
265.996,1,398.5,0.00950637
266.862,1,398,0.0094186
267.728,1,397.5,0.00944742
268.594,1,397,0.00948561
269.46,1,396.5,0.00953434
270.326,1,396,0.00961066
271.192,1,395.5,0.00968791
272.058,1,395,0.00976824
272.924,1,394.5,0.00991317
273.79,1,394,0.0100538
274.656,1,393.5,0.0101891
275.522,1,393,0.0103849
276.388,1,392.5,0.0105868
277.254,1,392,0.0108032
278.12,1,391.5,0.0110663
278.986,1,391,0.0113421
279.852,1,390.5,0.0116064
280.718,1,390,0.0118836
281.584,1,389.5,0.0121833
282.45,1,389,0.0124943
283.316,1,388.5,0.0128094
284.182,1,388,0.0131368
285.048,1,387.5,0.0134715
285.914,1,387,0.0138146
286.78,1,386.5,0.014185
287.646,1,386,0.014569
288.512,1,385.5,0.0149639
289.378,1,385,0.0153715
290.244,1,384.5,0.0157898
291.11,1,384,0.0162209
291.976,1,383.5,0.0166688
292.842,1,383,0.0171017
293.708,1,382.5,0.017518
294.574,1,382,0.0180809
295.44,1,381.5,0.0187996
296.306,1,381,0.0193541
297.172,1,380.5,0.0196906
298.038,1,380,0.0196586
298.905,1,379.5,0.0191191
299.771,1,379,0.0190506
300.637,1,378.5,0.0192217
301.503,1,378,0.0194443
302.369,1,377.5,0.0196545
303.235,1,377,0.0194064
304.101,1,376.5,0.018909
304.967,1,376,0.0187478
305.833,1,375.5,0.018545
306.699,1,375,0.0183622
307.565,1,374.5,0.0180572
308.431,1,374,0.0176884
309.297,1,373.5,0.0175263
310.163,1,373,0.0174276
311.029,1,372.5,0.0172729
311.895,1,372,0.0169372
312.761,1,371.5,0.0168234
313.627,1,371,0.0169194
314.493,1,370.5,0.0171961
315.359,1,370,0.0175349
316.225,1,369.5,0.0176391
317.091,1,369,0.0176815
317.957,1,368.5,0.0178545
318.823,1,368,0.0186585
319.689,1,367.5,0.0201718
320.555,1,367,0.0227533
321.421,1,366.5,0.0262623
322.287,1,366,0.0290782
323.153,1,365.5,0.0297451
324.019,1,365,0.0317332
324.885,1,364.5,0.0324672
325.751,1,364,0.0333134
326.617,1,363.5,0.0342721
327.483,1,363,0.0356544
328.349,1,362.5,0.0373715
329.215,1,362,0.0387439
330.081,1,361.5,0.0396725
330.947,1,361,0.0403489
331.813,1,360.5,0.0394731
332.679,1,360,0.0397004
333.546,1,359.5,0.0397593
334.412,1,359,0.0396498
335.278,1,358.5,0.039372
336.144,1,358,0.0387111
337.01,1,357.5,0.0374823
337.876,1,357,0.0363586
338.742,1,356.5,0.0354101
339.608,1,356,0.0346368
340.474,1,355.5,0.0340387
341.34,1,355,0.0328815
342.206,1,354.5,0.0319727
343.072,1,354,0.0310621
343.938,1,353.5,0.0306672
344.804,1,353,0.0303997
345.67,1,352.5,0.0302259
346.536,1,352,0.030644
347.402,1,351.5,0.0315807
348.268,1,351,0.0316647
349.134,1,350.5,0.030788
350,1,350,0.0297882
350.866,1,349.5,0.0289944
351.732,1,349,0.028454
352.598,1,348.5,0.0285251
353.464,1,348,0.0292747
354.33,1,347.5,0.0299455
355.196,1,347,0.0301022
356.062,1,346.5,0.0313041
356.928,1,346,0.0336695
357.794,1,345.5,0.0360273
358.66,1,345,0.0382099
359.526,1,344.5,0.0408391
360.392,1,344,0.0410711
361.258,1,343.5,0.0411697
362.124,1,343,0.0412886
362.99,1,342.5,0.0401968
363.856,1,342,0.0390143
364.722,1,341.5,0.0381014
365.588,1,341,0.0378361
366.454,1,340.5,0.0375383
367.321,1,340,0.0371656
368.187,1,339.5,0.0373561
369.053,1,339,0.0378556
369.919,1,338.5,0.0382986
370.785,1,338,0.0386387
371.651,1,337.5,0.0386182
372.517,1,337,0.0383397
373.383,1,336.5,0.0379147
374.249,1,336,0.0376404
375.115,1,335.5,0.0371495
375.981,1,335,0.0364494
376.847,1,334.5,0.0373901
377.713,1,334,0.038149
378.579,1,333.5,0.0386985
379.445,1,333,0.0391304
380.311,1,332.5,0.0394088
381.177,1,332,0.0394379
382.043,1,331.5,0.0397921
382.909,1,331,0.0432755
383.775,1,330.5,0.0457488
384.641,1,330,0.0497515
385.507,1,329.5,0.0520324
386.373,1,329,0.0535203
387.239,1,328.5,0.0549021
388.105,1,328,0.0562894
388.971,1,327.5,0.0578222
389.837,1,327,0.0586224
390.703,1,326.5,0.0593346
391.569,1,326,0.0597644
392.435,1,325.5,0.0597108
393.301,1,325,0.0595112
394.167,1,324.5,0.0594134
395.033,1,324,0.0594017
395.899,1,323.5,0.0594325
396.765,1,323,0.0594577
397.631,1,322.5,0.0594791
398.497,1,322,0.0596533
399.363,1,321.5,0.0597474
400.229,1,321,0.0596754
401.095,1,320.5,0.0600782
401.962,1,320,0.0607315
402.828,1,319.5,0.0612261
403.694,1,319,0.0619454
404.56,1,318.5,0.063074
405.426,1,318,0.0643818
406.292,1,317.5,0.0657154
407.158,1,317,0.0672807
408.024,1,316.5,0.0691079
408.89,1,316,0.0711635
409.756,1,315.5,0.0733001
410.622,1,315,0.0760884
411.488,1,314.5,0.0795345
412.354,1,314,0.0827491
413.22,1,313.5,0.0864356
414.086,1,313,0.0902395
414.952,1,312.5,0.0944626
415.818,1,312,0.0968237
416.684,1,311.5,0.0985704
417.55,1,311,0.100423
418.416,1,310.5,0.10112
419.282,1,310,0.101677
420.148,1,309.5,0.101801
421.014,1,309,0.10145
421.88,1,308.5,0.10129
422.746,1,308,0.100863
423.612,1,307.5,0.100465
424.478,1,307,0.100457
425.344,1,306.5,0.100152
426.21,1,306,0.100236
427.076,1,305.5,0.100399
427.942,1,305,0.100128
428.808,1,304.5,0.0992491
429.674,1,304,0.0970025
430.54,1,303.5,0.0994942
431.406,1,303,0.0994481
432.272,1,302.5,0.0999172
433.138,1,302,0.100776
434.004,1,301.5,0.0983008
434.87,1,301,0.0892599
435.737,1,300.5,0.0800953
436.603,1,300,0.0681893
437.469,1,299.5,0.0655335
438.335,1,299,0.0599574
439.201,1,298.5,0.0634668
440.067,1,298,0.0714416
440.933,1,297.5,0.0669046
441.799,1,297,0.0695234
442.665,1,296.5,0.0711048
443.531,1,296,0.0711235
444.397,1,295.5,0.0760336
445.263,1,295,0.0833551
446.129,1,294.5,0.0793098
446.995,1,294,0.0793306
447.861,1,293.5,0.0800537
448.727,1,293,0.0808874
449.593,1,292.5,0.0839866
450.459,1,292,0.0900709
451.325,1,291.5,0.0926189
452.191,1,291,0.0938122
453.057,1,290.5,0.0949869
453.923,1,290,0.0967023
454.789,1,289.5,0.0963724
455.655,1,289,0.0950993
456.521,1,288.5,0.0938173
457.387,1,288,0.0923584
458.253,1,287.5,0.0915396
459.119,1,287,0.0927375
459.985,1,286.5,0.0862002
460.851,1,286,0.0800828
461.717,1,285.5,0.0743163
462.583,1,285,0.0693242
463.449,1,284.5,0.0634657
464.315,1,284,0.0578409
465.181,1,283.5,0.0518305
466.047,1,283,0.0458121
466.913,1,282.5,0.0397518
467.779,1,282,0.0313644
468.645,1,281.5,0.0235842
469.512,1,281,0.0193693
470.378,1,280.5,0.0186451
471.244,1,280,0.0185338
472.11,1,279.5,0.0186067
472.976,1,279,0.0195746
473.842,1,278.5,0.0189864
474.708,1,278,0.0182618
475.574,1,277.5,0.0183479
476.44,1,277,0.019845
477.306,1,276.5,0.0211831
478.172,1,276,0.0216538
479.038,1,275.5,0.0214619
479.904,1,275,0.0206347
480.77,1,274.5,0.0208484
481.636,1,274,0.0205596
482.502,1,273.5,0.0194003
483.368,1,273,0.0189679
484.234,1,272.5,0.0206106
485.1,1,272,0.022074
485.966,1,271.5,0.022695
486.832,1,271,0.0230405
487.698,1,270.5,0.0236696
488.564,1,270,0.0246967
489.43,1,269.5,0.0255402
490.296,1,269,0.0256775
491.162,1,268.5,0.0255806
492.028,1,268,0.025603
492.894,1,267.5,0.0256065
493.76,1,267,0.0252072
494.626,1,266.5,0.0234154
495.492,1,266,0.020554
496.358,1,265.5,0.0175212
497.224,1,265,0.0158735
498.09,1,264.5,0.0169897
498.956,1,264,0.015737
499.822,1,263.5,0.0151946
500.688,1,263,0.0147249
501.554,1,262.5,0.014246
502.42,1,262,0.0142098
503.286,1,261.5,0.0143002
504.153,1,261,0.0144056
505.019,1,260.5,0.0145478
505.885,1,260,0.0146433
506.751,1,259.5,0.0146854
507.617,1,259,0.0146733
508.483,1,258.5,0.0146376
509.349,1,258,0.0146216
510.215,1,257.5,0.0145832
511.081,1,257,0.014538
511.947,1,256.5,0.0144775
512.813,1,256,0.0144058
513.679,1,255.5,0.014387
514.545,1,255,0.0143887
515.411,1,254.5,0.0143124
516.277,1,254,0.0142145
517.143,1,253.5,0.0140945
518.009,1,253,0.0139516
518.875,1,252.5,0.0138437
519.741,1,252,0.0137496
520.607,1,251.5,0.0136588
521.473,1,251,0.0136011
522.339,1,250.5,0.013561
523.205,1,250,0.0135234
524.071,1,249.5,0.0135015
524.937,1,249,0.0134922
525.803,1,248.5,0.0134799
526.669,1,248,0.0134743
527.535,1,247.5,0.0134854
528.401,1,247,0.0134857
529.267,1,246.5,0.0134868
530.133,1,246,0.0134928
530.999,1,245.5,0.0134982
531.865,1,245,0.0135033
532.731,1,244.5,0.0135058
533.597,1,244,0.0134999
534.463,1,243.5,0.013493
535.329,1,243,0.0134882
536.195,1,242.5,0.0134825
537.061,1,242,0.0134753
537.928,1,241.5,0.0134715
538.794,1,241,0.013469
539.66,1,240.5,0.0134681
540.526,1,240,0.0134665
541.392,1,239.5,0.0134644
542.258,1,239,0.0134656
543.124,1,238.5,0.0134642
543.99,1,238,0.0134543
544.856,1,237.5,0.0134438
545.722,1,237,0.0134316
546.588,1,236.5,0.0134152
547.454,1,236,0.0134043
548.32,1,235.5,0.0133927
549.186,1,235,0.0133751
550.052,1,234.5,0.0133568
550.918,1,234,0.0133377
551.784,1,233.5,0.0133065
552.65,1,233,0.0132725
553.516,1,232.5,0.0132389
554.382,1,232,0.0132007
555.248,1,231.5,0.0131614
556.114,1,231,0.0131223
556.98,1,230.5,0.0131036
557.846,1,230,0.0130978
558.712,1,229.5,0.0130919
559.578,1,229,0.0130947
560.444,1,228.5,0.0131076
561.31,1,228,0.0131233
562.176,1,227.5,0.0131464
563.042,1,227,0.0131832
563.908,1,226.5,0.0132173
564.774,1,226,0.0132508
565.64,1,225.5,0.0132948
566.506,1,225,0.0133364
567.372,1,224.5,0.0133742
568.238,1,224,0.0134107
569.104,1,223.5,0.0134433
569.97,1,223,0.0134719
570.836,1,222.5,0.0134933
571.703,1,222,0.0135109
572.569,1,221.5,0.0135253
573.435,1,221,0.0135328
574.301,1,220.5,0.0135359
575.167,1,220,0.0135356
576.033,1,219.5,0.0135203
576.899,1,219,0.0134951
577.765,1,218.5,0.0134688
578.631,1,218,0.0134393
579.497,1,217.5,0.0134047
580.363,1,217,0.0133876
581.229,1,216.5,0.0133729
582.095,1,216,0.0133503
582.961,1,215.5,0.0133272
583.827,1,215,0.0133034
584.693,1,214.5,0.0132813
585.559,1,214,0.0132644
586.425,1,213.5,0.0132476
587.291,1,213,0.0132333
588.157,1,212.5,0.0132195
589.023,1,212,0.013206
589.889,1,211.5,0.0131949
590.755,1,211,0.0131843
591.621,1,210.5,0.0131736
592.487,1,210,0.013163
593.353,1,209.5,0.0131528
594.219,1,209,0.0131413
595.085,1,208.5,0.0131269
595.951,1,208,0.0131126
596.817,1,207.5,0.0130982
597.683,1,207,0.0130841
598.549,1,206.5,0.013071
599.415,1,206,0.0130663
600.281,1,205.5,0.0130628
601.147,1,205,0.0130607
602.013,1,204.5,0.0130585
602.879,1,204,0.0130564
603.745,1,203.5,0.0130537
604.611,1,203,0.0130472
605.477,1,202.5,0.0130401
606.344,1,202,0.0130341
607.21,1,201.5,0.0130282
608.076,1,201,0.0130221
608.942,1,200.5,0.0130114
609.808,1,200,0.0129992
