x,y,z,b
90.1924,1,500,0.0138678
91.0584,1,499.5,0.0138253
91.9244,1,499,0.013776
92.7905,1,498.5,0.0137071
93.6565,1,498,0.0136405
94.5225,1,497.5,0.013575
95.3885,1,497,0.0135061
96.2546,1,496.5,0.013437
97.1206,1,496,0.0133838
97.9866,1,495.5,0.0133462
98.8526,1,495,0.0133147
99.7187,1,494.5,0.0132895
100.585,1,494,0.013278
101.451,1,493.5,0.0132616
102.317,1,493,0.0131544
103.183,1,492.5,0.0130441
104.049,1,492,0.0129231
104.915,1,491.5,0.0127884
105.781,1,491,0.01269
106.647,1,490.5,0.0127236
107.513,1,490,0.0127943
108.379,1,489.5,0.0128554
109.245,1,489,0.0129047
110.111,1,488.5,0.0129301
110.977,1,488,0.0129277
111.843,1,487.5,0.0129152
112.709,1,487,0.0129327
113.575,1,486.5,0.0129814
114.441,1,486,0.0130766
115.307,1,485.5,0.0132112
116.173,1,485,0.0132597
117.039,1,484.5,0.0132349
117.905,1,484,0.0131759
118.771,1,483.5,0.0130824
119.637,1,483,0.0129616
120.503,1,482.5,0.0129016
121.369,1,482,0.0130563
122.235,1,481.5,0.0132125
123.101,1,481,0.0133627
123.967,1,480.5,0.0135076
124.833,1,480,0.013644
125.699,1,479.5,0.0136212
126.565,1,479,0.0135696
127.431,1,478.5,0.0135364
128.297,1,478,0.0135247
129.164,1,477.5,0.0135382
130.03,1,477,0.0135817
130.896,1,476.5,0.0136289
131.762,1,476,0.0136557
132.628,1,475.5,0.0136619
133.494,1,475,0.0136407
134.36,1,474.5,0.0136
135.226,1,474,0.0135965
136.092,1,473.5,0.0136255
136.958,1,473,0.013681
137.824,1,472.5,0.0137632
138.69,1,472,0.013871
139.556,1,471.5,0.0139472
140.422,1,471,0.0139235
141.288,1,470.5,0.0138856
142.154,1,470,0.0138356
143.02,1,469.5,0.0137739
143.886,1,469,0.0137004
144.752,1,468.5,0.0137905
145.618,1,468,0.0139191
146.484,1,467.5,0.0140631
147.35,1,467,0.0142129
148.216,1,466.5,0.014378
149.082,1,466,0.0144376
149.948,1,465.5,0.0143007
150.814,1,465,0.0141636
151.68,1,464.5,0.0140261
152.546,1,464,0.0138781
153.412,1,463.5,0.0137308
154.278,1,463,0.0137723
155.144,1,462.5,0.0138093
156.01,1,462,0.0138447
156.876,1,461.5,0.0138834
157.742,1,461,0.0139142
158.608,1,460.5,0.0138667
159.474,1,460,0.0137401
160.34,1,459.5,0.0136081
161.206,1,459,0.013469
162.072,1,458.5,0.0133354
162.939,1,458,0.0132001
163.805,1,457.5,0.0131611
164.671,1,457,0.0131243
165.537,1,456.5,0.0130927
166.403,1,456,0.0130731
167.269,1,455.5,0.0130356
168.135,1,455,0.0129395
169.001,1,454.5,0.0128425
169.867,1,454,0.0127827
170.733,1,453.5,0.0127598
171.599,1,453,0.0128081
172.465,1,452.5,0.012906
173.331,1,452,0.0128793
174.197,1,451.5,0.0128418
175.063,1,451,0.0127773
175.929,1,450.5,0.012671
176.795,1,450,0.0125405
177.661,1,449.5,0.0126454
178.527,1,449,0.012926
179.393,1,448.5,0.0132424
180.259,1,448,0.0135845
181.125,1,447.5,0.0139248
181.991,1,447,0.0142206
182.857,1,446.5,0.0142664
183.723,1,446,0.0143308
184.589,1,445.5,0.0144137
185.455,1,445,0.0145109
186.321,1,444.5,0.0146256
187.187,1,444,0.014833
188.053,1,443.5,0.0150461
188.919,1,443,0.0152374
189.785,1,442.5,0.0154106
190.651,1,442,0.015517
191.517,1,441.5,0.0155659
192.383,1,441,0.0155893
193.249,1,440.5,0.0156233
194.115,1,440,0.0156726
194.981,1,439.5,0.0157456
195.847,1,439,0.0158452
196.714,1,438.5,0.0158299
197.58,1,438,0.0157417
198.446,1,437.5,0.0156239
199.312,1,437,0.0154797
200.178,1,436.5,0.0153258
201.044,1,436,0.0152306
201.91,1,435.5,0.0153421
202.776,1,435,0.0154802
203.642,1,434.5,0.015645
204.508,1,434,0.015805
205.374,1,433.5,0.0159702
206.24,1,433,0.0159716
207.106,1,432.5,0.0159172
207.972,1,432,0.0158677
208.838,1,431.5,0.0158304
209.704,1,431,0.015797
210.57,1,430.5,0.0157887
211.436,1,430,0.0158166
212.302,1,429.5,0.0158298
213.168,1,429,0.0158314
214.034,1,428.5,0.0158204
214.9,1,428,0.0158021
215.766,1,427.5,0.0158109
216.632,1,427,0.0158363
217.498,1,426.5,0.0158774
218.364,1,426,0.0159429
219.23,1,425.5,0.0160192
220.096,1,425,0.0160644
220.962,1,424.5,0.0160021
221.828,1,424,0.0159244
222.694,1,423.5,0.0158321
223.56,1,423,0.0157206
224.426,1,422.5,0.0156008
225.292,1,422,0.0155906
226.158,1,421.5,0.0155833
227.024,1,421,0.0155735
227.89,1,420.5,0.0155639
228.756,1,420,0.0155479
229.622,1,419.5,0.0154374
230.488,1,419,0.0152324
231.355,1,418.5,0.0150372
232.221,1,418,0.0148531
233.087,1,417.5,0.0146977
233.953,1,417,0.0145694
234.819,1,416.5,0.0145886
235.685,1,416,0.0145725
236.551,1,415.5,0.0145183
237.417,1,415,0.0144151
238.283,1,414.5,0.0142677
239.149,1,414,0.0141623
240.015,1,413.5,0.0142072
240.881,1,413,0.0142569
241.747,1,412.5,0.0143011
242.613,1,412,0.0143672
243.479,1,411.5,0.0144286
244.345,1,411,0.0143428
245.211,1,410.5,0.0142676
246.077,1,410,0.0141986
246.943,1,409.5,0.0141249
247.809,1,409,0.01405
248.675,1,408.5,0.014057
249.541,1,408,0.0141242
250.407,1,407.5,0.0141932
251.273,1,407,0.014266
252.139,1,406.5,0.0143432
253.005,1,406,0.0144039
253.871,1,405.5,0.014283
254.737,1,405,0.0141411
255.603,1,404.5,0.0139782
256.469,1,404,0.0137222
257.335,1,403.5,0.0134164
258.201,1,403,0.0133026
259.067,1,402.5,0.0132292
259.933,1,402,0.0131423
260.799,1,401.5,0.0130716
261.665,1,401,0.0129623
262.531,1,400.5,0.0127228
263.397,1,400,0.0122871
264.263,1,399.5,0.01203
265.13,1,399,0.011943
265.996,1,398.5,0.0119864
266.862,1,398,0.0121613
267.728,1,397.5,0.0121631
268.594,1,397,0.0120087
269.46,1,396.5,0.0117947
270.326,1,396,0.0116021
271.192,1,395.5,0.0114021
272.058,1,395,0.0112969
272.924,1,394.5,0.0115611
273.79,1,394,0.0117994
274.656,1,393.5,0.0120112
275.522,1,393,0.0122315
276.388,1,392.5,0.0124221
277.254,1,392,0.0124101
278.12,1,391.5,0.012384
278.986,1,391,0.0123629
279.852,1,390.5,0.012319
280.718,1,390,0.0123421
281.584,1,389.5,0.0124916
282.45,1,389,0.0127457
283.316,1,388.5,0.0130734
284.182,1,388,0.0135163
285.048,1,387.5,0.0138629
285.914,1,387,0.0141529
286.78,1,386.5,0.0146051
287.646,1,386,0.0150512
288.512,1,385.5,0.0154821
289.378,1,385,0.0160329
290.244,1,384.5,0.0165786
291.11,1,384,0.0172046
291.976,1,383.5,0.0180868
292.842,1,383,0.0189508
293.708,1,382.5,0.0197802
294.574,1,382,0.0207172
295.44,1,381.5,0.0217096
296.306,1,381,0.0223069
297.172,1,380.5,0.0227993
298.038,1,380,0.0232247
298.905,1,379.5,0.0230889
299.771,1,379,0.0230448
300.637,1,378.5,0.0230574
301.503,1,378,0.0230493
302.369,1,377.5,0.0227475
303.235,1,377,0.0223928
304.101,1,376.5,0.0223457
304.967,1,376,0.0226749
305.833,1,375.5,0.0229395
306.699,1,375,0.0232841
307.565,1,374.5,0.023724
308.431,1,374,0.0242181
309.297,1,373.5,0.0250314
310.163,1,373,0.0257644
311.029,1,372.5,0.0264709
311.895,1,372,0.0287422
312.761,1,371.5,0.0309285
313.627,1,371,0.0316998
314.493,1,370.5,0.032163
315.359,1,370,0.0314095
316.225,1,369.5,0.0306697
317.091,1,369,0.0305643
317.957,1,368.5,0.0296467
318.823,1,368,0.0295562
319.689,1,367.5,0.0304551
320.555,1,367,0.0319411
321.421,1,366.5,0.0334454
322.287,1,366,0.0346054
323.153,1,365.5,0.0358445
324.019,1,365,0.0371293
324.885,1,364.5,0.0378434
325.751,1,364,0.0386239
326.617,1,363.5,0.039472
327.483,1,363,0.0402063
328.349,1,362.5,0.0410138
329.215,1,362,0.0411374
330.081,1,361.5,0.0407049
330.947,1,361,0.0403386
331.813,1,360.5,0.0401297
332.679,1,360,0.0401717
333.546,1,359.5,0.0404651
334.412,1,359,0.0405737
335.278,1,358.5,0.0406798
336.144,1,358,0.040675
337.01,1,357.5,0.040669
337.876,1,357,0.0406452
338.742,1,356.5,0.0402756
339.608,1,356,0.0395853
340.474,1,355.5,0.0386904
341.34,1,355,0.0372121
342.206,1,354.5,0.0360908
343.072,1,354,0.0353799
343.938,1,353.5,0.034802
344.804,1,353,0.034192
345.67,1,352.5,0.0334712
346.536,1,352,0.0333985
347.402,1,351.5,0.0337452
348.268,1,351,0.0334688
349.134,1,350.5,0.0340806
350,1,350,0.0372931
350.866,1,349.5,0.035264
351.732,1,349,0.034467
352.598,1,348.5,0.0332905
353.464,1,348,0.0328248
354.33,1,347.5,0.0324393
355.196,1,347,0.0328648
356.062,1,346.5,0.0328453
356.928,1,346,0.0326997
357.794,1,345.5,0.0364024
358.66,1,345,0.0402939
359.526,1,344.5,0.0440317
360.392,1,344,0.0465577
361.258,1,343.5,0.0485784
362.124,1,343,0.0494473
362.99,1,342.5,0.0470208
363.856,1,342,0.044306
364.722,1,341.5,0.0386059
365.588,1,341,0.0355802
366.454,1,340.5,0.0360189
367.321,1,340,0.0361396
368.187,1,339.5,0.0363359
369.053,1,339,0.0368449
369.919,1,338.5,0.0374245
370.785,1,338,0.0393207
371.651,1,337.5,0.041413
372.517,1,337,0.0433652
373.383,1,336.5,0.0452331
374.249,1,336,0.0464763
375.115,1,335.5,0.0471429
375.981,1,335,0.0474
376.847,1,334.5,0.0474413
377.713,1,334,0.0478803
378.579,1,333.5,0.0489544
379.445,1,333,0.0493556
380.311,1,332.5,0.0497783
381.177,1,332,0.0496122
382.043,1,331.5,0.0493365
382.909,1,331,0.0509562
383.775,1,330.5,0.0527716
384.641,1,330,0.0534265
385.507,1,329.5,0.0539688
386.373,1,329,0.0546761
387.239,1,328.5,0.0555697
388.105,1,328,0.0565621
388.971,1,327.5,0.0571745
389.837,1,327,0.0579106
390.703,1,326.5,0.0588903
391.569,1,326,0.0601809
392.435,1,325.5,0.0617282
393.301,1,325,0.0623219
394.167,1,324.5,0.0621869
395.033,1,324,0.0614
395.899,1,323.5,0.0609429
396.765,1,323,0.0592855
397.631,1,322.5,0.0608237
398.497,1,322,0.0606508
399.363,1,321.5,0.0607174
400.229,1,321,0.0609458
401.095,1,320.5,0.0608778
401.962,1,320,0.0607376
402.828,1,319.5,0.0606877
403.694,1,319,0.0607246
404.56,1,318.5,0.0608985
405.426,1,318,0.061228
406.292,1,317.5,0.0616633
407.158,1,317,0.0621415
408.024,1,316.5,0.0625027
408.89,1,316,0.0627342
409.756,1,315.5,0.0628196
410.622,1,315,0.0629761
411.488,1,314.5,0.0632241
412.354,1,314,0.0633423
413.22,1,313.5,0.0634759
414.086,1,313,0.0637435
414.952,1,312.5,0.0663345
415.818,1,312,0.0694459
416.684,1,311.5,0.0718059
417.55,1,311,0.0736082
418.416,1,310.5,0.0772279
419.282,1,310,0.0795339
420.148,1,309.5,0.0817702
421.014,1,309,0.0839019
421.88,1,308.5,0.08593
422.746,1,308,0.0878422
423.612,1,307.5,0.0894662
424.478,1,307,0.0906606
425.344,1,306.5,0.0918639
426.21,1,306,0.0930178
427.076,1,305.5,0.0941851
427.942,1,305,0.0953631
428.808,1,304.5,0.0963559
429.674,1,304,0.0977767
430.54,1,303.5,0.0989755
431.406,1,303,0.100298
432.272,1,302.5,0.102194
433.138,1,302,0.104075
434.004,1,301.5,0.105697
434.87,1,301,0.1046
435.737,1,300.5,0.103851
436.603,1,300,0.103269
437.469,1,299.5,0.101313
438.335,1,299,0.0987677
439.201,1,298.5,0.0961073
440.067,1,298,0.0918961
440.933,1,297.5,0.0869232
441.799,1,297,0.0826032
442.665,1,296.5,0.0785725
443.531,1,296,0.0764385
444.397,1,295.5,0.0750287
445.263,1,295,0.0743124
446.129,1,294.5,0.073665
446.995,1,294,0.0742513
447.861,1,293.5,0.0755881
448.727,1,293,0.0812909
449.593,1,292.5,0.0812728
450.459,1,292,0.0804132
451.325,1,291.5,0.0795648
452.191,1,291,0.0789197
453.057,1,290.5,0.0795472
453.923,1,290,0.08041
454.789,1,289.5,0.0832452
455.655,1,289,0.0910463
456.521,1,288.5,0.0985268
457.387,1,288,0.104649
458.253,1,287.5,0.105909
459.119,1,287,0.103732
459.985,1,286.5,0.10467
460.851,1,286,0.10537
461.717,1,285.5,0.104196
462.583,1,285,0.102381
463.449,1,284.5,0.102485
464.315,1,284,0.103539
465.181,1,283.5,0.105888
466.047,1,283,0.107258
466.913,1,282.5,0.107981
467.779,1,282,0.10843
468.645,1,281.5,0.108672
469.512,1,281,0.108354
470.378,1,280.5,0.100805
471.244,1,280,0.0894765
472.11,1,279.5,0.0772334
472.976,1,279,0.0711051
473.842,1,278.5,0.0680528
474.708,1,278,0.0650899
475.574,1,277.5,0.0628704
476.44,1,277,0.0615027
477.306,1,276.5,0.05848
478.172,1,276,0.0560652
479.038,1,275.5,0.0544562
479.904,1,275,0.053141
480.77,1,274.5,0.0521866
481.636,1,274,0.051282
482.502,1,273.5,0.049823
483.368,1,273,0.0485497
484.234,1,272.5,0.0471387
485.1,1,272,0.0454426
485.966,1,271.5,0.0434416
486.832,1,271,0.0421399
487.698,1,270.5,0.0409993
488.564,1,270,0.0399953
489.43,1,269.5,0.0398581
490.296,1,269,0.0390607
491.162,1,268.5,0.036869
492.028,1,268,0.0352473
492.894,1,267.5,0.034173
493.76,1,267,0.0339322
494.626,1,266.5,0.0341451
495.492,1,266,0.0341286
496.358,1,265.5,0.0336541
497.224,1,265,0.0334479
498.09,1,264.5,0.0336284
498.956,1,264,0.0336713
499.822,1,263.5,0.0334571
500.688,1,263,0.0332238
501.554,1,262.5,0.032982
502.42,1,262,0.0326893
503.286,1,261.5,0.0323892
504.153,1,261,0.0321514
505.019,1,260.5,0.0319788
505.885,1,260,0.0318342
506.751,1,259.5,0.0317921
507.617,1,259,0.0319279
508.483,1,258.5,0.0322976
509.349,1,258,0.0327421
510.215,1,257.5,0.0332166
511.081,1,257,0.0337985
511.947,1,256.5,0.0344006
512.813,1,256,0.0350351
513.679,1,255.5,0.0353663
514.545,1,255,0.0349299
515.411,1,254.5,0.0345778
516.277,1,254,0.0323794
517.143,1,253.5,0.0312002
518.009,1,253,0.0318543
518.875,1,252.5,0.0324994
519.741,1,252,0.0342546
520.607,1,251.5,0.0366211
521.473,1,251,0.0374569
522.339,1,250.5,0.0379387
523.205,1,250,0.0381688
524.071,1,249.5,0.0386859
524.937,1,249,0.039461
525.803,1,248.5,0.0402884
526.669,1,248,0.0410267
527.535,1,247.5,0.041356
528.401,1,247,0.0414011
529.267,1,246.5,0.0413734
530.133,1,246,0.04115
530.999,1,245.5,0.040971
531.865,1,245,0.0402363
532.731,1,244.5,0.0395166
533.597,1,244,0.0386399
534.463,1,243.5,0.0374737
535.329,1,243,0.0364763
536.195,1,242.5,0.0356125
537.061,1,242,0.0347918
537.928,1,241.5,0.0340144
538.794,1,241,0.0333172
539.66,1,240.5,0.0328403
540.526,1,240,0.0323201
541.392,1,239.5,0.0317566
542.258,1,239,0.0311498
543.124,1,238.5,0.0304997
543.99,1,238,0.0298064
544.856,1,237.5,0.0294777
545.722,1,237,0.0292643
546.588,1,236.5,0.0290935
547.454,1,236,0.0289654
548.32,1,235.5,0.0288799
549.186,1,235,0.0280229
550.052,1,234.5,0.0274927
550.918,1,234,0.0269405
551.784,1,233.5,0.0270124
552.65,1,233,0.0276648
553.516,1,232.5,0.0283567
554.382,1,232,0.0290941
555.248,1,231.5,0.0298906
556.114,1,231,0.0306884
556.98,1,230.5,0.0311088
557.846,1,230,0.0315181
558.712,1,229.5,0.0318537
559.578,1,229,0.0321049
560.444,1,228.5,0.0322015
561.31,1,228,0.0323601
562.176,1,227.5,0.0328054
563.042,1,227,0.0336055
563.908,1,226.5,0.0343774
564.774,1,226,0.0351482
565.64,1,225.5,0.0359119
566.506,1,225,0.0362288
567.372,1,224.5,0.036401
568.238,1,224,0.0358524
569.104,1,223.5,0.0356531
569.97,1,223,0.0351773
570.836,1,222.5,0.0336745
571.703,1,222,0.0317062
572.569,1,221.5,0.029513
573.435,1,221,0.0272231
574.301,1,220.5,0.0250688
575.167,1,220,0.0231909
576.033,1,219.5,0.0221988
576.899,1,219,0.0214845
577.765,1,218.5,0.0207218
578.631,1,218,0.0201304
579.497,1,217.5,0.0198995
580.363,1,217,0.0199749
581.229,1,216.5,0.0200795
582.095,1,216,0.0203038
582.961,1,215.5,0.0205393
583.827,1,215,0.0208018
584.693,1,214.5,0.0213535
585.559,1,214,0.0216933
586.425,1,213.5,0.0219725
587.291,1,213,0.0218546
588.157,1,212.5,0.0217397
589.023,1,212,0.0216775
589.889,1,211.5,0.0218033
590.755,1,211,0.0219668
591.621,1,210.5,0.0221344
592.487,1,210,0.0222685
593.353,1,209.5,0.0223889
594.219,1,209,0.022514
595.085,1,208.5,0.0226751
595.951,1,208,0.0228915
596.817,1,207.5,0.0230492
597.683,1,207,0.0231393
598.549,1,206.5,0.0231751
599.415,1,206,0.0234387
600.281,1,205.5,0.0236156
601.147,1,205,0.0236593
602.013,1,204.5,0.0235347
602.879,1,204,0.0232417
603.745,1,203.5,0.022633
604.611,1,203,0.0218371
605.477,1,202.5,0.0210286
606.344,1,202,0.0205186
607.21,1,201.5,0.020153
608.076,1,201,0.0198551
608.942,1,200.5,0.0200986
609.808,1,200,0.0203757
