x,y,z,b
90.1924,1,500,0.0145436
91.0584,1,499.5,0.0145201
91.9244,1,499,0.0144925
92.7905,1,498.5,0.0145018
93.6565,1,498,0.0145095
94.5225,1,497.5,0.0145153
95.3885,1,497,0.0145193
96.2546,1,496.5,0.0145237
97.1206,1,496,0.0145012
97.9866,1,495.5,0.0144538
98.8526,1,495,0.0144062
99.7187,1,494.5,0.0143586
100.585,1,494,0.0143056
101.451,1,493.5,0.0142621
102.317,1,493,0.0142783
103.183,1,492.5,0.0142886
104.049,1,492,0.0142903
104.915,1,491.5,0.0142842
105.781,1,491,0.014266
106.647,1,490.5,0.0142183
107.513,1,490,0.0141659
108.379,1,489.5,0.0141322
109.245,1,489,0.0141318
110.111,1,488.5,0.0141574
110.977,1,488,0.0141967
111.843,1,487.5,0.0141595
112.709,1,487,0.0140885
113.575,1,486.5,0.0139877
114.441,1,486,0.0138913
115.307,1,485.5,0.0137757
116.173,1,485,0.0138069
117.039,1,484.5,0.0139331
117.905,1,484,0.0140572
118.771,1,483.5,0.0141779
119.637,1,483,0.0142935
120.503,1,482.5,0.0143566
121.369,1,482,0.0142775
122.235,1,481.5,0.0142066
123.101,1,481,0.0141515
123.967,1,480.5,0.0141141
124.833,1,480,0.0140974
125.699,1,479.5,0.0141764
126.565,1,479,0.0142638
127.431,1,478.5,0.0143268
128.297,1,478,0.0143646
129.164,1,477.5,0.0143931
130.03,1,477,0.0144071
130.896,1,476.5,0.0144079
131.762,1,476,0.0144187
132.628,1,475.5,0.0144395
133.494,1,475,0.0144612
134.36,1,474.5,0.0144916
135.226,1,474,0.0144833
136.092,1,473.5,0.0144511
136.958,1,473,0.0144129
137.824,1,472.5,0.0143701
138.69,1,472,0.0143209
139.556,1,471.5,0.0142933
140.422,1,471,0.0143129
141.288,1,470.5,0.0143375
142.154,1,470,0.0143652
143.02,1,469.5,0.0143961
143.886,1,469,0.0144282
144.752,1,468.5,0.0143765
145.618,1,468,0.0143142
146.484,1,467.5,0.0142519
147.35,1,467,0.0141911
148.216,1,466.5,0.0141311
149.082,1,466,0.0140932
149.948,1,465.5,0.0140872
150.814,1,465,0.0140797
151.68,1,464.5,0.0140705
152.546,1,464,0.0140612
153.412,1,463.5,0.0140493
154.278,1,463,0.0139696
155.144,1,462.5,0.0138877
156.01,1,462,0.0138085
156.876,1,461.5,0.0137317
157.742,1,461,0.013661
158.608,1,460.5,0.0136327
159.474,1,460,0.0136376
160.34,1,459.5,0.0136367
161.206,1,459,0.0136307
162.072,1,458.5,0.0136161
162.939,1,458,0.013593
163.805,1,457.5,0.0135584
164.671,1,457,0.0135346
165.537,1,456.5,0.0135225
166.403,1,456,0.0135303
167.269,1,455.5,0.0135529
168.135,1,455,0.0135496
169.001,1,454.5,0.0135134
169.867,1,454,0.013472
170.733,1,453.5,0.0134255
171.599,1,453,0.0133741
172.465,1,452.5,0.0133259
173.331,1,452,0.0133807
174.197,1,451.5,0.0134469
175.063,1,451,0.0135172
175.929,1,450.5,0.0135883
176.795,1,450,0.0136569
177.661,1,449.5,0.0136617
178.527,1,449,0.0136356
179.393,1,448.5,0.0136163
180.259,1,448,0.0136046
181.125,1,447.5,0.0136041
181.991,1,447,0.0136144
182.857,1,446.5,0.0136237
183.723,1,446,0.0136283
184.589,1,445.5,0.0136284
185.455,1,445,0.0136286
186.321,1,444.5,0.013627
187.187,1,444,0.0136408
188.053,1,443.5,0.0136639
188.919,1,443,0.0136895
189.785,1,442.5,0.0137178
190.651,1,442,0.0137513
191.517,1,441.5,0.0137818
192.383,1,441,0.0137876
193.249,1,440.5,0.0138052
194.115,1,440,0.0138359
194.981,1,439.5,0.0138733
195.847,1,439,0.0139258
196.714,1,438.5,0.0140106
197.58,1,438,0.0141026
198.446,1,437.5,0.0142014
199.312,1,437,0.0143177
200.178,1,436.5,0.0144376
201.044,1,436,0.0145627
201.91,1,435.5,0.0147066
202.776,1,435,0.0148508
203.642,1,434.5,0.0149953
204.508,1,434,0.0151585
205.374,1,433.5,0.0153224
206.24,1,433,0.0154687
207.106,1,432.5,0.0156046
207.972,1,432,0.0157312
208.838,1,431.5,0.0158464
209.704,1,431,0.0159423
210.57,1,430.5,0.0160126
211.436,1,430,0.016045
212.302,1,429.5,0.0160279
213.168,1,429,0.0159639
214.034,1,428.5,0.0158917
214.9,1,428,0.0158079
215.766,1,427.5,0.0156929
216.632,1,427,0.0155778
217.498,1,426.5,0.0154671
218.364,1,426,0.0153694
219.23,1,425.5,0.0152817
220.096,1,425,0.0152693
220.962,1,424.5,0.0153974
221.828,1,424,0.0155422
222.694,1,423.5,0.0157031
223.56,1,423,0.0158885
224.426,1,422.5,0.0160832
225.292,1,422,0.0162365
226.158,1,421.5,0.0163629
227.024,1,421,0.0164691
227.89,1,420.5,0.0165619
228.756,1,420,0.0166259
229.622,1,419.5,0.0166846
230.488,1,419,0.0167612
231.355,1,418.5,0.0168316
232.221,1,418,0.0168931
233.087,1,417.5,0.0169514
233.953,1,417,0.0170042
234.819,1,416.5,0.0169336
235.685,1,416,0.0168591
236.551,1,415.5,0.0167815
237.417,1,415,0.0166773
238.283,1,414.5,0.016569
239.149,1,414,0.0165005
240.015,1,413.5,0.0164288
240.881,1,413,0.0163319
241.747,1,412.5,0.0162142
242.613,1,412,0.0160707
243.479,1,411.5,0.0159015
244.345,1,411,0.0157869
245.211,1,410.5,0.0157657
246.077,1,410,0.0158071
246.943,1,409.5,0.0158751
247.809,1,409,0.0159839
248.675,1,408.5,0.0160087
249.541,1,408,0.0159313
250.407,1,407.5,0.0158348
251.273,1,407,0.015728
252.139,1,406.5,0.0156226
253.005,1,406,0.0155409
253.871,1,405.5,0.0156382
254.737,1,405,0.0157177
255.603,1,404.5,0.0157796
256.469,1,404,0.015791
257.335,1,403.5,0.0157888
258.201,1,403,0.0157363
259.067,1,402.5,0.0156342
259.933,1,402,0.0155278
260.799,1,401.5,0.0154258
261.665,1,401,0.015315
262.531,1,400.5,0.0152046
263.397,1,400,0.0151192
264.263,1,399.5,0.0150282
265.13,1,399,0.0149264
265.996,1,398.5,0.0148138
266.862,1,398,0.0146927
267.728,1,397.5,0.014581
268.594,1,397,0.0144729
269.46,1,396.5,0.0143677
270.326,1,396,0.0142874
271.192,1,395.5,0.0142088
272.058,1,395,0.0141258
272.924,1,394.5,0.014046
273.79,1,394,0.0139693
274.656,1,393.5,0.0138952
275.522,1,393,0.0138123
276.388,1,392.5,0.0137317
277.254,1,392,0.013672
278.12,1,391.5,0.0135926
278.986,1,391,0.0135075
279.852,1,390.5,0.0134308
280.718,1,390,0.0133036
281.584,1,389.5,0.0131258
282.45,1,389,0.0129558
283.316,1,388.5,0.0127493
284.182,1,388,0.0124582
285.048,1,387.5,0.0121969
285.914,1,387,0.0119566
286.78,1,386.5,0.011743
287.646,1,386,0.0115651
288.512,1,385.5,0.0114204
289.378,1,385,0.011411
290.244,1,384.5,0.0113734
291.11,1,384,0.0113363
291.976,1,383.5,0.0114399
292.842,1,383,0.0115238
293.708,1,382.5,0.0115738
294.574,1,382,0.011625
295.44,1,381.5,0.0116248
296.306,1,381,0.0117875
297.172,1,380.5,0.0120128
298.038,1,380,0.0122284
298.905,1,379.5,0.0123906
299.771,1,379,0.0125237
300.637,1,378.5,0.0124815
301.503,1,378,0.0122648
302.369,1,377.5,0.0120643
303.235,1,377,0.0118721
304.101,1,376.5,0.0115616
304.967,1,376,0.0111556
305.833,1,375.5,0.0113498
306.699,1,375,0.0114995
307.565,1,374.5,0.0115805
308.431,1,374,0.0117287
309.297,1,373.5,0.0117257
310.163,1,373,0.0117567
311.029,1,372.5,0.0121816
311.895,1,372,0.0125129
312.761,1,371.5,0.0122052
313.627,1,371,0.0118893
314.493,1,370.5,0.0123818
315.359,1,370,0.0130122
316.225,1,369.5,0.0136472
317.091,1,369,0.0140506
317.957,1,368.5,0.0141754
318.823,1,368,0.0142632
319.689,1,367.5,0.0144295
320.555,1,367,0.0143954
321.421,1,366.5,0.0159015
322.287,1,366,0.0181764
323.153,1,365.5,0.0217035
324.019,1,365,0.027177
324.885,1,364.5,0.0314129
325.751,1,364,0.0358798
326.617,1,363.5,0.0374573
327.483,1,363,0.03857
328.349,1,362.5,0.0378763
329.215,1,362,0.0355897
330.081,1,361.5,0.0332889
330.947,1,361,0.0310512
331.813,1,360.5,0.0290844
332.679,1,360,0.028071
333.546,1,359.5,0.0289246
334.412,1,359,0.0306713
335.278,1,358.5,0.0323103
336.144,1,358,0.0327717
337.01,1,357.5,0.0318212
337.876,1,357,0.0316908
338.742,1,356.5,0.0314424
339.608,1,356,0.0305516
340.474,1,355.5,0.0307115
341.34,1,355,0.0319078
342.206,1,354.5,0.0330094
343.072,1,354,0.0338058
343.938,1,353.5,0.0334119
344.804,1,353,0.0329654
345.67,1,352.5,0.0325048
346.536,1,352,0.0322617
347.402,1,351.5,0.0325608
348.268,1,351,0.0326874
349.134,1,350.5,0.0322809
350,1,350,0.0320388
350.866,1,349.5,0.0311319
351.732,1,349,0.030602
352.598,1,348.5,0.0301601
353.464,1,348,0.0295254
354.33,1,347.5,0.0291083
355.196,1,347,0.0285291
356.062,1,346.5,0.0275854
356.928,1,346,0.0270497
357.794,1,345.5,0.0274839
358.66,1,345,0.028425
359.526,1,344.5,0.0280433
360.392,1,344,0.0266132
361.258,1,343.5,0.0261673
362.124,1,343,0.0256452
362.99,1,342.5,0.0250232
363.856,1,342,0.0238185
364.722,1,341.5,0.0230748
365.588,1,341,0.0226403
366.454,1,340.5,0.022438
367.321,1,340,0.022371
368.187,1,339.5,0.0224034
369.053,1,339,0.0225032
369.919,1,338.5,0.0226587
370.785,1,338,0.0231073
371.651,1,337.5,0.0236454
372.517,1,337,0.0241322
373.383,1,336.5,0.0256006
374.249,1,336,0.0271005
375.115,1,335.5,0.0255692
375.981,1,335,0.0249048
376.847,1,334.5,0.0246395
377.713,1,334,0.0246672
378.579,1,333.5,0.0247787
379.445,1,333,0.0250342
380.311,1,332.5,0.0257873
381.177,1,332,0.0268236
382.043,1,331.5,0.0280962
382.909,1,331,0.0312663
383.775,1,330.5,0.0300305
384.641,1,330,0.0296792
385.507,1,329.5,0.030616
386.373,1,329,0.0311073
387.239,1,328.5,0.0314717
388.105,1,328,0.0317222
388.971,1,327.5,0.0318133
389.837,1,327,0.0322782
390.703,1,326.5,0.0324704
391.569,1,326,0.0323935
392.435,1,325.5,0.032995
393.301,1,325,0.033344
394.167,1,324.5,0.0337282
395.033,1,324,0.0347091
395.899,1,323.5,0.0357338
396.765,1,323,0.0371517
397.631,1,322.5,0.0388511
398.497,1,322,0.0393125
399.363,1,321.5,0.0396539
400.229,1,321,0.0400786
401.095,1,320.5,0.0410061
401.962,1,320,0.0422208
402.828,1,319.5,0.0435292
403.694,1,319,0.0452029
404.56,1,318.5,0.047475
405.426,1,318,0.0495729
406.292,1,317.5,0.0510998
407.158,1,317,0.0528635
408.024,1,316.5,0.0551041
408.89,1,316,0.0571832
409.756,1,315.5,0.0590415
410.622,1,315,0.0602772
411.488,1,314.5,0.061016
412.354,1,314,0.0615075
413.22,1,313.5,0.0613583
414.086,1,313,0.0605263
414.952,1,312.5,0.0590552
415.818,1,312,0.0594431
416.684,1,311.5,0.0585731
417.55,1,311,0.0581699
418.416,1,310.5,0.0561817
419.282,1,310,0.0538085
420.148,1,309.5,0.0517719
421.014,1,309,0.0505374
421.88,1,308.5,0.0499062
422.746,1,308,0.0497388
423.612,1,307.5,0.0498683
424.478,1,307,0.0502484
425.344,1,306.5,0.0519612
426.21,1,306,0.0531746
427.076,1,305.5,0.0524172
427.942,1,305,0.0513009
428.808,1,304.5,0.0508362
429.674,1,304,0.050766
430.54,1,303.5,0.0509469
431.406,1,303,0.0517684
432.272,1,302.5,0.052822
433.138,1,302,0.0539857
434.004,1,301.5,0.0549472
434.87,1,301,0.0557986
435.737,1,300.5,0.0565683
436.603,1,300,0.0574056
437.469,1,299.5,0.0584537
438.335,1,299,0.0597124
439.201,1,298.5,0.0611819
440.067,1,298,0.0627518
440.933,1,297.5,0.0628321
441.799,1,297,0.0631025
442.665,1,296.5,0.0637191
443.531,1,296,0.0646819
444.397,1,295.5,0.0659909
445.263,1,295,0.0676461
446.129,1,294.5,0.0689199
446.995,1,294,0.0695265
447.861,1,293.5,0.0701297
448.727,1,293,0.0705488
449.593,1,292.5,0.0699098
450.459,1,292,0.068364
451.325,1,291.5,0.0665812
452.191,1,291,0.0641042
453.057,1,290.5,0.0612304
453.923,1,290,0.0586443
454.789,1,289.5,0.056062
455.655,1,289,0.0537877
456.521,1,288.5,0.0518632
457.387,1,288,0.0521833
458.253,1,287.5,0.052565
459.119,1,287,0.0520015
459.985,1,286.5,0.0512123
460.851,1,286,0.0503673
461.717,1,285.5,0.0507105
462.583,1,285,0.0511044
463.449,1,284.5,0.0513202
464.315,1,284,0.0488262
465.181,1,283.5,0.0461718
466.047,1,283,0.0447307
466.913,1,282.5,0.0441441
467.779,1,282,0.0462574
468.645,1,281.5,0.0489202
469.512,1,281,0.0521558
470.378,1,280.5,0.0563474
471.244,1,280,0.0604685
472.11,1,279.5,0.0644066
472.976,1,279,0.0697931
473.842,1,278.5,0.0747455
474.708,1,278,0.0775725
475.574,1,277.5,0.0781718
476.44,1,277,0.0781677
477.306,1,276.5,0.0786754
478.172,1,276,0.0797494
479.038,1,275.5,0.0806925
479.904,1,275,0.0816472
480.77,1,274.5,0.0815167
481.636,1,274,0.0813365
482.502,1,273.5,0.0813402
483.368,1,273,0.081498
484.234,1,272.5,0.0818979
485.1,1,272,0.0821935
485.966,1,271.5,0.0804897
486.832,1,271,0.0798378
487.698,1,270.5,0.0804369
488.564,1,270,0.0812712
489.43,1,269.5,0.0818121
490.296,1,269,0.0821315
491.162,1,268.5,0.0828242
492.028,1,268,0.0832746
492.894,1,267.5,0.0841277
493.76,1,267,0.085138
494.626,1,266.5,0.0852653
495.492,1,266,0.0853487
496.358,1,265.5,0.0851572
497.224,1,265,0.0846985
498.09,1,264.5,0.0849517
498.956,1,264,0.0853621
499.822,1,263.5,0.0845388
500.688,1,263,0.0832872
501.554,1,262.5,0.0821708
502.42,1,262,0.080538
503.286,1,261.5,0.0789466
504.153,1,261,0.0766834
505.019,1,260.5,0.0739988
505.885,1,260,0.0734631
506.751,1,259.5,0.0729077
507.617,1,259,0.0724826
508.483,1,258.5,0.07339
509.349,1,258,0.0759312
510.215,1,257.5,0.0774876
511.081,1,257,0.0794988
511.947,1,256.5,0.0818094
512.813,1,256,0.0829561
513.679,1,255.5,0.0835662
514.545,1,255,0.0833111
515.411,1,254.5,0.0815333
516.277,1,254,0.0789287
517.143,1,253.5,0.0769189
518.009,1,253,0.0740783
518.875,1,252.5,0.0711656
519.741,1,252,0.0659232
520.607,1,251.5,0.0608679
521.473,1,251,0.0556519
522.339,1,250.5,0.0472581
523.205,1,250,0.0426539
524.071,1,249.5,0.0433487
524.937,1,249,0.0486626
525.803,1,248.5,0.0518511
526.669,1,248,0.0540322
527.535,1,247.5,0.0563667
528.401,1,247,0.0582309
529.267,1,246.5,0.0592876
530.133,1,246,0.058784
530.999,1,245.5,0.0580049
531.865,1,245,0.0569429
532.731,1,244.5,0.055505
533.597,1,244,0.0543297
534.463,1,243.5,0.053607
535.329,1,243,0.0540039
536.195,1,242.5,0.0546764
537.061,1,242,0.0555125
537.928,1,241.5,0.0532841
538.794,1,241,0.0518347
539.66,1,240.5,0.0511411
540.526,1,240,0.0510505
541.392,1,239.5,0.0514109
542.258,1,239,0.0517365
543.124,1,238.5,0.0502521
543.99,1,238,0.0466132
544.856,1,237.5,0.0400712
545.722,1,237,0.0317778
546.588,1,236.5,0.0270765
547.454,1,236,0.0260625
548.32,1,235.5,0.0285978
549.186,1,235,0.0314294
550.052,1,234.5,0.0344649
550.918,1,234,0.0366065
551.784,1,233.5,0.0386606
552.65,1,233,0.0393573
553.516,1,232.5,0.0415027
554.382,1,232,0.0412547
555.248,1,231.5,0.040461
556.114,1,231,0.0398559
556.98,1,230.5,0.0379283
557.846,1,230,0.0355028
558.712,1,229.5,0.0330951
559.578,1,229,0.0313053
560.444,1,228.5,0.0301801
561.31,1,228,0.0289358
562.176,1,227.5,0.0280171
563.042,1,227,0.0279353
563.908,1,226.5,0.0281058
564.774,1,226,0.0285146
565.64,1,225.5,0.0289912
566.506,1,225,0.0295411
567.372,1,224.5,0.0302491
568.238,1,224,0.0301387
569.104,1,223.5,0.0303316
569.97,1,223,0.0308407
570.836,1,222.5,0.031351
571.703,1,222,0.0315908
572.569,1,221.5,0.0316563
573.435,1,221,0.0315066
574.301,1,220.5,0.0313101
575.167,1,220,0.0311879
576.033,1,219.5,0.0312775
576.899,1,219,0.0314255
577.765,1,218.5,0.0317317
578.631,1,218,0.0320848
579.497,1,217.5,0.0322704
580.363,1,217,0.0317308
581.229,1,216.5,0.0310651
582.095,1,216,0.0303517
582.961,1,215.5,0.0298013
583.827,1,215,0.0294257
584.693,1,214.5,0.0293845
585.559,1,214,0.0293359
586.425,1,213.5,0.0294095
587.291,1,213,0.0296619
588.157,1,212.5,0.0299677
589.023,1,212,0.0303151
589.889,1,211.5,0.030749
590.755,1,211,0.0312518
591.621,1,210.5,0.0318018
592.487,1,210,0.0324506
593.353,1,209.5,0.0331529
594.219,1,209,0.0338082
595.085,1,208.5,0.0343788
595.951,1,208,0.0349461
596.817,1,207.5,0.035482
597.683,1,207,0.0358966
598.549,1,206.5,0.0359731
599.415,1,206,0.0358646
600.281,1,205.5,0.0357566
601.147,1,205,0.0355459
602.013,1,204.5,0.0353668
602.879,1,204,0.0352193
603.745,1,203.5,0.0349098
604.611,1,203,0.0345102
605.477,1,202.5,0.0341235
606.344,1,202,0.0335746
607.21,1,201.5,0.0329947
608.076,1,201,0.0324323
608.942,1,200.5,0.0307589
609.808,1,200,0.0287598
