x,y,z,b
90.1924,1,500,0.0152772
91.0584,1,499.5,0.0152535
91.9244,1,499,0.0152282
92.7905,1,498.5,0.0152143
93.6565,1,498,0.0152012
94.5225,1,497.5,0.015188
95.3885,1,497,0.0151723
96.2546,1,496.5,0.015158
97.1206,1,496,0.0151492
97.9866,1,495.5,0.015141
98.8526,1,495,0.0151328
99.7187,1,494.5,0.0151247
100.585,1,494,0.0151166
101.451,1,493.5,0.0151052
102.317,1,493,0.0150634
103.183,1,492.5,0.0150215
104.049,1,492,0.0149793
104.915,1,491.5,0.0149367
105.781,1,491,0.0148933
106.647,1,490.5,0.014859
107.513,1,490,0.0148293
108.379,1,489.5,0.0147967
109.245,1,489,0.0147606
110.111,1,488.5,0.0147233
110.977,1,488,0.0146762
111.843,1,487.5,0.0145972
112.709,1,487,0.0145236
113.575,1,486.5,0.0144535
114.441,1,486,0.0143778
115.307,1,485.5,0.0143107
116.173,1,485,0.0142376
117.039,1,484.5,0.0141471
117.905,1,484,0.0140515
118.771,1,483.5,0.0139513
119.637,1,483,0.013848
120.503,1,482.5,0.0137503
121.369,1,482,0.0136953
122.235,1,481.5,0.0136672
123.101,1,481,0.0136614
123.967,1,480.5,0.0136718
124.833,1,480,0.0137021
125.699,1,479.5,0.0136582
126.565,1,479,0.013585
127.431,1,478.5,0.0135123
128.297,1,478,0.0134472
129.164,1,477.5,0.0133845
130.03,1,477,0.0133623
130.896,1,476.5,0.0134334
131.762,1,476,0.0134997
132.628,1,475.5,0.0135611
133.494,1,475,0.0136121
134.36,1,474.5,0.0136531
135.226,1,474,0.0136414
136.092,1,473.5,0.0136155
136.958,1,473,0.0135983
137.824,1,472.5,0.0135924
138.69,1,472,0.0135861
139.556,1,471.5,0.0135802
140.422,1,471,0.0135534
141.288,1,470.5,0.013499
142.154,1,470,0.0134202
143.02,1,469.5,0.0133274
143.886,1,469,0.0132144
144.752,1,468.5,0.0131528
145.618,1,468,0.0131062
146.484,1,467.5,0.0130674
147.35,1,467,0.0130373
148.216,1,466.5,0.0130131
149.082,1,466,0.0129609
149.948,1,465.5,0.012868
150.814,1,465,0.0127732
151.68,1,464.5,0.0126763
152.546,1,464,0.0125906
153.412,1,463.5,0.0125059
154.278,1,463,0.0124853
155.144,1,462.5,0.012473
156.01,1,462,0.0124622
156.876,1,461.5,0.0124514
157.742,1,461,0.0124486
158.608,1,460.5,0.0124172
159.474,1,460,0.0123396
160.34,1,459.5,0.0122721
161.206,1,459,0.012219
162.072,1,458.5,0.0121593
162.939,1,458,0.0121027
163.805,1,457.5,0.0121541
164.671,1,457,0.0122074
165.537,1,456.5,0.0122687
166.403,1,456,0.0123737
167.269,1,455.5,0.0124796
168.135,1,455,0.0125578
169.001,1,454.5,0.012673
169.867,1,454,0.0127947
170.733,1,453.5,0.0129208
171.599,1,453,0.0130792
172.465,1,452.5,0.0132528
173.331,1,452,0.0134593
174.197,1,451.5,0.0136571
175.063,1,451,0.0138459
175.929,1,450.5,0.0140265
176.795,1,450,0.0141927
177.661,1,449.5,0.0143463
178.527,1,449,0.0145025
179.393,1,448.5,0.0146555
180.259,1,448,0.0147975
181.125,1,447.5,0.0149428
181.991,1,447,0.0150839
182.857,1,446.5,0.0151863
183.723,1,446,0.0152847
184.589,1,445.5,0.015379
185.455,1,445,0.0154572
186.321,1,444.5,0.0155312
187.187,1,444,0.015617
188.053,1,443.5,0.015653
188.919,1,443,0.0156804
189.785,1,442.5,0.0157086
190.651,1,442,0.0157218
191.517,1,441.5,0.0157239
192.383,1,441,0.0157078
193.249,1,440.5,0.015683
194.115,1,440,0.0156515
194.981,1,439.5,0.0156206
195.847,1,439,0.0155823
196.714,1,438.5,0.0155493
197.58,1,438,0.0155274
198.446,1,437.5,0.0155065
199.312,1,437,0.0154752
200.178,1,436.5,0.0154487
201.044,1,436,0.0154155
201.91,1,435.5,0.0153383
202.776,1,435,0.0152625
203.642,1,434.5,0.0151879
204.508,1,434,0.0150977
205.374,1,433.5,0.0150065
206.24,1,433,0.014928
207.106,1,432.5,0.0148439
207.972,1,432,0.0147561
208.838,1,431.5,0.0146668
209.704,1,431,0.0145743
210.57,1,430.5,0.0144775
211.436,1,430,0.0143761
212.302,1,429.5,0.0142703
213.168,1,429,0.0141587
214.034,1,428.5,0.0140465
214.9,1,428,0.0139283
215.766,1,427.5,0.0137984
216.632,1,427,0.0136701
217.498,1,426.5,0.0135399
218.364,1,426,0.0133902
219.23,1,425.5,0.0132405
220.096,1,425,0.0130855
220.962,1,424.5,0.0129051
221.828,1,424,0.0127247
222.694,1,423.5,0.0125448
223.56,1,423,0.0123445
224.426,1,422.5,0.0121393
225.292,1,422,0.011943
226.158,1,421.5,0.0117348
227.024,1,421,0.0115189
227.89,1,420.5,0.0113028
228.756,1,420,0.0111535
229.622,1,419.5,0.011066
230.488,1,419,0.0109789
231.355,1,418.5,0.010928
232.221,1,418,0.0109437
233.087,1,417.5,0.010959
233.953,1,417,0.0109779
234.819,1,416.5,0.0109967
235.685,1,416,0.0110104
236.551,1,415.5,0.0110199
237.417,1,415,0.0110424
238.283,1,414.5,0.0110571
239.149,1,414,0.0110743
240.015,1,413.5,0.0111185
240.881,1,413,0.0111656
241.747,1,412.5,0.011213
242.613,1,412,0.0112715
243.479,1,411.5,0.0113372
244.345,1,411,0.011412
245.211,1,410.5,0.0114858
246.077,1,410,0.0115595
246.943,1,409.5,0.0116356
247.809,1,409,0.0117106
248.675,1,408.5,0.0117814
249.541,1,408,0.0118525
250.407,1,407.5,0.0119186
251.273,1,407,0.0119694
252.139,1,406.5,0.0120251
253.005,1,406,0.0120842
253.871,1,405.5,0.0121362
254.737,1,405,0.0121998
255.603,1,404.5,0.0122751
256.469,1,404,0.0123972
257.335,1,403.5,0.0125411
258.201,1,403,0.0126881
259.067,1,402.5,0.0127966
259.933,1,402,0.012896
260.799,1,401.5,0.0129964
261.665,1,401,0.0130542
262.531,1,400.5,0.0130834
263.397,1,400,0.0131079
264.263,1,399.5,0.0131088
265.13,1,399,0.0130778
265.996,1,398.5,0.0130412
266.862,1,398,0.012956
267.728,1,397.5,0.0127598
268.594,1,397,0.0125516
269.46,1,396.5,0.0123552
270.326,1,396,0.0122943
271.192,1,395.5,0.01223
272.058,1,395,0.0121594
272.924,1,394.5,0.0122024
273.79,1,394,0.0122473
274.656,1,393.5,0.012292
275.522,1,393,0.012449
276.388,1,392.5,0.0126364
277.254,1,392,0.0128585
278.12,1,391.5,0.0131427
278.986,1,391,0.0134298
279.852,1,390.5,0.013693
280.718,1,390,0.0138809
281.584,1,389.5,0.0139639
282.45,1,389,0.0139783
283.316,1,388.5,0.0139363
284.182,1,388,0.0138325
285.048,1,387.5,0.0136767
285.914,1,387,0.0134822
286.78,1,386.5,0.0133834
287.646,1,386,0.0132739
288.512,1,385.5,0.0131407
289.378,1,385,0.0130781
290.244,1,384.5,0.0129742
291.11,1,384,0.0128892
291.976,1,383.5,0.0130486
292.842,1,383,0.0132303
293.708,1,382.5,0.0134145
294.574,1,382,0.0137373
295.44,1,381.5,0.0141543
296.306,1,381,0.0150215
297.172,1,380.5,0.0160113
298.038,1,380,0.0170664
298.905,1,379.5,0.0181706
299.771,1,379,0.0193056
300.637,1,378.5,0.0202444
301.503,1,378,0.0209524
302.369,1,377.5,0.0217184
303.235,1,377,0.021096
304.101,1,376.5,0.0214418
304.967,1,376,0.0232993
305.833,1,375.5,0.0253221
306.699,1,375,0.0273461
307.565,1,374.5,0.0293434
308.431,1,374,0.0313254
309.297,1,373.5,0.0330478
310.163,1,373,0.0342382
311.029,1,372.5,0.0349461
311.895,1,372,0.0374021
312.761,1,371.5,0.0397198
313.627,1,371,0.0412752
314.493,1,370.5,0.0420622
315.359,1,370,0.0431059
316.225,1,369.5,0.0441328
317.091,1,369,0.0450743
317.957,1,368.5,0.0462345
318.823,1,368,0.0465609
319.689,1,367.5,0.046612
320.555,1,367,0.0463114
321.421,1,366.5,0.0459354
322.287,1,366,0.0456926
323.153,1,365.5,0.0454603
324.019,1,365,0.0449565
324.885,1,364.5,0.0444182
325.751,1,364,0.0441747
326.617,1,363.5,0.0436999
327.483,1,363,0.0430673
328.349,1,362.5,0.0426278
329.215,1,362,0.042495
330.081,1,361.5,0.0426504
330.947,1,361,0.0424765
331.813,1,360.5,0.0421774
332.679,1,360,0.0417458
333.546,1,359.5,0.0411407
334.412,1,359,0.0405139
335.278,1,358.5,0.0401201
336.144,1,358,0.0398858
337.01,1,357.5,0.0395708
337.876,1,357,0.0391363
338.742,1,356.5,0.0389538
339.608,1,356,0.0398975
340.474,1,355.5,0.0431729
341.34,1,355,0.0462219
342.206,1,354.5,0.0479085
343.072,1,354,0.0490924
343.938,1,353.5,0.0495077
344.804,1,353,0.0498956
345.67,1,352.5,0.0502712
346.536,1,352,0.0506662
347.402,1,351.5,0.0508359
348.268,1,351,0.0506597
349.134,1,350.5,0.0505016
350,1,350,0.05028
350.866,1,349.5,0.0499611
351.732,1,349,0.0497688
352.598,1,348.5,0.04986
353.464,1,348,0.0499271
354.33,1,347.5,0.0497632
355.196,1,347,0.0492289
356.062,1,346.5,0.0483925
356.928,1,346,0.0471834
357.794,1,345.5,0.0448729
358.66,1,345,0.0428143
359.526,1,344.5,0.0411347
360.392,1,344,0.0415727
361.258,1,343.5,0.0418581
362.124,1,343,0.0416661
362.99,1,342.5,0.0407366
363.856,1,342,0.0405763
364.722,1,341.5,0.0413011
365.588,1,341,0.0417779
366.454,1,340.5,0.0416428
367.321,1,340,0.0416788
368.187,1,339.5,0.0417947
369.053,1,339,0.0418518
369.919,1,338.5,0.0416847
370.785,1,338,0.0413093
371.651,1,337.5,0.04046
372.517,1,337,0.0382942
373.383,1,336.5,0.0342468
374.249,1,336,0.0315625
375.115,1,335.5,0.0312976
375.981,1,335,0.0356523
376.847,1,334.5,0.0409105
377.713,1,334,0.0443511
378.579,1,333.5,0.0460911
379.445,1,333,0.0477359
380.311,1,332.5,0.0484498
381.177,1,332,0.050177
382.043,1,331.5,0.0535222
382.909,1,331,0.055705
383.775,1,330.5,0.0586973
384.641,1,330,0.0622362
385.507,1,329.5,0.0639482
386.373,1,329,0.0663216
387.239,1,328.5,0.0671335
388.105,1,328,0.0670162
388.971,1,327.5,0.0673942
389.837,1,327,0.0667427
390.703,1,326.5,0.0651532
391.569,1,326,0.0633917
392.435,1,325.5,0.0625871
393.301,1,325,0.0614695
394.167,1,324.5,0.0619016
395.033,1,324,0.0643837
395.899,1,323.5,0.0675756
396.765,1,323,0.0709679
397.631,1,322.5,0.0750356
398.497,1,322,0.0805002
399.363,1,321.5,0.0829095
400.229,1,321,0.0853416
401.095,1,320.5,0.0878339
401.962,1,320,0.0866924
402.828,1,319.5,0.0854803
403.694,1,319,0.0818177
404.56,1,318.5,0.0754538
405.426,1,318,0.0700842
406.292,1,317.5,0.0632967
407.158,1,317,0.0573943
408.024,1,316.5,0.0530412
408.89,1,316,0.0466917
409.756,1,315.5,0.0421396
410.622,1,315,0.0411168
411.488,1,314.5,0.0356334
412.354,1,314,0.0339646
413.22,1,313.5,0.0335645
414.086,1,313,0.0327274
414.952,1,312.5,0.0327911
415.818,1,312,0.0330522
416.684,1,311.5,0.0334074
417.55,1,311,0.034016
418.416,1,310.5,0.0347252
419.282,1,310,0.035903
420.148,1,309.5,0.036914
421.014,1,309,0.0374822
421.88,1,308.5,0.0375367
422.746,1,308,0.0371598
423.612,1,307.5,0.036712
424.478,1,307,0.0359144
425.344,1,306.5,0.0343347
426.21,1,306,0.0317571
427.076,1,305.5,0.0292478
427.942,1,305,0.0268298
428.808,1,304.5,0.0263802
429.674,1,304,0.0258048
430.54,1,303.5,0.0255663
431.406,1,303,0.0256632
432.272,1,302.5,0.0252784
433.138,1,302,0.0247407
434.004,1,301.5,0.0241058
434.87,1,301,0.0235323
435.737,1,300.5,0.0232039
436.603,1,300,0.0231325
437.469,1,299.5,0.0231228
438.335,1,299,0.0231557
439.201,1,298.5,0.0232212
440.067,1,298,0.0236754
440.933,1,297.5,0.0242895
441.799,1,297,0.0244542
442.665,1,296.5,0.0248691
443.531,1,296,0.0251532
444.397,1,295.5,0.0252221
445.263,1,295,0.0257057
446.129,1,294.5,0.0271418
446.995,1,294,0.0279451
447.861,1,293.5,0.028396
448.727,1,293,0.0287835
449.593,1,292.5,0.0292485
450.459,1,292,0.0296981
451.325,1,291.5,0.0310542
452.191,1,291,0.0317358
453.057,1,290.5,0.0325118
453.923,1,290,0.033468
454.789,1,289.5,0.0345273
455.655,1,289,0.0362345
456.521,1,288.5,0.0389239
457.387,1,288,0.0419907
458.253,1,287.5,0.044638
459.119,1,287,0.0461458
459.985,1,286.5,0.0475057
460.851,1,286,0.048608
461.717,1,285.5,0.0488387
462.583,1,285,0.0491329
463.449,1,284.5,0.0495717
464.315,1,284,0.0495137
465.181,1,283.5,0.0494846
466.047,1,283,0.0494393
466.913,1,282.5,0.0493777
467.779,1,282,0.0492788
468.645,1,281.5,0.0491314
469.512,1,281,0.0490384
470.378,1,280.5,0.049009
471.244,1,280,0.0490433
472.11,1,279.5,0.0491413
472.976,1,279,0.049303
473.842,1,278.5,0.0494272
474.708,1,278,0.0495831
475.574,1,277.5,0.0497789
476.44,1,277,0.0500146
477.306,1,276.5,0.0502901
478.172,1,276,0.0503674
479.038,1,275.5,0.0499218
479.904,1,275,0.049444
480.77,1,274.5,0.0490198
481.636,1,274,0.0486489
482.502,1,273.5,0.0483316
483.368,1,273,0.046177
484.234,1,272.5,0.0452998
485.1,1,272,0.0445206
485.966,1,271.5,0.0439772
486.832,1,271,0.0435609
487.698,1,270.5,0.0432068
488.564,1,270,0.0427556
489.43,1,269.5,0.0421654
490.296,1,269,0.0411151
491.162,1,268.5,0.0396283
492.028,1,268,0.0378827
492.894,1,267.5,0.0361302
493.76,1,267,0.0343539
494.626,1,266.5,0.0327948
495.492,1,266,0.0321505
496.358,1,265.5,0.0315148
497.224,1,265,0.0312996
498.09,1,264.5,0.031144
498.956,1,264,0.0310481
499.822,1,263.5,0.0315045
500.688,1,263,0.0323077
501.554,1,262.5,0.0333808
502.42,1,262,0.0348571
503.286,1,261.5,0.0366261
504.153,1,261,0.0385464
505.019,1,260.5,0.0401058
505.885,1,260,0.0416341
506.751,1,259.5,0.0432983
507.617,1,259,0.0445998
508.483,1,258.5,0.0452956
509.349,1,258,0.0455397
510.215,1,257.5,0.0455555
511.081,1,257,0.0451762
511.947,1,256.5,0.0453617
512.813,1,256,0.0453192
513.679,1,255.5,0.0451649
514.545,1,255,0.0448989
515.411,1,254.5,0.0445212
516.277,1,254,0.0443491
517.143,1,253.5,0.0442329
518.009,1,253,0.0439263
518.875,1,252.5,0.0436779
519.741,1,252,0.0434876
520.607,1,251.5,0.0430855
521.473,1,251,0.0432493
522.339,1,250.5,0.0436808
523.205,1,250,0.0439862
524.071,1,249.5,0.0440403
524.937,1,249,0.0441573
525.803,1,248.5,0.0441896
526.669,1,248,0.0441422
527.535,1,247.5,0.0440305
528.401,1,247,0.0436471
529.267,1,246.5,0.0432905
530.133,1,246,0.0424295
530.999,1,245.5,0.0415976
531.865,1,245,0.0416187
532.731,1,244.5,0.0417117
533.597,1,244,0.0416533
534.463,1,243.5,0.0416989
535.329,1,243,0.041604
536.195,1,242.5,0.0415147
537.061,1,242,0.0414794
537.928,1,241.5,0.0413779
538.794,1,241,0.0412028
539.66,1,240.5,0.0410554
540.526,1,240,0.0404989
541.392,1,239.5,0.039927
542.258,1,239,0.0393395
543.124,1,238.5,0.0387365
543.99,1,238,0.038118
544.856,1,237.5,0.0365604
545.722,1,237,0.0349171
546.588,1,236.5,0.0334147
547.454,1,236,0.0320531
548.32,1,235.5,0.0308324
549.186,1,235,0.0283972
550.052,1,234.5,0.0270847
550.918,1,234,0.0259053
551.784,1,233.5,0.0252808
552.65,1,233,0.0249785
553.516,1,232.5,0.0246574
554.382,1,232,0.0242649
555.248,1,231.5,0.0238163
556.114,1,231,0.0233444
556.98,1,230.5,0.023044
557.846,1,230,0.0227075
558.712,1,229.5,0.0223017
559.578,1,229,0.0219841
560.444,1,228.5,0.0218232
561.31,1,228,0.0217458
562.176,1,227.5,0.0217671
563.042,1,227,0.0218972
563.908,1,226.5,0.0220345
564.774,1,226,0.0222128
565.64,1,225.5,0.0226018
566.506,1,225,0.0230235
567.372,1,224.5,0.0234433
568.238,1,224,0.0239952
569.104,1,223.5,0.0245358
569.97,1,223,0.0250633
570.836,1,222.5,0.0255741
571.703,1,222,0.026023
572.569,1,221.5,0.0263981
573.435,1,221,0.026776
574.301,1,220.5,0.0270787
575.167,1,220,0.0272046
576.033,1,219.5,0.0269863
576.899,1,219,0.0266383
577.765,1,218.5,0.0261883
578.631,1,218,0.0256345
579.497,1,217.5,0.0250368
580.363,1,217,0.0246708
581.229,1,216.5,0.0244008
582.095,1,216,0.024209
582.961,1,215.5,0.0240335
583.827,1,215,0.0238801
584.693,1,214.5,0.0239239
585.559,1,214,0.0240595
586.425,1,213.5,0.0241586
587.291,1,213,0.0244413
588.157,1,212.5,0.0247579
589.023,1,212,0.0250826
589.889,1,211.5,0.0254367
590.755,1,211,0.0257924
591.621,1,210.5,0.026117
592.487,1,210,0.0264002
593.353,1,209.5,0.0266082
594.219,1,209,0.0267347
595.085,1,208.5,0.0265099
595.951,1,208,0.0259335
596.817,1,207.5,0.0253953
597.683,1,207,0.0247997
598.549,1,206.5,0.0240089
599.415,1,206,0.0232895
600.281,1,205.5,0.0225834
601.147,1,205,0.0222606
602.013,1,204.5,0.0212999
602.879,1,204,0.0202566
603.745,1,203.5,0.0198789
604.611,1,203,0.0201169
605.477,1,202.5,0.0210615
606.344,1,202,0.0211926
607.21,1,201.5,0.0221422
608.076,1,201,0.0233299
608.942,1,200.5,0.0244286
609.808,1,200,0.0252931
