x,y,z,b
90.1924,1,500,0.0147089
91.0584,1,499.5,0.0146617
91.9244,1,499,0.0146012
92.7905,1,498.5,0.0145245
93.6565,1,498,0.014446
94.5225,1,497.5,0.0143614
95.3885,1,497,0.0142597
96.2546,1,496.5,0.0141571
97.1206,1,496,0.0140552
97.9866,1,495.5,0.0139502
98.8526,1,495,0.0138504
99.7187,1,494.5,0.0137559
100.585,1,494,0.0136793
101.451,1,493.5,0.01361
102.317,1,493,0.0135087
103.183,1,492.5,0.0134098
104.049,1,492,0.0133037
104.915,1,491.5,0.0131855
105.781,1,491,0.0130558
106.647,1,490.5,0.0129862
107.513,1,490,0.0129838
108.379,1,489.5,0.0130411
109.245,1,489,0.0131519
110.111,1,488.5,0.0132676
110.977,1,488,0.0133563
111.843,1,487.5,0.0132946
112.709,1,487,0.0132371
113.575,1,486.5,0.0131852
114.441,1,486,0.0131544
115.307,1,485.5,0.0131371
116.173,1,485,0.0132234
117.039,1,484.5,0.01335
117.905,1,484,0.0134485
118.771,1,483.5,0.0135179
119.637,1,483,0.013553
120.503,1,482.5,0.0135606
121.369,1,482,0.0136072
122.235,1,481.5,0.0136756
123.101,1,481,0.0137689
123.967,1,480.5,0.0138905
124.833,1,480,0.0140177
125.699,1,479.5,0.0140222
126.565,1,479,0.0139879
127.431,1,478.5,0.0139457
128.297,1,478,0.0138964
129.164,1,477.5,0.0138459
130.03,1,477,0.0138267
130.896,1,476.5,0.0138827
131.762,1,476,0.0139351
132.628,1,475.5,0.013984
133.494,1,475,0.014021
134.36,1,474.5,0.0140501
135.226,1,474,0.0139823
136.092,1,473.5,0.013905
136.958,1,473,0.0138412
137.824,1,472.5,0.0137911
138.69,1,472,0.0137586
139.556,1,471.5,0.013757
140.422,1,471,0.0137788
141.288,1,470.5,0.0137935
142.154,1,470,0.0138017
143.02,1,469.5,0.0138008
143.886,1,469,0.0137954
144.752,1,468.5,0.0137821
145.618,1,468,0.013774
146.484,1,467.5,0.0137747
147.35,1,467,0.0137887
148.216,1,466.5,0.0138105
149.082,1,466,0.0138348
149.948,1,465.5,0.0138496
150.814,1,465,0.0138548
151.68,1,464.5,0.0138503
152.546,1,464,0.0138371
153.412,1,463.5,0.0138116
154.278,1,463,0.0138269
155.144,1,462.5,0.0138424
156.01,1,462,0.013859
156.876,1,461.5,0.013878
157.742,1,461,0.0138956
158.608,1,460.5,0.0138713
159.474,1,460,0.0137944
160.34,1,459.5,0.0137039
161.206,1,459,0.0135979
162.072,1,458.5,0.0134819
162.939,1,458,0.0133542
163.805,1,457.5,0.0133707
164.671,1,457,0.0133984
165.537,1,456.5,0.0134368
166.403,1,456,0.0134831
167.269,1,455.5,0.0135415
168.135,1,455,0.0134997
169.001,1,454.5,0.0133467
169.867,1,454,0.0131821
170.733,1,453.5,0.0130061
171.599,1,453,0.0128669
172.465,1,452.5,0.0127709
173.331,1,452,0.012854
174.197,1,451.5,0.0129287
175.063,1,451,0.0129809
175.929,1,450.5,0.0130033
176.795,1,450,0.0130051
177.661,1,449.5,0.0129902
178.527,1,449,0.0129947
179.393,1,448.5,0.0130385
180.259,1,448,0.0131298
181.125,1,447.5,0.0132431
181.991,1,447,0.0133635
182.857,1,446.5,0.013388
183.723,1,446,0.0133989
184.589,1,445.5,0.0133965
185.455,1,445,0.0134093
186.321,1,444.5,0.0134207
187.187,1,444,0.0135343
188.053,1,443.5,0.0137221
188.919,1,443,0.0139073
189.785,1,442.5,0.0140858
190.651,1,442,0.0142677
191.517,1,441.5,0.0144354
192.383,1,441,0.0145626
193.249,1,440.5,0.0147046
194.115,1,440,0.0148572
194.981,1,439.5,0.0150133
195.847,1,439,0.0151693
196.714,1,438.5,0.0153218
197.58,1,438,0.0154774
198.446,1,437.5,0.0156255
199.312,1,437,0.0157362
200.178,1,436.5,0.0158406
201.044,1,436,0.0159216
201.91,1,435.5,0.0159027
202.776,1,435,0.0158835
203.642,1,434.5,0.0158641
204.508,1,434,0.0158301
205.374,1,433.5,0.0157968
206.24,1,433,0.0157166
207.106,1,432.5,0.0156272
207.972,1,432,0.0155402
208.838,1,431.5,0.0154547
209.704,1,431,0.015384
210.57,1,430.5,0.0153538
211.436,1,430,0.0153958
212.302,1,429.5,0.0154677
213.168,1,429,0.0155701
214.034,1,428.5,0.0156881
214.9,1,428,0.0158171
215.766,1,427.5,0.0158796
216.632,1,427,0.015926
217.498,1,426.5,0.0159598
218.364,1,426,0.0159491
219.23,1,425.5,0.0159393
220.096,1,425,0.0159656
220.962,1,424.5,0.0160237
221.828,1,424,0.0160757
222.694,1,423.5,0.0161223
223.56,1,423,0.0161586
224.426,1,422.5,0.0161881
225.292,1,422,0.0161961
226.158,1,421.5,0.0162027
227.024,1,421,0.0162114
227.89,1,420.5,0.0162243
228.756,1,420,0.0162365
229.622,1,419.5,0.0161944
230.488,1,419,0.0160627
231.355,1,418.5,0.015888
232.221,1,418,0.0156649
233.087,1,417.5,0.0154035
233.953,1,417,0.0151156
234.819,1,416.5,0.0150728
235.685,1,416,0.015066
236.551,1,415.5,0.0150935
237.417,1,415,0.015194
238.283,1,414.5,0.0153119
239.149,1,414,0.0153287
240.015,1,413.5,0.0152509
240.881,1,413,0.0152038
241.747,1,412.5,0.0151876
242.613,1,412,0.0152004
243.479,1,411.5,0.0152634
244.345,1,411,0.0154467
245.211,1,410.5,0.0155391
246.077,1,410,0.0155758
246.943,1,409.5,0.0155998
247.809,1,409,0.0155981
248.675,1,408.5,0.0155518
249.541,1,408,0.0155026
250.407,1,407.5,0.0154548
251.273,1,407,0.0153876
252.139,1,406.5,0.015332
253.005,1,406,0.0152804
253.871,1,405.5,0.015167
254.737,1,405,0.0150442
255.603,1,404.5,0.0149119
256.469,1,404,0.0148152
257.335,1,403.5,0.0147115
258.201,1,403,0.0146386
259.067,1,402.5,0.0146174
259.933,1,402,0.0146088
260.799,1,401.5,0.0146055
261.665,1,401,0.0146155
262.531,1,400.5,0.0146183
263.397,1,400,0.014524
264.263,1,399.5,0.0144099
265.13,1,399,0.0142668
265.996,1,398.5,0.0141054
266.862,1,398,0.0138939
267.728,1,397.5,0.0137395
268.594,1,397,0.0136734
269.46,1,396.5,0.0136161
270.326,1,396,0.0134746
271.192,1,395.5,0.0133656
272.058,1,395,0.0132575
272.924,1,394.5,0.0129477
273.79,1,394,0.0126301
274.656,1,393.5,0.0123063
275.522,1,393,0.0120404
276.388,1,392.5,0.0117838
277.254,1,392,0.0115761
278.12,1,391.5,0.0115501
278.986,1,391,0.0115948
279.852,1,390.5,0.0116332
280.718,1,390,0.0116785
281.584,1,389.5,0.0117498
282.45,1,389,0.0118655
283.316,1,388.5,0.0119563
284.182,1,388,0.0120076
285.048,1,387.5,0.0120204
285.914,1,387,0.0120135
286.78,1,386.5,0.0120926
287.646,1,386,0.012108
288.512,1,385.5,0.0120538
289.378,1,385,0.0121048
290.244,1,384.5,0.0121369
291.11,1,384,0.0121662
291.976,1,383.5,0.0122618
292.842,1,383,0.0123489
293.708,1,382.5,0.0124208
294.574,1,382,0.0125657
295.44,1,381.5,0.0127163
296.306,1,381,0.0129175
297.172,1,380.5,0.0132122
298.038,1,380,0.0137014
298.905,1,379.5,0.0137481
299.771,1,379,0.0136759
300.637,1,378.5,0.0146373
301.503,1,378,0.015771
302.369,1,377.5,0.0158964
303.235,1,377,0.0153447
304.101,1,376.5,0.0151533
304.967,1,376,0.0153098
305.833,1,375.5,0.0153038
306.699,1,375,0.0154664
307.565,1,374.5,0.0158212
308.431,1,374,0.0161791
309.297,1,373.5,0.016368
310.163,1,373,0.0165395
311.029,1,372.5,0.016897
311.895,1,372,0.0190643
312.761,1,371.5,0.021664
313.627,1,371,0.0239288
314.493,1,370.5,0.0269249
315.359,1,370,0.02974
316.225,1,369.5,0.0316905
317.091,1,369,0.0328343
317.957,1,368.5,0.0339812
318.823,1,368,0.0351162
319.689,1,367.5,0.0358067
320.555,1,367,0.036128
321.421,1,366.5,0.0364467
322.287,1,366,0.0367962
323.153,1,365.5,0.0369783
324.019,1,365,0.0379202
324.885,1,364.5,0.0388932
325.751,1,364,0.0397323
326.617,1,363.5,0.0401108
327.483,1,363,0.0399945
328.349,1,362.5,0.0386333
329.215,1,362,0.0378231
330.081,1,361.5,0.037533
330.947,1,361,0.0375156
331.813,1,360.5,0.0380281
332.679,1,360,0.0380541
333.546,1,359.5,0.038188
334.412,1,359,0.0371206
335.278,1,358.5,0.0368798
336.144,1,358,0.0364228
337.01,1,357.5,0.0359023
337.876,1,357,0.0353317
338.742,1,356.5,0.035295
339.608,1,356,0.035581
340.474,1,355.5,0.0360032
341.34,1,355,0.0367772
342.206,1,354.5,0.0374033
343.072,1,354,0.0377655
343.938,1,353.5,0.0372673
344.804,1,353,0.036638
345.67,1,352.5,0.0359124
346.536,1,352,0.0338665
347.402,1,351.5,0.0305058
348.268,1,351,0.0269659
349.134,1,350.5,0.0258513
350,1,350,0.0270316
350.866,1,349.5,0.0246903
351.732,1,349,0.0231024
352.598,1,348.5,0.0224035
353.464,1,348,0.0232187
354.33,1,347.5,0.0238314
355.196,1,347,0.024178
356.062,1,346.5,0.0242189
356.928,1,346,0.0239945
357.794,1,345.5,0.0237395
358.66,1,345,0.0234149
359.526,1,344.5,0.0228325
360.392,1,344,0.0222635
361.258,1,343.5,0.0231007
362.124,1,343,0.0231962
362.99,1,342.5,0.0235462
363.856,1,342,0.0238601
364.722,1,341.5,0.0223358
365.588,1,341,0.0219694
366.454,1,340.5,0.0232845
367.321,1,340,0.0244549
368.187,1,339.5,0.0255484
369.053,1,339,0.0265774
369.919,1,338.5,0.0274748
370.785,1,338,0.0280135
371.651,1,337.5,0.0288582
372.517,1,337,0.0301495
373.383,1,336.5,0.0315275
374.249,1,336,0.0326172
375.115,1,335.5,0.0333397
375.981,1,335,0.0334098
376.847,1,334.5,0.0330019
377.713,1,334,0.0329811
378.579,1,333.5,0.0333633
379.445,1,333,0.0338798
380.311,1,332.5,0.0351148
381.177,1,332,0.0363512
382.043,1,331.5,0.0372801
382.909,1,331,0.0386339
383.775,1,330.5,0.0396881
384.641,1,330,0.0405357
385.507,1,329.5,0.0415775
386.373,1,329,0.0423556
387.239,1,328.5,0.0440158
388.105,1,328,0.0450967
388.971,1,327.5,0.0456722
389.837,1,327,0.0461419
390.703,1,326.5,0.0476442
391.569,1,326,0.0492846
392.435,1,325.5,0.0506052
393.301,1,325,0.0517661
394.167,1,324.5,0.0516962
395.033,1,324,0.0509644
395.899,1,323.5,0.0501517
396.765,1,323,0.0503303
397.631,1,322.5,0.0497492
398.497,1,322,0.0489374
399.363,1,321.5,0.0489169
400.229,1,321,0.0489767
401.095,1,320.5,0.0490957
401.962,1,320,0.0497291
402.828,1,319.5,0.0505516
403.694,1,319,0.0514676
404.56,1,318.5,0.052244
405.426,1,318,0.0530509
406.292,1,317.5,0.0539285
407.158,1,317,0.0548583
408.024,1,316.5,0.055606
408.89,1,316,0.0559427
409.756,1,315.5,0.0563901
410.622,1,315,0.0570202
411.488,1,314.5,0.0577856
412.354,1,314,0.0585874
413.22,1,313.5,0.0592519
414.086,1,313,0.0595959
414.952,1,312.5,0.0598315
415.818,1,312,0.0593001
416.684,1,311.5,0.0578327
417.55,1,311,0.0575074
418.416,1,310.5,0.0573856
419.282,1,310,0.0575295
420.148,1,309.5,0.0572982
421.014,1,309,0.0567578
421.88,1,308.5,0.0560582
422.746,1,308,0.0552705
423.612,1,307.5,0.0549457
424.478,1,307,0.0554715
425.344,1,306.5,0.0558939
426.21,1,306,0.0567015
427.076,1,305.5,0.0573
427.942,1,305,0.0581153
428.808,1,304.5,0.0591771
429.674,1,304,0.0610227
430.54,1,303.5,0.0620494
431.406,1,303,0.0628157
432.272,1,302.5,0.063471
433.138,1,302,0.0642084
434.004,1,301.5,0.065755
434.87,1,301,0.0676147
435.737,1,300.5,0.0701357
436.603,1,300,0.0724672
437.469,1,299.5,0.0749433
438.335,1,299,0.077564
439.201,1,298.5,0.0803294
440.067,1,298,0.0831579
440.933,1,297.5,0.0843582
441.799,1,297,0.0852575
442.665,1,296.5,0.0860561
443.531,1,296,0.0890166
444.397,1,295.5,0.0897935
445.263,1,295,0.0878484
446.129,1,294.5,0.0884256
446.995,1,294,0.0892213
447.861,1,293.5,0.0900934
448.727,1,293,0.0902618
449.593,1,292.5,0.0903584
450.459,1,292,0.0907287
451.325,1,291.5,0.0917088
452.191,1,291,0.0922367
453.057,1,290.5,0.0906412
453.923,1,290,0.088572
454.789,1,289.5,0.0867806
455.655,1,289,0.0846708
456.521,1,288.5,0.0819383
457.387,1,288,0.0803822
458.253,1,287.5,0.0790141
459.119,1,287,0.0773777
459.985,1,286.5,0.075973
460.851,1,286,0.0749054
461.717,1,285.5,0.0748651
462.583,1,285,0.0753384
463.449,1,284.5,0.0757719
464.315,1,284,0.0769742
465.181,1,283.5,0.0783462
466.047,1,283,0.0801811
466.913,1,282.5,0.0810845
467.779,1,282,0.0819267
468.645,1,281.5,0.0828429
469.512,1,281,0.0835868
470.378,1,280.5,0.0841433
471.244,1,280,0.0848068
472.11,1,279.5,0.0854778
472.976,1,279,0.0860809
473.842,1,278.5,0.086662
474.708,1,278,0.0872625
475.574,1,277.5,0.087857
476.44,1,277,0.0885972
477.306,1,276.5,0.0893412
478.172,1,276,0.090326
479.038,1,275.5,0.0913535
479.904,1,275,0.0924108
480.77,1,274.5,0.0924292
481.636,1,274,0.092127
482.502,1,273.5,0.0918066
483.368,1,273,0.091387
484.234,1,272.5,0.0911861
485.1,1,272,0.0912675
485.966,1,271.5,0.0913577
486.832,1,271,0.0902211
487.698,1,270.5,0.0879244
488.564,1,270,0.0816297
489.43,1,269.5,0.0742356
490.296,1,269,0.0704114
491.162,1,268.5,0.0722233
492.028,1,268,0.0741382
492.894,1,267.5,0.0754848
493.76,1,267,0.0766669
494.626,1,266.5,0.0772935
495.492,1,266,0.0771638
496.358,1,265.5,0.0744725
497.224,1,265,0.0689982
498.09,1,264.5,0.0584689
498.956,1,264,0.0479301
499.822,1,263.5,0.0401761
500.688,1,263,0.0382019
501.554,1,262.5,0.0397753
502.42,1,262,0.0426108
503.286,1,261.5,0.0465934
504.153,1,261,0.050507
505.019,1,260.5,0.0535517
505.885,1,260,0.0557982
506.751,1,259.5,0.0580973
507.617,1,259,0.0603803
508.483,1,258.5,0.0621184
509.349,1,258,0.0647403
510.215,1,257.5,0.0669322
511.081,1,257,0.0662783
511.947,1,256.5,0.0629482
512.813,1,256,0.0593638
513.679,1,255.5,0.0550649
514.545,1,255,0.0483567
515.411,1,254.5,0.043154
516.277,1,254,0.0383913
517.143,1,253.5,0.0344208
518.009,1,253,0.0325126
518.875,1,252.5,0.031982
519.741,1,252,0.033024
520.607,1,251.5,0.0343694
521.473,1,251,0.0354312
522.339,1,250.5,0.0353824
523.205,1,250,0.0350866
524.071,1,249.5,0.0350062
524.937,1,249,0.0355686
525.803,1,248.5,0.0361505
526.669,1,248,0.0366194
527.535,1,247.5,0.0373661
528.401,1,247,0.0375983
529.267,1,246.5,0.0373247
530.133,1,246,0.0368302
530.999,1,245.5,0.0357275
531.865,1,245,0.0345553
532.731,1,244.5,0.0333695
533.597,1,244,0.0333075
534.463,1,243.5,0.032861
535.329,1,243,0.0324548
536.195,1,242.5,0.0327836
537.061,1,242,0.032942
537.928,1,241.5,0.032513
538.794,1,241,0.0320556
539.66,1,240.5,0.0315898
540.526,1,240,0.0310426
541.392,1,239.5,0.030567
542.258,1,239,0.0302836
543.124,1,238.5,0.0299318
543.99,1,238,0.0294782
544.856,1,237.5,0.0289771
545.722,1,237,0.0282828
546.588,1,236.5,0.0271627
547.454,1,236,0.0266137
548.32,1,235.5,0.026047
549.186,1,235,0.0254345
550.052,1,234.5,0.0248742
550.918,1,234,0.0243663
551.784,1,233.5,0.0243009
552.65,1,233,0.0243889
553.516,1,232.5,0.0244426
554.382,1,232,0.0246336
555.248,1,231.5,0.0248098
556.114,1,231,0.0249359
556.98,1,230.5,0.0253265
557.846,1,230,0.0257233
558.712,1,229.5,0.0260043
559.578,1,229,0.026274
560.444,1,228.5,0.0265823
561.31,1,228,0.0268331
562.176,1,227.5,0.0269788
563.042,1,227,0.0270491
563.908,1,226.5,0.0270657
564.774,1,226,0.027004
565.64,1,225.5,0.026728
566.506,1,225,0.026138
567.372,1,224.5,0.0255129
568.238,1,224,0.0249453
569.104,1,223.5,0.0244338
569.97,1,223,0.0239776
570.836,1,222.5,0.0238776
571.703,1,222,0.0238303
572.569,1,221.5,0.0237285
573.435,1,221,0.0236688
574.301,1,220.5,0.0237117
575.167,1,220,0.0238824
576.033,1,219.5,0.024227
576.899,1,219,0.0246198
577.765,1,218.5,0.0250908
578.631,1,218,0.0255222
579.497,1,217.5,0.0258103
580.363,1,217,0.0262021
581.229,1,216.5,0.0265169
582.095,1,216,0.0266843
582.961,1,215.5,0.0267943
583.827,1,215,0.0269727
584.693,1,214.5,0.0299539
585.559,1,214,0.0358816
586.425,1,213.5,0.0362981
587.291,1,213,0.0321912
588.157,1,212.5,0.0308399
589.023,1,212,0.0293743
589.889,1,211.5,0.029798
590.755,1,211,0.030298
591.621,1,210.5,0.030429
592.487,1,210,0.030271
593.353,1,209.5,0.0298812
594.219,1,209,0.0294709
595.085,1,208.5,0.0295434
595.951,1,208,0.0297413
596.817,1,207.5,0.0298346
597.683,1,207,0.0298443
598.549,1,206.5,0.0298264
599.415,1,206,0.0301119
600.281,1,205.5,0.0303929
601.147,1,205,0.0303791
602.013,1,204.5,0.0301409
602.879,1,204,0.0296782
603.745,1,203.5,0.0292056
604.611,1,203,0.0287525
605.477,1,202.5,0.0280828
606.344,1,202,0.0272616
607.21,1,201.5,0.0261769
608.076,1,201,0.024803
608.942,1,200.5,0.0230377
609.808,1,200,0.0217669
