x,y,z,b
90.1924,1,500,0.0141955
91.0584,1,499.5,0.0141545
91.9244,1,499,0.0141096
92.7905,1,498.5,0.0140184
93.6565,1,498,0.0139307
94.5225,1,497.5,0.013849
95.3885,1,497,0.0137801
96.2546,1,496.5,0.0137148
97.1206,1,496,0.0136781
97.9866,1,495.5,0.0136678
98.8526,1,495,0.0136572
99.7187,1,494.5,0.0136465
100.585,1,494,0.0136493
101.451,1,493.5,0.0136377
102.317,1,493,0.0135767
103.183,1,492.5,0.0135244
104.049,1,492,0.0134872
104.915,1,491.5,0.013466
105.781,1,491,0.0134757
106.647,1,490.5,0.0134982
107.513,1,490,0.0135018
108.379,1,489.5,0.0134996
109.245,1,489,0.0134891
110.111,1,488.5,0.0134544
110.977,1,488,0.0134313
111.843,1,487.5,0.0135834
112.709,1,487,0.0137715
113.575,1,486.5,0.0139965
114.441,1,486,0.0142585
115.307,1,485.5,0.0145453
116.173,1,485,0.0146061
117.039,1,484.5,0.0145254
117.905,1,484,0.0144496
118.771,1,483.5,0.0143803
119.637,1,483,0.0143152
120.503,1,482.5,0.0143478
121.369,1,482,0.0145897
122.235,1,481.5,0.0147904
123.101,1,481,0.0149473
123.967,1,480.5,0.0150611
124.833,1,480,0.0151219
125.699,1,479.5,0.0151159
126.565,1,479,0.0151294
127.431,1,478.5,0.015164
128.297,1,478,0.0152016
129.164,1,477.5,0.0152629
130.03,1,477,0.0153044
130.896,1,476.5,0.0152329
131.762,1,476,0.0151451
132.628,1,475.5,0.0150409
133.494,1,475,0.0149174
134.36,1,474.5,0.014787
135.226,1,474,0.014811
136.092,1,473.5,0.0148668
136.958,1,473,0.0149219
137.824,1,472.5,0.0149772
138.69,1,472,0.015023
139.556,1,471.5,0.014986
140.422,1,471,0.0148227
141.288,1,470.5,0.0146731
142.154,1,470,0.0145385
143.02,1,469.5,0.0144197
143.886,1,469,0.0143223
144.752,1,468.5,0.0143605
145.618,1,468,0.0144045
146.484,1,467.5,0.0144412
147.35,1,467,0.0144744
148.216,1,466.5,0.0144962
149.082,1,466,0.0144942
149.948,1,465.5,0.0144944
150.814,1,465,0.0145136
151.68,1,464.5,0.0145517
152.546,1,464,0.0146058
153.412,1,463.5,0.0146723
154.278,1,463,0.0146882
155.144,1,462.5,0.0146851
156.01,1,462,0.0146701
156.876,1,461.5,0.0146454
157.742,1,461,0.0146028
158.608,1,460.5,0.0146016
159.474,1,460,0.0146683
160.34,1,459.5,0.0147426
161.206,1,459,0.0148194
162.072,1,458.5,0.0149032
162.939,1,458,0.0149852
163.805,1,457.5,0.0148998
164.671,1,457,0.0148097
165.537,1,456.5,0.0147141
166.403,1,456,0.0146108
167.269,1,455.5,0.0145089
168.135,1,455,0.0144856
169.001,1,454.5,0.0145239
169.867,1,454,0.014561
170.733,1,453.5,0.0145969
171.599,1,453,0.0146372
172.465,1,452.5,0.0146526
173.331,1,452,0.0145781
174.197,1,451.5,0.0145391
175.063,1,451,0.0145299
175.929,1,450.5,0.0145436
176.795,1,450,0.0145888
177.661,1,449.5,0.0146274
178.527,1,449,0.0146413
179.393,1,448.5,0.0146498
180.259,1,448,0.0146591
181.125,1,447.5,0.014666
181.991,1,447,0.014677
182.857,1,446.5,0.0147248
183.723,1,446,0.0147752
184.589,1,445.5,0.0148283
185.455,1,445,0.0148842
186.321,1,444.5,0.0149369
187.187,1,444,0.0149676
188.053,1,443.5,0.0149669
188.919,1,443,0.01497
189.785,1,442.5,0.0149811
190.651,1,442,0.0149768
191.517,1,441.5,0.014964
192.383,1,441,0.0149439
193.249,1,440.5,0.0149234
194.115,1,440,0.0149024
194.981,1,439.5,0.0148834
195.847,1,439,0.0148664
196.714,1,438.5,0.0148345
197.58,1,438,0.0148011
198.446,1,437.5,0.014773
199.312,1,437,0.0147509
200.178,1,436.5,0.0147356
201.044,1,436,0.014718
201.91,1,435.5,0.0146799
202.776,1,435,0.0146466
203.642,1,434.5,0.0146182
204.508,1,434,0.0145921
205.374,1,433.5,0.0145746
206.24,1,433,0.0145421
207.106,1,432.5,0.0145085
207.972,1,432,0.0144865
208.838,1,431.5,0.0144778
209.704,1,431,0.0144766
210.57,1,430.5,0.0144799
211.436,1,430,0.0144867
212.302,1,429.5,0.0144991
213.168,1,429,0.0145151
214.034,1,428.5,0.0145399
214.9,1,428,0.0145738
215.766,1,427.5,0.0146358
216.632,1,427,0.0147154
217.498,1,426.5,0.0148104
218.364,1,426,0.0149207
219.23,1,425.5,0.0150402
220.096,1,425,0.0151481
220.962,1,424.5,0.0152237
221.828,1,424,0.0153037
222.694,1,423.5,0.0153884
223.56,1,423,0.0154623
224.426,1,422.5,0.0155327
225.292,1,422,0.0155898
226.158,1,421.5,0.0156481
227.024,1,421,0.0157132
227.89,1,420.5,0.0157902
228.756,1,420,0.0158719
229.622,1,419.5,0.0159622
230.488,1,419,0.0160815
231.355,1,418.5,0.0162197
232.221,1,418,0.016367
233.087,1,417.5,0.0165374
233.953,1,417,0.0167288
234.819,1,416.5,0.0168009
235.685,1,416,0.0168763
236.551,1,415.5,0.0169552
237.417,1,415,0.0170049
238.283,1,414.5,0.0170972
239.149,1,414,0.0171934
240.015,1,413.5,0.0172017
240.881,1,413,0.0172374
241.747,1,412.5,0.0173122
242.613,1,412,0.0173896
243.479,1,411.5,0.0174833
244.345,1,411,0.0175007
245.211,1,410.5,0.0174766
246.077,1,410,0.0174129
246.943,1,409.5,0.0173472
247.809,1,409,0.0172641
248.675,1,408.5,0.0171947
249.541,1,408,0.0171497
250.407,1,407.5,0.0170842
251.273,1,407,0.016968
252.139,1,406.5,0.0168449
253.005,1,406,0.0167065
253.871,1,405.5,0.0164777
254.737,1,405,0.016242
255.603,1,404.5,0.0159995
256.469,1,404,0.0157363
257.335,1,403.5,0.01547
258.201,1,403,0.0152082
259.067,1,402.5,0.0149627
259.933,1,402,0.0147097
260.799,1,401.5,0.0144411
261.665,1,401,0.014206
262.531,1,400.5,0.0140079
263.397,1,400,0.0138733
264.263,1,399.5,0.0137294
265.13,1,399,0.0135805
265.996,1,398.5,0.0134479
266.862,1,398,0.0133067
267.728,1,397.5,0.0131245
268.594,1,397,0.0129642
269.46,1,396.5,0.0128279
270.326,1,396,0.0127072
271.192,1,395.5,0.0125816
272.058,1,395,0.0124585
272.924,1,394.5,0.0126302
273.79,1,394,0.0128097
274.656,1,393.5,0.0129932
275.522,1,393,0.0132648
276.388,1,392.5,0.0135697
277.254,1,392,0.0138497
278.12,1,391.5,0.0157473
278.986,1,391,0.0214698
279.852,1,390.5,0.0220648
280.718,1,390,0.0227013
281.584,1,389.5,0.0233791
282.45,1,389,0.0249536
283.316,1,388.5,0.0265328
284.182,1,388,0.0280536
285.048,1,387.5,0.0295159
285.914,1,387,0.0309199
286.78,1,386.5,0.0322654
287.646,1,386,0.0324552
288.512,1,385.5,0.0318901
289.378,1,385,0.031443
290.244,1,384.5,0.0333827
291.11,1,384,0.034821
291.976,1,383.5,0.0321488
292.842,1,383,0.0279312
293.708,1,382.5,0.0295768
294.574,1,382,0.0309487
295.44,1,381.5,0.0323264
296.306,1,381,0.0331605
297.172,1,380.5,0.0373496
298.038,1,380,0.0422378
298.905,1,379.5,0.0456046
299.771,1,379,0.0467429
300.637,1,378.5,0.0458039
301.503,1,378,0.0453108
302.369,1,377.5,0.0456612
303.235,1,377,0.0483443
304.101,1,376.5,0.0492638
304.967,1,376,0.0508448
305.833,1,375.5,0.0525785
306.699,1,375,0.054465
307.565,1,374.5,0.0567673
308.431,1,374,0.0601359
309.297,1,373.5,0.0632599
310.163,1,373,0.0658356
311.029,1,372.5,0.0684788
311.895,1,372,0.0711896
312.761,1,371.5,0.0747154
313.627,1,371,0.076203
314.493,1,370.5,0.0768574
315.359,1,370,0.0764024
316.225,1,369.5,0.0755122
317.091,1,369,0.0740242
317.957,1,368.5,0.0723312
318.823,1,368,0.0704309
319.689,1,367.5,0.0685559
320.555,1,367,0.0671728
321.421,1,366.5,0.066281
322.287,1,366,0.0644114
323.153,1,365.5,0.0636371
324.019,1,365,0.0634931
324.885,1,364.5,0.0633139
325.751,1,364,0.0634535
326.617,1,363.5,0.0644772
327.483,1,363,0.0647786
328.349,1,362.5,0.0645148
329.215,1,362,0.0646774
330.081,1,361.5,0.0656767
330.947,1,361,0.0669518
331.813,1,360.5,0.068266
332.679,1,360,0.0696036
333.546,1,359.5,0.0709066
334.412,1,359,0.0721332
335.278,1,358.5,0.0736039
336.144,1,358,0.0754945
337.01,1,357.5,0.0769105
337.876,1,357,0.0784138
338.742,1,356.5,0.0809834
339.608,1,356,0.08367
340.474,1,355.5,0.0864039
341.34,1,355,0.0910913
342.206,1,354.5,0.0969235
343.072,1,354,0.100183
343.938,1,353.5,0.100472
344.804,1,353,0.0727477
345.67,1,352.5,0.0552576
346.536,1,352,0.0428524
347.402,1,351.5,0.04641
348.268,1,351,0.0462588
349.134,1,350.5,0.0422835
350,1,350,0.0384955
350.866,1,349.5,0.0338394
351.732,1,349,0.0307591
352.598,1,348.5,0.0313721
353.464,1,348,0.0323706
354.33,1,347.5,0.0368153
355.196,1,347,0.0388317
356.062,1,346.5,0.0383765
356.928,1,346,0.0393783
357.794,1,345.5,0.0380442
358.66,1,345,0.0363019
359.526,1,344.5,0.0373326
360.392,1,344,0.0379556
361.258,1,343.5,0.0387234
362.124,1,343,0.0388206
362.99,1,342.5,0.038496
363.856,1,342,0.037457
364.722,1,341.5,0.0355528
365.588,1,341,0.0340866
366.454,1,340.5,0.0331279
367.321,1,340,0.0325515
368.187,1,339.5,0.0317284
369.053,1,339,0.0311104
369.919,1,338.5,0.0307606
370.785,1,338,0.0305012
371.651,1,337.5,0.0296992
372.517,1,337,0.0286548
373.383,1,336.5,0.0275912
374.249,1,336,0.0253775
375.115,1,335.5,0.0238408
375.981,1,335,0.0234406
376.847,1,334.5,0.0231705
377.713,1,334,0.0233499
378.579,1,333.5,0.0237546
379.445,1,333,0.0242875
380.311,1,332.5,0.0251481
381.177,1,332,0.026007
382.043,1,331.5,0.0268746
382.909,1,331,0.0281977
383.775,1,330.5,0.0291532
384.641,1,330,0.0298932
385.507,1,329.5,0.0305763
386.373,1,329,0.0320437
387.239,1,328.5,0.0334165
388.105,1,328,0.0355559
388.971,1,327.5,0.0367084
389.837,1,327,0.0382011
390.703,1,326.5,0.0387001
391.569,1,326,0.0393256
392.435,1,325.5,0.0400137
393.301,1,325,0.0399938
394.167,1,324.5,0.0408886
395.033,1,324,0.0413595
395.899,1,323.5,0.0411391
396.765,1,323,0.0408468
397.631,1,322.5,0.040558
398.497,1,322,0.0419307
399.363,1,321.5,0.0455599
400.229,1,321,0.0457024
401.095,1,320.5,0.04572
401.962,1,320,0.0456067
402.828,1,319.5,0.0445521
403.694,1,319,0.043558
404.56,1,318.5,0.0426869
405.426,1,318,0.0419388
406.292,1,317.5,0.0413137
407.158,1,317,0.0408115
408.024,1,316.5,0.041301
408.89,1,316,0.0422513
409.756,1,315.5,0.0432734
410.622,1,315,0.0427108
411.488,1,314.5,0.0425743
412.354,1,314,0.0417898
413.22,1,313.5,0.0409702
414.086,1,313,0.0400741
414.952,1,312.5,0.0393541
415.818,1,312,0.0388064
416.684,1,311.5,0.0377311
417.55,1,311,0.0361746
418.416,1,310.5,0.0366876
419.282,1,310,0.0374848
420.148,1,309.5,0.0383455
421.014,1,309,0.0396477
421.88,1,308.5,0.0409502
422.746,1,308,0.0419465
423.612,1,307.5,0.0424144
424.478,1,307,0.0422454
425.344,1,306.5,0.0419937
426.21,1,306,0.0413124
427.076,1,305.5,0.040485
427.942,1,305,0.0395165
428.808,1,304.5,0.0387873
429.674,1,304,0.0381286
430.54,1,303.5,0.0362694
431.406,1,303,0.03505
432.272,1,302.5,0.0379887
433.138,1,302,0.0385549
434.004,1,301.5,0.0390852
434.87,1,301,0.0396707
435.737,1,300.5,0.0403458
436.603,1,300,0.0419024
437.469,1,299.5,0.0440872
438.335,1,299,0.0467539
439.201,1,298.5,0.0492306
440.067,1,298,0.0512572
440.933,1,297.5,0.0531169
441.799,1,297,0.0546694
442.665,1,296.5,0.0556287
443.531,1,296,0.0564908
444.397,1,295.5,0.0572264
445.263,1,295,0.0573044
446.129,1,294.5,0.0574108
446.995,1,294,0.0575456
447.861,1,293.5,0.0572511
448.727,1,293,0.056952
449.593,1,292.5,0.0566929
450.459,1,292,0.0564812
451.325,1,291.5,0.0562565
452.191,1,291,0.055843
453.057,1,290.5,0.0548347
453.923,1,290,0.0538101
454.789,1,289.5,0.0530764
455.655,1,289,0.0526226
456.521,1,288.5,0.0523247
457.387,1,288,0.051631
458.253,1,287.5,0.0508993
459.119,1,287,0.0502438
459.985,1,286.5,0.0497955
460.851,1,286,0.049417
461.717,1,285.5,0.0470056
462.583,1,285,0.0434655
463.449,1,284.5,0.0402098
464.315,1,284,0.034473
465.181,1,283.5,0.0311486
466.047,1,283,0.0305344
466.913,1,282.5,0.0307822
467.779,1,282,0.0322489
468.645,1,281.5,0.0339531
469.512,1,281,0.0354755
470.378,1,280.5,0.03686
471.244,1,280,0.0381148
472.11,1,279.5,0.0390327
472.976,1,279,0.039178
473.842,1,278.5,0.0387835
474.708,1,278,0.0379427
475.574,1,277.5,0.0376466
476.44,1,277,0.037582
477.306,1,276.5,0.0375917
478.172,1,276,0.0379836
479.038,1,275.5,0.0393377
479.904,1,275,0.0404658
480.77,1,274.5,0.0417959
481.636,1,274,0.0428278
482.502,1,273.5,0.0438592
483.368,1,273,0.044276
484.234,1,272.5,0.0441716
485.1,1,272,0.0432092
485.966,1,271.5,0.0425555
486.832,1,271,0.0428675
487.698,1,270.5,0.0429968
488.564,1,270,0.0421831
489.43,1,269.5,0.0396827
490.296,1,269,0.0371198
491.162,1,268.5,0.0353643
492.028,1,268,0.0344788
492.894,1,267.5,0.0344587
493.76,1,267,0.035587
494.626,1,266.5,0.0372162
495.492,1,266,0.0392858
496.358,1,265.5,0.0415904
497.224,1,265,0.0438933
498.09,1,264.5,0.045448
498.956,1,264,0.0454537
499.822,1,263.5,0.0448544
500.688,1,263,0.0434771
501.554,1,262.5,0.0414188
502.42,1,262,0.0394265
503.286,1,261.5,0.0373063
504.153,1,261,0.0353839
505.019,1,260.5,0.0341608
505.885,1,260,0.033742
506.751,1,259.5,0.0334653
507.617,1,259,0.0329534
508.483,1,258.5,0.0327993
509.349,1,258,0.0321945
510.215,1,257.5,0.0311429
511.081,1,257,0.0299182
511.947,1,256.5,0.0286151
512.813,1,256,0.0280019
513.679,1,255.5,0.0275754
514.545,1,255,0.0273307
515.411,1,254.5,0.027362
516.277,1,254,0.0276822
517.143,1,253.5,0.0288816
518.009,1,253,0.0315944
518.875,1,252.5,0.0353156
519.741,1,252,0.0385246
520.607,1,251.5,0.040876
521.473,1,251,0.0418085
522.339,1,250.5,0.042111
523.205,1,250,0.0423607
524.071,1,249.5,0.042624
524.937,1,249,0.0429292
525.803,1,248.5,0.0431979
526.669,1,248,0.0434341
527.535,1,247.5,0.0435417
528.401,1,247,0.0436663
529.267,1,246.5,0.0437572
530.133,1,246,0.0436076
530.999,1,245.5,0.0434071
531.865,1,245,0.0431489
532.731,1,244.5,0.0425534
533.597,1,244,0.0419637
534.463,1,243.5,0.0414512
535.329,1,243,0.0410778
536.195,1,242.5,0.0407249
537.061,1,242,0.0403796
537.928,1,241.5,0.0398499
538.794,1,241,0.0392938
539.66,1,240.5,0.0387112
540.526,1,240,0.0380389
541.392,1,239.5,0.0372772
542.258,1,239,0.0364522
543.124,1,238.5,0.0355776
543.99,1,238,0.0346809
544.856,1,237.5,0.0338551
545.722,1,237,0.0330467
546.588,1,236.5,0.0321331
547.454,1,236,0.0315617
548.32,1,235.5,0.0309936
549.186,1,235,0.0307574
550.052,1,234.5,0.030416
550.918,1,234,0.0299692
551.784,1,233.5,0.0330547
552.65,1,233,0.0392773
553.516,1,232.5,0.0401496
554.382,1,232,0.0405439
555.248,1,231.5,0.0404448
556.114,1,231,0.039856
556.98,1,230.5,0.0393519
557.846,1,230,0.0389326
558.712,1,229.5,0.0358519
559.578,1,229,0.0353032
560.444,1,228.5,0.0350467
561.31,1,228,0.0355691
562.176,1,227.5,0.036048
563.042,1,227,0.0362272
563.908,1,226.5,0.0366272
564.774,1,226,0.0371576
565.64,1,225.5,0.0372378
566.506,1,225,0.0371749
567.372,1,224.5,0.0373512
568.238,1,224,0.0370967
569.104,1,223.5,0.0368637
569.97,1,223,0.0366591
570.836,1,222.5,0.0365638
571.703,1,222,0.0365598
572.569,1,221.5,0.0366079
573.435,1,221,0.0367551
574.301,1,220.5,0.0369907
575.167,1,220,0.0373377
576.033,1,219.5,0.037489
576.899,1,219,0.0372187
577.765,1,218.5,0.0368682
578.631,1,218,0.0358383
579.497,1,217.5,0.0333728
580.363,1,217,0.030854
581.229,1,216.5,0.0292693
582.095,1,216,0.0273129
582.961,1,215.5,0.0258111
583.827,1,215,0.0256893
584.693,1,214.5,0.0258265
585.559,1,214,0.0260468
586.425,1,213.5,0.0259476
587.291,1,213,0.0258157
588.157,1,212.5,0.0258806
589.023,1,212,0.0262221
589.889,1,211.5,0.0266567
590.755,1,211,0.0269096
591.621,1,210.5,0.0268095
592.487,1,210,0.0267701
593.353,1,209.5,0.0269149
594.219,1,209,0.0270744
595.085,1,208.5,0.027297
595.951,1,208,0.0276392
596.817,1,207.5,0.0270152
597.683,1,207,0.0268294
598.549,1,206.5,0.0267502
599.415,1,206,0.0265802
600.281,1,205.5,0.0264685
601.147,1,205,0.0262546
602.013,1,204.5,0.0258643
602.879,1,204,0.0256708
603.745,1,203.5,0.0254417
604.611,1,203,0.0251429
605.477,1,202.5,0.0250074
606.344,1,202,0.0248532
607.21,1,201.5,0.0245446
608.076,1,201,0.0243693
608.942,1,200.5,0.0243499
609.808,1,200,0.0242973
