x,y,z,b
90.1924,1,500,0.0128106
91.0584,1,499.5,0.0128099
91.9244,1,499,0.012809
92.7905,1,498.5,0.012808
93.6565,1,498,0.012807
94.5225,1,497.5,0.0128059
95.3885,1,497,0.0128045
96.2546,1,496.5,0.0128032
97.1206,1,496,0.0128018
97.9866,1,495.5,0.0127999
98.8526,1,495,0.0127981
99.7187,1,494.5,0.0127962
100.585,1,494,0.012794
101.451,1,493.5,0.0127917
102.317,1,493,0.0127895
103.183,1,492.5,0.012787
104.049,1,492,0.0127846
104.915,1,491.5,0.0127821
105.781,1,491,0.0127798
106.647,1,490.5,0.0127775
107.513,1,490,0.0127753
108.379,1,489.5,0.0127733
109.245,1,489,0.0127718
110.111,1,488.5,0.0127703
110.977,1,488,0.012769
111.843,1,487.5,0.0127684
112.709,1,487,0.0127678
113.575,1,486.5,0.0127673
114.441,1,486,0.012767
115.307,1,485.5,0.0127668
116.173,1,485,0.0127666
117.039,1,484.5,0.0127665
117.905,1,484,0.0127664
118.771,1,483.5,0.0127663
119.637,1,483,0.0127663
120.503,1,482.5,0.0127663
121.369,1,482,0.0127663
122.235,1,481.5,0.0127663
123.101,1,481,0.0127663
123.967,1,480.5,0.0127663
124.833,1,480,0.0127662
125.699,1,479.5,0.0127661
126.565,1,479,0.0127661
127.431,1,478.5,0.012766
128.297,1,478,0.0127658
129.164,1,477.5,0.0127656
130.03,1,477,0.0127655
130.896,1,476.5,0.0127653
131.762,1,476,0.0127651
132.628,1,475.5,0.0127649
133.494,1,475,0.0127648
134.36,1,474.5,0.0127646
135.226,1,474,0.0127644
136.092,1,473.5,0.0127643
136.958,1,473,0.0127642
137.824,1,472.5,0.0127641
138.69,1,472,0.012764
139.556,1,471.5,0.0127639
140.422,1,471,0.0127638
141.288,1,470.5,0.0127638
142.154,1,470,0.0127637
143.02,1,469.5,0.0127637
143.886,1,469,0.0127636
144.752,1,468.5,0.0127636
145.618,1,468,0.0127636
146.484,1,467.5,0.0127636
147.35,1,467,0.0127636
148.216,1,466.5,0.0127637
149.082,1,466,0.0127637
149.948,1,465.5,0.0127637
150.814,1,465,0.0127637
151.68,1,464.5,0.0127637
152.546,1,464,0.0127637
153.412,1,463.5,0.0127637
154.278,1,463,0.0127638
155.144,1,462.5,0.0127638
156.01,1,462,0.0127638
156.876,1,461.5,0.0127638
157.742,1,461,0.0127637
158.608,1,460.5,0.0127637
159.474,1,460,0.0127636
160.34,1,459.5,0.0127635
161.206,1,459,0.0127633
162.072,1,458.5,0.0127631
162.939,1,458,0.0127628
163.805,1,457.5,0.0127626
164.671,1,457,0.0127623
165.537,1,456.5,0.012762
166.403,1,456,0.0127617
167.269,1,455.5,0.0127615
168.135,1,455,0.0127612
169.001,1,454.5,0.0127609
169.867,1,454,0.0127607
170.733,1,453.5,0.0127604
171.599,1,453,0.0127602
172.465,1,452.5,0.0127601
173.331,1,452,0.0127599
174.197,1,451.5,0.0127597
175.063,1,451,0.0127595
175.929,1,450.5,0.0127593
176.795,1,450,0.0127591
177.661,1,449.5,0.0127589
178.527,1,449,0.0127586
179.393,1,448.5,0.0127584
180.259,1,448,0.0127581
181.125,1,447.5,0.0127579
181.991,1,447,0.0127577
182.857,1,446.5,0.0127575
183.723,1,446,0.0127573
184.589,1,445.5,0.012757
185.455,1,445,0.0127568
186.321,1,444.5,0.0127566
187.187,1,444,0.0127564
188.053,1,443.5,0.0127561
188.919,1,443,0.0127559
189.785,1,442.5,0.0127556
190.651,1,442,0.0127553
191.517,1,441.5,0.012755
192.383,1,441,0.0127547
193.249,1,440.5,0.0127544
194.115,1,440,0.0127542
194.981,1,439.5,0.0127539
195.847,1,439,0.0127537
196.714,1,438.5,0.0127536
197.58,1,438,0.0127535
198.446,1,437.5,0.0127534
199.312,1,437,0.0127534
200.178,1,436.5,0.0127534
201.044,1,436,0.0127534
201.91,1,435.5,0.0127534
202.776,1,435,0.0127534
203.642,1,434.5,0.0127535
204.508,1,434,0.0127535
205.374,1,433.5,0.0127536
206.24,1,433,0.0127537
207.106,1,432.5,0.0127538
207.972,1,432,0.0127538
208.838,1,431.5,0.0127539
209.704,1,431,0.012754
210.57,1,430.5,0.0127539
211.436,1,430,0.0127539
212.302,1,429.5,0.0127538
213.168,1,429,0.0127536
214.034,1,428.5,0.0127534
214.9,1,428,0.0127531
215.766,1,427.5,0.0127526
216.632,1,427,0.0127521
217.498,1,426.5,0.0127515
218.364,1,426,0.0127509
219.23,1,425.5,0.0127503
220.096,1,425,0.0127497
220.962,1,424.5,0.0127491
221.828,1,424,0.0127485
222.694,1,423.5,0.0127479
223.56,1,423,0.0127474
224.426,1,422.5,0.0127469
225.292,1,422,0.0127463
226.158,1,421.5,0.0127461
227.024,1,421,0.0127461
227.89,1,420.5,0.0127461
228.756,1,420,0.0127461
229.622,1,419.5,0.0127461
230.488,1,419,0.0127463
231.355,1,418.5,0.0127465
232.221,1,418,0.0127469
233.087,1,417.5,0.0127474
233.953,1,417,0.0127479
234.819,1,416.5,0.0127488
235.685,1,416,0.0127497
236.551,1,415.5,0.0127507
237.417,1,415,0.012752
238.283,1,414.5,0.0127533
239.149,1,414,0.0127545
240.015,1,413.5,0.0127563
240.881,1,413,0.0127581
241.747,1,412.5,0.0127599
242.613,1,412,0.0127623
243.479,1,411.5,0.0127649
244.345,1,411,0.0127674
245.211,1,410.5,0.0127699
246.077,1,410,0.0127726
246.943,1,409.5,0.0127754
247.809,1,409,0.0127781
248.675,1,408.5,0.0127809
249.541,1,408,0.0127838
250.407,1,407.5,0.0127868
251.273,1,407,0.0127899
252.139,1,406.5,0.012793
253.005,1,406,0.0127962
253.871,1,405.5,0.0127996
254.737,1,405,0.012803
255.603,1,404.5,0.0128066
256.469,1,404,0.0128096
257.335,1,403.5,0.0128127
258.201,1,403,0.0128154
259.067,1,402.5,0.0128159
259.933,1,402,0.0128158
260.799,1,401.5,0.0128156
261.665,1,401,0.0128144
262.531,1,400.5,0.0128123
263.397,1,400,0.0128096
264.263,1,399.5,0.012806
265.13,1,399,0.0128012
265.996,1,398.5,0.0127964
266.862,1,398,0.0127913
267.728,1,397.5,0.0127858
268.594,1,397,0.0127804
269.46,1,396.5,0.0127755
270.326,1,396,0.0127729
271.192,1,395.5,0.0127704
272.058,1,395,0.012768
272.924,1,394.5,0.0127669
273.79,1,394,0.0127658
274.656,1,393.5,0.0127647
275.522,1,393,0.0127637
276.388,1,392.5,0.0127627
277.254,1,392,0.0127612
278.12,1,391.5,0.0127607
278.986,1,391,0.0127607
279.852,1,390.5,0.0127608
280.718,1,390,0.0127613
281.584,1,389.5,0.012762
282.45,1,389,0.0127625
283.316,1,388.5,0.0127634
284.182,1,388,0.0127649
285.048,1,387.5,0.0127665
285.914,1,387,0.0127683
286.78,1,386.5,0.012772
287.646,1,386,0.0127758
288.512,1,385.5,0.0127796
289.378,1,385,0.0127842
290.244,1,384.5,0.0127889
291.11,1,384,0.0127936
291.976,1,383.5,0.0127989
292.842,1,383,0.0128044
293.708,1,382.5,0.01281
294.574,1,382,0.0128155
295.44,1,381.5,0.0128214
296.306,1,381,0.012828
297.172,1,380.5,0.0128324
298.038,1,380,0.0128353
298.905,1,379.5,0.0128386
299.771,1,379,0.0128407
300.637,1,378.5,0.0128403
301.503,1,378,0.0128395
302.369,1,377.5,0.0128384
303.235,1,377,0.0128364
304.101,1,376.5,0.0128348
304.967,1,376,0.0128331
305.833,1,375.5,0.0128272
306.699,1,375,0.0128207
307.565,1,374.5,0.0128139
308.431,1,374,0.0128016
309.297,1,373.5,0.0127882
310.163,1,373,0.0127758
311.029,1,372.5,0.012778
311.895,1,372,0.0127842
312.761,1,371.5,0.0127909
313.627,1,371,0.0128037
314.493,1,370.5,0.0128203
315.359,1,370,0.0128337
316.225,1,369.5,0.0128494
317.091,1,369,0.0128684
317.957,1,368.5,0.0128896
318.823,1,368,0.0129068
319.689,1,367.5,0.012913
320.555,1,367,0.0129187
321.421,1,366.5,0.0129224
322.287,1,366,0.0129331
323.153,1,365.5,0.0129431
324.019,1,365,0.012953
324.885,1,364.5,0.012993
325.751,1,364,0.0130367
326.617,1,363.5,0.0130839
327.483,1,363,0.0131639
328.349,1,362.5,0.0132547
329.215,1,362,0.0133421
330.081,1,361.5,0.0133675
330.947,1,361,0.0133669
331.813,1,360.5,0.0133612
332.679,1,360,0.0133777
333.546,1,359.5,0.0134264
334.412,1,359,0.0134739
335.278,1,358.5,0.0135559
336.144,1,358,0.0137017
337.01,1,357.5,0.0138391
337.876,1,357,0.0139482
338.742,1,356.5,0.013913
339.608,1,356,0.0138464
340.474,1,355.5,0.0137809
341.34,1,355,0.0137733
342.206,1,354.5,0.0138134
343.072,1,354,0.0138734
343.938,1,353.5,0.0136582
344.804,1,353,0.0134191
345.67,1,352.5,0.013177
346.536,1,352,0.0128439
347.402,1,351.5,0.0123816
348.268,1,351,0.0120983
349.134,1,350.5,0.0119238
350,1,350,0.0115411
350.866,1,349.5,0.0108985
351.732,1,349,0.010455
352.598,1,348.5,0.0106855
353.464,1,348,0.0113949
354.33,1,347.5,0.0122727
355.196,1,347,0.0134393
356.062,1,346.5,0.0143897
356.928,1,346,0.0150579
357.794,1,345.5,0.0148614
358.66,1,345,0.0145851
359.526,1,344.5,0.0142751
360.392,1,344,0.0137754
361.258,1,343.5,0.0132614
362.124,1,343,0.0127914
362.99,1,342.5,0.0122887
363.856,1,342,0.0118245
364.722,1,341.5,0.0114429
365.588,1,341,0.0113005
366.454,1,340.5,0.0113847
367.321,1,340,0.0118166
368.187,1,339.5,0.0122396
369.053,1,339,0.0125423
369.919,1,338.5,0.0127526
370.785,1,338,0.0128633
371.651,1,337.5,0.0127999
372.517,1,337,0.0126531
373.383,1,336.5,0.0125478
374.249,1,336,0.0126109
375.115,1,335.5,0.0126646
375.981,1,335,0.0127093
376.847,1,334.5,0.0127547
377.713,1,334,0.0127734
378.579,1,333.5,0.0127696
379.445,1,333,0.0127669
380.311,1,332.5,0.0127552
381.177,1,332,0.0127742
382.043,1,331.5,0.0128742
382.909,1,331,0.0129845
383.775,1,330.5,0.0130902
384.641,1,330,0.0131543
385.507,1,329.5,0.0131806
386.373,1,329,0.0131839
387.239,1,328.5,0.0131947
388.105,1,328,0.0132125
388.971,1,327.5,0.0132475
389.837,1,327,0.0132905
390.703,1,326.5,0.0132904
391.569,1,326,0.0132719
392.435,1,325.5,0.0132528
393.301,1,325,0.0132168
394.167,1,324.5,0.0131819
395.033,1,324,0.0131482
395.899,1,323.5,0.0131107
396.765,1,323,0.0130751
397.631,1,322.5,0.0130427
398.497,1,322,0.0130106
399.363,1,321.5,0.0129774
400.229,1,321,0.0129364
401.095,1,320.5,0.012901
401.962,1,320,0.0128731
402.828,1,319.5,0.0128462
403.694,1,319,0.0128298
404.56,1,318.5,0.0128253
405.426,1,318,0.0128119
406.292,1,317.5,0.0127988
407.158,1,317,0.0127879
408.024,1,316.5,0.0127779
408.89,1,316,0.0127688
409.756,1,315.5,0.0127666
410.622,1,315,0.012769
411.488,1,314.5,0.0127717
412.354,1,314,0.0127717
413.22,1,313.5,0.0127718
414.086,1,313,0.0127717
414.952,1,312.5,0.012769
415.818,1,312,0.0127662
416.684,1,311.5,0.0127636
417.55,1,311,0.0127592
418.416,1,310.5,0.0127542
419.282,1,310,0.0127493
420.148,1,309.5,0.012744
421.014,1,309,0.0127385
421.88,1,308.5,0.0127335
422.746,1,308,0.0127309
423.612,1,307.5,0.012733
424.478,1,307,0.012737
425.344,1,306.5,0.0127411
426.21,1,306,0.0127471
427.076,1,305.5,0.0127526
427.942,1,305,0.0127576
428.808,1,304.5,0.0127641
429.674,1,304,0.0127697
430.54,1,303.5,0.0127747
431.406,1,303,0.0127799
432.272,1,302.5,0.0127845
433.138,1,302,0.0127883
434.004,1,301.5,0.0127898
434.87,1,301,0.0127903
435.737,1,300.5,0.0127906
436.603,1,300,0.0127901
437.469,1,299.5,0.0127888
438.335,1,299,0.0127882
439.201,1,298.5,0.0127874
440.067,1,298,0.0127861
440.933,1,297.5,0.0127849
441.799,1,297,0.0127834
442.665,1,296.5,0.0127817
443.531,1,296,0.0127803
444.397,1,295.5,0.012779
445.263,1,295,0.0127774
446.129,1,294.5,0.0127758
446.995,1,294,0.0127742
447.861,1,293.5,0.012773
448.727,1,293,0.0127718
449.593,1,292.5,0.0127705
450.459,1,292,0.012769
451.325,1,291.5,0.0127674
452.191,1,291,0.0127656
453.057,1,290.5,0.0127635
453.923,1,290,0.0127613
454.789,1,289.5,0.0127591
455.655,1,289,0.0127568
456.521,1,288.5,0.0127542
457.387,1,288,0.0127519
458.253,1,287.5,0.0127496
459.119,1,287,0.0127471
459.985,1,286.5,0.0127446
460.851,1,286,0.0127423
461.717,1,285.5,0.0127411
462.583,1,285,0.0127401
463.449,1,284.5,0.0127392
464.315,1,284,0.0127395
465.181,1,283.5,0.0127398
466.047,1,283,0.0127401
466.913,1,282.5,0.0127413
467.779,1,282,0.0127428
468.645,1,281.5,0.0127443
469.512,1,281,0.012747
470.378,1,280.5,0.0127503
471.244,1,280,0.0127535
472.11,1,279.5,0.0127572
472.976,1,279,0.0127616
473.842,1,278.5,0.012766
474.708,1,278,0.0127704
475.574,1,277.5,0.0127749
476.44,1,277,0.0127794
477.306,1,276.5,0.0127836
478.172,1,276,0.0127869
479.038,1,275.5,0.0127901
479.904,1,275,0.0127932
480.77,1,274.5,0.0127957
481.636,1,274,0.0127983
482.502,1,273.5,0.0128009
483.368,1,273,0.0128028
484.234,1,272.5,0.0128045
485.1,1,272,0.0128061
485.966,1,271.5,0.0128061
486.832,1,271,0.0128054
487.698,1,270.5,0.0128048
488.564,1,270,0.0128038
489.43,1,269.5,0.0128026
490.296,1,269,0.012801
491.162,1,268.5,0.0127988
492.028,1,268,0.0127962
492.894,1,267.5,0.0127936
493.76,1,267,0.012791
494.626,1,266.5,0.0127882
495.492,1,266,0.0127856
496.358,1,265.5,0.0127832
497.224,1,265,0.0127812
498.09,1,264.5,0.0127794
498.956,1,264,0.0127776
499.822,1,263.5,0.0127768
500.688,1,263,0.0127763
501.554,1,262.5,0.0127758
502.42,1,262,0.0127756
503.286,1,261.5,0.0127756
504.153,1,261,0.0127755
505.019,1,260.5,0.0127753
505.885,1,260,0.0127752
506.751,1,259.5,0.012775
507.617,1,259,0.0127749
508.483,1,258.5,0.0127749
509.349,1,258,0.012775
510.215,1,257.5,0.0127751
511.081,1,257,0.0127749
511.947,1,256.5,0.0127747
512.813,1,256,0.0127745
513.679,1,255.5,0.0127741
514.545,1,255,0.0127735
515.411,1,254.5,0.0127729
516.277,1,254,0.0127722
517.143,1,253.5,0.0127715
518.009,1,253,0.0127708
518.875,1,252.5,0.01277
519.741,1,252,0.012769
520.607,1,251.5,0.0127681
521.473,1,251,0.0127672
522.339,1,250.5,0.0127662
523.205,1,250,0.0127654
524.071,1,249.5,0.0127646
524.937,1,249,0.0127638
525.803,1,248.5,0.0127631
526.669,1,248,0.0127625
527.535,1,247.5,0.0127618
528.401,1,247,0.0127614
529.267,1,246.5,0.012761
530.133,1,246,0.0127606
530.999,1,245.5,0.0127602
531.865,1,245,0.0127598
532.731,1,244.5,0.0127595
533.597,1,244,0.0127591
534.463,1,243.5,0.0127587
535.329,1,243,0.0127584
536.195,1,242.5,0.0127581
537.061,1,242,0.0127579
537.928,1,241.5,0.0127576
538.794,1,241,0.0127574
539.66,1,240.5,0.0127573
540.526,1,240,0.0127571
541.392,1,239.5,0.012757
542.258,1,239,0.0127569
543.124,1,238.5,0.0127567
543.99,1,238,0.0127566
544.856,1,237.5,0.0127565
545.722,1,237,0.0127565
546.588,1,236.5,0.0127564
547.454,1,236,0.0127564
548.32,1,235.5,0.0127564
549.186,1,235,0.0127564
550.052,1,234.5,0.0127565
550.918,1,234,0.0127566
551.784,1,233.5,0.0127567
552.65,1,233,0.0127567
553.516,1,232.5,0.0127568
554.382,1,232,0.0127569
555.248,1,231.5,0.0127571
556.114,1,231,0.0127572
556.98,1,230.5,0.0127574
557.846,1,230,0.0127577
558.712,1,229.5,0.0127579
559.578,1,229,0.0127582
560.444,1,228.5,0.0127585
561.31,1,228,0.0127588
562.176,1,227.5,0.0127591
563.042,1,227,0.0127594
563.908,1,226.5,0.0127597
564.774,1,226,0.01276
565.64,1,225.5,0.0127602
566.506,1,225,0.0127604
567.372,1,224.5,0.0127607
568.238,1,224,0.0127608
569.104,1,223.5,0.0127609
569.97,1,223,0.0127611
570.836,1,222.5,0.0127611
571.703,1,222,0.0127612
572.569,1,221.5,0.0127613
573.435,1,221,0.0127613
574.301,1,220.5,0.0127612
575.167,1,220,0.0127612
576.033,1,219.5,0.0127612
576.899,1,219,0.0127611
577.765,1,218.5,0.0127611
578.631,1,218,0.012761
579.497,1,217.5,0.0127608
580.363,1,217,0.0127606
581.229,1,216.5,0.0127605
582.095,1,216,0.0127603
582.961,1,215.5,0.0127601
583.827,1,215,0.0127599
584.693,1,214.5,0.0127597
585.559,1,214,0.0127595
586.425,1,213.5,0.0127594
587.291,1,213,0.0127592
588.157,1,212.5,0.012759
589.023,1,212,0.0127589
589.889,1,211.5,0.0127587
590.755,1,211,0.0127585
591.621,1,210.5,0.0127583
592.487,1,210,0.0127581
593.353,1,209.5,0.0127579
594.219,1,209,0.0127576
595.085,1,208.5,0.0127574
595.951,1,208,0.0127571
596.817,1,207.5,0.0127568
597.683,1,207,0.0127565
598.549,1,206.5,0.0127562
599.415,1,206,0.0127558
600.281,1,205.5,0.0127555
601.147,1,205,0.0127551
602.013,1,204.5,0.0127547
602.879,1,204,0.0127543
603.745,1,203.5,0.0127538
604.611,1,203,0.0127534
605.477,1,202.5,0.012753
606.344,1,202,0.0127525
607.21,1,201.5,0.012752
608.076,1,201,0.0127515
608.942,1,200.5,0.012751
609.808,1,200,0.0127505
