x,y,z,b
90.1924,1,500,0.0130699
91.0584,1,499.5,0.0130283
91.9244,1,499,0.0129792
92.7905,1,498.5,0.0129123
93.6565,1,498,0.0128464
94.5225,1,497.5,0.0127779
95.3885,1,497,0.0126983
96.2546,1,496.5,0.0126198
97.1206,1,496,0.0125491
97.9866,1,495.5,0.0124986
98.8526,1,495,0.0124468
99.7187,1,494.5,0.0123936
100.585,1,494,0.0123706
101.451,1,493.5,0.0123495
102.317,1,493,0.0123273
103.183,1,492.5,0.0123145
104.049,1,492,0.0123028
104.915,1,491.5,0.0122872
105.781,1,491,0.0122741
106.647,1,490.5,0.0122741
107.513,1,490,0.012279
108.379,1,489.5,0.0122837
109.245,1,489,0.0122887
110.111,1,488.5,0.012293
110.977,1,488,0.0122967
111.843,1,487.5,0.0122978
112.709,1,487,0.0122988
113.575,1,486.5,0.0123007
114.441,1,486,0.0123085
115.307,1,485.5,0.0123164
116.173,1,485,0.0123374
117.039,1,484.5,0.0123718
117.905,1,484,0.0124065
118.771,1,483.5,0.012441
119.637,1,483,0.0124777
120.503,1,482.5,0.012513
121.369,1,482,0.0125456
122.235,1,481.5,0.0125778
123.101,1,481,0.0126101
123.967,1,480.5,0.0126437
124.833,1,480,0.0126771
125.699,1,479.5,0.0127084
126.565,1,479,0.0127385
127.431,1,478.5,0.0127673
128.297,1,478,0.012794
129.164,1,477.5,0.0128195
130.03,1,477,0.0128457
130.896,1,476.5,0.0128791
131.762,1,476,0.0129153
132.628,1,475.5,0.0129545
133.494,1,475,0.0130015
134.36,1,474.5,0.0130508
135.226,1,474,0.0130835
136.092,1,473.5,0.0131136
136.958,1,473,0.0131435
137.824,1,472.5,0.013173
138.69,1,472,0.0132002
139.556,1,471.5,0.0132319
140.422,1,471,0.0132758
141.288,1,470.5,0.0133225
142.154,1,470,0.0133702
143.02,1,469.5,0.0134194
143.886,1,469,0.0134574
144.752,1,468.5,0.0134518
145.618,1,468,0.0134434
146.484,1,467.5,0.0134338
147.35,1,467,0.0134207
148.216,1,466.5,0.0134079
149.082,1,466,0.0134012
149.948,1,465.5,0.0133974
150.814,1,465,0.0133937
151.68,1,464.5,0.0133901
152.546,1,464,0.0133814
153.412,1,463.5,0.0133718
154.278,1,463,0.0133353
155.144,1,462.5,0.0132972
156.01,1,462,0.0132603
156.876,1,461.5,0.0132254
157.742,1,461,0.0131914
158.608,1,460.5,0.0131547
159.474,1,460,0.0131142
160.34,1,459.5,0.0130723
161.206,1,459,0.0130286
162.072,1,458.5,0.012985
162.939,1,458,0.01294
163.805,1,457.5,0.0129099
164.671,1,457,0.0128821
165.537,1,456.5,0.0128553
166.403,1,456,0.012823
167.269,1,455.5,0.0127927
168.135,1,455,0.0127592
169.001,1,454.5,0.0127139
169.867,1,454,0.0126685
170.733,1,453.5,0.0126232
171.599,1,453,0.0125733
172.465,1,452.5,0.0125233
173.331,1,452,0.0124807
174.197,1,451.5,0.0124369
175.063,1,451,0.0123922
175.929,1,450.5,0.0123475
176.795,1,450,0.012304
177.661,1,449.5,0.0122529
178.527,1,449,0.0121981
179.393,1,448.5,0.0121504
180.259,1,448,0.0121142
181.125,1,447.5,0.0120807
181.991,1,447,0.0120538
182.857,1,446.5,0.0120475
183.723,1,446,0.0120409
184.589,1,445.5,0.0120344
185.455,1,445,0.012033
186.321,1,444.5,0.0120316
187.187,1,444,0.0120336
188.053,1,443.5,0.0120414
188.919,1,443,0.0120515
189.785,1,442.5,0.0120633
190.651,1,442,0.0120782
191.517,1,441.5,0.0120952
192.383,1,441,0.0121113
193.249,1,440.5,0.0121302
194.115,1,440,0.0121506
194.981,1,439.5,0.0121709
195.847,1,439,0.0121946
196.714,1,438.5,0.0122388
197.58,1,438,0.01229
198.446,1,437.5,0.0123474
199.312,1,437,0.0124202
200.178,1,436.5,0.0124921
201.044,1,436,0.012559
201.91,1,435.5,0.0126331
202.776,1,435,0.0127059
203.642,1,434.5,0.0127773
204.508,1,434,0.0128655
205.374,1,433.5,0.012953
206.24,1,433,0.0130498
207.106,1,432.5,0.0131608
207.972,1,432,0.0132731
208.838,1,431.5,0.0133823
209.704,1,431,0.0134984
210.57,1,430.5,0.0136162
211.436,1,430,0.0137292
212.302,1,429.5,0.013849
213.168,1,429,0.0139776
214.034,1,428.5,0.0141071
214.9,1,428,0.0142405
215.766,1,427.5,0.0143904
216.632,1,427,0.0145413
217.498,1,426.5,0.0146917
218.364,1,426,0.0148406
219.23,1,425.5,0.0149888
220.096,1,425,0.015134
220.962,1,424.5,0.0152642
221.828,1,424,0.0153932
222.694,1,423.5,0.0155211
223.56,1,423,0.0156347
224.426,1,422.5,0.0157444
225.292,1,422,0.0158456
226.158,1,421.5,0.0159001
227.024,1,421,0.0159269
227.89,1,420.5,0.0159469
228.756,1,420,0.0159429
229.622,1,419.5,0.0159235
230.488,1,419,0.0159079
231.355,1,418.5,0.0158888
232.221,1,418,0.0158635
233.087,1,417.5,0.0158371
233.953,1,417,0.0158068
234.819,1,416.5,0.015764
235.685,1,416,0.0157192
236.551,1,415.5,0.0156718
237.417,1,415,0.0156035
238.283,1,414.5,0.0155334
239.149,1,414,0.0154595
240.015,1,413.5,0.0153718
240.881,1,413,0.0152825
241.747,1,412.5,0.0151932
242.613,1,412,0.0151012
243.479,1,411.5,0.0150094
244.345,1,411,0.0149344
245.211,1,410.5,0.0148618
246.077,1,410,0.0147915
246.943,1,409.5,0.0147235
247.809,1,409,0.0146565
248.675,1,408.5,0.0145795
249.541,1,408,0.0144979
250.407,1,407.5,0.0144177
251.273,1,407,0.0143356
252.139,1,406.5,0.0142547
253.005,1,406,0.0141741
253.871,1,405.5,0.0140835
254.737,1,405,0.0139924
255.603,1,404.5,0.0139008
256.469,1,404,0.0137968
257.335,1,403.5,0.013691
258.201,1,403,0.013587
259.067,1,402.5,0.013482
259.933,1,402,0.0133773
260.799,1,401.5,0.013274
261.665,1,401,0.0131761
262.531,1,400.5,0.0130803
263.397,1,400,0.0129809
264.263,1,399.5,0.0128866
265.13,1,399,0.0127974
265.996,1,398.5,0.0127074
266.862,1,398,0.0126188
267.728,1,397.5,0.0125321
268.594,1,397,0.0124368
269.46,1,396.5,0.0123314
270.326,1,396,0.0122092
271.192,1,395.5,0.0120755
272.058,1,395,0.0119348
272.924,1,394.5,0.011792
273.79,1,394,0.0116367
274.656,1,393.5,0.011469
275.522,1,393,0.011292
276.388,1,392.5,0.0111062
277.254,1,392,0.0109043
278.12,1,391.5,0.0107213
278.986,1,391,0.0105715
279.852,1,390.5,0.0104447
280.718,1,390,0.0103657
281.584,1,389.5,0.0103451
282.45,1,389,0.0103558
283.316,1,388.5,0.0103832
284.182,1,388,0.0104355
285.048,1,387.5,0.0105001
285.914,1,387,0.0105794
286.78,1,386.5,0.0106592
287.646,1,386,0.0107577
288.512,1,385.5,0.0108813
289.378,1,385,0.0110455
290.244,1,384.5,0.011232
291.11,1,384,0.0114157
291.976,1,383.5,0.0115707
292.842,1,383,0.0117586
293.708,1,382.5,0.0119808
294.574,1,382,0.0122149
295.44,1,381.5,0.0124543
296.306,1,381,0.0127144
297.172,1,380.5,0.0130202
298.038,1,380,0.0133524
298.905,1,379.5,0.0137195
299.771,1,379,0.0140872
300.637,1,378.5,0.0142046
301.503,1,378,0.0140506
302.369,1,377.5,0.013883
303.235,1,377,0.0138455
304.101,1,376.5,0.0138802
304.967,1,376,0.0139861
305.833,1,375.5,0.0143229
306.699,1,375,0.0145634
307.565,1,374.5,0.0146948
308.431,1,374,0.0147971
309.297,1,373.5,0.0148984
310.163,1,373,0.0150039
311.029,1,372.5,0.0152087
311.895,1,372,0.0154331
312.761,1,371.5,0.0156502
313.627,1,371,0.0156906
314.493,1,370.5,0.0156344
315.359,1,370,0.0154945
316.225,1,369.5,0.0154544
317.091,1,369,0.0153807
317.957,1,368.5,0.015204
318.823,1,368,0.0151143
319.689,1,367.5,0.0149954
320.555,1,367,0.0148404
321.421,1,366.5,0.0149245
322.287,1,366,0.0149645
323.153,1,365.5,0.014979
324.019,1,365,0.0149865
324.885,1,364.5,0.0148838
325.751,1,364,0.0152392
326.617,1,363.5,0.0154906
327.483,1,363,0.0154509
328.349,1,362.5,0.0156485
329.215,1,362,0.0157872
330.081,1,361.5,0.0159396
330.947,1,361,0.0163152
331.813,1,360.5,0.0162192
332.679,1,360,0.0162796
333.546,1,359.5,0.0174569
334.412,1,359,0.019431
335.278,1,358.5,0.0203722
336.144,1,358,0.0209077
337.01,1,357.5,0.0217778
337.876,1,357,0.0225803
338.742,1,356.5,0.0234298
339.608,1,356,0.0241436
340.474,1,355.5,0.0247033
341.34,1,355,0.024435
342.206,1,354.5,0.0243879
343.072,1,354,0.0241579
343.938,1,353.5,0.0231866
344.804,1,353,0.0223307
345.67,1,352.5,0.0216068
346.536,1,352,0.020501
347.402,1,351.5,0.0200127
348.268,1,351,0.0196309
349.134,1,350.5,0.0193101
350,1,350,0.0191561
350.866,1,349.5,0.0192088
351.732,1,349,0.0197355
352.598,1,348.5,0.0209688
353.464,1,348,0.0225503
354.33,1,347.5,0.0234618
355.196,1,347,0.0245541
356.062,1,346.5,0.0254846
356.928,1,346,0.0262
357.794,1,345.5,0.0272173
358.66,1,345,0.0288895
359.526,1,344.5,0.0309199
360.392,1,344,0.0325534
361.258,1,343.5,0.0336676
362.124,1,343,0.0345168
362.99,1,342.5,0.0352435
363.856,1,342,0.0360182
364.722,1,341.5,0.0368953
365.588,1,341,0.0379008
366.454,1,340.5,0.0392915
367.321,1,340,0.0402626
368.187,1,339.5,0.041061
369.053,1,339,0.0424627
369.919,1,338.5,0.0437633
370.785,1,338,0.043837
371.651,1,337.5,0.0440583
372.517,1,337,0.0447311
373.383,1,336.5,0.0447919
374.249,1,336,0.0451233
375.115,1,335.5,0.0455253
375.981,1,335,0.0455726
376.847,1,334.5,0.0451603
377.713,1,334,0.0434459
378.579,1,333.5,0.0404704
379.445,1,333,0.0376242
380.311,1,332.5,0.03772
381.177,1,332,0.0384138
382.043,1,331.5,0.0393036
382.909,1,331,0.0399896
383.775,1,330.5,0.0406073
384.641,1,330,0.0414482
385.507,1,329.5,0.042362
386.373,1,329,0.0429638
387.239,1,328.5,0.0432316
388.105,1,328,0.0438288
388.971,1,327.5,0.0446962
389.837,1,327,0.046456
390.703,1,326.5,0.0480796
391.569,1,326,0.0494001
392.435,1,325.5,0.0495217
393.301,1,325,0.0498379
394.167,1,324.5,0.0497929
395.033,1,324,0.0496222
395.899,1,323.5,0.0495742
396.765,1,323,0.0491297
397.631,1,322.5,0.0485484
398.497,1,322,0.0484005
399.363,1,321.5,0.0473055
400.229,1,321,0.0467921
401.095,1,320.5,0.0463302
401.962,1,320,0.0451719
402.828,1,319.5,0.0446241
403.694,1,319,0.0436122
404.56,1,318.5,0.0423115
405.426,1,318,0.0410243
406.292,1,317.5,0.0394101
407.158,1,317,0.0381101
408.024,1,316.5,0.0373646
408.89,1,316,0.0370816
409.756,1,315.5,0.0369396
410.622,1,315,0.037002
411.488,1,314.5,0.0373953
412.354,1,314,0.0379042
413.22,1,313.5,0.0384645
414.086,1,313,0.0389978
414.952,1,312.5,0.0394605
415.818,1,312,0.039709
416.684,1,311.5,0.0399582
417.55,1,311,0.0402218
418.416,1,310.5,0.0405452
419.282,1,310,0.040885
420.148,1,309.5,0.0413926
421.014,1,309,0.0427658
421.88,1,308.5,0.0433211
422.746,1,308,0.0439334
423.612,1,307.5,0.0445107
424.478,1,307,0.0454363
425.344,1,306.5,0.0463951
426.21,1,306,0.0472073
427.076,1,305.5,0.0486712
427.942,1,305,0.0495206
428.808,1,304.5,0.0498639
429.674,1,304,0.0499042
430.54,1,303.5,0.0498976
431.406,1,303,0.0499481
432.272,1,302.5,0.0505037
433.138,1,302,0.0512566
434.004,1,301.5,0.0521217
434.87,1,301,0.0543183
435.737,1,300.5,0.0566236
436.603,1,300,0.0590939
437.469,1,299.5,0.0619385
438.335,1,299,0.0639801
439.201,1,298.5,0.0661273
440.067,1,298,0.0691305
440.933,1,297.5,0.0725001
441.799,1,297,0.0757565
442.665,1,296.5,0.0772402
443.531,1,296,0.0785093
444.397,1,295.5,0.0798317
445.263,1,295,0.0795232
446.129,1,294.5,0.0793961
446.995,1,294,0.0794505
447.861,1,293.5,0.0797091
448.727,1,293,0.0801322
449.593,1,292.5,0.0807188
450.459,1,292,0.0815063
451.325,1,291.5,0.082331
452.191,1,291,0.0829393
453.057,1,290.5,0.0828005
453.923,1,290,0.0818337
454.789,1,289.5,0.0814765
455.655,1,289,0.0808651
456.521,1,288.5,0.0799992
457.387,1,288,0.0791692
458.253,1,287.5,0.078372
459.119,1,287,0.0775841
459.985,1,286.5,0.0762019
460.851,1,286,0.0746494
461.717,1,285.5,0.0723543
462.583,1,285,0.0646258
463.449,1,284.5,0.0689453
464.315,1,284,0.0713233
465.181,1,283.5,0.0651771
466.047,1,283,0.0521364
466.913,1,282.5,0.0422269
467.779,1,282,0.0434076
468.645,1,281.5,0.0461004
469.512,1,281,0.0489865
470.378,1,280.5,0.0511554
471.244,1,280,0.0527498
472.11,1,279.5,0.0537772
472.976,1,279,0.0542778
473.842,1,278.5,0.0552556
474.708,1,278,0.0568269
475.574,1,277.5,0.0578589
476.44,1,277,0.0586789
477.306,1,276.5,0.0593034
478.172,1,276,0.0590785
479.038,1,275.5,0.0598499
479.904,1,275,0.0612359
480.77,1,274.5,0.063132
481.636,1,274,0.0656155
482.502,1,273.5,0.0652158
483.368,1,273,0.0622121
484.234,1,272.5,0.0605309
485.1,1,272,0.0587962
485.966,1,271.5,0.0541221
486.832,1,271,0.0483969
487.698,1,270.5,0.0419763
488.564,1,270,0.0354899
489.43,1,269.5,0.0305409
490.296,1,269,0.0273198
491.162,1,268.5,0.0262328
492.028,1,268,0.0264682
492.894,1,267.5,0.0272134
493.76,1,267,0.0281631
494.626,1,266.5,0.0280667
495.492,1,266,0.0267586
496.358,1,265.5,0.0275462
497.224,1,265,0.0264465
498.09,1,264.5,0.0262418
498.956,1,264,0.0259378
499.822,1,263.5,0.0250804
500.688,1,263,0.02553
501.554,1,262.5,0.0268356
502.42,1,262,0.023939
503.286,1,261.5,0.021643
504.153,1,261,0.0189142
505.019,1,260.5,0.0165437
505.885,1,260,0.0161457
506.751,1,259.5,0.0158844
507.617,1,259,0.0161446
508.483,1,258.5,0.0164153
509.349,1,258,0.0162216
510.215,1,257.5,0.0175093
511.081,1,257,0.0189104
511.947,1,256.5,0.0199222
512.813,1,256,0.0216261
513.679,1,255.5,0.0228413
514.545,1,255,0.023698
515.411,1,254.5,0.0249611
516.277,1,254,0.0261289
517.143,1,253.5,0.0266975
518.009,1,253,0.0272918
518.875,1,252.5,0.0279817
519.741,1,252,0.0295692
520.607,1,251.5,0.0286697
521.473,1,251,0.0283725
522.339,1,250.5,0.0268195
523.205,1,250,0.0239704
524.071,1,249.5,0.0223976
524.937,1,249,0.0221938
525.803,1,248.5,0.0230309
526.669,1,248,0.0255802
527.535,1,247.5,0.0286691
528.401,1,247,0.0309618
529.267,1,246.5,0.0307909
530.133,1,246,0.0282579
530.999,1,245.5,0.0251855
531.865,1,245,0.0239878
532.731,1,244.5,0.0233974
533.597,1,244,0.0230028
534.463,1,243.5,0.0226225
535.329,1,243,0.0222674
536.195,1,242.5,0.0219875
537.061,1,242,0.0217208
537.928,1,241.5,0.0215652
538.794,1,241,0.0212652
539.66,1,240.5,0.020895
540.526,1,240,0.020498
541.392,1,239.5,0.0204241
542.258,1,239,0.020432
543.124,1,238.5,0.020275
543.99,1,238,0.0209747
544.856,1,237.5,0.0211055
545.722,1,237,0.020744
546.588,1,236.5,0.0199271
547.454,1,236,0.0190263
548.32,1,235.5,0.0185366
549.186,1,235,0.0186967
550.052,1,234.5,0.0187967
550.918,1,234,0.0188369
551.784,1,233.5,0.0189102
552.65,1,233,0.0189289
553.516,1,232.5,0.0189124
554.382,1,232,0.0187995
555.248,1,231.5,0.0186838
556.114,1,231,0.0185745
556.98,1,230.5,0.0182573
557.846,1,230,0.017917
558.712,1,229.5,0.0176271
559.578,1,229,0.017298
560.444,1,228.5,0.0168811
561.31,1,228,0.0163963
562.176,1,227.5,0.0158581
563.042,1,227,0.0153408
563.908,1,226.5,0.0148477
564.774,1,226,0.0144081
565.64,1,225.5,0.0141665
566.506,1,225,0.013944
567.372,1,224.5,0.0137303
568.238,1,224,0.0136213
569.104,1,223.5,0.0135202
569.97,1,223,0.0134258
570.836,1,222.5,0.0134232
571.703,1,222,0.0134375
572.569,1,221.5,0.0134397
573.435,1,221,0.0134449
574.301,1,220.5,0.0134495
575.167,1,220,0.0134469
576.033,1,219.5,0.013444
576.899,1,219,0.0134441
577.765,1,218.5,0.0134419
578.631,1,218,0.0134435
579.497,1,217.5,0.0134549
580.363,1,217,0.0134458
581.229,1,216.5,0.0134334
582.095,1,216,0.0134331
582.961,1,215.5,0.0134317
583.827,1,215,0.0134299
584.693,1,214.5,0.0134462
585.559,1,214,0.0134688
586.425,1,213.5,0.0134903
587.291,1,213,0.0135119
588.157,1,212.5,0.0135341
589.023,1,212,0.0135569
589.889,1,211.5,0.0135947
590.755,1,211,0.0136363
591.621,1,210.5,0.0136788
592.487,1,210,0.0137111
593.353,1,209.5,0.0137351
594.219,1,209,0.0137569
595.085,1,208.5,0.0137671
595.951,1,208,0.0137654
596.817,1,207.5,0.0137636
597.683,1,207,0.0137605
598.549,1,206.5,0.013754
599.415,1,206,0.0137388
600.281,1,205.5,0.013723
601.147,1,205,0.0137042
602.013,1,204.5,0.0136867
602.879,1,204,0.0136705
603.745,1,203.5,0.0136538
604.611,1,203,0.0136357
605.477,1,202.5,0.0136185
606.344,1,202,0.0136023
607.21,1,201.5,0.0135868
608.076,1,201,0.0135722
608.942,1,200.5,0.0135605
609.808,1,200,0.0135479
