x,y,z,b
90.1924,1,500,0.0126678
91.0584,1,499.5,0.0127048
91.9244,1,499,0.0127436
92.7905,1,498.5,0.0127869
93.6565,1,498,0.0128303
94.5225,1,497.5,0.0128707
95.3885,1,497,0.012898
96.2546,1,496.5,0.012924
97.1206,1,496,0.0129483
97.9866,1,495.5,0.0129523
98.8526,1,495,0.0129568
99.7187,1,494.5,0.0129617
100.585,1,494,0.0129624
101.451,1,493.5,0.0129629
102.317,1,493,0.0129646
103.183,1,492.5,0.0129646
104.049,1,492,0.0129642
104.915,1,491.5,0.0129639
105.781,1,491,0.0129606
106.647,1,490.5,0.0129529
107.513,1,490,0.012944
108.379,1,489.5,0.0129329
109.245,1,489,0.0129189
110.111,1,488.5,0.0129048
110.977,1,488,0.0128888
111.843,1,487.5,0.0128676
112.709,1,487,0.0128471
113.575,1,486.5,0.0128268
114.441,1,486,0.012803
115.307,1,485.5,0.0127801
116.173,1,485,0.0127535
117.039,1,484.5,0.0127241
117.905,1,484,0.012694
118.771,1,483.5,0.0126633
119.637,1,483,0.0126361
120.503,1,482.5,0.0126115
121.369,1,482,0.0125939
122.235,1,481.5,0.0125824
123.101,1,481,0.0125746
123.967,1,480.5,0.0125677
124.833,1,480,0.0125636
125.699,1,479.5,0.012555
126.565,1,479,0.012544
127.431,1,478.5,0.0125331
128.297,1,478,0.0125227
129.164,1,477.5,0.012512
130.03,1,477,0.0125045
130.896,1,476.5,0.0125035
131.762,1,476,0.0125013
132.628,1,475.5,0.0124978
133.494,1,475,0.012489
134.36,1,474.5,0.0124786
135.226,1,474,0.0124548
136.092,1,473.5,0.012425
136.958,1,473,0.0123941
137.824,1,472.5,0.0123627
138.69,1,472,0.0123314
139.556,1,471.5,0.0123001
140.422,1,471,0.0122672
141.288,1,470.5,0.012234
142.154,1,470,0.0122006
143.02,1,469.5,0.0121659
143.886,1,469,0.0121303
144.752,1,468.5,0.0121047
145.618,1,468,0.0120808
146.484,1,467.5,0.0120573
147.35,1,467,0.0120332
148.216,1,466.5,0.0120097
149.082,1,466,0.0119845
149.948,1,465.5,0.0119554
150.814,1,465,0.0119259
151.68,1,464.5,0.0118961
152.546,1,464,0.0118624
153.412,1,463.5,0.0118282
154.278,1,463,0.011801
155.144,1,462.5,0.0117786
156.01,1,462,0.0117571
156.876,1,461.5,0.0117347
157.742,1,461,0.0117252
158.608,1,460.5,0.0117209
159.474,1,460,0.0117122
160.34,1,459.5,0.0117063
161.206,1,459,0.0117045
162.072,1,458.5,0.0117022
162.939,1,458,0.011702
163.805,1,457.5,0.0117148
164.671,1,457,0.0117271
165.537,1,456.5,0.0117406
166.403,1,456,0.0117671
167.269,1,455.5,0.0117929
168.135,1,455,0.0118206
169.001,1,454.5,0.0118758
169.867,1,454,0.0119337
170.733,1,453.5,0.0119935
171.599,1,453,0.0120808
172.465,1,452.5,0.0121757
173.331,1,452,0.0122666
174.197,1,451.5,0.0123734
175.063,1,451,0.0124893
175.929,1,450.5,0.0126064
176.795,1,450,0.0127303
177.661,1,449.5,0.0128693
178.527,1,449,0.0130141
179.393,1,448.5,0.013159
180.259,1,448,0.0133033
181.125,1,447.5,0.0134472
181.991,1,447,0.0135867
182.857,1,446.5,0.0137052
183.723,1,446,0.0138249
184.589,1,445.5,0.0139453
185.455,1,445,0.0140559
186.321,1,444.5,0.0141671
187.187,1,444,0.0142841
188.053,1,443.5,0.014397
188.919,1,443,0.0145082
189.785,1,442.5,0.0146188
190.651,1,442,0.0147249
191.517,1,441.5,0.0148266
192.383,1,441,0.0149187
193.249,1,440.5,0.0150029
194.115,1,440,0.0150807
194.981,1,439.5,0.015158
195.847,1,439,0.015231
196.714,1,438.5,0.0152932
197.58,1,438,0.0153519
198.446,1,437.5,0.0154072
199.312,1,437,0.0154585
200.178,1,436.5,0.0155104
201.044,1,436,0.0155623
201.91,1,435.5,0.0155821
202.776,1,435,0.0156027
203.642,1,434.5,0.0156241
204.508,1,434,0.0156216
205.374,1,433.5,0.015617
206.24,1,433,0.015619
207.106,1,432.5,0.015619
207.972,1,432,0.0156178
208.838,1,431.5,0.0156164
209.704,1,431,0.0156073
210.57,1,430.5,0.0155897
211.436,1,430,0.0155644
212.302,1,429.5,0.0155295
213.168,1,429,0.0154833
214.034,1,428.5,0.0154355
214.9,1,428,0.0153813
215.766,1,427.5,0.015312
216.632,1,427,0.015241
217.498,1,426.5,0.0151668
218.364,1,426,0.0150807
219.23,1,425.5,0.0149938
220.096,1,425,0.0149106
220.962,1,424.5,0.0148238
221.828,1,424,0.0147368
222.694,1,423.5,0.0146498
223.56,1,423,0.0145572
224.426,1,422.5,0.0144636
225.292,1,422,0.0143725
226.158,1,421.5,0.0142785
227.024,1,421,0.014183
227.89,1,420.5,0.0140877
228.756,1,420,0.01399
229.622,1,419.5,0.0138863
230.488,1,419,0.0137796
231.355,1,418.5,0.0136729
232.221,1,418,0.0135647
233.087,1,417.5,0.0134575
233.953,1,417,0.0133515
234.819,1,416.5,0.013253
235.685,1,416,0.0131573
236.551,1,415.5,0.0130644
237.417,1,415,0.012976
238.283,1,414.5,0.0128889
239.149,1,414,0.0127973
240.015,1,413.5,0.0127089
240.881,1,413,0.0126223
241.747,1,412.5,0.0125363
242.613,1,412,0.0124601
243.479,1,411.5,0.0123879
244.345,1,411,0.0123122
245.211,1,410.5,0.0122406
246.077,1,410,0.0121715
246.943,1,409.5,0.0120998
247.809,1,409,0.0120245
248.675,1,408.5,0.0119403
249.541,1,408,0.0118502
250.407,1,407.5,0.0117545
251.273,1,407,0.0116461
252.139,1,406.5,0.0115358
253.005,1,406,0.0114211
253.871,1,405.5,0.0112807
254.737,1,405,0.0111396
255.603,1,404.5,0.0109979
256.469,1,404,0.0108341
257.335,1,403.5,0.0106699
258.201,1,403,0.010512
259.067,1,402.5,0.0103493
259.933,1,402,0.0101877
260.799,1,401.5,0.0100301
261.665,1,401,0.00988378
262.531,1,400.5,0.00974741
263.397,1,400,0.0096277
264.263,1,399.5,0.00956942
265.13,1,399,0.00957635
265.996,1,398.5,0.00958086
266.862,1,398,0.0095952
267.728,1,397.5,0.00965437
268.594,1,397,0.00972146
269.46,1,396.5,0.0097954
270.326,1,396,0.00990906
271.192,1,395.5,0.0100269
272.058,1,395,0.0101462
272.924,1,394.5,0.0103316
273.79,1,394,0.0105138
274.656,1,393.5,0.0106917
275.522,1,393,0.0109359
276.388,1,392.5,0.0111937
277.254,1,392,0.0114643
278.12,1,391.5,0.0117571
278.986,1,391,0.0120557
279.852,1,390.5,0.0123476
280.718,1,390,0.0126381
281.584,1,389.5,0.0129449
282.45,1,389,0.013284
283.316,1,388.5,0.0136259
284.182,1,388,0.0139702
285.048,1,387.5,0.0143276
285.914,1,387,0.0146935
286.78,1,386.5,0.0150474
287.646,1,386,0.0154113
288.512,1,385.5,0.0157845
289.378,1,385,0.0161388
290.244,1,384.5,0.0165076
291.11,1,384,0.0168974
291.976,1,383.5,0.0173101
292.842,1,383,0.017698
293.708,1,382.5,0.0180592
294.574,1,382,0.01854
295.44,1,381.5,0.0191638
296.306,1,381,0.0196976
297.172,1,380.5,0.0198773
298.038,1,380,0.0196671
298.905,1,379.5,0.0193383
299.771,1,379,0.0195449
300.637,1,378.5,0.0199186
301.503,1,378,0.020179
302.369,1,377.5,0.0196247
303.235,1,377,0.0188562
304.101,1,376.5,0.0179947
304.967,1,376,0.0175298
305.833,1,375.5,0.0170649
306.699,1,375,0.0167908
307.565,1,374.5,0.0164881
308.431,1,374,0.0160178
309.297,1,373.5,0.0159351
310.163,1,373,0.0160017
311.029,1,372.5,0.0162498
311.895,1,372,0.0171818
312.761,1,371.5,0.0181533
313.627,1,371,0.0188916
314.493,1,370.5,0.0192787
315.359,1,370,0.0196122
316.225,1,369.5,0.0202826
317.091,1,369,0.0216091
317.957,1,368.5,0.0235858
318.823,1,368,0.026859
319.689,1,367.5,0.0298282
320.555,1,367,0.032251
321.421,1,366.5,0.0338478
322.287,1,366,0.0352528
323.153,1,365.5,0.0363661
324.019,1,365,0.0382385
324.885,1,364.5,0.0391208
325.751,1,364,0.0402912
326.617,1,363.5,0.0417498
327.483,1,363,0.0433735
328.349,1,362.5,0.0451299
329.215,1,362,0.0461244
330.081,1,361.5,0.0458349
330.947,1,361,0.0452405
331.813,1,360.5,0.0440057
332.679,1,360,0.0432107
333.546,1,359.5,0.0422236
334.412,1,359,0.0410444
335.278,1,358.5,0.0396729
336.144,1,358,0.0383308
337.01,1,357.5,0.0377445
337.876,1,357,0.0373117
338.742,1,356.5,0.0369125
339.608,1,356,0.035098
340.474,1,355.5,0.0341727
341.34,1,355,0.0336884
342.206,1,354.5,0.0334269
343.072,1,354,0.0333106
343.938,1,353.5,0.033483
344.804,1,353,0.0341335
345.67,1,352.5,0.0352264
346.536,1,352,0.0361964
347.402,1,351.5,0.0371229
348.268,1,351,0.0371614
349.134,1,350.5,0.0369273
350,1,350,0.0367702
350.866,1,349.5,0.0368763
351.732,1,349,0.0366354
352.598,1,348.5,0.0364551
353.464,1,348,0.0363905
354.33,1,347.5,0.0365017
355.196,1,347,0.0374372
356.062,1,346.5,0.0393834
356.928,1,346,0.0409452
357.794,1,345.5,0.0408557
358.66,1,345,0.0410028
359.526,1,344.5,0.0413526
360.392,1,344,0.040144
361.258,1,343.5,0.0387154
362.124,1,343,0.0372211
362.99,1,342.5,0.036931
363.856,1,342,0.0373246
364.722,1,341.5,0.0381442
365.588,1,341,0.0388273
366.454,1,340.5,0.0387205
367.321,1,340,0.0385686
368.187,1,339.5,0.0390349
369.053,1,339,0.0392728
369.919,1,338.5,0.038727
370.785,1,338,0.0378326
371.651,1,337.5,0.037781
372.517,1,337,0.0357719
373.383,1,336.5,0.036764
374.249,1,336,0.0387227
375.115,1,335.5,0.038595
375.981,1,335,0.0395275
376.847,1,334.5,0.0405572
377.713,1,334,0.0423904
378.579,1,333.5,0.0454743
379.445,1,333,0.049778
380.311,1,332.5,0.0542245
381.177,1,332,0.0570608
382.043,1,331.5,0.0589416
382.909,1,331,0.0590442
383.775,1,330.5,0.0603304
384.641,1,330,0.0607986
385.507,1,329.5,0.0608873
386.373,1,329,0.0609159
387.239,1,328.5,0.0606367
388.105,1,328,0.0601723
388.971,1,327.5,0.0596218
389.837,1,327,0.0593341
390.703,1,326.5,0.0587062
391.569,1,326,0.0580633
392.435,1,325.5,0.0576059
393.301,1,325,0.058128
394.167,1,324.5,0.0584908
395.033,1,324,0.0586818
395.899,1,323.5,0.0602158
396.765,1,323,0.0616928
397.631,1,322.5,0.0629191
398.497,1,322,0.0643746
399.363,1,321.5,0.0661243
400.229,1,321,0.0679365
401.095,1,320.5,0.0691565
401.962,1,320,0.0703509
402.828,1,319.5,0.071984
403.694,1,319,0.0739274
404.56,1,318.5,0.0759826
405.426,1,318,0.0782412
406.292,1,317.5,0.0810084
407.158,1,317,0.0842533
408.024,1,316.5,0.0880666
408.89,1,316,0.0922701
409.756,1,315.5,0.0940813
410.622,1,315,0.0962395
411.488,1,314.5,0.0980044
412.354,1,314,0.0990172
413.22,1,313.5,0.102554
414.086,1,313,0.104828
414.952,1,312.5,0.10619
415.818,1,312,0.105157
416.684,1,311.5,0.104924
417.55,1,311,0.104812
418.416,1,310.5,0.104295
419.282,1,310,0.104168
420.148,1,309.5,0.104016
421.014,1,309,0.103475
421.88,1,308.5,0.103052
422.746,1,308,0.102097
423.612,1,307.5,0.101269
424.478,1,307,0.10042
425.344,1,306.5,0.0994512
426.21,1,306,0.0981901
427.076,1,305.5,0.096424
427.942,1,305,0.0953098
428.808,1,304.5,0.096044
429.674,1,304,0.099239
430.54,1,303.5,0.103449
431.406,1,303,0.105952
432.272,1,302.5,0.103011
433.138,1,302,0.104177
434.004,1,301.5,0.0973261
434.87,1,301,0.0831859
435.737,1,300.5,0.072847
436.603,1,300,0.0632796
437.469,1,299.5,0.0633553
438.335,1,299,0.065302
439.201,1,298.5,0.069223
440.067,1,298,0.0731611
440.933,1,297.5,0.0754149
441.799,1,297,0.0796991
442.665,1,296.5,0.0849688
443.531,1,296,0.0916721
444.397,1,295.5,0.0958852
445.263,1,295,0.0993455
446.129,1,294.5,0.101033
446.995,1,294,0.0994034
447.861,1,293.5,0.0972945
448.727,1,293,0.0951382
449.593,1,292.5,0.0942654
450.459,1,292,0.0947023
451.325,1,291.5,0.0954563
452.191,1,291,0.095773
453.057,1,290.5,0.095374
453.923,1,290,0.0959331
454.789,1,289.5,0.0943327
455.655,1,289,0.0924272
456.521,1,288.5,0.0894906
457.387,1,288,0.0865555
458.253,1,287.5,0.0800313
459.119,1,287,0.072056
459.985,1,286.5,0.062797
460.851,1,286,0.052452
461.717,1,285.5,0.0431882
462.583,1,285,0.0350835
463.449,1,284.5,0.0252312
464.315,1,284,0.0185931
465.181,1,283.5,0.0179047
466.047,1,283,0.0182075
466.913,1,282.5,0.0186666
467.779,1,282,0.0195562
468.645,1,281.5,0.0198792
469.512,1,281,0.019887
470.378,1,280.5,0.0197749
471.244,1,280,0.0198113
472.11,1,279.5,0.0198546
472.976,1,279,0.0197123
473.842,1,278.5,0.0195064
474.708,1,278,0.0193614
475.574,1,277.5,0.0195973
476.44,1,277,0.0199484
477.306,1,276.5,0.0203874
478.172,1,276,0.0208887
479.038,1,275.5,0.0215313
479.904,1,275,0.0222946
480.77,1,274.5,0.0219976
481.636,1,274,0.0213934
482.502,1,273.5,0.0206312
483.368,1,273,0.0203362
484.234,1,272.5,0.0198472
485.1,1,272,0.0187943
485.966,1,271.5,0.0176445
486.832,1,271,0.0209431
487.698,1,270.5,0.020856
488.564,1,270,0.0201624
489.43,1,269.5,0.0187584
490.296,1,269,0.0156319
491.162,1,268.5,0.0146862
492.028,1,268,0.0151095
492.894,1,267.5,0.0143266
493.76,1,267,0.0139454
494.626,1,266.5,0.0139162
495.492,1,266,0.0138829
496.358,1,265.5,0.0138464
497.224,1,265,0.0139238
498.09,1,264.5,0.0139838
498.956,1,264,0.0140263
499.822,1,263.5,0.0140219
500.688,1,263,0.0139933
501.554,1,262.5,0.013947
502.42,1,262,0.0138677
503.286,1,261.5,0.0137898
504.153,1,261,0.0137334
505.019,1,260.5,0.0136973
505.885,1,260,0.0136497
506.751,1,259.5,0.0135995
507.617,1,259,0.0135575
508.483,1,258.5,0.0135256
509.349,1,258,0.0134818
510.215,1,257.5,0.0134407
511.081,1,257,0.0134126
511.947,1,256.5,0.0133853
512.813,1,256,0.0133599
513.679,1,255.5,0.0133429
514.545,1,255,0.0133285
515.411,1,254.5,0.0133142
516.277,1,254,0.0133241
517.143,1,253.5,0.0133334
518.009,1,253,0.0133415
518.875,1,252.5,0.0133612
519.741,1,252,0.0133824
520.607,1,251.5,0.0134025
521.473,1,251,0.0134247
522.339,1,250.5,0.0134473
523.205,1,250,0.0134676
524.071,1,249.5,0.0134875
524.937,1,249,0.0135091
525.803,1,248.5,0.0135293
526.669,1,248,0.01355
527.535,1,247.5,0.0135716
528.401,1,247,0.0135801
529.267,1,246.5,0.0135873
530.133,1,246,0.0135967
530.999,1,245.5,0.0136047
531.865,1,245,0.0136114
532.731,1,244.5,0.013612
533.597,1,244,0.0136034
534.463,1,243.5,0.0135929
535.329,1,243,0.0135777
536.195,1,242.5,0.0135622
537.061,1,242,0.0135471
537.928,1,241.5,0.0135347
538.794,1,241,0.0135218
539.66,1,240.5,0.0135091
540.526,1,240,0.0134942
541.392,1,239.5,0.0134774
542.258,1,239,0.0134638
543.124,1,238.5,0.0134515
543.99,1,238,0.0134367
544.856,1,237.5,0.0134218
545.722,1,237,0.0134038
546.588,1,236.5,0.0133761
547.454,1,236,0.0133568
548.32,1,235.5,0.0133363
549.186,1,235,0.0133046
550.052,1,234.5,0.0132709
550.918,1,234,0.0132354
551.784,1,233.5,0.0131927
552.65,1,233,0.0131496
553.516,1,232.5,0.013107
554.382,1,232,0.013078
555.248,1,231.5,0.0130503
556.114,1,231,0.0130199
556.98,1,230.5,0.0130133
557.846,1,230,0.0130214
558.712,1,229.5,0.0130291
559.578,1,229,0.013044
560.444,1,228.5,0.0130673
561.31,1,228,0.0130924
562.176,1,227.5,0.0131216
563.042,1,227,0.0131595
563.908,1,226.5,0.0131953
564.774,1,226,0.0132302
565.64,1,225.5,0.0132697
566.506,1,225,0.0133055
567.372,1,224.5,0.013337
568.238,1,224,0.0133644
569.104,1,223.5,0.0133882
569.97,1,223,0.0134084
570.836,1,222.5,0.0134233
571.703,1,222,0.0134343
572.569,1,221.5,0.0134412
573.435,1,221,0.01344
574.301,1,220.5,0.0134335
575.167,1,220,0.0134236
576.033,1,219.5,0.0134038
576.899,1,219,0.0133768
577.765,1,218.5,0.0133484
578.631,1,218,0.0133167
579.497,1,217.5,0.0132795
580.363,1,217,0.0132603
581.229,1,216.5,0.0132462
582.095,1,216,0.0132308
582.961,1,215.5,0.0132162
583.827,1,215,0.0132025
584.693,1,214.5,0.0131918
585.559,1,214,0.0131826
586.425,1,213.5,0.0131732
587.291,1,213,0.0131646
588.157,1,212.5,0.0131556
589.023,1,212,0.0131461
589.889,1,211.5,0.0131369
590.755,1,211,0.0131278
591.621,1,210.5,0.0131187
592.487,1,210,0.0131093
593.353,1,209.5,0.0131002
594.219,1,209,0.0130898
595.085,1,208.5,0.0130766
595.951,1,208,0.0130637
596.817,1,207.5,0.0130509
597.683,1,207,0.0130384
598.549,1,206.5,0.0130268
599.415,1,206,0.013023
600.281,1,205.5,0.0130206
601.147,1,205,0.0130198
602.013,1,204.5,0.0130193
602.879,1,204,0.0130193
603.745,1,203.5,0.0130179
604.611,1,203,0.0130126
605.477,1,202.5,0.0130072
606.344,1,202,0.0130001
607.21,1,201.5,0.0129924
608.076,1,201,0.0129847
608.942,1,200.5,0.0129736
609.808,1,200,0.0129639
