x,y,z,b
90.1924,1,500,0.0138357
91.0584,1,499.5,0.013819
91.9244,1,499,0.0137971
92.7905,1,498.5,0.0137526
93.6565,1,498,0.0137054
94.5225,1,497.5,0.0136514
95.3885,1,497,0.0135796
96.2546,1,496.5,0.0135042
97.1206,1,496,0.0134677
97.9866,1,495.5,0.0134426
98.8526,1,495,0.0134175
99.7187,1,494.5,0.0133925
100.585,1,494,0.0133336
101.451,1,493.5,0.0132549
102.317,1,493,0.0131064
103.183,1,492.5,0.0129414
104.049,1,492,0.0127766
104.915,1,491.5,0.0126167
105.781,1,491,0.0124893
106.647,1,490.5,0.012406
107.513,1,490,0.0122982
108.379,1,489.5,0.0121658
109.245,1,489,0.0120074
110.111,1,488.5,0.0118037
110.977,1,488,0.0116396
111.843,1,487.5,0.0117953
112.709,1,487,0.0119579
113.575,1,486.5,0.0121296
114.441,1,486,0.0123162
115.307,1,485.5,0.012492
116.173,1,485,0.0124481
117.039,1,484.5,0.0123183
117.905,1,484,0.0122062
118.771,1,483.5,0.012112
119.637,1,483,0.0120826
120.503,1,482.5,0.0121289
121.369,1,482,0.0122077
122.235,1,481.5,0.0122725
123.101,1,481,0.0122859
123.967,1,480.5,0.0122166
124.833,1,480,0.0120688
125.699,1,479.5,0.0121371
126.565,1,479,0.0123481
127.431,1,478.5,0.0126164
128.297,1,478,0.0129078
129.164,1,477.5,0.0132328
130.03,1,477,0.0134094
130.896,1,476.5,0.0131331
131.762,1,476,0.0128389
132.628,1,475.5,0.0125269
133.494,1,475,0.0122078
134.36,1,474.5,0.0118794
135.226,1,474,0.0120291
136.092,1,473.5,0.0122901
136.958,1,473,0.0125445
137.824,1,472.5,0.0127901
138.69,1,472,0.0130282
139.556,1,471.5,0.0130606
140.422,1,471,0.0127986
141.288,1,470.5,0.0126013
142.154,1,470,0.0124894
143.02,1,469.5,0.0124518
143.886,1,469,0.0125009
144.752,1,468.5,0.0127143
145.618,1,468,0.0128626
146.484,1,467.5,0.0129262
147.35,1,467,0.0129041
148.216,1,466.5,0.0128099
149.082,1,466,0.0127493
149.948,1,465.5,0.0128548
150.814,1,465,0.013012
151.68,1,464.5,0.0132206
152.546,1,464,0.0134482
153.412,1,463.5,0.0136995
154.278,1,463,0.0136331
155.144,1,462.5,0.0135199
156.01,1,462,0.0133768
156.876,1,461.5,0.0132022
157.742,1,461,0.0130274
158.608,1,460.5,0.0130782
159.474,1,460,0.0133752
160.34,1,459.5,0.0137077
161.206,1,459,0.0140486
162.072,1,458.5,0.0143649
162.939,1,458,0.0146396
163.805,1,457.5,0.0145024
164.671,1,457,0.0143815
165.537,1,456.5,0.014279
166.403,1,456,0.0142259
167.269,1,455.5,0.0142195
168.135,1,455,0.0143886
169.001,1,454.5,0.0146213
169.867,1,454,0.0148069
170.733,1,453.5,0.014946
171.599,1,453,0.0150415
172.465,1,452.5,0.0151078
173.331,1,452,0.0151679
174.197,1,451.5,0.0152311
175.063,1,451,0.0152904
175.929,1,450.5,0.0153409
176.795,1,450,0.0153902
177.661,1,449.5,0.0154498
178.527,1,449,0.0155037
179.393,1,448.5,0.0155502
180.259,1,448,0.0155957
181.125,1,447.5,0.0156269
181.991,1,447,0.0156578
182.857,1,446.5,0.0157517
183.723,1,446,0.0158303
184.589,1,445.5,0.0158939
185.455,1,445,0.0159675
186.321,1,444.5,0.0160264
187.187,1,444,0.0161169
188.053,1,443.5,0.0162449
188.919,1,443,0.0163699
189.785,1,442.5,0.0164883
190.651,1,442,0.0166113
191.517,1,441.5,0.0167355
192.383,1,441,0.0168515
193.249,1,440.5,0.0169588
194.115,1,440,0.0170584
194.981,1,439.5,0.0171506
195.847,1,439,0.0172189
196.714,1,438.5,0.0172551
197.58,1,438,0.0172921
198.446,1,437.5,0.0173281
199.312,1,437,0.017355
200.178,1,436.5,0.0173837
201.044,1,436,0.0173963
201.91,1,435.5,0.0173532
202.776,1,435,0.0173159
203.642,1,434.5,0.0172845
204.508,1,434,0.0172438
205.374,1,433.5,0.0172097
206.24,1,433,0.0171796
207.106,1,432.5,0.0171343
207.972,1,432,0.0170857
208.838,1,431.5,0.0170385
209.704,1,431,0.0169814
210.57,1,430.5,0.0169106
211.436,1,430,0.0168275
212.302,1,429.5,0.0167432
213.168,1,429,0.016655
214.034,1,428.5,0.0165703
214.9,1,428,0.0164855
215.766,1,427.5,0.0163704
216.632,1,427,0.0162495
217.498,1,426.5,0.016125
218.364,1,426,0.0159894
219.23,1,425.5,0.0158487
220.096,1,425,0.0156985
220.962,1,424.5,0.0155261
221.828,1,424,0.0153476
222.694,1,423.5,0.0151633
223.56,1,423,0.0149551
224.426,1,422.5,0.0147335
225.292,1,422,0.0145567
226.158,1,421.5,0.0143815
227.024,1,421,0.0142064
227.89,1,420.5,0.0140359
228.756,1,420,0.0138625
229.622,1,419.5,0.0137074
230.488,1,419,0.0135911
231.355,1,418.5,0.0135208
232.221,1,418,0.0135339
233.087,1,417.5,0.0135754
233.953,1,417,0.0136526
234.819,1,416.5,0.0137266
235.685,1,416,0.0137935
236.551,1,415.5,0.0138549
237.417,1,415,0.0139333
238.283,1,414.5,0.0139926
239.149,1,414,0.0140195
240.015,1,413.5,0.0140063
240.881,1,413,0.0139743
241.747,1,412.5,0.0139253
242.613,1,412,0.0138302
243.479,1,411.5,0.0137038
244.345,1,411,0.01354
245.211,1,410.5,0.0133404
246.077,1,410,0.0131204
246.943,1,409.5,0.012908
247.809,1,409,0.012679
248.675,1,408.5,0.012351
249.541,1,408,0.0119316
250.407,1,407.5,0.011481
251.273,1,407,0.011069
252.139,1,406.5,0.0106702
253.005,1,406,0.0103312
253.871,1,405.5,0.0104255
254.737,1,405,0.010541
255.603,1,404.5,0.0106777
256.469,1,404,0.0109509
257.335,1,403.5,0.0112742
258.201,1,403,0.0116544
259.067,1,402.5,0.0122795
259.933,1,402,0.0130878
260.799,1,401.5,0.0140501
261.665,1,401,0.0148966
262.531,1,400.5,0.0155158
263.397,1,400,0.0158888
264.263,1,399.5,0.0162146
265.13,1,399,0.0164801
265.996,1,398.5,0.0168204
266.862,1,398,0.0172247
267.728,1,397.5,0.0177212
268.594,1,397,0.0183072
269.46,1,396.5,0.0189616
270.326,1,396,0.0196626
271.192,1,395.5,0.0204045
272.058,1,395,0.0210768
272.924,1,394.5,0.0212841
273.79,1,394,0.0214612
274.656,1,393.5,0.0216094
275.522,1,393,0.0215817
276.388,1,392.5,0.0214877
277.254,1,392,0.0213579
278.12,1,391.5,0.0212795
278.986,1,391,0.0213094
279.852,1,390.5,0.0214536
280.718,1,390,0.0217821
281.584,1,389.5,0.0224351
282.45,1,389,0.0233658
283.316,1,388.5,0.0242152
284.182,1,388,0.0250605
285.048,1,387.5,0.0253302
285.914,1,387,0.025618
286.78,1,386.5,0.0259239
287.646,1,386,0.0265342
288.512,1,385.5,0.0273727
289.378,1,385,0.0281063
290.244,1,384.5,0.0288974
291.11,1,384,0.029746
291.976,1,383.5,0.0306521
292.842,1,383,0.0317649
293.708,1,382.5,0.033326
294.574,1,382,0.0350226
295.44,1,381.5,0.0368546
296.306,1,381,0.0388221
297.172,1,380.5,0.040925
298.038,1,380,0.0430364
298.905,1,379.5,0.0434522
299.771,1,379,0.043834
300.637,1,378.5,0.0441921
301.503,1,378,0.0445263
302.369,1,377.5,0.0448368
303.235,1,377,0.0451236
304.101,1,376.5,0.045171
304.967,1,376,0.045145
305.833,1,375.5,0.0451596
306.699,1,375,0.0452148
307.565,1,374.5,0.0451756
308.431,1,374,0.044709
309.297,1,373.5,0.0444308
310.163,1,373,0.0444679
311.029,1,372.5,0.0446124
311.895,1,372,0.0448644
312.761,1,371.5,0.045224
313.627,1,371,0.045691
314.493,1,370.5,0.0462481
315.359,1,370,0.046507
316.225,1,369.5,0.0467909
317.091,1,369,0.0470123
317.957,1,368.5,0.0469556
318.823,1,368,0.0467998
319.689,1,367.5,0.046545
320.555,1,367,0.0455326
321.421,1,366.5,0.0443548
322.287,1,366,0.0412745
323.153,1,365.5,0.039712
324.019,1,365,0.0383601
324.885,1,364.5,0.0378461
325.751,1,364,0.0372948
326.617,1,363.5,0.0367062
327.483,1,363,0.0364449
328.349,1,362.5,0.0363923
329.215,1,362,0.0367257
330.081,1,361.5,0.0371289
330.947,1,361,0.0373721
331.813,1,360.5,0.0378998
332.679,1,360,0.0377154
333.546,1,359.5,0.037554
334.412,1,359,0.0374156
335.278,1,358.5,0.0373002
336.144,1,358,0.0370744
337.01,1,357.5,0.0369595
337.876,1,357,0.036914
338.742,1,356.5,0.0368524
339.608,1,356,0.0367747
340.474,1,355.5,0.0366811
341.34,1,355,0.0352058
342.206,1,354.5,0.0342525
343.072,1,354,0.033323
343.938,1,353.5,0.0337004
344.804,1,353,0.0341198
345.67,1,352.5,0.0344992
346.536,1,352,0.0355071
347.402,1,351.5,0.0367575
348.268,1,351,0.0377475
349.134,1,350.5,0.0382467
350,1,350,0.0388266
350.866,1,349.5,0.0390636
351.732,1,349,0.0392227
352.598,1,348.5,0.039304
353.464,1,348,0.0392488
354.33,1,347.5,0.0392136
355.196,1,347,0.0397163
356.062,1,346.5,0.040598
356.928,1,346,0.0413887
357.794,1,345.5,0.0420886
358.66,1,345,0.0428617
359.526,1,344.5,0.0437515
360.392,1,344,0.04463
361.258,1,343.5,0.0454972
362.124,1,343,0.046353
362.99,1,342.5,0.0471975
363.856,1,342,0.0479496
364.722,1,341.5,0.0484026
365.588,1,341,0.0488454
366.454,1,340.5,0.0479878
367.321,1,340,0.0470724
368.187,1,339.5,0.0463003
369.053,1,339,0.0462047
369.919,1,338.5,0.0461923
370.785,1,338,0.0464007
371.651,1,337.5,0.0471154
372.517,1,337,0.0482488
373.383,1,336.5,0.0503852
374.249,1,336,0.0522018
375.115,1,335.5,0.0533109
375.981,1,335,0.0539159
376.847,1,334.5,0.0543155
377.713,1,334,0.0545801
378.579,1,333.5,0.054716
379.445,1,333,0.0548185
380.311,1,332.5,0.0554447
381.177,1,332,0.0557449
382.043,1,331.5,0.0560349
382.909,1,331,0.0561969
383.775,1,330.5,0.0562735
384.641,1,330,0.0563931
385.507,1,329.5,0.0566197
386.373,1,329,0.0567232
387.239,1,328.5,0.0572193
388.105,1,328,0.0585857
388.971,1,327.5,0.0601321
389.837,1,327,0.0622138
390.703,1,326.5,0.0666904
391.569,1,326,0.0717777
392.435,1,325.5,0.0766489
393.301,1,325,0.0784434
394.167,1,324.5,0.0797738
395.033,1,324,0.0806279
395.899,1,323.5,0.0802483
396.765,1,323,0.0797072
397.631,1,322.5,0.0790844
398.497,1,322,0.0784722
399.363,1,321.5,0.0778302
400.229,1,321,0.0775448
401.095,1,320.5,0.0780042
401.962,1,320,0.0786245
402.828,1,319.5,0.0791158
403.694,1,319,0.0798267
404.56,1,318.5,0.0808609
405.426,1,318,0.0817162
406.292,1,317.5,0.0826436
407.158,1,317,0.0837388
408.024,1,316.5,0.084763
408.89,1,316,0.0857361
409.756,1,315.5,0.0864103
410.622,1,315,0.0868887
411.488,1,314.5,0.0874047
412.354,1,314,0.0881676
413.22,1,313.5,0.0891761
414.086,1,313,0.0901874
414.952,1,312.5,0.090297
415.818,1,312,0.0906057
416.684,1,311.5,0.0910904
417.55,1,311,0.091654
418.416,1,310.5,0.0922883
419.282,1,310,0.0924094
420.148,1,309.5,0.0918069
421.014,1,309,0.0911465
421.88,1,308.5,0.0907587
422.746,1,308,0.0902014
423.612,1,307.5,0.0890572
424.478,1,307,0.0865564
425.344,1,306.5,0.0866764
426.21,1,306,0.0888425
427.076,1,305.5,0.0881966
427.942,1,305,0.0883825
428.808,1,304.5,0.0881268
429.674,1,304,0.0892262
430.54,1,303.5,0.0966455
431.406,1,303,0.0996164
432.272,1,302.5,0.102051
433.138,1,302,0.103792
434.004,1,301.5,0.105229
434.87,1,301,0.106383
435.737,1,300.5,0.107183
436.603,1,300,0.106961
437.469,1,299.5,0.105336
438.335,1,299,0.102727
439.201,1,298.5,0.100883
440.067,1,298,0.0997089
440.933,1,297.5,0.0989767
441.799,1,297,0.0985564
442.665,1,296.5,0.0963083
443.531,1,296,0.0919969
444.397,1,295.5,0.0885959
445.263,1,295,0.0863098
446.129,1,294.5,0.0846966
446.995,1,294,0.0837564
447.861,1,293.5,0.0835334
448.727,1,293,0.0839323
449.593,1,292.5,0.0849319
450.459,1,292,0.0867531
451.325,1,291.5,0.0888696
452.191,1,291,0.0911066
453.057,1,290.5,0.093307
453.923,1,290,0.0950853
454.789,1,289.5,0.0964925
455.655,1,289,0.0969455
456.521,1,288.5,0.0963159
457.387,1,288,0.0964377
458.253,1,287.5,0.0969187
459.119,1,287,0.0967046
459.985,1,286.5,0.0971741
460.851,1,286,0.0980008
461.717,1,285.5,0.096714
462.583,1,285,0.0947913
463.449,1,284.5,0.0948102
464.315,1,284,0.0979564
465.181,1,283.5,0.0990384
466.047,1,283,0.100166
466.913,1,282.5,0.0980356
467.779,1,282,0.096343
468.645,1,281.5,0.0932749
469.512,1,281,0.088872
470.378,1,280.5,0.0826499
471.244,1,280,0.0758383
472.11,1,279.5,0.0685343
472.976,1,279,0.0637747
473.842,1,278.5,0.0592082
474.708,1,278,0.0562665
475.574,1,277.5,0.0532826
476.44,1,277,0.0495866
477.306,1,276.5,0.0478591
478.172,1,276,0.0468732
479.038,1,275.5,0.0465646
479.904,1,275,0.0454497
480.77,1,274.5,0.0431561
481.636,1,274,0.0413687
482.502,1,273.5,0.0417579
483.368,1,273,0.0434145
484.234,1,272.5,0.0445229
485.1,1,272,0.0463433
485.966,1,271.5,0.0465495
486.832,1,271,0.046467
487.698,1,270.5,0.0459951
488.564,1,270,0.0454521
489.43,1,269.5,0.0446241
490.296,1,269,0.0434574
491.162,1,268.5,0.0423149
492.028,1,268,0.0427542
492.894,1,267.5,0.0428384
493.76,1,267,0.0417489
494.626,1,266.5,0.0402002
495.492,1,266,0.0388984
496.358,1,265.5,0.0376837
497.224,1,265,0.0372811
498.09,1,264.5,0.0369148
498.956,1,264,0.0365849
499.822,1,263.5,0.0374297
500.688,1,263,0.038959
501.554,1,262.5,0.0409086
502.42,1,262,0.0421252
503.286,1,261.5,0.0428261
504.153,1,261,0.0429907
505.019,1,260.5,0.0422322
505.885,1,260,0.041596
506.751,1,259.5,0.0411921
507.617,1,259,0.0405989
508.483,1,258.5,0.03932
509.349,1,258,0.0381201
510.215,1,257.5,0.0379507
511.081,1,257,0.0385524
511.947,1,256.5,0.0387002
512.813,1,256,0.0383533
513.679,1,255.5,0.0373149
514.545,1,255,0.0350011
515.411,1,254.5,0.032252
516.277,1,254,0.0306202
517.143,1,253.5,0.0298954
518.009,1,253,0.0296632
518.875,1,252.5,0.0296058
519.741,1,252,0.0293843
520.607,1,251.5,0.0289244
521.473,1,251,0.0284326
522.339,1,250.5,0.0278749
523.205,1,250,0.0275865
524.071,1,249.5,0.0275684
524.937,1,249,0.0273109
525.803,1,248.5,0.0271903
526.669,1,248,0.0272184
527.535,1,247.5,0.0273471
528.401,1,247,0.027457
529.267,1,246.5,0.0275529
530.133,1,246,0.0276523
530.999,1,245.5,0.0277162
531.865,1,245,0.027882
532.731,1,244.5,0.0286244
533.597,1,244,0.0302931
534.463,1,243.5,0.030261
535.329,1,243,0.0291843
536.195,1,242.5,0.0287887
537.061,1,242,0.0291064
537.928,1,241.5,0.0295282
538.794,1,241,0.0305381
539.66,1,240.5,0.0315023
540.526,1,240,0.0329255
541.392,1,239.5,0.0351455
542.258,1,239,0.0372212
543.124,1,238.5,0.0389773
543.99,1,238,0.0402004
544.856,1,237.5,0.0412215
545.722,1,237,0.04261
546.588,1,236.5,0.0439983
547.454,1,236,0.0451892
548.32,1,235.5,0.046306
549.186,1,235,0.0471487
550.052,1,234.5,0.047931
550.918,1,234,0.048653
551.784,1,233.5,0.0489259
552.65,1,233,0.0492316
553.516,1,232.5,0.0496337
554.382,1,232,0.0498143
555.248,1,231.5,0.049955
556.114,1,231,0.0501474
556.98,1,230.5,0.0502533
557.846,1,230,0.0499656
558.712,1,229.5,0.0498481
559.578,1,229,0.0496921
560.444,1,228.5,0.0494976
561.31,1,228,0.0478793
562.176,1,227.5,0.0459754
563.042,1,227,0.0439683
563.908,1,226.5,0.0414378
564.774,1,226,0.0390763
565.64,1,225.5,0.0369428
566.506,1,225,0.0354054
567.372,1,224.5,0.0343004
568.238,1,224,0.031306
569.104,1,223.5,0.0300329
569.97,1,223,0.0290386
570.836,1,222.5,0.0287089
571.703,1,222,0.0286032
572.569,1,221.5,0.0285084
573.435,1,221,0.0283743
574.301,1,220.5,0.0281994
575.167,1,220,0.0279943
576.033,1,219.5,0.0277887
576.899,1,219,0.0274663
577.765,1,218.5,0.0269575
578.631,1,218,0.0265238
579.497,1,217.5,0.0264341
580.363,1,217,0.0257553
581.229,1,216.5,0.0243674
582.095,1,216,0.0237142
582.961,1,215.5,0.023753
583.827,1,215,0.0241751
584.693,1,214.5,0.0244626
585.559,1,214,0.0245447
586.425,1,213.5,0.0255884
587.291,1,213,0.0275253
588.157,1,212.5,0.0282014
589.023,1,212,0.0288458
589.889,1,211.5,0.0288744
590.755,1,211,0.0286901
591.621,1,210.5,0.0284815
592.487,1,210,0.0282854
593.353,1,209.5,0.028227
594.219,1,209,0.0282683
595.085,1,208.5,0.0292133
595.951,1,208,0.0304657
596.817,1,207.5,0.0303895
597.683,1,207,0.0289274
598.549,1,206.5,0.0267035
599.415,1,206,0.0260965
600.281,1,205.5,0.0255556
601.147,1,205,0.0250298
602.013,1,204.5,0.024584
602.879,1,204,0.0242183
603.745,1,203.5,0.0245039
604.611,1,203,0.0248808
605.477,1,202.5,0.0252724
606.344,1,202,0.0254808
607.21,1,201.5,0.0256804
608.076,1,201,0.0259294
608.942,1,200.5,0.0259863
609.808,1,200,0.0260194
