x,y,z,b
90.1924,1,500,0.0141992
91.0584,1,499.5,0.014173
91.9244,1,499,0.0141582
92.7905,1,498.5,0.0141642
93.6565,1,498,0.0141723
94.5225,1,497.5,0.0141855
95.3885,1,497,0.0142121
96.2546,1,496.5,0.0142419
97.1206,1,496,0.0142716
97.9866,1,495.5,0.0143155
98.8526,1,495,0.0143574
99.7187,1,494.5,0.0143972
100.585,1,494,0.0144404
101.451,1,493.5,0.0144855
102.317,1,493,0.0145596
103.183,1,492.5,0.0146316
104.049,1,492,0.0147013
104.915,1,491.5,0.0147694
105.781,1,491,0.014815
106.647,1,490.5,0.0148191
107.513,1,490,0.0148198
108.379,1,489.5,0.0148242
109.245,1,489,0.0148246
110.111,1,488.5,0.0148302
110.977,1,488,0.0148342
111.843,1,487.5,0.0148098
112.709,1,487,0.0147799
113.575,1,486.5,0.0147427
114.441,1,486,0.0146814
115.307,1,485.5,0.014609
116.173,1,485,0.014569
117.039,1,484.5,0.0145343
117.905,1,484,0.0145101
118.771,1,483.5,0.0144974
119.637,1,483,0.0144877
120.503,1,482.5,0.0144396
121.369,1,482,0.0142465
122.235,1,481.5,0.0140508
123.101,1,481,0.0138544
123.967,1,480.5,0.0136562
124.833,1,480,0.013466
125.699,1,479.5,0.0134518
126.565,1,479,0.0134851
127.431,1,478.5,0.0135211
128.297,1,478,0.013561
129.164,1,477.5,0.0135902
130.03,1,477,0.0135699
130.896,1,476.5,0.0134647
131.762,1,476,0.0133744
132.628,1,475.5,0.0132992
133.494,1,475,0.0132589
134.36,1,474.5,0.0132496
135.226,1,474,0.0132787
136.092,1,473.5,0.0133007
136.958,1,473,0.0132786
137.824,1,472.5,0.0132073
138.69,1,472,0.0131117
139.556,1,471.5,0.013074
140.422,1,471,0.0132104
141.288,1,470.5,0.0133916
142.154,1,470,0.0136132
143.02,1,469.5,0.0138712
143.886,1,469,0.0141559
144.752,1,468.5,0.0140714
145.618,1,468,0.0139215
146.484,1,467.5,0.01375
147.35,1,467,0.0135678
148.216,1,466.5,0.0133839
149.082,1,466,0.0133872
149.948,1,465.5,0.0136723
150.814,1,465,0.0139518
151.68,1,464.5,0.0142258
152.546,1,464,0.0144571
153.412,1,463.5,0.0146476
154.278,1,463,0.0145011
155.144,1,462.5,0.0143755
156.01,1,462,0.0142989
156.876,1,461.5,0.0142734
157.742,1,461,0.0142633
158.608,1,460.5,0.0143046
159.474,1,460,0.0143772
160.34,1,459.5,0.014407
161.206,1,459,0.0144024
162.072,1,458.5,0.014391
162.939,1,458,0.0143682
163.805,1,457.5,0.0143477
164.671,1,457,0.0143385
165.537,1,456.5,0.0143382
166.403,1,456,0.0143332
167.269,1,455.5,0.0143423
168.135,1,455,0.0143321
169.001,1,454.5,0.0142699
169.867,1,454,0.0142045
170.733,1,453.5,0.0141367
171.599,1,453,0.0140383
172.465,1,452.5,0.0139284
173.331,1,452,0.0138182
174.197,1,451.5,0.0137089
175.063,1,451,0.0136169
175.929,1,450.5,0.0135438
176.795,1,450,0.0135163
177.661,1,449.5,0.0134562
178.527,1,449,0.013341
179.393,1,448.5,0.0132238
180.259,1,448,0.0131202
181.125,1,447.5,0.0130144
181.991,1,447,0.0129346
182.857,1,446.5,0.0130163
183.723,1,446,0.0130975
184.589,1,445.5,0.0131793
185.455,1,445,0.0133101
186.321,1,444.5,0.0134367
187.187,1,444,0.013517
188.053,1,443.5,0.013607
188.919,1,443,0.0137052
189.785,1,442.5,0.0138068
190.651,1,442,0.0139129
191.517,1,441.5,0.0140322
192.383,1,441,0.0141795
193.249,1,440.5,0.0143116
194.115,1,440,0.0144338
194.981,1,439.5,0.0145538
195.847,1,439,0.0146706
196.714,1,438.5,0.0147893
197.58,1,438,0.0149086
198.446,1,437.5,0.0150301
199.312,1,437,0.01516
200.178,1,436.5,0.0152867
201.044,1,436,0.0154261
201.91,1,435.5,0.0156109
202.776,1,435,0.0157936
203.642,1,434.5,0.015974
204.508,1,434,0.0160899
205.374,1,433.5,0.0161872
206.24,1,433,0.0162202
207.106,1,432.5,0.0162101
207.972,1,432,0.0161908
208.838,1,431.5,0.0161694
209.704,1,431,0.0161406
210.57,1,430.5,0.0161198
211.436,1,430,0.0161251
212.302,1,429.5,0.0161199
213.168,1,429,0.0161011
214.034,1,428.5,0.0160775
214.9,1,428,0.016043
215.766,1,427.5,0.0159358
216.632,1,427,0.0158165
217.498,1,426.5,0.0156926
218.364,1,426,0.0155574
219.23,1,425.5,0.0154201
220.096,1,425,0.0153115
220.962,1,424.5,0.0152448
221.828,1,424,0.0151738
222.694,1,423.5,0.0150986
223.56,1,423,0.015022
224.426,1,422.5,0.0149414
225.292,1,422,0.0148467
226.158,1,421.5,0.0147574
227.024,1,421,0.0146714
227.89,1,420.5,0.0145854
228.756,1,420,0.0145056
229.622,1,419.5,0.0144366
230.488,1,419,0.0143651
231.355,1,418.5,0.014286
232.221,1,418,0.0142009
233.087,1,417.5,0.0141037
233.953,1,417,0.0139947
234.819,1,416.5,0.0138833
235.685,1,416,0.0137595
236.551,1,415.5,0.0136235
237.417,1,415,0.0134828
238.283,1,414.5,0.0133339
239.149,1,414,0.0131876
240.015,1,413.5,0.0130769
240.881,1,413,0.0129722
241.747,1,412.5,0.0128699
242.613,1,412,0.0127965
243.479,1,411.5,0.012738
244.345,1,411,0.012705
245.211,1,410.5,0.0126807
246.077,1,410,0.0126646
246.943,1,409.5,0.0126537
247.809,1,409,0.0126481
248.675,1,408.5,0.012623
249.541,1,408,0.0125821
250.407,1,407.5,0.0125389
251.273,1,407,0.0124935
252.139,1,406.5,0.0124452
253.005,1,406,0.0123941
253.871,1,405.5,0.012343
254.737,1,405,0.0122901
255.603,1,404.5,0.0122352
256.469,1,404,0.0121828
257.335,1,403.5,0.01213
258.201,1,403,0.012073
259.067,1,402.5,0.0120126
259.933,1,402,0.0119498
260.799,1,401.5,0.0118844
261.665,1,401,0.0118226
262.531,1,400.5,0.0117651
263.397,1,400,0.0117153
264.263,1,399.5,0.0116706
265.13,1,399,0.0116352
265.996,1,398.5,0.0116003
266.862,1,398,0.0115718
267.728,1,397.5,0.0115623
268.594,1,397,0.0115626
269.46,1,396.5,0.0115786
270.326,1,396,0.0116496
271.192,1,395.5,0.0117421
272.058,1,395,0.0118544
272.924,1,394.5,0.011908
273.79,1,394,0.011962
274.656,1,393.5,0.0120172
275.522,1,393,0.0120125
276.388,1,392.5,0.0119969
277.254,1,392,0.0119756
278.12,1,391.5,0.0119025
278.986,1,391,0.0118239
279.852,1,390.5,0.0117683
280.718,1,390,0.0117675
281.584,1,389.5,0.0118304
282.45,1,389,0.0119324
283.316,1,388.5,0.0120934
284.182,1,388,0.0123407
285.048,1,387.5,0.0126068
285.914,1,387,0.0129
286.78,1,386.5,0.0132076
287.646,1,386,0.013502
288.512,1,385.5,0.0137842
289.378,1,385,0.013972
290.244,1,384.5,0.0141548
291.11,1,384,0.0143413
291.976,1,383.5,0.014511
292.842,1,383,0.0146778
293.708,1,382.5,0.0148466
294.574,1,382,0.0150268
295.44,1,381.5,0.0152015
296.306,1,381,0.0154162
297.172,1,380.5,0.0157024
298.038,1,380,0.0160188
298.905,1,379.5,0.0163087
299.771,1,379,0.0166619
300.637,1,378.5,0.0172302
301.503,1,378,0.0179005
302.369,1,377.5,0.0185313
303.235,1,377,0.0189115
304.101,1,376.5,0.0190186
304.967,1,376,0.0188748
305.833,1,375.5,0.0189601
306.699,1,375,0.0191082
307.565,1,374.5,0.0192321
308.431,1,374,0.0189957
309.297,1,373.5,0.0188865
310.163,1,373,0.018793
311.029,1,372.5,0.0187064
311.895,1,372,0.0191855
312.761,1,371.5,0.0196708
313.627,1,371,0.020036
314.493,1,370.5,0.0203018
315.359,1,370,0.0206215
316.225,1,369.5,0.0210827
317.091,1,369,0.0217163
317.957,1,368.5,0.0225093
318.823,1,368,0.0232484
319.689,1,367.5,0.0241086
320.555,1,367,0.0251966
321.421,1,366.5,0.0269193
322.287,1,366,0.0287169
323.153,1,365.5,0.031043
324.019,1,365,0.0336753
324.885,1,364.5,0.0354579
325.751,1,364,0.0369464
326.617,1,363.5,0.0381431
327.483,1,363,0.0385386
328.349,1,362.5,0.0388112
329.215,1,362,0.0384358
330.081,1,361.5,0.037508
330.947,1,361,0.0365742
331.813,1,360.5,0.0357033
332.679,1,360,0.0346111
333.546,1,359.5,0.0334308
334.412,1,359,0.0329995
335.278,1,358.5,0.0326403
336.144,1,358,0.0323079
337.01,1,357.5,0.031996
337.876,1,357,0.0318991
338.742,1,356.5,0.0325636
339.608,1,356,0.0333825
340.474,1,355.5,0.0343861
341.34,1,355,0.0357674
342.206,1,354.5,0.0373181
343.072,1,354,0.0389113
343.938,1,353.5,0.0390985
344.804,1,353,0.0392255
345.67,1,352.5,0.0394105
346.536,1,352,0.0397102
347.402,1,351.5,0.0400402
348.268,1,351,0.0404377
349.134,1,350.5,0.0410736
350,1,350,0.0418005
350.866,1,349.5,0.0424778
351.732,1,349,0.043403
352.598,1,348.5,0.0448546
353.464,1,348,0.0461952
354.33,1,347.5,0.0469823
355.196,1,347,0.0473758
356.062,1,346.5,0.0476356
356.928,1,346,0.0477578
357.794,1,345.5,0.047729
358.66,1,345,0.0476545
359.526,1,344.5,0.047081
360.392,1,344,0.0468683
361.258,1,343.5,0.0465412
362.124,1,343,0.0460997
362.99,1,342.5,0.0455437
363.856,1,342,0.0449718
364.722,1,341.5,0.0455756
365.588,1,341,0.0466783
366.454,1,340.5,0.0476923
367.321,1,340,0.0486174
368.187,1,339.5,0.0494537
369.053,1,339,0.050035
369.919,1,338.5,0.0503187
370.785,1,338,0.0504642
371.651,1,337.5,0.0504277
372.517,1,337,0.0501601
373.383,1,336.5,0.0498516
374.249,1,336,0.0495806
375.115,1,335.5,0.0492815
375.981,1,335,0.0489605
376.847,1,334.5,0.0497931
377.713,1,334,0.0511697
378.579,1,333.5,0.0504934
379.445,1,333,0.0498668
380.311,1,332.5,0.0491207
381.177,1,332,0.0483991
382.043,1,331.5,0.047691
382.909,1,331,0.0470833
383.775,1,330.5,0.0465992
384.641,1,330,0.0465163
385.507,1,329.5,0.0467835
386.373,1,329,0.0473931
387.239,1,328.5,0.0485539
388.105,1,328,0.0504121
388.971,1,327.5,0.0520529
389.837,1,327,0.0533859
390.703,1,326.5,0.0547207
391.569,1,326,0.0563424
392.435,1,325.5,0.0578594
393.301,1,325,0.0585479
394.167,1,324.5,0.0590595
395.033,1,324,0.0594225
395.899,1,323.5,0.0602156
396.765,1,323,0.0610939
397.631,1,322.5,0.0630213
398.497,1,322,0.0635013
399.363,1,321.5,0.0637163
400.229,1,321,0.0640831
401.095,1,320.5,0.0642928
401.962,1,320,0.0645829
402.828,1,319.5,0.064861
403.694,1,319,0.0652742
404.56,1,318.5,0.0659006
405.426,1,318,0.0660102
406.292,1,317.5,0.0658882
407.158,1,317,0.0655314
408.024,1,316.5,0.0651499
408.89,1,316,0.0647658
409.756,1,315.5,0.0644042
410.622,1,315,0.0639168
411.488,1,314.5,0.0633712
412.354,1,314,0.063108
413.22,1,313.5,0.062651
414.086,1,313,0.0620397
414.952,1,312.5,0.0625824
415.818,1,312,0.0659893
416.684,1,311.5,0.0633169
417.55,1,311,0.0631408
418.416,1,310.5,0.0628503
419.282,1,310,0.0633904
420.148,1,309.5,0.0647271
421.014,1,309,0.0661784
421.88,1,308.5,0.0664254
422.746,1,308,0.0673756
423.612,1,307.5,0.0700394
424.478,1,307,0.0730964
425.344,1,306.5,0.0748455
426.21,1,306,0.0761899
427.076,1,305.5,0.0775542
427.942,1,305,0.0789513
428.808,1,304.5,0.0810383
429.674,1,304,0.0824787
430.54,1,303.5,0.0832844
431.406,1,303,0.0843555
432.272,1,302.5,0.0900865
433.138,1,302,0.0910283
434.004,1,301.5,0.0919245
434.87,1,301,0.0927409
435.737,1,300.5,0.0902362
436.603,1,300,0.089781
437.469,1,299.5,0.0891954
438.335,1,299,0.0895815
439.201,1,298.5,0.0902829
440.067,1,298,0.0911543
440.933,1,297.5,0.0916162
441.799,1,297,0.0909042
442.665,1,296.5,0.0907312
443.531,1,296,0.0929474
444.397,1,295.5,0.0930259
445.263,1,295,0.0927394
446.129,1,294.5,0.0924406
446.995,1,294,0.0921293
447.861,1,293.5,0.0937731
448.727,1,293,0.0955923
449.593,1,292.5,0.0973857
450.459,1,292,0.0986897
451.325,1,291.5,0.100011
452.191,1,291,0.10122
453.057,1,290.5,0.101371
453.923,1,290,0.101065
454.789,1,289.5,0.1007
455.655,1,289,0.100146
456.521,1,288.5,0.0994339
457.387,1,288,0.098618
458.253,1,287.5,0.0979439
459.119,1,287,0.0974218
459.985,1,286.5,0.0972067
460.851,1,286,0.0972372
461.717,1,285.5,0.0970612
462.583,1,285,0.0969759
463.449,1,284.5,0.0970856
464.315,1,284,0.0961617
465.181,1,283.5,0.0950116
466.047,1,283,0.0934027
466.913,1,282.5,0.0915849
467.779,1,282,0.0899983
468.645,1,281.5,0.088729
469.512,1,281,0.087624
470.378,1,280.5,0.087433
471.244,1,280,0.0880253
472.11,1,279.5,0.0896138
472.976,1,279,0.0914232
473.842,1,278.5,0.0926737
474.708,1,278,0.0936508
475.574,1,277.5,0.0953056
476.44,1,277,0.0974345
477.306,1,276.5,0.0976281
478.172,1,276,0.0963914
479.038,1,275.5,0.0957712
479.904,1,275,0.0916294
480.77,1,274.5,0.0873374
481.636,1,274,0.0846194
482.502,1,273.5,0.0840049
483.368,1,273,0.0839008
484.234,1,272.5,0.083791
485.1,1,272,0.0834449
485.966,1,271.5,0.0825266
486.832,1,271,0.0792975
487.698,1,270.5,0.0745538
488.564,1,270,0.0694322
489.43,1,269.5,0.0668226
490.296,1,269,0.0645997
491.162,1,268.5,0.0637212
492.028,1,268,0.0626998
492.894,1,267.5,0.0609432
493.76,1,267,0.0605048
494.626,1,266.5,0.0602604
495.492,1,266,0.0602938
496.358,1,265.5,0.0590755
497.224,1,265,0.0577105
498.09,1,264.5,0.0575491
498.956,1,264,0.0570681
499.822,1,263.5,0.056363
500.688,1,263,0.0584546
501.554,1,262.5,0.0573721
502.42,1,262,0.0539706
503.286,1,261.5,0.0541952
504.153,1,261,0.0527108
505.019,1,260.5,0.050956
505.885,1,260,0.049105
506.751,1,259.5,0.0472677
507.617,1,259,0.0454607
508.483,1,258.5,0.0448802
509.349,1,258,0.044392
510.215,1,257.5,0.0433917
511.081,1,257,0.0422405
511.947,1,256.5,0.0413734
512.813,1,256,0.0412492
513.679,1,255.5,0.041751
514.545,1,255,0.0424323
515.411,1,254.5,0.0433674
516.277,1,254,0.0430941
517.143,1,253.5,0.0425987
518.009,1,253,0.0416805
518.875,1,252.5,0.0418925
519.741,1,252,0.0428568
520.607,1,251.5,0.0414295
521.473,1,251,0.0397303
522.339,1,250.5,0.0376841
523.205,1,250,0.0364521
524.071,1,249.5,0.0370712
524.937,1,249,0.0381469
525.803,1,248.5,0.0391516
526.669,1,248,0.0401021
527.535,1,247.5,0.0409855
528.401,1,247,0.0412201
529.267,1,246.5,0.0414414
530.133,1,246,0.0417991
530.999,1,245.5,0.042222
531.865,1,245,0.0427057
532.731,1,244.5,0.0430506
533.597,1,244,0.0433318
534.463,1,243.5,0.0436044
535.329,1,243,0.0435947
536.195,1,242.5,0.0433273
537.061,1,242,0.042765
537.928,1,241.5,0.0421568
538.794,1,241,0.041606
539.66,1,240.5,0.0416229
540.526,1,240,0.0415628
541.392,1,239.5,0.0414259
542.258,1,239,0.0395637
543.124,1,238.5,0.0379074
543.99,1,238,0.0356051
544.856,1,237.5,0.0332164
545.722,1,237,0.0309504
546.588,1,236.5,0.0294191
547.454,1,236,0.0282058
548.32,1,235.5,0.0273401
549.186,1,235,0.027213
550.052,1,234.5,0.0269872
550.918,1,234,0.0266628
551.784,1,233.5,0.026453
552.65,1,233,0.0263083
553.516,1,232.5,0.0260205
554.382,1,232,0.0257648
555.248,1,231.5,0.0254194
556.114,1,231,0.0249982
556.98,1,230.5,0.0250125
557.846,1,230,0.0248846
558.712,1,229.5,0.0245745
559.578,1,229,0.0242886
560.444,1,228.5,0.0241581
561.31,1,228,0.0243156
562.176,1,227.5,0.0246542
563.042,1,227,0.0250278
563.908,1,226.5,0.025293
564.774,1,226,0.0254405
565.64,1,225.5,0.0253822
566.506,1,225,0.0250772
567.372,1,224.5,0.0247338
568.238,1,224,0.0241301
569.104,1,223.5,0.0234392
569.97,1,223,0.0226635
570.836,1,222.5,0.02238
571.703,1,222,0.0221543
572.569,1,221.5,0.021853
573.435,1,221,0.0218227
574.301,1,220.5,0.0219187
575.167,1,220,0.0219974
576.033,1,219.5,0.0222011
576.899,1,219,0.0224633
577.765,1,218.5,0.0226754
578.631,1,218,0.0228586
579.497,1,217.5,0.0230148
580.363,1,217,0.0231684
581.229,1,216.5,0.0232849
582.095,1,216,0.0234027
582.961,1,215.5,0.0234276
583.827,1,215,0.0233712
584.693,1,214.5,0.0235485
585.559,1,214,0.0237667
586.425,1,213.5,0.0238912
587.291,1,213,0.0241591
588.157,1,212.5,0.024443
589.023,1,212,0.0247175
589.889,1,211.5,0.0249956
590.755,1,211,0.0252702
591.621,1,210.5,0.0255486
592.487,1,210,0.0256237
593.353,1,209.5,0.025595
594.219,1,209,0.0255876
595.085,1,208.5,0.0254372
595.951,1,208,0.0251808
596.817,1,207.5,0.0249529
597.683,1,207,0.0247211
598.549,1,206.5,0.0244474
599.415,1,206,0.0241689
600.281,1,205.5,0.0238661
601.147,1,205,0.0235232
602.013,1,204.5,0.0232245
602.879,1,204,0.02297
603.745,1,203.5,0.0228405
604.611,1,203,0.0228039
605.477,1,202.5,0.0228416
606.344,1,202,0.0230463
607.21,1,201.5,0.0233311
608.076,1,201,0.0236685
608.942,1,200.5,0.0240244
609.808,1,200,0.024399
