x,y,z,b
90.1924,1,500,0.0132681
91.0584,1,499.5,0.0132018
91.9244,1,499,0.0131385
92.7905,1,498.5,0.0130994
93.6565,1,498,0.0130548
94.5225,1,497.5,0.0130147
95.3885,1,497,0.0130015
96.2546,1,496.5,0.0129766
97.1206,1,496,0.0129682
97.9866,1,495.5,0.0130137
98.8526,1,495,0.01306
99.7187,1,494.5,0.013107
100.585,1,494,0.0131697
101.451,1,493.5,0.0132242
102.317,1,493,0.0131956
103.183,1,492.5,0.0131809
104.049,1,492,0.013175
104.915,1,491.5,0.0131733
105.781,1,491,0.0131934
106.647,1,490.5,0.0132833
107.513,1,490,0.0133818
108.379,1,489.5,0.0134587
109.245,1,489,0.0135087
110.111,1,488.5,0.0135271
110.977,1,488,0.0135235
111.843,1,487.5,0.0135718
112.709,1,487,0.0136467
113.575,1,486.5,0.0137484
114.441,1,486,0.0138766
115.307,1,485.5,0.0140311
116.173,1,485,0.0140401
117.039,1,484.5,0.0139643
117.905,1,484,0.013873
118.771,1,483.5,0.0137665
119.637,1,483,0.0136452
120.503,1,482.5,0.0135946
121.369,1,482,0.0138143
122.235,1,481.5,0.0140278
123.101,1,481,0.0142188
123.967,1,480.5,0.0143887
124.833,1,480,0.0145301
125.699,1,479.5,0.0144337
126.565,1,479,0.0143046
127.431,1,478.5,0.0142106
128.297,1,478,0.01416
129.164,1,477.5,0.014161
130.03,1,477,0.0142351
130.896,1,476.5,0.014346
131.762,1,476,0.0144017
132.628,1,475.5,0.0144019
133.494,1,475,0.0143208
134.36,1,474.5,0.0141797
135.226,1,474,0.0142122
136.092,1,473.5,0.0143326
136.958,1,473,0.0145133
137.824,1,472.5,0.0147567
138.69,1,472,0.0150447
139.556,1,471.5,0.0151627
140.422,1,471,0.014865
141.288,1,470.5,0.0145071
142.154,1,470,0.0141299
143.02,1,469.5,0.0137391
143.886,1,469,0.013351
144.752,1,468.5,0.0137092
145.618,1,468,0.0141467
146.484,1,467.5,0.014575
147.35,1,467,0.0149835
148.216,1,466.5,0.0153613
149.082,1,466,0.0154068
149.948,1,465.5,0.0150283
150.814,1,465,0.0146935
151.68,1,464.5,0.0144025
152.546,1,464,0.0141746
153.412,1,463.5,0.0140194
154.278,1,463,0.0142912
155.144,1,462.5,0.0145264
156.01,1,462,0.0146971
156.876,1,461.5,0.0148033
157.742,1,461,0.0148357
158.608,1,460.5,0.0147218
159.474,1,460,0.0145498
160.34,1,459.5,0.0144292
161.206,1,459,0.0143608
162.072,1,458.5,0.0143443
162.939,1,458,0.0143814
163.805,1,457.5,0.0143479
164.671,1,457,0.01426
165.537,1,456.5,0.0141183
166.403,1,456,0.0139338
167.269,1,455.5,0.0137077
168.135,1,455,0.0135998
169.001,1,454.5,0.0136625
169.867,1,454,0.0137501
170.733,1,453.5,0.0138615
171.599,1,453,0.0139963
172.465,1,452.5,0.0141188
173.331,1,452,0.0139501
174.197,1,451.5,0.0137706
175.063,1,451,0.0135856
175.929,1,450.5,0.013395
176.795,1,450,0.0132025
177.661,1,449.5,0.0131956
178.527,1,449,0.013309
179.393,1,448.5,0.013427
180.259,1,448,0.0135462
181.125,1,447.5,0.0136624
181.991,1,447,0.0137449
182.857,1,446.5,0.0136417
183.723,1,446,0.0135379
184.589,1,445.5,0.0134333
185.455,1,445,0.0133344
186.321,1,444.5,0.0132407
187.187,1,444,0.0132237
188.053,1,443.5,0.0132407
188.919,1,443,0.0132503
189.785,1,442.5,0.0132518
190.651,1,442,0.0132458
191.517,1,441.5,0.0132267
192.383,1,441,0.0131831
193.249,1,440.5,0.0131443
194.115,1,440,0.0131153
194.981,1,439.5,0.0130977
195.847,1,439,0.0130941
196.714,1,438.5,0.0130849
197.58,1,438,0.0130641
198.446,1,437.5,0.0130361
199.312,1,437,0.0129995
200.178,1,436.5,0.0129605
201.044,1,436,0.0129331
201.91,1,435.5,0.0129419
202.776,1,435,0.0129559
203.642,1,434.5,0.0129751
204.508,1,434,0.0129864
205.374,1,433.5,0.0130011
206.24,1,433,0.0129742
207.106,1,432.5,0.0129478
207.972,1,432,0.0129431
208.838,1,431.5,0.012961
209.704,1,431,0.013022
210.57,1,430.5,0.013112
211.436,1,430,0.0131936
212.302,1,429.5,0.0132937
213.168,1,429,0.0134206
214.034,1,428.5,0.0135524
214.9,1,428,0.0136989
215.766,1,427.5,0.0140025
216.632,1,427,0.0143252
217.498,1,426.5,0.014645
218.364,1,426,0.0149533
219.23,1,425.5,0.0152474
220.096,1,425,0.0154452
220.962,1,424.5,0.0154962
221.828,1,424,0.0155614
222.694,1,423.5,0.0156414
223.56,1,423,0.0157196
224.426,1,422.5,0.0158145
225.292,1,422,0.0159845
226.158,1,421.5,0.0161052
227.024,1,421,0.0161722
227.89,1,420.5,0.0161897
228.756,1,420,0.0161498
229.622,1,419.5,0.0161042
230.488,1,419,0.0161308
231.355,1,418.5,0.0161813
232.221,1,418,0.0162281
233.087,1,417.5,0.0162877
233.953,1,417,0.016357
234.819,1,416.5,0.016207
235.685,1,416,0.0160476
236.551,1,415.5,0.0158819
237.417,1,415,0.0157028
238.283,1,414.5,0.0155247
239.149,1,414,0.0154547
240.015,1,413.5,0.0154723
240.881,1,413,0.0154783
241.747,1,412.5,0.0154738
242.613,1,412,0.0154485
243.479,1,411.5,0.0154016
244.345,1,411,0.0152638
245.211,1,410.5,0.0151372
246.077,1,410,0.0150213
246.943,1,409.5,0.0149166
247.809,1,409,0.0148233
248.675,1,408.5,0.0147652
249.541,1,408,0.0147205
250.407,1,407.5,0.0146673
251.273,1,407,0.0146068
252.139,1,406.5,0.0145409
253.005,1,406,0.01447
253.871,1,405.5,0.0143995
254.737,1,405,0.0143329
255.603,1,404.5,0.0142702
256.469,1,404,0.0142104
257.335,1,403.5,0.0141482
258.201,1,403,0.0140717
259.067,1,402.5,0.0139782
259.933,1,402,0.0138761
260.799,1,401.5,0.0137667
261.665,1,401,0.0136473
262.531,1,400.5,0.0135214
263.397,1,400,0.0133843
264.263,1,399.5,0.0132351
265.13,1,399,0.0130751
265.996,1,398.5,0.0129056
266.862,1,398,0.0127311
267.728,1,397.5,0.0125207
268.594,1,397,0.0123038
269.46,1,396.5,0.0121036
270.326,1,396,0.0119333
271.192,1,395.5,0.0117654
272.058,1,395,0.011598
272.924,1,394.5,0.0113564
273.79,1,394,0.0111029
274.656,1,393.5,0.0108386
275.522,1,393,0.0105741
276.388,1,392.5,0.0103194
277.254,1,392,0.0100869
278.12,1,391.5,0.0099642
278.986,1,391,0.00991291
279.852,1,390.5,0.00988541
280.718,1,390,0.0098974
281.584,1,389.5,0.00994758
282.45,1,389,0.0100228
283.316,1,388.5,0.0100251
284.182,1,388,0.00991042
285.048,1,387.5,0.00982435
285.914,1,387,0.00993581
286.78,1,386.5,0.0115434
287.646,1,386,0.0119765
288.512,1,385.5,0.0155696
289.378,1,385,0.0218566
290.244,1,384.5,0.0288301
291.11,1,384,0.0360473
291.976,1,383.5,0.0400244
292.842,1,383,0.0443898
293.708,1,382.5,0.0522325
294.574,1,382,0.064045
295.44,1,381.5,0.0681058
296.306,1,381,0.0715678
297.172,1,380.5,0.0727914
298.038,1,380,0.073502
298.905,1,379.5,0.0742851
299.771,1,379,0.0749286
300.637,1,378.5,0.0767446
301.503,1,378,0.0790223
302.369,1,377.5,0.0788915
303.235,1,377,0.0793256
304.101,1,376.5,0.079456
304.967,1,376,0.0781797
305.833,1,375.5,0.0770002
306.699,1,375,0.0748313
307.565,1,374.5,0.0712099
308.431,1,374,0.0666593
309.297,1,373.5,0.0618874
310.163,1,373,0.0566557
311.029,1,372.5,0.0522305
311.895,1,372,0.060376
312.761,1,371.5,0.0560204
313.627,1,371,0.0612898
314.493,1,370.5,0.0664301
315.359,1,370,0.0729225
316.225,1,369.5,0.0757237
317.091,1,369,0.0793008
317.957,1,368.5,0.0808432
318.823,1,368,0.080808
319.689,1,367.5,0.0811888
320.555,1,367,0.0814602
321.421,1,366.5,0.0826757
322.287,1,366,0.0840755
323.153,1,365.5,0.0855708
324.019,1,365,0.0877592
324.885,1,364.5,0.0901428
325.751,1,364,0.0927799
326.617,1,363.5,0.0948501
327.483,1,363,0.0963576
328.349,1,362.5,0.0976458
329.215,1,362,0.0997545
330.081,1,361.5,0.102096
330.947,1,361,0.103782
331.813,1,360.5,0.105193
332.679,1,360,0.105819
333.546,1,359.5,0.105144
334.412,1,359,0.103454
335.278,1,358.5,0.098583
336.144,1,358,0.0912172
337.01,1,357.5,0.0805665
337.876,1,357,0.0674152
338.742,1,356.5,0.0575375
339.608,1,356,0.0517912
340.474,1,355.5,0.0480628
341.34,1,355,0.0451051
342.206,1,354.5,0.0417906
343.072,1,354,0.0392542
343.938,1,353.5,0.0376788
344.804,1,353,0.0341175
345.67,1,352.5,0.029313
346.536,1,352,0.0247904
347.402,1,351.5,0.0215643
348.268,1,351,0.0198276
349.134,1,350.5,0.0201602
350,1,350,0.0220512
350.866,1,349.5,0.0235054
351.732,1,349,0.0248326
352.598,1,348.5,0.0262058
353.464,1,348,0.0271048
354.33,1,347.5,0.0278408
355.196,1,347,0.0286059
356.062,1,346.5,0.0295159
356.928,1,346,0.0304997
357.794,1,345.5,0.0305922
358.66,1,345,0.0308095
359.526,1,344.5,0.0308587
360.392,1,344,0.0305717
361.258,1,343.5,0.030916
362.124,1,343,0.0314074
362.99,1,342.5,0.0317972
363.856,1,342,0.0323758
364.722,1,341.5,0.0329546
365.588,1,341,0.0336136
366.454,1,340.5,0.0344176
367.321,1,340,0.0350169
368.187,1,339.5,0.035237
369.053,1,339,0.0351961
369.919,1,338.5,0.0350644
370.785,1,338,0.0352069
371.651,1,337.5,0.0353084
372.517,1,337,0.0353617
373.383,1,336.5,0.0362645
374.249,1,336,0.0369265
375.115,1,335.5,0.0377828
375.981,1,335,0.0391144
376.847,1,334.5,0.0401401
377.713,1,334,0.0411045
378.579,1,333.5,0.0419504
379.445,1,333,0.0427446
380.311,1,332.5,0.043578
381.177,1,332,0.0444735
382.043,1,331.5,0.0454464
382.909,1,331,0.0462472
383.775,1,330.5,0.046909
384.641,1,330,0.0471645
385.507,1,329.5,0.0468573
386.373,1,329,0.0462781
387.239,1,328.5,0.0450947
388.105,1,328,0.0439767
388.971,1,327.5,0.0432997
389.837,1,327,0.0434421
390.703,1,326.5,0.0442313
391.569,1,326,0.0454533
392.435,1,325.5,0.0462598
393.301,1,325,0.0471033
394.167,1,324.5,0.0479624
395.033,1,324,0.0484621
395.899,1,323.5,0.0487855
396.765,1,323,0.0486445
397.631,1,322.5,0.0484216
398.497,1,322,0.04827
399.363,1,321.5,0.0479435
400.229,1,321,0.0478067
401.095,1,320.5,0.0479177
401.962,1,320,0.0483471
402.828,1,319.5,0.0488836
403.694,1,319,0.0494525
404.56,1,318.5,0.0503168
405.426,1,318,0.0507391
406.292,1,317.5,0.0510241
407.158,1,317,0.0508518
408.024,1,316.5,0.0506088
408.89,1,316,0.0504198
409.756,1,315.5,0.0504566
410.622,1,315,0.0506619
411.488,1,314.5,0.0509278
412.354,1,314,0.0514776
413.22,1,313.5,0.0520168
414.086,1,313,0.0525582
414.952,1,312.5,0.0536916
415.818,1,312,0.0550642
416.684,1,311.5,0.0565805
417.55,1,311,0.057668
418.416,1,310.5,0.0582294
419.282,1,310,0.0579642
420.148,1,309.5,0.0571592
421.014,1,309,0.0561552
421.88,1,308.5,0.0552024
422.746,1,308,0.0543287
423.612,1,307.5,0.0535934
424.478,1,307,0.0529701
425.344,1,306.5,0.0522747
426.21,1,306,0.0519179
427.076,1,305.5,0.0514511
427.942,1,305,0.051002
428.808,1,304.5,0.0508596
429.674,1,304,0.0514626
430.54,1,303.5,0.0523909
431.406,1,303,0.0531594
432.272,1,302.5,0.0540052
433.138,1,302,0.0550001
434.004,1,301.5,0.0559244
434.87,1,301,0.0568112
435.737,1,300.5,0.0579553
436.603,1,300,0.0586063
437.469,1,299.5,0.05902
438.335,1,299,0.0595039
439.201,1,298.5,0.0597138
440.067,1,298,0.0595809
440.933,1,297.5,0.0595999
441.799,1,297,0.059399
442.665,1,296.5,0.0589577
443.531,1,296,0.0583689
444.397,1,295.5,0.0587043
445.263,1,295,0.058994
446.129,1,294.5,0.0585695
446.995,1,294,0.0580848
447.861,1,293.5,0.0588305
448.727,1,293,0.0598048
449.593,1,292.5,0.0608633
450.459,1,292,0.062362
451.325,1,291.5,0.0641622
452.191,1,291,0.0650235
453.057,1,290.5,0.0642645
453.923,1,290,0.0636556
454.789,1,289.5,0.0633322
455.655,1,289,0.0631856
456.521,1,288.5,0.0631925
457.387,1,288,0.063618
458.253,1,287.5,0.0640345
459.119,1,287,0.0643309
459.985,1,286.5,0.0644974
460.851,1,286,0.0645411
461.717,1,285.5,0.0643776
462.583,1,285,0.0638979
463.449,1,284.5,0.0632724
464.315,1,284,0.0616442
465.181,1,283.5,0.0604956
466.047,1,283,0.0591701
466.913,1,282.5,0.057668
467.779,1,282,0.0561507
468.645,1,281.5,0.0553424
469.512,1,281,0.0551955
470.378,1,280.5,0.0546375
471.244,1,280,0.053183
472.11,1,279.5,0.0515355
472.976,1,279,0.0501758
473.842,1,278.5,0.0490754
474.708,1,278,0.0482449
475.574,1,277.5,0.0476853
476.44,1,277,0.0477114
477.306,1,276.5,0.0477913
478.172,1,276,0.0479327
479.038,1,275.5,0.0482023
479.904,1,275,0.0486024
480.77,1,274.5,0.0494071
481.636,1,274,0.0503158
482.502,1,273.5,0.0511757
483.368,1,273,0.0521897
484.234,1,272.5,0.053264
485.1,1,272,0.0543789
485.966,1,271.5,0.0553456
486.832,1,271,0.056302
487.698,1,270.5,0.0573347
488.564,1,270,0.0585438
489.43,1,269.5,0.0597037
490.296,1,269,0.0611519
491.162,1,268.5,0.0631463
492.028,1,268,0.0656266
492.894,1,267.5,0.0678277
493.76,1,267,0.0700292
494.626,1,266.5,0.0730284
495.492,1,266,0.0750782
496.358,1,265.5,0.0766098
497.224,1,265,0.0776283
498.09,1,264.5,0.0794427
498.956,1,264,0.0820531
499.822,1,263.5,0.0810505
500.688,1,263,0.0808076
501.554,1,262.5,0.0803825
502.42,1,262,0.0798428
503.286,1,261.5,0.0805156
504.153,1,261,0.0814894
505.019,1,260.5,0.0811141
505.885,1,260,0.0806551
506.751,1,259.5,0.0806397
507.617,1,259,0.0808668
508.483,1,258.5,0.0811724
509.349,1,258,0.0812626
510.215,1,257.5,0.0810206
511.081,1,257,0.0785677
511.947,1,256.5,0.078701
512.813,1,256,0.078869
513.679,1,255.5,0.0790419
514.545,1,255,0.0791819
515.411,1,254.5,0.0787665
516.277,1,254,0.0782231
517.143,1,253.5,0.0778022
518.009,1,253,0.0775068
518.875,1,252.5,0.071831
519.741,1,252,0.0651165
520.607,1,251.5,0.0586777
521.473,1,251,0.0531915
522.339,1,250.5,0.0442659
523.205,1,250,0.0357813
524.071,1,249.5,0.0295962
524.937,1,249,0.0296651
525.803,1,248.5,0.0298915
526.669,1,248,0.0309256
527.535,1,247.5,0.0320713
528.401,1,247,0.0328821
529.267,1,246.5,0.0343027
530.133,1,246,0.0363196
530.999,1,245.5,0.0389849
531.865,1,245,0.0408853
532.731,1,244.5,0.0425911
533.597,1,244,0.0442859
534.463,1,243.5,0.0456212
535.329,1,243,0.0463663
536.195,1,242.5,0.0456088
537.061,1,242,0.0443973
537.928,1,241.5,0.0425038
538.794,1,241,0.0395545
539.66,1,240.5,0.0364664
540.526,1,240,0.0339096
541.392,1,239.5,0.0337908
542.258,1,239,0.033805
543.124,1,238.5,0.0339315
543.99,1,238,0.0356756
544.856,1,237.5,0.0365469
545.722,1,237,0.0367112
546.588,1,236.5,0.0363595
547.454,1,236,0.0356901
548.32,1,235.5,0.0349288
549.186,1,235,0.0338897
550.052,1,234.5,0.0331269
550.918,1,234,0.0328496
551.784,1,233.5,0.0326827
552.65,1,233,0.032626
553.516,1,232.5,0.0326797
554.382,1,232,0.0328949
555.248,1,231.5,0.0329218
556.114,1,231,0.0328856
556.98,1,230.5,0.032855
557.846,1,230,0.0315372
558.712,1,229.5,0.0328108
559.578,1,229,0.0327971
560.444,1,228.5,0.0327891
561.31,1,228,0.0323943
562.176,1,227.5,0.0318566
563.042,1,227,0.0312226
563.908,1,226.5,0.0311782
564.774,1,226,0.0312947
565.64,1,225.5,0.0315106
566.506,1,225,0.0320036
567.372,1,224.5,0.0326645
568.238,1,224,0.0333387
569.104,1,223.5,0.0340261
569.97,1,223,0.0347266
570.836,1,222.5,0.0354405
571.703,1,222,0.0360609
572.569,1,221.5,0.0363144
573.435,1,221,0.0364926
574.301,1,220.5,0.0334002
575.167,1,220,0.0311635
576.033,1,219.5,0.0297824
576.899,1,219,0.0293888
577.765,1,218.5,0.0292474
578.631,1,218,0.028904
579.497,1,217.5,0.0273327
580.363,1,217,0.0258157
581.229,1,216.5,0.0252114
582.095,1,216,0.0259462
582.961,1,215.5,0.0238241
583.827,1,215,0.0236795
584.693,1,214.5,0.0243233
585.559,1,214,0.0243329
586.425,1,213.5,0.0244998
587.291,1,213,0.024849
588.157,1,212.5,0.0242671
589.023,1,212,0.0245759
589.889,1,211.5,0.0252855
590.755,1,211,0.0252908
591.621,1,210.5,0.0255779
592.487,1,210,0.0256698
593.353,1,209.5,0.0258232
594.219,1,209,0.0259756
595.085,1,208.5,0.0260948
595.951,1,208,0.0261735
596.817,1,207.5,0.0262565
597.683,1,207,0.0263462
598.549,1,206.5,0.0264071
599.415,1,206,0.0262668
600.281,1,205.5,0.0260859
601.147,1,205,0.0259055
602.013,1,204.5,0.0257161
602.879,1,204,0.0255176
603.745,1,203.5,0.0252017
604.611,1,203,0.0248973
605.477,1,202.5,0.0245941
606.344,1,202,0.0242165
607.21,1,201.5,0.0238394
608.076,1,201,0.0234861
608.942,1,200.5,0.0233252
609.808,1,200,0.0231962
