x,y,z,b
90.1924,1,500,0.0139479
91.0584,1,499.5,0.0139108
91.9244,1,499,0.0138596
92.7905,1,498.5,0.0137305
93.6565,1,498,0.0136073
94.5225,1,497.5,0.0134824
95.3885,1,497,0.0133382
96.2546,1,496.5,0.0132048
97.1206,1,496,0.0130901
97.9866,1,495.5,0.0129619
98.8526,1,495,0.0128325
99.7187,1,494.5,0.0127019
100.585,1,494,0.0125595
101.451,1,493.5,0.0124155
102.317,1,493,0.0122759
103.183,1,492.5,0.0122033
104.049,1,492,0.0121321
104.915,1,491.5,0.01204
105.781,1,491,0.0119689
106.647,1,490.5,0.0119893
107.513,1,490,0.0120621
108.379,1,489.5,0.0121619
109.245,1,489,0.0122908
110.111,1,488.5,0.0124298
110.977,1,488,0.0125497
111.843,1,487.5,0.0125139
112.709,1,487,0.0124653
113.575,1,486.5,0.0124061
114.441,1,486,0.0123593
115.307,1,485.5,0.0123167
116.173,1,485,0.0124662
117.039,1,484.5,0.0127203
117.905,1,484,0.012947
118.771,1,483.5,0.0131445
119.637,1,483,0.0133087
120.503,1,482.5,0.0133958
121.369,1,482,0.0133888
122.235,1,481.5,0.0134297
123.101,1,481,0.0135258
123.967,1,480.5,0.0136766
124.833,1,480,0.013881
125.699,1,479.5,0.0139628
126.565,1,479,0.0139497
127.431,1,478.5,0.0138845
128.297,1,478,0.013786
129.164,1,477.5,0.0136595
130.03,1,477,0.0136235
130.896,1,476.5,0.013886
131.762,1,476,0.014185
132.628,1,475.5,0.0145198
133.494,1,475,0.0148254
134.36,1,474.5,0.0151465
135.226,1,474,0.0150891
136.092,1,473.5,0.0148961
136.958,1,473,0.0146948
137.824,1,472.5,0.0144938
138.69,1,472,0.0142943
139.556,1,471.5,0.0142601
140.422,1,471,0.0144911
141.288,1,470.5,0.0147084
142.154,1,470,0.0148958
143.02,1,469.5,0.015047
143.886,1,469,0.015144
144.752,1,468.5,0.0150056
145.618,1,468,0.0149053
146.484,1,467.5,0.0148664
147.35,1,467,0.0148876
148.216,1,466.5,0.0149798
149.082,1,466,0.0150637
149.948,1,465.5,0.0150091
150.814,1,465,0.0149065
151.68,1,464.5,0.0147558
152.546,1,464,0.0145918
153.412,1,463.5,0.0144178
154.278,1,463,0.0145356
155.144,1,462.5,0.0146907
156.01,1,462,0.0148541
156.876,1,461.5,0.0150221
157.742,1,461,0.0151911
158.608,1,460.5,0.0152244
159.474,1,460,0.0151227
160.34,1,459.5,0.0150264
161.206,1,459,0.0149471
162.072,1,458.5,0.0148904
162.939,1,458,0.0148599
163.805,1,457.5,0.0149516
164.671,1,457,0.0150329
165.537,1,456.5,0.0151028
166.403,1,456,0.0151543
167.269,1,455.5,0.0151946
168.135,1,455,0.0152233
169.001,1,454.5,0.0152575
169.867,1,454,0.0153097
170.733,1,453.5,0.0153803
171.599,1,453,0.0154706
172.465,1,452.5,0.0155781
173.331,1,452,0.0156556
174.197,1,451.5,0.0157179
175.063,1,451,0.01577
175.929,1,450.5,0.0158147
176.795,1,450,0.0158497
177.661,1,449.5,0.0159262
178.527,1,449,0.0160293
179.393,1,448.5,0.0161245
180.259,1,448,0.0162072
181.125,1,447.5,0.0162845
181.991,1,447,0.0163475
182.857,1,446.5,0.0163576
183.723,1,446,0.0163674
184.589,1,445.5,0.0163767
185.455,1,445,0.016378
186.321,1,444.5,0.0163828
187.187,1,444,0.0164028
188.053,1,443.5,0.016421
188.919,1,443,0.0164344
189.785,1,442.5,0.0164432
190.651,1,442,0.0164494
191.517,1,441.5,0.0164486
192.383,1,441,0.016432
193.249,1,440.5,0.0164201
194.115,1,440,0.016411
194.981,1,439.5,0.0164008
195.847,1,439,0.0163914
196.714,1,438.5,0.0163501
197.58,1,438,0.0162927
198.446,1,437.5,0.0162303
199.312,1,437,0.0161627
200.178,1,436.5,0.0160949
201.044,1,436,0.0160324
201.91,1,435.5,0.0159803
202.776,1,435,0.0159224
203.642,1,434.5,0.0158589
204.508,1,434,0.015786
205.374,1,433.5,0.0157085
206.24,1,433,0.0155925
207.106,1,432.5,0.0154589
207.972,1,432,0.0153215
208.838,1,431.5,0.0151815
209.704,1,431,0.0150372
210.57,1,430.5,0.0148917
211.436,1,430,0.0147389
212.302,1,429.5,0.0145688
213.168,1,429,0.0143839
214.034,1,428.5,0.0141861
214.9,1,428,0.0139807
215.766,1,427.5,0.0138588
216.632,1,427,0.0137584
217.498,1,426.5,0.0136697
218.364,1,426,0.0135955
219.23,1,425.5,0.0135139
220.096,1,425,0.0134696
220.962,1,424.5,0.0135144
221.828,1,424,0.0135586
222.694,1,423.5,0.0136017
223.56,1,423,0.0136543
224.426,1,422.5,0.0136954
225.292,1,422,0.0137666
226.158,1,421.5,0.0138521
227.024,1,421,0.0139321
227.89,1,420.5,0.0139964
228.756,1,420,0.0140615
229.622,1,419.5,0.0140899
230.488,1,419,0.0140631
231.355,1,418.5,0.0140371
232.221,1,418,0.0140198
233.087,1,417.5,0.0139984
233.953,1,417,0.0139758
234.819,1,416.5,0.013976
235.685,1,416,0.0139632
236.551,1,415.5,0.0139374
237.417,1,415,0.0139127
238.283,1,414.5,0.0138664
239.149,1,414,0.0137937
240.015,1,413.5,0.0137256
240.881,1,413,0.0136511
241.747,1,412.5,0.0135673
242.613,1,412,0.0134926
243.479,1,411.5,0.0134116
244.345,1,411,0.0134423
245.211,1,410.5,0.0134853
246.077,1,410,0.0135301
246.943,1,409.5,0.0135622
247.809,1,409,0.0135929
248.675,1,408.5,0.0136768
249.541,1,408,0.0138308
250.407,1,407.5,0.0140323
251.273,1,407,0.0142934
252.139,1,406.5,0.0145882
253.005,1,406,0.0148965
253.871,1,405.5,0.0150238
254.737,1,405,0.01514
255.603,1,404.5,0.0152452
256.469,1,404,0.0153101
257.335,1,403.5,0.0153654
258.201,1,403,0.0154496
259.067,1,402.5,0.0155013
259.933,1,402,0.0155281
260.799,1,401.5,0.015543
261.665,1,401,0.0155187
262.531,1,400.5,0.0154718
263.397,1,400,0.0154355
264.263,1,399.5,0.0154441
265.13,1,399,0.0155474
265.996,1,398.5,0.0157421
266.862,1,398,0.0160256
267.728,1,397.5,0.0166496
268.594,1,397,0.0174623
269.46,1,396.5,0.0183245
270.326,1,396,0.0190354
271.192,1,395.5,0.0197445
272.058,1,395,0.020422
272.924,1,394.5,0.0208911
273.79,1,394,0.021383
274.656,1,393.5,0.0222197
275.522,1,393,0.0224919
276.388,1,392.5,0.022689
277.254,1,392,0.0227543
278.12,1,391.5,0.02282
278.986,1,391,0.0227301
279.852,1,390.5,0.0219478
280.718,1,390,0.0211866
281.584,1,389.5,0.0208976
282.45,1,389,0.0218123
283.316,1,388.5,0.0237368
284.182,1,388,0.0272896
285.048,1,387.5,0.0324694
285.914,1,387,0.0339338
286.78,1,386.5,0.0353792
287.646,1,386,0.0363365
288.512,1,385.5,0.0368065
289.378,1,385,0.0369371
290.244,1,384.5,0.0371472
291.11,1,384,0.0374366
291.976,1,383.5,0.0378056
292.842,1,383,0.0383701
293.708,1,382.5,0.0389842
294.574,1,382,0.0392266
295.44,1,381.5,0.0390974
296.306,1,381,0.0385964
297.172,1,380.5,0.0377238
298.038,1,380,0.0365295
298.905,1,379.5,0.0368391
299.771,1,379,0.0371816
300.637,1,378.5,0.0375434
301.503,1,378,0.0352236
302.369,1,377.5,0.0344315
303.235,1,377,0.0333737
304.101,1,376.5,0.0321076
304.967,1,376,0.0307094
305.833,1,375.5,0.0302835
306.699,1,375,0.0296706
307.565,1,374.5,0.0288479
308.431,1,374,0.0291416
309.297,1,373.5,0.0295145
310.163,1,373,0.0297183
311.029,1,372.5,0.0297844
311.895,1,372,0.0298337
312.761,1,371.5,0.0297788
313.627,1,371,0.0297204
314.493,1,370.5,0.0295721
315.359,1,370,0.0301694
316.225,1,369.5,0.0309054
317.091,1,369,0.0314952
317.957,1,368.5,0.0319467
318.823,1,368,0.0324077
319.689,1,367.5,0.0327259
320.555,1,367,0.0330314
321.421,1,366.5,0.0336642
322.287,1,366,0.0342563
323.153,1,365.5,0.0347679
324.019,1,365,0.0351038
324.885,1,364.5,0.0354412
325.751,1,364,0.0360691
326.617,1,363.5,0.0370505
327.483,1,363,0.0382829
328.349,1,362.5,0.0395702
329.215,1,362,0.0408198
330.081,1,361.5,0.042019
330.947,1,361,0.0434867
331.813,1,360.5,0.0448126
332.679,1,360,0.0458918
333.546,1,359.5,0.0476564
334.412,1,359,0.048801
335.278,1,358.5,0.0497368
336.144,1,358,0.0504888
337.01,1,357.5,0.0509999
337.876,1,357,0.0512611
338.742,1,356.5,0.0513799
339.608,1,356,0.0514582
340.474,1,355.5,0.0514675
341.34,1,355,0.0517157
342.206,1,354.5,0.0521762
343.072,1,354,0.0519581
343.938,1,353.5,0.0514924
344.804,1,353,0.0533643
345.67,1,352.5,0.0560127
346.536,1,352,0.0580206
347.402,1,351.5,0.060367
348.268,1,351,0.0631546
349.134,1,350.5,0.0649884
350,1,350,0.0658763
350.866,1,349.5,0.0662287
351.732,1,349,0.0663206
352.598,1,348.5,0.0667816
353.464,1,348,0.0673576
354.33,1,347.5,0.0673304
355.196,1,347,0.066949
356.062,1,346.5,0.0656933
356.928,1,346,0.0644312
357.794,1,345.5,0.0623341
358.66,1,345,0.0606832
359.526,1,344.5,0.0594797
360.392,1,344,0.0610199
361.258,1,343.5,0.0630127
362.124,1,343,0.0655237
362.99,1,342.5,0.0682723
363.856,1,342,0.0706746
364.722,1,341.5,0.0727832
365.588,1,341,0.0712292
366.454,1,340.5,0.0642342
367.321,1,340,0.0568237
368.187,1,339.5,0.0533891
369.053,1,339,0.0546646
369.919,1,338.5,0.0568652
370.785,1,338,0.0559887
371.651,1,337.5,0.0538135
372.517,1,337,0.0507109
373.383,1,336.5,0.0468394
374.249,1,336,0.0427804
375.115,1,335.5,0.0367899
375.981,1,335,0.0341496
376.847,1,334.5,0.033541
377.713,1,334,0.0366744
378.579,1,333.5,0.041438
379.445,1,333,0.0477114
380.311,1,332.5,0.05488
381.177,1,332,0.0582298
382.043,1,331.5,0.0582852
382.909,1,331,0.0550923
383.775,1,330.5,0.0535597
384.641,1,330,0.0512977
385.507,1,329.5,0.0490292
386.373,1,329,0.0468029
387.239,1,328.5,0.0445772
388.105,1,328,0.0446751
388.971,1,327.5,0.0451142
389.837,1,327,0.0436733
390.703,1,326.5,0.0429986
391.569,1,326,0.0428526
392.435,1,325.5,0.0425279
393.301,1,325,0.0424628
394.167,1,324.5,0.0424729
395.033,1,324,0.0425878
395.899,1,323.5,0.0436125
396.765,1,323,0.0448696
397.631,1,322.5,0.0463414
398.497,1,322,0.0481549
399.363,1,321.5,0.0499112
400.229,1,321,0.0508846
401.095,1,320.5,0.0513338
401.962,1,320,0.0517454
402.828,1,319.5,0.0521222
403.694,1,319,0.0523127
404.56,1,318.5,0.0521195
405.426,1,318,0.051222
406.292,1,317.5,0.0504074
407.158,1,317,0.049476
408.024,1,316.5,0.0490322
408.89,1,316,0.0484905
409.756,1,315.5,0.0479688
410.622,1,315,0.047467
411.488,1,314.5,0.0469851
412.354,1,314,0.0465261
413.22,1,313.5,0.0462888
414.086,1,313,0.0464226
414.952,1,312.5,0.046527
415.818,1,312,0.0445913
416.684,1,311.5,0.0440291
417.55,1,311,0.0434984
418.416,1,310.5,0.042892
419.282,1,310,0.0429012
420.148,1,309.5,0.0435845
421.014,1,309,0.0444301
421.88,1,308.5,0.0445663
422.746,1,308,0.0442799
423.612,1,307.5,0.0439852
424.478,1,307,0.0440556
425.344,1,306.5,0.0442565
426.21,1,306,0.0444659
427.076,1,305.5,0.0444445
427.942,1,305,0.0442059
428.808,1,304.5,0.0441539
429.674,1,304,0.0441116
430.54,1,303.5,0.0440533
431.406,1,303,0.043719
432.272,1,302.5,0.0433305
433.138,1,302,0.0427922
434.004,1,301.5,0.0418129
434.87,1,301,0.040978
435.737,1,300.5,0.0402439
436.603,1,300,0.0396964
437.469,1,299.5,0.0393936
438.335,1,299,0.0391287
439.201,1,298.5,0.0384412
440.067,1,298,0.0371012
440.933,1,297.5,0.0357123
441.799,1,297,0.0351093
442.665,1,296.5,0.0348762
443.531,1,296,0.0347226
444.397,1,295.5,0.0344453
445.263,1,295,0.033685
446.129,1,294.5,0.0330663
446.995,1,294,0.0325139
447.861,1,293.5,0.0339884
448.727,1,293,0.0358158
449.593,1,292.5,0.0377808
450.459,1,292,0.0397628
451.325,1,291.5,0.0415274
452.191,1,291,0.0428465
453.057,1,290.5,0.0437038
453.923,1,290,0.0444084
454.789,1,289.5,0.045023
455.655,1,289,0.0454849
456.521,1,288.5,0.0457836
457.387,1,288,0.0457613
458.253,1,287.5,0.0457993
459.119,1,287,0.0459802
459.985,1,286.5,0.046181
460.851,1,286,0.0463913
461.717,1,285.5,0.046403
462.583,1,285,0.0462299
463.449,1,284.5,0.0459855
464.315,1,284,0.0455569
465.181,1,283.5,0.04507
466.047,1,283,0.0445359
466.913,1,282.5,0.0442777
467.779,1,282,0.0439565
468.645,1,281.5,0.0436011
469.512,1,281,0.0430082
470.378,1,280.5,0.0422506
471.244,1,280,0.0413918
472.11,1,279.5,0.0403385
472.976,1,279,0.0391111
473.842,1,278.5,0.0378617
474.708,1,278,0.0366101
475.574,1,277.5,0.0354433
476.44,1,277,0.0345397
477.306,1,276.5,0.0338087
478.172,1,276,0.0335272
479.038,1,275.5,0.0332927
479.904,1,275,0.0331061
480.77,1,274.5,0.0331105
481.636,1,274,0.0331389
482.502,1,273.5,0.0330827
483.368,1,273,0.0328699
484.234,1,272.5,0.0325453
485.1,1,272,0.0321093
485.966,1,271.5,0.0317412
486.832,1,271,0.0314312
487.698,1,270.5,0.0311013
488.564,1,270,0.0309836
489.43,1,269.5,0.0310288
490.296,1,269,0.0310861
491.162,1,268.5,0.0313201
492.028,1,268,0.0317809
492.894,1,267.5,0.0322502
493.76,1,267,0.0327834
494.626,1,266.5,0.033356
495.492,1,266,0.0333482
496.358,1,265.5,0.0330243
497.224,1,265,0.0331449
498.09,1,264.5,0.0331082
498.956,1,264,0.0324961
499.822,1,263.5,0.0318913
500.688,1,263,0.031486
501.554,1,262.5,0.0311507
502.42,1,262,0.030886
503.286,1,261.5,0.0307902
504.153,1,261,0.0308328
505.019,1,260.5,0.0308877
505.885,1,260,0.0312
506.751,1,259.5,0.031519
507.617,1,259,0.0318485
508.483,1,258.5,0.0325922
509.349,1,258,0.0334649
510.215,1,257.5,0.0343904
511.081,1,257,0.0350828
511.947,1,256.5,0.0356032
512.813,1,256,0.0357812
513.679,1,255.5,0.0358013
514.545,1,255,0.0357263
515.411,1,254.5,0.0354929
516.277,1,254,0.035186
517.143,1,253.5,0.034877
518.009,1,253,0.0346767
518.875,1,252.5,0.0346004
519.741,1,252,0.0346963
520.607,1,251.5,0.0349782
521.473,1,251,0.0354402
522.339,1,250.5,0.0360243
523.205,1,250,0.036687
524.071,1,249.5,0.0375383
524.937,1,249,0.0388419
525.803,1,248.5,0.0404854
526.669,1,248,0.0419946
527.535,1,247.5,0.0437167
528.401,1,247,0.0451848
529.267,1,246.5,0.0466193
530.133,1,246,0.048341
530.999,1,245.5,0.0498151
531.865,1,245,0.0510112
532.731,1,244.5,0.0511002
533.597,1,244,0.050939
534.463,1,243.5,0.0505824
535.329,1,243,0.0492563
536.195,1,242.5,0.0478392
537.061,1,242,0.0464542
537.928,1,241.5,0.0452011
538.794,1,241,0.0442356
539.66,1,240.5,0.0436406
540.526,1,240,0.0449239
541.392,1,239.5,0.0484813
542.258,1,239,0.0536248
543.124,1,238.5,0.0548798
543.99,1,238,0.056351
544.856,1,237.5,0.0564066
545.722,1,237,0.0561268
546.588,1,236.5,0.055869
547.454,1,236,0.0556332
548.32,1,235.5,0.0554193
549.186,1,235,0.0552275
550.052,1,234.5,0.0548461
550.918,1,234,0.0542607
551.784,1,233.5,0.0536661
552.65,1,233,0.0530622
553.516,1,232.5,0.0524492
554.382,1,232,0.0515245
555.248,1,231.5,0.0503579
556.114,1,231,0.0483678
556.98,1,230.5,0.04642
557.846,1,230,0.0404119
558.712,1,229.5,0.0359071
559.578,1,229,0.0323623
560.444,1,228.5,0.0309271
561.31,1,228,0.0309786
562.176,1,227.5,0.0313991
563.042,1,227,0.0317906
563.908,1,226.5,0.0320747
564.774,1,226,0.032207
565.64,1,225.5,0.0319276
566.506,1,225,0.0311129
567.372,1,224.5,0.0300326
568.238,1,224,0.0291363
569.104,1,223.5,0.0283242
569.97,1,223,0.0275932
570.836,1,222.5,0.0272266
571.703,1,222,0.0269727
572.569,1,221.5,0.0267698
573.435,1,221,0.0267612
574.301,1,220.5,0.0268406
575.167,1,220,0.0269403
576.033,1,219.5,0.0270836
576.899,1,219,0.0272842
577.765,1,218.5,0.0274937
578.631,1,218,0.0273773
579.497,1,217.5,0.0266335
580.363,1,217,0.0258249
581.229,1,216.5,0.0247441
582.095,1,216,0.0230249
582.961,1,215.5,0.0215257
583.827,1,215,0.0202917
584.693,1,214.5,0.0204235
585.559,1,214,0.0210037
586.425,1,213.5,0.0215949
587.291,1,213,0.0222442
588.157,1,212.5,0.0228109
589.023,1,212,0.0232831
589.889,1,211.5,0.0235924
590.755,1,211,0.0238497
591.621,1,210.5,0.0240525
592.487,1,210,0.0243742
593.353,1,209.5,0.0248294
594.219,1,209,0.0252482
595.085,1,208.5,0.0253621
595.951,1,208,0.0251905
596.817,1,207.5,0.0250752
597.683,1,207,0.0250385
598.549,1,206.5,0.0250773
599.415,1,206,0.0250186
600.281,1,205.5,0.0249878
601.147,1,205,0.0244916
602.013,1,204.5,0.0240834
602.879,1,204,0.0237634
603.745,1,203.5,0.0236138
604.611,1,203,0.0236901
605.477,1,202.5,0.0237637
606.344,1,202,0.0237969
607.21,1,201.5,0.0235299
608.076,1,201,0.0229383
608.942,1,200.5,0.0229614
609.808,1,200,0.0229885
