x,y,z,b
90.1924,1,500,0.0137352
91.0584,1,499.5,0.0137156
91.9244,1,499,0.0136889
92.7905,1,498.5,0.0136476
93.6565,1,498,0.0136083
94.5225,1,497.5,0.0135683
95.3885,1,497,0.0135172
96.2546,1,496.5,0.0134639
97.1206,1,496,0.0134231
97.9866,1,495.5,0.0133887
98.8526,1,495,0.0133585
99.7187,1,494.5,0.0133325
100.585,1,494,0.0133115
101.451,1,493.5,0.0132845
102.317,1,493,0.0131651
103.183,1,492.5,0.0130519
104.049,1,492,0.0129437
104.915,1,491.5,0.012836
105.781,1,491,0.012767
106.647,1,490.5,0.0127999
107.513,1,490,0.012848
108.379,1,489.5,0.0128786
109.245,1,489,0.0128869
110.111,1,488.5,0.0128632
110.977,1,488,0.0128166
111.843,1,487.5,0.0128285
112.709,1,487,0.0128799
113.575,1,486.5,0.0129736
114.441,1,486,0.0131263
115.307,1,485.5,0.0133138
116.173,1,485,0.0133489
117.039,1,484.5,0.0132609
117.905,1,484,0.0131586
118.771,1,483.5,0.0130434
119.637,1,483,0.0129164
120.503,1,482.5,0.0128564
121.369,1,482,0.0130011
122.235,1,481.5,0.013148
123.101,1,481,0.0132863
123.967,1,480.5,0.0134113
124.833,1,480,0.0135196
125.699,1,479.5,0.0135076
126.565,1,479,0.0134875
127.431,1,478.5,0.013491
128.297,1,478,0.0135166
129.164,1,477.5,0.0135716
130.03,1,477,0.0136371
130.896,1,476.5,0.0136486
131.762,1,476,0.0136358
132.628,1,475.5,0.0135985
133.494,1,475,0.013534
134.36,1,474.5,0.0134504
135.226,1,474,0.0134756
136.092,1,473.5,0.0135561
136.958,1,473,0.0136617
137.824,1,472.5,0.0137913
138.69,1,472,0.013943
139.556,1,471.5,0.014034
140.422,1,471,0.013979
141.288,1,470.5,0.0139117
142.154,1,470,0.013833
143.02,1,469.5,0.0137408
143.886,1,469,0.0136307
144.752,1,468.5,0.0137423
145.618,1,468,0.0138984
146.484,1,467.5,0.0140643
147.35,1,467,0.0142154
148.216,1,466.5,0.0143689
149.082,1,466,0.0143975
149.948,1,465.5,0.0142469
150.814,1,465,0.0141055
151.68,1,464.5,0.0139733
152.546,1,464,0.0138321
153.412,1,463.5,0.0137009
154.278,1,463,0.0137426
155.144,1,462.5,0.0137737
156.01,1,462,0.013801
156.876,1,461.5,0.0138307
157.742,1,461,0.0138477
158.608,1,460.5,0.013799
159.474,1,460,0.0136885
160.34,1,459.5,0.0135722
161.206,1,459,0.0134448
162.072,1,458.5,0.0133208
162.939,1,458,0.0132036
163.805,1,457.5,0.0131533
164.671,1,457,0.0130956
165.537,1,456.5,0.0130345
166.403,1,456,0.0129831
167.269,1,455.5,0.0129028
168.135,1,455,0.0128185
169.001,1,454.5,0.0127929
169.867,1,454,0.0128143
170.733,1,453.5,0.0128822
171.599,1,453,0.0130252
172.465,1,452.5,0.0132168
173.331,1,452,0.0131603
174.197,1,451.5,0.0130793
175.063,1,451,0.0129774
175.929,1,450.5,0.0128504
176.795,1,450,0.0127261
177.661,1,449.5,0.0128851
178.527,1,449,0.0132098
179.393,1,448.5,0.0135422
180.259,1,448,0.0138754
181.125,1,447.5,0.0141853
181.991,1,447,0.0144413
182.857,1,446.5,0.0145132
183.723,1,446,0.014605
184.589,1,445.5,0.014716
185.455,1,445,0.0148218
186.321,1,444.5,0.0149545
187.187,1,444,0.0151327
188.053,1,443.5,0.0152688
188.919,1,443,0.0153643
189.785,1,442.5,0.0154242
190.651,1,442,0.0154337
191.517,1,441.5,0.0154178
192.383,1,441,0.0154496
193.249,1,440.5,0.0154986
194.115,1,440,0.015578
194.981,1,439.5,0.0156969
195.847,1,439,0.0158414
196.714,1,438.5,0.0157888
197.58,1,438,0.0156551
198.446,1,437.5,0.0155082
199.312,1,437,0.0153495
200.178,1,436.5,0.0151983
201.044,1,436,0.0151359
201.91,1,435.5,0.0153065
202.776,1,435,0.0154836
203.642,1,434.5,0.0156672
204.508,1,434,0.0158346
205.374,1,433.5,0.0159948
206.24,1,433,0.0159794
207.106,1,432.5,0.0159274
207.972,1,432,0.0158839
208.838,1,431.5,0.0158501
209.704,1,431,0.0158284
210.57,1,430.5,0.015823
211.436,1,430,0.0158226
212.302,1,429.5,0.0158177
213.168,1,429,0.0158092
214.034,1,428.5,0.0157875
214.9,1,428,0.0157587
215.766,1,427.5,0.0158061
216.632,1,427,0.0158679
217.498,1,426.5,0.0159303
218.364,1,426,0.0159707
219.23,1,425.5,0.0160003
220.096,1,425,0.0159776
220.962,1,424.5,0.0158706
221.828,1,424,0.015761
222.694,1,423.5,0.0156491
223.56,1,423,0.0155211
224.426,1,422.5,0.0153907
225.292,1,422,0.015365
226.158,1,421.5,0.0153285
227.024,1,421,0.0152812
227.89,1,420.5,0.0152317
228.756,1,420,0.0151526
229.622,1,419.5,0.0149795
230.488,1,419,0.0147549
231.355,1,418.5,0.0145431
232.221,1,418,0.0143468
233.087,1,417.5,0.014212
233.953,1,417,0.0141458
234.819,1,416.5,0.0140947
235.685,1,416,0.0139987
236.551,1,415.5,0.0138602
237.417,1,415,0.0137551
238.283,1,414.5,0.013639
239.149,1,414,0.0136184
240.015,1,413.5,0.0137246
240.881,1,413,0.0138292
241.747,1,412.5,0.0139272
242.613,1,412,0.0140283
243.479,1,411.5,0.0141172
244.345,1,411,0.0140435
245.211,1,410.5,0.0139682
246.077,1,410,0.0138896
246.943,1,409.5,0.0138061
247.809,1,409,0.0137123
248.675,1,408.5,0.0137064
249.541,1,408,0.0137804
250.407,1,407.5,0.0138566
251.273,1,407,0.013929
252.139,1,406.5,0.0140149
253.005,1,406,0.0140805
253.871,1,405.5,0.0138382
254.737,1,405,0.0135373
255.603,1,404.5,0.0131779
256.469,1,404,0.0127121
257.335,1,403.5,0.0122086
258.201,1,403,0.0119691
259.067,1,402.5,0.0119756
259.933,1,402,0.011927
260.799,1,401.5,0.0117853
261.665,1,401,0.0116573
262.531,1,400.5,0.0115524
263.397,1,400,0.011617
264.263,1,399.5,0.0117905
265.13,1,399,0.0120212
265.996,1,398.5,0.0122557
266.862,1,398,0.0124956
267.728,1,397.5,0.0124086
268.594,1,397,0.0121852
269.46,1,396.5,0.0119691
270.326,1,396,0.0117938
271.192,1,395.5,0.0116311
272.058,1,395,0.0115706
272.924,1,394.5,0.0118642
273.79,1,394,0.0121202
274.656,1,393.5,0.0123374
275.522,1,393,0.0126038
276.388,1,392.5,0.0128363
277.254,1,392,0.0128783
278.12,1,391.5,0.0129917
278.986,1,391,0.0131676
279.852,1,390.5,0.0133432
280.718,1,390,0.0136949
281.584,1,389.5,0.0142491
282.45,1,389,0.0147982
283.316,1,388.5,0.015325
284.182,1,388,0.0158812
285.048,1,387.5,0.0163607
285.914,1,387,0.0167707
286.78,1,386.5,0.0173648
287.646,1,386,0.0180123
288.512,1,385.5,0.0186756
289.378,1,385,0.0194036
290.244,1,384.5,0.0201962
291.11,1,384,0.0210236
291.976,1,383.5,0.0218431
292.842,1,383,0.0227635
293.708,1,382.5,0.0237851
294.574,1,382,0.0246016
295.44,1,381.5,0.0252951
296.306,1,381,0.0254056
297.172,1,380.5,0.025038
298.038,1,380,0.0245571
298.905,1,379.5,0.0242336
299.771,1,379,0.0242781
300.637,1,378.5,0.0248577
301.503,1,378,0.0250181
302.369,1,377.5,0.0245406
303.235,1,377,0.02446
304.101,1,376.5,0.0245758
304.967,1,376,0.0246518
305.833,1,375.5,0.0247819
306.699,1,375,0.025049
307.565,1,374.5,0.0252351
308.431,1,374,0.0253004
309.297,1,373.5,0.0253717
310.163,1,373,0.0253343
311.029,1,372.5,0.0254221
311.895,1,372,0.0271167
312.761,1,371.5,0.0284233
313.627,1,371,0.028191
314.493,1,370.5,0.0278994
315.359,1,370,0.027523
316.225,1,369.5,0.0272336
317.091,1,369,0.0272348
317.957,1,368.5,0.0268553
318.823,1,368,0.0254181
319.689,1,367.5,0.0264957
320.555,1,367,0.0321745
321.421,1,366.5,0.0343742
322.287,1,366,0.0357626
323.153,1,365.5,0.0371582
324.019,1,365,0.0384967
324.885,1,364.5,0.0387598
325.751,1,364,0.0391263
326.617,1,363.5,0.0395979
327.483,1,363,0.0401124
328.349,1,362.5,0.0406989
329.215,1,362,0.0407286
330.081,1,361.5,0.040327
330.947,1,361,0.0400864
331.813,1,360.5,0.0402113
332.679,1,360,0.0403701
333.546,1,359.5,0.0404784
334.412,1,359,0.0404763
335.278,1,358.5,0.0405305
336.144,1,358,0.0410545
337.01,1,357.5,0.0410594
337.876,1,357,0.041005
338.742,1,356.5,0.0402561
339.608,1,356,0.0387877
340.474,1,355.5,0.0367801
341.34,1,355,0.0351624
342.206,1,354.5,0.0337045
343.072,1,354,0.0325882
343.938,1,353.5,0.0328704
344.804,1,353,0.0333616
345.67,1,352.5,0.033996
346.536,1,352,0.0356291
347.402,1,351.5,0.0381251
348.268,1,351,0.0394107
349.134,1,350.5,0.0409594
350,1,350,0.0449239
350.866,1,349.5,0.0444897
351.732,1,349,0.0452185
352.598,1,348.5,0.0453239
353.464,1,348,0.0444839
354.33,1,347.5,0.0436717
355.196,1,347,0.0447611
356.062,1,346.5,0.0471483
356.928,1,346,0.050597
357.794,1,345.5,0.0536735
358.66,1,345,0.0565032
359.526,1,344.5,0.0588404
360.392,1,344,0.0586564
361.258,1,343.5,0.0584954
362.124,1,343,0.0572859
362.99,1,342.5,0.0538907
363.856,1,342,0.0505942
364.722,1,341.5,0.0436816
365.588,1,341,0.0399136
366.454,1,340.5,0.0405424
367.321,1,340,0.0420563
368.187,1,339.5,0.0447173
369.053,1,339,0.0461667
369.919,1,338.5,0.0478403
370.785,1,338,0.0491873
371.651,1,337.5,0.0493241
372.517,1,337,0.0484932
373.383,1,336.5,0.0487614
374.249,1,336,0.0479078
375.115,1,335.5,0.0484676
375.981,1,335,0.0486723
376.847,1,334.5,0.048471
377.713,1,334,0.0484421
378.579,1,333.5,0.048772
379.445,1,333,0.0490257
380.311,1,332.5,0.0493841
381.177,1,332,0.0499018
382.043,1,331.5,0.0507329
382.909,1,331,0.0523598
383.775,1,330.5,0.0533739
384.641,1,330,0.0546537
385.507,1,329.5,0.056081
386.373,1,329,0.0576243
387.239,1,328.5,0.0597773
388.105,1,328,0.0623893
388.971,1,327.5,0.0646071
389.837,1,327,0.0668372
390.703,1,326.5,0.0677224
391.569,1,326,0.0671491
392.435,1,325.5,0.0659125
393.301,1,325,0.064039
394.167,1,324.5,0.0593122
395.033,1,324,0.0520359
395.899,1,323.5,0.0463847
396.765,1,323,0.0479755
397.631,1,322.5,0.0545359
398.497,1,322,0.05547
399.363,1,321.5,0.0562188
400.229,1,321,0.0566374
401.095,1,320.5,0.0573252
401.962,1,320,0.0581931
402.828,1,319.5,0.0590019
403.694,1,319,0.0599895
404.56,1,318.5,0.0612038
405.426,1,318,0.0619134
406.292,1,317.5,0.062455
407.158,1,317,0.0633601
408.024,1,316.5,0.0645921
408.89,1,316,0.0662892
409.756,1,315.5,0.0690775
410.622,1,315,0.072045
411.488,1,314.5,0.0741316
412.354,1,314,0.076164
413.22,1,313.5,0.0778507
414.086,1,313,0.0791562
414.952,1,312.5,0.0801749
415.818,1,312,0.082552
416.684,1,311.5,0.0846664
417.55,1,311,0.086507
418.416,1,310.5,0.0882017
419.282,1,310,0.0893394
420.148,1,309.5,0.0903555
421.014,1,309,0.0913818
421.88,1,308.5,0.0924862
422.746,1,308,0.0936911
423.612,1,307.5,0.0948985
424.478,1,307,0.0962012
425.344,1,306.5,0.0979272
426.21,1,306,0.0991789
427.076,1,305.5,0.099844
427.942,1,305,0.0999605
428.808,1,304.5,0.101677
429.674,1,304,0.10276
430.54,1,303.5,0.101801
431.406,1,303,0.10132
432.272,1,302.5,0.10302
433.138,1,302,0.104092
434.004,1,301.5,0.102046
434.87,1,301,0.0981501
435.737,1,300.5,0.0965188
436.603,1,300,0.0963364
437.469,1,299.5,0.092958
438.335,1,299,0.0874307
439.201,1,298.5,0.0773323
440.067,1,298,0.0731692
440.933,1,297.5,0.0722076
441.799,1,297,0.0716274
442.665,1,296.5,0.0717868
443.531,1,296,0.0728524
444.397,1,295.5,0.076523
445.263,1,295,0.0821827
446.129,1,294.5,0.090815
446.995,1,294,0.0904447
447.861,1,293.5,0.0855432
448.727,1,293,0.0754191
449.593,1,292.5,0.068179
450.459,1,292,0.0641303
451.325,1,291.5,0.0672137
452.191,1,291,0.0732078
453.057,1,290.5,0.0822447
453.923,1,290,0.0924582
454.789,1,289.5,0.0990894
455.655,1,289,0.100063
456.521,1,288.5,0.0996261
457.387,1,288,0.0986277
458.253,1,287.5,0.0981942
459.119,1,287,0.0984929
459.985,1,286.5,0.0992817
460.851,1,286,0.0993567
461.717,1,285.5,0.0991432
462.583,1,285,0.0980793
463.449,1,284.5,0.0958139
464.315,1,284,0.0945523
465.181,1,283.5,0.098045
466.047,1,283,0.100022
466.913,1,282.5,0.100602
467.779,1,282,0.0925783
468.645,1,281.5,0.0815893
469.512,1,281,0.0680479
470.378,1,280.5,0.0574284
471.244,1,280,0.0516996
472.11,1,279.5,0.0536179
472.976,1,279,0.0554787
473.842,1,278.5,0.0572867
474.708,1,278,0.0586076
475.574,1,277.5,0.05965
476.44,1,277,0.0605393
477.306,1,276.5,0.0593744
478.172,1,276,0.0566223
479.038,1,275.5,0.0520094
479.904,1,275,0.0479315
480.77,1,274.5,0.0460727
481.636,1,274,0.0465219
482.502,1,273.5,0.0468565
483.368,1,273,0.0466264
484.234,1,272.5,0.0464835
485.1,1,272,0.0456169
485.966,1,271.5,0.0437408
486.832,1,271,0.0428324
487.698,1,270.5,0.040528
488.564,1,270,0.0378928
489.43,1,269.5,0.037782
490.296,1,269,0.0370451
491.162,1,268.5,0.0371247
492.028,1,268,0.0378054
492.894,1,267.5,0.0375024
493.76,1,267,0.0360602
494.626,1,266.5,0.0343143
495.492,1,266,0.0341513
496.358,1,265.5,0.0340299
497.224,1,265,0.0338509
498.09,1,264.5,0.0336643
498.956,1,264,0.0334702
499.822,1,263.5,0.033207
500.688,1,263,0.032965
501.554,1,262.5,0.0327258
502.42,1,262,0.0322629
503.286,1,261.5,0.0317076
504.153,1,261,0.0311483
505.019,1,260.5,0.0306109
505.885,1,260,0.0301145
506.751,1,259.5,0.0296988
507.617,1,259,0.0295339
508.483,1,258.5,0.029643
509.349,1,258,0.0301927
510.215,1,257.5,0.0308641
511.081,1,257,0.0315718
511.947,1,256.5,0.0322603
512.813,1,256,0.0329274
513.679,1,255.5,0.0332702
514.545,1,255,0.0331209
515.411,1,254.5,0.0331033
516.277,1,254,0.0322303
517.143,1,253.5,0.0322115
518.009,1,253,0.033945
518.875,1,252.5,0.0358255
519.741,1,252,0.0371656
520.607,1,251.5,0.038272
521.473,1,251,0.0392394
522.339,1,250.5,0.0400394
523.205,1,250,0.0408508
524.071,1,249.5,0.041752
524.937,1,249,0.0421978
525.803,1,248.5,0.0421944
526.669,1,248,0.0423338
527.535,1,247.5,0.0422378
528.401,1,247,0.0418907
529.267,1,246.5,0.0413695
530.133,1,246,0.0402346
530.999,1,245.5,0.0392017
531.865,1,245,0.0379933
532.731,1,244.5,0.0366093
533.597,1,244,0.0352555
534.463,1,243.5,0.0340872
535.329,1,243,0.0333269
536.195,1,242.5,0.0326881
537.061,1,242,0.0319995
537.928,1,241.5,0.031261
538.794,1,241,0.0305246
539.66,1,240.5,0.0300807
540.526,1,240,0.0296318
541.392,1,239.5,0.0291778
542.258,1,239,0.0287188
543.124,1,238.5,0.0282547
543.99,1,238,0.0277857
544.856,1,237.5,0.0275096
545.722,1,237,0.0272928
546.588,1,236.5,0.0270872
547.454,1,236,0.0268928
548.32,1,235.5,0.0267096
549.186,1,235,0.0250959
550.052,1,234.5,0.0242545
550.918,1,234,0.0233735
551.784,1,233.5,0.023645
552.65,1,233,0.0247253
553.516,1,232.5,0.025881
554.382,1,232,0.0272048
555.248,1,231.5,0.0286501
556.114,1,231,0.0301577
556.98,1,230.5,0.0314385
557.846,1,230,0.0327152
558.712,1,229.5,0.0339744
559.578,1,229,0.0351354
560.444,1,228.5,0.0361725
561.31,1,228,0.0368366
562.176,1,227.5,0.0372186
563.042,1,227,0.0374301
563.908,1,226.5,0.0376271
564.774,1,226,0.0377401
565.64,1,225.5,0.037382
566.506,1,225,0.0367994
567.372,1,224.5,0.0362009
568.238,1,224,0.0346284
569.104,1,223.5,0.0330006
569.97,1,223,0.0313291
570.836,1,222.5,0.0283323
571.703,1,222,0.0251483
572.569,1,221.5,0.0221988
573.435,1,221,0.0208266
574.301,1,220.5,0.0202793
575.167,1,220,0.0198897
576.033,1,219.5,0.0198044
576.899,1,219,0.0198236
577.765,1,218.5,0.019657
578.631,1,218,0.019363
579.497,1,217.5,0.0189987
580.363,1,217,0.0192651
581.229,1,216.5,0.0197601
582.095,1,216,0.0202044
582.961,1,215.5,0.0206454
583.827,1,215,0.021085
584.693,1,214.5,0.0214375
585.559,1,214,0.021486
586.425,1,213.5,0.0215174
587.291,1,213,0.0213957
588.157,1,212.5,0.0212659
589.023,1,212,0.0211471
589.889,1,211.5,0.0213315
590.755,1,211,0.0215961
591.621,1,210.5,0.0218655
592.487,1,210,0.0222089
593.353,1,209.5,0.0226447
594.219,1,209,0.0230761
595.085,1,208.5,0.0233681
595.951,1,208,0.0235582
596.817,1,207.5,0.0236944
597.683,1,207,0.0237287
598.549,1,206.5,0.0235978
599.415,1,206,0.0235736
600.281,1,205.5,0.0234616
601.147,1,205,0.0231577
602.013,1,204.5,0.0227226
602.879,1,204,0.0221563
603.745,1,203.5,0.0216308
604.611,1,203,0.0211768
605.477,1,202.5,0.0208168
606.344,1,202,0.0207265
607.21,1,201.5,0.0207435
608.076,1,201,0.0208154
608.942,1,200.5,0.0211709
609.808,1,200,0.021563
