x,y,z,b
90.1924,1,500,0.0136807
91.0584,1,499.5,0.0136923
91.9244,1,499,0.0137067
92.7905,1,498.5,0.0137259
93.6565,1,498,0.0137471
94.5225,1,497.5,0.0137697
95.3885,1,497,0.0137894
96.2546,1,496.5,0.0138078
97.1206,1,496,0.0138083
97.9866,1,495.5,0.0137811
98.8526,1,495,0.0137533
99.7187,1,494.5,0.0137249
100.585,1,494,0.0136922
101.451,1,493.5,0.0136611
102.317,1,493,0.0136472
103.183,1,492.5,0.0136201
104.049,1,492,0.0135847
104.915,1,491.5,0.0135442
105.781,1,491,0.0134843
106.647,1,490.5,0.0134072
107.513,1,490,0.0133269
108.379,1,489.5,0.013238
109.245,1,489,0.0131409
110.111,1,488.5,0.0130449
110.977,1,488,0.0129563
111.843,1,487.5,0.0128967
112.709,1,487,0.0128327
113.575,1,486.5,0.0127647
114.441,1,486,0.0126952
115.307,1,485.5,0.012621
116.173,1,485,0.0125398
117.039,1,484.5,0.0124708
117.905,1,484,0.0124069
118.771,1,483.5,0.0123476
119.637,1,483,0.0123021
120.503,1,482.5,0.0122556
121.369,1,482,0.0121803
122.235,1,481.5,0.0121362
123.101,1,481,0.0121118
123.967,1,480.5,0.0120904
124.833,1,480,0.0120784
125.699,1,479.5,0.0121151
126.565,1,479,0.0121663
127.431,1,478.5,0.0122257
128.297,1,478,0.0122991
129.164,1,477.5,0.0123754
130.03,1,477,0.0124434
130.896,1,476.5,0.0124951
131.762,1,476,0.0125541
132.628,1,475.5,0.0126205
133.494,1,475,0.0126997
134.36,1,474.5,0.0127877
135.226,1,474,0.0128848
136.092,1,473.5,0.0129791
136.958,1,473,0.0130717
137.824,1,472.5,0.0131629
138.69,1,472,0.013248
139.556,1,471.5,0.0133254
140.422,1,471,0.0133985
141.288,1,470.5,0.0134706
142.154,1,470,0.0135419
143.02,1,469.5,0.0136173
143.886,1,469,0.0136893
144.752,1,468.5,0.0137322
145.618,1,468,0.013772
146.484,1,467.5,0.0138097
147.35,1,467,0.0138432
148.216,1,466.5,0.0138761
149.082,1,466,0.0139085
149.948,1,465.5,0.0139088
150.814,1,465,0.0139076
151.68,1,464.5,0.013905
152.546,1,464,0.0138897
153.412,1,463.5,0.013873
154.278,1,463,0.013863
155.144,1,462.5,0.0138453
156.01,1,462,0.0138236
156.876,1,461.5,0.0138
157.742,1,461,0.0137689
158.608,1,460.5,0.0137519
159.474,1,460,0.0137548
160.34,1,459.5,0.0137543
161.206,1,459,0.0137486
162.072,1,458.5,0.0137407
162.939,1,458,0.0137297
163.805,1,457.5,0.0136819
164.671,1,457,0.0136342
165.537,1,456.5,0.0135868
166.403,1,456,0.0135411
167.269,1,455.5,0.013495
168.135,1,455,0.0134395
169.001,1,454.5,0.0133806
169.867,1,454,0.013323
170.733,1,453.5,0.0132665
171.599,1,453,0.0132155
172.465,1,452.5,0.0131667
173.331,1,452,0.0131197
174.197,1,451.5,0.0130751
175.063,1,451,0.0130327
175.929,1,450.5,0.0129919
176.795,1,450,0.0129513
177.661,1,449.5,0.0129105
178.527,1,449,0.0128691
179.393,1,448.5,0.0128255
180.259,1,448,0.012778
181.125,1,447.5,0.0127299
181.991,1,447,0.012683
182.857,1,446.5,0.0126491
183.723,1,446,0.0126154
184.589,1,445.5,0.0125817
185.455,1,445,0.0125416
186.321,1,444.5,0.0125018
187.187,1,444,0.0124533
188.053,1,443.5,0.0123938
188.919,1,443,0.0123324
189.785,1,442.5,0.0122697
190.651,1,442,0.0122044
191.517,1,441.5,0.0121406
192.383,1,441,0.0120871
193.249,1,440.5,0.0120351
194.115,1,440,0.0119852
194.981,1,439.5,0.0119367
195.847,1,439,0.0118914
196.714,1,438.5,0.0118331
197.58,1,438,0.0117693
198.446,1,437.5,0.0117052
199.312,1,437,0.0116385
200.178,1,436.5,0.011573
201.044,1,436,0.0115161
201.91,1,435.5,0.0115034
202.776,1,435,0.0114898
203.642,1,434.5,0.0114752
204.508,1,434,0.0114905
205.374,1,433.5,0.0115078
206.24,1,433,0.0115336
207.106,1,432.5,0.0115802
207.972,1,432,0.011634
208.838,1,431.5,0.0116898
209.704,1,431,0.0117665
210.57,1,430.5,0.0118517
211.436,1,430,0.0119251
212.302,1,429.5,0.0120137
213.168,1,429,0.0121214
214.034,1,428.5,0.0122286
214.9,1,428,0.0123426
215.766,1,427.5,0.0124945
216.632,1,427,0.0126521
217.498,1,426.5,0.0128139
218.364,1,426,0.0129877
219.23,1,425.5,0.013162
220.096,1,425,0.0133287
220.962,1,424.5,0.0134864
221.828,1,424,0.013647
222.694,1,423.5,0.0138103
223.56,1,423,0.0139725
224.426,1,422.5,0.0141358
225.292,1,422,0.0142996
226.158,1,421.5,0.014458
227.024,1,421,0.014612
227.89,1,420.5,0.0147635
228.756,1,420,0.0149062
229.622,1,419.5,0.0150376
230.488,1,419,0.0151647
231.355,1,418.5,0.0152859
232.221,1,418,0.0153983
233.087,1,417.5,0.0155107
233.953,1,417,0.0156229
234.819,1,416.5,0.0157448
235.685,1,416,0.015866
236.551,1,415.5,0.0159841
237.417,1,415,0.0160329
238.283,1,414.5,0.0160791
239.149,1,414,0.0161193
240.015,1,413.5,0.0161168
240.881,1,413,0.0161083
241.747,1,412.5,0.0160991
242.613,1,412,0.0160822
243.479,1,411.5,0.0160613
244.345,1,411,0.0160316
245.211,1,410.5,0.0159934
246.077,1,410,0.015948
246.943,1,409.5,0.015901
247.809,1,409,0.0158462
248.675,1,408.5,0.0157749
249.541,1,408,0.0156978
250.407,1,407.5,0.0156164
251.273,1,407,0.0155255
252.139,1,406.5,0.0154355
253.005,1,406,0.0153471
253.871,1,405.5,0.0152621
254.737,1,405,0.0151759
255.603,1,404.5,0.0150883
256.469,1,404,0.0149819
257.335,1,403.5,0.0148755
258.201,1,403,0.0147682
259.067,1,402.5,0.0146277
259.933,1,402,0.0144784
260.799,1,401.5,0.0143301
261.665,1,401,0.0141352
262.531,1,400.5,0.01391
263.397,1,400,0.0136792
264.263,1,399.5,0.0134368
265.13,1,399,0.0131841
265.996,1,398.5,0.0129387
266.862,1,398,0.012717
267.728,1,397.5,0.0125334
268.594,1,397,0.0123548
269.46,1,396.5,0.0121895
270.326,1,396,0.0120723
271.192,1,395.5,0.0119577
272.058,1,395,0.01185
272.924,1,394.5,0.0117968
273.79,1,394,0.0117223
274.656,1,393.5,0.0116257
275.522,1,393,0.0114606
276.388,1,392.5,0.0112595
277.254,1,392,0.01104
278.12,1,391.5,0.0108121
278.986,1,391,0.0105819
279.852,1,390.5,0.0103442
280.718,1,390,0.0103639
281.584,1,389.5,0.0108225
282.45,1,389,0.0116119
283.316,1,388.5,0.0146957
284.182,1,388,0.021769
285.048,1,387.5,0.0292577
285.914,1,387,0.0371008
286.78,1,386.5,0.0429904
287.646,1,386,0.0494464
288.512,1,385.5,0.0523414
289.378,1,385,0.0540918
290.244,1,384.5,0.0546165
291.11,1,384,0.0546197
291.976,1,383.5,0.0543391
292.842,1,383,0.0543745
293.708,1,382.5,0.0550615
294.574,1,382,0.0570563
295.44,1,381.5,0.0587093
296.306,1,381,0.0624644
297.172,1,380.5,0.0648799
298.038,1,380,0.0640071
298.905,1,379.5,0.0625821
299.771,1,379,0.0637169
300.637,1,378.5,0.0651649
301.503,1,378,0.0664205
302.369,1,377.5,0.0675236
303.235,1,377,0.068262
304.101,1,376.5,0.0687347
304.967,1,376,0.0689245
305.833,1,375.5,0.0692763
306.699,1,375,0.0694312
307.565,1,374.5,0.0692203
308.431,1,374,0.0688459
309.297,1,373.5,0.0681779
310.163,1,373,0.0678661
311.029,1,372.5,0.0671297
311.895,1,372,0.06701
312.761,1,371.5,0.0670468
313.627,1,371,0.0669741
314.493,1,370.5,0.0675332
315.359,1,370,0.0679076
316.225,1,369.5,0.0665517
317.091,1,369,0.0648002
317.957,1,368.5,0.063763
318.823,1,368,0.0635962
319.689,1,367.5,0.0643503
320.555,1,367,0.0664159
321.421,1,366.5,0.0678214
322.287,1,366,0.0698905
323.153,1,365.5,0.0716005
324.019,1,365,0.075132
324.885,1,364.5,0.0803331
325.751,1,364,0.0882341
326.617,1,363.5,0.0960491
327.483,1,363,0.101522
328.349,1,362.5,0.101929
329.215,1,362,0.104572
330.081,1,361.5,0.105874
330.947,1,361,0.106999
331.813,1,360.5,0.108364
332.679,1,360,0.109133
333.546,1,359.5,0.108989
334.412,1,359,0.10839
335.278,1,358.5,0.107762
336.144,1,358,0.106693
337.01,1,357.5,0.105826
337.876,1,357,0.104793
338.742,1,356.5,0.101114
339.608,1,356,0.0967394
340.474,1,355.5,0.0922991
341.34,1,355,0.087552
342.206,1,354.5,0.0785487
343.072,1,354,0.0670261
343.938,1,353.5,0.0555283
344.804,1,353,0.04985
345.67,1,352.5,0.0448429
346.536,1,352,0.0398537
347.402,1,351.5,0.0348267
348.268,1,351,0.0298584
349.134,1,350.5,0.0255916
350,1,350,0.0250509
350.866,1,349.5,0.0272127
351.732,1,349,0.025976
352.598,1,348.5,0.0252465
353.464,1,348,0.0244314
354.33,1,347.5,0.0240098
355.196,1,347,0.0239815
356.062,1,346.5,0.0240382
356.928,1,346,0.0241669
357.794,1,345.5,0.0239202
358.66,1,345,0.0236498
359.526,1,344.5,0.0228369
360.392,1,344,0.0218339
361.258,1,343.5,0.0214671
362.124,1,343,0.0214145
362.99,1,342.5,0.0213097
363.856,1,342,0.0206372
364.722,1,341.5,0.0199801
365.588,1,341,0.0193959
366.454,1,340.5,0.0189379
367.321,1,340,0.0187245
368.187,1,339.5,0.0187741
369.053,1,339,0.0189474
369.919,1,338.5,0.0191628
370.785,1,338,0.0198809
371.651,1,337.5,0.0208979
372.517,1,337,0.0221367
373.383,1,336.5,0.0240632
374.249,1,336,0.0259532
375.115,1,335.5,0.0275897
375.981,1,335,0.0287343
376.847,1,334.5,0.0297339
377.713,1,334,0.030434
378.579,1,333.5,0.0308027
379.445,1,333,0.030995
380.311,1,332.5,0.0307972
381.177,1,332,0.0305859
382.043,1,331.5,0.0304379
382.909,1,331,0.0304728
383.775,1,330.5,0.0306322
384.641,1,330,0.0311322
385.507,1,329.5,0.0325172
386.373,1,329,0.0346277
387.239,1,328.5,0.0373878
388.105,1,328,0.0394748
388.971,1,327.5,0.0411421
389.837,1,327,0.0429881
390.703,1,326.5,0.0448647
391.569,1,326,0.0465972
392.435,1,325.5,0.0474256
393.301,1,325,0.0479322
394.167,1,324.5,0.0481181
395.033,1,324,0.0481846
395.899,1,323.5,0.0482176
396.765,1,323,0.048257
397.631,1,322.5,0.0481899
398.497,1,322,0.0480489
399.363,1,321.5,0.0488352
400.229,1,321,0.0487398
401.095,1,320.5,0.0485845
401.962,1,320,0.0482801
402.828,1,319.5,0.0479326
403.694,1,319,0.0472154
404.56,1,318.5,0.0458681
405.426,1,318,0.0455095
406.292,1,317.5,0.0455658
407.158,1,317,0.046252
408.024,1,316.5,0.046734
408.89,1,316,0.0470487
409.756,1,315.5,0.0471496
410.622,1,315,0.0470258
411.488,1,314.5,0.0469239
412.354,1,314,0.0466664
413.22,1,313.5,0.0465537
414.086,1,313,0.0465685
414.952,1,312.5,0.0465072
415.818,1,312,0.0465752
416.684,1,311.5,0.0467984
417.55,1,311,0.0467286
418.416,1,310.5,0.0468421
419.282,1,310,0.0462561
420.148,1,309.5,0.0450605
421.014,1,309,0.0440012
421.88,1,308.5,0.0433875
422.746,1,308,0.0429019
423.612,1,307.5,0.0417677
424.478,1,307,0.0406401
425.344,1,306.5,0.0399364
426.21,1,306,0.0397972
427.076,1,305.5,0.0395861
427.942,1,305,0.0396266
428.808,1,304.5,0.039421
429.674,1,304,0.0397546
430.54,1,303.5,0.0412767
431.406,1,303,0.041954
432.272,1,302.5,0.0424645
433.138,1,302,0.0428941
434.004,1,301.5,0.044103
434.87,1,301,0.0452723
435.737,1,300.5,0.0461758
436.603,1,300,0.0470776
437.469,1,299.5,0.0479201
438.335,1,299,0.0485168
439.201,1,298.5,0.0491421
440.067,1,298,0.0499508
440.933,1,297.5,0.0503841
441.799,1,297,0.0509838
442.665,1,296.5,0.0514423
443.531,1,296,0.051896
444.397,1,295.5,0.05237
445.263,1,295,0.052821
446.129,1,294.5,0.0531425
446.995,1,294,0.0531807
447.861,1,293.5,0.0531896
448.727,1,293,0.0531458
449.593,1,292.5,0.0529412
450.459,1,292,0.0525929
451.325,1,291.5,0.052141
452.191,1,291,0.051641
453.057,1,290.5,0.0510918
453.923,1,290,0.0508443
454.789,1,289.5,0.0511968
455.655,1,289,0.0514358
456.521,1,288.5,0.0515978
457.387,1,288,0.0513452
458.253,1,287.5,0.0511413
459.119,1,287,0.0510853
459.985,1,286.5,0.0514425
460.851,1,286,0.0523893
461.717,1,285.5,0.0556518
462.583,1,285,0.0596297
463.449,1,284.5,0.0635904
464.315,1,284,0.0664493
465.181,1,283.5,0.0683521
466.047,1,283,0.0692875
466.913,1,282.5,0.0668967
467.779,1,282,0.0647264
468.645,1,281.5,0.0630086
469.512,1,281,0.0627869
470.378,1,280.5,0.0661057
471.244,1,280,0.0663463
472.11,1,279.5,0.0665585
472.976,1,279,0.0667424
473.842,1,278.5,0.0672534
474.708,1,278,0.0678925
475.574,1,277.5,0.0686331
476.44,1,277,0.0692909
477.306,1,276.5,0.0698844
478.172,1,276,0.070454
479.038,1,275.5,0.0710924
479.904,1,275,0.0718007
480.77,1,274.5,0.0717891
481.636,1,274,0.0711214
482.502,1,273.5,0.0702926
483.368,1,273,0.069124
484.234,1,272.5,0.0680374
485.1,1,272,0.0673053
485.966,1,271.5,0.0682382
486.832,1,271,0.0694388
487.698,1,270.5,0.0709395
488.564,1,270,0.0723633
489.43,1,269.5,0.0732881
490.296,1,269,0.0724189
491.162,1,268.5,0.0706546
492.028,1,268,0.0690394
492.894,1,267.5,0.0683963
493.76,1,267,0.0681825
494.626,1,266.5,0.0663738
495.492,1,266,0.0624055
496.358,1,265.5,0.058143
497.224,1,265,0.0518999
498.09,1,264.5,0.0441597
498.956,1,264,0.0395577
499.822,1,263.5,0.0376347
500.688,1,263,0.0380943
501.554,1,262.5,0.0377095
502.42,1,262,0.0369742
503.286,1,261.5,0.0334841
504.153,1,261,0.0300318
505.019,1,260.5,0.0274711
505.885,1,260,0.027101
506.751,1,259.5,0.0283168
507.617,1,259,0.0306141
508.483,1,258.5,0.0314547
509.349,1,258,0.0322781
510.215,1,257.5,0.0334407
511.081,1,257,0.0351707
511.947,1,256.5,0.0374359
512.813,1,256,0.0390373
513.679,1,255.5,0.0393298
514.545,1,255,0.0382858
515.411,1,254.5,0.0369062
516.277,1,254,0.0354555
517.143,1,253.5,0.0328585
518.009,1,253,0.0296007
518.875,1,252.5,0.0262755
519.741,1,252,0.0258177
520.607,1,251.5,0.0271775
521.473,1,251,0.0306095
522.339,1,250.5,0.0355089
523.205,1,250,0.0414644
524.071,1,249.5,0.0492554
524.937,1,249,0.0550052
525.803,1,248.5,0.0572001
526.669,1,248,0.0576755
527.535,1,247.5,0.0556333
528.401,1,247,0.051624
529.267,1,246.5,0.0454407
530.133,1,246,0.0410746
530.999,1,245.5,0.0399469
531.865,1,245,0.0382917
532.731,1,244.5,0.0354678
533.597,1,244,0.0315196
534.463,1,243.5,0.0270398
535.329,1,243,0.0233079
536.195,1,242.5,0.022316
537.061,1,242,0.0237344
537.928,1,241.5,0.0251974
538.794,1,241,0.0288798
539.66,1,240.5,0.0292706
540.526,1,240,0.0293564
541.392,1,239.5,0.029412
542.258,1,239,0.0298228
543.124,1,238.5,0.0312358
543.99,1,238,0.0334714
544.856,1,237.5,0.0332055
545.722,1,237,0.0348161
546.588,1,236.5,0.038542
547.454,1,236,0.0450058
548.32,1,235.5,0.0472447
549.186,1,235,0.043549
550.052,1,234.5,0.0492751
550.918,1,234,0.0511281
551.784,1,233.5,0.0503647
552.65,1,233,0.0490102
553.516,1,232.5,0.0478394
554.382,1,232,0.0460796
555.248,1,231.5,0.0442339
556.114,1,231,0.0423237
556.98,1,230.5,0.0391013
557.846,1,230,0.0370027
558.712,1,229.5,0.0362159
559.578,1,229,0.0359954
560.444,1,228.5,0.0355662
561.31,1,228,0.0355027
562.176,1,227.5,0.0352713
563.042,1,227,0.0345444
563.908,1,226.5,0.0312131
564.774,1,226,0.0281932
565.64,1,225.5,0.0272848
566.506,1,225,0.0273993
567.372,1,224.5,0.027487
568.238,1,224,0.0275454
569.104,1,223.5,0.0264554
569.97,1,223,0.0247017
570.836,1,222.5,0.0234142
571.703,1,222,0.0230783
572.569,1,221.5,0.0226743
573.435,1,221,0.022444
574.301,1,220.5,0.023252
575.167,1,220,0.0233799
576.033,1,219.5,0.0231721
576.899,1,219,0.0229515
577.765,1,218.5,0.0207713
578.631,1,218,0.0202121
579.497,1,217.5,0.0206678
580.363,1,217,0.0213229
581.229,1,216.5,0.021371
582.095,1,216,0.0212763
582.961,1,215.5,0.0213113
583.827,1,215,0.0207988
584.693,1,214.5,0.0200859
585.559,1,214,0.0196313
586.425,1,213.5,0.0186768
587.291,1,213,0.0178006
588.157,1,212.5,0.0181483
589.023,1,212,0.0174208
589.889,1,211.5,0.017355
590.755,1,211,0.0174752
591.621,1,210.5,0.0176403
592.487,1,210,0.0178534
593.353,1,209.5,0.0180875
594.219,1,209,0.0184068
595.085,1,208.5,0.0188539
595.951,1,208,0.0192938
596.817,1,207.5,0.0197128
597.683,1,207,0.0200686
598.549,1,206.5,0.0202729
599.415,1,206,0.0201855
600.281,1,205.5,0.020018
601.147,1,205,0.019556
602.013,1,204.5,0.0190824
602.879,1,204,0.0185973
603.745,1,203.5,0.0180477
604.611,1,203,0.0175266
605.477,1,202.5,0.0170225
606.344,1,202,0.0166828
607.21,1,201.5,0.016398
608.076,1,201,0.0161273
608.942,1,200.5,0.0158783
609.808,1,200,0.0156736
