x,y,z,b
90.1924,1,500,0.0143543
91.0584,1,499.5,0.0143031
91.9244,1,499,0.0142565
92.7905,1,498.5,0.0142431
93.6565,1,498,0.0142342
94.5225,1,497.5,0.0142315
95.3885,1,497,0.0142359
96.2546,1,496.5,0.0142396
97.1206,1,496,0.0142158
97.9866,1,495.5,0.0141776
98.8526,1,495,0.014132
99.7187,1,494.5,0.014079
100.585,1,494,0.0140293
101.451,1,493.5,0.0139764
102.317,1,493,0.0140097
103.183,1,492.5,0.0140811
104.049,1,492,0.0141666
104.915,1,491.5,0.0142575
105.781,1,491,0.0143534
106.647,1,490.5,0.014367
107.513,1,490,0.0143374
108.379,1,489.5,0.0143126
109.245,1,489,0.0142986
110.111,1,488.5,0.0142975
110.977,1,488,0.0143262
111.843,1,487.5,0.0144263
112.709,1,487,0.0145057
113.575,1,486.5,0.0145637
114.441,1,486,0.0145921
115.307,1,485.5,0.0145921
116.173,1,485,0.0146098
117.039,1,484.5,0.0146542
117.905,1,484,0.0147269
118.771,1,483.5,0.0148285
119.637,1,483,0.0149281
120.503,1,482.5,0.0149878
121.369,1,482,0.014897
122.235,1,481.5,0.0147821
123.101,1,481,0.0146514
123.967,1,480.5,0.0145092
124.833,1,480,0.0143648
125.699,1,479.5,0.0144138
126.565,1,479,0.0145111
127.431,1,478.5,0.0146007
128.297,1,478,0.01468
129.164,1,477.5,0.0147428
130.03,1,477,0.014745
130.896,1,476.5,0.0146491
131.762,1,476,0.0145699
132.628,1,475.5,0.0145075
133.494,1,475,0.0144645
134.36,1,474.5,0.0144367
135.226,1,474,0.0144587
136.092,1,473.5,0.0144862
136.958,1,473,0.0145073
137.824,1,472.5,0.0145214
138.69,1,472,0.0145308
139.556,1,471.5,0.0145342
140.422,1,471,0.0145415
141.288,1,470.5,0.0145576
142.154,1,470,0.0145817
143.02,1,469.5,0.0146142
143.886,1,469,0.0146524
144.752,1,468.5,0.0146551
145.618,1,468,0.0146502
146.484,1,467.5,0.0146398
147.35,1,467,0.0146204
148.216,1,466.5,0.0145992
149.082,1,466,0.0145891
149.948,1,465.5,0.014588
150.814,1,465,0.0145855
151.68,1,464.5,0.0145816
152.546,1,464,0.0145735
153.412,1,463.5,0.0145647
154.278,1,463,0.0144864
155.144,1,462.5,0.0143969
156.01,1,462,0.0143003
156.876,1,461.5,0.0141971
157.742,1,461,0.0140868
158.608,1,460.5,0.0140271
159.474,1,460,0.014022
160.34,1,459.5,0.0140116
161.206,1,459,0.0139952
162.072,1,458.5,0.0139727
162.939,1,458,0.0139439
163.805,1,457.5,0.0138413
164.671,1,457,0.0137518
165.537,1,456.5,0.013677
166.403,1,456,0.0136297
167.269,1,455.5,0.0136004
168.135,1,455,0.013577
169.001,1,454.5,0.0135657
169.867,1,454,0.0135478
170.733,1,453.5,0.0135223
171.599,1,453,0.0135112
172.465,1,452.5,0.013508
173.331,1,452,0.0135459
174.197,1,451.5,0.0135993
175.063,1,451,0.013664
175.929,1,450.5,0.0137352
176.795,1,450,0.0138128
177.661,1,449.5,0.0138595
178.527,1,449,0.0138856
179.393,1,448.5,0.0139099
180.259,1,448,0.0139306
181.125,1,447.5,0.0139527
181.991,1,447,0.0139793
182.857,1,446.5,0.0140254
183.723,1,446,0.0140682
184.589,1,445.5,0.0141073
185.455,1,445,0.0141366
186.321,1,444.5,0.0141636
187.187,1,444,0.0141762
188.053,1,443.5,0.0141806
188.919,1,443,0.0141865
189.785,1,442.5,0.0141942
190.651,1,442,0.014202
191.517,1,441.5,0.0142111
192.383,1,441,0.0142075
193.249,1,440.5,0.0141977
194.115,1,440,0.0141847
194.981,1,439.5,0.0141754
195.847,1,439,0.0141667
196.714,1,438.5,0.014148
197.58,1,438,0.0141325
198.446,1,437.5,0.014125
199.312,1,437,0.0141277
200.178,1,436.5,0.0141375
201.044,1,436,0.0141508
201.91,1,435.5,0.0141713
202.776,1,435,0.0141974
203.642,1,434.5,0.014229
204.508,1,434,0.0142842
205.374,1,433.5,0.0143434
206.24,1,433,0.014435
207.106,1,432.5,0.0145544
207.972,1,432,0.0146769
208.838,1,431.5,0.0147957
209.704,1,431,0.014928
210.57,1,430.5,0.0150657
211.436,1,430,0.0151964
212.302,1,429.5,0.0153246
213.168,1,429,0.0154486
214.034,1,428.5,0.0155614
214.9,1,428,0.0156655
215.766,1,427.5,0.0157609
216.632,1,427,0.0158396
217.498,1,426.5,0.0159001
218.364,1,426,0.0159262
219.23,1,425.5,0.0159212
220.096,1,425,0.0158934
220.962,1,424.5,0.0158447
221.828,1,424,0.0158169
222.694,1,423.5,0.0158109
223.56,1,423,0.0158225
224.426,1,422.5,0.0158551
225.292,1,422,0.0159645
226.158,1,421.5,0.0160835
227.024,1,421,0.0162106
227.89,1,420.5,0.0163494
228.756,1,420,0.0164908
229.622,1,419.5,0.016646
230.488,1,419,0.0168287
231.355,1,418.5,0.017011
232.221,1,418,0.0171747
233.087,1,417.5,0.0173387
233.953,1,417,0.0174958
234.819,1,416.5,0.0175043
235.685,1,416,0.0175245
236.551,1,415.5,0.0175573
237.417,1,415,0.0175727
238.283,1,414.5,0.0175922
239.149,1,414,0.0176161
240.015,1,413.5,0.0176309
240.881,1,413,0.0176425
241.747,1,412.5,0.0176524
242.613,1,412,0.0176433
243.479,1,411.5,0.0176189
244.345,1,411,0.0175054
245.211,1,410.5,0.0173736
246.077,1,410,0.0172271
246.943,1,409.5,0.0170798
247.809,1,409,0.016925
248.675,1,408.5,0.0168142
249.541,1,408,0.016735
250.407,1,407.5,0.0166526
251.273,1,407,0.0165691
252.139,1,406.5,0.0164702
253.005,1,406,0.0163544
253.871,1,405.5,0.0162242
254.737,1,405,0.0160983
255.603,1,404.5,0.0159768
256.469,1,404,0.0158601
257.335,1,403.5,0.015748
258.201,1,403,0.0156107
259.067,1,402.5,0.0154432
259.933,1,402,0.0152674
260.799,1,401.5,0.0150862
261.665,1,401,0.0148831
262.531,1,400.5,0.0146781
263.397,1,400,0.0145312
264.263,1,399.5,0.0143889
265.13,1,399,0.0142518
265.996,1,398.5,0.0141171
266.862,1,398,0.0139976
267.728,1,397.5,0.0139119
268.594,1,397,0.013825
269.46,1,396.5,0.0137348
270.326,1,396,0.0136403
271.192,1,395.5,0.0135336
272.058,1,395,0.0134136
272.924,1,394.5,0.0132272
273.79,1,394,0.0130119
274.656,1,393.5,0.0127683
275.522,1,393,0.0124601
276.388,1,392.5,0.012118
277.254,1,392,0.011805
278.12,1,391.5,0.0115423
278.986,1,391,0.0113084
279.852,1,390.5,0.0110829
280.718,1,390,0.0107422
281.584,1,389.5,0.0102966
282.45,1,389,0.00986557
283.316,1,388.5,0.00959549
284.182,1,388,0.00965378
285.048,1,387.5,0.00953486
285.914,1,387,0.00985076
286.78,1,386.5,0.0145009
287.646,1,386,0.0293847
288.512,1,385.5,0.0417062
289.378,1,385,0.0508724
290.244,1,384.5,0.0550996
291.11,1,384,0.0546816
291.976,1,383.5,0.0524138
292.842,1,383,0.04708
293.708,1,382.5,0.0440043
294.574,1,382,0.0452638
295.44,1,381.5,0.0561268
296.306,1,381,0.0607386
297.172,1,380.5,0.0610119
298.038,1,380,0.0635915
298.905,1,379.5,0.0681436
299.771,1,379,0.0726426
300.637,1,378.5,0.077172
301.503,1,378,0.0799109
302.369,1,377.5,0.0816044
303.235,1,377,0.0835578
304.101,1,376.5,0.0840782
304.967,1,376,0.0827615
305.833,1,375.5,0.0820338
306.699,1,375,0.0809816
307.565,1,374.5,0.0795299
308.431,1,374,0.0787221
309.297,1,373.5,0.077595
310.163,1,373,0.0776874
311.029,1,372.5,0.07826
311.895,1,372,0.0789755
312.761,1,371.5,0.0817204
313.627,1,371,0.0827866
314.493,1,370.5,0.0835734
315.359,1,370,0.0863403
316.225,1,369.5,0.0875723
317.091,1,369,0.0878453
317.957,1,368.5,0.0877602
318.823,1,368,0.0874571
319.689,1,367.5,0.087939
320.555,1,367,0.0895331
321.421,1,366.5,0.0911195
322.287,1,366,0.0930611
323.153,1,365.5,0.094636
324.019,1,365,0.0963771
324.885,1,364.5,0.09792
325.751,1,364,0.0986026
326.617,1,363.5,0.10043
327.483,1,363,0.102747
328.349,1,362.5,0.104353
329.215,1,362,0.104796
330.081,1,361.5,0.104765
330.947,1,361,0.109048
331.813,1,360.5,0.109791
332.679,1,360,0.109182
333.546,1,359.5,0.10694
334.412,1,359,0.104277
335.278,1,358.5,0.0989746
336.144,1,358,0.0907758
337.01,1,357.5,0.0820124
337.876,1,357,0.0710329
338.742,1,356.5,0.0598078
339.608,1,356,0.0516309
340.474,1,355.5,0.0494577
341.34,1,355,0.0449099
342.206,1,354.5,0.0386193
343.072,1,354,0.0339896
343.938,1,353.5,0.0310437
344.804,1,353,0.0314674
345.67,1,352.5,0.0303321
346.536,1,352,0.0298311
347.402,1,351.5,0.0294857
348.268,1,351,0.0296589
349.134,1,350.5,0.0299265
350,1,350,0.0299655
350.866,1,349.5,0.0298467
351.732,1,349,0.029914
352.598,1,348.5,0.0303219
353.464,1,348,0.0304909
354.33,1,347.5,0.030604
355.196,1,347,0.0309146
356.062,1,346.5,0.0311571
356.928,1,346,0.0313023
357.794,1,345.5,0.0309318
358.66,1,345,0.0304579
359.526,1,344.5,0.0299339
360.392,1,344,0.0297538
361.258,1,343.5,0.0295132
362.124,1,343,0.029216
362.99,1,342.5,0.0288796
363.856,1,342,0.0284603
364.722,1,341.5,0.0275444
365.588,1,341,0.0263889
366.454,1,340.5,0.0256733
367.321,1,340,0.0253194
368.187,1,339.5,0.0250719
369.053,1,339,0.024816
369.919,1,338.5,0.0245047
370.785,1,338,0.0242027
371.651,1,337.5,0.0243087
372.517,1,337,0.0246814
373.383,1,336.5,0.0246662
374.249,1,336,0.0247101
375.115,1,335.5,0.0248532
375.981,1,335,0.0251338
376.847,1,334.5,0.0257961
377.713,1,334,0.027223
378.579,1,333.5,0.02696
379.445,1,333,0.0269506
380.311,1,332.5,0.0266741
381.177,1,332,0.0260448
382.043,1,331.5,0.0255437
382.909,1,331,0.024693
383.775,1,330.5,0.0237136
384.641,1,330,0.022704
385.507,1,329.5,0.0231365
386.373,1,329,0.0243475
387.239,1,328.5,0.0260565
388.105,1,328,0.027723
388.971,1,327.5,0.0285784
389.837,1,327,0.029273
390.703,1,326.5,0.0299153
391.569,1,326,0.0302943
392.435,1,325.5,0.0304732
393.301,1,325,0.0307246
394.167,1,324.5,0.031221
395.033,1,324,0.0318577
395.899,1,323.5,0.0328765
396.765,1,323,0.0350827
397.631,1,322.5,0.0358691
398.497,1,322,0.0364392
399.363,1,321.5,0.0370056
400.229,1,321,0.0379364
401.095,1,320.5,0.0395649
401.962,1,320,0.0414819
402.828,1,319.5,0.043538
403.694,1,319,0.0454188
404.56,1,318.5,0.0467569
405.426,1,318,0.0471295
406.292,1,317.5,0.0473644
407.158,1,317,0.0474165
408.024,1,316.5,0.0474213
408.89,1,316,0.0474286
409.756,1,315.5,0.0476375
410.622,1,315,0.0478398
411.488,1,314.5,0.0481493
412.354,1,314,0.0483423
413.22,1,313.5,0.0492328
414.086,1,313,0.0500801
414.952,1,312.5,0.0507918
415.818,1,312,0.0518597
416.684,1,311.5,0.0526806
417.55,1,311,0.0540602
418.416,1,310.5,0.0556028
419.282,1,310,0.0570716
420.148,1,309.5,0.0580906
421.014,1,309,0.0585741
421.88,1,308.5,0.0589593
422.746,1,308,0.0593556
423.612,1,307.5,0.0598923
424.478,1,307,0.0602436
425.344,1,306.5,0.0604977
426.21,1,306,0.0602341
427.076,1,305.5,0.0600733
427.942,1,305,0.0598237
428.808,1,304.5,0.0594853
429.674,1,304,0.058747
430.54,1,303.5,0.0574415
431.406,1,303,0.0565389
432.272,1,302.5,0.0556802
433.138,1,302,0.0548654
434.004,1,301.5,0.0540945
434.87,1,301,0.0534279
435.737,1,300.5,0.0532158
436.603,1,300,0.0529976
437.469,1,299.5,0.0527731
438.335,1,299,0.0525425
439.201,1,298.5,0.0523058
440.067,1,298,0.0520855
440.933,1,297.5,0.0525709
441.799,1,297,0.0530279
442.665,1,296.5,0.0533229
443.531,1,296,0.0534558
444.397,1,295.5,0.0534266
445.263,1,295,0.0505236
446.129,1,294.5,0.0503081
446.995,1,294,0.0503642
447.861,1,293.5,0.0501664
448.727,1,293,0.0495226
449.593,1,292.5,0.0484582
450.459,1,292,0.0464049
451.325,1,291.5,0.0443515
452.191,1,291,0.042872
453.057,1,290.5,0.0416783
453.923,1,290,0.0404074
454.789,1,289.5,0.0363764
455.655,1,289,0.0338285
456.521,1,288.5,0.033228
457.387,1,288,0.0328327
458.253,1,287.5,0.0327104
459.119,1,287,0.0329438
459.985,1,286.5,0.0328959
460.851,1,286,0.0324649
461.717,1,285.5,0.0317585
462.583,1,285,0.0308808
463.449,1,284.5,0.0301695
464.315,1,284,0.0296868
465.181,1,283.5,0.0306203
466.047,1,283,0.0321825
466.913,1,282.5,0.0342019
467.779,1,282,0.036336
468.645,1,281.5,0.0377816
469.512,1,281,0.0382707
470.378,1,280.5,0.0385189
471.244,1,280,0.0390455
472.11,1,279.5,0.0400157
472.976,1,279,0.0414578
473.842,1,278.5,0.0424618
474.708,1,278,0.0431574
475.574,1,277.5,0.0453656
476.44,1,277,0.0474206
477.306,1,276.5,0.0490738
478.172,1,276,0.0504915
479.038,1,275.5,0.0516866
479.904,1,275,0.052659
480.77,1,274.5,0.053062
481.636,1,274,0.052888
482.502,1,273.5,0.0522766
483.368,1,273,0.05081
484.234,1,272.5,0.049758
485.1,1,272,0.0483793
485.966,1,271.5,0.0474523
486.832,1,271,0.0474518
487.698,1,270.5,0.0476232
488.564,1,270,0.0471379
489.43,1,269.5,0.046866
490.296,1,269,0.0466325
491.162,1,268.5,0.046561
492.028,1,268,0.0474498
492.894,1,267.5,0.0485703
493.76,1,267,0.0484975
494.626,1,266.5,0.0497327
495.492,1,266,0.0516548
496.358,1,265.5,0.0537023
497.224,1,265,0.0560821
498.09,1,264.5,0.058587
498.956,1,264,0.061217
499.822,1,263.5,0.0618427
500.688,1,263,0.0615051
501.554,1,262.5,0.0608826
502.42,1,262,0.0599243
503.286,1,261.5,0.0588671
504.153,1,261,0.0578547
505.019,1,260.5,0.0572472
505.885,1,260,0.0565652
506.751,1,259.5,0.0556058
507.617,1,259,0.0547082
508.483,1,258.5,0.0540292
509.349,1,258,0.0546133
510.215,1,257.5,0.0554438
511.081,1,257,0.0564032
511.947,1,256.5,0.0565681
512.813,1,256,0.0560397
513.679,1,255.5,0.0558209
514.545,1,255,0.0557212
515.411,1,254.5,0.0563742
516.277,1,254,0.0569943
517.143,1,253.5,0.0584898
518.009,1,253,0.0586761
518.875,1,252.5,0.0597609
519.741,1,252,0.0608343
520.607,1,251.5,0.0616865
521.473,1,251,0.0626795
522.339,1,250.5,0.0634737
523.205,1,250,0.063596
524.071,1,249.5,0.063521
524.937,1,249,0.063704
525.803,1,248.5,0.0636969
526.669,1,248,0.063656
527.535,1,247.5,0.0637962
528.401,1,247,0.0634987
529.267,1,246.5,0.0623077
530.133,1,246,0.0573368
530.999,1,245.5,0.0557089
531.865,1,245,0.0538546
532.731,1,244.5,0.0517738
533.597,1,244,0.0494782
534.463,1,243.5,0.0472221
535.329,1,243,0.0459385
536.195,1,242.5,0.0422948
537.061,1,242,0.0383723
537.928,1,241.5,0.0355948
538.794,1,241,0.0336579
539.66,1,240.5,0.0319203
540.526,1,240,0.0287218
541.392,1,239.5,0.0295628
542.258,1,239,0.0298967
543.124,1,238.5,0.0303786
543.99,1,238,0.032136
544.856,1,237.5,0.0341378
545.722,1,237,0.0361099
546.588,1,236.5,0.0370995
547.454,1,236,0.0373873
548.32,1,235.5,0.0376703
549.186,1,235,0.0367128
550.052,1,234.5,0.0355899
550.918,1,234,0.0343015
551.784,1,233.5,0.0340657
552.65,1,233,0.034089
553.516,1,232.5,0.0339082
554.382,1,232,0.033664
555.248,1,231.5,0.0329579
556.114,1,231,0.0321499
556.98,1,230.5,0.032039
557.846,1,230,0.0323939
558.712,1,229.5,0.0329293
559.578,1,229,0.0335179
560.444,1,228.5,0.0338139
561.31,1,228,0.0336555
562.176,1,227.5,0.0333063
563.042,1,227,0.0327896
563.908,1,226.5,0.0325079
564.774,1,226,0.0324021
565.64,1,225.5,0.0320192
566.506,1,225,0.0314046
567.372,1,224.5,0.0307935
568.238,1,224,0.0299672
569.104,1,223.5,0.0292036
569.97,1,223,0.0285057
570.836,1,222.5,0.0287542
571.703,1,222,0.0290864
572.569,1,221.5,0.0291772
573.435,1,221,0.0294427
574.301,1,220.5,0.0297632
575.167,1,220,0.0298811
576.033,1,219.5,0.0296179
576.899,1,219,0.0293831
577.765,1,218.5,0.0291103
578.631,1,218,0.0287312
579.497,1,217.5,0.0281135
580.363,1,217,0.0273861
581.229,1,216.5,0.0267639
582.095,1,216,0.0259592
582.961,1,215.5,0.0251028
583.827,1,215,0.0256312
584.693,1,214.5,0.0265772
585.559,1,214,0.0277366
586.425,1,213.5,0.0287262
587.291,1,213,0.0296782
588.157,1,212.5,0.0306961
589.023,1,212,0.0316163
589.889,1,211.5,0.0324377
590.755,1,211,0.0332526
591.621,1,210.5,0.0339172
592.487,1,210,0.0344371
593.353,1,209.5,0.035165
594.219,1,209,0.0355917
595.085,1,208.5,0.0354552
595.951,1,208,0.035626
596.817,1,207.5,0.035449
597.683,1,207,0.0343818
598.549,1,206.5,0.0346278
599.415,1,206,0.0344547
600.281,1,205.5,0.0339431
601.147,1,205,0.0333518
602.013,1,204.5,0.0328175
602.879,1,204,0.0323401
603.745,1,203.5,0.0320456
604.611,1,203,0.0316939
605.477,1,202.5,0.0313262
606.344,1,202,0.0308319
607.21,1,201.5,0.030295
608.076,1,201,0.0297463
608.942,1,200.5,0.0290944
609.808,1,200,0.02837
