x,y,z,b
90.1924,1,500,0.0152388
91.0584,1,499.5,0.0152211
91.9244,1,499,0.0152025
92.7905,1,498.5,0.015191
93.6565,1,498,0.0151804
94.5225,1,497.5,0.0151697
95.3885,1,497,0.0151568
96.2546,1,496.5,0.0151447
97.1206,1,496,0.0151306
97.9866,1,495.5,0.0151109
98.8526,1,495,0.0150916
99.7187,1,494.5,0.0150727
100.585,1,494,0.0150498
101.451,1,493.5,0.0150235
102.317,1,493,0.0149696
103.183,1,492.5,0.0149121
104.049,1,492,0.0148538
104.915,1,491.5,0.0147959
105.781,1,491,0.0147344
106.647,1,490.5,0.0146771
107.513,1,490,0.0146231
108.379,1,489.5,0.0145625
109.245,1,489,0.0144923
110.111,1,488.5,0.0144201
110.977,1,488,0.0143402
111.843,1,487.5,0.0142478
112.709,1,487,0.0141643
113.575,1,486.5,0.0140898
114.441,1,486,0.014026
115.307,1,485.5,0.0139723
116.173,1,485,0.0138929
117.039,1,484.5,0.0138197
117.905,1,484,0.013739
118.771,1,483.5,0.0136498
119.637,1,483,0.0135721
120.503,1,482.5,0.013514
121.369,1,482,0.0135332
122.235,1,481.5,0.0135705
123.101,1,481,0.0136178
123.967,1,480.5,0.0136698
124.833,1,480,0.0137254
125.699,1,479.5,0.0136873
126.565,1,479,0.0136199
127.431,1,478.5,0.0135514
128.297,1,478,0.0134846
129.164,1,477.5,0.013422
130.03,1,477,0.0133909
130.896,1,476.5,0.0134208
131.762,1,476,0.0134423
132.628,1,475.5,0.0134551
133.494,1,475,0.0134426
134.36,1,474.5,0.0134171
135.226,1,474,0.0133773
136.092,1,473.5,0.013331
136.958,1,473,0.0132952
137.824,1,472.5,0.0132727
138.69,1,472,0.0132507
139.556,1,471.5,0.0132138
140.422,1,471,0.0131323
141.288,1,470.5,0.0130315
142.154,1,470,0.012914
143.02,1,469.5,0.0127835
143.886,1,469,0.0126495
144.752,1,468.5,0.0126211
145.618,1,468,0.0126118
146.484,1,467.5,0.0126157
147.35,1,467,0.012643
148.216,1,466.5,0.0126731
149.082,1,466,0.0126611
149.948,1,465.5,0.0125933
150.814,1,465,0.0125268
151.68,1,464.5,0.0124614
152.546,1,464,0.0123976
153.412,1,463.5,0.0123345
154.278,1,463,0.0123386
155.144,1,462.5,0.0123469
156.01,1,462,0.0123609
156.876,1,461.5,0.0123814
157.742,1,461,0.012419
158.608,1,460.5,0.0124204
159.474,1,460,0.0123706
160.34,1,459.5,0.0123279
161.206,1,459,0.0122961
162.072,1,458.5,0.0122646
162.939,1,458,0.0122472
163.805,1,457.5,0.0123463
164.671,1,457,0.0124458
165.537,1,456.5,0.0125524
166.403,1,456,0.0127062
167.269,1,455.5,0.012856
168.135,1,455,0.0129859
169.001,1,454.5,0.0131197
169.867,1,454,0.0132551
170.733,1,453.5,0.0133914
171.599,1,453,0.0135298
172.465,1,452.5,0.0136724
173.331,1,452,0.0138294
174.197,1,451.5,0.013976
175.063,1,451,0.0141149
175.929,1,450.5,0.0142481
176.795,1,450,0.0143707
177.661,1,449.5,0.0144994
178.527,1,449,0.014639
179.393,1,448.5,0.0147718
180.259,1,448,0.0148884
181.125,1,447.5,0.0150061
181.991,1,447,0.0151165
182.857,1,446.5,0.0151802
183.723,1,446,0.0152414
184.589,1,445.5,0.0152992
185.455,1,445,0.0153164
186.321,1,444.5,0.0153294
187.187,1,444,0.0153528
188.053,1,443.5,0.0153508
188.919,1,443,0.0153433
189.785,1,442.5,0.0153354
190.651,1,442,0.0153168
191.517,1,441.5,0.0152899
192.383,1,441,0.0152518
193.249,1,440.5,0.0152051
194.115,1,440,0.0151521
194.981,1,439.5,0.0151006
195.847,1,439,0.0150442
196.714,1,438.5,0.0150031
197.58,1,438,0.0149737
198.446,1,437.5,0.0149436
199.312,1,437,0.0149029
200.178,1,436.5,0.0148634
201.044,1,436,0.0148136
201.91,1,435.5,0.0147225
202.776,1,435,0.014631
203.642,1,434.5,0.0145392
204.508,1,434,0.0144373
205.374,1,433.5,0.0143332
206.24,1,433,0.0142322
207.106,1,432.5,0.0141268
207.972,1,432,0.0140193
208.838,1,431.5,0.0139107
209.704,1,431,0.0137973
210.57,1,430.5,0.0136851
211.436,1,430,0.0135815
212.302,1,429.5,0.0134702
213.168,1,429,0.0133491
214.034,1,428.5,0.0132265
214.9,1,428,0.0130984
215.766,1,427.5,0.0129757
216.632,1,427,0.0128553
217.498,1,426.5,0.0127324
218.364,1,426,0.0125969
219.23,1,425.5,0.0124598
220.096,1,425,0.0123153
220.962,1,424.5,0.0121318
221.828,1,424,0.0119459
222.694,1,423.5,0.0117583
223.56,1,423,0.0115771
224.426,1,422.5,0.0113973
225.292,1,422,0.0112136
226.158,1,421.5,0.0111305
227.024,1,421,0.0110971
227.89,1,420.5,0.0110596
228.756,1,420,0.0110467
229.622,1,419.5,0.0110656
230.488,1,419,0.0110892
231.355,1,418.5,0.0111198
232.221,1,418,0.0111636
233.087,1,417.5,0.0112035
233.953,1,417,0.011244
234.819,1,416.5,0.0112726
235.685,1,416,0.0112934
236.551,1,415.5,0.0113071
237.417,1,415,0.0113306
238.283,1,414.5,0.0113481
239.149,1,414,0.0113802
240.015,1,413.5,0.0114417
240.881,1,413,0.0115082
241.747,1,412.5,0.0115785
242.613,1,412,0.0116532
243.479,1,411.5,0.011732
244.345,1,411,0.0118279
245.211,1,410.5,0.0119206
246.077,1,410,0.0120093
246.943,1,409.5,0.0120984
247.809,1,409,0.0121801
248.675,1,408.5,0.0122541
249.541,1,408,0.0123341
250.407,1,407.5,0.0124186
251.273,1,407,0.0125094
252.139,1,406.5,0.0126058
253.005,1,406,0.0127116
253.871,1,405.5,0.0128683
254.737,1,405,0.0130367
255.603,1,404.5,0.0132171
256.469,1,404,0.0133554
257.335,1,403.5,0.0134816
258.201,1,403,0.0135883
259.067,1,402.5,0.0136249
259.933,1,402,0.0136424
260.799,1,401.5,0.0136591
261.665,1,401,0.013638
262.531,1,400.5,0.0135895
263.397,1,400,0.0135313
264.263,1,399.5,0.0133908
265.13,1,399,0.0131471
265.996,1,398.5,0.0128877
266.862,1,398,0.0126426
267.728,1,397.5,0.0124646
268.594,1,397,0.0122854
269.46,1,396.5,0.0121366
270.326,1,396,0.0121834
271.192,1,395.5,0.0122297
272.058,1,395,0.0122737
272.924,1,394.5,0.0124435
273.79,1,394,0.0126209
274.656,1,393.5,0.0128041
275.522,1,393,0.0131024
276.388,1,392.5,0.013435
277.254,1,392,0.0137539
278.12,1,391.5,0.0140054
278.986,1,391,0.0142048
279.852,1,390.5,0.0143682
280.718,1,390,0.0144815
281.584,1,389.5,0.0145225
282.45,1,389,0.0144804
283.316,1,388.5,0.0144103
284.182,1,388,0.0143271
285.048,1,387.5,0.0141836
285.914,1,387,0.0140026
286.78,1,386.5,0.0138888
287.646,1,386,0.0137217
288.512,1,385.5,0.0135019
289.378,1,385,0.0133809
290.244,1,384.5,0.013215
291.11,1,384,0.0131121
291.976,1,383.5,0.0132957
292.842,1,383,0.01348
293.708,1,382.5,0.0136497
294.574,1,382,0.013826
295.44,1,381.5,0.0140361
296.306,1,381,0.0148879
297.172,1,380.5,0.0159224
298.038,1,380,0.017055
298.905,1,379.5,0.0182895
299.771,1,379,0.019615
300.637,1,378.5,0.0209406
301.503,1,378,0.0222299
302.369,1,377.5,0.0235762
303.235,1,377,0.0234637
304.101,1,376.5,0.024505
304.967,1,376,0.0269308
305.833,1,375.5,0.0292967
306.699,1,375,0.0308394
307.565,1,374.5,0.0319091
308.431,1,374,0.0328791
309.297,1,373.5,0.0332882
310.163,1,373,0.0330385
311.029,1,372.5,0.0327843
311.895,1,372,0.0364924
312.761,1,371.5,0.0403407
313.627,1,371,0.041656
314.493,1,370.5,0.0428274
315.359,1,370,0.0427227
316.225,1,369.5,0.0426142
317.091,1,369,0.0426645
317.957,1,368.5,0.0425129
318.823,1,368,0.0421119
319.689,1,367.5,0.0415982
320.555,1,367,0.04104
321.421,1,366.5,0.0401449
322.287,1,366,0.0402292
323.153,1,365.5,0.0411479
324.019,1,365,0.0413394
324.885,1,364.5,0.0410034
325.751,1,364,0.040621
326.617,1,363.5,0.0401933
327.483,1,363,0.0399499
328.349,1,362.5,0.0395684
329.215,1,362,0.0385187
330.081,1,361.5,0.0380989
330.947,1,361,0.038462
331.813,1,360.5,0.0392369
332.679,1,360,0.0404509
333.546,1,359.5,0.0416598
334.412,1,359,0.0426241
335.278,1,358.5,0.0439659
336.144,1,358,0.0456906
337.01,1,357.5,0.0478909
337.876,1,357,0.0499619
338.742,1,356.5,0.0515382
339.608,1,356,0.052658
340.474,1,355.5,0.0537828
341.34,1,355,0.0540803
342.206,1,354.5,0.0544066
343.072,1,354,0.0544344
343.938,1,353.5,0.0539259
344.804,1,353,0.0534992
345.67,1,352.5,0.0531492
346.536,1,352,0.0526476
347.402,1,351.5,0.0520253
348.268,1,351,0.0513427
349.134,1,350.5,0.0509725
350,1,350,0.0514311
350.866,1,349.5,0.0526244
351.732,1,349,0.0537899
352.598,1,348.5,0.0538058
353.464,1,348,0.0531726
354.33,1,347.5,0.0515045
355.196,1,347,0.048177
356.062,1,346.5,0.0445751
356.928,1,346,0.0410976
357.794,1,345.5,0.0409334
358.66,1,345,0.0407681
359.526,1,344.5,0.0405941
360.392,1,344,0.0407538
361.258,1,343.5,0.0399725
362.124,1,343,0.0384466
362.99,1,342.5,0.0372837
363.856,1,342,0.0372243
364.722,1,341.5,0.0383079
365.588,1,341,0.0398077
366.454,1,340.5,0.0413001
367.321,1,340,0.042309
368.187,1,339.5,0.0427999
369.053,1,339,0.0428781
369.919,1,338.5,0.0429416
370.785,1,338,0.0428232
371.651,1,337.5,0.0422531
372.517,1,337,0.0416483
373.383,1,336.5,0.0413928
374.249,1,336,0.0414024
375.115,1,335.5,0.0414854
375.981,1,335,0.0420815
376.847,1,334.5,0.0423661
377.713,1,334,0.0413699
378.579,1,333.5,0.039642
379.445,1,333,0.0383614
380.311,1,332.5,0.0368455
381.177,1,332,0.0361008
382.043,1,331.5,0.0358242
382.909,1,331,0.036146
383.775,1,330.5,0.0350645
384.641,1,330,0.0347211
385.507,1,329.5,0.03487
386.373,1,329,0.034211
387.239,1,328.5,0.033905
388.105,1,328,0.0337379
388.971,1,327.5,0.0334634
389.837,1,327,0.0331365
390.703,1,326.5,0.0331833
391.569,1,326,0.03336
392.435,1,325.5,0.0334314
393.301,1,325,0.0337206
394.167,1,324.5,0.0338325
395.033,1,324,0.0337738
395.899,1,323.5,0.0338252
396.765,1,323,0.0337659
397.631,1,322.5,0.0335838
398.497,1,322,0.0334014
399.363,1,321.5,0.0332108
400.229,1,321,0.0331497
401.095,1,320.5,0.0333614
401.962,1,320,0.0337584
402.828,1,319.5,0.0342543
403.694,1,319,0.0349005
404.56,1,318.5,0.0356841
405.426,1,318,0.0363496
406.292,1,317.5,0.0369116
407.158,1,317,0.0371174
408.024,1,316.5,0.0371189
408.89,1,316,0.036909
409.756,1,315.5,0.0365295
410.622,1,315,0.0362344
411.488,1,314.5,0.0360621
412.354,1,314,0.0359152
413.22,1,313.5,0.0358077
414.086,1,313,0.0357191
414.952,1,312.5,0.0361655
415.818,1,312,0.0370107
416.684,1,311.5,0.0381283
417.55,1,311,0.0387934
418.416,1,310.5,0.0390102
419.282,1,310,0.0391931
420.148,1,309.5,0.0391447
421.014,1,309,0.0387787
421.88,1,308.5,0.0382995
422.746,1,308,0.0376484
423.612,1,307.5,0.0367845
424.478,1,307,0.0356601
425.344,1,306.5,0.0341024
426.21,1,306,0.0315825
427.076,1,305.5,0.0286112
427.942,1,305,0.0252202
428.808,1,304.5,0.0247357
429.674,1,304,0.0247591
430.54,1,303.5,0.0250425
431.406,1,303,0.0246403
432.272,1,302.5,0.024818
433.138,1,302,0.0252263
434.004,1,301.5,0.0257291
434.87,1,301,0.0262617
435.737,1,300.5,0.0267411
436.603,1,300,0.027239
437.469,1,299.5,0.0277666
438.335,1,299,0.0282995
439.201,1,298.5,0.0289257
440.067,1,298,0.0298584
440.933,1,297.5,0.0310285
441.799,1,297,0.0324864
442.665,1,296.5,0.0337914
443.531,1,296,0.034877
444.397,1,295.5,0.0354115
445.263,1,295,0.0358308
446.129,1,294.5,0.0360631
446.995,1,294,0.0360194
447.861,1,293.5,0.0357972
448.727,1,293,0.0357124
449.593,1,292.5,0.0358891
450.459,1,292,0.0364161
451.325,1,291.5,0.038048
452.191,1,291,0.0401032
453.057,1,290.5,0.0425058
453.923,1,290,0.0447804
454.789,1,289.5,0.0471735
455.655,1,289,0.0490333
456.521,1,288.5,0.0500806
457.387,1,288,0.050773
458.253,1,287.5,0.0509675
459.119,1,287,0.0503759
459.985,1,286.5,0.0498209
460.851,1,286,0.0493143
461.717,1,285.5,0.0489483
462.583,1,285,0.0486158
463.449,1,284.5,0.0482276
464.315,1,284,0.0475065
465.181,1,283.5,0.0465186
466.047,1,283,0.0456021
466.913,1,282.5,0.0447571
467.779,1,282,0.0441268
468.645,1,281.5,0.0441259
469.512,1,281,0.0443953
470.378,1,280.5,0.044654
471.244,1,280,0.044902
472.11,1,279.5,0.0451393
472.976,1,279,0.0453659
473.842,1,278.5,0.0453742
474.708,1,278,0.0452976
475.574,1,277.5,0.0451521
476.44,1,277,0.0449379
477.306,1,276.5,0.0446548
478.172,1,276,0.0444054
479.038,1,275.5,0.0445052
479.904,1,275,0.0447053
480.77,1,274.5,0.0449173
481.636,1,274,0.0451413
482.502,1,273.5,0.0453773
483.368,1,273,0.0456253
484.234,1,272.5,0.0458589
485.1,1,272,0.0460183
485.966,1,271.5,0.0461569
486.832,1,271,0.0444054
487.698,1,270.5,0.0429284
488.564,1,270,0.041594
489.43,1,269.5,0.0405823
490.296,1,269,0.0391573
491.162,1,268.5,0.0376179
492.028,1,268,0.03625
492.894,1,267.5,0.035012
493.76,1,267,0.0338787
494.626,1,266.5,0.0330226
495.492,1,266,0.0327112
496.358,1,265.5,0.0323597
497.224,1,265,0.0320468
498.09,1,264.5,0.0317132
498.956,1,264,0.0313589
499.822,1,263.5,0.0313282
500.688,1,263,0.0313741
501.554,1,262.5,0.0314351
502.42,1,262,0.031913
503.286,1,261.5,0.0324514
504.153,1,261,0.0331571
505.019,1,260.5,0.0344719
505.885,1,260,0.0357666
506.751,1,259.5,0.0370154
507.617,1,259,0.038219
508.483,1,258.5,0.0394147
509.349,1,258,0.0405179
510.215,1,257.5,0.041206
511.081,1,257,0.0421493
511.947,1,256.5,0.0419672
512.813,1,256,0.0415713
513.679,1,255.5,0.0411833
514.545,1,255,0.0408031
515.411,1,254.5,0.0404308
516.277,1,254,0.0402369
517.143,1,253.5,0.0405271
518.009,1,253,0.0412831
518.875,1,252.5,0.0419498
519.741,1,252,0.0425271
520.607,1,251.5,0.0438682
521.473,1,251,0.0445045
522.339,1,250.5,0.0450247
523.205,1,250,0.0452736
524.071,1,249.5,0.0451159
524.937,1,249,0.0449961
525.803,1,248.5,0.0449739
526.669,1,248,0.0450683
527.535,1,247.5,0.0453005
528.401,1,247,0.0451036
529.267,1,246.5,0.0448533
530.133,1,246,0.0445356
530.999,1,245.5,0.0443097
531.865,1,245,0.044175
532.731,1,244.5,0.0441368
533.597,1,244,0.0441897
534.463,1,243.5,0.044326
535.329,1,243,0.044145
536.195,1,242.5,0.0439624
537.061,1,242,0.0437119
537.928,1,241.5,0.043248
538.794,1,241,0.0425967
539.66,1,240.5,0.0417386
540.526,1,240,0.0405418
541.392,1,239.5,0.0391469
542.258,1,239,0.0375538
543.124,1,238.5,0.0357625
543.99,1,238,0.0337731
544.856,1,237.5,0.0330288
545.722,1,237,0.0326053
546.588,1,236.5,0.0321801
547.454,1,236,0.0317533
548.32,1,235.5,0.0313248
549.186,1,235,0.0294771
550.052,1,234.5,0.0285547
550.918,1,234,0.0276467
551.784,1,233.5,0.0271023
552.65,1,233,0.0267478
553.516,1,232.5,0.0263473
554.382,1,232,0.0259469
555.248,1,231.5,0.0255309
556.114,1,231,0.0250961
556.98,1,230.5,0.0247672
557.846,1,230,0.0244737
558.712,1,229.5,0.0241748
559.578,1,229,0.0239986
560.444,1,228.5,0.0239941
561.31,1,228,0.0240497
562.176,1,227.5,0.0242532
563.042,1,227,0.0247635
563.908,1,226.5,0.0252792
564.774,1,226,0.025812
565.64,1,225.5,0.026389
566.506,1,225,0.0267593
567.372,1,224.5,0.0270259
568.238,1,224,0.0272315
569.104,1,223.5,0.0274145
569.97,1,223,0.027575
570.836,1,222.5,0.0282797
571.703,1,222,0.029121
572.569,1,221.5,0.0299214
573.435,1,221,0.0308225
574.301,1,220.5,0.0316545
575.167,1,220,0.0322045
576.033,1,219.5,0.0316658
576.899,1,219,0.0306094
577.765,1,218.5,0.029518
578.631,1,218,0.0283788
579.497,1,217.5,0.0272506
580.363,1,217,0.0265491
581.229,1,216.5,0.0260542
582.095,1,216,0.0257501
582.961,1,215.5,0.0255111
583.827,1,215,0.0253399
584.693,1,214.5,0.0254816
585.559,1,214,0.0260458
586.425,1,213.5,0.0267334
587.291,1,213,0.027572
588.157,1,212.5,0.0284105
589.023,1,212,0.0292377
589.889,1,211.5,0.0299251
590.755,1,211,0.0304174
591.621,1,210.5,0.0307081
592.487,1,210,0.0308796
593.353,1,209.5,0.0308239
594.219,1,209,0.0273703
595.085,1,208.5,0.028368
595.951,1,208,0.027273
596.817,1,207.5,0.0250005
597.683,1,207,0.0228588
598.549,1,206.5,0.0213386
599.415,1,206,0.0195503
600.281,1,205.5,0.0194238
601.147,1,205,0.019667
602.013,1,204.5,0.0196675
602.879,1,204,0.0189504
603.745,1,203.5,0.0184075
604.611,1,203,0.0188896
605.477,1,202.5,0.0205527
606.344,1,202,0.020815
607.21,1,201.5,0.0214216
608.076,1,201,0.0218626
608.942,1,200.5,0.0230994
609.808,1,200,0.02423
