x,y,z,b
90.1924,1,500,0.0132845
91.0584,1,499.5,0.0132273
91.9244,1,499,0.0131777
92.7905,1,498.5,0.0131612
93.6565,1,498,0.0131339
94.5225,1,497.5,0.0131063
95.3885,1,497,0.0131101
96.2546,1,496.5,0.0131099
97.1206,1,496,0.0131249
97.9866,1,495.5,0.0131697
98.8526,1,495,0.0132139
99.7187,1,494.5,0.0132574
100.585,1,494,0.0133157
101.451,1,493.5,0.0133654
102.317,1,493,0.0133639
103.183,1,492.5,0.0133829
104.049,1,492,0.0134171
104.915,1,491.5,0.0134619
105.781,1,491,0.0135254
106.647,1,490.5,0.0136009
107.513,1,490,0.0136552
108.379,1,489.5,0.0136853
109.245,1,489,0.0136907
110.111,1,488.5,0.0136721
110.977,1,488,0.0136502
111.843,1,487.5,0.0137302
112.709,1,487,0.0138293
113.575,1,486.5,0.0139479
114.441,1,486,0.0140862
115.307,1,485.5,0.0142415
116.173,1,485,0.0142479
117.039,1,484.5,0.0141747
117.905,1,484,0.0140947
118.771,1,483.5,0.014008
119.637,1,483,0.0139148
120.503,1,482.5,0.0138922
121.369,1,482,0.0140578
122.235,1,481.5,0.0141995
123.101,1,481,0.0143104
123.967,1,480.5,0.0143893
124.833,1,480,0.0144243
125.699,1,479.5,0.0143516
126.565,1,479,0.0142959
127.431,1,478.5,0.0142809
128.297,1,478,0.0143086
129.164,1,477.5,0.0143884
130.03,1,477,0.0144797
130.896,1,476.5,0.0144516
131.762,1,476,0.0143699
132.628,1,475.5,0.0142343
133.494,1,475,0.0140343
134.36,1,474.5,0.0137864
135.226,1,474,0.0138582
136.092,1,473.5,0.0140427
136.958,1,473,0.0142711
137.824,1,472.5,0.0145439
138.69,1,472,0.0148488
139.556,1,471.5,0.0149298
140.422,1,471,0.0145905
141.288,1,470.5,0.0142465
142.154,1,470,0.0139136
143.02,1,469.5,0.0135933
143.886,1,469,0.0133001
144.752,1,468.5,0.0136499
145.618,1,468,0.0140426
146.484,1,467.5,0.0144022
147.35,1,467,0.0147104
148.216,1,466.5,0.0149548
149.082,1,466,0.0149431
149.948,1,465.5,0.0146734
150.814,1,465,0.0144828
151.68,1,464.5,0.0143713
152.546,1,464,0.0143365
153.412,1,463.5,0.0143842
154.278,1,463,0.0145356
155.144,1,462.5,0.0146054
156.01,1,462,0.0146021
156.876,1,461.5,0.0145308
157.742,1,461,0.0143951
158.608,1,460.5,0.0142668
159.474,1,460,0.0142351
160.34,1,459.5,0.0142607
161.206,1,459,0.0143402
162.072,1,458.5,0.0144657
162.939,1,458,0.0146275
163.805,1,457.5,0.0144525
164.671,1,457,0.0142441
165.537,1,456.5,0.0140028
166.403,1,456,0.0137457
167.269,1,455.5,0.0134794
168.135,1,455,0.0134325
169.001,1,454.5,0.0135972
169.867,1,454,0.0137624
170.733,1,453.5,0.0139276
171.599,1,453,0.0140921
172.465,1,452.5,0.0142221
173.331,1,452,0.0140491
174.197,1,451.5,0.0138814
175.063,1,451,0.0137243
175.929,1,450.5,0.0135789
176.795,1,450,0.0134415
177.661,1,449.5,0.0134471
178.527,1,449,0.0135347
179.393,1,448.5,0.0136134
180.259,1,448,0.01368
181.125,1,447.5,0.0137354
181.991,1,447,0.0137597
182.857,1,446.5,0.0136642
183.723,1,446,0.013576
184.589,1,445.5,0.0134949
185.455,1,445,0.0134176
186.321,1,444.5,0.0133505
187.187,1,444,0.0133267
188.053,1,443.5,0.0133109
188.919,1,443,0.0132885
189.785,1,442.5,0.0132604
190.651,1,442,0.0132201
191.517,1,441.5,0.0131734
192.383,1,441,0.0131422
193.249,1,440.5,0.013124
194.115,1,440,0.0131227
194.981,1,439.5,0.01314
195.847,1,439,0.0131737
196.714,1,438.5,0.0131605
197.58,1,438,0.0131261
198.446,1,437.5,0.0130887
199.312,1,437,0.0130473
200.178,1,436.5,0.0130075
201.044,1,436,0.0129831
201.91,1,435.5,0.0129965
202.776,1,435,0.0130094
203.642,1,434.5,0.0130219
204.508,1,434,0.0130395
205.374,1,433.5,0.013056
206.24,1,433,0.0130784
207.106,1,432.5,0.0131361
207.972,1,432,0.0132189
208.838,1,431.5,0.0133215
209.704,1,431,0.0134628
210.57,1,430.5,0.0136166
211.436,1,430,0.0137479
212.302,1,429.5,0.0138992
213.168,1,429,0.0140704
214.034,1,428.5,0.0142444
214.9,1,428,0.0144232
215.766,1,427.5,0.014689
216.632,1,427,0.0149535
217.498,1,426.5,0.0151998
218.364,1,426,0.0154098
219.23,1,425.5,0.0155995
220.096,1,425,0.0157294
220.962,1,424.5,0.0157811
221.828,1,424,0.0158496
222.694,1,423.5,0.0159355
223.56,1,423,0.0160227
224.426,1,422.5,0.0161359
225.292,1,422,0.0161948
226.158,1,421.5,0.0161983
227.024,1,421,0.0161605
227.89,1,420.5,0.016088
228.756,1,420,0.0159751
229.622,1,419.5,0.0159186
230.488,1,419,0.0159645
231.355,1,418.5,0.0160181
232.221,1,418,0.0160716
233.087,1,417.5,0.0161279
233.953,1,417,0.0161827
234.819,1,416.5,0.0160207
235.685,1,416,0.0158573
236.551,1,415.5,0.0156947
237.417,1,415,0.0155165
238.283,1,414.5,0.0153489
239.149,1,414,0.0152709
240.015,1,413.5,0.0152515
240.881,1,413,0.0152198
241.747,1,412.5,0.0151774
242.613,1,412,0.0151165
243.479,1,411.5,0.0150393
244.345,1,411,0.0149107
245.211,1,410.5,0.01479
246.077,1,410,0.014678
246.943,1,409.5,0.0145769
247.809,1,409,0.0144857
248.675,1,408.5,0.0144126
249.541,1,408,0.0143455
250.407,1,407.5,0.0142741
251.273,1,407,0.0141992
252.139,1,406.5,0.0141205
253.005,1,406,0.0140437
253.871,1,405.5,0.0140196
254.737,1,405,0.0139933
255.603,1,404.5,0.0139647
256.469,1,404,0.0139536
257.335,1,403.5,0.0139398
258.201,1,403,0.0139073
259.067,1,402.5,0.0138601
259.933,1,402,0.0138103
260.799,1,401.5,0.0137587
261.665,1,401,0.0136983
262.531,1,400.5,0.0136314
263.397,1,400,0.0135501
264.263,1,399.5,0.0134503
265.13,1,399,0.0133333
265.996,1,398.5,0.0132117
266.862,1,398,0.0130857
267.728,1,397.5,0.0129238
268.594,1,397,0.0127507
269.46,1,396.5,0.0125805
270.326,1,396,0.0123995
271.192,1,395.5,0.0122123
272.058,1,395,0.0120134
272.924,1,394.5,0.0117618
273.79,1,394,0.0115118
274.656,1,393.5,0.0112639
275.522,1,393,0.0110972
276.388,1,392.5,0.0109609
277.254,1,392,0.010864
278.12,1,391.5,0.010834
278.986,1,391,0.0108373
279.852,1,390.5,0.0108482
280.718,1,390,0.0109021
281.584,1,389.5,0.0110104
282.45,1,389,0.0111544
283.316,1,388.5,0.0112838
284.182,1,388,0.0113456
285.048,1,387.5,0.0114092
285.914,1,387,0.0114155
286.78,1,386.5,0.0111734
287.646,1,386,0.0109205
288.512,1,385.5,0.0106526
289.378,1,385,0.0102606
290.244,1,384.5,0.00989469
291.11,1,384,0.00956514
291.976,1,383.5,0.00965359
292.842,1,383,0.00982297
293.708,1,382.5,0.0100248
294.574,1,382,0.0107978
295.44,1,381.5,0.011716
296.306,1,381,0.0131291
297.172,1,380.5,0.0162571
298.038,1,380,0.016789
298.905,1,379.5,0.0201825
299.771,1,379,0.0282741
300.637,1,378.5,0.0375126
301.503,1,378,0.0496005
302.369,1,377.5,0.0654822
303.235,1,377,0.0734446
304.101,1,376.5,0.0745667
304.967,1,376,0.0717121
305.833,1,375.5,0.067253
306.699,1,375,0.0643234
307.565,1,374.5,0.0668157
308.431,1,374,0.0739236
309.297,1,373.5,0.0804063
310.163,1,373,0.083245
311.029,1,372.5,0.0836369
311.895,1,372,0.0827595
312.761,1,371.5,0.0817165
313.627,1,371,0.0806752
314.493,1,370.5,0.0800132
315.359,1,370,0.07943
316.225,1,369.5,0.0788856
317.091,1,369,0.0780975
317.957,1,368.5,0.0771721
318.823,1,368,0.0756312
319.689,1,367.5,0.0735232
320.555,1,367,0.0708534
321.421,1,366.5,0.0674685
322.287,1,366,0.0641278
323.153,1,365.5,0.0606372
324.019,1,365,0.0585745
324.885,1,364.5,0.0562714
325.751,1,364,0.0549194
326.617,1,363.5,0.0544812
327.483,1,363,0.0530314
328.349,1,362.5,0.054871
329.215,1,362,0.0535312
330.081,1,361.5,0.0514538
330.947,1,361,0.0490455
331.813,1,360.5,0.0430793
332.679,1,360,0.0388756
333.546,1,359.5,0.0367451
334.412,1,359,0.0330654
335.278,1,358.5,0.0303227
336.144,1,358,0.0267728
337.01,1,357.5,0.0227684
337.876,1,357,0.0223893
338.742,1,356.5,0.0215451
339.608,1,356,0.0204713
340.474,1,355.5,0.0198774
341.34,1,355,0.0197339
342.206,1,354.5,0.0207111
343.072,1,354,0.0204898
343.938,1,353.5,0.0213531
344.804,1,353,0.0222777
345.67,1,352.5,0.0232083
346.536,1,352,0.0243731
347.402,1,351.5,0.0257733
348.268,1,351,0.0271347
349.134,1,350.5,0.0280704
350,1,350,0.0289605
350.866,1,349.5,0.030144
351.732,1,349,0.0313987
352.598,1,348.5,0.0321812
353.464,1,348,0.0323908
354.33,1,347.5,0.0326555
355.196,1,347,0.0328153
356.062,1,346.5,0.0329012
356.928,1,346,0.03301
357.794,1,345.5,0.0337729
358.66,1,345,0.0338106
359.526,1,344.5,0.0333237
360.392,1,344,0.0334744
361.258,1,343.5,0.0357354
362.124,1,343,0.0361711
362.99,1,342.5,0.0364169
363.856,1,342,0.0366773
364.722,1,341.5,0.0355197
365.588,1,341,0.0351441
366.454,1,340.5,0.0358451
367.321,1,340,0.0365095
368.187,1,339.5,0.0368468
369.053,1,339,0.0368245
369.919,1,338.5,0.0366624
370.785,1,338,0.03668
371.651,1,337.5,0.0370433
372.517,1,337,0.0376741
373.383,1,336.5,0.0388096
374.249,1,336,0.0399532
375.115,1,335.5,0.0408639
375.981,1,335,0.0416982
376.847,1,334.5,0.0426042
377.713,1,334,0.0433543
378.579,1,333.5,0.0439285
379.445,1,333,0.0445372
380.311,1,332.5,0.0447425
381.177,1,332,0.0447678
382.043,1,331.5,0.0446687
382.909,1,331,0.0438958
383.775,1,330.5,0.043188
384.641,1,330,0.0429629
385.507,1,329.5,0.0431596
386.373,1,329,0.0431885
387.239,1,328.5,0.0439438
388.105,1,328,0.0456572
388.971,1,327.5,0.0475333
389.837,1,327,0.0484312
390.703,1,326.5,0.0491018
391.569,1,326,0.0496532
392.435,1,325.5,0.0501687
393.301,1,325,0.0507679
394.167,1,324.5,0.0512083
395.033,1,324,0.0512655
395.899,1,323.5,0.0512546
396.765,1,323,0.0511842
397.631,1,322.5,0.0512537
398.497,1,322,0.0513904
399.363,1,321.5,0.0512962
400.229,1,321,0.0510455
401.095,1,320.5,0.0507577
401.962,1,320,0.0524578
402.828,1,319.5,0.0524737
403.694,1,319,0.0522198
404.56,1,318.5,0.0517002
405.426,1,318,0.0513379
406.292,1,317.5,0.0513604
407.158,1,317,0.0518973
408.024,1,316.5,0.0527373
408.89,1,316,0.0539326
409.756,1,315.5,0.0553713
410.622,1,315,0.0568889
411.488,1,314.5,0.058101
412.354,1,314,0.0590438
413.22,1,313.5,0.0597194
414.086,1,313,0.0600126
414.952,1,312.5,0.0601669
415.818,1,312,0.0601825
416.684,1,311.5,0.0604365
417.55,1,311,0.0601723
418.416,1,310.5,0.0597331
419.282,1,310,0.0589445
420.148,1,309.5,0.0579955
421.014,1,309,0.0571296
421.88,1,308.5,0.0563591
422.746,1,308,0.0557258
423.612,1,307.5,0.0553719
424.478,1,307,0.0554896
425.344,1,306.5,0.0556479
426.21,1,306,0.0559248
427.076,1,305.5,0.0560497
427.942,1,305,0.056024
428.808,1,304.5,0.0563693
429.674,1,304,0.0567578
430.54,1,303.5,0.0563275
431.406,1,303,0.0557847
432.272,1,302.5,0.0557865
433.138,1,302,0.0561503
434.004,1,301.5,0.0564873
434.87,1,301,0.0571377
435.737,1,300.5,0.0577531
436.603,1,300,0.0579083
437.469,1,299.5,0.0580951
438.335,1,299,0.0581966
439.201,1,298.5,0.0581508
440.067,1,298,0.0579645
440.933,1,297.5,0.0577417
441.799,1,297,0.0576203
442.665,1,296.5,0.0580401
443.531,1,296,0.058185
444.397,1,295.5,0.0584261
445.263,1,295,0.058971
446.129,1,294.5,0.0600997
446.995,1,294,0.0615299
447.861,1,293.5,0.0630371
448.727,1,293,0.0650825
449.593,1,292.5,0.0672593
450.459,1,292,0.0692831
451.325,1,291.5,0.0712787
452.191,1,291,0.0718674
453.057,1,290.5,0.070576
453.923,1,290,0.0694003
454.789,1,289.5,0.0664193
455.655,1,289,0.0665602
456.521,1,288.5,0.06675
457.387,1,288,0.066845
458.253,1,287.5,0.0669327
459.119,1,287,0.0670454
459.985,1,286.5,0.0671143
460.851,1,286,0.0670341
461.717,1,285.5,0.0668049
462.583,1,285,0.066459
463.449,1,284.5,0.0659245
464.315,1,284,0.065155
465.181,1,283.5,0.0641508
466.047,1,283,0.0629116
466.913,1,282.5,0.0614376
467.779,1,282,0.0598118
468.645,1,281.5,0.0587349
469.512,1,281,0.0587518
470.378,1,280.5,0.0588844
471.244,1,280,0.0591327
472.11,1,279.5,0.0594969
472.976,1,279,0.0599768
473.842,1,278.5,0.0546928
474.708,1,278,0.0533683
475.574,1,277.5,0.0522687
476.44,1,277,0.0529207
477.306,1,276.5,0.0537699
478.172,1,276,0.0550518
479.038,1,275.5,0.0564494
479.904,1,275,0.0579751
480.77,1,274.5,0.0597524
481.636,1,274,0.06132
482.502,1,273.5,0.0628809
483.368,1,273,0.0647618
484.234,1,272.5,0.0666952
485.1,1,272,0.0685975
485.966,1,271.5,0.0704814
486.832,1,271,0.0727848
487.698,1,270.5,0.0755065
488.564,1,270,0.0779478
489.43,1,269.5,0.079943
490.296,1,269,0.0823589
491.162,1,268.5,0.083707
492.028,1,268,0.0847928
492.894,1,267.5,0.0857893
493.76,1,267,0.0866444
494.626,1,266.5,0.0870565
495.492,1,266,0.086852
496.358,1,265.5,0.0868139
497.224,1,265,0.0867525
498.09,1,264.5,0.0868071
498.956,1,264,0.0869778
499.822,1,263.5,0.086036
500.688,1,263,0.0851277
501.554,1,262.5,0.0847034
502.42,1,262,0.0844906
503.286,1,261.5,0.084513
504.153,1,261,0.0846375
505.019,1,260.5,0.0843801
505.885,1,260,0.0843039
506.751,1,259.5,0.0849257
507.617,1,259,0.084919
508.483,1,258.5,0.0847247
509.349,1,258,0.0846638
510.215,1,257.5,0.0845551
511.081,1,257,0.0844394
511.947,1,256.5,0.0843511
512.813,1,256,0.0840561
513.679,1,255.5,0.0838303
514.545,1,255,0.0837477
515.411,1,254.5,0.0834259
516.277,1,254,0.0831744
517.143,1,253.5,0.0829361
518.009,1,253,0.0822341
518.875,1,252.5,0.0816557
519.741,1,252,0.0831341
520.607,1,251.5,0.0819384
521.473,1,251,0.0743898
522.339,1,250.5,0.0602751
523.205,1,250,0.0512992
524.071,1,249.5,0.0495519
524.937,1,249,0.05026
525.803,1,248.5,0.0520442
526.669,1,248,0.0531032
527.535,1,247.5,0.052119
528.401,1,247,0.0509267
529.267,1,246.5,0.0486032
530.133,1,246,0.0463794
530.999,1,245.5,0.0444457
531.865,1,245,0.0430217
532.731,1,244.5,0.0419112
533.597,1,244,0.0412119
534.463,1,243.5,0.0414975
535.329,1,243,0.0412679
536.195,1,242.5,0.0400799
537.061,1,242,0.0392947
537.928,1,241.5,0.0392121
538.794,1,241,0.0391672
539.66,1,240.5,0.042981
540.526,1,240,0.0416593
541.392,1,239.5,0.0408368
542.258,1,239,0.0417315
543.124,1,238.5,0.0415065
543.99,1,238,0.040665
544.856,1,237.5,0.0396182
545.722,1,237,0.0384211
546.588,1,236.5,0.0378958
547.454,1,236,0.0358808
548.32,1,235.5,0.0369388
549.186,1,235,0.0373588
550.052,1,234.5,0.0365534
550.918,1,234,0.0355779
551.784,1,233.5,0.0342321
552.65,1,233,0.032959
553.516,1,232.5,0.0317927
554.382,1,232,0.031044
555.248,1,231.5,0.0304171
556.114,1,231,0.0296405
556.98,1,230.5,0.0293351
557.846,1,230,0.0291071
558.712,1,229.5,0.028308
559.578,1,229,0.0278044
560.444,1,228.5,0.0276969
561.31,1,228,0.0281716
562.176,1,227.5,0.0289371
563.042,1,227,0.029846
563.908,1,226.5,0.0305149
564.774,1,226,0.0309007
565.64,1,225.5,0.0308496
566.506,1,225,0.0307093
567.372,1,224.5,0.0305265
568.238,1,224,0.0301993
569.104,1,223.5,0.0299496
569.97,1,223,0.0297794
570.836,1,222.5,0.0299165
571.703,1,222,0.0301502
572.569,1,221.5,0.030406
573.435,1,221,0.0305533
574.301,1,220.5,0.0306519
575.167,1,220,0.0307478
576.033,1,219.5,0.0306169
576.899,1,219,0.0303867
577.765,1,218.5,0.0302585
578.631,1,218,0.0299909
579.497,1,217.5,0.0292547
580.363,1,217,0.0286023
581.229,1,216.5,0.0282327
582.095,1,216,0.0280784
582.961,1,215.5,0.0277338
583.827,1,215,0.0271982
584.693,1,214.5,0.0265694
585.559,1,214,0.026105
586.425,1,213.5,0.0257704
587.291,1,213,0.0257747
588.157,1,212.5,0.0257533
589.023,1,212,0.0256684
589.889,1,211.5,0.025489
590.755,1,211,0.0253637
591.621,1,210.5,0.0252826
592.487,1,210,0.0252535
593.353,1,209.5,0.0252757
594.219,1,209,0.0253053
595.085,1,208.5,0.0252906
595.951,1,208,0.0253018
596.817,1,207.5,0.0253202
597.683,1,207,0.0253464
598.549,1,206.5,0.0253794
599.415,1,206,0.0253697
600.281,1,205.5,0.025326
601.147,1,205,0.0251908
602.013,1,204.5,0.0250346
602.879,1,204,0.0248574
603.745,1,203.5,0.0245088
604.611,1,203,0.0241669
605.477,1,202.5,0.0238113
606.344,1,202,0.0233484
607.21,1,201.5,0.0228794
608.076,1,201,0.0224341
608.942,1,200.5,0.0223551
609.808,1,200,0.0223462
