x,y,z,b
90.1924,1,500,0.0150506
91.0584,1,499.5,0.0150339
91.9244,1,499,0.0150173
92.7905,1,498.5,0.0150168
93.6565,1,498,0.0150172
94.5225,1,497.5,0.0150187
95.3885,1,497,0.0150214
96.2546,1,496.5,0.0150238
97.1206,1,496,0.0150351
97.9866,1,495.5,0.0150492
98.8526,1,495,0.0150635
99.7187,1,494.5,0.0150782
100.585,1,494,0.0150863
101.451,1,493.5,0.0150925
102.317,1,493,0.0150823
103.183,1,492.5,0.0150609
104.049,1,492,0.0150324
104.915,1,491.5,0.014999
105.781,1,491,0.0149602
106.647,1,490.5,0.0149335
107.513,1,490,0.0149166
108.379,1,489.5,0.0149029
109.245,1,489,0.0148929
110.111,1,488.5,0.0148844
110.977,1,488,0.0148648
111.843,1,487.5,0.014782
112.709,1,487,0.0146964
113.575,1,486.5,0.0146084
114.441,1,486,0.0145221
115.307,1,485.5,0.014435
116.173,1,485,0.0143885
117.039,1,484.5,0.014359
117.905,1,484,0.0143217
118.771,1,483.5,0.0142763
119.637,1,483,0.0142205
120.503,1,482.5,0.0141502
121.369,1,482,0.0140757
122.235,1,481.5,0.0140128
123.101,1,481,0.0139601
123.967,1,480.5,0.0139181
124.833,1,480,0.0138814
125.699,1,479.5,0.0137899
126.565,1,479,0.0136673
127.431,1,478.5,0.0135356
128.297,1,478,0.0134019
129.164,1,477.5,0.0132498
130.03,1,477,0.0131511
130.896,1,476.5,0.013243
131.762,1,476,0.0133386
132.628,1,475.5,0.013438
133.494,1,475,0.0135605
134.36,1,474.5,0.0136855
135.226,1,474,0.0136493
136.092,1,473.5,0.0135951
136.958,1,473,0.0135488
137.824,1,472.5,0.013508
138.69,1,472,0.0134896
139.556,1,471.5,0.0135432
140.422,1,471,0.0136802
141.288,1,470.5,0.0137998
142.154,1,470,0.0138979
143.02,1,469.5,0.0139722
143.886,1,469,0.0140128
144.752,1,468.5,0.0139893
145.618,1,468,0.0139774
146.484,1,467.5,0.0139767
147.35,1,467,0.0139679
148.216,1,466.5,0.0139682
149.082,1,466,0.0139678
149.948,1,465.5,0.0139279
150.814,1,465,0.0138825
151.68,1,464.5,0.0138318
152.546,1,464,0.0137459
153.412,1,463.5,0.0136525
154.278,1,463,0.0136283
155.144,1,462.5,0.0135817
156.01,1,462,0.0135272
156.876,1,461.5,0.0134745
157.742,1,461,0.0134152
158.608,1,460.5,0.0133477
159.474,1,460,0.013281
160.34,1,459.5,0.0132217
161.206,1,459,0.0131717
162.072,1,458.5,0.0131278
162.939,1,458,0.0130896
163.805,1,457.5,0.0130611
164.671,1,457,0.0130348
165.537,1,456.5,0.0130196
166.403,1,456,0.0130716
167.269,1,455.5,0.0131302
168.135,1,455,0.0131103
169.001,1,454.5,0.0130459
169.867,1,454,0.0129828
170.733,1,453.5,0.0129202
171.599,1,453,0.0128896
172.465,1,452.5,0.01288
173.331,1,452,0.0129843
174.197,1,451.5,0.0131251
175.063,1,451,0.0132853
175.929,1,450.5,0.0134484
176.795,1,450,0.0136266
177.661,1,449.5,0.0137613
178.527,1,449,0.0138656
179.393,1,448.5,0.0139806
180.259,1,448,0.0141099
181.125,1,447.5,0.014247
181.991,1,447,0.0143963
182.857,1,446.5,0.0145742
183.723,1,446,0.0147487
184.589,1,445.5,0.0149193
185.455,1,445,0.0150691
186.321,1,444.5,0.0152154
187.187,1,444,0.0153566
188.053,1,443.5,0.0154726
188.919,1,443,0.0155864
189.785,1,442.5,0.0157021
190.651,1,442,0.0158138
191.517,1,441.5,0.0159328
192.383,1,441,0.0160873
193.249,1,440.5,0.0162105
194.115,1,440,0.0163049
194.981,1,439.5,0.0163938
195.847,1,439,0.0164569
196.714,1,438.5,0.0164714
197.58,1,438,0.0164849
198.446,1,437.5,0.0164984
199.312,1,437,0.0164993
200.178,1,436.5,0.0165041
201.044,1,436,0.0165084
201.91,1,435.5,0.0164827
202.776,1,435,0.0164554
203.642,1,434.5,0.0164265
204.508,1,434,0.0163684
205.374,1,433.5,0.0163061
206.24,1,433,0.01624
207.106,1,432.5,0.0161607
207.972,1,432,0.0160797
208.838,1,431.5,0.0160025
209.704,1,431,0.015919
210.57,1,430.5,0.0158212
211.436,1,430,0.0157021
212.302,1,429.5,0.0155786
213.168,1,429,0.0154501
214.034,1,428.5,0.0153195
214.9,1,428,0.0151878
215.766,1,427.5,0.0150444
216.632,1,427,0.0149001
217.498,1,426.5,0.0147587
218.364,1,426,0.0146288
219.23,1,425.5,0.0145017
220.096,1,425,0.0143817
220.962,1,424.5,0.0142742
221.828,1,424,0.0141658
222.694,1,423.5,0.0140562
223.56,1,423,0.0139362
224.426,1,422.5,0.0138124
225.292,1,422,0.0137022
226.158,1,421.5,0.0135777
227.024,1,421,0.0134456
227.89,1,420.5,0.0133123
228.756,1,420,0.0131734
229.622,1,419.5,0.0130136
230.488,1,419,0.0128326
231.355,1,418.5,0.0126502
232.221,1,418,0.0124697
233.087,1,417.5,0.0122946
233.953,1,417,0.0121216
234.819,1,416.5,0.011963
235.685,1,416,0.0118187
236.551,1,415.5,0.0116895
237.417,1,415,0.0116011
238.283,1,414.5,0.0115171
239.149,1,414,0.0114318
240.015,1,413.5,0.0114155
240.881,1,413,0.0114105
241.747,1,412.5,0.0114066
242.613,1,412,0.0114113
243.479,1,411.5,0.011418
244.345,1,411,0.0114108
245.211,1,410.5,0.0114049
246.077,1,410,0.0114
246.943,1,409.5,0.0113935
247.809,1,409,0.0113889
248.675,1,408.5,0.0113909
249.541,1,408,0.0113962
250.407,1,407.5,0.0114062
251.273,1,407,0.0114263
252.139,1,406.5,0.0114484
253.005,1,406,0.0114737
253.871,1,405.5,0.0115061
254.737,1,405,0.0115322
255.603,1,404.5,0.0115519
256.469,1,404,0.0115508
257.335,1,403.5,0.0115451
258.201,1,403,0.0115658
259.067,1,402.5,0.0116015
259.933,1,402,0.0116391
260.799,1,401.5,0.0116798
261.665,1,401,0.0117223
262.531,1,400.5,0.0117628
263.397,1,400,0.0117959
264.263,1,399.5,0.0118278
265.13,1,399,0.0118568
265.996,1,398.5,0.0118865
266.862,1,398,0.0119122
267.728,1,397.5,0.0119346
268.594,1,397,0.0119584
269.46,1,396.5,0.0119797
270.326,1,396,0.0119948
271.192,1,395.5,0.0120018
272.058,1,395,0.0120098
272.924,1,394.5,0.0120992
273.79,1,394,0.0121923
274.656,1,393.5,0.0122883
275.522,1,393,0.0124223
276.388,1,392.5,0.0125655
277.254,1,392,0.0126607
278.12,1,391.5,0.0127728
278.986,1,391,0.0129101
279.852,1,390.5,0.013058
280.718,1,390,0.0132679
281.584,1,389.5,0.0135496
282.45,1,389,0.013844
283.316,1,388.5,0.0140981
284.182,1,388,0.0142331
285.048,1,387.5,0.0143346
285.914,1,387,0.0143785
286.78,1,386.5,0.0143516
287.646,1,386,0.0143352
288.512,1,385.5,0.0143185
289.378,1,385,0.0142543
290.244,1,384.5,0.0141952
291.11,1,384,0.0141919
291.976,1,383.5,0.0143864
292.842,1,383,0.0145607
293.708,1,382.5,0.0146999
294.574,1,382,0.0149005
295.44,1,381.5,0.015094
296.306,1,381,0.0155552
297.172,1,380.5,0.0161561
298.038,1,380,0.0168158
298.905,1,379.5,0.0174976
299.771,1,379,0.0181885
300.637,1,378.5,0.0185644
301.503,1,378,0.018511
302.369,1,377.5,0.0184069
303.235,1,377,0.0170095
304.101,1,376.5,0.0162832
304.967,1,376,0.0164516
305.833,1,375.5,0.0165968
306.699,1,375,0.0166608
307.565,1,374.5,0.01667
308.431,1,374,0.0166738
309.297,1,373.5,0.016924
310.163,1,373,0.0173629
311.029,1,372.5,0.01799
311.895,1,372,0.0189026
312.761,1,371.5,0.0198646
313.627,1,371,0.0209623
314.493,1,370.5,0.022187
315.359,1,370,0.0233826
316.225,1,369.5,0.0244721
317.091,1,369,0.0254352
317.957,1,368.5,0.0262818
318.823,1,368,0.0277251
319.689,1,367.5,0.0293057
320.555,1,367,0.0308725
321.421,1,366.5,0.0321127
322.287,1,366,0.0332573
323.153,1,365.5,0.0352379
324.019,1,365,0.0379122
324.885,1,364.5,0.0400684
325.751,1,364,0.0426974
326.617,1,363.5,0.0452241
327.483,1,363,0.0467097
328.349,1,362.5,0.04781
329.215,1,362,0.0484652
330.081,1,361.5,0.0489503
330.947,1,361,0.0492945
331.813,1,360.5,0.0495329
332.679,1,360,0.049789
333.546,1,359.5,0.0500965
334.412,1,359,0.0499439
335.278,1,358.5,0.0503117
336.144,1,358,0.0507068
337.01,1,357.5,0.05109
337.876,1,357,0.050967
338.742,1,356.5,0.0508817
339.608,1,356,0.0508589
340.474,1,355.5,0.0509907
341.34,1,355,0.0509911
342.206,1,354.5,0.0505746
343.072,1,354,0.0500535
343.938,1,353.5,0.0494197
344.804,1,353,0.0487869
345.67,1,352.5,0.0481532
346.536,1,352,0.0470236
347.402,1,351.5,0.0457056
348.268,1,351,0.0444887
349.134,1,350.5,0.0435515
350,1,350,0.0427743
350.866,1,349.5,0.0421174
351.732,1,349,0.0416384
352.598,1,348.5,0.0411393
353.464,1,348,0.0406592
354.33,1,347.5,0.0402569
355.196,1,347,0.0402366
356.062,1,346.5,0.0401289
356.928,1,346,0.0399789
357.794,1,345.5,0.0403881
358.66,1,345,0.0407982
359.526,1,344.5,0.0411441
360.392,1,344,0.0413395
361.258,1,343.5,0.0415995
362.124,1,343,0.0420815
362.99,1,342.5,0.0425616
363.856,1,342,0.0428497
364.722,1,341.5,0.0430293
365.588,1,341,0.0430662
366.454,1,340.5,0.0433721
367.321,1,340,0.043582
368.187,1,339.5,0.0441115
369.053,1,339,0.0454276
369.919,1,338.5,0.0462461
370.785,1,338,0.0472462
371.651,1,337.5,0.0486173
372.517,1,337,0.0496949
373.383,1,336.5,0.0502249
374.249,1,336,0.0508878
375.115,1,335.5,0.051458
375.981,1,335,0.0516971
376.847,1,334.5,0.0516239
377.713,1,334,0.0495155
378.579,1,333.5,0.0480064
379.445,1,333,0.0458455
380.311,1,332.5,0.0435358
381.177,1,332,0.0414787
382.043,1,331.5,0.0419949
382.909,1,331,0.0441432
383.775,1,330.5,0.0471756
384.641,1,330,0.052645
385.507,1,329.5,0.0595744
386.373,1,329,0.0660335
387.239,1,328.5,0.0706391
388.105,1,328,0.0736559
388.971,1,327.5,0.0760576
389.837,1,327,0.0778622
390.703,1,326.5,0.0794171
391.569,1,326,0.0803266
392.435,1,325.5,0.0808137
393.301,1,325,0.0809641
394.167,1,324.5,0.0816644
395.033,1,324,0.0828684
395.899,1,323.5,0.0826354
396.765,1,323,0.0827556
397.631,1,322.5,0.0833276
398.497,1,322,0.0842296
399.363,1,321.5,0.085277
400.229,1,321,0.0864194
401.095,1,320.5,0.0872165
401.962,1,320,0.0884015
402.828,1,319.5,0.0895382
403.694,1,319,0.0909031
404.56,1,318.5,0.0924654
405.426,1,318,0.0940314
406.292,1,317.5,0.096964
407.158,1,317,0.101848
408.024,1,316.5,0.102555
408.89,1,316,0.103595
409.756,1,315.5,0.104517
410.622,1,315,0.10526
411.488,1,314.5,0.104519
412.354,1,314,0.103375
413.22,1,313.5,0.101405
414.086,1,313,0.0991354
414.952,1,312.5,0.0970331
415.818,1,312,0.0938014
416.684,1,311.5,0.089789
417.55,1,311,0.0853832
418.416,1,310.5,0.084646
419.282,1,310,0.083986
420.148,1,309.5,0.0853623
421.014,1,309,0.0891502
421.88,1,308.5,0.0912725
422.746,1,308,0.0945026
423.612,1,307.5,0.099545
424.478,1,307,0.105111
425.344,1,306.5,0.106567
426.21,1,306,0.108419
427.076,1,305.5,0.111096
427.942,1,305,0.110164
428.808,1,304.5,0.1089
429.674,1,304,0.108513
430.54,1,303.5,0.107713
431.406,1,303,0.105909
432.272,1,302.5,0.102119
433.138,1,302,0.0972006
434.004,1,301.5,0.0919154
434.87,1,301,0.0841871
435.737,1,300.5,0.0743127
436.603,1,300,0.0641055
437.469,1,299.5,0.0612796
438.335,1,299,0.0605932
439.201,1,298.5,0.0618689
440.067,1,298,0.063342
440.933,1,297.5,0.0642636
441.799,1,297,0.0649185
442.665,1,296.5,0.0662956
443.531,1,296,0.0690172
444.397,1,295.5,0.0715924
445.263,1,295,0.074135
446.129,1,294.5,0.0756265
446.995,1,294,0.0764343
447.861,1,293.5,0.0776596
448.727,1,293,0.0783421
449.593,1,292.5,0.0785272
450.459,1,292,0.078328
451.325,1,291.5,0.0750713
452.191,1,291,0.0704985
453.057,1,290.5,0.0646521
453.923,1,290,0.0596443
454.789,1,289.5,0.0553902
455.655,1,289,0.0527181
456.521,1,288.5,0.0503671
457.387,1,288,0.0477044
458.253,1,287.5,0.0472313
459.119,1,287,0.0485241
459.985,1,286.5,0.0512435
460.851,1,286,0.0562166
461.717,1,285.5,0.0579552
462.583,1,285,0.0548389
463.449,1,284.5,0.0550656
464.315,1,284,0.0596941
465.181,1,283.5,0.0622387
466.047,1,283,0.063281
466.913,1,282.5,0.0644723
467.779,1,282,0.0611403
468.645,1,281.5,0.0611832
469.512,1,281,0.0567895
470.378,1,280.5,0.0522418
471.244,1,280,0.0489992
472.11,1,279.5,0.0469643
472.976,1,279,0.046248
473.842,1,278.5,0.0461403
474.708,1,278,0.0428298
475.574,1,277.5,0.0410286
476.44,1,277,0.040267
477.306,1,276.5,0.0398579
478.172,1,276,0.0398494
479.038,1,275.5,0.0398021
479.904,1,275,0.039711
480.77,1,274.5,0.0394699
481.636,1,274,0.0392206
482.502,1,273.5,0.0388974
483.368,1,273,0.038305
484.234,1,272.5,0.037495
485.1,1,272,0.0365447
485.966,1,271.5,0.0361898
486.832,1,271,0.0360502
487.698,1,270.5,0.0360104
488.564,1,270,0.036116
489.43,1,269.5,0.0363236
490.296,1,269,0.0369988
491.162,1,268.5,0.0379743
492.028,1,268,0.0389762
492.894,1,267.5,0.0396397
493.76,1,267,0.0398991
494.626,1,266.5,0.0402132
495.492,1,266,0.0400914
496.358,1,265.5,0.0395849
497.224,1,265,0.0388563
498.09,1,264.5,0.0380924
498.956,1,264,0.0374241
499.822,1,263.5,0.0368515
500.688,1,263,0.0365686
501.554,1,262.5,0.0366413
502.42,1,262,0.0359267
503.286,1,261.5,0.0353924
504.153,1,261,0.0347763
505.019,1,260.5,0.0343243
505.885,1,260,0.0338418
506.751,1,259.5,0.0333176
507.617,1,259,0.0332214
508.483,1,258.5,0.0336797
509.349,1,258,0.0343128
510.215,1,257.5,0.0349361
511.081,1,257,0.0355018
511.947,1,256.5,0.0359152
512.813,1,256,0.0361628
513.679,1,255.5,0.0362348
514.545,1,255,0.0362946
515.411,1,254.5,0.0363445
516.277,1,254,0.03656
517.143,1,253.5,0.0367997
518.009,1,253,0.0370601
518.875,1,252.5,0.0381443
519.741,1,252,0.0394742
520.607,1,251.5,0.0408819
521.473,1,251,0.0425339
522.339,1,250.5,0.0442549
523.205,1,250,0.0458977
524.071,1,249.5,0.0468238
524.937,1,249,0.0471243
525.803,1,248.5,0.0473108
526.669,1,248,0.0473039
527.535,1,247.5,0.0471043
528.401,1,247,0.0470063
529.267,1,246.5,0.0468949
530.133,1,246,0.0467672
530.999,1,245.5,0.0464596
531.865,1,245,0.045966
532.731,1,244.5,0.0451008
533.597,1,244,0.0440631
534.463,1,243.5,0.0429381
535.329,1,243,0.0417945
536.195,1,242.5,0.0406599
537.061,1,242,0.0395304
537.928,1,241.5,0.0384808
538.794,1,241,0.0372249
539.66,1,240.5,0.035853
540.526,1,240,0.0346719
541.392,1,239.5,0.0335498
542.258,1,239,0.0323695
543.124,1,238.5,0.0317658
543.99,1,238,0.0315407
544.856,1,237.5,0.0313965
545.722,1,237,0.0312763
546.588,1,236.5,0.0308967
547.454,1,236,0.0299258
548.32,1,235.5,0.028991
549.186,1,235,0.0279293
550.052,1,234.5,0.0270182
550.918,1,234,0.0262578
551.784,1,233.5,0.0257945
552.65,1,233,0.0255267
553.516,1,232.5,0.0252993
554.382,1,232,0.0250874
555.248,1,231.5,0.0249153
556.114,1,231,0.0247607
556.98,1,230.5,0.0243435
557.846,1,230,0.023903
558.712,1,229.5,0.0234588
559.578,1,229,0.0230278
560.444,1,228.5,0.0226472
561.31,1,228,0.0224433
562.176,1,227.5,0.0223793
563.042,1,227,0.0224319
563.908,1,226.5,0.0225158
564.774,1,226,0.0226663
565.64,1,225.5,0.0230958
566.506,1,225,0.0235979
567.372,1,224.5,0.0241336
568.238,1,224,0.0247734
569.104,1,223.5,0.0254245
569.97,1,223,0.0260858
570.836,1,222.5,0.0265161
571.703,1,222,0.0268694
572.569,1,221.5,0.0272178
573.435,1,221,0.0275438
574.301,1,220.5,0.0278794
575.167,1,220,0.0281239
576.033,1,219.5,0.0279689
576.899,1,219,0.0277874
577.765,1,218.5,0.0275946
578.631,1,218,0.0273316
579.497,1,217.5,0.0270089
580.363,1,217,0.02685
581.229,1,216.5,0.0267301
582.095,1,216,0.0265487
582.961,1,215.5,0.0264579
583.827,1,215,0.0264478
584.693,1,214.5,0.0263236
585.559,1,214,0.0263531
586.425,1,213.5,0.0264453
587.291,1,213,0.0264302
588.157,1,212.5,0.0264204
589.023,1,212,0.0264357
589.889,1,211.5,0.0263056
590.755,1,211,0.0261189
591.621,1,210.5,0.0259341
592.487,1,210,0.0255125
593.353,1,209.5,0.0249079
594.219,1,209,0.0242785
595.085,1,208.5,0.0236127
595.951,1,208,0.0229498
596.817,1,207.5,0.0223005
597.683,1,207,0.0218038
598.549,1,206.5,0.0217094
599.415,1,206,0.0218213
600.281,1,205.5,0.0220038
601.147,1,205,0.0223384
602.013,1,204.5,0.0226835
602.879,1,204,0.0230392
603.745,1,203.5,0.0234612
604.611,1,203,0.0239102
605.477,1,202.5,0.0243738
606.344,1,202,0.024787
607.21,1,201.5,0.0251622
608.076,1,201,0.0255129
608.942,1,200.5,0.0256316
609.808,1,200,0.0256495
