x,y,z,b
90.1924,1,500,0.0143495
91.0584,1,499.5,0.0143005
91.9244,1,499,0.0142543
92.7905,1,498.5,0.014228
93.6565,1,498,0.0142091
94.5225,1,497.5,0.0141988
95.3885,1,497,0.0141978
96.2546,1,496.5,0.0142002
97.1206,1,496,0.0141797
97.9866,1,495.5,0.0141376
98.8526,1,495,0.0140898
99.7187,1,494.5,0.0140364
100.585,1,494,0.0139849
101.451,1,493.5,0.0139263
102.317,1,493,0.0139437
103.183,1,492.5,0.0140047
104.049,1,492,0.0140841
104.915,1,491.5,0.0141724
105.781,1,491,0.0142744
106.647,1,490.5,0.0142944
107.513,1,490,0.0142624
108.379,1,489.5,0.0142318
109.245,1,489,0.014211
110.111,1,488.5,0.0141992
110.977,1,488,0.0142232
111.843,1,487.5,0.0143614
112.709,1,487,0.0144778
113.575,1,486.5,0.0145718
114.441,1,486,0.014636
115.307,1,485.5,0.0146727
116.173,1,485,0.0146918
117.039,1,484.5,0.0147245
117.905,1,484,0.0147885
118.771,1,483.5,0.0148841
119.637,1,483,0.0149797
120.503,1,482.5,0.0150503
121.369,1,482,0.0149947
122.235,1,481.5,0.0149008
123.101,1,481,0.0147821
123.967,1,480.5,0.0146479
124.833,1,480,0.0145022
125.699,1,479.5,0.0145406
126.565,1,479,0.0146363
127.431,1,478.5,0.0147312
128.297,1,478,0.014814
129.164,1,477.5,0.0148813
130.03,1,477,0.0148789
130.896,1,476.5,0.0147547
131.762,1,476,0.0146482
132.628,1,475.5,0.0145594
133.494,1,475,0.0144911
134.36,1,474.5,0.0144374
135.226,1,474,0.014455
136.092,1,473.5,0.0144837
136.958,1,473,0.0145063
137.824,1,472.5,0.0145217
138.69,1,472,0.0145364
139.556,1,471.5,0.0145399
140.422,1,471,0.0145371
141.288,1,470.5,0.0145468
142.154,1,470,0.0145675
143.02,1,469.5,0.0145978
143.886,1,469,0.0146361
144.752,1,468.5,0.0146483
145.618,1,468,0.0146531
146.484,1,467.5,0.0146518
147.35,1,467,0.0146417
148.216,1,466.5,0.014629
149.082,1,466,0.0146289
149.948,1,465.5,0.0146405
150.814,1,465,0.0146498
151.68,1,464.5,0.0146567
152.546,1,464,0.0146555
153.412,1,463.5,0.0146522
154.278,1,463,0.01458
155.144,1,462.5,0.0144955
156.01,1,462,0.0144046
156.876,1,461.5,0.0143085
157.742,1,461,0.0142058
158.608,1,460.5,0.0141483
159.474,1,460,0.0141414
160.34,1,459.5,0.0141299
161.206,1,459,0.0141125
162.072,1,458.5,0.0140907
162.939,1,458,0.0140626
163.805,1,457.5,0.0139541
164.671,1,457,0.0138524
165.537,1,456.5,0.0137594
166.403,1,456,0.0136911
167.269,1,455.5,0.0136377
168.135,1,455,0.0136035
169.001,1,454.5,0.0136017
169.867,1,454,0.0135882
170.733,1,453.5,0.0135617
171.599,1,453,0.0135522
172.465,1,452.5,0.0135507
173.331,1,452,0.0135799
174.197,1,451.5,0.0136262
175.063,1,451,0.0136852
175.929,1,450.5,0.0137517
176.795,1,450,0.0138292
177.661,1,449.5,0.0138818
178.527,1,449,0.0139146
179.393,1,448.5,0.0139463
180.259,1,448,0.0139756
181.125,1,447.5,0.0140066
181.991,1,447,0.0140415
182.857,1,446.5,0.0140923
183.723,1,446,0.014141
184.589,1,445.5,0.0141874
185.455,1,445,0.0142211
186.321,1,444.5,0.0142526
187.187,1,444,0.0142685
188.053,1,443.5,0.0142738
188.919,1,443,0.0142802
189.785,1,442.5,0.0142883
190.651,1,442,0.0142963
191.517,1,441.5,0.0143057
192.383,1,441,0.0143022
193.249,1,440.5,0.0142948
194.115,1,440,0.0142867
194.981,1,439.5,0.0142835
195.847,1,439,0.0142796
196.714,1,438.5,0.014257
197.58,1,438,0.0142367
198.446,1,437.5,0.0142237
199.312,1,437,0.0142166
200.178,1,436.5,0.0142168
201.044,1,436,0.0142177
201.91,1,435.5,0.0142133
202.776,1,435,0.0142164
203.642,1,434.5,0.0142272
204.508,1,434,0.0142583
205.374,1,433.5,0.0142947
206.24,1,433,0.0143633
207.106,1,432.5,0.0144573
207.972,1,432,0.0145546
208.838,1,431.5,0.0146497
209.704,1,431,0.0147607
210.57,1,430.5,0.0148825
211.436,1,430,0.0150064
212.302,1,429.5,0.0151351
213.168,1,429,0.0152662
214.034,1,428.5,0.0153886
214.9,1,428,0.0155037
215.766,1,427.5,0.0156131
216.632,1,427,0.0157109
217.498,1,426.5,0.0157976
218.364,1,426,0.0158723
219.23,1,425.5,0.0159287
220.096,1,425,0.0159565
220.962,1,424.5,0.0159224
221.828,1,424,0.0158949
222.694,1,423.5,0.0158749
223.56,1,423,0.0158619
224.426,1,422.5,0.0158699
225.292,1,422,0.0159692
226.158,1,421.5,0.0160794
227.024,1,421,0.016197
227.89,1,420.5,0.0163248
228.756,1,420,0.0164538
229.622,1,419.5,0.0166028
230.488,1,419,0.0167871
231.355,1,418.5,0.016974
232.221,1,418,0.0171487
233.087,1,417.5,0.01733
233.953,1,417,0.0175076
234.819,1,416.5,0.0175196
235.685,1,416,0.0175513
236.551,1,415.5,0.0176033
237.417,1,415,0.0176322
238.283,1,414.5,0.0176687
239.149,1,414,0.0177072
240.015,1,413.5,0.0177269
240.881,1,413,0.0177444
241.747,1,412.5,0.0177623
242.613,1,412,0.0177632
243.479,1,411.5,0.0177493
244.345,1,411,0.0176408
245.211,1,410.5,0.017517
246.077,1,410,0.0173795
246.943,1,409.5,0.0172395
247.809,1,409,0.017086
248.675,1,408.5,0.0169677
249.541,1,408,0.0168856
250.407,1,407.5,0.0167998
251.273,1,407,0.0167049
252.139,1,406.5,0.0166018
253.005,1,406,0.0164864
253.871,1,405.5,0.0163347
254.737,1,405,0.0161842
255.603,1,404.5,0.0160348
256.469,1,404,0.0158875
257.335,1,403.5,0.0157443
258.201,1,403,0.0155799
259.067,1,402.5,0.0153935
259.933,1,402,0.0152
260.799,1,401.5,0.0150003
261.665,1,401,0.0147698
262.531,1,400.5,0.0145305
263.397,1,400,0.0143542
264.263,1,399.5,0.014178
265.13,1,399,0.0140007
265.996,1,398.5,0.0138271
266.862,1,398,0.0136828
267.728,1,397.5,0.0136009
268.594,1,397,0.0135181
269.46,1,396.5,0.0134337
270.326,1,396,0.0133461
271.192,1,395.5,0.0132449
272.058,1,395,0.0131285
272.924,1,394.5,0.0129097
273.79,1,394,0.01267
274.656,1,393.5,0.0124104
275.522,1,393,0.0120657
276.388,1,392.5,0.0116849
277.254,1,392,0.0113453
278.12,1,391.5,0.0110598
278.986,1,391,0.0108194
279.852,1,390.5,0.0106096
280.718,1,390,0.0104193
281.584,1,389.5,0.0103161
282.45,1,389,0.0105828
283.316,1,388.5,0.0123778
284.182,1,388,0.0183389
285.048,1,387.5,0.025621
285.914,1,387,0.0308556
286.78,1,386.5,0.0355676
287.646,1,386,0.0393778
288.512,1,385.5,0.0442635
289.378,1,385,0.0499126
290.244,1,384.5,0.0542069
291.11,1,384,0.0556257
291.976,1,383.5,0.0556943
292.842,1,383,0.0530754
293.708,1,382.5,0.0512662
294.574,1,382,0.0544191
295.44,1,381.5,0.0562714
296.306,1,381,0.0576436
297.172,1,380.5,0.0622593
298.038,1,380,0.0695874
298.905,1,379.5,0.0770949
299.771,1,379,0.0792359
300.637,1,378.5,0.0793594
301.503,1,378,0.0786309
302.369,1,377.5,0.0767081
303.235,1,377,0.0748497
304.101,1,376.5,0.0736638
304.967,1,376,0.0731564
305.833,1,375.5,0.0725216
306.699,1,375,0.0720868
307.565,1,374.5,0.0718453
308.431,1,374,0.071196
309.297,1,373.5,0.0705545
310.163,1,373,0.0703003
311.029,1,372.5,0.0706893
311.895,1,372,0.0709667
312.761,1,371.5,0.0744321
313.627,1,371,0.0765985
314.493,1,370.5,0.0744083
315.359,1,370,0.0773763
316.225,1,369.5,0.0800351
317.091,1,369,0.081611
317.957,1,368.5,0.0846193
318.823,1,368,0.0845913
319.689,1,367.5,0.0849685
320.555,1,367,0.0861667
321.421,1,366.5,0.0877113
322.287,1,366,0.0890829
323.153,1,365.5,0.0905977
324.019,1,365,0.0921896
324.885,1,364.5,0.093116
325.751,1,364,0.0942566
326.617,1,363.5,0.0959407
327.483,1,363,0.0979689
328.349,1,362.5,0.100482
329.215,1,362,0.103032
330.081,1,361.5,0.105151
330.947,1,361,0.109416
331.813,1,360.5,0.11311
332.679,1,360,0.115484
333.546,1,359.5,0.115974
334.412,1,359,0.115474
335.278,1,358.5,0.114112
336.144,1,358,0.111095
337.01,1,357.5,0.106213
337.876,1,357,0.100466
338.742,1,356.5,0.0923752
339.608,1,356,0.0788111
340.474,1,355.5,0.0718496
341.34,1,355,0.0666894
342.206,1,354.5,0.0616601
343.072,1,354,0.055989
343.938,1,353.5,0.048182
344.804,1,353,0.0407315
345.67,1,352.5,0.0340078
346.536,1,352,0.0308437
347.402,1,351.5,0.0291618
348.268,1,351,0.0291131
349.134,1,350.5,0.0296801
350,1,350,0.0301742
350.866,1,349.5,0.0306266
351.732,1,349,0.0309788
352.598,1,348.5,0.0311195
353.464,1,348,0.0311817
354.33,1,347.5,0.0313761
355.196,1,347,0.0317277
356.062,1,346.5,0.0318579
356.928,1,346,0.031788
357.794,1,345.5,0.031661
358.66,1,345,0.0308323
359.526,1,344.5,0.030526
360.392,1,344,0.030615
361.258,1,343.5,0.0308559
362.124,1,343,0.0304722
362.99,1,342.5,0.0297657
363.856,1,342,0.0290599
364.722,1,341.5,0.0278346
365.588,1,341,0.0262726
366.454,1,340.5,0.0269696
367.321,1,340,0.0258635
368.187,1,339.5,0.0250149
369.053,1,339,0.024711
369.919,1,338.5,0.0240026
370.785,1,338,0.0231085
371.651,1,337.5,0.0225126
372.517,1,337,0.0222446
373.383,1,336.5,0.0227684
374.249,1,336,0.0239311
375.115,1,335.5,0.0264023
375.981,1,335,0.0273144
376.847,1,334.5,0.0275105
377.713,1,334,0.0276154
378.579,1,333.5,0.0276179
379.445,1,333,0.0274792
380.311,1,332.5,0.0268047
381.177,1,332,0.0258914
382.043,1,331.5,0.0254893
382.909,1,331,0.0259289
383.775,1,330.5,0.0251007
384.641,1,330,0.024678
385.507,1,329.5,0.0251961
386.373,1,329,0.0253712
387.239,1,328.5,0.0251414
388.105,1,328,0.0260344
388.971,1,327.5,0.0263799
389.837,1,327,0.0279325
390.703,1,326.5,0.0301355
391.569,1,326,0.0318582
392.435,1,325.5,0.0326365
393.301,1,325,0.0314389
394.167,1,324.5,0.0311145
395.033,1,324,0.031281
395.899,1,323.5,0.0318796
396.765,1,323,0.03418
397.631,1,322.5,0.0346591
398.497,1,322,0.0350103
399.363,1,321.5,0.0355098
400.229,1,321,0.0363933
401.095,1,320.5,0.0378739
401.962,1,320,0.0396485
402.828,1,319.5,0.0415182
403.694,1,319,0.0433008
404.56,1,318.5,0.0447616
405.426,1,318,0.0456458
406.292,1,317.5,0.0459656
407.158,1,317,0.0458036
408.024,1,316.5,0.0453871
408.89,1,316,0.0445206
409.756,1,315.5,0.043892
410.622,1,315,0.0434791
411.488,1,314.5,0.0433771
412.354,1,314,0.0435888
413.22,1,313.5,0.0443797
414.086,1,313,0.0454529
414.952,1,312.5,0.0465593
415.818,1,312,0.0474929
416.684,1,311.5,0.0479748
417.55,1,311,0.0483041
418.416,1,310.5,0.0503812
419.282,1,310,0.0525296
420.148,1,309.5,0.0539542
421.014,1,309,0.0551598
421.88,1,308.5,0.0561647
422.746,1,308,0.0573085
423.612,1,307.5,0.0578642
424.478,1,307,0.0581356
425.344,1,306.5,0.0582947
426.21,1,306,0.0576428
427.076,1,305.5,0.0578163
427.942,1,305,0.0579769
428.808,1,304.5,0.0581247
429.674,1,304,0.057885
430.54,1,303.5,0.0570769
431.406,1,303,0.0565149
432.272,1,302.5,0.0559999
433.138,1,302,0.055532
434.004,1,301.5,0.0551113
434.87,1,301,0.0547317
435.737,1,300.5,0.0543645
436.603,1,300,0.0540593
437.469,1,299.5,0.053816
438.335,1,299,0.0536348
439.201,1,298.5,0.0535156
440.067,1,298,0.0534537
440.933,1,297.5,0.0536291
441.799,1,297,0.0537578
442.665,1,296.5,0.0537655
443.531,1,296,0.0536522
444.397,1,295.5,0.0534177
445.263,1,295,0.0530623
446.129,1,294.5,0.0527696
446.995,1,294,0.0525536
447.861,1,293.5,0.0522268
448.727,1,293,0.0503687
449.593,1,292.5,0.0482115
450.459,1,292,0.0462468
451.325,1,291.5,0.0444119
452.191,1,291,0.0427069
453.057,1,290.5,0.0415439
453.923,1,290,0.0404006
454.789,1,289.5,0.0366979
455.655,1,289,0.0343515
456.521,1,288.5,0.0339318
457.387,1,288,0.034195
458.253,1,287.5,0.0349027
459.119,1,287,0.0371631
459.985,1,286.5,0.0410187
460.851,1,286,0.0426151
461.717,1,285.5,0.0424268
462.583,1,285,0.041669
463.449,1,284.5,0.0389818
464.315,1,284,0.0361047
465.181,1,283.5,0.033778
466.047,1,283,0.0319806
466.913,1,282.5,0.0310922
467.779,1,282,0.0325326
468.645,1,281.5,0.0341189
469.512,1,281,0.0355881
470.378,1,280.5,0.0367806
471.244,1,280,0.0379488
472.11,1,279.5,0.0392156
472.976,1,279,0.0405198
473.842,1,278.5,0.041644
474.708,1,278,0.0426055
475.574,1,277.5,0.0454317
476.44,1,277,0.0479407
477.306,1,276.5,0.0497344
478.172,1,276,0.0501765
479.038,1,275.5,0.0504932
479.904,1,275,0.0517424
480.77,1,274.5,0.0527332
481.636,1,274,0.0533038
482.502,1,273.5,0.0529058
483.368,1,273,0.052084
484.234,1,272.5,0.0503656
485.1,1,272,0.0472251
485.966,1,271.5,0.0438335
486.832,1,271,0.0424633
487.698,1,270.5,0.0418956
488.564,1,270,0.0424084
489.43,1,269.5,0.0437214
490.296,1,269,0.0452734
491.162,1,268.5,0.0463911
492.028,1,268,0.0470692
492.894,1,267.5,0.0464926
493.76,1,267,0.0460647
494.626,1,266.5,0.0461989
495.492,1,266,0.0470876
496.358,1,265.5,0.0482742
497.224,1,265,0.0505797
498.09,1,264.5,0.0527887
498.956,1,264,0.0549013
499.822,1,263.5,0.055343
500.688,1,263,0.0548085
501.554,1,262.5,0.0538368
502.42,1,262,0.0524736
503.286,1,261.5,0.0508697
504.153,1,261,0.049487
505.019,1,260.5,0.049392
505.885,1,260,0.0492484
506.751,1,259.5,0.0488937
507.617,1,259,0.0484315
508.483,1,258.5,0.0477952
509.349,1,258,0.0480204
510.215,1,257.5,0.0485506
511.081,1,257,0.0494002
511.947,1,256.5,0.0500756
512.813,1,256,0.0505966
513.679,1,255.5,0.0511402
514.545,1,255,0.0519616
515.411,1,254.5,0.05307
516.277,1,254,0.0543753
517.143,1,253.5,0.0552738
518.009,1,253,0.0561652
518.875,1,252.5,0.0569956
519.741,1,252,0.0578867
520.607,1,251.5,0.0588551
521.473,1,251,0.0596367
522.339,1,250.5,0.0603715
523.205,1,250,0.0605924
524.071,1,249.5,0.0602123
524.937,1,249,0.0598715
525.803,1,248.5,0.0594348
526.669,1,248,0.0592342
527.535,1,247.5,0.0596204
528.401,1,247,0.0594293
529.267,1,246.5,0.0586933
530.133,1,246,0.0551019
530.999,1,245.5,0.0542503
531.865,1,245,0.0504419
532.731,1,244.5,0.047642
533.597,1,244,0.0460615
534.463,1,243.5,0.0441519
535.329,1,243,0.0417866
536.195,1,242.5,0.0390906
537.061,1,242,0.0360828
537.928,1,241.5,0.0340902
538.794,1,241,0.0324254
539.66,1,240.5,0.0305189
540.526,1,240,0.0281
541.392,1,239.5,0.0285736
542.258,1,239,0.0285919
543.124,1,238.5,0.0285951
543.99,1,238,0.0290928
544.856,1,237.5,0.0297902
545.722,1,237,0.0308114
546.588,1,236.5,0.0322579
547.454,1,236,0.0331566
548.32,1,235.5,0.0338766
549.186,1,235,0.0337089
550.052,1,234.5,0.033768
550.918,1,234,0.0340538
551.784,1,233.5,0.0338708
552.65,1,233,0.0339713
553.516,1,232.5,0.0342073
554.382,1,232,0.0343802
555.248,1,231.5,0.0342044
556.114,1,231,0.0336402
556.98,1,230.5,0.0327035
557.846,1,230,0.032004
558.712,1,229.5,0.0315776
559.578,1,229,0.0316912
560.444,1,228.5,0.0321583
561.31,1,228,0.0324453
562.176,1,227.5,0.0326854
563.042,1,227,0.0328218
563.908,1,226.5,0.0330413
564.774,1,226,0.0332748
565.64,1,225.5,0.0334884
566.506,1,225,0.035092
567.372,1,224.5,0.0366783
568.238,1,224,0.0414615
569.104,1,223.5,0.0406968
569.97,1,223,0.039848
570.836,1,222.5,0.0389149
571.703,1,222,0.037894
572.569,1,221.5,0.0368057
573.435,1,221,0.0364639
574.301,1,220.5,0.0339938
575.167,1,220,0.031504
576.033,1,219.5,0.0299305
576.899,1,219,0.0294115
577.765,1,218.5,0.0288255
578.631,1,218,0.0281181
579.497,1,217.5,0.0272024
580.363,1,217,0.026231
581.229,1,216.5,0.0255305
582.095,1,216,0.0251745
582.961,1,215.5,0.0244886
583.827,1,215,0.0248705
584.693,1,214.5,0.0258395
585.559,1,214,0.0270594
586.425,1,213.5,0.0282121
587.291,1,213,0.0293811
588.157,1,212.5,0.03051
589.023,1,212,0.031572
589.889,1,211.5,0.032648
590.755,1,211,0.033375
591.621,1,210.5,0.034052
592.487,1,210,0.0348227
593.353,1,209.5,0.0353869
594.219,1,209,0.0355811
595.085,1,208.5,0.0355846
595.951,1,208,0.0354213
596.817,1,207.5,0.0350924
597.683,1,207,0.0346588
598.549,1,206.5,0.0343356
599.415,1,206,0.0340429
600.281,1,205.5,0.0335665
601.147,1,205,0.0329581
602.013,1,204.5,0.0320178
602.879,1,204,0.0313911
603.745,1,203.5,0.0311036
604.611,1,203,0.0309873
605.477,1,202.5,0.030425
606.344,1,202,0.0298602
607.21,1,201.5,0.0293008
608.076,1,201,0.0287619
608.942,1,200.5,0.0283249
609.808,1,200,0.0278822
