x,y,z,b
90.1924,1,500,0.0127031
91.0584,1,499.5,0.0127234
91.9244,1,499,0.0127432
92.7905,1,498.5,0.0127645
93.6565,1,498,0.0127863
94.5225,1,497.5,0.0128075
95.3885,1,497,0.0128245
96.2546,1,496.5,0.012842
97.1206,1,496,0.0128591
97.9866,1,495.5,0.0128731
98.8526,1,495,0.0128874
99.7187,1,494.5,0.0129021
100.585,1,494,0.0129066
101.451,1,493.5,0.0129105
102.317,1,493,0.0129191
103.183,1,492.5,0.0129258
104.049,1,492,0.0129315
104.915,1,491.5,0.012937
105.781,1,491,0.01294
106.647,1,490.5,0.0129382
107.513,1,490,0.0129346
108.379,1,489.5,0.012929
109.245,1,489,0.0129208
110.111,1,488.5,0.012912
110.977,1,488,0.0129019
111.843,1,487.5,0.0128905
112.709,1,487,0.0128784
113.575,1,486.5,0.0128653
114.441,1,486,0.0128484
115.307,1,485.5,0.012831
116.173,1,485,0.0128117
117.039,1,484.5,0.0127875
117.905,1,484,0.0127622
118.771,1,483.5,0.012736
119.637,1,483,0.0127059
120.503,1,482.5,0.012675
121.369,1,482,0.0126465
122.235,1,481.5,0.0126156
123.101,1,481,0.0125825
123.967,1,480.5,0.0125479
124.833,1,480,0.0125123
125.699,1,479.5,0.0124732
126.565,1,479,0.0124322
127.431,1,478.5,0.0123915
128.297,1,478,0.012353
129.164,1,477.5,0.0123134
130.03,1,477,0.0122747
130.896,1,476.5,0.0122429
131.762,1,476,0.0122098
132.628,1,475.5,0.0121752
133.494,1,475,0.0121481
134.36,1,474.5,0.0121197
135.226,1,474,0.0120903
136.092,1,473.5,0.0120684
136.958,1,473,0.0120479
137.824,1,472.5,0.0120277
138.69,1,472,0.0120113
139.556,1,471.5,0.0119959
140.422,1,471,0.0119792
141.288,1,470.5,0.0119638
142.154,1,470,0.0119494
143.02,1,469.5,0.0119346
143.886,1,469,0.011921
144.752,1,468.5,0.0119146
145.618,1,468,0.011909
146.484,1,467.5,0.0119044
147.35,1,467,0.0119025
148.216,1,466.5,0.0119008
149.082,1,466,0.0118984
149.948,1,465.5,0.0118973
150.814,1,465,0.0118963
151.68,1,464.5,0.0118953
152.546,1,464,0.0118981
153.412,1,463.5,0.0119014
154.278,1,463,0.0119062
155.144,1,462.5,0.0119158
156.01,1,462,0.011927
156.876,1,461.5,0.0119381
157.742,1,461,0.011955
158.608,1,460.5,0.011975
159.474,1,460,0.0119941
160.34,1,459.5,0.0120202
161.206,1,459,0.0120559
162.072,1,458.5,0.0120923
162.939,1,458,0.0121353
163.805,1,457.5,0.0121944
164.671,1,457,0.0122541
165.537,1,456.5,0.0123166
166.403,1,456,0.0123962
167.269,1,455.5,0.0124764
168.135,1,455,0.0125607
169.001,1,454.5,0.0126621
169.867,1,454,0.0127654
170.733,1,453.5,0.01287
171.599,1,453,0.0129828
172.465,1,452.5,0.013098
173.331,1,452,0.0132083
174.197,1,451.5,0.0133199
175.063,1,451,0.0134324
175.929,1,450.5,0.0135456
176.795,1,450,0.0136555
177.661,1,449.5,0.0137665
178.527,1,449,0.0138807
179.393,1,448.5,0.0139903
180.259,1,448,0.01409
181.125,1,447.5,0.0141897
181.991,1,447,0.0142839
182.857,1,446.5,0.0143516
183.723,1,446,0.0144205
184.589,1,445.5,0.0144903
185.455,1,445,0.0145498
186.321,1,444.5,0.0146095
187.187,1,444,0.0146694
188.053,1,443.5,0.0147196
188.919,1,443,0.0147691
189.785,1,442.5,0.0148193
190.651,1,442,0.0148341
191.517,1,441.5,0.0148336
192.383,1,441,0.0148315
193.249,1,440.5,0.014824
194.115,1,440,0.0148112
194.981,1,439.5,0.0147986
195.847,1,439,0.014782
196.714,1,438.5,0.0147542
197.58,1,438,0.014725
198.446,1,437.5,0.0146922
199.312,1,437,0.0146474
200.178,1,436.5,0.0146029
201.044,1,436,0.0145601
201.91,1,435.5,0.0145136
202.776,1,435,0.0144673
203.642,1,434.5,0.0144212
204.508,1,434,0.0143665
205.374,1,433.5,0.0143111
206.24,1,433,0.0142528
207.106,1,432.5,0.0141874
207.972,1,432,0.0141192
208.838,1,431.5,0.01405
209.704,1,431,0.0139748
210.57,1,430.5,0.0138957
211.436,1,430,0.0138169
212.302,1,429.5,0.013735
213.168,1,429,0.0136496
214.034,1,428.5,0.0135638
214.9,1,428,0.0134768
215.766,1,427.5,0.0133822
216.632,1,427,0.0132877
217.498,1,426.5,0.0131943
218.364,1,426,0.0131042
219.23,1,425.5,0.0130153
220.096,1,425,0.0129303
220.962,1,424.5,0.0128571
221.828,1,424,0.0127842
222.694,1,423.5,0.0127112
223.56,1,423,0.0126467
224.426,1,422.5,0.012584
225.292,1,422,0.0125183
226.158,1,421.5,0.0124605
227.024,1,421,0.0124072
227.89,1,420.5,0.0123543
228.756,1,420,0.0123078
229.622,1,419.5,0.0122679
230.488,1,419,0.0122284
231.355,1,418.5,0.0121905
232.221,1,418,0.0121553
233.087,1,417.5,0.0121198
233.953,1,417,0.012089
234.819,1,416.5,0.0120837
235.685,1,416,0.0120784
236.551,1,415.5,0.0120737
237.417,1,415,0.0120841
238.283,1,414.5,0.0120929
239.149,1,414,0.0120987
240.015,1,413.5,0.0121102
240.881,1,413,0.0121229
241.747,1,412.5,0.0121357
242.613,1,412,0.0121613
243.479,1,411.5,0.012192
244.345,1,411,0.0122207
245.211,1,410.5,0.0122406
246.077,1,410,0.0122516
246.943,1,409.5,0.0122595
247.809,1,409,0.0122562
248.675,1,408.5,0.0122419
249.541,1,408,0.0122293
250.407,1,407.5,0.0122068
251.273,1,407,0.0121543
252.139,1,406.5,0.0121018
253.005,1,406,0.0120431
253.871,1,405.5,0.01192
254.737,1,405,0.0117946
255.603,1,404.5,0.0116669
256.469,1,404,0.0114969
257.335,1,403.5,0.0113306
258.201,1,403,0.0111782
259.067,1,402.5,0.0110153
259.933,1,402,0.0108526
260.799,1,401.5,0.0106956
261.665,1,401,0.0106599
262.531,1,400.5,0.0106998
263.397,1,400,0.0107421
264.263,1,399.5,0.0108137
265.13,1,399,0.0109172
265.996,1,398.5,0.0110152
266.862,1,398,0.0111317
267.728,1,397.5,0.0113029
268.594,1,397,0.0114626
269.46,1,396.5,0.0116127
270.326,1,396,0.01178
271.192,1,395.5,0.0119237
272.058,1,395,0.012042
272.924,1,394.5,0.0121981
273.79,1,394,0.0123638
274.656,1,393.5,0.0125384
275.522,1,393,0.012717
276.388,1,392.5,0.0129143
277.254,1,392,0.0130506
278.12,1,391.5,0.0131313
278.986,1,391,0.0131989
279.852,1,390.5,0.0132628
280.718,1,390,0.0132465
281.584,1,389.5,0.013153
282.45,1,389,0.0130898
283.316,1,388.5,0.0130611
284.182,1,388,0.0130538
285.048,1,387.5,0.0130384
285.914,1,387,0.0130141
286.78,1,386.5,0.0130358
287.646,1,386,0.013145
288.512,1,385.5,0.0133505
289.378,1,385,0.013946
290.244,1,384.5,0.0147209
291.11,1,384,0.0163632
291.976,1,383.5,0.0196149
292.842,1,383,0.0231075
293.708,1,382.5,0.0278027
294.574,1,382,0.0312435
295.44,1,381.5,0.033413
296.306,1,381,0.0357451
297.172,1,380.5,0.0379065
298.038,1,380,0.0399044
298.905,1,379.5,0.0419653
299.771,1,379,0.0431052
300.637,1,378.5,0.0440097
301.503,1,378,0.0449054
302.369,1,377.5,0.0452036
303.235,1,377,0.0454552
304.101,1,376.5,0.0459741
304.967,1,376,0.0459063
305.833,1,375.5,0.0452916
306.699,1,375,0.0446439
307.565,1,374.5,0.045136
308.431,1,374,0.0442303
309.297,1,373.5,0.0426844
310.163,1,373,0.0407993
311.029,1,372.5,0.0386479
311.895,1,372,0.0364528
312.761,1,371.5,0.0341882
313.627,1,371,0.0325492
314.493,1,370.5,0.0316014
315.359,1,370,0.0307746
316.225,1,369.5,0.0302116
317.091,1,369,0.0301083
317.957,1,368.5,0.0300195
318.823,1,368,0.0294866
319.689,1,367.5,0.0282097
320.555,1,367,0.0263477
321.421,1,366.5,0.0246866
322.287,1,366,0.024259
323.153,1,365.5,0.026822
324.019,1,365,0.0299422
324.885,1,364.5,0.0334869
325.751,1,364,0.035664
326.617,1,363.5,0.0365289
327.483,1,363,0.0359569
328.349,1,362.5,0.0367457
329.215,1,362,0.036667
330.081,1,361.5,0.0375862
330.947,1,361,0.0393386
331.813,1,360.5,0.0415392
332.679,1,360,0.0456614
333.546,1,359.5,0.0518275
334.412,1,359,0.0581412
335.278,1,358.5,0.0632582
336.144,1,358,0.065929
337.01,1,357.5,0.0680685
337.876,1,357,0.0695508
338.742,1,356.5,0.0698033
339.608,1,356,0.0688457
340.474,1,355.5,0.0667353
341.34,1,355,0.0634675
342.206,1,354.5,0.0544862
343.072,1,354,0.0482887
343.938,1,353.5,0.0443151
344.804,1,353,0.034911
345.67,1,352.5,0.027794
346.536,1,352,0.0245606
347.402,1,351.5,0.0280065
348.268,1,351,0.0316602
349.134,1,350.5,0.0347374
350,1,350,0.0415039
350.866,1,349.5,0.0488356
351.732,1,349,0.054839
352.598,1,348.5,0.056643
353.464,1,348,0.0565868
354.33,1,347.5,0.0575809
355.196,1,347,0.0594036
356.062,1,346.5,0.0621548
356.928,1,346,0.0654919
357.794,1,345.5,0.0641831
358.66,1,345,0.0627919
359.526,1,344.5,0.0619305
360.392,1,344,0.0607181
361.258,1,343.5,0.0592527
362.124,1,343,0.0577395
362.99,1,342.5,0.0564021
363.856,1,342,0.0549424
364.722,1,341.5,0.0523841
365.588,1,341,0.0499755
366.454,1,340.5,0.0481705
367.321,1,340,0.0459102
368.187,1,339.5,0.0433334
369.053,1,339,0.0391172
369.919,1,338.5,0.0359507
370.785,1,338,0.0341598
371.651,1,337.5,0.0311053
372.517,1,337,0.0273785
373.383,1,336.5,0.0244059
374.249,1,336,0.0216581
375.115,1,335.5,0.0185834
375.981,1,335,0.0165414
376.847,1,334.5,0.0153392
377.713,1,334,0.0156871
378.579,1,333.5,0.0161874
379.445,1,333,0.0164549
380.311,1,332.5,0.016861
381.177,1,332,0.017345
382.043,1,331.5,0.0176568
382.909,1,331,0.0178485
383.775,1,330.5,0.0179953
384.641,1,330,0.0180658
385.507,1,329.5,0.0180819
386.373,1,329,0.0180591
387.239,1,328.5,0.0179259
388.105,1,328,0.0176924
388.971,1,327.5,0.01743
389.837,1,327,0.0171711
390.703,1,326.5,0.0170824
391.569,1,326,0.0170339
392.435,1,325.5,0.0169731
393.301,1,325,0.0168802
394.167,1,324.5,0.0167963
395.033,1,324,0.0167239
395.899,1,323.5,0.0166899
396.765,1,323,0.0166206
397.631,1,322.5,0.0165161
398.497,1,322,0.0164211
399.363,1,321.5,0.0163649
400.229,1,321,0.0162694
401.095,1,320.5,0.0160966
401.962,1,320,0.0159651
402.828,1,319.5,0.0158947
403.694,1,319,0.0158542
404.56,1,318.5,0.0158225
405.426,1,318,0.0157514
406.292,1,317.5,0.0156849
407.158,1,317,0.0155767
408.024,1,316.5,0.0155171
408.89,1,316,0.0154945
409.756,1,315.5,0.0154588
410.622,1,315,0.0154552
411.488,1,314.5,0.0154562
412.354,1,314,0.0154223
413.22,1,313.5,0.0153661
414.086,1,313,0.0152978
414.952,1,312.5,0.0152444
415.818,1,312,0.0151548
416.684,1,311.5,0.0150284
417.55,1,311,0.0149141
418.416,1,310.5,0.0148059
419.282,1,310,0.0146841
420.148,1,309.5,0.0146038
421.014,1,309,0.0145645
421.88,1,308.5,0.0145179
422.746,1,308,0.0144862
423.612,1,307.5,0.0144911
424.478,1,307,0.0144802
425.344,1,306.5,0.014475
426.21,1,306,0.0144794
427.076,1,305.5,0.0144883
427.942,1,305,0.014501
428.808,1,304.5,0.0144391
429.674,1,304,0.0143693
430.54,1,303.5,0.0143003
431.406,1,303,0.0142462
432.272,1,302.5,0.014195
433.138,1,302,0.0141435
434.004,1,301.5,0.0141095
434.87,1,301,0.0140866
435.737,1,300.5,0.0140671
436.603,1,300,0.0140595
437.469,1,299.5,0.0140616
438.335,1,299,0.0140643
439.201,1,298.5,0.0140687
440.067,1,298,0.0140746
440.933,1,297.5,0.0140808
441.799,1,297,0.0140879
442.665,1,296.5,0.0140972
443.531,1,296,0.0141072
444.397,1,295.5,0.0141178
445.263,1,295,0.0141323
446.129,1,294.5,0.0141481
446.995,1,294,0.0141652
447.861,1,293.5,0.0141799
448.727,1,293,0.0141948
449.593,1,292.5,0.0142105
450.459,1,292,0.0142207
451.325,1,291.5,0.014232
452.191,1,291,0.0142479
453.057,1,290.5,0.0142622
453.923,1,290,0.0142736
454.789,1,289.5,0.0142846
455.655,1,289,0.0142922
456.521,1,288.5,0.0142973
457.387,1,288,0.0143073
458.253,1,287.5,0.0143159
459.119,1,287,0.0143172
459.985,1,286.5,0.0143161
460.851,1,286,0.0143088
461.717,1,285.5,0.0142727
462.583,1,285,0.0142344
463.449,1,284.5,0.0141949
464.315,1,284,0.0141493
465.181,1,283.5,0.0141028
466.047,1,283,0.0140556
466.913,1,282.5,0.0140078
467.779,1,282,0.0139592
468.645,1,281.5,0.0139112
469.512,1,281,0.0138637
470.378,1,280.5,0.0138167
471.244,1,280,0.0137783
472.11,1,279.5,0.0137481
472.976,1,279,0.0137183
473.842,1,278.5,0.0136875
474.708,1,278,0.0136556
475.574,1,277.5,0.0136227
476.44,1,277,0.0135993
477.306,1,276.5,0.0135742
478.172,1,276,0.0135461
479.038,1,275.5,0.0135171
479.904,1,275,0.0134873
480.77,1,274.5,0.0134635
481.636,1,274,0.0134429
482.502,1,273.5,0.0134224
483.368,1,273,0.0134041
484.234,1,272.5,0.0133861
485.1,1,272,0.013369
485.966,1,271.5,0.013358
486.832,1,271,0.0133482
487.698,1,270.5,0.0133392
488.564,1,270,0.0133343
489.43,1,269.5,0.0133319
490.296,1,269,0.0133408
491.162,1,268.5,0.0133584
492.028,1,268,0.0133792
492.894,1,267.5,0.0133984
493.76,1,267,0.013417
494.626,1,266.5,0.0134388
495.492,1,266,0.0134657
496.358,1,265.5,0.0134927
497.224,1,265,0.0135219
498.09,1,264.5,0.0135508
498.956,1,264,0.0135794
499.822,1,263.5,0.0136026
500.688,1,263,0.0136239
501.554,1,262.5,0.0136464
502.42,1,262,0.0136677
503.286,1,261.5,0.0136893
504.153,1,261,0.013709
505.019,1,260.5,0.0137181
505.885,1,260,0.0137253
506.751,1,259.5,0.0137329
507.617,1,259,0.0137394
508.483,1,258.5,0.0137443
509.349,1,258,0.0137438
510.215,1,257.5,0.0137406
511.081,1,257,0.0137336
511.947,1,256.5,0.0137254
512.813,1,256,0.0137154
513.679,1,255.5,0.0137012
514.545,1,255,0.0136869
515.411,1,254.5,0.0136714
516.277,1,254,0.0136536
517.143,1,253.5,0.0136335
518.009,1,253,0.013611
518.875,1,252.5,0.013594
519.741,1,252,0.0135758
520.607,1,251.5,0.0135549
521.473,1,251,0.013532
522.339,1,250.5,0.0135076
523.205,1,250,0.0134861
524.071,1,249.5,0.0134722
524.937,1,249,0.0134576
525.803,1,248.5,0.0134398
526.669,1,248,0.0134227
527.535,1,247.5,0.0134082
528.401,1,247,0.0133872
529.267,1,246.5,0.0133656
530.133,1,246,0.0133539
530.999,1,245.5,0.0133399
531.865,1,245,0.0133238
532.731,1,244.5,0.0133162
533.597,1,244,0.0133117
534.463,1,243.5,0.013307
535.329,1,243,0.0133035
536.195,1,242.5,0.0133
537.061,1,242,0.0132964
537.928,1,241.5,0.0132962
538.794,1,241,0.0132963
539.66,1,240.5,0.0132961
540.526,1,240,0.0132966
541.392,1,239.5,0.0132984
542.258,1,239,0.0133013
543.124,1,238.5,0.0133025
543.99,1,238,0.0133
544.856,1,237.5,0.0132977
545.722,1,237,0.0132947
546.588,1,236.5,0.0132887
547.454,1,236,0.0132775
548.32,1,235.5,0.0132656
549.186,1,235,0.0132496
550.052,1,234.5,0.0132331
550.918,1,234,0.0132163
551.784,1,233.5,0.0131958
552.65,1,233,0.0131731
553.516,1,232.5,0.0131503
554.382,1,232,0.0131268
555.248,1,231.5,0.0131037
556.114,1,231,0.0130813
556.98,1,230.5,0.0130673
557.846,1,230,0.0130583
558.712,1,229.5,0.0130492
559.578,1,229,0.0130433
560.444,1,228.5,0.0130409
561.31,1,228,0.0130474
562.176,1,227.5,0.0130606
563.042,1,227,0.0130777
563.908,1,226.5,0.0130935
564.774,1,226,0.0131086
565.64,1,225.5,0.0131253
566.506,1,225,0.013137
567.372,1,224.5,0.0131473
568.238,1,224,0.0131565
569.104,1,223.5,0.0131647
569.97,1,223,0.0131718
570.836,1,222.5,0.0131825
571.703,1,222,0.013194
572.569,1,221.5,0.0132038
573.435,1,221,0.0132107
574.301,1,220.5,0.0132151
575.167,1,220,0.0132167
576.033,1,219.5,0.0132135
576.899,1,219,0.0132094
577.765,1,218.5,0.0132047
578.631,1,218,0.0131974
579.497,1,217.5,0.0131866
580.363,1,217,0.0131816
581.229,1,216.5,0.0131765
582.095,1,216,0.0131678
582.961,1,215.5,0.0131575
583.827,1,215,0.0131457
584.693,1,214.5,0.0131304
585.559,1,214,0.0131137
586.425,1,213.5,0.0130974
587.291,1,213,0.0130808
588.157,1,212.5,0.0130655
589.023,1,212,0.0130514
589.889,1,211.5,0.0130388
590.755,1,211,0.0130257
591.621,1,210.5,0.0130119
592.487,1,210,0.0129973
593.353,1,209.5,0.0129821
594.219,1,209,0.0129658
595.085,1,208.5,0.0129494
595.951,1,208,0.0129343
596.817,1,207.5,0.0129201
597.683,1,207,0.0129069
598.549,1,206.5,0.0128949
599.415,1,206,0.0128889
600.281,1,205.5,0.0128838
601.147,1,205,0.0128814
602.013,1,204.5,0.0128774
602.879,1,204,0.0128719
603.745,1,203.5,0.0128707
604.611,1,203,0.0128703
605.477,1,202.5,0.01287
606.344,1,202,0.0128719
607.21,1,201.5,0.0128744
608.076,1,201,0.0128771
608.942,1,200.5,0.0128804
609.808,1,200,0.0128847
