x,y,z,b
90.1924,1,500,0.0133808
91.0584,1,499.5,0.0132969
91.9244,1,499,0.0132157
92.7905,1,498.5,0.0131666
93.6565,1,498,0.013119
94.5225,1,497.5,0.0130766
95.3885,1,497,0.0130404
96.2546,1,496.5,0.012991
97.1206,1,496,0.0129317
97.9866,1,495.5,0.0129067
98.8526,1,495,0.0129011
99.7187,1,494.5,0.0129148
100.585,1,494,0.0129743
101.451,1,493.5,0.0130387
102.317,1,493,0.0130021
103.183,1,492.5,0.012965
104.049,1,492,0.0129129
104.915,1,491.5,0.0128388
105.781,1,491,0.0127548
106.647,1,490.5,0.0128176
107.513,1,490,0.012976
108.379,1,489.5,0.0131542
109.245,1,489,0.0133457
110.111,1,488.5,0.0135396
110.977,1,488,0.013676
111.843,1,487.5,0.0135631
112.709,1,487,0.0134677
113.575,1,486.5,0.0133902
114.441,1,486,0.013345
115.307,1,485.5,0.0133381
116.173,1,485,0.0134026
117.039,1,484.5,0.0134608
117.905,1,484,0.0134732
118.771,1,483.5,0.0134392
119.637,1,483,0.0133631
120.503,1,482.5,0.0132864
121.369,1,482,0.0133628
122.235,1,481.5,0.0134863
123.101,1,481,0.0136558
123.967,1,480.5,0.0138699
124.833,1,480,0.0141274
125.699,1,479.5,0.0140772
126.565,1,479,0.0138912
127.431,1,478.5,0.0136609
128.297,1,478,0.013402
129.164,1,477.5,0.0131382
130.03,1,477,0.0130336
130.896,1,476.5,0.0133283
131.762,1,476,0.0136134
132.628,1,475.5,0.0138888
133.494,1,475,0.0141299
134.36,1,474.5,0.0143305
135.226,1,474,0.0142364
136.092,1,473.5,0.0141234
136.958,1,473,0.0140642
137.824,1,472.5,0.0140603
138.69,1,472,0.0141129
139.556,1,471.5,0.0142469
140.422,1,471,0.0143944
141.288,1,470.5,0.0144717
142.154,1,470,0.0144745
143.02,1,469.5,0.0144077
143.886,1,469,0.0142553
144.752,1,468.5,0.0143182
145.618,1,468,0.0144964
146.484,1,467.5,0.0147499
147.35,1,467,0.0150488
148.216,1,466.5,0.0154233
149.082,1,466,0.0155826
149.948,1,465.5,0.0152719
150.814,1,465,0.014936
151.68,1,464.5,0.0145748
152.546,1,464,0.0142026
153.412,1,463.5,0.0138233
154.278,1,463,0.0140703
155.144,1,462.5,0.0143703
156.01,1,462,0.0146738
156.876,1,461.5,0.0149764
157.742,1,461,0.0152644
158.608,1,460.5,0.015271
159.474,1,460,0.0150031
160.34,1,459.5,0.0147354
161.206,1,459,0.014469
162.072,1,458.5,0.0142175
162.939,1,458,0.0139836
163.805,1,457.5,0.0141501
164.671,1,457,0.0143042
165.537,1,456.5,0.0144468
166.403,1,456,0.0145769
167.269,1,455.5,0.0146815
168.135,1,455,0.0145664
169.001,1,454.5,0.014304
169.867,1,454,0.0140693
170.733,1,453.5,0.0138623
171.599,1,453,0.0136989
172.465,1,452.5,0.0135887
173.331,1,452,0.013634
174.197,1,451.5,0.0136593
175.063,1,451,0.01366
175.929,1,450.5,0.0136327
176.795,1,450,0.0135758
177.661,1,449.5,0.0135171
178.527,1,449,0.013496
179.393,1,448.5,0.0135046
180.259,1,448,0.0135482
181.125,1,447.5,0.0136274
181.991,1,447,0.0137218
182.857,1,446.5,0.0136974
183.723,1,446,0.013658
184.589,1,445.5,0.0136034
185.455,1,445,0.0135212
186.321,1,444.5,0.0134287
187.187,1,444,0.0134173
188.053,1,443.5,0.0134331
188.919,1,443,0.0134448
189.785,1,442.5,0.0134545
190.651,1,442,0.0134632
191.517,1,441.5,0.0134531
192.383,1,441,0.0133621
193.249,1,440.5,0.013275
194.115,1,440,0.0131891
194.981,1,439.5,0.0131016
195.847,1,439,0.0130184
196.714,1,438.5,0.0129999
197.58,1,438,0.0129922
198.446,1,437.5,0.0129801
199.312,1,437,0.0129803
200.178,1,436.5,0.0129744
201.044,1,436,0.0129525
201.91,1,435.5,0.0129107
202.776,1,435,0.0128707
203.642,1,434.5,0.0128325
204.508,1,434,0.0128074
205.374,1,433.5,0.0127911
206.24,1,433,0.0127802
207.106,1,432.5,0.0127718
207.972,1,432,0.0127535
208.838,1,431.5,0.0127214
209.704,1,431,0.0126761
210.57,1,430.5,0.0126449
211.436,1,430,0.0126552
212.302,1,429.5,0.0126722
213.168,1,429,0.0126997
214.034,1,428.5,0.0127337
214.9,1,428,0.0127767
215.766,1,427.5,0.0128565
216.632,1,427,0.0129933
217.498,1,426.5,0.0131891
218.364,1,426,0.0134603
219.23,1,425.5,0.0137917
220.096,1,425,0.0140302
220.962,1,424.5,0.0140296
221.828,1,424,0.0140261
222.694,1,423.5,0.0140198
223.56,1,423,0.0140375
224.426,1,422.5,0.0140845
225.292,1,422,0.0145249
226.158,1,421.5,0.0149548
227.024,1,421,0.0153414
227.89,1,420.5,0.015691
228.756,1,420,0.0159682
229.622,1,419.5,0.0160268
230.488,1,419,0.0159462
231.355,1,418.5,0.0159069
232.221,1,418,0.015897
233.087,1,417.5,0.0159422
233.953,1,417,0.0160312
234.819,1,416.5,0.016106
235.685,1,416,0.0161441
236.551,1,415.5,0.0161434
237.417,1,415,0.016067
238.283,1,414.5,0.0159854
239.149,1,414,0.0159551
240.015,1,413.5,0.015957
240.881,1,413,0.0159596
241.747,1,412.5,0.0159661
242.613,1,412,0.0159469
243.479,1,411.5,0.0159126
244.345,1,411,0.0157799
245.211,1,410.5,0.0156278
246.077,1,410,0.015462
246.943,1,409.5,0.0152956
247.809,1,409,0.0151361
248.675,1,408.5,0.0150439
249.541,1,408,0.0149889
250.407,1,407.5,0.0149359
251.273,1,407,0.014897
252.139,1,406.5,0.014855
253.005,1,406,0.0148034
253.871,1,405.5,0.0146998
254.737,1,405,0.0146027
255.603,1,404.5,0.0145122
256.469,1,404,0.0144119
257.335,1,403.5,0.0143086
258.201,1,403,0.0142158
259.067,1,402.5,0.0140981
259.933,1,402,0.0139582
260.799,1,401.5,0.0138033
261.665,1,401,0.0135911
262.531,1,400.5,0.0133117
263.397,1,400,0.0129285
264.263,1,399.5,0.0124422
265.13,1,399,0.0118489
265.996,1,398.5,0.0112516
266.862,1,398,0.0107316
267.728,1,397.5,0.010495
268.594,1,397,0.0103556
269.46,1,396.5,0.0103661
270.326,1,396,0.0109512
271.192,1,395.5,0.011728
272.058,1,395,0.0128346
272.924,1,394.5,0.0171425
273.79,1,394,0.0222227
274.656,1,393.5,0.0280419
275.522,1,393,0.0331973
276.388,1,392.5,0.0375304
277.254,1,392,0.0404827
278.12,1,391.5,0.0417473
278.986,1,391,0.0424654
279.852,1,390.5,0.0432002
280.718,1,390,0.0436271
281.584,1,389.5,0.0435539
282.45,1,389,0.0431962
283.316,1,388.5,0.0425052
284.182,1,388,0.0412391
285.048,1,387.5,0.0432721
285.914,1,387,0.0407131
286.78,1,386.5,0.0382503
287.646,1,386,0.0369482
288.512,1,385.5,0.0353344
289.378,1,385,0.0342219
290.244,1,384.5,0.0338007
291.11,1,384,0.0338293
291.976,1,383.5,0.0355211
292.842,1,383,0.036946
293.708,1,382.5,0.0378234
294.574,1,382,0.0391912
295.44,1,381.5,0.0421467
296.306,1,381,0.0457989
297.172,1,380.5,0.0489707
298.038,1,380,0.0523368
298.905,1,379.5,0.0593944
299.771,1,379,0.0622255
300.637,1,378.5,0.0637302
301.503,1,378,0.0646881
302.369,1,377.5,0.0637653
303.235,1,377,0.0627303
304.101,1,376.5,0.0610891
304.967,1,376,0.0610713
305.833,1,375.5,0.0602797
306.699,1,375,0.059554
307.565,1,374.5,0.0589212
308.431,1,374,0.058462
309.297,1,373.5,0.0579081
310.163,1,373,0.0578952
311.029,1,372.5,0.058948
311.895,1,372,0.0601275
312.761,1,371.5,0.0613569
313.627,1,371,0.0624233
314.493,1,370.5,0.0630666
315.359,1,370,0.0631771
316.225,1,369.5,0.0635771
317.091,1,369,0.0641798
317.957,1,368.5,0.0649146
318.823,1,368,0.0657876
319.689,1,367.5,0.0667389
320.555,1,367,0.0676077
321.421,1,366.5,0.0683601
322.287,1,366,0.0689569
323.153,1,365.5,0.0692699
324.019,1,365,0.0693246
324.885,1,364.5,0.0697156
325.751,1,364,0.0700191
326.617,1,363.5,0.0702339
327.483,1,363,0.0729353
328.349,1,362.5,0.0780453
329.215,1,362,0.0802359
330.081,1,361.5,0.082104
330.947,1,361,0.083664
331.813,1,360.5,0.0859954
332.679,1,360,0.0885796
333.546,1,359.5,0.0908897
334.412,1,359,0.0918581
335.278,1,358.5,0.0921021
336.144,1,358,0.0916225
337.01,1,357.5,0.0919965
337.876,1,357,0.0928123
338.742,1,356.5,0.0949469
339.608,1,356,0.0966135
340.474,1,355.5,0.0973677
341.34,1,355,0.0915991
342.206,1,354.5,0.0832843
343.072,1,354,0.0717231
343.938,1,353.5,0.065163
344.804,1,353,0.0632325
345.67,1,352.5,0.0597315
346.536,1,352,0.0544012
347.402,1,351.5,0.0484443
348.268,1,351,0.0417149
349.134,1,350.5,0.0357551
350,1,350,0.034128
350.866,1,349.5,0.0333954
351.732,1,349,0.0333155
352.598,1,348.5,0.0340488
353.464,1,348,0.0350201
354.33,1,347.5,0.036371
355.196,1,347,0.0366838
356.062,1,346.5,0.0354278
356.928,1,346,0.0348526
357.794,1,345.5,0.033058
358.66,1,345,0.0310905
359.526,1,344.5,0.0296433
360.392,1,344,0.0280249
361.258,1,343.5,0.027235
362.124,1,343,0.0269399
362.99,1,342.5,0.0268184
363.856,1,342,0.0281265
364.722,1,341.5,0.0292361
365.588,1,341,0.030196
366.454,1,340.5,0.0319251
367.321,1,340,0.0337034
368.187,1,339.5,0.03487
369.053,1,339,0.035594
369.919,1,338.5,0.0361588
370.785,1,338,0.0367164
371.651,1,337.5,0.0372666
372.517,1,337,0.0377978
373.383,1,336.5,0.0383574
374.249,1,336,0.0388607
375.115,1,335.5,0.0393298
375.981,1,335,0.0398865
376.847,1,334.5,0.0403695
377.713,1,334,0.040999
378.579,1,333.5,0.0414223
379.445,1,333,0.0419262
380.311,1,332.5,0.0426289
381.177,1,332,0.0430082
382.043,1,331.5,0.0430996
382.909,1,331,0.0452955
383.775,1,330.5,0.046834
384.641,1,330,0.0475779
385.507,1,329.5,0.0482039
386.373,1,329,0.0488001
387.239,1,328.5,0.0494145
388.105,1,328,0.0501671
388.971,1,327.5,0.0507853
389.837,1,327,0.0512209
390.703,1,326.5,0.051138
391.569,1,326,0.0508401
392.435,1,325.5,0.0505623
393.301,1,325,0.0504141
394.167,1,324.5,0.0505679
395.033,1,324,0.0507628
395.899,1,323.5,0.0510033
396.765,1,323,0.0510912
397.631,1,322.5,0.0510365
398.497,1,322,0.0509636
399.363,1,321.5,0.0508862
400.229,1,321,0.0509672
401.095,1,320.5,0.0510271
401.962,1,320,0.0512303
402.828,1,319.5,0.0509636
403.694,1,319,0.0508903
404.56,1,318.5,0.0510235
405.426,1,318,0.0514513
406.292,1,317.5,0.0521119
407.158,1,317,0.0542875
408.024,1,316.5,0.0546981
408.89,1,316,0.0550847
409.756,1,315.5,0.0555162
410.622,1,315,0.0559924
411.488,1,314.5,0.0565134
412.354,1,314,0.0560414
413.22,1,313.5,0.0550503
414.086,1,313,0.0535499
414.952,1,312.5,0.052075
415.818,1,312,0.0506255
416.684,1,311.5,0.0491009
417.55,1,311,0.0479748
418.416,1,310.5,0.0470347
419.282,1,310,0.0462428
420.148,1,309.5,0.0455085
421.014,1,309,0.0447738
421.88,1,308.5,0.0439393
422.746,1,308,0.0432114
423.612,1,307.5,0.0429349
424.478,1,307,0.0429896
425.344,1,306.5,0.0428294
426.21,1,306,0.0423021
427.076,1,305.5,0.0414219
427.942,1,305,0.0411382
428.808,1,304.5,0.0409775
429.674,1,304,0.0411118
430.54,1,303.5,0.0414274
431.406,1,303,0.0415253
432.272,1,302.5,0.0417188
433.138,1,302,0.0417323
434.004,1,301.5,0.0418277
434.87,1,301,0.043285
435.737,1,300.5,0.0447613
436.603,1,300,0.0464422
437.469,1,299.5,0.0486858
438.335,1,299,0.0508999
439.201,1,298.5,0.0530121
440.067,1,298,0.0549698
440.933,1,297.5,0.0568018
441.799,1,297,0.058286
442.665,1,296.5,0.0586121
443.531,1,296,0.0578757
444.397,1,295.5,0.0582431
445.263,1,295,0.0585497
446.129,1,294.5,0.0584088
446.995,1,294,0.0578063
447.861,1,293.5,0.057142
448.727,1,293,0.056416
449.593,1,292.5,0.0556222
450.459,1,292,0.0547896
451.325,1,291.5,0.0539678
452.191,1,291,0.0531268
453.057,1,290.5,0.0524138
453.923,1,290,0.0518289
454.789,1,289.5,0.0513721
455.655,1,289,0.0510432
456.521,1,288.5,0.0508425
457.387,1,288,0.050852
458.253,1,287.5,0.0509798
459.119,1,287,0.0510264
459.985,1,286.5,0.0503739
460.851,1,286,0.049589
461.717,1,285.5,0.0486718
462.583,1,285,0.0476559
463.449,1,284.5,0.0466643
464.315,1,284,0.0451984
465.181,1,283.5,0.0439463
466.047,1,283,0.0427023
466.913,1,282.5,0.0423249
467.779,1,282,0.0419157
468.645,1,281.5,0.0414581
469.512,1,281,0.0412008
470.378,1,280.5,0.0409847
471.244,1,280,0.040624
472.11,1,279.5,0.0401918
472.976,1,279,0.039688
473.842,1,278.5,0.0379634
474.708,1,278,0.0371137
475.574,1,277.5,0.0366178
476.44,1,277,0.0372359
477.306,1,276.5,0.037934
478.172,1,276,0.0387948
479.038,1,275.5,0.0398513
479.904,1,275,0.0411062
480.77,1,274.5,0.0429553
481.636,1,274,0.0450847
482.502,1,273.5,0.0472968
483.368,1,273,0.0495351
484.234,1,272.5,0.0517959
485.1,1,272,0.0539288
485.966,1,271.5,0.0549534
486.832,1,271,0.0558994
487.698,1,270.5,0.0568263
488.564,1,270,0.0576815
489.43,1,269.5,0.0584891
490.296,1,269,0.0585472
491.162,1,268.5,0.0581437
492.028,1,268,0.0577354
492.894,1,267.5,0.057503
493.76,1,267,0.0580525
494.626,1,266.5,0.0588728
495.492,1,266,0.0597905
496.358,1,265.5,0.0595582
497.224,1,265,0.0590961
498.09,1,264.5,0.0589734
498.956,1,264,0.0593368
499.822,1,263.5,0.0599315
500.688,1,263,0.0606483
501.554,1,262.5,0.0611185
502.42,1,262,0.0610662
503.286,1,261.5,0.060617
504.153,1,261,0.0604246
505.019,1,260.5,0.0602736
505.885,1,260,0.0601769
506.751,1,259.5,0.060273
507.617,1,259,0.0600771
508.483,1,258.5,0.0598456
509.349,1,258,0.0595787
510.215,1,257.5,0.0592761
511.081,1,257,0.0610203
511.947,1,256.5,0.0632591
512.813,1,256,0.0662092
513.679,1,255.5,0.0660305
514.545,1,255,0.0623048
515.411,1,254.5,0.0579094
516.277,1,254,0.0530853
517.143,1,253.5,0.0478238
518.009,1,253,0.0421223
518.875,1,252.5,0.0399118
519.741,1,252,0.0378247
520.607,1,251.5,0.0326592
521.473,1,251,0.0271618
522.339,1,250.5,0.0257347
523.205,1,250,0.0256989
524.071,1,249.5,0.0253033
524.937,1,249,0.0251354
525.803,1,248.5,0.0247694
526.669,1,248,0.0242022
527.535,1,247.5,0.0235419
528.401,1,247,0.0241847
529.267,1,246.5,0.0248524
530.133,1,246,0.0255061
530.999,1,245.5,0.0259603
531.865,1,245,0.0262453
532.731,1,244.5,0.0270828
533.597,1,244,0.0276625
534.463,1,243.5,0.0282008
535.329,1,243,0.0277297
536.195,1,242.5,0.0273549
537.061,1,242,0.0277296
537.928,1,241.5,0.0283654
538.794,1,241,0.0288861
539.66,1,240.5,0.0292051
540.526,1,240,0.0291417
541.392,1,239.5,0.0288143
542.258,1,239,0.0280953
543.124,1,238.5,0.0273163
543.99,1,238,0.0269034
544.856,1,237.5,0.026414
545.722,1,237,0.0262131
546.588,1,236.5,0.0262078
547.454,1,236,0.0257386
548.32,1,235.5,0.0252997
549.186,1,235,0.0247262
550.052,1,234.5,0.0241665
550.918,1,234,0.0244762
551.784,1,233.5,0.0247679
552.65,1,233,0.0251031
553.516,1,232.5,0.025568
554.382,1,232,0.0257265
555.248,1,231.5,0.0268626
556.114,1,231,0.0284837
556.98,1,230.5,0.0301623
557.846,1,230,0.0311865
558.712,1,229.5,0.0322925
559.578,1,229,0.0317868
560.444,1,228.5,0.0312195
561.31,1,228,0.0304653
562.176,1,227.5,0.02955
563.042,1,227,0.0284853
563.908,1,226.5,0.0262047
564.774,1,226,0.0241954
565.64,1,225.5,0.0244289
566.506,1,225,0.0258061
567.372,1,224.5,0.0269811
568.238,1,224,0.0295492
569.104,1,223.5,0.0301881
569.97,1,223,0.030761
570.836,1,222.5,0.0312678
571.703,1,222,0.0317032
572.569,1,221.5,0.0320739
573.435,1,221,0.0319098
574.301,1,220.5,0.0313998
575.167,1,220,0.0311389
576.033,1,219.5,0.0310288
576.899,1,219,0.03108
577.765,1,218.5,0.0309536
578.631,1,218,0.0308471
579.497,1,217.5,0.0307507
580.363,1,217,0.0263283
581.229,1,216.5,0.0245549
582.095,1,216,0.0242194
582.961,1,215.5,0.0239468
583.827,1,215,0.0238199
584.693,1,214.5,0.0254768
585.559,1,214,0.0269265
586.425,1,213.5,0.0281297
587.291,1,213,0.0284225
588.157,1,212.5,0.0285288
589.023,1,212,0.0285426
589.889,1,211.5,0.0283116
590.755,1,211,0.0281207
591.621,1,210.5,0.0280413
592.487,1,210,0.0279818
593.353,1,209.5,0.0277219
594.219,1,209,0.027289
595.085,1,208.5,0.0267857
595.951,1,208,0.0264727
596.817,1,207.5,0.0262196
597.683,1,207,0.0260258
598.549,1,206.5,0.0259558
599.415,1,206,0.0262981
600.281,1,205.5,0.0267632
601.147,1,205,0.0269008
602.013,1,204.5,0.0269333
602.879,1,204,0.0268607
603.745,1,203.5,0.0259645
604.611,1,203,0.0250711
605.477,1,202.5,0.024357
606.344,1,202,0.0244215
607.21,1,201.5,0.0243179
608.076,1,201,0.0240065
608.942,1,200.5,0.0241488
609.808,1,200,0.0233753
