x,y,z,b
90.1924,1,500,0.015094
91.0584,1,499.5,0.0150743
91.9244,1,499,0.0150546
92.7905,1,498.5,0.0150529
93.6565,1,498,0.0150516
94.5225,1,497.5,0.015051
95.3885,1,497,0.0150508
96.2546,1,496.5,0.01505
97.1206,1,496,0.0150588
97.9866,1,495.5,0.0150709
98.8526,1,495,0.0150831
99.7187,1,494.5,0.0150957
100.585,1,494,0.0151018
101.451,1,493.5,0.0151056
102.317,1,493,0.0150885
103.183,1,492.5,0.0150622
104.049,1,492,0.0150303
104.915,1,491.5,0.0149942
105.781,1,491,0.0149546
106.647,1,490.5,0.0149292
107.513,1,490,0.0149137
108.379,1,489.5,0.0149015
109.245,1,489,0.0148929
110.111,1,488.5,0.0148853
110.977,1,488,0.0148664
111.843,1,487.5,0.0147857
112.709,1,487,0.0147031
113.575,1,486.5,0.0146187
114.441,1,486,0.0145359
115.307,1,485.5,0.0144534
116.173,1,485,0.0144062
117.039,1,484.5,0.0143719
117.905,1,484,0.0143287
118.771,1,483.5,0.0142766
119.637,1,483,0.0142137
120.503,1,482.5,0.0141403
121.369,1,482,0.0140732
122.235,1,481.5,0.0140155
123.101,1,481,0.0139649
123.967,1,480.5,0.0139223
124.833,1,480,0.0138838
125.699,1,479.5,0.013784
126.565,1,479,0.0136521
127.431,1,478.5,0.0135162
128.297,1,478,0.0133898
129.164,1,477.5,0.0132504
130.03,1,477,0.0131663
130.896,1,476.5,0.0132607
131.762,1,476,0.0133578
132.628,1,475.5,0.0134581
133.494,1,475,0.013581
134.36,1,474.5,0.0137059
135.226,1,474,0.0136782
136.092,1,473.5,0.0136338
136.958,1,473,0.0135982
137.824,1,472.5,0.0135693
138.69,1,472,0.0135614
139.556,1,471.5,0.0136186
140.422,1,471,0.013745
141.288,1,470.5,0.0138483
142.154,1,470,0.0139259
143.02,1,469.5,0.0139801
143.886,1,469,0.0140022
144.752,1,468.5,0.0139792
145.618,1,468,0.0139669
146.484,1,467.5,0.0139626
147.35,1,467,0.013947
148.216,1,466.5,0.0139393
149.082,1,466,0.0139286
149.948,1,465.5,0.0138797
150.814,1,465,0.0138249
151.68,1,464.5,0.0137642
152.546,1,464,0.0136629
153.412,1,463.5,0.013554
154.278,1,463,0.0135186
155.144,1,462.5,0.0134672
156.01,1,462,0.0134082
156.876,1,461.5,0.0133491
157.742,1,461,0.0132892
158.608,1,460.5,0.0132234
159.474,1,460,0.0131555
160.34,1,459.5,0.0130975
161.206,1,459,0.0130495
162.072,1,458.5,0.0130028
162.939,1,458,0.0129577
163.805,1,457.5,0.0129304
164.671,1,457,0.0129073
165.537,1,456.5,0.0128973
166.403,1,456,0.0129561
167.269,1,455.5,0.0130194
168.135,1,455,0.0130083
169.001,1,454.5,0.012957
169.867,1,454,0.0129077
170.733,1,453.5,0.0128596
171.599,1,453,0.012847
172.465,1,452.5,0.012857
173.331,1,452,0.012973
174.197,1,451.5,0.0131241
175.063,1,451,0.0132934
175.929,1,450.5,0.0134641
176.795,1,450,0.0136482
177.661,1,449.5,0.0137922
178.527,1,449,0.0139087
179.393,1,448.5,0.0140347
180.259,1,448,0.0141732
181.125,1,447.5,0.0143186
181.991,1,447,0.0144741
182.857,1,446.5,0.0146511
183.723,1,446,0.0148247
184.589,1,445.5,0.0149943
185.455,1,445,0.015138
186.321,1,444.5,0.0152781
187.187,1,444,0.0154167
188.053,1,443.5,0.0155327
188.919,1,443,0.0156461
189.785,1,442.5,0.0157608
190.651,1,442,0.0158733
191.517,1,441.5,0.0159934
192.383,1,441,0.0161413
193.249,1,440.5,0.0162472
194.115,1,440,0.0163172
194.981,1,439.5,0.0163823
195.847,1,439,0.0164288
196.714,1,438.5,0.0164394
197.58,1,438,0.0164488
198.446,1,437.5,0.0164569
199.312,1,437,0.0164526
200.178,1,436.5,0.0164525
201.044,1,436,0.0164513
201.91,1,435.5,0.0164161
202.776,1,435,0.0163797
203.642,1,434.5,0.016342
204.508,1,434,0.0162769
205.374,1,433.5,0.0162085
206.24,1,433,0.0161426
207.106,1,432.5,0.0160655
207.972,1,432,0.0159864
208.838,1,431.5,0.0159101
209.704,1,431,0.0158277
210.57,1,430.5,0.0157305
211.436,1,430,0.0156109
212.302,1,429.5,0.0154876
213.168,1,429,0.0153604
214.034,1,428.5,0.0152314
214.9,1,428,0.015102
215.766,1,427.5,0.0149629
216.632,1,427,0.0148233
217.498,1,426.5,0.0146867
218.364,1,426,0.0145602
219.23,1,425.5,0.0144364
220.096,1,425,0.0143181
220.962,1,424.5,0.0142047
221.828,1,424,0.0140899
222.694,1,423.5,0.0139739
223.56,1,423,0.013843
224.426,1,422.5,0.0137074
225.292,1,422,0.0135844
226.158,1,421.5,0.0134471
227.024,1,421,0.013303
227.89,1,420.5,0.0131591
228.756,1,420,0.0130116
229.622,1,419.5,0.0128453
230.488,1,419,0.0126599
231.355,1,418.5,0.0124738
232.221,1,418,0.0122883
233.087,1,417.5,0.0121102
233.953,1,417,0.0119359
234.819,1,416.5,0.0117769
235.685,1,416,0.0116323
236.551,1,415.5,0.0115039
237.417,1,415,0.0114508
238.283,1,414.5,0.0113969
239.149,1,414,0.0113371
240.015,1,413.5,0.0113335
240.881,1,413,0.0113386
241.747,1,412.5,0.0113435
242.613,1,412,0.0113525
243.479,1,411.5,0.0113617
244.345,1,411,0.0113562
245.211,1,410.5,0.0113527
246.077,1,410,0.0113507
246.943,1,409.5,0.0113471
247.809,1,409,0.0113464
248.675,1,408.5,0.0113563
249.541,1,408,0.0113711
250.407,1,407.5,0.0113909
251.273,1,407,0.0114204
252.139,1,406.5,0.0114504
253.005,1,406,0.0114817
253.871,1,405.5,0.0115149
254.737,1,405,0.0115388
255.603,1,404.5,0.0115534
256.469,1,404,0.0115496
257.335,1,403.5,0.0115431
258.201,1,403,0.0115686
259.067,1,402.5,0.0116139
259.933,1,402,0.01166
260.799,1,401.5,0.011707
261.665,1,401,0.011757
262.531,1,400.5,0.0118057
263.397,1,400,0.0118468
264.263,1,399.5,0.0118852
265.13,1,399,0.0119189
265.996,1,398.5,0.0119527
266.862,1,398,0.0119829
267.728,1,397.5,0.0120125
268.594,1,397,0.012042
269.46,1,396.5,0.0120672
270.326,1,396,0.0120829
271.192,1,395.5,0.0120895
272.058,1,395,0.0120976
272.924,1,394.5,0.0121858
273.79,1,394,0.0122749
274.656,1,393.5,0.0123643
275.522,1,393,0.0124868
276.388,1,392.5,0.0126151
277.254,1,392,0.0126926
278.12,1,391.5,0.0127962
278.986,1,391,0.0129334
279.852,1,390.5,0.013087
280.718,1,390,0.0133112
281.584,1,389.5,0.0136095
282.45,1,389,0.0139107
283.316,1,388.5,0.0141481
284.182,1,388,0.0142379
285.048,1,387.5,0.0142965
285.914,1,387,0.0143036
286.78,1,386.5,0.0142571
287.646,1,386,0.014222
288.512,1,385.5,0.0141883
289.378,1,385,0.0141212
290.244,1,384.5,0.0140563
291.11,1,384,0.0140499
291.976,1,383.5,0.0142624
292.842,1,383,0.0144513
293.708,1,382.5,0.0145995
294.574,1,382,0.0148041
295.44,1,381.5,0.014993
296.306,1,381,0.0154463
297.172,1,380.5,0.0160289
298.038,1,380,0.0166625
298.905,1,379.5,0.0173136
299.771,1,379,0.0179742
300.637,1,378.5,0.0183299
301.503,1,378,0.0182759
302.369,1,377.5,0.0181914
303.235,1,377,0.0168549
304.101,1,376.5,0.0161505
304.967,1,376,0.0163488
305.833,1,375.5,0.0165027
306.699,1,375,0.0165872
307.565,1,374.5,0.0166761
308.431,1,374,0.016799
309.297,1,373.5,0.0173609
310.163,1,373,0.0182909
311.029,1,372.5,0.0195173
311.895,1,372,0.0206539
312.761,1,371.5,0.0218311
313.627,1,371,0.0230874
314.493,1,370.5,0.0243944
315.359,1,370,0.0255885
316.225,1,369.5,0.0266276
317.091,1,369,0.0275569
317.957,1,368.5,0.0283864
318.823,1,368,0.0299846
319.689,1,367.5,0.0318923
320.555,1,367,0.0339728
321.421,1,366.5,0.0356473
322.287,1,366,0.037232
323.153,1,365.5,0.0394083
324.019,1,365,0.0414434
324.885,1,364.5,0.0429301
325.751,1,364,0.0447801
326.617,1,363.5,0.0464583
327.483,1,363,0.0473616
328.349,1,362.5,0.0478873
329.215,1,362,0.0482132
330.081,1,361.5,0.0487187
330.947,1,361,0.0491623
331.813,1,360.5,0.0494775
332.679,1,360,0.0498741
333.546,1,359.5,0.0504279
334.412,1,359,0.0503076
335.278,1,358.5,0.0505971
336.144,1,358,0.0510811
337.01,1,357.5,0.051446
337.876,1,357,0.0511662
338.742,1,356.5,0.0508572
339.608,1,356,0.0505723
340.474,1,355.5,0.0503838
341.34,1,355,0.0502776
342.206,1,354.5,0.0497657
343.072,1,354,0.0492628
343.938,1,353.5,0.0478986
344.804,1,353,0.046643
345.67,1,352.5,0.0454628
346.536,1,352,0.0445171
347.402,1,351.5,0.0435839
348.268,1,351,0.0420995
349.134,1,350.5,0.0405928
350,1,350,0.0417829
350.866,1,349.5,0.0413128
351.732,1,349,0.0408314
352.598,1,348.5,0.0403176
353.464,1,348,0.039911
354.33,1,347.5,0.0395904
355.196,1,347,0.0397391
356.062,1,346.5,0.0398371
356.928,1,346,0.0399378
357.794,1,345.5,0.0406683
358.66,1,345,0.0413361
359.526,1,344.5,0.0418714
360.392,1,344,0.0420578
361.258,1,343.5,0.0423394
362.124,1,343,0.0428107
362.99,1,342.5,0.0429101
363.856,1,342,0.0428085
364.722,1,341.5,0.0426294
365.588,1,341,0.0428673
366.454,1,340.5,0.0432534
367.321,1,340,0.0440326
368.187,1,339.5,0.0450337
369.053,1,339,0.0465958
369.919,1,338.5,0.0474865
370.785,1,338,0.0482839
371.651,1,337.5,0.0489572
372.517,1,337,0.0495065
373.383,1,336.5,0.0499317
374.249,1,336,0.0503409
375.115,1,335.5,0.0504047
375.981,1,335,0.0500432
376.847,1,334.5,0.0493777
377.713,1,334,0.0475691
378.579,1,333.5,0.0457002
379.445,1,333,0.0433782
380.311,1,332.5,0.0413529
381.177,1,332,0.0401692
382.043,1,331.5,0.0423509
382.909,1,331,0.0463244
383.775,1,330.5,0.0511213
384.641,1,330,0.0575758
385.507,1,329.5,0.0644843
386.373,1,329,0.0701251
387.239,1,328.5,0.0738304
388.105,1,328,0.076268
388.971,1,327.5,0.0787046
389.837,1,327,0.080898
390.703,1,326.5,0.0818173
391.569,1,326,0.082231
392.435,1,325.5,0.0827227
393.301,1,325,0.0827937
394.167,1,324.5,0.083537
395.033,1,324,0.0848929
395.899,1,323.5,0.0849954
396.765,1,323,0.0858143
397.631,1,322.5,0.086742
398.497,1,322,0.0882691
399.363,1,321.5,0.0894103
400.229,1,321,0.0904465
401.095,1,320.5,0.0915083
401.962,1,320,0.093079
402.828,1,319.5,0.0948989
403.694,1,319,0.0970495
404.56,1,318.5,0.0987658
405.426,1,318,0.100455
406.292,1,317.5,0.102705
407.158,1,317,0.105842
408.024,1,316.5,0.10577
408.89,1,316,0.105222
409.756,1,315.5,0.104703
410.622,1,315,0.103872
411.488,1,314.5,0.102493
412.354,1,314,0.101151
413.22,1,313.5,0.0991015
414.086,1,313,0.0966864
414.952,1,312.5,0.0947976
415.818,1,312,0.0926529
416.684,1,311.5,0.0918781
417.55,1,311,0.091948
418.416,1,310.5,0.0966624
419.282,1,310,0.102456
420.148,1,309.5,0.107992
421.014,1,309,0.113392
421.88,1,308.5,0.120676
422.746,1,308,0.123757
423.612,1,307.5,0.124177
424.478,1,307,0.124343
425.344,1,306.5,0.121171
426.21,1,306,0.118549
427.076,1,305.5,0.116887
427.942,1,305,0.11322
428.808,1,304.5,0.109213
429.674,1,304,0.104774
430.54,1,303.5,0.0995577
431.406,1,303,0.0945468
432.272,1,302.5,0.0898017
433.138,1,302,0.0840026
434.004,1,301.5,0.0766309
434.87,1,301,0.0672586
435.737,1,300.5,0.0584061
436.603,1,300,0.056201
437.469,1,299.5,0.0573443
438.335,1,299,0.0590658
439.201,1,298.5,0.0621468
440.067,1,298,0.0648248
440.933,1,297.5,0.0659701
441.799,1,297,0.06715
442.665,1,296.5,0.0686085
443.531,1,296,0.0713726
444.397,1,295.5,0.0709637
445.263,1,295,0.070483
446.129,1,294.5,0.0693429
446.995,1,294,0.0683479
447.861,1,293.5,0.0685285
448.727,1,293,0.0669334
449.593,1,292.5,0.0638995
450.459,1,292,0.0607298
451.325,1,291.5,0.0545688
452.191,1,291,0.0493105
453.057,1,290.5,0.0453983
453.923,1,290,0.0465023
454.789,1,289.5,0.0463176
455.655,1,289,0.045848
456.521,1,288.5,0.0458864
457.387,1,288,0.0455162
458.253,1,287.5,0.050169
459.119,1,287,0.0563824
459.985,1,286.5,0.0614121
460.851,1,286,0.0625271
461.717,1,285.5,0.0630193
462.583,1,285,0.0636108
463.449,1,284.5,0.0636737
464.315,1,284,0.0640951
465.181,1,283.5,0.0645027
466.047,1,283,0.0637915
466.913,1,282.5,0.0622464
467.779,1,282,0.0549612
468.645,1,281.5,0.0477783
469.512,1,281,0.0442269
470.378,1,280.5,0.0428672
471.244,1,280,0.0411524
472.11,1,279.5,0.0395403
472.976,1,279,0.0399789
473.842,1,278.5,0.0395757
474.708,1,278,0.0393001
475.574,1,277.5,0.039575
476.44,1,277,0.0399802
477.306,1,276.5,0.0401836
478.172,1,276,0.0399966
479.038,1,275.5,0.0397332
479.904,1,275,0.0393934
480.77,1,274.5,0.0389967
481.636,1,274,0.0384392
482.502,1,273.5,0.0376805
483.368,1,273,0.0370001
484.234,1,272.5,0.0361443
485.1,1,272,0.0351978
485.966,1,271.5,0.0351813
486.832,1,271,0.035238
487.698,1,270.5,0.0352722
488.564,1,270,0.0353164
489.43,1,269.5,0.0354068
490.296,1,269,0.036094
491.162,1,268.5,0.0370026
492.028,1,268,0.0377836
492.894,1,267.5,0.0384737
493.76,1,267,0.0390062
494.626,1,266.5,0.0391448
495.492,1,266,0.0388049
496.358,1,265.5,0.0384376
497.224,1,265,0.0379831
498.09,1,264.5,0.0372833
498.956,1,264,0.0366546
499.822,1,263.5,0.0361038
500.688,1,263,0.0357565
501.554,1,262.5,0.0356103
502.42,1,262,0.0353692
503.286,1,261.5,0.0350333
504.153,1,261,0.0346025
505.019,1,260.5,0.0340769
505.885,1,260,0.033499
506.751,1,259.5,0.0345503
507.617,1,259,0.035681
508.483,1,258.5,0.0366506
509.349,1,258,0.0363327
510.215,1,257.5,0.0364021
511.081,1,257,0.0363961
511.947,1,256.5,0.0364067
512.813,1,256,0.036436
513.679,1,255.5,0.0364748
514.545,1,255,0.0365615
515.411,1,254.5,0.036657
516.277,1,254,0.0371479
517.143,1,253.5,0.0376957
518.009,1,253,0.0382921
518.875,1,252.5,0.0402629
519.741,1,252,0.0424069
520.607,1,251.5,0.044426
521.473,1,251,0.0456547
522.339,1,250.5,0.0466179
523.205,1,250,0.0475787
524.071,1,249.5,0.0479302
524.937,1,249,0.047942
525.803,1,248.5,0.0479912
526.669,1,248,0.0479904
527.535,1,247.5,0.0478756
528.401,1,247,0.0473758
529.267,1,246.5,0.0472299
530.133,1,246,0.0468931
530.999,1,245.5,0.0464541
531.865,1,245,0.0459923
532.731,1,244.5,0.045009
533.597,1,244,0.0437898
534.463,1,243.5,0.0425769
535.329,1,243,0.0414764
536.195,1,242.5,0.0404183
537.061,1,242,0.0393889
537.928,1,241.5,0.038329
538.794,1,241,0.0370399
539.66,1,240.5,0.0356433
540.526,1,240,0.0350849
541.392,1,239.5,0.0354402
542.258,1,239,0.0361343
543.124,1,238.5,0.0350163
543.99,1,238,0.0338799
544.856,1,237.5,0.0333667
545.722,1,237,0.0329959
546.588,1,236.5,0.0326063
547.454,1,236,0.0304122
548.32,1,235.5,0.0290174
549.186,1,235,0.0279377
550.052,1,234.5,0.0270101
550.918,1,234,0.0262347
551.784,1,233.5,0.0257717
552.65,1,233,0.0255223
553.516,1,232.5,0.0253312
554.382,1,232,0.025165
555.248,1,231.5,0.0250414
556.114,1,231,0.0249326
556.98,1,230.5,0.0245072
557.846,1,230,0.0240609
558.712,1,229.5,0.0236163
559.578,1,229,0.0231887
560.444,1,228.5,0.022812
561.31,1,228,0.0225864
562.176,1,227.5,0.0225006
563.042,1,227,0.0225575
563.908,1,226.5,0.0226605
564.774,1,226,0.0228423
565.64,1,225.5,0.0232996
566.506,1,225,0.0238351
567.372,1,224.5,0.0244028
568.238,1,224,0.0249928
569.104,1,223.5,0.0255895
569.97,1,223,0.0261929
570.836,1,222.5,0.0265935
571.703,1,222,0.0269345
572.569,1,221.5,0.0272797
573.435,1,221,0.0276235
574.301,1,220.5,0.0279816
575.167,1,220,0.0282442
576.033,1,219.5,0.0280713
576.899,1,219,0.0278534
577.765,1,218.5,0.0276382
578.631,1,218,0.0273622
579.497,1,217.5,0.0270166
580.363,1,217,0.0268249
581.229,1,216.5,0.0266859
582.095,1,216,0.0264963
582.961,1,215.5,0.026385
583.827,1,215,0.0263438
584.693,1,214.5,0.026216
585.559,1,214,0.0262383
586.425,1,213.5,0.0263125
587.291,1,213,0.0262839
588.157,1,212.5,0.0262588
589.023,1,212,0.0262552
589.889,1,211.5,0.0260852
590.755,1,211,0.0258448
591.621,1,210.5,0.0256014
592.487,1,210,0.0251258
593.353,1,209.5,0.0244545
594.219,1,209,0.0237396
595.085,1,208.5,0.0230988
595.951,1,208,0.022606
596.817,1,207.5,0.022111
597.683,1,207,0.0217305
598.549,1,206.5,0.0216792
599.415,1,206,0.0218339
600.281,1,205.5,0.0220379
601.147,1,205,0.0223172
602.013,1,204.5,0.0226082
602.879,1,204,0.0229109
603.745,1,203.5,0.0232712
604.611,1,203,0.0236713
605.477,1,202.5,0.0240785
606.344,1,202,0.0244462
607.21,1,201.5,0.0247787
608.076,1,201,0.0250855
608.942,1,200.5,0.0251574
609.808,1,200,0.0251192
