x,y,z,b
90.1924,1,500,0.0138882
91.0584,1,499.5,0.013782
91.9244,1,499,0.0136704
92.7905,1,498.5,0.013588
93.6565,1,498,0.0135081
94.5225,1,497.5,0.013434
95.3885,1,497,0.0133797
96.2546,1,496.5,0.0133362
97.1206,1,496,0.0132364
97.9866,1,495.5,0.0131168
98.8526,1,495,0.0130022
99.7187,1,494.5,0.0128927
100.585,1,494,0.0128305
101.451,1,493.5,0.0127897
102.317,1,493,0.0128345
103.183,1,492.5,0.0128823
104.049,1,492,0.0129114
104.915,1,491.5,0.0129141
105.781,1,491,0.0129012
106.647,1,490.5,0.0128695
107.513,1,490,0.0128555
108.379,1,489.5,0.0128763
109.245,1,489,0.012947
110.111,1,488.5,0.0130584
110.977,1,488,0.0131857
111.843,1,487.5,0.0131747
112.709,1,487,0.0131121
113.575,1,486.5,0.0129992
114.441,1,486,0.0128508
115.307,1,485.5,0.0126607
116.173,1,485,0.0126901
117.039,1,484.5,0.0128563
117.905,1,484,0.0130507
118.771,1,483.5,0.0132731
119.637,1,483,0.013491
120.503,1,482.5,0.0136108
121.369,1,482,0.0134118
122.235,1,481.5,0.0131932
123.101,1,481,0.0129791
123.967,1,480.5,0.0127809
124.833,1,480,0.0126121
125.699,1,479.5,0.0127753
126.565,1,479,0.0130074
127.431,1,478.5,0.0132151
128.297,1,478,0.0133855
129.164,1,477.5,0.0135068
130.03,1,477,0.0135176
130.896,1,476.5,0.0133824
131.762,1,476,0.013302
132.628,1,475.5,0.0132761
133.494,1,475,0.0132895
134.36,1,474.5,0.0133628
135.226,1,474,0.0133839
136.092,1,473.5,0.0133383
136.958,1,473,0.0132579
137.824,1,472.5,0.0131449
138.69,1,472,0.0130246
139.556,1,471.5,0.0130198
140.422,1,471,0.0132562
141.288,1,470.5,0.0135168
142.154,1,470,0.0137658
143.02,1,469.5,0.0140118
143.886,1,469,0.0142488
144.752,1,468.5,0.0140645
145.618,1,468,0.0138517
146.484,1,467.5,0.013667
147.35,1,467,0.0135307
148.216,1,466.5,0.0134293
149.082,1,466,0.0135169
149.948,1,465.5,0.0138116
150.814,1,465,0.0140578
151.68,1,464.5,0.0142556
152.546,1,464,0.014392
153.412,1,463.5,0.0144748
154.278,1,463,0.0143362
155.144,1,462.5,0.0142099
156.01,1,462,0.0141068
156.876,1,461.5,0.0140264
157.742,1,461,0.0139856
158.608,1,460.5,0.0140313
159.474,1,460,0.0141172
160.34,1,459.5,0.0141849
161.206,1,459,0.0142317
162.072,1,458.5,0.0142485
162.939,1,458,0.0142355
163.805,1,457.5,0.0142243
164.671,1,457,0.0142533
165.537,1,456.5,0.0143201
166.403,1,456,0.0144062
167.269,1,455.5,0.0145253
168.135,1,455,0.0145783
169.001,1,454.5,0.0145116
169.867,1,454,0.0144137
170.733,1,453.5,0.0142854
171.599,1,453,0.0141147
172.465,1,452.5,0.0139335
173.331,1,452,0.0140376
174.197,1,451.5,0.0141592
175.063,1,451,0.0143168
175.929,1,450.5,0.0145191
176.795,1,450,0.0147673
177.661,1,449.5,0.0148049
178.527,1,449,0.0146603
179.393,1,448.5,0.0144804
180.259,1,448,0.0142592
181.125,1,447.5,0.0140066
181.991,1,447,0.0137904
182.857,1,446.5,0.0139738
183.723,1,446,0.0141667
184.589,1,445.5,0.0143691
185.455,1,445,0.0145793
186.321,1,444.5,0.0147828
187.187,1,444,0.0147298
188.053,1,443.5,0.0145502
188.919,1,443,0.0143904
189.785,1,442.5,0.014253
190.651,1,442,0.0141451
191.517,1,441.5,0.0141113
192.383,1,441,0.0142214
193.249,1,440.5,0.0142909
194.115,1,440,0.0143247
194.981,1,439.5,0.0143375
195.847,1,439,0.0143161
196.714,1,438.5,0.0142357
197.58,1,438,0.014172
198.446,1,437.5,0.0141344
199.312,1,437,0.0141119
200.178,1,436.5,0.0141118
201.044,1,436,0.0141191
201.91,1,435.5,0.0140572
202.776,1,435,0.0139786
203.642,1,434.5,0.013883
204.508,1,434,0.0137556
205.374,1,433.5,0.0136142
206.24,1,433,0.0134863
207.106,1,432.5,0.0133678
207.972,1,432,0.0132479
208.838,1,431.5,0.0131246
209.704,1,431,0.0130217
210.57,1,430.5,0.0129354
211.436,1,430,0.0128556
212.302,1,429.5,0.0128049
213.168,1,429,0.0127851
214.034,1,428.5,0.0127708
214.9,1,428,0.0127641
215.766,1,427.5,0.0127574
216.632,1,427,0.0127499
217.498,1,426.5,0.0127413
218.364,1,426,0.0127211
219.23,1,425.5,0.0127005
220.096,1,425,0.0127116
220.962,1,424.5,0.012753
221.828,1,424,0.0127773
222.694,1,423.5,0.0127847
223.56,1,423,0.0127648
224.426,1,422.5,0.0127051
225.292,1,422,0.0126406
226.158,1,421.5,0.0126887
227.024,1,421,0.0128059
227.89,1,420.5,0.0129626
228.756,1,420,0.0131713
229.622,1,419.5,0.0133074
230.488,1,419,0.013288
231.355,1,418.5,0.0132474
232.221,1,418,0.0132107
233.087,1,417.5,0.0131489
233.953,1,417,0.0130822
234.819,1,416.5,0.0133401
235.685,1,416,0.0135934
236.551,1,415.5,0.0138408
237.417,1,415,0.0141558
238.283,1,414.5,0.0144493
239.149,1,414,0.0146242
240.015,1,413.5,0.0146688
240.881,1,413,0.0147457
241.747,1,412.5,0.0148626
242.613,1,412,0.0148604
243.479,1,411.5,0.014819
244.345,1,411,0.0148489
245.211,1,410.5,0.0148294
246.077,1,410,0.0147697
246.943,1,409.5,0.014703
247.809,1,409,0.0145831
248.675,1,408.5,0.0143461
249.541,1,408,0.0140823
250.407,1,407.5,0.0138338
251.273,1,407,0.013636
252.139,1,406.5,0.0134551
253.005,1,406,0.0133023
253.871,1,405.5,0.0132946
254.737,1,405,0.0133
255.603,1,404.5,0.0133184
256.469,1,404,0.0135412
257.335,1,403.5,0.0138208
258.201,1,403,0.014166
259.067,1,402.5,0.0145865
259.933,1,402,0.0150136
260.799,1,401.5,0.015432
261.665,1,401,0.0156742
262.531,1,400.5,0.0157965
263.397,1,400,0.01587
264.263,1,399.5,0.0158299
265.13,1,399,0.0156366
265.996,1,398.5,0.0154338
266.862,1,398,0.0152017
267.728,1,397.5,0.0149959
268.594,1,397,0.014896
269.46,1,396.5,0.0149114
270.326,1,396,0.0151266
271.192,1,395.5,0.0153708
272.058,1,395,0.015604
272.924,1,394.5,0.0182994
273.79,1,394,0.022939
274.656,1,393.5,0.0238618
275.522,1,393,0.0248154
276.388,1,392.5,0.025793
277.254,1,392,0.0267801
278.12,1,391.5,0.0277968
278.986,1,391,0.0288246
279.852,1,390.5,0.0292202
280.718,1,390,0.0294666
281.584,1,389.5,0.0295637
282.45,1,389,0.0294586
283.316,1,388.5,0.0293564
284.182,1,388,0.0292663
285.048,1,387.5,0.0291883
285.914,1,387,0.0291222
286.78,1,386.5,0.0290682
287.646,1,386,0.0291545
288.512,1,385.5,0.0293809
289.378,1,385,0.0294654
290.244,1,384.5,0.0294499
291.11,1,384,0.0293344
291.976,1,383.5,0.029119
292.842,1,383,0.0287265
293.708,1,382.5,0.0264016
294.574,1,382,0.0253637
295.44,1,381.5,0.024284
296.306,1,381,0.0232848
297.172,1,380.5,0.0221055
298.038,1,380,0.0198466
298.905,1,379.5,0.0178291
299.771,1,379,0.0171461
300.637,1,378.5,0.0169977
301.503,1,378,0.0170501
302.369,1,377.5,0.0171394
303.235,1,377,0.0174125
304.101,1,376.5,0.0181919
304.967,1,376,0.0196136
305.833,1,375.5,0.0209379
306.699,1,375,0.0214672
307.565,1,374.5,0.0214444
308.431,1,374,0.0215668
309.297,1,373.5,0.0223639
310.163,1,373,0.0233625
311.029,1,372.5,0.0246468
311.895,1,372,0.0264017
312.761,1,371.5,0.0278226
313.627,1,371,0.0290409
314.493,1,370.5,0.0309164
315.359,1,370,0.0331206
316.225,1,369.5,0.0370305
317.091,1,369,0.0419431
317.957,1,368.5,0.0463704
318.823,1,368,0.0503286
319.689,1,367.5,0.0529237
320.555,1,367,0.0554199
321.421,1,366.5,0.0577214
322.287,1,366,0.0574341
323.153,1,365.5,0.0567543
324.019,1,365,0.0578195
324.885,1,364.5,0.0589392
325.751,1,364,0.0597267
326.617,1,363.5,0.0603347
327.483,1,363,0.0617138
328.349,1,362.5,0.0606528
329.215,1,362,0.0598542
330.081,1,361.5,0.0603043
330.947,1,361,0.0614145
331.813,1,360.5,0.0627108
332.679,1,360,0.064724
333.546,1,359.5,0.0673782
334.412,1,359,0.071193
335.278,1,358.5,0.0746926
336.144,1,358,0.0775981
337.01,1,357.5,0.0805415
337.876,1,357,0.0826084
338.742,1,356.5,0.0806873
339.608,1,356,0.0798611
340.474,1,355.5,0.0804572
341.34,1,355,0.0809389
342.206,1,354.5,0.0805841
343.072,1,354,0.0789833
343.938,1,353.5,0.0774587
344.804,1,353,0.0762506
345.67,1,352.5,0.0751422
346.536,1,352,0.0686112
347.402,1,351.5,0.053508
348.268,1,351,0.0416011
349.134,1,350.5,0.0353414
350,1,350,0.035068
350.866,1,349.5,0.0324545
351.732,1,349,0.0367262
352.598,1,348.5,0.0389379
353.464,1,348,0.0361005
354.33,1,347.5,0.0357549
355.196,1,347,0.0383083
356.062,1,346.5,0.0426385
356.928,1,346,0.043215
357.794,1,345.5,0.0438427
358.66,1,345,0.0446167
359.526,1,344.5,0.0454947
360.392,1,344,0.045909
361.258,1,343.5,0.0459088
362.124,1,343,0.0455518
362.99,1,342.5,0.0441597
363.856,1,342,0.0424083
364.722,1,341.5,0.0405701
365.588,1,341,0.0391513
366.454,1,340.5,0.0376372
367.321,1,340,0.0360445
368.187,1,339.5,0.0356442
369.053,1,339,0.0364922
369.919,1,338.5,0.0380432
370.785,1,338,0.0397326
371.651,1,337.5,0.0422104
372.517,1,337,0.0437694
373.383,1,336.5,0.0453166
374.249,1,336,0.0456412
375.115,1,335.5,0.0459507
375.981,1,335,0.0462441
376.847,1,334.5,0.0452588
377.713,1,334,0.0443912
378.579,1,333.5,0.0437364
379.445,1,333,0.0431402
380.311,1,332.5,0.0426534
381.177,1,332,0.0421057
382.043,1,331.5,0.0413537
382.909,1,331,0.0405485
383.775,1,330.5,0.0396924
384.641,1,330,0.0387381
385.507,1,329.5,0.0376623
386.373,1,329,0.0364089
387.239,1,328.5,0.0356758
388.105,1,328,0.0355362
388.971,1,327.5,0.0351131
389.837,1,327,0.0344772
390.703,1,326.5,0.0345942
391.569,1,326,0.0352763
392.435,1,325.5,0.0360126
393.301,1,325,0.037112
394.167,1,324.5,0.0382759
395.033,1,324,0.0395095
395.899,1,323.5,0.0406935
396.765,1,323,0.0418976
397.631,1,322.5,0.0431437
398.497,1,322,0.0442001
399.363,1,321.5,0.0450864
400.229,1,321,0.0457924
401.095,1,320.5,0.046049
401.962,1,320,0.0460893
402.828,1,319.5,0.0461588
403.694,1,319,0.0462182
404.56,1,318.5,0.046273
405.426,1,318,0.046465
406.292,1,317.5,0.0467125
407.158,1,317,0.0471574
408.024,1,316.5,0.0477519
408.89,1,316,0.0483578
409.756,1,315.5,0.0477665
410.622,1,315,0.0471678
411.488,1,314.5,0.0466451
412.354,1,314,0.0470208
413.22,1,313.5,0.0474431
414.086,1,313,0.0480304
414.952,1,312.5,0.0498724
415.818,1,312,0.050733
416.684,1,311.5,0.0521637
417.55,1,311,0.0522621
418.416,1,310.5,0.0519564
419.282,1,310,0.0516696
420.148,1,309.5,0.0514196
421.014,1,309,0.0510749
421.88,1,308.5,0.0506475
422.746,1,308,0.0501406
423.612,1,307.5,0.0495864
424.478,1,307,0.0491061
425.344,1,306.5,0.0486979
426.21,1,306,0.0478525
427.076,1,305.5,0.0473185
427.942,1,305,0.0470511
428.808,1,304.5,0.0467055
429.674,1,304,0.0463738
430.54,1,303.5,0.0457019
431.406,1,303,0.0451318
432.272,1,302.5,0.0447828
433.138,1,302,0.043866
434.004,1,301.5,0.042991
434.87,1,301,0.0425465
435.737,1,300.5,0.0422961
436.603,1,300,0.0423356
437.469,1,299.5,0.042871
438.335,1,299,0.0433316
439.201,1,298.5,0.0434382
440.067,1,298,0.0436232
440.933,1,297.5,0.0438124
441.799,1,297,0.0440452
442.665,1,296.5,0.0443432
443.531,1,296,0.0444995
444.397,1,295.5,0.0441822
445.263,1,295,0.0439716
446.129,1,294.5,0.0442254
446.995,1,294,0.0439931
447.861,1,293.5,0.0436145
448.727,1,293,0.0432835
449.593,1,292.5,0.0430217
450.459,1,292,0.0427664
451.325,1,291.5,0.0425394
452.191,1,291,0.0425834
453.057,1,290.5,0.0428457
453.923,1,290,0.0429734
454.789,1,289.5,0.0431571
455.655,1,289,0.0427347
456.521,1,288.5,0.0423071
457.387,1,288,0.0421046
458.253,1,287.5,0.0419301
459.119,1,287,0.0417381
459.985,1,286.5,0.0401874
460.851,1,286,0.0391072
461.717,1,285.5,0.0380946
462.583,1,285,0.0370387
463.449,1,284.5,0.0360685
464.315,1,284,0.0354398
465.181,1,283.5,0.0349146
466.047,1,283,0.0344851
466.913,1,282.5,0.034227
467.779,1,282,0.0340954
468.645,1,281.5,0.0340812
469.512,1,281,0.0342624
470.378,1,280.5,0.0346297
471.244,1,280,0.0351122
472.11,1,279.5,0.0356682
472.976,1,279,0.0362709
473.842,1,278.5,0.0369305
474.708,1,278,0.037488
475.574,1,277.5,0.0377369
476.44,1,277,0.0378793
477.306,1,276.5,0.0379938
478.172,1,276,0.0379703
479.038,1,275.5,0.0379777
479.904,1,275,0.0380175
480.77,1,274.5,0.0381334
481.636,1,274,0.0383094
482.502,1,273.5,0.0385669
483.368,1,273,0.0388515
484.234,1,272.5,0.0391071
485.1,1,272,0.0392849
485.966,1,271.5,0.0390911
486.832,1,271,0.0388925
487.698,1,270.5,0.0387142
488.564,1,270,0.0385229
489.43,1,269.5,0.0383258
490.296,1,269,0.0378758
491.162,1,268.5,0.0373642
492.028,1,268,0.0369408
492.894,1,267.5,0.0366091
493.76,1,267,0.0363692
494.626,1,266.5,0.0362542
495.492,1,266,0.0363706
496.358,1,265.5,0.0364707
497.224,1,265,0.0364111
498.09,1,264.5,0.0363282
498.956,1,264,0.0362218
499.822,1,263.5,0.0358326
500.688,1,263,0.035436
501.554,1,262.5,0.0351323
502.42,1,262,0.0351452
503.286,1,261.5,0.0353499
504.153,1,261,0.0357085
505.019,1,260.5,0.0365619
505.885,1,260,0.0376761
506.751,1,259.5,0.0388402
507.617,1,259,0.0398102
508.483,1,258.5,0.0405185
509.349,1,258,0.0412364
510.215,1,257.5,0.0417492
511.081,1,257,0.0418907
511.947,1,256.5,0.041992
512.813,1,256,0.0420394
513.679,1,255.5,0.0420419
514.545,1,255,0.0422065
515.411,1,254.5,0.0424135
516.277,1,254,0.042524
517.143,1,253.5,0.0426526
518.009,1,253,0.0428023
518.875,1,252.5,0.042875
519.741,1,252,0.0430071
520.607,1,251.5,0.0435079
521.473,1,251,0.0436539
522.339,1,250.5,0.0437439
523.205,1,250,0.0433902
524.071,1,249.5,0.0429793
524.937,1,249,0.0425111
525.803,1,248.5,0.0398207
526.669,1,248,0.0384826
527.535,1,247.5,0.036708
528.401,1,247,0.035259
529.267,1,246.5,0.0341579
530.133,1,246,0.0337584
530.999,1,245.5,0.0330257
531.865,1,245,0.0319916
532.731,1,244.5,0.0320691
533.597,1,244,0.0325234
534.463,1,243.5,0.032793
535.329,1,243,0.0329316
536.195,1,242.5,0.0328312
537.061,1,242,0.0324803
537.928,1,241.5,0.032283
538.794,1,241,0.032141
539.66,1,240.5,0.0320877
540.526,1,240,0.0318548
541.392,1,239.5,0.0312535
542.258,1,239,0.0304849
543.124,1,238.5,0.0299077
543.99,1,238,0.0292828
544.856,1,237.5,0.0285299
545.722,1,237,0.0279229
546.588,1,236.5,0.0279411
547.454,1,236,0.0276155
548.32,1,235.5,0.0271953
549.186,1,235,0.0274941
550.052,1,234.5,0.0276697
550.918,1,234,0.0277221
551.784,1,233.5,0.0275722
552.65,1,233,0.027302
553.516,1,232.5,0.0269347
554.382,1,232,0.0263092
555.248,1,231.5,0.0256023
556.114,1,231,0.0248657
556.98,1,230.5,0.0243102
557.846,1,230,0.0238641
558.712,1,229.5,0.0233809
559.578,1,229,0.022923
560.444,1,228.5,0.022488
561.31,1,228,0.0221465
562.176,1,227.5,0.0221173
563.042,1,227,0.0225994
563.908,1,226.5,0.0231382
564.774,1,226,0.0239479
565.64,1,225.5,0.0260945
566.506,1,225,0.0283249
567.372,1,224.5,0.0305207
568.238,1,224,0.0312493
569.104,1,223.5,0.0316232
569.97,1,223,0.0316579
570.836,1,222.5,0.0300545
571.703,1,222,0.0282466
572.569,1,221.5,0.0265005
573.435,1,221,0.0251526
574.301,1,220.5,0.0240043
575.167,1,220,0.0229096
576.033,1,219.5,0.0225079
576.899,1,219,0.0226905
577.765,1,218.5,0.0228496
578.631,1,218,0.0230748
579.497,1,217.5,0.0234342
580.363,1,217,0.0239933
581.229,1,216.5,0.0245018
582.095,1,216,0.0248156
582.961,1,215.5,0.0250673
583.827,1,215,0.0252654
584.693,1,214.5,0.0255757
585.559,1,214,0.0258931
586.425,1,213.5,0.0262015
587.291,1,213,0.0265544
588.157,1,212.5,0.0269501
589.023,1,212,0.0273845
589.889,1,211.5,0.0276311
590.755,1,211,0.0277774
591.621,1,210.5,0.0278861
592.487,1,210,0.028021
593.353,1,209.5,0.0282157
594.219,1,209,0.0283998
595.085,1,208.5,0.0285028
595.951,1,208,0.0285696
596.817,1,207.5,0.0286285
597.683,1,207,0.0286508
598.549,1,206.5,0.0285919
599.415,1,206,0.0283814
600.281,1,205.5,0.0280995
601.147,1,205,0.0276779
602.013,1,204.5,0.0272643
602.879,1,204,0.0268589
603.745,1,203.5,0.0266492
604.611,1,203,0.0264859
605.477,1,202.5,0.0263833
606.344,1,202,0.0264187
607.21,1,201.5,0.0265846
608.076,1,201,0.0268656
608.942,1,200.5,0.0269697
609.808,1,200,0.0272405
