x,y,z,b
90.1924,1,500,0.0142157
91.0584,1,499.5,0.0141762
91.9244,1,499,0.0141343
92.7905,1,498.5,0.0140535
93.6565,1,498,0.0139764
94.5225,1,497.5,0.0139053
95.3885,1,497,0.0138466
96.2546,1,496.5,0.0137925
97.1206,1,496,0.0137626
97.9866,1,495.5,0.0137518
98.8526,1,495,0.0137394
99.7187,1,494.5,0.0137255
100.585,1,494,0.01372
101.451,1,493.5,0.0137006
102.317,1,493,0.0136465
103.183,1,492.5,0.013602
104.049,1,492,0.0135755
104.915,1,491.5,0.0135687
105.781,1,491,0.0135973
106.647,1,490.5,0.0136209
107.513,1,490,0.0136149
108.379,1,489.5,0.013602
109.245,1,489,0.0135797
110.111,1,488.5,0.0135332
110.977,1,488,0.0135053
111.843,1,487.5,0.0136799
112.709,1,487,0.0138849
113.575,1,486.5,0.0141209
114.441,1,486,0.014383
115.307,1,485.5,0.0146593
116.173,1,485,0.0147098
117.039,1,484.5,0.0146197
117.905,1,484,0.0145474
118.771,1,483.5,0.0144948
119.637,1,483,0.0144581
120.503,1,482.5,0.0145074
121.369,1,482,0.014714
122.235,1,481.5,0.0148757
123.101,1,481,0.0149913
123.967,1,480.5,0.0150626
124.833,1,480,0.0150787
125.699,1,479.5,0.015079
126.565,1,479,0.0151098
127.431,1,478.5,0.0151597
128.297,1,478,0.0152152
129.164,1,477.5,0.0152911
130.03,1,477,0.0153323
130.896,1,476.5,0.0152354
131.762,1,476,0.0151278
132.628,1,475.5,0.0150095
133.494,1,475,0.0148749
134.36,1,474.5,0.0147399
135.226,1,474,0.0147657
136.092,1,473.5,0.0148171
136.958,1,473,0.014863
137.824,1,472.5,0.0149046
138.69,1,472,0.0149379
139.556,1,471.5,0.0148987
140.422,1,471,0.0147509
141.288,1,470.5,0.0146201
142.154,1,470,0.0145074
143.02,1,469.5,0.0144119
143.886,1,469,0.0143401
144.752,1,468.5,0.0143746
145.618,1,468,0.01441
146.484,1,467.5,0.0144375
147.35,1,467,0.0144635
148.216,1,466.5,0.0144803
149.082,1,466,0.0144878
149.948,1,465.5,0.0145141
150.814,1,465,0.014554
151.68,1,464.5,0.0146076
152.546,1,464,0.014666
153.412,1,463.5,0.0147328
154.278,1,463,0.0147353
155.144,1,462.5,0.0147188
156.01,1,462,0.014691
156.876,1,461.5,0.0146544
157.742,1,461,0.0146009
158.608,1,460.5,0.0145906
159.474,1,460,0.0146458
160.34,1,459.5,0.0147048
161.206,1,459,0.0147609
162.072,1,458.5,0.0148184
162.939,1,458,0.0148692
163.805,1,457.5,0.014774
164.671,1,457,0.0146766
165.537,1,456.5,0.0145768
166.403,1,456,0.0144731
167.269,1,455.5,0.0143692
168.135,1,455,0.0143344
169.001,1,454.5,0.0143622
169.867,1,454,0.0143873
170.733,1,453.5,0.0144094
171.599,1,453,0.0144364
172.465,1,452.5,0.0144389
173.331,1,452,0.0143701
174.197,1,451.5,0.0143453
175.063,1,451,0.0143508
175.929,1,450.5,0.0143758
176.795,1,450,0.0144277
177.661,1,449.5,0.0144634
178.527,1,449,0.0144718
179.393,1,448.5,0.0144771
180.259,1,448,0.0144878
181.125,1,447.5,0.0144992
181.991,1,447,0.0145178
182.857,1,446.5,0.0145752
183.723,1,446,0.0146335
184.589,1,445.5,0.0146925
185.455,1,445,0.0147474
186.321,1,444.5,0.0147971
187.187,1,444,0.0148273
188.053,1,443.5,0.0148294
188.919,1,443,0.0148342
189.785,1,442.5,0.0148455
190.651,1,442,0.0148445
191.517,1,441.5,0.0148361
192.383,1,441,0.0148179
193.249,1,440.5,0.0148011
194.115,1,440,0.0147856
194.981,1,439.5,0.0147724
195.847,1,439,0.014762
196.714,1,438.5,0.0147392
197.58,1,438,0.0147148
198.446,1,437.5,0.014694
199.312,1,437,0.0146774
200.178,1,436.5,0.014668
201.044,1,436,0.0146558
201.91,1,435.5,0.0146189
202.776,1,435,0.0145889
203.642,1,434.5,0.0145659
204.508,1,434,0.0145432
205.374,1,433.5,0.0145284
206.24,1,433,0.0145061
207.106,1,432.5,0.0144858
207.972,1,432,0.0144767
208.838,1,431.5,0.0144806
209.704,1,431,0.014492
210.57,1,430.5,0.0145065
211.436,1,430,0.0145244
212.302,1,429.5,0.0145491
213.168,1,429,0.0145789
214.034,1,428.5,0.0146165
214.9,1,428,0.0146639
215.766,1,427.5,0.014742
216.632,1,427,0.0148347
217.498,1,426.5,0.0149401
218.364,1,426,0.015058
219.23,1,425.5,0.0151809
220.096,1,425,0.0152892
220.962,1,424.5,0.015363
221.828,1,424,0.0154383
222.694,1,423.5,0.0155152
223.56,1,423,0.0155795
224.426,1,422.5,0.0156374
225.292,1,422,0.0156916
226.158,1,421.5,0.0157494
227.024,1,421,0.0158149
227.89,1,420.5,0.0158921
228.756,1,420,0.0159742
229.622,1,419.5,0.0160717
230.488,1,419,0.0162041
231.355,1,418.5,0.0163543
232.221,1,418,0.0165133
233.087,1,417.5,0.016693
233.953,1,417,0.016889
234.819,1,416.5,0.0169524
235.685,1,416,0.0170225
236.551,1,415.5,0.0170994
237.417,1,415,0.0171508
238.283,1,414.5,0.0172445
239.149,1,414,0.0173429
240.015,1,413.5,0.0173572
240.881,1,413,0.0174019
241.747,1,412.5,0.0174885
242.613,1,412,0.0175663
243.479,1,411.5,0.0176451
244.345,1,411,0.0176327
245.211,1,410.5,0.0175866
246.077,1,410,0.0175103
246.943,1,409.5,0.0174311
247.809,1,409,0.0173334
248.675,1,408.5,0.0172492
249.541,1,408,0.0171902
250.407,1,407.5,0.0171108
251.273,1,407,0.0169795
252.139,1,406.5,0.0168421
253.005,1,406,0.0166916
253.871,1,405.5,0.0164673
254.737,1,405,0.0162371
255.603,1,404.5,0.0160012
256.469,1,404,0.0157563
257.335,1,403.5,0.0155073
258.201,1,403,0.0152559
259.067,1,402.5,0.0150243
259.933,1,402,0.0147889
260.799,1,401.5,0.0145399
261.665,1,401,0.0143133
262.531,1,400.5,0.0141161
263.397,1,400,0.0139787
264.263,1,399.5,0.0138115
265.13,1,399,0.0136151
265.996,1,398.5,0.0134325
266.862,1,398,0.0132436
267.728,1,397.5,0.0130284
268.594,1,397,0.0128368
269.46,1,396.5,0.0126774
270.326,1,396,0.0125874
271.192,1,395.5,0.0124877
272.058,1,395,0.0123887
272.924,1,394.5,0.0125679
273.79,1,394,0.0127534
274.656,1,393.5,0.0129415
275.522,1,393,0.013151
276.388,1,392.5,0.0133973
277.254,1,392,0.0136645
278.12,1,391.5,0.0156951
278.986,1,391,0.0217748
279.852,1,390.5,0.0224951
280.718,1,390,0.0232543
281.584,1,389.5,0.0240523
282.45,1,389,0.0259342
283.316,1,388.5,0.0278293
284.182,1,388,0.0296612
285.048,1,387.5,0.0314298
285.914,1,387,0.0331351
286.78,1,386.5,0.0347772
287.646,1,386,0.0347503
288.512,1,385.5,0.0336085
289.378,1,385,0.0326885
290.244,1,384.5,0.0339076
291.11,1,384,0.0353215
291.976,1,383.5,0.0325143
292.842,1,383,0.0277873
293.708,1,382.5,0.0302984
294.574,1,382,0.0334215
295.44,1,381.5,0.0373031
296.306,1,381,0.0401354
297.172,1,380.5,0.0449247
298.038,1,380,0.0487757
298.905,1,379.5,0.0501676
299.771,1,379,0.0489265
300.637,1,378.5,0.0466098
301.503,1,378,0.044941
302.369,1,377.5,0.0441836
303.235,1,377,0.0456022
304.101,1,376.5,0.0471376
304.967,1,376,0.0490764
305.833,1,375.5,0.0549281
306.699,1,375,0.0606356
307.565,1,374.5,0.0643288
308.431,1,374,0.0686315
309.297,1,373.5,0.0717183
310.163,1,373,0.0727624
311.029,1,372.5,0.0738652
311.895,1,372,0.0750268
312.761,1,371.5,0.0751994
313.627,1,371,0.0751793
314.493,1,370.5,0.0745723
315.359,1,370,0.0734094
316.225,1,369.5,0.072008
317.091,1,369,0.0703086
317.957,1,368.5,0.0667739
318.823,1,368,0.0657012
319.689,1,367.5,0.0651975
320.555,1,367,0.0651979
321.421,1,366.5,0.0642116
322.287,1,366,0.0636248
323.153,1,365.5,0.0635449
324.019,1,365,0.0635393
324.885,1,364.5,0.0634915
325.751,1,364,0.0637801
326.617,1,363.5,0.0645384
327.483,1,363,0.0656226
328.349,1,362.5,0.0669066
329.215,1,362,0.0680963
330.081,1,361.5,0.0693261
330.947,1,361,0.0707702
331.813,1,360.5,0.0722156
332.679,1,360,0.0735265
333.546,1,359.5,0.0747142
334.412,1,359,0.0756507
335.278,1,358.5,0.0775381
336.144,1,358,0.0804927
337.01,1,357.5,0.0826507
337.876,1,357,0.0847208
338.742,1,356.5,0.0875652
339.608,1,356,0.090762
340.474,1,355.5,0.0941533
341.34,1,355,0.0987439
342.206,1,354.5,0.105256
343.072,1,354,0.107266
343.938,1,353.5,0.104525
344.804,1,353,0.0723112
345.67,1,352.5,0.0566551
346.536,1,352,0.0450124
347.402,1,351.5,0.0450999
348.268,1,351,0.0424403
349.134,1,350.5,0.0388986
350,1,350,0.0373099
350.866,1,349.5,0.0350658
351.732,1,349,0.0338078
352.598,1,348.5,0.0343
353.464,1,348,0.0347068
354.33,1,347.5,0.0374392
355.196,1,347,0.0378939
356.062,1,346.5,0.0369668
356.928,1,346,0.0351803
357.794,1,345.5,0.0336204
358.66,1,345,0.0339056
359.526,1,344.5,0.0350718
360.392,1,344,0.035993
361.258,1,343.5,0.0366246
362.124,1,343,0.0369966
362.99,1,342.5,0.0371152
363.856,1,342,0.0373322
364.722,1,341.5,0.0364842
365.588,1,341,0.0357732
366.454,1,340.5,0.0348556
367.321,1,340,0.0333809
368.187,1,339.5,0.032878
369.053,1,339,0.0321249
369.919,1,338.5,0.0311309
370.785,1,338,0.0302037
371.651,1,337.5,0.0293251
372.517,1,337,0.0283562
373.383,1,336.5,0.027373
374.249,1,336,0.0262905
375.115,1,335.5,0.0260873
375.981,1,335,0.0259955
376.847,1,334.5,0.0263279
377.713,1,334,0.0269038
378.579,1,333.5,0.0278449
379.445,1,333,0.0284394
380.311,1,332.5,0.029854
381.177,1,332,0.0313739
382.043,1,331.5,0.0328117
382.909,1,331,0.0340395
383.775,1,330.5,0.0344885
384.641,1,330,0.0352795
385.507,1,329.5,0.0358495
386.373,1,329,0.0367842
387.239,1,328.5,0.0375316
388.105,1,328,0.0379734
388.971,1,327.5,0.0383874
389.837,1,327,0.0386516
390.703,1,326.5,0.0386242
391.569,1,326,0.038672
392.435,1,325.5,0.0386302
393.301,1,325,0.0382068
394.167,1,324.5,0.0376905
395.033,1,324,0.0371169
395.899,1,323.5,0.0376376
396.765,1,323,0.0381549
397.631,1,322.5,0.0386228
398.497,1,322,0.0393738
399.363,1,321.5,0.0393822
400.229,1,321,0.0388296
401.095,1,320.5,0.0380338
401.962,1,320,0.0368881
402.828,1,319.5,0.035589
403.694,1,319,0.0345295
404.56,1,318.5,0.0339883
405.426,1,318,0.034814
406.292,1,317.5,0.0367351
407.158,1,317,0.0414163
408.024,1,316.5,0.041829
408.89,1,316,0.0424859
409.756,1,315.5,0.0432227
410.622,1,315,0.040711
411.488,1,314.5,0.0398044
412.354,1,314,0.0391392
413.22,1,313.5,0.0381611
414.086,1,313,0.0368663
414.952,1,312.5,0.0369325
415.818,1,312,0.0362649
416.684,1,311.5,0.0354524
417.55,1,311,0.0356324
418.416,1,310.5,0.0371431
419.282,1,310,0.0382176
420.148,1,309.5,0.0389806
421.014,1,309,0.0405715
421.88,1,308.5,0.0424423
422.746,1,308,0.0435755
423.612,1,307.5,0.0438087
424.478,1,307,0.0434071
425.344,1,306.5,0.042927
426.21,1,306,0.0422837
427.076,1,305.5,0.0416617
427.942,1,305,0.0410644
428.808,1,304.5,0.040308
429.674,1,304,0.0396755
430.54,1,303.5,0.0387021
431.406,1,303,0.038073
432.272,1,302.5,0.0404114
433.138,1,302,0.0413426
434.004,1,301.5,0.0424682
434.87,1,301,0.0439499
435.737,1,300.5,0.0457372
436.603,1,300,0.0480283
437.469,1,299.5,0.050574
438.335,1,299,0.053222
439.201,1,298.5,0.0549768
440.067,1,298,0.0555612
440.933,1,297.5,0.0560842
441.799,1,297,0.0565481
442.665,1,296.5,0.0570256
443.531,1,296,0.0571869
444.397,1,295.5,0.0575516
445.263,1,295,0.0577785
446.129,1,294.5,0.0577373
446.995,1,294,0.0576686
447.861,1,293.5,0.057441
448.727,1,293,0.0570103
449.593,1,292.5,0.0566274
450.459,1,292,0.0561008
451.325,1,291.5,0.0555722
452.191,1,291,0.0548001
453.057,1,290.5,0.0541498
453.923,1,290,0.0536214
454.789,1,289.5,0.0528428
455.655,1,289,0.0522463
456.521,1,288.5,0.0515361
457.387,1,288,0.0510338
458.253,1,287.5,0.0504249
459.119,1,287,0.0495334
459.985,1,286.5,0.0489309
460.851,1,286,0.048413
461.717,1,285.5,0.0452825
462.583,1,285,0.0413067
463.449,1,284.5,0.0379402
464.315,1,284,0.032712
465.181,1,283.5,0.0308991
466.047,1,283,0.0310863
466.913,1,282.5,0.0316257
467.779,1,282,0.0328224
468.645,1,281.5,0.0340991
469.512,1,281,0.0352771
470.378,1,280.5,0.0367503
471.244,1,280,0.0380504
472.11,1,279.5,0.038982
472.976,1,279,0.0393475
473.842,1,278.5,0.038517
474.708,1,278,0.0382012
475.574,1,277.5,0.0386669
476.44,1,277,0.0390418
477.306,1,276.5,0.0383417
478.172,1,276,0.0390258
479.038,1,275.5,0.0419728
479.904,1,275,0.0439566
480.77,1,274.5,0.0449507
481.636,1,274,0.0458693
482.502,1,273.5,0.0469528
483.368,1,273,0.0456658
484.234,1,272.5,0.0446452
485.1,1,272,0.044035
485.966,1,271.5,0.0431206
486.832,1,271,0.0413205
487.698,1,270.5,0.0391597
488.564,1,270,0.0368059
489.43,1,269.5,0.0349752
490.296,1,269,0.0334966
491.162,1,268.5,0.0331914
492.028,1,268,0.0341678
492.894,1,267.5,0.0358811
493.76,1,267,0.0371108
494.626,1,266.5,0.0386285
495.492,1,266,0.0402446
496.358,1,265.5,0.0411613
497.224,1,265,0.041771
498.09,1,264.5,0.041924
498.956,1,264,0.0412415
499.822,1,263.5,0.0403236
500.688,1,263,0.0394318
501.554,1,262.5,0.0384033
502.42,1,262,0.0367618
503.286,1,261.5,0.0356403
504.153,1,261,0.0347526
505.019,1,260.5,0.0339189
505.885,1,260,0.0330992
506.751,1,259.5,0.0313885
507.617,1,259,0.0298312
508.483,1,258.5,0.0294638
509.349,1,258,0.0289622
510.215,1,257.5,0.028338
511.081,1,257,0.0277424
511.947,1,256.5,0.0272202
512.813,1,256,0.0269987
513.679,1,255.5,0.0270277
514.545,1,255,0.0272876
515.411,1,254.5,0.028138
516.277,1,254,0.0296278
517.143,1,253.5,0.0326891
518.009,1,253,0.0364152
518.875,1,252.5,0.0401722
519.741,1,252,0.0412718
520.607,1,251.5,0.0427421
521.473,1,251,0.0430504
522.339,1,250.5,0.0430309
523.205,1,250,0.0430973
524.071,1,249.5,0.0434237
524.937,1,249,0.0439267
525.803,1,248.5,0.0443149
526.669,1,248,0.044472
527.535,1,247.5,0.0442075
528.401,1,247,0.0440644
529.267,1,246.5,0.0438895
530.133,1,246,0.0434931
530.999,1,245.5,0.0429201
531.865,1,245,0.0421779
532.731,1,244.5,0.0415624
533.597,1,244,0.0411135
534.463,1,243.5,0.0406724
535.329,1,243,0.040357
536.195,1,242.5,0.0400394
537.061,1,242,0.0397014
537.928,1,241.5,0.0393192
538.794,1,241,0.0389044
539.66,1,240.5,0.0384615
540.526,1,240,0.037912
541.392,1,239.5,0.0372431
542.258,1,239,0.0364043
543.124,1,238.5,0.0354189
543.99,1,238,0.0343639
544.856,1,237.5,0.0333558
545.722,1,237,0.0323934
546.588,1,236.5,0.0314907
547.454,1,236,0.0308284
548.32,1,235.5,0.030207
549.186,1,235,0.0302025
550.052,1,234.5,0.0302201
550.918,1,234,0.03026
551.784,1,233.5,0.0334876
552.65,1,233,0.0403069
553.516,1,232.5,0.0415059
554.382,1,232,0.041917
555.248,1,231.5,0.0417434
556.114,1,231,0.0408538
556.98,1,230.5,0.0401701
557.846,1,230,0.0396924
558.712,1,229.5,0.0394207
559.578,1,229,0.039355
560.444,1,228.5,0.0394953
561.31,1,228,0.0391656
562.176,1,227.5,0.038899
563.042,1,227,0.0387833
563.908,1,226.5,0.0387535
564.774,1,226,0.0388206
565.64,1,225.5,0.0389891
566.506,1,225,0.0391498
567.372,1,224.5,0.0392463
568.238,1,224,0.0393391
569.104,1,223.5,0.0394284
569.97,1,223,0.039514
570.836,1,222.5,0.0395961
571.703,1,222,0.0395356
572.569,1,221.5,0.0389642
573.435,1,221,0.0385846
574.301,1,220.5,0.0384002
575.167,1,220,0.0384052
576.033,1,219.5,0.0385995
576.899,1,219,0.0389832
577.765,1,218.5,0.0372472
578.631,1,218,0.0354319
579.497,1,217.5,0.0323967
580.363,1,217,0.0298885
581.229,1,216.5,0.0282775
582.095,1,216,0.0264372
582.961,1,215.5,0.0246455
583.827,1,215,0.0243246
584.693,1,214.5,0.0244709
585.559,1,214,0.0249898
586.425,1,213.5,0.0250627
587.291,1,213,0.0250251
588.157,1,212.5,0.0252538
589.023,1,212,0.0258331
589.889,1,211.5,0.0265569
590.755,1,211,0.027107
591.621,1,210.5,0.0273233
592.487,1,210,0.02754
593.353,1,209.5,0.0277077
594.219,1,209,0.0279009
595.085,1,208.5,0.0282678
595.951,1,208,0.0283047
596.817,1,207.5,0.0281446
597.683,1,207,0.0281117
598.549,1,206.5,0.0279446
599.415,1,206,0.0276875
600.281,1,205.5,0.0277024
601.147,1,205,0.0274366
602.013,1,204.5,0.0269609
602.879,1,204,0.026728
603.745,1,203.5,0.0264602
604.611,1,203,0.0259992
605.477,1,202.5,0.0257336
606.344,1,202,0.0255654
607.21,1,201.5,0.0251154
608.076,1,201,0.0249236
608.942,1,200.5,0.0250281
609.808,1,200,0.0248965
