x,y,z,b
90.1924,1,500,0.0148795
91.0584,1,499.5,0.0148821
91.9244,1,499,0.0148782
92.7905,1,498.5,0.0148446
93.6565,1,498,0.0148097
94.5225,1,497.5,0.0147712
95.3885,1,497,0.0147228
96.2546,1,496.5,0.0146731
97.1206,1,496,0.0146166
97.9866,1,495.5,0.0145427
98.8526,1,495,0.0144668
99.7187,1,494.5,0.0143887
100.585,1,494,0.0142961
101.451,1,493.5,0.0141973
102.317,1,493,0.0140806
103.183,1,492.5,0.0139893
104.049,1,492,0.0139163
104.915,1,491.5,0.013854
105.781,1,491,0.013829
106.647,1,490.5,0.0138129
107.513,1,490,0.0137857
108.379,1,489.5,0.013761
109.245,1,489,0.0137423
110.111,1,488.5,0.0137229
110.977,1,488,0.0137127
111.843,1,487.5,0.013748
112.709,1,487,0.0137821
113.575,1,486.5,0.0138143
114.441,1,486,0.0138406
115.307,1,485.5,0.0138666
116.173,1,485,0.0138501
117.039,1,484.5,0.013806
117.905,1,484,0.0137587
118.771,1,483.5,0.0137087
119.637,1,483,0.0136471
120.503,1,482.5,0.0135988
121.369,1,482,0.013605
122.235,1,481.5,0.0135963
123.101,1,481,0.0135706
123.967,1,480.5,0.0135302
124.833,1,480,0.0134703
125.699,1,479.5,0.0133672
126.565,1,479,0.0132592
127.431,1,478.5,0.0131535
128.297,1,478,0.0130475
129.164,1,477.5,0.0129441
130.03,1,477,0.0128467
130.896,1,476.5,0.0127484
131.762,1,476,0.0126423
132.628,1,475.5,0.0125288
133.494,1,475,0.0124161
134.36,1,474.5,0.0122895
135.226,1,474,0.0122055
136.092,1,473.5,0.0121916
136.958,1,473,0.0121958
137.824,1,472.5,0.0122097
138.69,1,472,0.0122443
139.556,1,471.5,0.0122579
140.422,1,471,0.0122217
141.288,1,470.5,0.0121901
142.154,1,470,0.012164
143.02,1,469.5,0.0121411
143.886,1,469,0.0121271
144.752,1,468.5,0.0122046
145.618,1,468,0.0122945
146.484,1,467.5,0.0123904
147.35,1,467,0.012497
148.216,1,466.5,0.0126021
149.082,1,466,0.0126724
149.948,1,465.5,0.0127013
150.814,1,465,0.0127374
151.68,1,464.5,0.0127807
152.546,1,464,0.0128274
153.412,1,463.5,0.0128797
154.278,1,463,0.0129636
155.144,1,462.5,0.0130476
156.01,1,462,0.0131299
156.876,1,461.5,0.0132106
157.742,1,461,0.0132792
158.608,1,460.5,0.0133245
159.474,1,460,0.0133646
160.34,1,459.5,0.0134103
161.206,1,459,0.0134574
162.072,1,458.5,0.0135129
162.939,1,458,0.0135733
163.805,1,457.5,0.0136262
164.671,1,457,0.0136764
165.537,1,456.5,0.0137242
166.403,1,456,0.0137709
167.269,1,455.5,0.0138146
168.135,1,455,0.0138511
169.001,1,454.5,0.0138914
169.867,1,454,0.0139331
170.733,1,453.5,0.0139761
171.599,1,453,0.0140251
172.465,1,452.5,0.0140762
173.331,1,452,0.0141168
174.197,1,451.5,0.0141555
175.063,1,451,0.0141931
175.929,1,450.5,0.0142293
176.795,1,450,0.0142625
177.661,1,449.5,0.0143156
178.527,1,449,0.0143851
179.393,1,448.5,0.0144574
180.259,1,448,0.0145319
181.125,1,447.5,0.0146086
181.991,1,447,0.0146719
182.857,1,446.5,0.0146527
183.723,1,446,0.0146339
184.589,1,445.5,0.0146152
185.455,1,445,0.0145814
186.321,1,444.5,0.0145477
187.187,1,444,0.014511
188.053,1,443.5,0.0144569
188.919,1,443,0.0143986
189.785,1,442.5,0.0143382
190.651,1,442,0.0142632
191.517,1,441.5,0.0141815
192.383,1,441,0.0141031
193.249,1,440.5,0.0140157
194.115,1,440,0.0139218
194.981,1,439.5,0.013829
195.847,1,439,0.0137329
196.714,1,438.5,0.0136426
197.58,1,438,0.0135564
198.446,1,437.5,0.0134692
199.312,1,437,0.0133786
200.178,1,436.5,0.0132872
201.044,1,436,0.0131918
201.91,1,435.5,0.0130859
202.776,1,435,0.0129799
203.642,1,434.5,0.0128738
204.508,1,434,0.0127652
205.374,1,433.5,0.012657
206.24,1,433,0.0125336
207.106,1,432.5,0.0124062
207.972,1,432,0.0122788
208.838,1,431.5,0.0121512
209.704,1,431,0.0120157
210.57,1,430.5,0.0118853
211.436,1,430,0.0117812
212.302,1,429.5,0.0116709
213.168,1,429,0.011552
214.034,1,428.5,0.0114342
214.9,1,428,0.0113377
215.766,1,427.5,0.0112984
216.632,1,427,0.0112569
217.498,1,426.5,0.0112199
218.364,1,426,0.0112364
219.23,1,425.5,0.0112529
220.096,1,425,0.0112696
220.962,1,424.5,0.0113078
221.828,1,424,0.0113457
222.694,1,423.5,0.011383
223.56,1,423,0.0114474
224.426,1,422.5,0.0115159
225.292,1,422,0.0115773
226.158,1,421.5,0.0116612
227.024,1,421,0.0117592
227.89,1,420.5,0.011861
228.756,1,420,0.0119728
229.622,1,419.5,0.0120806
230.488,1,419,0.0121687
231.355,1,418.5,0.0122522
232.221,1,418,0.0123359
233.087,1,417.5,0.0124186
233.953,1,417,0.0125013
234.819,1,416.5,0.012573
235.685,1,416,0.0126489
236.551,1,415.5,0.0127293
237.417,1,415,0.0128121
238.283,1,414.5,0.0128996
239.149,1,414,0.0130083
240.015,1,413.5,0.0131267
240.881,1,413,0.0132449
241.747,1,412.5,0.0133638
242.613,1,412,0.0134776
243.479,1,411.5,0.0135893
244.345,1,411,0.0137112
245.211,1,410.5,0.0138486
246.077,1,410,0.0139994
246.943,1,409.5,0.0141524
247.809,1,409,0.0143134
248.675,1,408.5,0.0144901
249.541,1,408,0.0146663
250.407,1,407.5,0.0148027
251.273,1,407,0.0148331
252.139,1,406.5,0.0148585
253.005,1,406,0.0148743
253.871,1,405.5,0.0148351
254.737,1,405,0.0147914
255.603,1,404.5,0.0147433
256.469,1,404,0.0146015
257.335,1,403.5,0.0144483
258.201,1,403,0.0142859
259.067,1,402.5,0.0140154
259.933,1,402,0.013708
260.799,1,401.5,0.0133933
261.665,1,401,0.0131901
262.531,1,400.5,0.0130624
263.397,1,400,0.0129417
264.263,1,399.5,0.0129037
265.13,1,399,0.0129541
265.996,1,398.5,0.0130061
266.862,1,398,0.0130813
267.728,1,397.5,0.013197
268.594,1,397,0.0133112
269.46,1,396.5,0.0134252
270.326,1,396,0.0135249
271.192,1,395.5,0.0136305
272.058,1,395,0.0137544
272.924,1,394.5,0.0138495
273.79,1,394,0.0139641
274.656,1,393.5,0.0140995
275.522,1,393,0.0142192
276.388,1,392.5,0.014336
277.254,1,392,0.0143622
278.12,1,391.5,0.014482
278.986,1,391,0.0146832
279.852,1,390.5,0.0149112
280.718,1,390,0.015283
281.584,1,389.5,0.0158147
282.45,1,389,0.016376
283.316,1,388.5,0.0170579
284.182,1,388,0.0182208
285.048,1,387.5,0.0196058
285.914,1,387,0.021015
286.78,1,386.5,0.0210844
287.646,1,386,0.021008
288.512,1,385.5,0.0209093
289.378,1,385,0.0208551
290.244,1,384.5,0.0208824
291.11,1,384,0.0208681
291.976,1,383.5,0.020623
292.842,1,383,0.020269
293.708,1,382.5,0.0198166
294.574,1,382,0.0194131
295.44,1,381.5,0.0187383
296.306,1,381,0.0183597
297.172,1,380.5,0.0183767
298.038,1,380,0.0185764
298.905,1,379.5,0.0186917
299.771,1,379,0.0191054
300.637,1,378.5,0.0200622
301.503,1,378,0.0208443
302.369,1,377.5,0.0215055
303.235,1,377,0.0218042
304.101,1,376.5,0.0238963
304.967,1,376,0.0250506
305.833,1,375.5,0.0290084
306.699,1,375,0.0321441
307.565,1,374.5,0.034716
308.431,1,374,0.0378722
309.297,1,373.5,0.0393008
310.163,1,373,0.0404232
311.029,1,372.5,0.0416856
311.895,1,372,0.0405804
312.761,1,371.5,0.0417318
313.627,1,371,0.0427344
314.493,1,370.5,0.0436134
315.359,1,370,0.0444238
316.225,1,369.5,0.044961
317.091,1,369,0.0453094
317.957,1,368.5,0.0457301
318.823,1,368,0.0462451
319.689,1,367.5,0.0470504
320.555,1,367,0.0479479
321.421,1,366.5,0.048718
322.287,1,366,0.0487957
323.153,1,365.5,0.0491783
324.019,1,365,0.0493197
324.885,1,364.5,0.0495718
325.751,1,364,0.0506811
326.617,1,363.5,0.0507882
327.483,1,363,0.0507554
328.349,1,362.5,0.0507868
329.215,1,362,0.0506518
330.081,1,361.5,0.0502244
330.947,1,361,0.0495834
331.813,1,360.5,0.0489553
332.679,1,360,0.0477891
333.546,1,359.5,0.0469532
334.412,1,359,0.0456194
335.278,1,358.5,0.0437845
336.144,1,358,0.0422895
337.01,1,357.5,0.0412884
337.876,1,357,0.0415
338.742,1,356.5,0.0420486
339.608,1,356,0.0431377
340.474,1,355.5,0.0450106
341.34,1,355,0.0474202
342.206,1,354.5,0.0517805
343.072,1,354,0.060444
343.938,1,353.5,0.0688657
344.804,1,353,0.0626088
345.67,1,352.5,0.0592031
346.536,1,352,0.0607531
347.402,1,351.5,0.0575445
348.268,1,351,0.0505627
349.134,1,350.5,0.0421176
350,1,350,0.0368681
350.866,1,349.5,0.0339299
351.732,1,349,0.0344865
352.598,1,348.5,0.0334093
353.464,1,348,0.0313722
354.33,1,347.5,0.0272753
355.196,1,347,0.0249234
356.062,1,346.5,0.0242606
356.928,1,346,0.0249029
357.794,1,345.5,0.0253778
358.66,1,345,0.0256532
359.526,1,344.5,0.0255974
360.392,1,344,0.0257502
361.258,1,343.5,0.0255974
362.124,1,343,0.0251825
362.99,1,342.5,0.0246064
363.856,1,342,0.0258167
364.722,1,341.5,0.0269026
365.588,1,341,0.0268577
366.454,1,340.5,0.0271933
367.321,1,340,0.0269166
368.187,1,339.5,0.027128
369.053,1,339,0.0279805
369.919,1,338.5,0.0275716
370.785,1,338,0.0269319
371.651,1,337.5,0.0266308
372.517,1,337,0.0268765
373.383,1,336.5,0.0273923
374.249,1,336,0.0284574
375.115,1,335.5,0.0291787
375.981,1,335,0.0295581
376.847,1,334.5,0.0302331
377.713,1,334,0.0308146
378.579,1,333.5,0.0312904
379.445,1,333,0.0318617
380.311,1,332.5,0.0323344
381.177,1,332,0.0326206
382.043,1,331.5,0.0328435
382.909,1,331,0.0330996
383.775,1,330.5,0.0333887
384.641,1,330,0.0337202
385.507,1,329.5,0.0340859
386.373,1,329,0.0339205
387.239,1,328.5,0.0337947
388.105,1,328,0.0344569
388.971,1,327.5,0.0339533
389.837,1,327,0.0334596
390.703,1,326.5,0.0329758
391.569,1,326,0.0331689
392.435,1,325.5,0.0338613
393.301,1,325,0.0355648
394.167,1,324.5,0.0374402
395.033,1,324,0.0392189
395.899,1,323.5,0.0409009
396.765,1,323,0.0422903
397.631,1,322.5,0.0432898
398.497,1,322,0.0443663
399.363,1,321.5,0.0460667
400.229,1,321,0.0469913
401.095,1,320.5,0.0473555
401.962,1,320,0.047558
402.828,1,319.5,0.0477058
403.694,1,319,0.0478053
404.56,1,318.5,0.0478874
405.426,1,318,0.047846
406.292,1,317.5,0.0477025
407.158,1,317,0.0477341
408.024,1,316.5,0.0473175
408.89,1,316,0.0469181
409.756,1,315.5,0.0465577
410.622,1,315,0.0455352
411.488,1,314.5,0.044859
412.354,1,314,0.0442665
413.22,1,313.5,0.0437427
414.086,1,313,0.0432059
414.952,1,312.5,0.0416089
415.818,1,312,0.0402561
416.684,1,311.5,0.0398389
417.55,1,311,0.0392292
418.416,1,310.5,0.0387958
419.282,1,310,0.0383092
420.148,1,309.5,0.0377298
421.014,1,309,0.0370574
421.88,1,308.5,0.0341032
422.746,1,308,0.0327421
423.612,1,307.5,0.0325008
424.478,1,307,0.0325364
425.344,1,306.5,0.0325155
426.21,1,306,0.0321153
427.076,1,305.5,0.0314997
427.942,1,305,0.0306788
428.808,1,304.5,0.0302685
429.674,1,304,0.0297769
430.54,1,303.5,0.0291101
431.406,1,303,0.0282094
432.272,1,302.5,0.0281924
433.138,1,302,0.0284794
434.004,1,301.5,0.0287894
434.87,1,301,0.0294101
435.737,1,300.5,0.0300646
436.603,1,300,0.0307931
437.469,1,299.5,0.0321886
438.335,1,299,0.0337418
439.201,1,298.5,0.0354238
440.067,1,298,0.0373277
440.933,1,297.5,0.0393767
441.799,1,297,0.0407922
442.665,1,296.5,0.0420342
443.531,1,296,0.0429007
444.397,1,295.5,0.0432655
445.263,1,295,0.0435146
446.129,1,294.5,0.0439211
446.995,1,294,0.0439603
447.861,1,293.5,0.0437842
448.727,1,293,0.0439385
449.593,1,292.5,0.0443166
450.459,1,292,0.0444064
451.325,1,291.5,0.0445231
452.191,1,291,0.0445944
453.057,1,290.5,0.0450551
453.923,1,290,0.0470664
454.789,1,289.5,0.0485729
455.655,1,289,0.0498014
456.521,1,288.5,0.051021
457.387,1,288,0.0520988
458.253,1,287.5,0.0521144
459.119,1,287,0.0526143
459.985,1,286.5,0.0523738
460.851,1,286,0.0519173
461.717,1,285.5,0.0506144
462.583,1,285,0.0490442
463.449,1,284.5,0.0476721
464.315,1,284,0.0466139
465.181,1,283.5,0.0458391
466.047,1,283,0.045334
466.913,1,282.5,0.0450985
467.779,1,282,0.0451086
468.645,1,281.5,0.0450964
469.512,1,281,0.0449611
470.378,1,280.5,0.0457551
471.244,1,280,0.0460858
472.11,1,279.5,0.0457534
472.976,1,279,0.0451774
473.842,1,278.5,0.0440324
474.708,1,278,0.0438575
475.574,1,277.5,0.0436351
476.44,1,277,0.043365
477.306,1,276.5,0.0430473
478.172,1,276,0.0428966
479.038,1,275.5,0.0428675
479.904,1,275,0.0426891
480.77,1,274.5,0.0425468
481.636,1,274,0.0424407
482.502,1,273.5,0.0423706
483.368,1,273,0.0423367
484.234,1,272.5,0.0423807
485.1,1,272,0.0425228
485.966,1,271.5,0.0426372
486.832,1,271,0.0427237
487.698,1,270.5,0.0424578
488.564,1,270,0.0417968
489.43,1,269.5,0.0412605
490.296,1,269,0.0412168
491.162,1,268.5,0.0413089
492.028,1,268,0.041527
492.894,1,267.5,0.0355872
493.76,1,267,0.035114
494.626,1,266.5,0.0361012
495.492,1,266,0.0378024
496.358,1,265.5,0.0377509
497.224,1,265,0.037443
498.09,1,264.5,0.0374617
498.956,1,264,0.0369164
499.822,1,263.5,0.0374088
500.688,1,263,0.0380027
501.554,1,262.5,0.0385446
502.42,1,262,0.0401825
503.286,1,261.5,0.0423598
504.153,1,261,0.0446363
505.019,1,260.5,0.0439166
505.885,1,260,0.0407551
506.751,1,259.5,0.0401446
507.617,1,259,0.0393825
508.483,1,258.5,0.0390504
509.349,1,258,0.0341319
510.215,1,257.5,0.0323822
511.081,1,257,0.0328972
511.947,1,256.5,0.0384893
512.813,1,256,0.0407496
513.679,1,255.5,0.0431608
514.545,1,255,0.045385
515.411,1,254.5,0.0471575
516.277,1,254,0.0478067
517.143,1,253.5,0.0481123
518.009,1,253,0.0480908
518.875,1,252.5,0.0475589
519.741,1,252,0.0468905
520.607,1,251.5,0.0463257
521.473,1,251,0.045371
522.339,1,250.5,0.0443686
523.205,1,250,0.0444617
524.071,1,249.5,0.0446434
524.937,1,249,0.0449137
525.803,1,248.5,0.0454582
526.669,1,248,0.0456749
527.535,1,247.5,0.0460025
528.401,1,247,0.0464662
529.267,1,246.5,0.0468681
530.133,1,246,0.0472208
530.999,1,245.5,0.0482919
531.865,1,245,0.04828
532.731,1,244.5,0.0482267
533.597,1,244,0.0478882
534.463,1,243.5,0.0471047
535.329,1,243,0.0460571
536.195,1,242.5,0.0450896
537.061,1,242,0.0442788
537.928,1,241.5,0.0436248
538.794,1,241,0.043153
539.66,1,240.5,0.0439052
540.526,1,240,0.0438086
541.392,1,239.5,0.0435902
542.258,1,239,0.0426682
543.124,1,238.5,0.041157
543.99,1,238,0.0397724
544.856,1,237.5,0.0386327
545.722,1,237,0.037773
546.588,1,236.5,0.0372583
547.454,1,236,0.0367752
548.32,1,235.5,0.0363531
549.186,1,235,0.0360734
550.052,1,234.5,0.0358889
550.918,1,234,0.0357994
551.784,1,233.5,0.0359381
552.65,1,233,0.0360479
553.516,1,232.5,0.0360747
554.382,1,232,0.0359965
555.248,1,231.5,0.0360437
556.114,1,231,0.036252
556.98,1,230.5,0.0362829
557.846,1,230,0.036239
558.712,1,229.5,0.0363091
559.578,1,229,0.0361643
560.444,1,228.5,0.0356959
561.31,1,228,0.0353634
562.176,1,227.5,0.0350752
563.042,1,227,0.0348588
563.908,1,226.5,0.0347843
564.774,1,226,0.0348423
565.64,1,225.5,0.034935
566.506,1,225,0.0347877
567.372,1,224.5,0.034578
568.238,1,224,0.0337799
569.104,1,223.5,0.0330336
569.97,1,223,0.0323464
570.836,1,222.5,0.0317366
571.703,1,222,0.0311752
572.569,1,221.5,0.0306211
573.435,1,221,0.0305569
574.301,1,220.5,0.030648
575.167,1,220,0.0306186
576.033,1,219.5,0.0307231
576.899,1,219,0.0309859
577.765,1,218.5,0.0311042
578.631,1,218,0.0309191
579.497,1,217.5,0.03026
580.363,1,217,0.0289667
581.229,1,216.5,0.0277204
582.095,1,216,0.0254854
582.961,1,215.5,0.0231648
583.827,1,215,0.022808
584.693,1,214.5,0.0233908
585.559,1,214,0.023806
586.425,1,213.5,0.0258398
587.291,1,213,0.028429
588.157,1,212.5,0.0295685
589.023,1,212,0.0304608
589.889,1,211.5,0.0312974
590.755,1,211,0.0307426
591.621,1,210.5,0.0288089
592.487,1,210,0.0254179
593.353,1,209.5,0.0241553
594.219,1,209,0.02441
595.085,1,208.5,0.0259115
595.951,1,208,0.0254836
596.817,1,207.5,0.0240703
597.683,1,207,0.0229336
598.549,1,206.5,0.0224209
599.415,1,206,0.0217623
600.281,1,205.5,0.0219152
601.147,1,205,0.0228166
602.013,1,204.5,0.023064
602.879,1,204,0.0233166
603.745,1,203.5,0.0233033
604.611,1,203,0.0232427
605.477,1,202.5,0.0233592
606.344,1,202,0.0236212
607.21,1,201.5,0.0239243
608.076,1,201,0.0242617
608.942,1,200.5,0.0237776
609.808,1,200,0.0230047
