x,y,z,b
90.1924,1,500,0.0140873
91.0584,1,499.5,0.0140642
91.9244,1,499,0.014018
92.7905,1,498.5,0.0138579
93.6565,1,498,0.0137066
94.5225,1,497.5,0.0135576
95.3885,1,497,0.0133914
96.2546,1,496.5,0.0132309
97.1206,1,496,0.0131054
97.9866,1,495.5,0.0130019
98.8526,1,495,0.0129018
99.7187,1,494.5,0.0128052
100.585,1,494,0.0127329
101.451,1,493.5,0.012668
102.317,1,493,0.0125492
103.183,1,492.5,0.0124826
104.049,1,492,0.0124161
104.915,1,491.5,0.012329
105.781,1,491,0.0122574
106.647,1,490.5,0.0122943
107.513,1,490,0.0123815
108.379,1,489.5,0.0124772
109.245,1,489,0.0125823
110.111,1,488.5,0.012685
110.977,1,488,0.0127615
111.843,1,487.5,0.0127266
112.709,1,487,0.0127029
113.575,1,486.5,0.0126931
114.441,1,486,0.0127252
115.307,1,485.5,0.0127851
116.173,1,485,0.0129211
117.039,1,484.5,0.0130816
117.905,1,484,0.0132077
118.771,1,483.5,0.013298
119.637,1,483,0.0133512
120.503,1,482.5,0.0133897
121.369,1,482,0.0135432
122.235,1,481.5,0.0137433
123.101,1,481,0.013991
123.967,1,480.5,0.0142877
124.833,1,480,0.0146101
125.699,1,479.5,0.0146241
126.565,1,479,0.0145356
127.431,1,478.5,0.0144241
128.297,1,478,0.0142885
129.164,1,477.5,0.0141622
130.03,1,477,0.0141602
130.896,1,476.5,0.014421
131.762,1,476,0.0146739
132.628,1,475.5,0.0149187
133.494,1,475,0.0151214
134.36,1,474.5,0.015307
135.226,1,474,0.0152188
136.092,1,473.5,0.0150801
136.958,1,473,0.0149597
137.824,1,472.5,0.0148598
138.69,1,472,0.0147772
139.556,1,471.5,0.0147721
140.422,1,471,0.014842
141.288,1,470.5,0.0148742
142.154,1,470,0.0148564
143.02,1,469.5,0.0147883
143.886,1,469,0.0146699
144.752,1,468.5,0.0146576
145.618,1,468,0.0147104
146.484,1,467.5,0.0148149
147.35,1,467,0.0149602
148.216,1,466.5,0.01514
149.082,1,466,0.0151968
149.948,1,465.5,0.0150238
150.814,1,465,0.0148513
151.68,1,464.5,0.0146792
152.546,1,464,0.0145146
153.412,1,463.5,0.0143631
154.278,1,463,0.0145156
155.144,1,462.5,0.0146853
156.01,1,462,0.0148474
156.876,1,461.5,0.0149991
157.742,1,461,0.0151309
158.608,1,460.5,0.0151386
159.474,1,460,0.0150516
160.34,1,459.5,0.014988
161.206,1,459,0.0149499
162.072,1,458.5,0.0149413
162.939,1,458,0.0149623
163.805,1,457.5,0.0150245
164.671,1,457,0.0150709
165.537,1,456.5,0.0151012
166.403,1,456,0.015114
167.269,1,455.5,0.0151133
168.135,1,455,0.0151599
169.001,1,454.5,0.01527
169.867,1,454,0.0153976
170.733,1,453.5,0.0155426
171.599,1,453,0.0156976
172.465,1,452.5,0.0158507
173.331,1,452,0.0158679
174.197,1,451.5,0.0158706
175.063,1,451,0.0158653
175.929,1,450.5,0.0158556
176.795,1,450,0.0158393
177.661,1,449.5,0.0158811
178.527,1,449,0.0159575
179.393,1,448.5,0.0160267
180.259,1,448,0.016088
181.125,1,447.5,0.0161447
181.991,1,447,0.0161894
182.857,1,446.5,0.0161884
183.723,1,446,0.0161899
184.589,1,445.5,0.0161941
185.455,1,445,0.0162038
186.321,1,444.5,0.0162171
187.187,1,444,0.0162309
188.053,1,443.5,0.0162437
188.919,1,443,0.0162518
189.785,1,442.5,0.0162542
190.651,1,442,0.0162602
191.517,1,441.5,0.0162647
192.383,1,441,0.0162574
193.249,1,440.5,0.0162402
194.115,1,440,0.0162204
194.981,1,439.5,0.0162045
195.847,1,439,0.0161849
196.714,1,438.5,0.0161163
197.58,1,438,0.0160342
198.446,1,437.5,0.015951
199.312,1,437,0.0158653
200.178,1,436.5,0.0157831
201.044,1,436,0.0157063
201.91,1,435.5,0.01563
202.776,1,435,0.0155497
203.642,1,434.5,0.0154654
204.508,1,434,0.0153714
205.374,1,433.5,0.0152771
206.24,1,433,0.0151521
207.106,1,432.5,0.0150132
207.972,1,432,0.0148725
208.838,1,431.5,0.0147311
209.704,1,431,0.0145933
210.57,1,430.5,0.0144556
211.436,1,430,0.0143078
212.302,1,429.5,0.0141643
213.168,1,429,0.0140314
214.034,1,428.5,0.0138991
214.9,1,428,0.0137735
215.766,1,427.5,0.0137489
216.632,1,427,0.0137267
217.498,1,426.5,0.0136952
218.364,1,426,0.0136752
219.23,1,425.5,0.0136479
220.096,1,425,0.0136507
220.962,1,424.5,0.0137322
221.828,1,424,0.013797
222.694,1,423.5,0.0138442
223.56,1,423,0.0139034
224.426,1,422.5,0.0139452
225.292,1,422,0.0140065
226.158,1,421.5,0.0140868
227.024,1,421,0.0141618
227.89,1,420.5,0.0142165
228.756,1,420,0.0142717
229.622,1,419.5,0.0143107
230.488,1,419,0.0143232
231.355,1,418.5,0.0143471
232.221,1,418,0.0143929
233.087,1,417.5,0.0144256
233.953,1,417,0.0144505
234.819,1,416.5,0.0144843
235.685,1,416,0.0144893
236.551,1,415.5,0.0144668
237.417,1,415,0.0144546
238.283,1,414.5,0.0144162
239.149,1,414,0.0143689
240.015,1,413.5,0.014379
240.881,1,413,0.0143651
241.747,1,412.5,0.0143173
242.613,1,412,0.0142895
243.479,1,411.5,0.0142605
244.345,1,411,0.0143403
245.211,1,410.5,0.0144235
246.077,1,410,0.0144994
246.943,1,409.5,0.0145448
247.809,1,409,0.0145748
248.675,1,408.5,0.0147488
249.541,1,408,0.0150255
250.407,1,407.5,0.0152962
251.273,1,407,0.0155121
252.139,1,406.5,0.0156851
253.005,1,406,0.0158098
253.871,1,405.5,0.015855
254.737,1,405,0.0158928
255.603,1,404.5,0.0159231
256.469,1,404,0.0158886
257.335,1,403.5,0.0158318
258.201,1,403,0.0157847
259.067,1,402.5,0.0156464
259.933,1,402,0.0154574
260.799,1,401.5,0.0152427
261.665,1,401,0.0149835
262.531,1,400.5,0.0147003
263.397,1,400,0.0144163
264.263,1,399.5,0.0141688
265.13,1,399,0.0139714
265.996,1,398.5,0.0138358
266.862,1,398,0.0137876
267.728,1,397.5,0.0142691
268.594,1,397,0.0149481
269.46,1,396.5,0.0156466
270.326,1,396,0.0163278
271.192,1,395.5,0.016982
272.058,1,395,0.017625
272.924,1,394.5,0.0182674
273.79,1,394,0.0189351
274.656,1,393.5,0.0201101
275.522,1,393,0.0204731
276.388,1,392.5,0.0206955
277.254,1,392,0.0203958
278.12,1,391.5,0.0199257
278.986,1,391,0.0186497
279.852,1,390.5,0.0167829
280.718,1,390,0.0156142
281.584,1,389.5,0.0157442
282.45,1,389,0.0168816
283.316,1,388.5,0.018586
284.182,1,388,0.0213203
285.048,1,387.5,0.0249182
285.914,1,387,0.0256395
286.78,1,386.5,0.0261779
287.646,1,386,0.0266076
288.512,1,385.5,0.027051
289.378,1,385,0.0276371
290.244,1,384.5,0.0267531
291.11,1,384,0.0262953
291.976,1,383.5,0.0268352
292.842,1,383,0.0274206
293.708,1,382.5,0.028762
294.574,1,382,0.0289782
295.44,1,381.5,0.0275716
296.306,1,381,0.0263983
297.172,1,380.5,0.0254413
298.038,1,380,0.0247646
298.905,1,379.5,0.0240026
299.771,1,379,0.0237544
300.637,1,378.5,0.0246388
301.503,1,378,0.0257212
302.369,1,377.5,0.0264364
303.235,1,377,0.0267095
304.101,1,376.5,0.0270005
304.967,1,376,0.0273567
305.833,1,375.5,0.0280731
306.699,1,375,0.0288631
307.565,1,374.5,0.0297328
308.431,1,374,0.0305086
309.297,1,373.5,0.0306404
310.163,1,373,0.0303851
311.029,1,372.5,0.0304865
311.895,1,372,0.0334206
312.761,1,371.5,0.0330524
313.627,1,371,0.0330006
314.493,1,370.5,0.0332932
315.359,1,370,0.033605
316.225,1,369.5,0.0342862
317.091,1,369,0.0350522
317.957,1,368.5,0.0359564
318.823,1,368,0.0375926
319.689,1,367.5,0.0406488
320.555,1,367,0.042036
321.421,1,366.5,0.0433508
322.287,1,366,0.0448842
323.153,1,365.5,0.0462535
324.019,1,365,0.0474737
324.885,1,364.5,0.0492352
325.751,1,364,0.0506159
326.617,1,363.5,0.0516127
327.483,1,363,0.0524213
328.349,1,362.5,0.0530361
329.215,1,362,0.0532981
330.081,1,361.5,0.0534493
330.947,1,361,0.0534199
331.813,1,360.5,0.0530655
332.679,1,360,0.0526494
333.546,1,359.5,0.0527235
334.412,1,359,0.0542755
335.278,1,358.5,0.056192
336.144,1,358,0.0604611
337.01,1,357.5,0.0640278
337.876,1,357,0.0638743
338.742,1,356.5,0.0645368
339.608,1,356,0.0656943
340.474,1,355.5,0.0669901
341.34,1,355,0.0683155
342.206,1,354.5,0.0693536
343.072,1,354,0.0702961
343.938,1,353.5,0.070204
344.804,1,353,0.0699612
345.67,1,352.5,0.0696013
346.536,1,352,0.0689783
347.402,1,351.5,0.0682103
348.268,1,351,0.0666867
349.134,1,350.5,0.0651262
350,1,350,0.0637808
350.866,1,349.5,0.0608922
351.732,1,349,0.0607896
352.598,1,348.5,0.0612812
353.464,1,348,0.0618819
354.33,1,347.5,0.0622301
355.196,1,347,0.060591
356.062,1,346.5,0.0598725
356.928,1,346,0.059214
357.794,1,345.5,0.0604165
358.66,1,345,0.0631815
359.526,1,344.5,0.0672751
360.392,1,344,0.0692779
361.258,1,343.5,0.0707863
362.124,1,343,0.0710962
362.99,1,342.5,0.0659166
363.856,1,342,0.0583379
364.722,1,341.5,0.046955
365.588,1,341,0.0341244
366.454,1,340.5,0.0301258
367.321,1,340,0.0289416
368.187,1,339.5,0.0311625
369.053,1,339,0.0331635
369.919,1,338.5,0.0350107
370.785,1,338,0.036828
371.651,1,337.5,0.0376052
372.517,1,337,0.0372672
373.383,1,336.5,0.0376836
374.249,1,336,0.0375063
375.115,1,335.5,0.0374834
375.981,1,335,0.0380154
376.847,1,334.5,0.0376934
377.713,1,334,0.0364391
378.579,1,333.5,0.0353258
379.445,1,333,0.0344131
380.311,1,332.5,0.0336346
381.177,1,332,0.0329841
382.043,1,331.5,0.03247
382.909,1,331,0.0324094
383.775,1,330.5,0.0324103
384.641,1,330,0.0324304
385.507,1,329.5,0.0343504
386.373,1,329,0.0349614
387.239,1,328.5,0.0351457
388.105,1,328,0.0354645
388.971,1,327.5,0.0357492
389.837,1,327,0.0360072
390.703,1,326.5,0.0368166
391.569,1,326,0.0379445
392.435,1,325.5,0.0388313
393.301,1,325,0.0398333
394.167,1,324.5,0.0409046
395.033,1,324,0.0420591
395.899,1,323.5,0.0435814
396.765,1,323,0.045088
397.631,1,322.5,0.0465726
398.497,1,322,0.0478707
399.363,1,321.5,0.0486035
400.229,1,321,0.0488173
401.095,1,320.5,0.0489256
401.962,1,320,0.0489323
402.828,1,319.5,0.0493732
403.694,1,319,0.0498567
404.56,1,318.5,0.0503665
405.426,1,318,0.0509028
406.292,1,317.5,0.0514655
407.158,1,317,0.0520546
408.024,1,316.5,0.0527982
408.89,1,316,0.0535895
409.756,1,315.5,0.0543657
410.622,1,315,0.0551269
411.488,1,314.5,0.0558731
412.354,1,314,0.0558016
413.22,1,313.5,0.055662
414.086,1,313,0.0555027
414.952,1,312.5,0.0553452
415.818,1,312,0.0551896
416.684,1,311.5,0.0547774
417.55,1,311,0.0542787
418.416,1,310.5,0.0536672
419.282,1,310,0.0531054
420.148,1,309.5,0.052321
421.014,1,309,0.0513048
421.88,1,308.5,0.0503446
422.746,1,308,0.0493423
423.612,1,307.5,0.0482155
424.478,1,307,0.0471958
425.344,1,306.5,0.0463232
426.21,1,306,0.0453527
427.076,1,305.5,0.0442824
427.942,1,305,0.0431237
428.808,1,304.5,0.0426736
429.674,1,304,0.0420682
430.54,1,303.5,0.0412883
431.406,1,303,0.0405655
432.272,1,302.5,0.038201
433.138,1,302,0.0358995
434.004,1,301.5,0.0346953
434.87,1,301,0.0355826
435.737,1,300.5,0.0365495
436.603,1,300,0.0369719
437.469,1,299.5,0.0363867
438.335,1,299,0.0353469
439.201,1,298.5,0.0335479
440.067,1,298,0.0323822
440.933,1,297.5,0.0314402
441.799,1,297,0.0314278
442.665,1,296.5,0.0323589
443.531,1,296,0.0328761
444.397,1,295.5,0.0329921
445.263,1,295,0.0334073
446.129,1,294.5,0.0339137
446.995,1,294,0.0345112
447.861,1,293.5,0.0363681
448.727,1,293,0.0379391
449.593,1,292.5,0.0390603
450.459,1,292,0.0394059
451.325,1,291.5,0.0394562
452.191,1,291,0.0393235
453.057,1,290.5,0.0392275
453.923,1,290,0.0392493
454.789,1,289.5,0.0393147
455.655,1,289,0.039431
456.521,1,288.5,0.0396177
457.387,1,288,0.0401508
458.253,1,287.5,0.0406925
459.119,1,287,0.0410787
459.985,1,286.5,0.0413921
460.851,1,286,0.0416067
461.717,1,285.5,0.041561
462.583,1,285,0.0415147
463.449,1,284.5,0.0414714
464.315,1,284,0.0412376
465.181,1,283.5,0.0407595
466.047,1,283,0.0400394
466.913,1,282.5,0.0393139
467.779,1,282,0.0384566
468.645,1,281.5,0.0374259
469.512,1,281,0.0366237
470.378,1,280.5,0.0359494
471.244,1,280,0.0352465
472.11,1,279.5,0.0346006
472.976,1,279,0.0340437
473.842,1,278.5,0.0335482
474.708,1,278,0.0331244
475.574,1,277.5,0.0327759
476.44,1,277,0.0322087
477.306,1,276.5,0.031755
478.172,1,276,0.0315544
479.038,1,275.5,0.0314087
479.904,1,275,0.0313272
480.77,1,274.5,0.0317167
481.636,1,274,0.0320702
482.502,1,273.5,0.0323468
483.368,1,273,0.0328068
484.234,1,272.5,0.0332757
485.1,1,272,0.0336965
485.966,1,271.5,0.0338615
486.832,1,271,0.034042
487.698,1,270.5,0.0342822
488.564,1,270,0.0344349
489.43,1,269.5,0.034594
490.296,1,269,0.0350672
491.162,1,268.5,0.0355174
492.028,1,268,0.0356996
492.894,1,267.5,0.035923
493.76,1,267,0.0360845
494.626,1,266.5,0.0358181
495.492,1,266,0.0353791
496.358,1,265.5,0.0351365
497.224,1,265,0.034893
498.09,1,264.5,0.0343034
498.956,1,264,0.0333167
499.822,1,263.5,0.0323654
500.688,1,263,0.0312417
501.554,1,262.5,0.0301567
502.42,1,262,0.0291188
503.286,1,261.5,0.0310974
504.153,1,261,0.0306855
505.019,1,260.5,0.0306784
505.885,1,260,0.0303455
506.751,1,259.5,0.0301698
507.617,1,259,0.0309419
508.483,1,258.5,0.0317551
509.349,1,258,0.0325478
510.215,1,257.5,0.0335785
511.081,1,257,0.0350312
511.947,1,256.5,0.0367275
512.813,1,256,0.0378773
513.679,1,255.5,0.0384133
514.545,1,255,0.0389436
515.411,1,254.5,0.0397413
516.277,1,254,0.0414215
517.143,1,253.5,0.0436013
518.009,1,253,0.0450314
518.875,1,252.5,0.046463
519.741,1,252,0.0479826
520.607,1,251.5,0.0493388
521.473,1,251,0.0506522
522.339,1,250.5,0.0518148
523.205,1,250,0.0529292
524.071,1,249.5,0.0534106
524.937,1,249,0.0535737
525.803,1,248.5,0.0539431
526.669,1,248,0.0542337
527.535,1,247.5,0.0541612
528.401,1,247,0.0543599
529.267,1,246.5,0.054563
530.133,1,246,0.0569249
530.999,1,245.5,0.0523781
531.865,1,245,0.0510563
532.731,1,244.5,0.0490536
533.597,1,244,0.0468254
534.463,1,243.5,0.0449323
535.329,1,243,0.044238
536.195,1,242.5,0.0438902
537.061,1,242,0.0437599
537.928,1,241.5,0.0437755
538.794,1,241,0.0439866
539.66,1,240.5,0.0442924
540.526,1,240,0.0446239
541.392,1,239.5,0.0449582
542.258,1,239,0.0455839
543.124,1,238.5,0.0464047
543.99,1,238,0.0470683
544.856,1,237.5,0.0477293
545.722,1,237,0.0488648
546.588,1,236.5,0.0512687
547.454,1,236,0.0545345
548.32,1,235.5,0.0545139
549.186,1,235,0.0545081
550.052,1,234.5,0.0541777
550.918,1,234,0.0534912
551.784,1,233.5,0.0527586
552.65,1,233,0.0514359
553.516,1,232.5,0.0500589
554.382,1,232,0.0477696
555.248,1,231.5,0.0449085
556.114,1,231,0.0415912
556.98,1,230.5,0.0371469
557.846,1,230,0.0334016
558.712,1,229.5,0.0305711
559.578,1,229,0.0293422
560.444,1,228.5,0.0293462
561.31,1,228,0.0298992
562.176,1,227.5,0.030557
563.042,1,227,0.0309285
563.908,1,226.5,0.0312187
564.774,1,226,0.0313595
565.64,1,225.5,0.0309619
566.506,1,225,0.0304275
567.372,1,224.5,0.029961
568.238,1,224,0.0297666
569.104,1,223.5,0.0296951
569.97,1,223,0.0297444
570.836,1,222.5,0.0296155
571.703,1,222,0.0295201
572.569,1,221.5,0.0295569
573.435,1,221,0.0296
574.301,1,220.5,0.0296142
575.167,1,220,0.0295412
576.033,1,219.5,0.0289644
576.899,1,219,0.0281705
577.765,1,218.5,0.0273522
578.631,1,218,0.0264979
579.497,1,217.5,0.0252922
580.363,1,217,0.0237872
581.229,1,216.5,0.0223693
582.095,1,216,0.0219301
582.961,1,215.5,0.0214664
583.827,1,215,0.0209966
584.693,1,214.5,0.0211286
585.559,1,214,0.0216444
586.425,1,213.5,0.0220468
587.291,1,213,0.0227124
588.157,1,212.5,0.0233484
589.023,1,212,0.0239087
589.889,1,211.5,0.0244435
590.755,1,211,0.0248329
591.621,1,210.5,0.0250708
592.487,1,210,0.0251656
593.353,1,209.5,0.0251673
594.219,1,209,0.0251231
595.085,1,208.5,0.0249022
595.951,1,208,0.0243897
596.817,1,207.5,0.0238967
597.683,1,207,0.0235067
598.549,1,206.5,0.0232751
599.415,1,206,0.0230956
600.281,1,205.5,0.0229357
601.147,1,205,0.0226646
602.013,1,204.5,0.0223493
602.879,1,204,0.0219898
603.745,1,203.5,0.0224324
604.611,1,203,0.0229663
605.477,1,202.5,0.0234074
606.344,1,202,0.023783
607.21,1,201.5,0.0241453
608.076,1,201,0.0244955
608.942,1,200.5,0.0247755
609.808,1,200,0.0251415
