x,y,z,b
90.1924,1,500,0.0135319
91.0584,1,499.5,0.0135365
91.9244,1,499,0.0135362
92.7905,1,498.5,0.0135308
93.6565,1,498,0.0135246
94.5225,1,497.5,0.0135163
95.3885,1,497,0.0135016
96.2546,1,496.5,0.0134853
97.1206,1,496,0.0134595
97.9866,1,495.5,0.0134146
98.8526,1,495,0.0133696
99.7187,1,494.5,0.0133243
100.585,1,494,0.013261
101.451,1,493.5,0.013196
102.317,1,493,0.0131278
103.183,1,492.5,0.0130435
104.049,1,492,0.0129543
104.915,1,491.5,0.0128646
105.781,1,491,0.0127721
106.647,1,490.5,0.0126947
107.513,1,490,0.0126298
108.379,1,489.5,0.0125698
109.245,1,489,0.0125138
110.111,1,488.5,0.0124602
110.977,1,488,0.0124095
111.843,1,487.5,0.0123582
112.709,1,487,0.0123046
113.575,1,486.5,0.0122506
114.441,1,486,0.0122115
115.307,1,485.5,0.0121744
116.173,1,485,0.0121544
117.039,1,484.5,0.0121538
117.905,1,484,0.0121552
118.771,1,483.5,0.0121579
119.637,1,483,0.0121815
120.503,1,482.5,0.0122028
121.369,1,482,0.0121991
122.235,1,481.5,0.0122045
123.101,1,481,0.012218
123.967,1,480.5,0.0122367
124.833,1,480,0.0122685
125.699,1,479.5,0.0123346
126.565,1,479,0.0124085
127.431,1,478.5,0.0124871
128.297,1,478,0.0125727
129.164,1,477.5,0.0126573
130.03,1,477,0.0127375
130.896,1,476.5,0.0128136
131.762,1,476,0.0128956
132.628,1,475.5,0.0129837
133.494,1,475,0.0130718
134.36,1,474.5,0.0131645
135.226,1,474,0.0132439
136.092,1,473.5,0.0133109
136.958,1,473,0.0133752
137.824,1,472.5,0.013438
138.69,1,472,0.0134937
139.556,1,471.5,0.0135447
140.422,1,471,0.0135958
141.288,1,470.5,0.0136439
142.154,1,470,0.0136898
143.02,1,469.5,0.0137388
143.886,1,469,0.0137899
144.752,1,468.5,0.0138204
145.618,1,468,0.0138482
146.484,1,467.5,0.0138703
147.35,1,467,0.0138734
148.216,1,466.5,0.013875
149.082,1,466,0.0138782
149.948,1,465.5,0.0138684
150.814,1,465,0.0138585
151.68,1,464.5,0.0138485
152.546,1,464,0.0138306
153.412,1,463.5,0.0138122
154.278,1,463,0.0137782
155.144,1,462.5,0.013736
156.01,1,462,0.013691
156.876,1,461.5,0.0136456
157.742,1,461,0.0135976
158.608,1,460.5,0.0135587
159.474,1,460,0.0135299
160.34,1,459.5,0.0134992
161.206,1,459,0.0134663
162.072,1,458.5,0.0134323
162.939,1,458,0.0133972
163.805,1,457.5,0.0133507
164.671,1,457,0.0133056
165.537,1,456.5,0.0132622
166.403,1,456,0.0132215
167.269,1,455.5,0.0131822
168.135,1,455,0.0131412
169.001,1,454.5,0.0130986
169.867,1,454,0.0130561
170.733,1,453.5,0.0130136
171.599,1,453,0.0129694
172.465,1,452.5,0.0129251
173.331,1,452,0.0128874
174.197,1,451.5,0.0128483
175.063,1,451,0.012809
175.929,1,450.5,0.0127711
176.795,1,450,0.0127314
177.661,1,449.5,0.0126822
178.527,1,449,0.0126282
179.393,1,448.5,0.012572
180.259,1,448,0.0125116
181.125,1,447.5,0.0124513
181.991,1,447,0.0123936
182.857,1,446.5,0.0123534
183.723,1,446,0.0123136
184.589,1,445.5,0.0122741
185.455,1,445,0.0122335
186.321,1,444.5,0.0121934
187.187,1,444,0.0121457
188.053,1,443.5,0.0120974
188.919,1,443,0.0120507
189.785,1,442.5,0.0120053
190.651,1,442,0.0119639
191.517,1,441.5,0.0119267
192.383,1,441,0.0118979
193.249,1,440.5,0.0118713
194.115,1,440,0.0118469
194.981,1,439.5,0.0118242
195.847,1,439,0.0117994
196.714,1,438.5,0.0117632
197.58,1,438,0.0117286
198.446,1,437.5,0.0117017
199.312,1,437,0.0116925
200.178,1,436.5,0.0116928
201.044,1,436,0.0117
201.91,1,435.5,0.011722
202.776,1,435,0.0117439
203.642,1,434.5,0.0117656
204.508,1,434,0.0118099
205.374,1,433.5,0.0118557
206.24,1,433,0.0119136
207.106,1,432.5,0.0119994
207.972,1,432,0.0120932
208.838,1,431.5,0.0121875
209.704,1,431,0.0123069
210.57,1,430.5,0.0124348
211.436,1,430,0.0125488
212.302,1,429.5,0.0126732
213.168,1,429,0.012811
214.034,1,428.5,0.0129487
214.9,1,428,0.01309
215.766,1,427.5,0.0132591
216.632,1,427,0.013431
217.498,1,426.5,0.0136033
218.364,1,426,0.0137792
219.23,1,425.5,0.0139546
220.096,1,425,0.0141252
220.962,1,424.5,0.0142904
221.828,1,424,0.0144563
222.694,1,423.5,0.0146227
223.56,1,423,0.0147841
224.426,1,422.5,0.0149442
225.292,1,422,0.0150998
226.158,1,421.5,0.0152426
227.024,1,421,0.0153776
227.89,1,420.5,0.0155098
228.756,1,420,0.0156341
229.622,1,419.5,0.0157515
230.488,1,419,0.0158689
231.355,1,418.5,0.0159728
232.221,1,418,0.0160477
233.087,1,417.5,0.016117
233.953,1,417,0.0161688
234.819,1,416.5,0.0161722
235.685,1,416,0.0161742
236.551,1,415.5,0.0161744
237.417,1,415,0.0161607
238.283,1,414.5,0.0161469
239.149,1,414,0.0161303
240.015,1,413.5,0.0161024
240.881,1,413,0.0160726
241.747,1,412.5,0.0160421
242.613,1,412,0.0159987
243.479,1,411.5,0.0159493
244.345,1,411,0.0158953
245.211,1,410.5,0.0158285
246.077,1,410,0.0157526
246.943,1,409.5,0.0156777
247.809,1,409,0.015599
248.675,1,408.5,0.0155086
249.541,1,408,0.0154159
250.407,1,407.5,0.0153237
251.273,1,407,0.0152286
252.139,1,406.5,0.0151365
253.005,1,406,0.0150469
253.871,1,405.5,0.0149514
254.737,1,405,0.0148568
255.603,1,404.5,0.0147634
256.469,1,404,0.0146615
257.335,1,403.5,0.0145599
258.201,1,403,0.0144574
259.067,1,402.5,0.0143431
259.933,1,402,0.0142268
260.799,1,401.5,0.014112
261.665,1,401,0.0139886
262.531,1,400.5,0.0138584
263.397,1,400,0.0137206
264.263,1,399.5,0.0135802
265.13,1,399,0.0134367
265.996,1,398.5,0.0132953
266.862,1,398,0.0131595
267.728,1,397.5,0.0130432
268.594,1,397,0.012933
269.46,1,396.5,0.0128291
270.326,1,396,0.0127509
271.192,1,395.5,0.0126722
272.058,1,395,0.0125928
272.924,1,394.5,0.0124974
273.79,1,394,0.0123976
274.656,1,393.5,0.0122937
275.522,1,393,0.012157
276.388,1,392.5,0.0120098
277.254,1,392,0.011863
278.12,1,391.5,0.011711
278.986,1,391,0.0115493
279.852,1,390.5,0.0113775
280.718,1,390,0.0111922
281.584,1,389.5,0.0109942
282.45,1,389,0.0107992
283.316,1,388.5,0.0106035
284.182,1,388,0.0103986
285.048,1,387.5,0.0101928
285.914,1,387,0.00997342
286.78,1,386.5,0.00972112
287.646,1,386,0.00947678
288.512,1,385.5,0.00924821
289.378,1,385,0.00928055
290.244,1,384.5,0.00934279
291.11,1,384,0.00942466
291.976,1,383.5,0.00944716
292.842,1,383,0.00952136
293.708,1,382.5,0.00965721
294.574,1,382,0.0111847
295.44,1,381.5,0.0133069
296.306,1,381,0.0162898
297.172,1,380.5,0.021001
298.038,1,380,0.0263402
298.905,1,379.5,0.0305467
299.771,1,379,0.0332225
300.637,1,378.5,0.0404316
301.503,1,378,0.0526738
302.369,1,377.5,0.0624519
303.235,1,377,0.0663337
304.101,1,376.5,0.0648808
304.967,1,376,0.0591886
305.833,1,375.5,0.0532416
306.699,1,375,0.0463309
307.565,1,374.5,0.0484813
308.431,1,374,0.0584802
309.297,1,373.5,0.0706303
310.163,1,373,0.0753242
311.029,1,372.5,0.0767269
311.895,1,372,0.0771047
312.761,1,371.5,0.0786129
313.627,1,371,0.079589
314.493,1,370.5,0.0794113
315.359,1,370,0.0792026
316.225,1,369.5,0.0792603
317.091,1,369,0.0792757
317.957,1,368.5,0.0790453
318.823,1,368,0.0785687
319.689,1,367.5,0.077762
320.555,1,367,0.0766426
321.421,1,366.5,0.0750499
322.287,1,366,0.0729996
323.153,1,365.5,0.0701702
324.019,1,365,0.0678662
324.885,1,364.5,0.065389
325.751,1,364,0.0645161
326.617,1,363.5,0.0648069
327.483,1,363,0.0645944
328.349,1,362.5,0.065182
329.215,1,362,0.0656703
330.081,1,361.5,0.0677978
330.947,1,361,0.0650902
331.813,1,360.5,0.0612275
332.679,1,360,0.0552545
333.546,1,359.5,0.0502242
334.412,1,359,0.0466978
335.278,1,358.5,0.043109
336.144,1,358,0.0358432
337.01,1,357.5,0.0265098
337.876,1,357,0.0244443
338.742,1,356.5,0.0216196
339.608,1,356,0.0197669
340.474,1,355.5,0.0200541
341.34,1,355,0.0211666
342.206,1,354.5,0.0217855
343.072,1,354,0.0223651
343.938,1,353.5,0.0227678
344.804,1,353,0.0233683
345.67,1,352.5,0.0240789
346.536,1,352,0.0246268
347.402,1,351.5,0.0251426
348.268,1,351,0.0255574
349.134,1,350.5,0.025705
350,1,350,0.0259806
350.866,1,349.5,0.0256025
351.732,1,349,0.0253658
352.598,1,348.5,0.0249346
353.464,1,348,0.0244111
354.33,1,347.5,0.0236472
355.196,1,347,0.0223224
356.062,1,346.5,0.0210398
356.928,1,346,0.0199146
357.794,1,345.5,0.019992
358.66,1,345,0.0202029
359.526,1,344.5,0.0201183
360.392,1,344,0.0198048
361.258,1,343.5,0.020279
362.124,1,343,0.0209799
362.99,1,342.5,0.0216398
363.856,1,342,0.0219477
364.722,1,341.5,0.0221842
365.588,1,341,0.0224031
366.454,1,340.5,0.0227156
367.321,1,340,0.0230836
368.187,1,339.5,0.0235485
369.053,1,339,0.0241099
369.919,1,338.5,0.0246733
370.785,1,338,0.0256747
371.651,1,337.5,0.0268014
372.517,1,337,0.0278076
373.383,1,336.5,0.0289728
374.249,1,336,0.0300512
375.115,1,335.5,0.0309838
375.981,1,335,0.0317898
376.847,1,334.5,0.0325494
377.713,1,334,0.0332936
378.579,1,333.5,0.034178
379.445,1,333,0.0351355
380.311,1,332.5,0.0360032
381.177,1,332,0.036896
382.043,1,331.5,0.0377933
382.909,1,331,0.0387575
383.775,1,330.5,0.0396647
384.641,1,330,0.0408448
385.507,1,329.5,0.0425953
386.373,1,329,0.0440322
387.239,1,328.5,0.0448472
388.105,1,328,0.045486
388.971,1,327.5,0.0460103
389.837,1,327,0.0461343
390.703,1,326.5,0.0460474
391.569,1,326,0.0457671
392.435,1,325.5,0.0450581
393.301,1,325,0.0441455
394.167,1,324.5,0.043094
395.033,1,324,0.0418119
395.899,1,323.5,0.0401554
396.765,1,323,0.0389224
397.631,1,322.5,0.0380048
398.497,1,322,0.037347
399.363,1,321.5,0.0373514
400.229,1,321,0.0374984
401.095,1,320.5,0.0379739
401.962,1,320,0.0387857
402.828,1,319.5,0.039728
403.694,1,319,0.0402637
404.56,1,318.5,0.0403961
405.426,1,318,0.0403047
406.292,1,317.5,0.0411472
407.158,1,317,0.0424819
408.024,1,316.5,0.0427499
408.89,1,316,0.0430551
409.756,1,315.5,0.0430122
410.622,1,315,0.0429308
411.488,1,314.5,0.0429308
412.354,1,314,0.0431333
413.22,1,313.5,0.0436144
414.086,1,313,0.0442719
414.952,1,312.5,0.0436936
415.818,1,312,0.0429061
416.684,1,311.5,0.0421153
417.55,1,311,0.0416675
418.416,1,310.5,0.0414683
419.282,1,310,0.0411586
420.148,1,309.5,0.040894
421.014,1,309,0.0409518
421.88,1,308.5,0.0401961
422.746,1,308,0.0394375
423.612,1,307.5,0.0388195
424.478,1,307,0.0385667
425.344,1,306.5,0.0385735
426.21,1,306,0.0386327
427.076,1,305.5,0.0387273
427.942,1,305,0.0391793
428.808,1,304.5,0.039664
429.674,1,304,0.0402514
430.54,1,303.5,0.0412478
431.406,1,303,0.0424224
432.272,1,302.5,0.0443303
433.138,1,302,0.0460924
434.004,1,301.5,0.0478791
434.87,1,301,0.0490529
435.737,1,300.5,0.0499657
436.603,1,300,0.0506052
437.469,1,299.5,0.0506573
438.335,1,299,0.0506924
439.201,1,298.5,0.050978
440.067,1,298,0.0512623
440.933,1,297.5,0.051027
441.799,1,297,0.0507101
442.665,1,296.5,0.0504693
443.531,1,296,0.0501918
444.397,1,295.5,0.0498453
445.263,1,295,0.0497011
446.129,1,294.5,0.0496245
446.995,1,294,0.0495719
447.861,1,293.5,0.0495073
448.727,1,293,0.0495442
449.593,1,292.5,0.0496301
450.459,1,292,0.0497614
451.325,1,291.5,0.050742
452.191,1,291,0.0523799
453.057,1,290.5,0.0544504
453.923,1,290,0.0557357
454.789,1,289.5,0.0564868
455.655,1,289,0.0572662
456.521,1,288.5,0.0592053
457.387,1,288,0.061761
458.253,1,287.5,0.0662158
459.119,1,287,0.070949
459.985,1,286.5,0.0739357
460.851,1,286,0.0759078
461.717,1,285.5,0.0754836
462.583,1,285,0.0747583
463.449,1,284.5,0.074941
464.315,1,284,0.0721152
465.181,1,283.5,0.0698095
466.047,1,283,0.0628137
466.913,1,282.5,0.0542115
467.779,1,282,0.0555079
468.645,1,281.5,0.0610888
469.512,1,281,0.0622994
470.378,1,280.5,0.0632508
471.244,1,280,0.06425
472.11,1,279.5,0.0660232
472.976,1,279,0.0678483
473.842,1,278.5,0.0711737
474.708,1,278,0.072169
475.574,1,277.5,0.073256
476.44,1,277,0.0718934
477.306,1,276.5,0.071469
478.172,1,276,0.0721058
479.038,1,275.5,0.0724538
479.904,1,275,0.0725436
480.77,1,274.5,0.0730851
481.636,1,274,0.0730231
482.502,1,273.5,0.0727931
483.368,1,273,0.0713409
484.234,1,272.5,0.0699964
485.1,1,272,0.0691421
485.966,1,271.5,0.0697128
486.832,1,271,0.0699697
487.698,1,270.5,0.0698439
488.564,1,270,0.069134
489.43,1,269.5,0.0680302
490.296,1,269,0.0660651
491.162,1,268.5,0.0625731
492.028,1,268,0.0575436
492.894,1,267.5,0.0485373
493.76,1,267,0.0434754
494.626,1,266.5,0.0374927
495.492,1,266,0.0313902
496.358,1,265.5,0.0277337
497.224,1,265,0.0256962
498.09,1,264.5,0.0256472
498.956,1,264,0.0268118
499.822,1,263.5,0.0271763
500.688,1,263,0.0303016
501.554,1,262.5,0.0354749
502.42,1,262,0.0331385
503.286,1,261.5,0.0312403
504.153,1,261,0.0272552
505.019,1,260.5,0.0245361
505.885,1,260,0.0231965
506.751,1,259.5,0.0228333
507.617,1,259,0.0229624
508.483,1,258.5,0.0230227
509.349,1,258,0.0231042
510.215,1,257.5,0.0233235
511.081,1,257,0.0232162
511.947,1,256.5,0.0239038
512.813,1,256,0.0251358
513.679,1,255.5,0.0264163
514.545,1,255,0.0276708
515.411,1,254.5,0.0296028
516.277,1,254,0.0310574
517.143,1,253.5,0.0314974
518.009,1,253,0.0307216
518.875,1,252.5,0.0296655
519.741,1,252,0.028633
520.607,1,251.5,0.0276408
521.473,1,251,0.0268757
522.339,1,250.5,0.027842
523.205,1,250,0.0291589
524.071,1,249.5,0.0300118
524.937,1,249,0.0315856
525.803,1,248.5,0.0316187
526.669,1,248,0.0313539
527.535,1,247.5,0.0299084
528.401,1,247,0.0277755
529.267,1,246.5,0.0258024
530.133,1,246,0.0243038
530.999,1,245.5,0.0261504
531.865,1,245,0.0264228
532.731,1,244.5,0.0269233
533.597,1,244,0.0269548
534.463,1,243.5,0.0266184
535.329,1,243,0.0236845
536.195,1,242.5,0.0230749
537.061,1,242,0.0236288
537.928,1,241.5,0.0237096
538.794,1,241,0.0242757
539.66,1,240.5,0.0249575
540.526,1,240,0.0253362
541.392,1,239.5,0.0271472
542.258,1,239,0.0290456
543.124,1,238.5,0.0304755
543.99,1,238,0.0319622
544.856,1,237.5,0.0328401
545.722,1,237,0.0326694
546.588,1,236.5,0.0323172
547.454,1,236,0.0315244
548.32,1,235.5,0.0312587
549.186,1,235,0.0319234
550.052,1,234.5,0.0379238
550.918,1,234,0.0382868
551.784,1,233.5,0.0364657
552.65,1,233,0.0347868
553.516,1,232.5,0.0339696
554.382,1,232,0.0336211
555.248,1,231.5,0.0336626
556.114,1,231,0.0340933
556.98,1,230.5,0.0334462
557.846,1,230,0.0321809
558.712,1,229.5,0.0307256
559.578,1,229,0.0289086
560.444,1,228.5,0.0269049
561.31,1,228,0.0243276
562.176,1,227.5,0.0211226
563.042,1,227,0.020167
563.908,1,226.5,0.0206713
564.774,1,226,0.0198167
565.64,1,225.5,0.0196549
566.506,1,225,0.0195388
567.372,1,224.5,0.0195046
568.238,1,224,0.0200164
569.104,1,223.5,0.0205419
569.97,1,223,0.0210748
570.836,1,222.5,0.0212668
571.703,1,222,0.0213404
572.569,1,221.5,0.0213789
573.435,1,221,0.0211091
574.301,1,220.5,0.0206703
575.167,1,220,0.020147
576.033,1,219.5,0.0193455
576.899,1,219,0.0185061
577.765,1,218.5,0.0177501
578.631,1,218,0.017158
579.497,1,217.5,0.016749
580.363,1,217,0.0162725
581.229,1,216.5,0.0159101
582.095,1,216,0.0157366
582.961,1,215.5,0.0156161
583.827,1,215,0.0155484
584.693,1,214.5,0.0155292
585.559,1,214,0.0155516
586.425,1,213.5,0.0155562
587.291,1,213,0.0155271
588.157,1,212.5,0.0154702
589.023,1,212,0.015387
589.889,1,211.5,0.0152765
590.755,1,211,0.0151636
591.621,1,210.5,0.0150497
592.487,1,210,0.0149367
593.353,1,209.5,0.0148265
594.219,1,209,0.0147148
595.085,1,208.5,0.0146058
595.951,1,208,0.0145099
596.817,1,207.5,0.0144145
597.683,1,207,0.0143309
598.549,1,206.5,0.0142814
599.415,1,206,0.0142018
600.281,1,205.5,0.0141251
601.147,1,205,0.0140838
602.013,1,204.5,0.0140439
602.879,1,204,0.0140053
603.745,1,203.5,0.0139867
604.611,1,203,0.0139743
605.477,1,202.5,0.0139609
606.344,1,202,0.0139533
607.21,1,201.5,0.0139462
608.076,1,201,0.0139377
608.942,1,200.5,0.0139499
609.808,1,200,0.0139599
