x,y,z,b
90.1924,1,500,0.0140042
91.0584,1,499.5,0.0139385
91.9244,1,499,0.0138547
92.7905,1,498.5,0.0137615
93.6565,1,498,0.0136695
94.5225,1,497.5,0.0135802
95.3885,1,497,0.0135037
96.2546,1,496.5,0.0134386
97.1206,1,496,0.0133357
97.9866,1,495.5,0.0132027
98.8526,1,495,0.0130546
99.7187,1,494.5,0.0128914
100.585,1,494,0.0128032
101.451,1,493.5,0.0127381
102.317,1,493,0.0127919
103.183,1,492.5,0.012856
104.049,1,492,0.0129147
104.915,1,491.5,0.0129617
105.781,1,491,0.0129994
106.647,1,490.5,0.0129506
107.513,1,490,0.0128708
108.379,1,489.5,0.0128138
109.245,1,489,0.0127939
110.111,1,488.5,0.012802
110.977,1,488,0.0128554
111.843,1,487.5,0.0129434
112.709,1,487,0.0129699
113.575,1,486.5,0.0129366
114.441,1,486,0.0128548
115.307,1,485.5,0.0127151
116.173,1,485,0.0127045
117.039,1,484.5,0.0128232
117.905,1,484,0.0129813
118.771,1,483.5,0.0131779
119.637,1,483,0.0134133
120.503,1,482.5,0.0135882
121.369,1,482,0.0134415
122.235,1,481.5,0.013242
123.101,1,481,0.0130135
123.967,1,480.5,0.01277
124.833,1,480,0.0125145
125.699,1,479.5,0.012665
126.565,1,479,0.0129407
127.431,1,478.5,0.0132189
128.297,1,478,0.0134873
129.164,1,477.5,0.0137376
130.03,1,477,0.0138462
130.896,1,476.5,0.0136711
131.762,1,476,0.0135272
132.628,1,475.5,0.0134146
133.494,1,475,0.0133305
134.36,1,474.5,0.0132933
135.226,1,474,0.0134106
136.092,1,473.5,0.0135101
136.958,1,473,0.0135689
137.824,1,472.5,0.0135889
138.69,1,472,0.0135559
139.556,1,471.5,0.0134987
140.422,1,471,0.0135231
141.288,1,470.5,0.0136265
142.154,1,470,0.0137933
143.02,1,469.5,0.0140237
143.886,1,469,0.014273
144.752,1,468.5,0.0141178
145.618,1,468,0.0139166
146.484,1,467.5,0.0137113
147.35,1,467,0.0135064
148.216,1,466.5,0.0133103
149.082,1,466,0.0133152
149.948,1,465.5,0.0135964
150.814,1,465,0.0138661
151.68,1,464.5,0.0141242
152.546,1,464,0.0143714
153.412,1,463.5,0.0145899
154.278,1,463,0.0144507
155.144,1,462.5,0.014286
156.01,1,462,0.0141215
156.876,1,461.5,0.0139615
157.742,1,461,0.0137998
158.608,1,460.5,0.0137435
159.474,1,460,0.0138071
160.34,1,459.5,0.0138912
161.206,1,459,0.013991
162.072,1,458.5,0.0140895
162.939,1,458,0.0141837
163.805,1,457.5,0.0140583
164.671,1,457,0.0139407
165.537,1,456.5,0.013835
166.403,1,456,0.0137776
167.269,1,455.5,0.0137494
168.135,1,455,0.0138261
169.001,1,454.5,0.0139744
169.867,1,454,0.0140754
170.733,1,453.5,0.0141281
171.599,1,453,0.0141227
172.465,1,452.5,0.014077
173.331,1,452,0.0141485
174.197,1,451.5,0.0142419
175.063,1,451,0.0143668
175.929,1,450.5,0.0145269
176.795,1,450,0.0147229
177.661,1,449.5,0.014783
178.527,1,449,0.0147144
179.393,1,448.5,0.0146149
180.259,1,448,0.0144783
181.125,1,447.5,0.0143083
181.991,1,447,0.0141516
182.857,1,446.5,0.0142852
183.723,1,446,0.0144456
184.589,1,445.5,0.0146326
185.455,1,445,0.0148332
186.321,1,444.5,0.01506
187.187,1,444,0.0150048
188.053,1,443.5,0.0147857
188.919,1,443,0.0145675
189.785,1,442.5,0.0143524
190.651,1,442,0.0141447
191.517,1,441.5,0.0140235
192.383,1,441,0.0141967
193.249,1,440.5,0.0143679
194.115,1,440,0.0145277
194.981,1,439.5,0.0146712
195.847,1,439,0.0147877
196.714,1,438.5,0.014744
197.58,1,438,0.0146654
198.446,1,437.5,0.0145969
199.312,1,437,0.0145357
200.178,1,436.5,0.0145015
201.044,1,436,0.0145134
201.91,1,435.5,0.0145685
202.776,1,435,0.0146099
203.642,1,434.5,0.0146374
204.508,1,434,0.0146062
205.374,1,433.5,0.0145508
206.24,1,433,0.0144587
207.106,1,432.5,0.0143339
207.972,1,432,0.0142029
208.838,1,431.5,0.0140743
209.704,1,431,0.0139381
210.57,1,430.5,0.0137836
211.436,1,430,0.0136064
212.302,1,429.5,0.0134389
213.168,1,429,0.0132872
214.034,1,428.5,0.0131432
214.9,1,428,0.0130251
215.766,1,427.5,0.0129543
216.632,1,427,0.0128918
217.498,1,426.5,0.0128424
218.364,1,426,0.0128222
219.23,1,425.5,0.0128056
220.096,1,425,0.0128252
220.962,1,424.5,0.0128954
221.828,1,424,0.0129688
222.694,1,423.5,0.0130456
223.56,1,423,0.0130887
224.426,1,422.5,0.0131152
225.292,1,422,0.0129712
226.158,1,421.5,0.0128182
227.024,1,421,0.0127121
227.89,1,420.5,0.0126714
228.756,1,420,0.0127197
229.622,1,419.5,0.012839
230.488,1,419,0.0129093
231.355,1,418.5,0.0129164
232.221,1,418,0.01289
233.087,1,417.5,0.012806
233.953,1,417,0.0126822
234.819,1,416.5,0.0127094
235.685,1,416,0.0127748
236.551,1,415.5,0.012879
237.417,1,415,0.0130758
238.283,1,414.5,0.0132878
239.149,1,414,0.0134191
240.015,1,413.5,0.0135024
240.881,1,413,0.0135762
241.747,1,412.5,0.0136318
242.613,1,412,0.0137036
243.479,1,411.5,0.0138222
244.345,1,411,0.0140876
245.211,1,410.5,0.0142193
246.077,1,410,0.0142649
246.943,1,409.5,0.0143048
247.809,1,409,0.0143005
248.675,1,408.5,0.0141766
249.541,1,408,0.014022
250.407,1,407.5,0.0138487
251.273,1,407,0.0135768
252.139,1,406.5,0.0133046
253.005,1,406,0.0130413
253.871,1,405.5,0.0128453
254.737,1,405,0.0126219
255.603,1,404.5,0.012371
256.469,1,404,0.0123778
257.335,1,403.5,0.0124119
258.201,1,403,0.0124956
259.067,1,402.5,0.0128591
259.933,1,402,0.0133203
260.799,1,401.5,0.0138108
261.665,1,401,0.0143979
262.531,1,400.5,0.0150142
263.397,1,400,0.0155544
264.263,1,399.5,0.0159121
265.13,1,399,0.0160275
265.996,1,398.5,0.0161405
266.862,1,398,0.0162458
267.728,1,397.5,0.0163609
268.594,1,397,0.0164883
269.46,1,396.5,0.0166204
270.326,1,396,0.0167575
271.192,1,395.5,0.0169165
272.058,1,395,0.0170695
272.924,1,394.5,0.0191102
273.79,1,394,0.022297
274.656,1,393.5,0.0232146
275.522,1,393,0.0241344
276.388,1,392.5,0.0249403
277.254,1,392,0.0254331
278.12,1,391.5,0.0259825
278.986,1,391,0.0265815
279.852,1,390.5,0.0269169
280.718,1,390,0.0270996
281.584,1,389.5,0.0271296
282.45,1,389,0.0271882
283.316,1,388.5,0.0272491
284.182,1,388,0.0258607
285.048,1,387.5,0.0255599
285.914,1,387,0.0252094
286.78,1,386.5,0.0249128
287.646,1,386,0.0247392
288.512,1,385.5,0.0245749
289.378,1,385,0.0247743
290.244,1,384.5,0.0249375
291.11,1,384,0.0246333
291.976,1,383.5,0.0235742
292.842,1,383,0.0226035
293.708,1,382.5,0.0217233
294.574,1,382,0.020832
295.44,1,381.5,0.0199753
296.306,1,381,0.0199803
297.172,1,380.5,0.0200462
298.038,1,380,0.0188621
298.905,1,379.5,0.0176362
299.771,1,379,0.0176492
300.637,1,378.5,0.0181924
301.503,1,378,0.0187363
302.369,1,377.5,0.0182326
303.235,1,377,0.0176488
304.101,1,376.5,0.0173298
304.967,1,376,0.0177468
305.833,1,375.5,0.0183466
306.699,1,375,0.0192542
307.565,1,374.5,0.0203241
308.431,1,374,0.0214603
309.297,1,373.5,0.0221538
310.163,1,373,0.022593
311.029,1,372.5,0.0228554
311.895,1,372,0.0223442
312.761,1,371.5,0.0215389
313.627,1,371,0.020936
314.493,1,370.5,0.020605
315.359,1,370,0.0206928
316.225,1,369.5,0.0216252
317.091,1,369,0.0227306
317.957,1,368.5,0.0247994
318.823,1,368,0.0264734
319.689,1,367.5,0.027411
320.555,1,367,0.0292164
321.421,1,366.5,0.033247
322.287,1,366,0.0372462
323.153,1,365.5,0.0406435
324.019,1,365,0.0438492
324.885,1,364.5,0.0459389
325.751,1,364,0.0477871
326.617,1,363.5,0.0493964
327.483,1,363,0.0505548
328.349,1,362.5,0.0514473
329.215,1,362,0.0529321
330.081,1,361.5,0.0547873
330.947,1,361,0.0569398
331.813,1,360.5,0.0614221
332.679,1,360,0.0635837
333.546,1,359.5,0.0645752
334.412,1,359,0.0653964
335.278,1,358.5,0.0672486
336.144,1,358,0.0704603
337.01,1,357.5,0.0744966
337.876,1,357,0.0779109
338.742,1,356.5,0.0739485
339.608,1,356,0.0717289
340.474,1,355.5,0.0727071
341.34,1,355,0.0756394
342.206,1,354.5,0.0808759
343.072,1,354,0.082229
343.938,1,353.5,0.0824319
344.804,1,353,0.075817
345.67,1,352.5,0.074375
346.536,1,352,0.0666959
347.402,1,351.5,0.0504787
348.268,1,351,0.0399314
349.134,1,350.5,0.036987
350,1,350,0.0395196
350.866,1,349.5,0.0401471
351.732,1,349,0.0428339
352.598,1,348.5,0.0426906
353.464,1,348,0.0414285
354.33,1,347.5,0.0441831
355.196,1,347,0.0502457
356.062,1,346.5,0.0589495
356.928,1,346,0.0644007
357.794,1,345.5,0.0680376
358.66,1,345,0.0702519
359.526,1,344.5,0.0741683
360.392,1,344,0.0742163
361.258,1,343.5,0.074557
362.124,1,343,0.075094
362.99,1,342.5,0.0733927
363.856,1,342,0.071887
364.722,1,341.5,0.0712027
365.588,1,341,0.0699766
366.454,1,340.5,0.0682195
367.321,1,340,0.0644556
368.187,1,339.5,0.0592924
369.053,1,339,0.0536303
369.919,1,338.5,0.0476009
370.785,1,338,0.041871
371.651,1,337.5,0.0403896
372.517,1,337,0.0417311
373.383,1,336.5,0.040679
374.249,1,336,0.0409696
375.115,1,335.5,0.0415368
375.981,1,335,0.042379
376.847,1,334.5,0.0422557
377.713,1,334,0.0418814
378.579,1,333.5,0.0413162
379.445,1,333,0.0403842
380.311,1,332.5,0.0393443
381.177,1,332,0.0383253
382.043,1,331.5,0.0374219
382.909,1,331,0.0365346
383.775,1,330.5,0.035624
384.641,1,330,0.0345583
385.507,1,329.5,0.0334174
386.373,1,329,0.0330787
387.239,1,328.5,0.032866
388.105,1,328,0.0327506
388.971,1,327.5,0.032531
389.837,1,327,0.0323404
390.703,1,326.5,0.0326865
391.569,1,326,0.0331086
392.435,1,325.5,0.0335561
393.301,1,325,0.034956
394.167,1,324.5,0.0363107
395.033,1,324,0.0376194
395.899,1,323.5,0.0386101
396.765,1,323,0.0394548
397.631,1,322.5,0.0401775
398.497,1,322,0.0408585
399.363,1,321.5,0.0414367
400.229,1,321,0.041894
401.095,1,320.5,0.0420733
401.962,1,320,0.0421199
402.828,1,319.5,0.0421961
403.694,1,319,0.0421977
404.56,1,318.5,0.042019
405.426,1,318,0.0416885
406.292,1,317.5,0.0413087
407.158,1,317,0.040882
408.024,1,316.5,0.0403928
408.89,1,316,0.0398695
409.756,1,315.5,0.0397835
410.622,1,315,0.0399066
411.488,1,314.5,0.0401196
412.354,1,314,0.0407956
413.22,1,313.5,0.0415477
414.086,1,313,0.0423901
414.952,1,312.5,0.0436459
415.818,1,312,0.0447553
416.684,1,311.5,0.0456265
417.55,1,311,0.0462345
418.416,1,310.5,0.0467747
419.282,1,310,0.0473652
420.148,1,309.5,0.0476545
421.014,1,309,0.0476712
421.88,1,308.5,0.0476636
422.746,1,308,0.0475667
423.612,1,307.5,0.0473601
424.478,1,307,0.0471486
425.344,1,306.5,0.0467955
426.21,1,306,0.0465844
427.076,1,305.5,0.0462491
427.942,1,305,0.0457964
428.808,1,304.5,0.0460152
429.674,1,304,0.046401
430.54,1,303.5,0.0463047
431.406,1,303,0.0458874
432.272,1,302.5,0.0453734
433.138,1,302,0.0446571
434.004,1,301.5,0.0441156
434.87,1,301,0.0434884
435.737,1,300.5,0.0429556
436.603,1,300,0.0425368
437.469,1,299.5,0.0422977
438.335,1,299,0.042187
439.201,1,298.5,0.0421112
440.067,1,298,0.042006
440.933,1,297.5,0.0419322
441.799,1,297,0.0418118
442.665,1,296.5,0.0417423
443.531,1,296,0.0418853
444.397,1,295.5,0.0426063
445.263,1,295,0.0429075
446.129,1,294.5,0.0428604
446.995,1,294,0.0427724
447.861,1,293.5,0.0425853
448.727,1,293,0.0423665
449.593,1,292.5,0.0421247
450.459,1,292,0.0419253
451.325,1,291.5,0.0418024
452.191,1,291,0.0417488
453.057,1,290.5,0.0417695
453.923,1,290,0.04186
454.789,1,289.5,0.042006
455.655,1,289,0.0420967
456.521,1,288.5,0.0420676
457.387,1,288,0.0417747
458.253,1,287.5,0.0414134
459.119,1,287,0.0409392
459.985,1,286.5,0.0404808
460.851,1,286,0.0400234
461.717,1,285.5,0.0394509
462.583,1,285,0.0387755
463.449,1,284.5,0.0379977
464.315,1,284,0.0369191
465.181,1,283.5,0.0357486
466.047,1,283,0.0344968
466.913,1,282.5,0.0338687
467.779,1,282,0.0334001
468.645,1,281.5,0.0329986
469.512,1,281,0.0327961
470.378,1,280.5,0.0326871
471.244,1,280,0.0325807
472.11,1,279.5,0.0325692
472.976,1,279,0.0326811
473.842,1,278.5,0.0328023
474.708,1,278,0.0331057
475.574,1,277.5,0.0337916
476.44,1,277,0.0343426
477.306,1,276.5,0.0349391
478.172,1,276,0.0357475
479.038,1,275.5,0.0366815
479.904,1,275,0.0377197
480.77,1,274.5,0.0376723
481.636,1,274,0.0376297
482.502,1,273.5,0.037829
483.368,1,273,0.0378454
484.234,1,272.5,0.0379935
485.1,1,272,0.0381996
485.966,1,271.5,0.0374973
486.832,1,271,0.0368548
487.698,1,270.5,0.0363715
488.564,1,270,0.0359906
489.43,1,269.5,0.0357312
490.296,1,269,0.0352636
491.162,1,268.5,0.0347221
492.028,1,268,0.0343027
492.894,1,267.5,0.0340619
493.76,1,267,0.033919
494.626,1,266.5,0.0336343
495.492,1,266,0.0333718
496.358,1,265.5,0.0332316
497.224,1,265,0.0331165
498.09,1,264.5,0.0331709
498.956,1,264,0.0333947
499.822,1,263.5,0.0327581
500.688,1,263,0.031992
501.554,1,262.5,0.0313286
502.42,1,262,0.030639
503.286,1,261.5,0.0300846
504.153,1,261,0.0298352
505.019,1,260.5,0.0299483
505.885,1,260,0.0300565
506.751,1,259.5,0.0301919
507.617,1,259,0.0304658
508.483,1,258.5,0.0309036
509.349,1,258,0.0316031
510.215,1,257.5,0.0324801
511.081,1,257,0.0336757
511.947,1,256.5,0.0348377
512.813,1,256,0.0359943
513.679,1,255.5,0.0375196
514.545,1,255,0.0393429
515.411,1,254.5,0.0409396
516.277,1,254,0.0418639
517.143,1,253.5,0.0427078
518.009,1,253,0.0434829
518.875,1,252.5,0.0436413
519.741,1,252,0.0435259
520.607,1,251.5,0.0432346
521.473,1,251,0.0427155
522.339,1,250.5,0.0420308
523.205,1,250,0.0413647
524.071,1,249.5,0.0408585
524.937,1,249,0.0403627
525.803,1,248.5,0.0399239
526.669,1,248,0.0395928
527.535,1,247.5,0.0393593
528.401,1,247,0.039659
529.267,1,246.5,0.0401585
530.133,1,246,0.0413719
530.999,1,245.5,0.0412364
531.865,1,245,0.0410088
532.731,1,244.5,0.0406892
533.597,1,244,0.0404048
534.463,1,243.5,0.0403065
535.329,1,243,0.0404094
536.195,1,242.5,0.0405318
537.061,1,242,0.0406088
537.928,1,241.5,0.0406406
538.794,1,241,0.0405348
539.66,1,240.5,0.0381441
540.526,1,240,0.0371724
541.392,1,239.5,0.0365448
542.258,1,239,0.0363653
543.124,1,238.5,0.0362923
543.99,1,238,0.0361552
544.856,1,237.5,0.0362366
545.722,1,237,0.0362502
546.588,1,236.5,0.0356303
547.454,1,236,0.0354124
548.32,1,235.5,0.0351657
549.186,1,235,0.0356468
550.052,1,234.5,0.0351711
550.918,1,234,0.034879
551.784,1,233.5,0.034533
552.65,1,233,0.0326457
553.516,1,232.5,0.0311446
554.382,1,232,0.0299901
555.248,1,231.5,0.028872
556.114,1,231,0.0276007
556.98,1,230.5,0.0263453
557.846,1,230,0.0255258
558.712,1,229.5,0.0248841
559.578,1,229,0.0243641
560.444,1,228.5,0.0238766
561.31,1,228,0.0234059
562.176,1,227.5,0.0229182
563.042,1,227,0.0223845
563.908,1,226.5,0.0219345
564.774,1,226,0.021611
565.64,1,225.5,0.0216185
566.506,1,225,0.021753
567.372,1,224.5,0.0220011
568.238,1,224,0.0232178
569.104,1,223.5,0.0245867
569.97,1,223,0.0260976
570.836,1,222.5,0.0269312
571.703,1,222,0.0275328
572.569,1,221.5,0.0280528
573.435,1,221,0.027693
574.301,1,220.5,0.0269571
575.167,1,220,0.026257
576.033,1,219.5,0.025657
576.899,1,219,0.0249965
577.765,1,218.5,0.0242229
578.631,1,218,0.0237604
579.497,1,217.5,0.0239636
580.363,1,217,0.0243195
581.229,1,216.5,0.0247015
582.095,1,216,0.0251287
582.961,1,215.5,0.0255224
583.827,1,215,0.0258876
584.693,1,214.5,0.0262809
585.559,1,214,0.0266383
586.425,1,213.5,0.0270088
587.291,1,213,0.0275102
588.157,1,212.5,0.0280045
589.023,1,212,0.0284743
589.889,1,211.5,0.0288553
590.755,1,211,0.0292724
591.621,1,210.5,0.0297429
592.487,1,210,0.0301477
593.353,1,209.5,0.0305095
594.219,1,209,0.0308946
595.085,1,208.5,0.0311447
595.951,1,208,0.0311987
596.817,1,207.5,0.0312333
597.683,1,207,0.031195
598.549,1,206.5,0.0309562
599.415,1,206,0.0305284
600.281,1,205.5,0.0299403
601.147,1,205,0.0289717
602.013,1,204.5,0.0278908
602.879,1,204,0.0266977
603.745,1,203.5,0.0262217
604.611,1,203,0.0259436
605.477,1,202.5,0.0257376
606.344,1,202,0.0257287
607.21,1,201.5,0.0257855
608.076,1,201,0.025869
608.942,1,200.5,0.0261607
609.808,1,200,0.0265892
