x,y,z,b
90.1924,1,500,0.012795
91.0584,1,499.5,0.0127943
91.9244,1,499,0.0127936
92.7905,1,498.5,0.0127931
93.6565,1,498,0.0127925
94.5225,1,497.5,0.0127921
95.3885,1,497,0.0127924
96.2546,1,496.5,0.0127927
97.1206,1,496,0.012793
97.9866,1,495.5,0.0127936
98.8526,1,495,0.0127941
99.7187,1,494.5,0.0127947
100.585,1,494,0.0127956
101.451,1,493.5,0.0127964
102.317,1,493,0.0127973
103.183,1,492.5,0.0127983
104.049,1,492,0.0127994
104.915,1,491.5,0.0128004
105.781,1,491,0.0128012
106.647,1,490.5,0.0128018
107.513,1,490,0.0128024
108.379,1,489.5,0.0128028
109.245,1,489,0.0128027
110.111,1,488.5,0.0128027
110.977,1,488,0.0128026
111.843,1,487.5,0.0128023
112.709,1,487,0.012802
113.575,1,486.5,0.0128017
114.441,1,486,0.0128012
115.307,1,485.5,0.0128007
116.173,1,485,0.0128002
117.039,1,484.5,0.0127993
117.905,1,484,0.0127984
118.771,1,483.5,0.0127975
119.637,1,483,0.0127962
120.503,1,482.5,0.0127948
121.369,1,482,0.0127933
122.235,1,481.5,0.0127921
123.101,1,481,0.0127909
123.967,1,480.5,0.0127897
124.833,1,480,0.0127889
125.699,1,479.5,0.0127887
126.565,1,479,0.0127885
127.431,1,478.5,0.0127884
128.297,1,478,0.0127885
129.164,1,477.5,0.0127886
130.03,1,477,0.0127887
130.896,1,476.5,0.0127892
131.762,1,476,0.0127897
132.628,1,475.5,0.0127902
133.494,1,475,0.0127905
134.36,1,474.5,0.0127908
135.226,1,474,0.0127913
136.092,1,473.5,0.0127912
136.958,1,473,0.0127911
137.824,1,472.5,0.012791
138.69,1,472,0.0127906
139.556,1,471.5,0.0127902
140.422,1,471,0.01279
141.288,1,470.5,0.0127895
142.154,1,470,0.0127887
143.02,1,469.5,0.012788
143.886,1,469,0.0127871
144.752,1,468.5,0.0127859
145.618,1,468,0.0127846
146.484,1,467.5,0.0127833
147.35,1,467,0.0127819
148.216,1,466.5,0.0127805
149.082,1,466,0.012779
149.948,1,465.5,0.0127776
150.814,1,465,0.0127761
151.68,1,464.5,0.0127746
152.546,1,464,0.012773
153.412,1,463.5,0.0127715
154.278,1,463,0.01277
155.144,1,462.5,0.0127685
156.01,1,462,0.0127669
156.876,1,461.5,0.0127652
157.742,1,461,0.0127636
158.608,1,460.5,0.0127619
159.474,1,460,0.0127604
160.34,1,459.5,0.0127587
161.206,1,459,0.012757
162.072,1,458.5,0.0127553
162.939,1,458,0.0127534
163.805,1,457.5,0.0127512
164.671,1,457,0.012749
165.537,1,456.5,0.0127466
166.403,1,456,0.0127441
167.269,1,455.5,0.0127414
168.135,1,455,0.0127386
169.001,1,454.5,0.0127353
169.867,1,454,0.0127319
170.733,1,453.5,0.0127284
171.599,1,453,0.0127249
172.465,1,452.5,0.0127212
173.331,1,452,0.0127175
174.197,1,451.5,0.012714
175.063,1,451,0.0127106
175.929,1,450.5,0.0127072
176.795,1,450,0.0127041
177.661,1,449.5,0.0127011
178.527,1,449,0.012698
179.393,1,448.5,0.0126951
180.259,1,448,0.0126926
181.125,1,447.5,0.0126902
181.991,1,447,0.0126878
182.857,1,446.5,0.0126859
183.723,1,446,0.012684
184.589,1,445.5,0.0126822
185.455,1,445,0.0126812
186.321,1,444.5,0.0126803
187.187,1,444,0.0126791
188.053,1,443.5,0.0126782
188.919,1,443,0.0126774
189.785,1,442.5,0.0126767
190.651,1,442,0.0126764
191.517,1,441.5,0.0126763
192.383,1,441,0.0126763
193.249,1,440.5,0.0126764
194.115,1,440,0.0126765
194.981,1,439.5,0.0126767
195.847,1,439,0.012677
196.714,1,438.5,0.0126778
197.58,1,438,0.0126786
198.446,1,437.5,0.0126797
199.312,1,437,0.0126813
200.178,1,436.5,0.012683
201.044,1,436,0.0126849
201.91,1,435.5,0.0126885
202.776,1,435,0.0126922
203.642,1,434.5,0.0126961
204.508,1,434,0.0127037
205.374,1,433.5,0.0127119
206.24,1,433,0.0127209
207.106,1,432.5,0.0127336
207.972,1,432,0.0127478
208.838,1,431.5,0.0127626
209.704,1,431,0.0127799
210.57,1,430.5,0.0127989
211.436,1,430,0.0128181
212.302,1,429.5,0.0128381
213.168,1,429,0.0128591
214.034,1,428.5,0.0128804
214.9,1,428,0.0129019
215.766,1,427.5,0.0129232
216.632,1,427,0.012945
217.498,1,426.5,0.0129672
218.364,1,426,0.0129881
219.23,1,425.5,0.0130095
220.096,1,425,0.0130307
220.962,1,424.5,0.0130508
221.828,1,424,0.0130711
222.694,1,423.5,0.0130914
223.56,1,423,0.0131017
224.426,1,422.5,0.0131103
225.292,1,422,0.0131194
226.158,1,421.5,0.0131228
227.024,1,421,0.0131231
227.89,1,420.5,0.0131234
228.756,1,420,0.0131223
229.622,1,419.5,0.0131193
230.488,1,419,0.0131158
231.355,1,418.5,0.0131107
232.221,1,418,0.0131026
233.087,1,417.5,0.0130947
233.953,1,417,0.0130863
234.819,1,416.5,0.0130758
235.685,1,416,0.0130657
236.551,1,415.5,0.0130559
237.417,1,415,0.0130451
238.283,1,414.5,0.0130344
239.149,1,414,0.013023
240.015,1,413.5,0.0130112
240.881,1,413,0.0129993
241.747,1,412.5,0.0129873
242.613,1,412,0.0129771
243.479,1,411.5,0.0129674
244.345,1,411,0.0129576
245.211,1,410.5,0.0129494
246.077,1,410,0.0129424
246.943,1,409.5,0.0129352
247.809,1,409,0.0129291
248.675,1,408.5,0.0129249
249.541,1,408,0.0129205
250.407,1,407.5,0.0129163
251.273,1,407,0.0129129
252.139,1,406.5,0.0129094
253.005,1,406,0.0129055
253.871,1,405.5,0.0128999
254.737,1,405,0.0128942
255.603,1,404.5,0.0128884
256.469,1,404,0.0128837
257.335,1,403.5,0.012879
258.201,1,403,0.0128763
259.067,1,402.5,0.0128748
259.933,1,402,0.0128733
260.799,1,401.5,0.0128718
261.665,1,401,0.012871
262.531,1,400.5,0.0128711
263.397,1,400,0.0128735
264.263,1,399.5,0.0128757
265.13,1,399,0.0128773
265.996,1,398.5,0.0128782
266.862,1,398,0.0128781
267.728,1,397.5,0.0128756
268.594,1,397,0.0128722
269.46,1,396.5,0.0128681
270.326,1,396,0.0128636
271.192,1,395.5,0.0128583
272.058,1,395,0.0128524
272.924,1,394.5,0.0128484
273.79,1,394,0.0128438
274.656,1,393.5,0.0128386
275.522,1,393,0.0128342
276.388,1,392.5,0.0128295
277.254,1,392,0.0128241
278.12,1,391.5,0.0128204
278.986,1,391,0.0128174
279.852,1,390.5,0.0128142
280.718,1,390,0.0128102
281.584,1,389.5,0.0128052
282.45,1,389,0.0127999
283.316,1,388.5,0.0127942
284.182,1,388,0.0127879
285.048,1,387.5,0.012782
285.914,1,387,0.0127758
286.78,1,386.5,0.0127672
287.646,1,386,0.0127589
288.512,1,385.5,0.0127508
289.378,1,385,0.0127394
290.244,1,384.5,0.0127286
291.11,1,384,0.0127187
291.976,1,383.5,0.0127046
292.842,1,383,0.0126899
293.708,1,382.5,0.0126753
294.574,1,382,0.0126578
295.44,1,381.5,0.0126371
296.306,1,381,0.0126168
297.172,1,380.5,0.0126051
298.038,1,380,0.0125984
298.905,1,379.5,0.0125899
299.771,1,379,0.0125839
300.637,1,378.5,0.0125852
301.503,1,378,0.0125892
302.369,1,377.5,0.0125945
303.235,1,377,0.0126036
304.101,1,376.5,0.0126109
304.967,1,376,0.0126173
305.833,1,375.5,0.0126312
306.699,1,375,0.0126395
307.565,1,374.5,0.0126422
308.431,1,374,0.012635
309.297,1,373.5,0.0126239
310.163,1,373,0.0126023
311.029,1,372.5,0.0125592
311.895,1,372,0.0125018
312.761,1,371.5,0.0124313
313.627,1,371,0.0123852
314.493,1,370.5,0.0123619
315.359,1,370,0.0123576
316.225,1,369.5,0.0123779
317.091,1,369,0.0124281
317.957,1,368.5,0.0124814
318.823,1,368,0.0125575
319.689,1,367.5,0.0126916
320.555,1,367,0.0128334
321.421,1,366.5,0.0129815
322.287,1,366,0.013176
323.153,1,365.5,0.0133924
324.019,1,365,0.0136282
324.885,1,364.5,0.0138476
325.751,1,364,0.0140794
326.617,1,363.5,0.0143236
327.483,1,363,0.0145069
328.349,1,362.5,0.0146758
329.215,1,362,0.0148163
330.081,1,361.5,0.0147988
330.947,1,361,0.0147152
331.813,1,360.5,0.0146366
332.679,1,360,0.0145965
333.546,1,359.5,0.0145772
334.412,1,359,0.0145305
335.278,1,358.5,0.0144931
336.144,1,358,0.0144806
337.01,1,357.5,0.0144598
337.876,1,357,0.0143772
338.742,1,356.5,0.0141304
339.608,1,356,0.0139717
340.474,1,355.5,0.0138849
341.34,1,355,0.0137535
342.206,1,354.5,0.013615
343.072,1,354,0.0134356
343.938,1,353.5,0.0133531
344.804,1,353,0.0132104
345.67,1,352.5,0.0129747
346.536,1,352,0.0122551
347.402,1,351.5,0.0111611
348.268,1,351,0.00967599
349.134,1,350.5,0.00704094
350,1,350,0.00412857
350.866,1,349.5,0.0016489
351.732,1,349,0.001455
352.598,1,348.5,0.00451499
353.464,1,348,0.00764112
354.33,1,347.5,0.009676
355.196,1,347,0.0106274
356.062,1,346.5,0.0113856
356.928,1,346,0.0119515
357.794,1,345.5,0.0124493
358.66,1,345,0.0128439
359.526,1,344.5,0.0131174
360.392,1,344,0.0131785
361.258,1,343.5,0.013109
362.124,1,343,0.0130473
362.99,1,342.5,0.0129932
363.856,1,342,0.012838
364.722,1,341.5,0.0126257
365.588,1,341,0.0123368
366.454,1,340.5,0.0120414
367.321,1,340,0.0118868
368.187,1,339.5,0.0118065
369.053,1,339,0.0117919
369.919,1,338.5,0.0118006
370.785,1,338,0.0118766
371.651,1,337.5,0.0120835
372.517,1,337,0.0122745
373.383,1,336.5,0.0123997
374.249,1,336,0.0123908
375.115,1,335.5,0.0123463
375.981,1,335,0.0122659
376.847,1,334.5,0.0122078
377.713,1,334,0.0121566
378.579,1,333.5,0.0121028
379.445,1,333,0.0119493
380.311,1,332.5,0.0117731
381.177,1,332,0.0116144
382.043,1,331.5,0.0115228
382.909,1,331,0.011489
383.775,1,330.5,0.0115053
384.641,1,330,0.0116182
385.507,1,329.5,0.0117831
386.373,1,329,0.0118765
387.239,1,328.5,0.0119867
388.105,1,328,0.0121204
388.971,1,327.5,0.0122412
389.837,1,327,0.0123592
390.703,1,326.5,0.0124561
391.569,1,326,0.0125092
392.435,1,325.5,0.0125581
393.301,1,325,0.0126285
394.167,1,324.5,0.0126869
395.033,1,324,0.0127341
395.899,1,323.5,0.0128172
396.765,1,323,0.012894
397.631,1,322.5,0.0129616
398.497,1,322,0.0130291
399.363,1,321.5,0.0130862
400.229,1,321,0.013176
401.095,1,320.5,0.0132654
401.962,1,320,0.0133196
402.828,1,319.5,0.0133451
403.694,1,319,0.0133338
404.56,1,318.5,0.0132889
405.426,1,318,0.0132861
406.292,1,317.5,0.0132621
407.158,1,317,0.0132143
408.024,1,316.5,0.013147
408.89,1,316,0.0130604
409.756,1,315.5,0.0129826
410.622,1,315,0.0129084
411.488,1,314.5,0.0128255
412.354,1,314,0.0127693
413.22,1,313.5,0.0127106
414.086,1,313,0.0126546
414.952,1,312.5,0.0126553
415.818,1,312,0.0126636
416.684,1,311.5,0.0126733
417.55,1,311,0.0126822
418.416,1,310.5,0.0126906
419.282,1,310,0.0127159
420.148,1,309.5,0.0127412
421.014,1,309,0.0127588
421.88,1,308.5,0.0127739
422.746,1,308,0.0127812
423.612,1,307.5,0.0127768
424.478,1,307,0.0127746
425.344,1,306.5,0.01277
426.21,1,306,0.0127559
427.076,1,305.5,0.0127459
427.942,1,305,0.0127401
428.808,1,304.5,0.0127337
429.674,1,304,0.0127231
430.54,1,303.5,0.0127142
431.406,1,303,0.0127274
432.272,1,302.5,0.0127435
433.138,1,302,0.0127573
434.004,1,301.5,0.0127679
434.87,1,301,0.0127764
435.737,1,300.5,0.0127817
436.603,1,300,0.0127842
437.469,1,299.5,0.0127828
438.335,1,299,0.0127722
439.201,1,298.5,0.0127625
440.067,1,298,0.0127554
440.933,1,297.5,0.0127491
441.799,1,297,0.0127445
442.665,1,296.5,0.012743
443.531,1,296,0.0127361
444.397,1,295.5,0.0127262
445.263,1,295,0.0127161
446.129,1,294.5,0.0127021
446.995,1,294,0.0126841
447.861,1,293.5,0.0126838
448.727,1,293,0.0126847
449.593,1,292.5,0.0126844
450.459,1,292,0.0126859
451.325,1,291.5,0.0126868
452.191,1,291,0.0126888
453.057,1,290.5,0.0126966
453.923,1,290,0.0127058
454.789,1,289.5,0.0127147
455.655,1,289,0.0127209
456.521,1,288.5,0.0127243
457.387,1,288,0.0127322
458.253,1,287.5,0.0127374
459.119,1,287,0.012738
459.985,1,286.5,0.0127382
460.851,1,286,0.0127374
461.717,1,285.5,0.012734
462.583,1,285,0.0127306
463.449,1,284.5,0.012726
464.315,1,284,0.0127164
465.181,1,283.5,0.0127061
466.047,1,283,0.0126952
466.913,1,282.5,0.0126934
467.779,1,282,0.0126941
468.645,1,281.5,0.0126948
469.512,1,281,0.0127014
470.378,1,280.5,0.012711
471.244,1,280,0.0127197
472.11,1,279.5,0.012733
472.976,1,279,0.0127512
473.842,1,278.5,0.0127692
474.708,1,278,0.0127896
475.574,1,277.5,0.0128151
476.44,1,277,0.0128402
477.306,1,276.5,0.0128657
478.172,1,276,0.0128937
479.038,1,275.5,0.0129215
479.904,1,275,0.0129491
480.77,1,274.5,0.0129745
481.636,1,274,0.0129987
482.502,1,273.5,0.0130226
483.368,1,273,0.0130436
484.234,1,272.5,0.0130638
485.1,1,272,0.0130835
485.966,1,271.5,0.013098
486.832,1,271,0.0131101
487.698,1,270.5,0.0131217
488.564,1,270,0.0131318
489.43,1,269.5,0.0131406
490.296,1,269,0.0131489
491.162,1,268.5,0.0131519
492.028,1,268,0.0131481
492.894,1,267.5,0.0131445
493.76,1,267,0.0131398
494.626,1,266.5,0.0131303
495.492,1,266,0.0131213
496.358,1,265.5,0.0131122
497.224,1,265,0.0131018
498.09,1,264.5,0.0130915
498.956,1,264,0.0130815
499.822,1,263.5,0.0130676
500.688,1,263,0.0130536
501.554,1,262.5,0.0130401
502.42,1,262,0.0130253
503.286,1,261.5,0.0130106
504.153,1,261,0.0129972
505.019,1,260.5,0.012984
505.885,1,260,0.0129706
506.751,1,259.5,0.0129577
507.617,1,259,0.012945
508.483,1,258.5,0.0129323
509.349,1,258,0.0129216
510.215,1,257.5,0.0129116
511.081,1,257,0.0129021
511.947,1,256.5,0.0128929
512.813,1,256,0.0128841
513.679,1,255.5,0.0128757
514.545,1,255,0.0128668
515.411,1,254.5,0.012858
516.277,1,254,0.0128506
517.143,1,253.5,0.0128434
518.009,1,253,0.0128364
518.875,1,252.5,0.0128298
519.741,1,252,0.0128239
520.607,1,251.5,0.0128185
521.473,1,251,0.0128136
522.339,1,250.5,0.0128093
523.205,1,250,0.0128057
524.071,1,249.5,0.0128027
524.937,1,249,0.0127998
525.803,1,248.5,0.0127973
526.669,1,248,0.0127951
527.535,1,247.5,0.0127929
528.401,1,247,0.0127915
529.267,1,246.5,0.0127905
530.133,1,246,0.0127896
530.999,1,245.5,0.0127892
531.865,1,245,0.0127893
532.731,1,244.5,0.0127887
533.597,1,244,0.012788
534.463,1,243.5,0.0127877
535.329,1,243,0.012787
536.195,1,242.5,0.0127864
537.061,1,242,0.012786
537.928,1,241.5,0.0127853
538.794,1,241,0.0127841
539.66,1,240.5,0.0127828
540.526,1,240,0.0127808
541.392,1,239.5,0.0127781
542.258,1,239,0.0127749
543.124,1,238.5,0.0127717
543.99,1,238,0.0127688
544.856,1,237.5,0.0127656
545.722,1,237,0.0127626
546.588,1,236.5,0.0127602
547.454,1,236,0.0127575
548.32,1,235.5,0.0127549
549.186,1,235,0.0127533
550.052,1,234.5,0.0127517
550.918,1,234,0.0127501
551.784,1,233.5,0.0127497
552.65,1,233,0.0127494
553.516,1,232.5,0.0127491
554.382,1,232,0.012749
555.248,1,231.5,0.0127491
556.114,1,231,0.0127491
556.98,1,230.5,0.0127493
557.846,1,230,0.0127496
558.712,1,229.5,0.0127498
559.578,1,229,0.0127502
560.444,1,228.5,0.0127507
561.31,1,228,0.012751
562.176,1,227.5,0.0127515
563.042,1,227,0.0127522
563.908,1,226.5,0.012753
564.774,1,226,0.0127538
565.64,1,225.5,0.0127548
566.506,1,225,0.0127556
567.372,1,224.5,0.0127565
568.238,1,224,0.0127575
569.104,1,223.5,0.0127587
569.97,1,223,0.0127598
570.836,1,222.5,0.012761
571.703,1,222,0.0127621
572.569,1,221.5,0.0127633
573.435,1,221,0.0127643
574.301,1,220.5,0.0127653
575.167,1,220,0.0127664
576.033,1,219.5,0.0127676
576.899,1,219,0.0127689
577.765,1,218.5,0.0127702
578.631,1,218,0.0127713
579.497,1,217.5,0.0127722
580.363,1,217,0.0127731
581.229,1,216.5,0.0127739
582.095,1,216,0.0127742
582.961,1,215.5,0.0127745
583.827,1,215,0.0127748
584.693,1,214.5,0.0127751
585.559,1,214,0.0127753
586.425,1,213.5,0.0127756
587.291,1,213,0.0127758
588.157,1,212.5,0.012776
589.023,1,212,0.0127762
589.889,1,211.5,0.0127762
590.755,1,211,0.0127761
591.621,1,210.5,0.012776
592.487,1,210,0.0127756
593.353,1,209.5,0.012775
594.219,1,209,0.0127744
595.085,1,208.5,0.0127737
595.951,1,208,0.0127727
596.817,1,207.5,0.0127717
597.683,1,207,0.0127705
598.549,1,206.5,0.0127691
599.415,1,206,0.0127675
600.281,1,205.5,0.0127658
601.147,1,205,0.0127638
602.013,1,204.5,0.0127619
602.879,1,204,0.01276
603.745,1,203.5,0.0127579
604.611,1,203,0.0127558
605.477,1,202.5,0.0127536
606.344,1,202,0.0127515
607.21,1,201.5,0.0127494
608.076,1,201,0.0127473
608.942,1,200.5,0.0127453
609.808,1,200,0.0127435
