x,y,z,b
90.1924,1,500,0.0140016
91.0584,1,499.5,0.013978
91.9244,1,499,0.0139418
92.7905,1,498.5,0.0138614
93.6565,1,498,0.0137821
94.5225,1,497.5,0.013696
95.3885,1,497,0.0135815
96.2546,1,496.5,0.0134666
97.1206,1,496,0.0133837
97.9866,1,495.5,0.0132938
98.8526,1,495,0.013191
99.7187,1,494.5,0.0130754
100.585,1,494,0.0129393
101.451,1,493.5,0.0127831
102.317,1,493,0.012621
103.183,1,492.5,0.0124899
104.049,1,492,0.0123924
104.915,1,491.5,0.0123255
105.781,1,491,0.0122939
106.647,1,490.5,0.0122023
107.513,1,490,0.0120469
108.379,1,489.5,0.0118949
109.245,1,489,0.0117847
110.111,1,488.5,0.0117034
110.977,1,488,0.0116979
111.843,1,487.5,0.0118879
112.709,1,487,0.012041
113.575,1,486.5,0.0121591
114.441,1,486,0.0122352
115.307,1,485.5,0.0122407
116.173,1,485,0.01219
117.039,1,484.5,0.012237
117.905,1,484,0.0123735
118.771,1,483.5,0.0125978
119.637,1,483,0.0129482
120.503,1,482.5,0.0132742
121.369,1,482,0.0131813
122.235,1,481.5,0.013001
123.101,1,481,0.012743
123.967,1,480.5,0.0124107
124.833,1,480,0.0120188
125.699,1,479.5,0.0122059
126.565,1,479,0.01256
127.431,1,478.5,0.012908
128.297,1,478,0.0132339
129.164,1,477.5,0.0135083
130.03,1,477,0.0135681
130.896,1,476.5,0.0132371
131.762,1,476,0.0129371
132.628,1,475.5,0.0126686
133.494,1,475,0.0124832
134.36,1,474.5,0.0123568
135.226,1,474,0.0125651
136.092,1,473.5,0.0128353
136.958,1,473,0.0130332
137.824,1,472.5,0.0131482
138.69,1,472,0.0131934
139.556,1,471.5,0.0131829
140.422,1,471,0.013247
141.288,1,470.5,0.0133856
142.154,1,470,0.0135942
143.02,1,469.5,0.0138754
143.886,1,469,0.0142129
144.752,1,468.5,0.0141652
145.618,1,468,0.0140229
146.484,1,467.5,0.013827
147.35,1,467,0.013581
148.216,1,466.5,0.013312
149.082,1,466,0.0132366
149.948,1,465.5,0.0134775
150.814,1,465,0.01372
151.68,1,464.5,0.0139643
152.546,1,464,0.0142116
153.412,1,463.5,0.014438
154.278,1,463,0.0142898
155.144,1,462.5,0.0141387
156.01,1,462,0.0140354
156.876,1,461.5,0.0139838
157.742,1,461,0.0139885
158.608,1,460.5,0.0141243
159.474,1,460,0.014319
160.34,1,459.5,0.0144592
161.206,1,459,0.0145491
162.072,1,458.5,0.0146095
162.939,1,458,0.0146378
163.805,1,457.5,0.0146356
164.671,1,457,0.0146562
165.537,1,456.5,0.0146984
166.403,1,456,0.0147516
167.269,1,455.5,0.0148218
168.135,1,455,0.0148943
169.001,1,454.5,0.0149417
169.867,1,454,0.0149759
170.733,1,453.5,0.014997
171.599,1,453,0.0150182
172.465,1,452.5,0.0150407
173.331,1,452,0.0150945
174.197,1,451.5,0.0151497
175.063,1,451,0.0152057
175.929,1,450.5,0.0152571
176.795,1,450,0.0153109
177.661,1,449.5,0.015384
178.527,1,449,0.0154592
179.393,1,448.5,0.0155306
180.259,1,448,0.0156086
181.125,1,447.5,0.0156881
181.991,1,447,0.0157752
182.857,1,446.5,0.0158949
183.723,1,446,0.0160076
184.589,1,445.5,0.0161132
185.455,1,445,0.0162106
186.321,1,444.5,0.0163062
187.187,1,444,0.0164433
188.053,1,443.5,0.0165934
188.919,1,443,0.0167355
189.785,1,442.5,0.0168697
190.651,1,442,0.0169653
191.517,1,441.5,0.0170228
192.383,1,441,0.0170363
193.249,1,440.5,0.0170445
194.115,1,440,0.0170457
194.981,1,439.5,0.0170494
195.847,1,439,0.0170497
196.714,1,438.5,0.0170444
197.58,1,438,0.0170409
198.446,1,437.5,0.0170344
199.312,1,437,0.0170149
200.178,1,436.5,0.0169978
201.044,1,436,0.01697
201.91,1,435.5,0.0168985
202.776,1,435,0.0168356
203.642,1,434.5,0.0167813
204.508,1,434,0.0167217
205.374,1,433.5,0.0166653
206.24,1,433,0.0165982
207.106,1,432.5,0.0165245
207.972,1,432,0.0164481
208.838,1,431.5,0.0163698
209.704,1,431,0.016288
210.57,1,430.5,0.0162018
211.436,1,430,0.016117
212.302,1,429.5,0.0160297
213.168,1,429,0.0159375
214.034,1,428.5,0.0158399
214.9,1,428,0.0157359
215.766,1,427.5,0.0155953
216.632,1,427,0.0154398
217.498,1,426.5,0.0152723
218.364,1,426,0.0150825
219.23,1,425.5,0.0148776
220.096,1,425,0.0146696
220.962,1,424.5,0.0144602
221.828,1,424,0.0142503
222.694,1,423.5,0.0140403
223.56,1,423,0.0138393
224.426,1,422.5,0.013649
225.292,1,422,0.013525
226.158,1,421.5,0.0134288
227.024,1,421,0.0133646
227.89,1,420.5,0.0133263
228.756,1,420,0.0133477
229.622,1,419.5,0.0134471
230.488,1,419,0.0135806
231.355,1,418.5,0.0137273
232.221,1,418,0.0138926
233.087,1,417.5,0.0140528
233.953,1,417,0.0142027
234.819,1,416.5,0.0142035
235.685,1,416,0.0141945
236.551,1,415.5,0.0141763
237.417,1,415,0.0141126
238.283,1,414.5,0.0140396
239.149,1,414,0.0139241
240.015,1,413.5,0.0137034
240.881,1,413,0.0134586
241.747,1,412.5,0.0131983
242.613,1,412,0.0128916
243.479,1,411.5,0.0125801
244.345,1,411,0.0123886
245.211,1,410.5,0.0122151
246.077,1,410,0.0120698
246.943,1,409.5,0.0119577
247.809,1,409,0.0119275
248.675,1,408.5,0.0118354
249.541,1,408,0.0116418
250.407,1,407.5,0.0114789
251.273,1,407,0.0113904
252.139,1,406.5,0.0113324
253.005,1,406,0.0113461
253.871,1,405.5,0.0117549
254.737,1,405,0.0122036
255.603,1,404.5,0.0126921
256.469,1,404,0.0132639
257.335,1,403.5,0.0138564
258.201,1,403,0.0145482
259.067,1,402.5,0.0150934
259.933,1,402,0.0155576
260.799,1,401.5,0.0160012
261.665,1,401,0.01636
262.531,1,400.5,0.0166411
263.397,1,400,0.0167955
264.263,1,399.5,0.017011
265.13,1,399,0.0172865
265.996,1,398.5,0.0176343
266.862,1,398,0.0180483
267.728,1,397.5,0.0186234
268.594,1,397,0.0192603
269.46,1,396.5,0.0198912
270.326,1,396,0.0204257
271.192,1,395.5,0.020918
272.058,1,395,0.0212621
272.924,1,394.5,0.0212189
273.79,1,394,0.021079
274.656,1,393.5,0.020842
275.522,1,393,0.0207188
276.388,1,392.5,0.0206661
277.254,1,392,0.0209803
278.12,1,391.5,0.0216009
278.986,1,391,0.0224329
279.852,1,390.5,0.0234537
280.718,1,390,0.0245999
281.584,1,389.5,0.0257535
282.45,1,389,0.0268116
283.316,1,388.5,0.0281585
284.182,1,388,0.0294792
285.048,1,387.5,0.0311765
285.914,1,387,0.0330244
286.78,1,386.5,0.0350232
287.646,1,386,0.0366218
288.512,1,385.5,0.0379302
289.378,1,385,0.0388047
290.244,1,384.5,0.0397168
291.11,1,384,0.0406666
291.976,1,383.5,0.0416539
292.842,1,383,0.0424861
293.708,1,382.5,0.0429467
294.574,1,382,0.0434908
295.44,1,381.5,0.0441183
296.306,1,381,0.0448293
297.172,1,380.5,0.0456238
298.038,1,380,0.0463619
298.905,1,379.5,0.0459952
299.771,1,379,0.0457516
300.637,1,378.5,0.0456356
301.503,1,378,0.0456471
302.369,1,377.5,0.0457861
303.235,1,377,0.0460527
304.101,1,376.5,0.0463513
304.967,1,376,0.0466271
305.833,1,375.5,0.0469057
306.699,1,375,0.0471869
307.565,1,374.5,0.04743
308.431,1,374,0.0475762
309.297,1,373.5,0.0477185
310.163,1,373,0.0477709
311.029,1,372.5,0.0478685
311.895,1,372,0.0480115
312.761,1,371.5,0.0481998
313.627,1,371,0.0484334
314.493,1,370.5,0.0486912
315.359,1,370,0.048557
316.225,1,369.5,0.04847
317.091,1,369,0.0481571
317.957,1,368.5,0.0443637
318.823,1,368,0.0433034
319.689,1,367.5,0.0426877
320.555,1,367,0.0419448
321.421,1,366.5,0.0412852
322.287,1,366,0.041425
323.153,1,365.5,0.0405675
324.019,1,365,0.0398205
324.885,1,364.5,0.0391839
325.751,1,364,0.0389293
326.617,1,363.5,0.03927
327.483,1,363,0.0397083
328.349,1,362.5,0.0400944
329.215,1,362,0.0404281
330.081,1,361.5,0.0407097
330.947,1,361,0.040885
331.813,1,360.5,0.040571
332.679,1,360,0.0402751
333.546,1,359.5,0.0399974
334.412,1,359,0.0397379
335.278,1,358.5,0.0394966
336.144,1,358,0.0393047
337.01,1,357.5,0.0396732
337.876,1,357,0.040088
338.742,1,356.5,0.0404043
339.608,1,356,0.0407103
340.474,1,355.5,0.0408164
341.34,1,355,0.0407615
342.206,1,354.5,0.040715
343.072,1,354,0.0406805
343.938,1,353.5,0.0406494
344.804,1,353,0.0403955
345.67,1,352.5,0.0400514
346.536,1,352,0.0394206
347.402,1,351.5,0.0386034
348.268,1,351,0.0383008
349.134,1,350.5,0.0389216
350,1,350,0.0399784
350.866,1,349.5,0.0406406
351.732,1,349,0.0411116
352.598,1,348.5,0.0412799
353.464,1,348,0.0416596
354.33,1,347.5,0.0419866
355.196,1,347,0.0423654
356.062,1,346.5,0.0417694
356.928,1,346,0.0416931
357.794,1,345.5,0.0422083
358.66,1,345,0.044056
359.526,1,344.5,0.0449743
360.392,1,344,0.045711
361.258,1,343.5,0.0470262
362.124,1,343,0.0484878
362.99,1,342.5,0.0500912
363.856,1,342,0.0520542
364.722,1,341.5,0.0537454
365.588,1,341,0.0549485
366.454,1,340.5,0.0552364
367.321,1,340,0.0551947
368.187,1,339.5,0.0546976
369.053,1,339,0.0537842
369.919,1,338.5,0.0525771
370.785,1,338,0.0507559
371.651,1,337.5,0.0501857
372.517,1,337,0.0502899
373.383,1,336.5,0.0506126
374.249,1,336,0.0510881
375.115,1,335.5,0.0516745
375.981,1,335,0.0518536
376.847,1,334.5,0.0525861
377.713,1,334,0.0533341
378.579,1,333.5,0.0540858
379.445,1,333,0.0554703
380.311,1,332.5,0.0570666
381.177,1,332,0.0585516
382.043,1,331.5,0.0624225
382.909,1,331,0.0679994
383.775,1,330.5,0.0728489
384.641,1,330,0.0766598
385.507,1,329.5,0.079227
386.373,1,329,0.081456
387.239,1,328.5,0.0830441
388.105,1,328,0.0830475
388.971,1,327.5,0.0832847
389.837,1,327,0.0837905
390.703,1,326.5,0.0844063
391.569,1,326,0.0849586
392.435,1,325.5,0.085527
393.301,1,325,0.085527
394.167,1,324.5,0.0854963
395.033,1,324,0.0854417
395.899,1,323.5,0.0861502
396.765,1,323,0.0869363
397.631,1,322.5,0.0877324
398.497,1,322,0.0884865
399.363,1,321.5,0.0891625
400.229,1,321,0.0895186
401.095,1,320.5,0.0897868
401.962,1,320,0.090128
402.828,1,319.5,0.0904622
403.694,1,319,0.0907602
404.56,1,318.5,0.0909259
405.426,1,318,0.0902615
406.292,1,317.5,0.0897499
407.158,1,317,0.0896664
408.024,1,316.5,0.089571
408.89,1,316,0.0895843
409.756,1,315.5,0.0906306
410.622,1,315,0.0913398
411.488,1,314.5,0.0915917
412.354,1,314,0.0917349
413.22,1,313.5,0.0904733
414.086,1,313,0.0885344
414.952,1,312.5,0.0855176
415.818,1,312,0.085209
416.684,1,311.5,0.0852082
417.55,1,311,0.0832246
418.416,1,310.5,0.0830064
419.282,1,310,0.0814402
420.148,1,309.5,0.0793304
421.014,1,309,0.0797501
421.88,1,308.5,0.0786647
422.746,1,308,0.0791352
423.612,1,307.5,0.0804975
424.478,1,307,0.080163
425.344,1,306.5,0.0824121
426.21,1,306,0.0833023
427.076,1,305.5,0.0842414
427.942,1,305,0.0872972
428.808,1,304.5,0.0883206
429.674,1,304,0.0855593
430.54,1,303.5,0.0824263
431.406,1,303,0.0768687
432.272,1,302.5,0.0733149
433.138,1,302,0.0719234
434.004,1,301.5,0.0722748
434.87,1,301,0.0755638
435.737,1,300.5,0.0779841
436.603,1,300,0.0786308
437.469,1,299.5,0.0801402
438.335,1,299,0.0808385
439.201,1,298.5,0.0806557
440.067,1,298,0.0804758
440.933,1,297.5,0.0810206
441.799,1,297,0.0822395
442.665,1,296.5,0.0833294
443.531,1,296,0.0840829
444.397,1,295.5,0.084803
445.263,1,295,0.084997
446.129,1,294.5,0.0848286
446.995,1,294,0.0852479
447.861,1,293.5,0.0853641
448.727,1,293,0.0857231
449.593,1,292.5,0.0864253
450.459,1,292,0.0869941
451.325,1,291.5,0.0881146
452.191,1,291,0.0895468
453.057,1,290.5,0.0912255
453.923,1,290,0.0926708
454.789,1,289.5,0.0936155
455.655,1,289,0.0931096
456.521,1,288.5,0.0899273
457.387,1,288,0.0850458
458.253,1,287.5,0.0799548
459.119,1,287,0.0773773
459.985,1,286.5,0.0767725
460.851,1,286,0.0746349
461.717,1,285.5,0.0705287
462.583,1,285,0.0642643
463.449,1,284.5,0.057149
464.315,1,284,0.0496275
465.181,1,283.5,0.042805
466.047,1,283,0.0391629
466.913,1,282.5,0.0368225
467.779,1,282,0.037009
468.645,1,281.5,0.0361558
469.512,1,281,0.0359889
470.378,1,280.5,0.0361383
471.244,1,280,0.0364266
472.11,1,279.5,0.0366848
472.976,1,279,0.0368535
473.842,1,278.5,0.0370217
474.708,1,278,0.0373134
475.574,1,277.5,0.0378539
476.44,1,277,0.0383225
477.306,1,276.5,0.038576
478.172,1,276,0.0382819
479.038,1,275.5,0.0379837
479.904,1,275,0.0377045
480.77,1,274.5,0.0386494
481.636,1,274,0.0398238
482.502,1,273.5,0.0399735
483.368,1,273,0.0401461
484.234,1,272.5,0.040366
485.1,1,272,0.0406423
485.966,1,271.5,0.0409005
486.832,1,271,0.0411406
487.698,1,270.5,0.0412277
488.564,1,270,0.0410436
489.43,1,269.5,0.0407616
490.296,1,269,0.0408275
491.162,1,268.5,0.0409248
492.028,1,268,0.0410429
492.894,1,267.5,0.0405091
493.76,1,267,0.0397555
494.626,1,266.5,0.0384736
495.492,1,266,0.037377
496.358,1,265.5,0.036381
497.224,1,265,0.0361412
498.09,1,264.5,0.0359057
498.956,1,264,0.0356746
499.822,1,263.5,0.0351241
500.688,1,263,0.0345262
501.554,1,262.5,0.0339741
502.42,1,262,0.0333756
503.286,1,261.5,0.0328104
504.153,1,261,0.0324232
505.019,1,260.5,0.0323501
505.885,1,260,0.0322657
506.751,1,259.5,0.0322032
507.617,1,259,0.0320101
508.483,1,258.5,0.0315988
509.349,1,258,0.0305828
510.215,1,257.5,0.0305501
511.081,1,257,0.0317614
511.947,1,256.5,0.0319854
512.813,1,256,0.0320177
513.679,1,255.5,0.0316199
514.545,1,255,0.0310705
515.411,1,254.5,0.0306389
516.277,1,254,0.0298798
517.143,1,253.5,0.0292001
518.009,1,253,0.0289168
518.875,1,252.5,0.0285401
519.741,1,252,0.0281693
520.607,1,251.5,0.0276012
521.473,1,251,0.0269105
522.339,1,250.5,0.0262263
523.205,1,250,0.0255689
524.071,1,249.5,0.0249807
524.937,1,249,0.0248281
525.803,1,248.5,0.0247058
526.669,1,248,0.0245965
527.535,1,247.5,0.0245283
528.401,1,247,0.0244497
529.267,1,246.5,0.0245053
530.133,1,246,0.0247811
530.999,1,245.5,0.0252752
531.865,1,245,0.0261999
532.731,1,244.5,0.0274858
533.597,1,244,0.0287024
534.463,1,243.5,0.0302765
535.329,1,243,0.0319769
536.195,1,242.5,0.0336088
537.061,1,242,0.0354168
537.928,1,241.5,0.0374193
538.794,1,241,0.0394813
539.66,1,240.5,0.0418659
540.526,1,240,0.04384
541.392,1,239.5,0.0455554
542.258,1,239,0.0469078
543.124,1,238.5,0.0476728
543.99,1,238,0.04802
544.856,1,237.5,0.0478686
545.722,1,237,0.0477186
546.588,1,236.5,0.047179
547.454,1,236,0.0467112
548.32,1,235.5,0.0465683
549.186,1,235,0.046861
550.052,1,234.5,0.0469453
550.918,1,234,0.0469422
551.784,1,233.5,0.0468428
552.65,1,233,0.0466471
553.516,1,232.5,0.0463551
554.382,1,232,0.0459835
555.248,1,231.5,0.0454505
556.114,1,231,0.0443948
556.98,1,230.5,0.0432367
557.846,1,230,0.0419764
558.712,1,229.5,0.0406137
559.578,1,229,0.0391488
560.444,1,228.5,0.0375815
561.31,1,228,0.0365425
562.176,1,227.5,0.0355481
563.042,1,227,0.0345176
563.908,1,226.5,0.033699
564.774,1,226,0.0330061
565.64,1,225.5,0.0324199
566.506,1,225,0.032305
567.372,1,224.5,0.0324569
568.238,1,224,0.0298987
569.104,1,223.5,0.0290627
569.97,1,223,0.0286009
570.836,1,222.5,0.0286321
571.703,1,222,0.0287668
572.569,1,221.5,0.0289165
573.435,1,221,0.0288619
574.301,1,220.5,0.0286567
575.167,1,220,0.0282047
576.033,1,219.5,0.0270585
576.899,1,219,0.0260657
577.765,1,218.5,0.0240081
578.631,1,218,0.0227844
579.497,1,217.5,0.0235775
580.363,1,217,0.0246461
581.229,1,216.5,0.0250696
582.095,1,216,0.0251147
582.961,1,215.5,0.0248476
583.827,1,215,0.0240082
584.693,1,214.5,0.023306
585.559,1,214,0.0232314
586.425,1,213.5,0.0249975
587.291,1,213,0.0270013
588.157,1,212.5,0.0279916
589.023,1,212,0.0287734
589.889,1,211.5,0.0285333
590.755,1,211,0.0274661
591.621,1,210.5,0.0275096
592.487,1,210,0.0275624
593.353,1,209.5,0.0277848
594.219,1,209,0.0263973
595.085,1,208.5,0.0257792
595.951,1,208,0.0255033
596.817,1,207.5,0.026212
597.683,1,207,0.0259878
598.549,1,206.5,0.0254425
599.415,1,206,0.0248716
600.281,1,205.5,0.0242953
601.147,1,205,0.0239473
602.013,1,204.5,0.0237176
602.879,1,204,0.0236061
603.745,1,203.5,0.0238817
604.611,1,203,0.024138
605.477,1,202.5,0.0243134
606.344,1,202,0.0243658
607.21,1,201.5,0.0243702
608.076,1,201,0.0243436
608.942,1,200.5,0.0244455
609.808,1,200,0.0244736
