x,y,z,b
90.1924,1,500,0.01243
91.0584,1,499.5,0.0124388
91.9244,1,499,0.0124518
92.7905,1,498.5,0.0124769
93.6565,1,498,0.0125008
94.5225,1,497.5,0.0125263
95.3885,1,497,0.0125602
96.2546,1,496.5,0.0125934
97.1206,1,496,0.0126285
97.9866,1,495.5,0.0126729
98.8526,1,495,0.0127172
99.7187,1,494.5,0.0127612
100.585,1,494,0.0128134
101.451,1,493.5,0.0128659
102.317,1,493,0.0129168
103.183,1,492.5,0.0129539
104.049,1,492,0.0129874
104.915,1,491.5,0.0130223
105.781,1,491,0.0130398
106.647,1,490.5,0.0130425
107.513,1,490,0.013044
108.379,1,489.5,0.0130416
109.245,1,489,0.0130341
110.111,1,488.5,0.0130264
110.977,1,488,0.0130144
111.843,1,487.5,0.0129898
112.709,1,487,0.0129644
113.575,1,486.5,0.0129363
114.441,1,486,0.0128932
115.307,1,485.5,0.0128491
116.173,1,485,0.0128043
117.039,1,484.5,0.0127505
117.905,1,484,0.0126955
118.771,1,483.5,0.0126399
119.637,1,483,0.0125896
120.503,1,482.5,0.0125412
121.369,1,482,0.0124944
122.235,1,481.5,0.0124557
123.101,1,481,0.0124258
123.967,1,480.5,0.0124009
124.833,1,480,0.0123948
125.699,1,479.5,0.0123986
126.565,1,479,0.0124001
127.431,1,478.5,0.0124043
128.297,1,478,0.0124146
129.164,1,477.5,0.0124246
130.03,1,477,0.0124396
130.896,1,476.5,0.012469
131.762,1,476,0.0124988
132.628,1,475.5,0.0125291
133.494,1,475,0.0125567
134.36,1,474.5,0.0125845
135.226,1,474,0.0125954
136.092,1,473.5,0.0125918
136.958,1,473,0.0125861
137.824,1,472.5,0.0125804
138.69,1,472,0.01257
139.556,1,471.5,0.0125617
140.422,1,471,0.01256
141.288,1,470.5,0.0125553
142.154,1,470,0.0125473
143.02,1,469.5,0.0125378
143.886,1,469,0.0125242
144.752,1,468.5,0.0125045
145.618,1,468,0.0124861
146.484,1,467.5,0.0124686
147.35,1,467,0.0124503
148.216,1,466.5,0.0124336
149.082,1,466,0.0124183
149.948,1,465.5,0.0124009
150.814,1,465,0.012382
151.68,1,464.5,0.0123616
152.546,1,464,0.0123378
153.412,1,463.5,0.0123125
154.278,1,463,0.0122949
155.144,1,462.5,0.0122774
156.01,1,462,0.0122597
156.876,1,461.5,0.0122422
157.742,1,461,0.0122232
158.608,1,460.5,0.0121966
159.474,1,460,0.0121634
160.34,1,459.5,0.0121289
161.206,1,459,0.0120924
162.072,1,458.5,0.0120565
162.939,1,458,0.0120239
163.805,1,457.5,0.0120102
164.671,1,457,0.011995
165.537,1,456.5,0.0119805
166.403,1,456,0.0119818
167.269,1,455.5,0.0119823
168.135,1,455,0.0119808
169.001,1,454.5,0.0119854
169.867,1,454,0.0119912
170.733,1,453.5,0.0119979
171.599,1,453,0.0120143
172.465,1,452.5,0.0120337
173.331,1,452,0.0120494
174.197,1,451.5,0.012076
175.063,1,451,0.0121091
175.929,1,450.5,0.012143
176.795,1,450,0.0121892
177.661,1,449.5,0.0122521
178.527,1,449,0.0123209
179.393,1,448.5,0.0124006
180.259,1,448,0.0124975
181.125,1,447.5,0.0125975
181.991,1,447,0.0126993
182.857,1,446.5,0.0127927
183.723,1,446,0.0128868
184.589,1,445.5,0.0129814
185.455,1,445,0.0130705
186.321,1,444.5,0.0131606
187.187,1,444,0.0132644
188.053,1,443.5,0.0133654
188.919,1,443,0.0134638
189.785,1,442.5,0.013561
190.651,1,442,0.0136523
191.517,1,441.5,0.0137378
192.383,1,441,0.0138128
193.249,1,440.5,0.0138879
194.115,1,440,0.0139626
194.981,1,439.5,0.014037
195.847,1,439,0.0141127
196.714,1,438.5,0.0141939
197.58,1,438,0.0142726
198.446,1,437.5,0.014348
199.312,1,437,0.0144227
200.178,1,436.5,0.0144936
201.044,1,436,0.0145621
201.91,1,435.5,0.0146353
202.776,1,435,0.014708
203.642,1,434.5,0.0147801
204.508,1,434,0.0148557
205.374,1,433.5,0.0149314
206.24,1,433,0.0150116
207.106,1,432.5,0.0150901
207.972,1,432,0.0151678
208.838,1,431.5,0.0152454
209.704,1,431,0.0153121
210.57,1,430.5,0.0153717
211.436,1,430,0.0154291
212.302,1,429.5,0.0154722
213.168,1,429,0.0154978
214.034,1,428.5,0.0155206
214.9,1,428,0.0155351
215.766,1,427.5,0.0155339
216.632,1,427,0.015531
217.498,1,426.5,0.0155251
218.364,1,426,0.0155096
219.23,1,425.5,0.0154933
220.096,1,425,0.0154782
220.962,1,424.5,0.0154501
221.828,1,424,0.0154199
222.694,1,423.5,0.0153879
223.56,1,423,0.0153309
224.426,1,422.5,0.0152665
225.292,1,422,0.0152011
226.158,1,421.5,0.0151236
227.024,1,421,0.0150407
227.89,1,420.5,0.0149581
228.756,1,420,0.0148741
229.622,1,419.5,0.0147837
230.488,1,419,0.0146857
231.355,1,418.5,0.0145857
232.221,1,418,0.0144842
233.087,1,417.5,0.014383
233.953,1,417,0.0142821
234.819,1,416.5,0.0141804
235.685,1,416,0.014082
236.551,1,415.5,0.0139869
237.417,1,415,0.0138944
238.283,1,414.5,0.0138064
239.149,1,414,0.0137212
240.015,1,413.5,0.0136339
240.881,1,413,0.0135473
241.747,1,412.5,0.0134617
242.613,1,412,0.0133764
243.479,1,411.5,0.0132927
244.345,1,411,0.0132191
245.211,1,410.5,0.0131465
246.077,1,410,0.0130743
246.943,1,409.5,0.0130003
247.809,1,409,0.0129287
248.675,1,408.5,0.0128532
249.541,1,408,0.0127697
250.407,1,407.5,0.0126878
251.273,1,407,0.0126152
252.139,1,406.5,0.0125413
253.005,1,406,0.0124656
253.871,1,405.5,0.0123867
254.737,1,405,0.0123057
255.603,1,404.5,0.0122227
256.469,1,404,0.0121288
257.335,1,403.5,0.0120331
258.201,1,403,0.0119458
259.067,1,402.5,0.011834
259.933,1,402,0.0117109
260.799,1,401.5,0.0115846
261.665,1,401,0.0114291
262.531,1,400.5,0.0112543
263.397,1,400,0.011069
264.263,1,399.5,0.0108694
265.13,1,399,0.0106586
265.996,1,398.5,0.0104585
266.862,1,398,0.0102547
267.728,1,397.5,0.0100178
268.594,1,397,0.00979717
269.46,1,396.5,0.00961524
270.326,1,396,0.00955055
271.192,1,395.5,0.00951033
272.058,1,395,0.0094993
272.924,1,394.5,0.00958878
273.79,1,394,0.00968022
274.656,1,393.5,0.00977256
275.522,1,393,0.00988922
276.388,1,392.5,0.0100099
277.254,1,392,0.010144
278.12,1,391.5,0.0103313
278.986,1,391,0.0105375
279.852,1,390.5,0.0107404
280.718,1,390,0.010972
281.584,1,389.5,0.0112234
282.45,1,389,0.0114664
283.316,1,388.5,0.0117161
284.182,1,388,0.0119828
285.048,1,387.5,0.0122454
285.914,1,387,0.0125093
286.78,1,386.5,0.0128106
287.646,1,386,0.0131286
288.512,1,385.5,0.0134615
289.378,1,385,0.013811
290.244,1,384.5,0.0141615
291.11,1,384,0.0145209
291.976,1,383.5,0.0149684
292.842,1,383,0.0154013
293.708,1,382.5,0.0158093
294.574,1,382,0.0161687
295.44,1,381.5,0.0165038
296.306,1,381,0.0168092
297.172,1,380.5,0.0171764
298.038,1,380,0.0179045
298.905,1,379.5,0.0182726
299.771,1,379,0.0187023
300.637,1,378.5,0.0190342
301.503,1,378,0.0194804
302.369,1,377.5,0.0191485
303.235,1,377,0.0188158
304.101,1,376.5,0.0186257
304.967,1,376,0.0186113
305.833,1,375.5,0.0184839
306.699,1,375,0.0184088
307.565,1,374.5,0.0184045
308.431,1,374,0.0183921
309.297,1,373.5,0.0185905
310.163,1,373,0.0188596
311.029,1,372.5,0.019108
311.895,1,372,0.0190685
312.761,1,371.5,0.0189913
313.627,1,371,0.0187966
314.493,1,370.5,0.0184001
315.359,1,370,0.017996
316.225,1,369.5,0.0176052
317.091,1,369,0.0174169
317.957,1,368.5,0.0173039
318.823,1,368,0.0175574
319.689,1,367.5,0.0177414
320.555,1,367,0.0179719
321.421,1,366.5,0.0190725
322.287,1,366,0.0204435
323.153,1,365.5,0.0215003
324.019,1,365,0.0224178
324.885,1,364.5,0.0234792
325.751,1,364,0.025025
326.617,1,363.5,0.0263459
327.483,1,363,0.0276284
328.349,1,362.5,0.0289335
329.215,1,362,0.0294374
330.081,1,361.5,0.0296483
330.947,1,361,0.0297176
331.813,1,360.5,0.0281641
332.679,1,360,0.0284018
333.546,1,359.5,0.0285988
334.412,1,359,0.0287553
335.278,1,358.5,0.0288713
336.144,1,358,0.0289543
337.01,1,357.5,0.0297693
337.876,1,357,0.0306233
338.742,1,356.5,0.0312932
339.608,1,356,0.0312317
340.474,1,355.5,0.0309589
341.34,1,355,0.0298895
342.206,1,354.5,0.0289631
343.072,1,354,0.0282338
343.938,1,353.5,0.0276801
344.804,1,353,0.0269201
345.67,1,352.5,0.0259496
346.536,1,352,0.0248962
347.402,1,351.5,0.0236552
348.268,1,351,0.0229798
349.134,1,350.5,0.0229694
350,1,350,0.0227962
350.866,1,349.5,0.0200596
351.732,1,349,0.0191077
352.598,1,348.5,0.0198478
353.464,1,348,0.0201721
354.33,1,347.5,0.0211075
355.196,1,347,0.0211287
356.062,1,346.5,0.0221717
356.928,1,346,0.0244147
357.794,1,345.5,0.0270023
358.66,1,345,0.0290985
359.526,1,344.5,0.0300696
360.392,1,344,0.0311054
361.258,1,343.5,0.032067
362.124,1,343,0.0329987
362.99,1,342.5,0.0346578
363.856,1,342,0.0364221
364.722,1,341.5,0.0381232
365.588,1,341,0.0386981
366.454,1,340.5,0.0386651
367.321,1,340,0.0381759
368.187,1,339.5,0.0376333
369.053,1,339,0.0373146
369.919,1,338.5,0.0375199
370.785,1,338,0.0381201
371.651,1,337.5,0.0384047
372.517,1,337,0.0384702
373.383,1,336.5,0.0385746
374.249,1,336,0.0387116
375.115,1,335.5,0.0387766
375.981,1,335,0.0387725
376.847,1,334.5,0.0394295
377.713,1,334,0.0399304
378.579,1,333.5,0.0402588
379.445,1,333,0.0398163
380.311,1,332.5,0.0391306
381.177,1,332,0.038538
382.043,1,331.5,0.0382279
382.909,1,331,0.0377838
383.775,1,330.5,0.0371696
384.641,1,330,0.0371976
385.507,1,329.5,0.0377236
386.373,1,329,0.0382661
387.239,1,328.5,0.0384498
388.105,1,328,0.0386885
388.971,1,327.5,0.0384763
389.837,1,327,0.0384919
390.703,1,326.5,0.0390112
391.569,1,326,0.0403456
392.435,1,325.5,0.0420442
393.301,1,325,0.0444826
394.167,1,324.5,0.046284
395.033,1,324,0.0479749
395.899,1,323.5,0.0493135
396.765,1,323,0.0506213
397.631,1,322.5,0.051752
398.497,1,322,0.0529183
399.363,1,321.5,0.053803
400.229,1,321,0.0545628
401.095,1,320.5,0.0552636
401.962,1,320,0.0559006
402.828,1,319.5,0.0564408
403.694,1,319,0.0568829
404.56,1,318.5,0.0572615
405.426,1,318,0.057621
406.292,1,317.5,0.0580137
407.158,1,317,0.0586558
408.024,1,316.5,0.0593786
408.89,1,316,0.0597726
409.756,1,315.5,0.060209
410.622,1,315,0.0604212
411.488,1,314.5,0.060665
412.354,1,314,0.0611839
413.22,1,313.5,0.0618018
414.086,1,313,0.0625188
414.952,1,312.5,0.064101
415.818,1,312,0.0662749
416.684,1,311.5,0.0689063
417.55,1,311,0.0714569
418.416,1,310.5,0.0738317
419.282,1,310,0.0766578
420.148,1,309.5,0.0798895
421.014,1,309,0.0831223
421.88,1,308.5,0.0879736
422.746,1,308,0.0911547
423.612,1,307.5,0.0932898
424.478,1,307,0.0950023
425.344,1,306.5,0.0953072
426.21,1,306,0.0952641
427.076,1,305.5,0.0955395
427.942,1,305,0.0957601
428.808,1,304.5,0.0954429
429.674,1,304,0.0941639
430.54,1,303.5,0.0942891
431.406,1,303,0.0951563
432.272,1,302.5,0.0965519
433.138,1,302,0.0975145
434.004,1,301.5,0.098417
434.87,1,301,0.0983636
435.737,1,300.5,0.0988735
436.603,1,300,0.0969391
437.469,1,299.5,0.0915464
438.335,1,299,0.0803488
439.201,1,298.5,0.0729374
440.067,1,298,0.0714376
440.933,1,297.5,0.0731805
441.799,1,297,0.0748233
442.665,1,296.5,0.0747427
443.531,1,296,0.073544
444.397,1,295.5,0.0778653
445.263,1,295,0.0823541
446.129,1,294.5,0.0820525
446.995,1,294,0.0810829
447.861,1,293.5,0.0803561
448.727,1,293,0.0800061
449.593,1,292.5,0.0799458
450.459,1,292,0.0791684
451.325,1,291.5,0.0781528
452.191,1,291,0.0776383
453.057,1,290.5,0.0783287
453.923,1,290,0.0777858
454.789,1,289.5,0.0801682
455.655,1,289,0.0813955
456.521,1,288.5,0.0825157
457.387,1,288,0.0834362
458.253,1,287.5,0.0841532
459.119,1,287,0.0834242
459.985,1,286.5,0.0834628
460.851,1,286,0.0835665
461.717,1,285.5,0.0775659
462.583,1,285,0.067178
463.449,1,284.5,0.0600059
464.315,1,284,0.0534498
465.181,1,283.5,0.0530506
466.047,1,283,0.0526728
466.913,1,282.5,0.0524795
467.779,1,282,0.0521984
468.645,1,281.5,0.0508949
469.512,1,281,0.0487586
470.378,1,280.5,0.0437931
471.244,1,280,0.0375093
472.11,1,279.5,0.0299481
472.976,1,279,0.0252113
473.842,1,278.5,0.0217251
474.708,1,278,0.0194421
475.574,1,277.5,0.01776
476.44,1,277,0.0166351
477.306,1,276.5,0.0188209
478.172,1,276,0.0213726
479.038,1,275.5,0.020491
479.904,1,275,0.0184276
480.77,1,274.5,0.0197445
481.636,1,274,0.0221256
482.502,1,273.5,0.0240855
483.368,1,273,0.0198323
484.234,1,272.5,0.0210478
485.1,1,272,0.0218979
485.966,1,271.5,0.023323
486.832,1,271,0.0268016
487.698,1,270.5,0.0325342
488.564,1,270,0.0333333
489.43,1,269.5,0.0329526
490.296,1,269,0.0278947
491.162,1,268.5,0.0267102
492.028,1,268,0.0281921
492.894,1,267.5,0.029623
493.76,1,267,0.0295077
494.626,1,266.5,0.0289835
495.492,1,266,0.0279511
496.358,1,265.5,0.0263082
497.224,1,265,0.0253346
498.09,1,264.5,0.0256572
498.956,1,264,0.0278065
499.822,1,263.5,0.030395
500.688,1,263,0.0306034
501.554,1,262.5,0.0291801
502.42,1,262,0.0274723
503.286,1,261.5,0.0263039
504.153,1,261,0.0258023
505.019,1,260.5,0.0255024
505.885,1,260,0.0231817
506.751,1,259.5,0.0207165
507.617,1,259,0.018021
508.483,1,258.5,0.0177022
509.349,1,258,0.017923
510.215,1,257.5,0.0172539
511.081,1,257,0.0172545
511.947,1,256.5,0.0170899
512.813,1,256,0.0166581
513.679,1,255.5,0.0170623
514.545,1,255,0.0175493
515.411,1,254.5,0.0180584
516.277,1,254,0.018399
517.143,1,253.5,0.018744
518.009,1,253,0.0190973
518.875,1,252.5,0.0190181
519.741,1,252,0.0188498
520.607,1,251.5,0.0186786
521.473,1,251,0.0182904
522.339,1,250.5,0.0177573
523.205,1,250,0.0171512
524.071,1,249.5,0.0165564
524.937,1,249,0.0160202
525.803,1,248.5,0.015466
526.669,1,248,0.0150172
527.535,1,247.5,0.014786
528.401,1,247,0.0145052
529.267,1,246.5,0.0142419
530.133,1,246,0.0141266
530.999,1,245.5,0.0140196
531.865,1,245,0.0139222
532.731,1,244.5,0.0138533
533.597,1,244,0.013772
534.463,1,243.5,0.0136951
535.329,1,243,0.013644
536.195,1,242.5,0.0136011
537.061,1,242,0.0135636
537.928,1,241.5,0.0135299
538.794,1,241,0.0135056
539.66,1,240.5,0.0134895
540.526,1,240,0.0134861
541.392,1,239.5,0.0134958
542.258,1,239,0.0135209
543.124,1,238.5,0.0135526
543.99,1,238,0.0135817
544.856,1,237.5,0.0136145
545.722,1,237,0.0136411
546.588,1,236.5,0.0136384
547.454,1,236,0.0136385
548.32,1,235.5,0.0136365
549.186,1,235,0.0136188
550.052,1,234.5,0.0135992
550.918,1,234,0.0135776
551.784,1,233.5,0.0135303
552.65,1,233,0.0134764
553.516,1,232.5,0.0134236
554.382,1,232,0.0133668
555.248,1,231.5,0.0133078
556.114,1,231,0.0132481
556.98,1,230.5,0.0132076
557.846,1,230,0.013178
558.712,1,229.5,0.013148
559.578,1,229,0.0131277
560.444,1,228.5,0.013119
561.31,1,228,0.0131168
562.176,1,227.5,0.0131221
563.042,1,227,0.0131359
563.908,1,226.5,0.0131483
564.774,1,226,0.0131619
565.64,1,225.5,0.0131891
566.506,1,225,0.0132163
567.372,1,224.5,0.0132414
568.238,1,224,0.0132804
569.104,1,223.5,0.0133166
569.97,1,223,0.0133497
570.836,1,222.5,0.0133804
571.703,1,222,0.0134071
572.569,1,221.5,0.0134308
573.435,1,221,0.013451
574.301,1,220.5,0.0134689
575.167,1,220,0.013484
576.033,1,219.5,0.0134945
576.899,1,219,0.0135026
577.765,1,218.5,0.0135076
578.631,1,218,0.0135024
579.497,1,217.5,0.0134822
580.363,1,217,0.013481
581.229,1,216.5,0.0134812
582.095,1,216,0.0134719
582.961,1,215.5,0.0134624
583.827,1,215,0.0134526
584.693,1,214.5,0.0134422
585.559,1,214,0.0134398
586.425,1,213.5,0.013436
587.291,1,213,0.0134226
588.157,1,212.5,0.0134065
589.023,1,212,0.0133886
589.889,1,211.5,0.0133698
590.755,1,211,0.0133503
591.621,1,210.5,0.0133304
592.487,1,210,0.0133117
593.353,1,209.5,0.0132945
594.219,1,209,0.0132766
595.085,1,208.5,0.0132587
595.951,1,208,0.0132428
596.817,1,207.5,0.0132268
597.683,1,207,0.0132113
598.549,1,206.5,0.0131981
599.415,1,206,0.0131945
600.281,1,205.5,0.0131927
601.147,1,205,0.0131934
602.013,1,204.5,0.0131943
602.879,1,204,0.0131955
603.745,1,203.5,0.0131943
604.611,1,203,0.0131877
605.477,1,202.5,0.0131804
606.344,1,202,0.0131731
607.21,1,201.5,0.0131653
608.076,1,201,0.0131568
608.942,1,200.5,0.0131453
609.808,1,200,0.013135
