x,y,z,b
90.1924,1,500,0.0139937
91.0584,1,499.5,0.0139728
91.9244,1,499,0.0139403
92.7905,1,498.5,0.0138644
93.6565,1,498,0.013789
94.5225,1,497.5,0.0137067
95.3885,1,497,0.0135966
96.2546,1,496.5,0.0134864
97.1206,1,496,0.0134106
97.9866,1,495.5,0.0133273
98.8526,1,495,0.0132322
99.7187,1,494.5,0.0131252
100.585,1,494,0.0129936
101.451,1,493.5,0.0128406
102.317,1,493,0.012671
103.183,1,492.5,0.0125318
104.049,1,492,0.0124254
104.915,1,491.5,0.0123484
105.781,1,491,0.0123093
106.647,1,490.5,0.012219
107.513,1,490,0.0120615
108.379,1,489.5,0.011902
109.245,1,489,0.0117826
110.111,1,488.5,0.0116871
110.977,1,488,0.0116665
111.843,1,487.5,0.0118626
112.709,1,487,0.0120276
113.575,1,486.5,0.0121627
114.441,1,486,0.0122593
115.307,1,485.5,0.0122924
116.173,1,485,0.012236
117.039,1,484.5,0.0122427
117.905,1,484,0.0123358
118.771,1,483.5,0.0125145
119.637,1,483,0.0128287
120.503,1,482.5,0.0131376
121.369,1,482,0.0130716
122.235,1,481.5,0.0129215
123.101,1,481,0.0126903
123.967,1,480.5,0.0123772
124.833,1,480,0.0119938
125.699,1,479.5,0.0121707
126.565,1,479,0.0125205
127.431,1,478.5,0.0128714
128.297,1,478,0.0132046
129.164,1,477.5,0.0134951
130.03,1,477,0.0135713
130.896,1,476.5,0.0132357
131.762,1,476,0.0129231
132.628,1,475.5,0.0126341
133.494,1,475,0.0124139
134.36,1,474.5,0.0122438
135.226,1,474,0.0124489
136.092,1,473.5,0.012734
136.958,1,473,0.0129513
137.824,1,472.5,0.0130897
138.69,1,472,0.0131648
139.556,1,471.5,0.0131607
140.422,1,471,0.0131897
141.288,1,470.5,0.0132969
142.154,1,470,0.0134786
143.02,1,469.5,0.0137362
143.886,1,469,0.0140545
144.752,1,468.5,0.0140307
145.618,1,468,0.0139132
146.484,1,467.5,0.0137382
147.35,1,467,0.0135081
148.216,1,466.5,0.0132474
149.082,1,466,0.0131698
149.948,1,465.5,0.013402
150.814,1,465,0.01364
151.68,1,464.5,0.0138838
152.546,1,464,0.0141381
153.412,1,463.5,0.0143796
154.278,1,463,0.0142311
155.144,1,462.5,0.0140725
156.01,1,462,0.0139535
156.876,1,461.5,0.0138773
157.742,1,461,0.013859
158.608,1,460.5,0.0140006
159.474,1,460,0.0142244
160.34,1,459.5,0.0143933
161.206,1,459,0.0145094
162.072,1,458.5,0.0145913
162.939,1,458,0.0146356
163.805,1,457.5,0.0146222
164.671,1,457,0.0146351
165.537,1,456.5,0.0146728
166.403,1,456,0.014722
167.269,1,455.5,0.0147906
168.135,1,455,0.0148706
169.001,1,454.5,0.0149262
169.867,1,454,0.0149667
170.733,1,453.5,0.0149923
171.599,1,453,0.0150161
172.465,1,452.5,0.01504
173.331,1,452,0.0150929
174.197,1,451.5,0.0151472
175.063,1,451,0.015201
175.929,1,450.5,0.0152486
176.795,1,450,0.0152988
177.661,1,449.5,0.0153697
178.527,1,449,0.0154411
179.393,1,448.5,0.0155078
180.259,1,448,0.0155817
181.125,1,447.5,0.0156557
181.991,1,447,0.0157374
182.857,1,446.5,0.0158581
183.723,1,446,0.0159695
184.589,1,445.5,0.0160716
185.455,1,445,0.0161686
186.321,1,444.5,0.0162638
187.187,1,444,0.0164026
188.053,1,443.5,0.0165568
188.919,1,443,0.016705
189.785,1,442.5,0.0168474
190.651,1,442,0.0169558
191.517,1,441.5,0.0170263
192.383,1,441,0.0170504
193.249,1,440.5,0.0170653
194.115,1,440,0.0170702
194.981,1,439.5,0.0170773
195.847,1,439,0.017081
196.714,1,438.5,0.0170795
197.58,1,438,0.0170802
198.446,1,437.5,0.0170779
199.312,1,437,0.0170628
200.178,1,436.5,0.0170504
201.044,1,436,0.0170266
201.91,1,435.5,0.0169552
202.776,1,435,0.0168929
203.642,1,434.5,0.0168397
204.508,1,434,0.0167793
205.374,1,433.5,0.016723
206.24,1,433,0.016658
207.106,1,432.5,0.0165849
207.972,1,432,0.0165098
208.838,1,431.5,0.0164343
209.704,1,431,0.016356
210.57,1,430.5,0.0162724
211.436,1,430,0.0161881
212.302,1,429.5,0.0161015
213.168,1,429,0.0160102
214.034,1,428.5,0.0159141
214.9,1,428,0.0158123
215.766,1,427.5,0.0156763
216.632,1,427,0.015527
217.498,1,426.5,0.0153671
218.364,1,426,0.0151864
219.23,1,425.5,0.0149918
220.096,1,425,0.0147919
220.962,1,424.5,0.0145818
221.828,1,424,0.0143686
222.694,1,423.5,0.0141525
223.56,1,423,0.0139402
224.426,1,422.5,0.0137357
225.292,1,422,0.0135998
226.158,1,421.5,0.013486
227.024,1,421,0.0133967
227.89,1,420.5,0.0133271
228.756,1,420,0.0133182
229.622,1,419.5,0.0134005
230.488,1,419,0.0135251
231.355,1,418.5,0.0136655
232.221,1,418,0.013829
233.087,1,417.5,0.0139915
233.953,1,417,0.0141506
234.819,1,416.5,0.0141719
235.685,1,416,0.0141799
236.551,1,415.5,0.0141753
237.417,1,415,0.0141251
238.283,1,414.5,0.0140671
239.149,1,414,0.0139714
240.015,1,413.5,0.0137755
240.881,1,413,0.0135527
241.747,1,412.5,0.0133108
242.613,1,412,0.0130121
243.479,1,411.5,0.0127001
244.345,1,411,0.0124959
245.211,1,410.5,0.0122995
246.077,1,410,0.012121
246.943,1,409.5,0.0119731
247.809,1,409,0.0119038
248.675,1,408.5,0.0117774
249.541,1,408,0.0115539
250.407,1,407.5,0.0113651
251.273,1,407,0.0112525
252.139,1,406.5,0.0111662
253.005,1,406,0.0111476
253.871,1,405.5,0.0115245
254.737,1,405,0.0119441
255.603,1,404.5,0.0124063
256.469,1,404,0.0129802
257.335,1,403.5,0.0135834
258.201,1,403,0.0143007
259.067,1,402.5,0.0149072
259.933,1,402,0.0154333
260.799,1,401.5,0.0159318
261.665,1,401,0.0163174
262.531,1,400.5,0.0166075
263.397,1,400,0.0167675
264.263,1,399.5,0.0169921
265.13,1,399,0.0172794
265.996,1,398.5,0.017641
266.862,1,398,0.018072
267.728,1,397.5,0.0186564
268.594,1,397,0.0193067
269.46,1,396.5,0.0199586
270.326,1,396,0.020499
271.192,1,395.5,0.021001
272.058,1,395,0.0213601
272.924,1,394.5,0.0213134
273.79,1,394,0.0211708
274.656,1,393.5,0.0209325
275.522,1,393,0.0207792
276.388,1,392.5,0.0206736
277.254,1,392,0.0208906
278.12,1,391.5,0.0214353
278.986,1,391,0.0222119
279.852,1,390.5,0.0231801
280.718,1,390,0.0242786
281.584,1,389.5,0.0253812
282.45,1,389,0.0263489
283.316,1,388.5,0.0275708
284.182,1,388,0.0286267
285.048,1,387.5,0.0301886
285.914,1,387,0.0318838
286.78,1,386.5,0.0337124
287.646,1,386,0.0353148
288.512,1,385.5,0.0367732
289.378,1,385,0.0378991
290.244,1,384.5,0.0390409
291.11,1,384,0.0401984
291.976,1,383.5,0.0413716
292.842,1,383,0.042334
293.708,1,382.5,0.042835
294.574,1,382,0.0434117
295.44,1,381.5,0.044064
296.306,1,381,0.0447919
297.172,1,380.5,0.0455955
298.038,1,380,0.0463378
298.905,1,379.5,0.0460271
299.771,1,379,0.0458257
300.637,1,378.5,0.0457377
301.503,1,378,0.045763
302.369,1,377.5,0.0459015
303.235,1,377,0.0461533
304.101,1,376.5,0.0464603
304.967,1,376,0.0467843
305.833,1,375.5,0.0471398
306.699,1,375,0.0475269
307.565,1,374.5,0.0478954
308.431,1,374,0.0481338
309.297,1,373.5,0.0483547
310.163,1,373,0.0485004
311.029,1,372.5,0.048709
311.895,1,372,0.0489805
312.761,1,371.5,0.0493148
313.627,1,371,0.0497121
314.493,1,370.5,0.0501353
315.359,1,370,0.0498069
316.225,1,369.5,0.0494521
317.091,1,369,0.0488277
317.957,1,368.5,0.0475672
318.823,1,368,0.0462994
319.689,1,367.5,0.0450242
320.555,1,367,0.0439552
321.421,1,366.5,0.0429544
322.287,1,366,0.040299
323.153,1,365.5,0.0409204
324.019,1,365,0.0398871
324.885,1,364.5,0.0388431
325.751,1,364,0.0380608
326.617,1,363.5,0.0379368
327.483,1,363,0.038166
328.349,1,362.5,0.0384063
329.215,1,362,0.0386577
330.081,1,361.5,0.03892
330.947,1,361,0.0391806
331.813,1,360.5,0.0392638
332.679,1,360,0.0392215
333.546,1,359.5,0.0390538
334.412,1,359,0.0387607
335.278,1,358.5,0.0383421
336.144,1,358,0.0379686
337.01,1,357.5,0.0385387
337.876,1,357,0.0391451
338.742,1,356.5,0.0395803
339.608,1,356,0.040086
340.474,1,355.5,0.0401773
341.34,1,355,0.0398582
342.206,1,354.5,0.0398045
343.072,1,354,0.0399627
343.938,1,353.5,0.0401721
344.804,1,353,0.040519
345.67,1,352.5,0.0405425
346.536,1,352,0.0399244
347.402,1,351.5,0.0388213
348.268,1,351,0.0381554
349.134,1,350.5,0.0385879
350,1,350,0.039524
350.866,1,349.5,0.0401818
351.732,1,349,0.0406656
352.598,1,348.5,0.040931
353.464,1,348,0.0413726
354.33,1,347.5,0.0416586
355.196,1,347,0.0420668
356.062,1,346.5,0.0421971
356.928,1,346,0.0422412
357.794,1,345.5,0.0423751
358.66,1,345,0.0436705
359.526,1,344.5,0.044194
360.392,1,344,0.0448471
361.258,1,343.5,0.0456629
362.124,1,343,0.0468047
362.99,1,342.5,0.0482037
363.856,1,342,0.049992
364.722,1,341.5,0.0518241
365.588,1,341,0.0536632
366.454,1,340.5,0.0544424
367.321,1,340,0.0548014
368.187,1,339.5,0.0547654
369.053,1,339,0.0541867
369.919,1,338.5,0.0532665
370.785,1,338,0.0514057
371.651,1,337.5,0.0507131
372.517,1,337,0.050642
373.383,1,336.5,0.0505904
374.249,1,336,0.0509011
375.115,1,335.5,0.0517987
375.981,1,335,0.0518849
376.847,1,334.5,0.052291
377.713,1,334,0.0527065
378.579,1,333.5,0.0531232
379.445,1,333,0.0540853
380.311,1,332.5,0.0552398
381.177,1,332,0.0564477
382.043,1,331.5,0.0599493
382.909,1,331,0.0645383
383.775,1,330.5,0.0691524
384.641,1,330,0.0732949
385.507,1,329.5,0.077064
386.373,1,329,0.0829906
387.239,1,328.5,0.0826508
388.105,1,328,0.0824436
388.971,1,327.5,0.082756
389.837,1,327,0.0833338
390.703,1,326.5,0.083683
391.569,1,326,0.0840202
392.435,1,325.5,0.0844581
393.301,1,325,0.0847406
394.167,1,324.5,0.0849914
395.033,1,324,0.08521
395.899,1,323.5,0.085793
396.765,1,323,0.0864286
397.631,1,322.5,0.0870757
398.497,1,322,0.0878345
399.363,1,321.5,0.0885681
400.229,1,321,0.0890631
401.095,1,320.5,0.0894005
401.962,1,320,0.0897776
402.828,1,319.5,0.0902111
403.694,1,319,0.0906695
404.56,1,318.5,0.0910018
405.426,1,318,0.0904241
406.292,1,317.5,0.0899633
407.158,1,317,0.0898405
408.024,1,316.5,0.089735
408.89,1,316,0.0897545
409.756,1,315.5,0.0906315
410.622,1,315,0.0910961
411.488,1,314.5,0.0910774
412.354,1,314,0.0917122
413.22,1,313.5,0.0920236
414.086,1,313,0.0903825
414.952,1,312.5,0.0868427
415.818,1,312,0.0859001
416.684,1,311.5,0.0855227
417.55,1,311,0.0837634
418.416,1,310.5,0.0844419
419.282,1,310,0.0840022
420.148,1,309.5,0.082287
421.014,1,309,0.0821969
421.88,1,308.5,0.0803343
422.746,1,308,0.0804058
423.612,1,307.5,0.0817508
424.478,1,307,0.0807575
425.344,1,306.5,0.083621
426.21,1,306,0.0847783
427.076,1,305.5,0.0840356
427.942,1,305,0.0860706
428.808,1,304.5,0.0874937
429.674,1,304,0.0886454
430.54,1,303.5,0.0869554
431.406,1,303,0.0805623
432.272,1,302.5,0.0760497
433.138,1,302,0.0732337
434.004,1,301.5,0.0728996
434.87,1,301,0.0755004
435.737,1,300.5,0.0785667
436.603,1,300,0.07996
437.469,1,299.5,0.0816985
438.335,1,299,0.0836686
439.201,1,298.5,0.0846939
440.067,1,298,0.084746
440.933,1,297.5,0.0845907
441.799,1,297,0.0841466
442.665,1,296.5,0.0844953
443.531,1,296,0.0856955
444.397,1,295.5,0.0865536
445.263,1,295,0.0875646
446.129,1,294.5,0.0885069
446.995,1,294,0.0885402
447.861,1,293.5,0.0878384
448.727,1,293,0.0874549
449.593,1,292.5,0.0877486
450.459,1,292,0.0877298
451.325,1,291.5,0.088136
452.191,1,291,0.0885176
453.057,1,290.5,0.0887919
453.923,1,290,0.089926
454.789,1,289.5,0.0910781
455.655,1,289,0.0918326
456.521,1,288.5,0.0913991
457.387,1,288,0.0900084
458.253,1,287.5,0.085942
459.119,1,287,0.0816713
459.985,1,286.5,0.0791047
460.851,1,286,0.0788157
461.717,1,285.5,0.0784433
462.583,1,285,0.077152
463.449,1,284.5,0.072313
464.315,1,284,0.0669244
465.181,1,283.5,0.0640285
466.047,1,283,0.0569738
466.913,1,282.5,0.0456485
467.779,1,282,0.0398787
468.645,1,281.5,0.0404626
469.512,1,281,0.0376103
470.378,1,280.5,0.036607
471.244,1,280,0.0364429
472.11,1,279.5,0.0366416
472.976,1,279,0.0368683
473.842,1,278.5,0.037107
474.708,1,278,0.0374192
475.574,1,277.5,0.0378547
476.44,1,277,0.0383095
477.306,1,276.5,0.0386409
478.172,1,276,0.0386294
479.038,1,275.5,0.038601
479.904,1,275,0.0385738
480.77,1,274.5,0.0393471
481.636,1,274,0.0404652
482.502,1,273.5,0.0406026
483.368,1,273,0.040763
484.234,1,272.5,0.04094
485.1,1,272,0.0411005
485.966,1,271.5,0.0412477
486.832,1,271,0.0413817
487.698,1,270.5,0.0413591
488.564,1,270,0.0410624
489.43,1,269.5,0.0406792
490.296,1,269,0.0407777
491.162,1,268.5,0.0409271
492.028,1,268,0.0411134
492.894,1,267.5,0.0407069
493.76,1,267,0.0400843
494.626,1,266.5,0.0389069
495.492,1,266,0.0377782
496.358,1,265.5,0.0366496
497.224,1,265,0.036141
498.09,1,264.5,0.0356863
498.956,1,264,0.0352854
499.822,1,263.5,0.0348137
500.688,1,263,0.0343303
501.554,1,262.5,0.0338824
502.42,1,262,0.0334159
503.286,1,261.5,0.032983
504.153,1,261,0.0326814
505.019,1,260.5,0.03249
505.885,1,260,0.0321071
506.751,1,259.5,0.0315946
507.617,1,259,0.0313336
508.483,1,258.5,0.0316803
509.349,1,258,0.0319532
510.215,1,257.5,0.0316908
511.081,1,257,0.0318888
511.947,1,256.5,0.0318687
512.813,1,256,0.0319776
513.679,1,255.5,0.031467
514.545,1,255,0.0308431
515.411,1,254.5,0.0305197
516.277,1,254,0.0296835
517.143,1,253.5,0.0290922
518.009,1,253,0.0290242
518.875,1,252.5,0.0289128
519.741,1,252,0.0285181
520.607,1,251.5,0.0279812
521.473,1,251,0.0271257
522.339,1,250.5,0.0263701
523.205,1,250,0.0257642
524.071,1,249.5,0.0252764
524.937,1,249,0.0251006
525.803,1,248.5,0.0249597
526.669,1,248,0.0248585
527.535,1,247.5,0.0247959
528.401,1,247,0.0247332
529.267,1,246.5,0.0247851
530.133,1,246,0.0249907
530.999,1,245.5,0.0253352
531.865,1,245,0.0260074
532.731,1,244.5,0.0269075
533.597,1,244,0.0278404
534.463,1,243.5,0.0289451
535.329,1,243,0.0303278
536.195,1,242.5,0.0319226
537.061,1,242,0.033796
537.928,1,241.5,0.0356782
538.794,1,241,0.0379745
539.66,1,240.5,0.0403404
540.526,1,240,0.0426029
541.392,1,239.5,0.0447083
542.258,1,239,0.0464727
543.124,1,238.5,0.0477803
543.99,1,238,0.0483686
544.856,1,237.5,0.0484597
545.722,1,237,0.0485828
546.588,1,236.5,0.0483464
547.454,1,236,0.0481123
548.32,1,235.5,0.048001
549.186,1,235,0.0477004
550.052,1,234.5,0.0478041
550.918,1,234,0.0477406
551.784,1,233.5,0.0475871
552.65,1,233,0.0473437
553.516,1,232.5,0.0470103
554.382,1,232,0.0466174
555.248,1,231.5,0.0460932
556.114,1,231,0.0450886
556.98,1,230.5,0.0439752
557.846,1,230,0.042753
558.712,1,229.5,0.0414221
559.578,1,229,0.0399824
560.444,1,228.5,0.038434
561.31,1,228,0.0371855
562.176,1,227.5,0.0359326
563.042,1,227,0.0346237
563.908,1,226.5,0.0335187
564.774,1,226,0.0325998
565.64,1,225.5,0.0318508
566.506,1,225,0.031783
567.372,1,224.5,0.0320854
568.238,1,224,0.0298405
569.104,1,223.5,0.0290957
569.97,1,223,0.0286262
570.836,1,222.5,0.028655
571.703,1,222,0.0288119
572.569,1,221.5,0.0289943
573.435,1,221,0.0289653
574.301,1,220.5,0.0287782
575.167,1,220,0.0283566
576.033,1,219.5,0.0272366
576.899,1,219,0.0261793
577.765,1,218.5,0.0239337
578.631,1,218,0.0225084
579.497,1,217.5,0.0232311
580.363,1,217,0.0243912
581.229,1,216.5,0.0251551
582.095,1,216,0.0254719
582.961,1,215.5,0.0254048
583.827,1,215,0.0246655
584.693,1,214.5,0.0239046
585.559,1,214,0.0235309
586.425,1,213.5,0.0251278
587.291,1,213,0.0271752
588.157,1,212.5,0.0278017
589.023,1,212,0.028239
589.889,1,211.5,0.0283629
590.755,1,211,0.0282767
591.621,1,210.5,0.0277702
592.487,1,210,0.027605
593.353,1,209.5,0.027758
594.219,1,209,0.0265486
595.085,1,208.5,0.025877
595.951,1,208,0.0256309
596.817,1,207.5,0.0264333
597.683,1,207,0.0262282
598.549,1,206.5,0.0257469
599.415,1,206,0.0252303
600.281,1,205.5,0.02467
601.147,1,205,0.024225
602.013,1,204.5,0.0238861
602.879,1,204,0.0236536
603.745,1,203.5,0.0238778
604.611,1,203,0.0241247
605.477,1,202.5,0.0242965
606.344,1,202,0.024362
607.21,1,201.5,0.0243754
608.076,1,201,0.0243493
608.942,1,200.5,0.0244981
609.808,1,200,0.0245838
