x,y,z,b
90.1924,1,500,0.012745
91.0584,1,499.5,0.0127582
91.9244,1,499,0.0127708
92.7905,1,498.5,0.0127836
93.6565,1,498,0.0127965
94.5225,1,497.5,0.0128088
95.3885,1,497,0.0128185
96.2546,1,496.5,0.0128283
97.1206,1,496,0.0128379
97.9866,1,495.5,0.0128453
98.8526,1,495,0.0128528
99.7187,1,494.5,0.0128602
100.585,1,494,0.0128618
101.451,1,493.5,0.0128631
102.317,1,493,0.0128675
103.183,1,492.5,0.0128703
104.049,1,492,0.0128725
104.915,1,491.5,0.0128746
105.781,1,491,0.0128752
106.647,1,490.5,0.0128727
107.513,1,490,0.0128687
108.379,1,489.5,0.0128635
109.245,1,489,0.012857
110.111,1,488.5,0.0128501
110.977,1,488,0.0128425
111.843,1,487.5,0.0128336
112.709,1,487,0.0128245
113.575,1,486.5,0.0128145
114.441,1,486,0.012801
115.307,1,485.5,0.0127872
116.173,1,485,0.012772
117.039,1,484.5,0.0127507
117.905,1,484,0.0127283
118.771,1,483.5,0.0127052
119.637,1,483,0.0126776
120.503,1,482.5,0.0126492
121.369,1,482,0.0126227
122.235,1,481.5,0.0125945
123.101,1,481,0.0125646
123.967,1,480.5,0.0125334
124.833,1,480,0.012502
125.699,1,479.5,0.0124688
126.565,1,479,0.0124341
127.431,1,478.5,0.0124006
128.297,1,478,0.0123705
129.164,1,477.5,0.0123396
130.03,1,477,0.0123098
130.896,1,476.5,0.0122871
131.762,1,476,0.0122632
132.628,1,475.5,0.0122383
133.494,1,475,0.0122198
134.36,1,474.5,0.0122006
135.226,1,474,0.0121817
136.092,1,473.5,0.0121669
136.958,1,473,0.0121526
137.824,1,472.5,0.0121383
138.69,1,472,0.0121257
139.556,1,471.5,0.0121131
140.422,1,471,0.0120993
141.288,1,470.5,0.0120877
142.154,1,470,0.0120781
143.02,1,469.5,0.0120685
143.886,1,469,0.0120597
144.752,1,468.5,0.0120553
145.618,1,468,0.0120517
146.484,1,467.5,0.0120486
147.35,1,467,0.012047
148.216,1,466.5,0.0120455
149.082,1,466,0.0120435
149.948,1,465.5,0.012042
150.814,1,465,0.0120408
151.68,1,464.5,0.0120399
152.546,1,464,0.0120422
153.412,1,463.5,0.0120451
154.278,1,463,0.0120489
155.144,1,462.5,0.0120559
156.01,1,462,0.012064
156.876,1,461.5,0.0120721
157.742,1,461,0.0120848
158.608,1,460.5,0.0121002
159.474,1,460,0.0121153
160.34,1,459.5,0.0121373
161.206,1,459,0.0121682
162.072,1,458.5,0.0121999
162.939,1,458,0.0122372
163.805,1,457.5,0.0122873
164.671,1,457,0.0123378
165.537,1,456.5,0.0123911
166.403,1,456,0.0124626
167.269,1,455.5,0.0125349
168.135,1,455,0.0126111
169.001,1,454.5,0.0127046
169.867,1,454,0.0127995
170.733,1,453.5,0.0128953
171.599,1,453,0.0129972
172.465,1,452.5,0.0131008
173.331,1,452,0.0132
174.197,1,451.5,0.0132981
175.063,1,451,0.0133959
175.929,1,450.5,0.0134941
176.795,1,450,0.0135881
177.661,1,449.5,0.0136819
178.527,1,449,0.0137785
179.393,1,448.5,0.0138699
180.259,1,448,0.0139503
181.125,1,447.5,0.0140308
181.991,1,447,0.0141082
182.857,1,446.5,0.01417
183.723,1,446,0.0142324
184.589,1,445.5,0.0142952
185.455,1,445,0.0143529
186.321,1,444.5,0.014413
187.187,1,444,0.0144731
188.053,1,443.5,0.0144814
188.919,1,443,0.0144821
189.785,1,442.5,0.0144833
190.651,1,442,0.0144742
191.517,1,441.5,0.014461
192.383,1,441,0.0144479
193.249,1,440.5,0.0144285
194.115,1,440,0.0144045
194.981,1,439.5,0.0143814
195.847,1,439,0.014354
196.714,1,438.5,0.0143143
197.58,1,438,0.0142736
198.446,1,437.5,0.0142321
199.312,1,437,0.0141856
200.178,1,436.5,0.0141399
201.044,1,436,0.0140959
201.91,1,435.5,0.0140487
202.776,1,435,0.0140014
203.642,1,434.5,0.0139542
204.508,1,434,0.0138983
205.374,1,433.5,0.0138418
206.24,1,433,0.0137796
207.106,1,432.5,0.0137098
207.972,1,432,0.0136377
208.838,1,431.5,0.0135649
209.704,1,431,0.0134894
210.57,1,430.5,0.0134137
211.436,1,430,0.0133405
212.302,1,429.5,0.0132685
213.168,1,429,0.0131982
214.034,1,428.5,0.0131279
214.9,1,428,0.0130592
215.766,1,427.5,0.0129903
216.632,1,427,0.0129214
217.498,1,426.5,0.012854
218.364,1,426,0.0127933
219.23,1,425.5,0.0127331
220.096,1,425,0.0126758
220.962,1,424.5,0.0126275
221.828,1,424,0.0125793
222.694,1,423.5,0.012531
223.56,1,423,0.01249
224.426,1,422.5,0.0124503
225.292,1,422,0.0124094
226.158,1,421.5,0.0123779
227.024,1,421,0.012352
227.89,1,420.5,0.0123271
228.756,1,420,0.0123117
229.622,1,419.5,0.0123048
230.488,1,419,0.012297
231.355,1,418.5,0.0122935
232.221,1,418,0.0122984
233.087,1,417.5,0.0123034
233.953,1,417,0.0123108
234.819,1,416.5,0.012331
235.685,1,416,0.0123507
236.551,1,415.5,0.0123701
237.417,1,415,0.0124018
238.283,1,414.5,0.0124315
239.149,1,414,0.0124578
240.015,1,413.5,0.0125012
240.881,1,413,0.0125483
241.747,1,412.5,0.0125965
242.613,1,412,0.0126331
243.479,1,411.5,0.0126619
244.345,1,411,0.0126842
245.211,1,410.5,0.0126872
246.077,1,410,0.0126767
246.943,1,409.5,0.0126651
247.809,1,409,0.0126396
248.675,1,408.5,0.012596
249.541,1,408,0.0125536
250.407,1,407.5,0.0124978
251.273,1,407,0.0124013
252.139,1,406.5,0.0123057
253.005,1,406,0.0122044
253.871,1,405.5,0.0120436
254.737,1,405,0.0118897
255.603,1,404.5,0.0117426
256.469,1,404,0.0115956
257.335,1,403.5,0.0114641
258.201,1,403,0.0113409
259.067,1,402.5,0.0112277
259.933,1,402,0.0111208
260.799,1,401.5,0.0110177
261.665,1,401,0.0110093
262.531,1,400.5,0.0110568
263.397,1,400,0.0111008
264.263,1,399.5,0.0111647
265.13,1,399,0.0112488
265.996,1,398.5,0.0113253
266.862,1,398,0.0114187
267.728,1,397.5,0.011561
268.594,1,397,0.0116869
269.46,1,396.5,0.0118061
270.326,1,396,0.0119734
271.192,1,395.5,0.0121154
272.058,1,395,0.012249
272.924,1,394.5,0.0124589
273.79,1,394,0.0126771
274.656,1,393.5,0.0129031
275.522,1,393,0.0130713
276.388,1,392.5,0.0132216
277.254,1,392,0.0132847
278.12,1,391.5,0.0132758
278.986,1,391,0.0132337
279.852,1,390.5,0.0131758
280.718,1,390,0.0130881
281.584,1,389.5,0.0129844
282.45,1,389,0.0129339
283.316,1,388.5,0.0128942
284.182,1,388,0.0128482
285.048,1,387.5,0.0127892
285.914,1,387,0.0127533
286.78,1,386.5,0.0128675
287.646,1,386,0.0130106
288.512,1,385.5,0.0131791
289.378,1,385,0.0132892
290.244,1,384.5,0.0135723
291.11,1,384,0.0145923
291.976,1,383.5,0.0161082
292.842,1,383,0.0178467
293.708,1,382.5,0.0199126
294.574,1,382,0.022209
295.44,1,381.5,0.024683
296.306,1,381,0.026898
297.172,1,380.5,0.029026
298.038,1,380,0.0304379
298.905,1,379.5,0.0313661
299.771,1,379,0.0311429
300.637,1,378.5,0.0306835
301.503,1,378,0.0301189
302.369,1,377.5,0.0303091
303.235,1,377,0.0302518
304.101,1,376.5,0.0292662
304.967,1,376,0.0272902
305.833,1,375.5,0.025884
306.699,1,375,0.0255459
307.565,1,374.5,0.0254199
308.431,1,374,0.0251411
309.297,1,373.5,0.023375
310.163,1,373,0.0217336
311.029,1,372.5,0.0208428
311.895,1,372,0.0211018
312.761,1,371.5,0.0212607
313.627,1,371,0.0215523
314.493,1,370.5,0.02169
315.359,1,370,0.0212741
316.225,1,369.5,0.0199371
317.091,1,369,0.0188293
317.957,1,368.5,0.0182355
318.823,1,368,0.0182678
319.689,1,367.5,0.0189252
320.555,1,367,0.0208012
321.421,1,366.5,0.0252999
322.287,1,366,0.0295775
323.153,1,365.5,0.0323477
324.019,1,365,0.0349671
324.885,1,364.5,0.0360906
325.751,1,364,0.0375908
326.617,1,363.5,0.0394686
327.483,1,363,0.0435713
328.349,1,362.5,0.0487398
329.215,1,362,0.054267
330.081,1,361.5,0.0594625
330.947,1,361,0.0641131
331.813,1,360.5,0.0683662
332.679,1,360,0.0703978
333.546,1,359.5,0.0705596
334.412,1,359,0.0700481
335.278,1,358.5,0.0696168
336.144,1,358,0.0694836
337.01,1,357.5,0.069358
337.876,1,357,0.0694666
338.742,1,356.5,0.0708114
339.608,1,356,0.071571
340.474,1,355.5,0.0712781
341.34,1,355,0.0662613
342.206,1,354.5,0.058554
343.072,1,354,0.0440038
343.938,1,353.5,0.0295596
344.804,1,353,0.0230827
345.67,1,352.5,0.0194078
346.536,1,352,0.018721
347.402,1,351.5,0.0218591
348.268,1,351,0.0250666
349.134,1,350.5,0.027347
350,1,350,0.0299829
350.866,1,349.5,0.0342565
351.732,1,349,0.0391916
352.598,1,348.5,0.0438927
353.464,1,348,0.0464248
354.33,1,347.5,0.0482315
355.196,1,347,0.049419
356.062,1,346.5,0.0510283
356.928,1,346,0.0537356
357.794,1,345.5,0.0556775
358.66,1,345,0.0559477
359.526,1,344.5,0.0566917
360.392,1,344,0.0554179
361.258,1,343.5,0.0542341
362.124,1,343,0.0529452
362.99,1,342.5,0.0510931
363.856,1,342,0.0498161
364.722,1,341.5,0.0491682
365.588,1,341,0.0472059
366.454,1,340.5,0.0445782
367.321,1,340,0.0400116
368.187,1,339.5,0.0344416
369.053,1,339,0.0264764
369.919,1,338.5,0.0193823
370.785,1,338,0.0150378
371.651,1,337.5,0.0124176
372.517,1,337,0.0111352
373.383,1,336.5,0.0118177
374.249,1,336,0.0124933
375.115,1,335.5,0.0129266
375.981,1,335,0.0135722
376.847,1,334.5,0.0146919
377.713,1,334,0.0156852
378.579,1,333.5,0.0165284
379.445,1,333,0.0171731
380.311,1,332.5,0.0176965
381.177,1,332,0.0180545
382.043,1,331.5,0.0182033
382.909,1,331,0.0182737
383.775,1,330.5,0.0182932
384.641,1,330,0.0182027
385.507,1,329.5,0.0180459
386.373,1,329,0.017987
387.239,1,328.5,0.0178809
388.105,1,328,0.0176736
388.971,1,327.5,0.0174988
389.837,1,327,0.017322
390.703,1,326.5,0.0169913
391.569,1,326,0.0166973
392.435,1,325.5,0.016517
393.301,1,325,0.0163829
394.167,1,324.5,0.0162864
395.033,1,324,0.0162255
395.899,1,323.5,0.0159804
396.765,1,323,0.0157293
397.631,1,322.5,0.0154904
398.497,1,322,0.0152427
399.363,1,321.5,0.0149692
400.229,1,321,0.0147039
401.095,1,320.5,0.0145906
401.962,1,320,0.0145435
402.828,1,319.5,0.0144717
403.694,1,319,0.0144132
404.56,1,318.5,0.0143858
405.426,1,318,0.0143336
406.292,1,317.5,0.0142729
407.158,1,317,0.0142215
408.024,1,316.5,0.0141609
408.89,1,316,0.0140963
409.756,1,315.5,0.0140663
410.622,1,315,0.0140302
411.488,1,314.5,0.0139858
412.354,1,314,0.01397
413.22,1,313.5,0.0139511
414.086,1,313,0.0139317
414.952,1,312.5,0.0139455
415.818,1,312,0.0139617
416.684,1,311.5,0.0139759
417.55,1,311,0.0139702
418.416,1,310.5,0.0139547
419.282,1,310,0.0139521
420.148,1,309.5,0.0139571
421.014,1,309,0.0139641
421.88,1,308.5,0.0139721
422.746,1,308,0.013983
423.612,1,307.5,0.0139982
424.478,1,307,0.014015
425.344,1,306.5,0.0140291
426.21,1,306,0.014036
427.076,1,305.5,0.0140365
427.942,1,305,0.0140306
428.808,1,304.5,0.014022
429.674,1,304,0.0140094
430.54,1,303.5,0.013994
431.406,1,303,0.0139904
432.272,1,302.5,0.0139865
433.138,1,302,0.0139797
434.004,1,301.5,0.0139886
434.87,1,301,0.0140061
435.737,1,300.5,0.0140253
436.603,1,300,0.0140506
437.469,1,299.5,0.0140824
438.335,1,299,0.014108
439.201,1,298.5,0.0141315
440.067,1,298,0.0141549
440.933,1,297.5,0.0141806
441.799,1,297,0.0142066
442.665,1,296.5,0.0142257
443.531,1,296,0.0142427
444.397,1,295.5,0.0142629
445.263,1,295,0.0142784
446.129,1,294.5,0.0143011
446.995,1,294,0.0143308
447.861,1,293.5,0.0143329
448.727,1,293,0.014338
449.593,1,292.5,0.0143499
450.459,1,292,0.0143588
451.325,1,291.5,0.0143732
452.191,1,291,0.01439
453.057,1,290.5,0.0143947
453.923,1,290,0.0143982
454.789,1,289.5,0.0144059
455.655,1,289,0.0144139
456.521,1,288.5,0.0144212
457.387,1,288,0.0144334
458.253,1,287.5,0.0144437
459.119,1,287,0.0144341
459.985,1,286.5,0.0144177
460.851,1,286,0.0143928
461.717,1,285.5,0.0143505
462.583,1,285,0.0143044
463.449,1,284.5,0.0142575
464.315,1,284,0.0141993
465.181,1,283.5,0.0141404
466.047,1,283,0.0140809
466.913,1,282.5,0.0140221
467.779,1,282,0.0139633
468.645,1,281.5,0.0139051
469.512,1,281,0.01385
470.378,1,280.5,0.0137972
471.244,1,280,0.0137516
472.11,1,279.5,0.0137123
472.976,1,279,0.0136732
473.842,1,278.5,0.0136326
474.708,1,278,0.0135917
475.574,1,277.5,0.0135533
476.44,1,277,0.0135253
477.306,1,276.5,0.0134972
478.172,1,276,0.0134757
479.038,1,275.5,0.0134542
479.904,1,275,0.0134328
480.77,1,274.5,0.0134205
481.636,1,274,0.0134115
482.502,1,273.5,0.0134026
483.368,1,273,0.013395
484.234,1,272.5,0.0133877
485.1,1,272,0.013381
485.966,1,271.5,0.0133806
486.832,1,271,0.0133815
487.698,1,270.5,0.0133825
488.564,1,270,0.0133867
489.43,1,269.5,0.0133934
490.296,1,269,0.0134075
491.162,1,268.5,0.0134272
492.028,1,268,0.0134492
492.894,1,267.5,0.0134691
493.76,1,267,0.0134881
494.626,1,266.5,0.0135124
495.492,1,266,0.0135477
496.358,1,265.5,0.0135814
497.224,1,265,0.0136168
498.09,1,264.5,0.0136499
498.956,1,264,0.0136807
499.822,1,263.5,0.0137115
500.688,1,263,0.013741
501.554,1,262.5,0.013769
502.42,1,262,0.0137867
503.286,1,261.5,0.0138009
504.153,1,261,0.0138116
505.019,1,260.5,0.0138119
505.885,1,260,0.0138111
506.751,1,259.5,0.013811
507.617,1,259,0.013809
508.483,1,258.5,0.0138044
509.349,1,258,0.0137909
510.215,1,257.5,0.0137736
511.081,1,257,0.0137529
511.947,1,256.5,0.0137315
512.813,1,256,0.0137094
513.679,1,255.5,0.0136862
514.545,1,255,0.0136627
515.411,1,254.5,0.0136379
516.277,1,254,0.0136145
517.143,1,253.5,0.0135891
518.009,1,253,0.0135616
518.875,1,252.5,0.0135389
519.741,1,252,0.0135162
520.607,1,251.5,0.0134922
521.473,1,251,0.0134714
522.339,1,250.5,0.01345
523.205,1,250,0.0134303
524.071,1,249.5,0.0134228
524.937,1,249,0.0134195
525.803,1,248.5,0.0134136
526.669,1,248,0.0134077
527.535,1,247.5,0.0134049
528.401,1,247,0.0133926
529.267,1,246.5,0.0133791
530.133,1,246,0.0133667
530.999,1,245.5,0.0133542
531.865,1,245,0.0133417
532.731,1,244.5,0.0133336
533.597,1,244,0.013329
534.463,1,243.5,0.0133249
535.329,1,243,0.0133234
536.195,1,242.5,0.0133227
537.061,1,242,0.0133225
537.928,1,241.5,0.013325
538.794,1,241,0.013328
539.66,1,240.5,0.0133314
540.526,1,240,0.0133342
541.392,1,239.5,0.013338
542.258,1,239,0.0133447
543.124,1,238.5,0.0133486
543.99,1,238,0.0133466
544.856,1,237.5,0.0133447
545.722,1,237,0.0133418
546.588,1,236.5,0.013335
547.454,1,236,0.0133235
548.32,1,235.5,0.0133111
549.186,1,235,0.013293
550.052,1,234.5,0.0132746
550.918,1,234,0.0132559
551.784,1,233.5,0.0132336
552.65,1,233,0.0132101
553.516,1,232.5,0.0131868
554.382,1,232,0.013165
555.248,1,231.5,0.0131445
556.114,1,231,0.0131244
556.98,1,230.5,0.0131067
557.846,1,230,0.0130924
558.712,1,229.5,0.0130779
559.578,1,229,0.0130666
560.444,1,228.5,0.0130593
561.31,1,228,0.0130602
562.176,1,227.5,0.0130675
563.042,1,227,0.0130781
563.908,1,226.5,0.0130875
564.774,1,226,0.0130962
565.64,1,225.5,0.013105
566.506,1,225,0.0131087
567.372,1,224.5,0.0131111
568.238,1,224,0.0131137
569.104,1,223.5,0.0131158
569.97,1,223,0.0131174
570.836,1,222.5,0.0131247
571.703,1,222,0.0131328
572.569,1,221.5,0.013139
573.435,1,221,0.0131433
574.301,1,220.5,0.0131454
575.167,1,220,0.0131448
576.033,1,219.5,0.0131402
576.899,1,219,0.0131343
577.765,1,218.5,0.0131276
578.631,1,218,0.0131193
579.497,1,217.5,0.0131096
580.363,1,217,0.0131025
581.229,1,216.5,0.0130942
582.095,1,216,0.0130828
582.961,1,215.5,0.0130707
583.827,1,215,0.0130578
584.693,1,214.5,0.0130443
585.559,1,214,0.0130329
586.425,1,213.5,0.0130225
587.291,1,213,0.0130121
588.157,1,212.5,0.013003
589.023,1,212,0.0129955
589.889,1,211.5,0.0129866
590.755,1,211,0.0129767
591.621,1,210.5,0.0129665
592.487,1,210,0.0129558
593.353,1,209.5,0.0129451
594.219,1,209,0.012935
595.085,1,208.5,0.0129265
595.951,1,208,0.0129191
596.817,1,207.5,0.0129127
597.683,1,207,0.0129074
598.549,1,206.5,0.0129035
599.415,1,206,0.0129007
600.281,1,205.5,0.0128978
601.147,1,205,0.0128956
602.013,1,204.5,0.0128932
602.879,1,204,0.0128908
603.745,1,203.5,0.01289
604.611,1,203,0.0128901
605.477,1,202.5,0.0128905
606.344,1,202,0.0128926
607.21,1,201.5,0.0128957
608.076,1,201,0.0128992
608.942,1,200.5,0.0129016
609.808,1,200,0.0129045
