x,y,z,b
90.1924,1,500,0.0133469
91.0584,1,499.5,0.0133004
91.9244,1,499,0.0132628
92.7905,1,498.5,0.013257
93.6565,1,498,0.0132406
94.5225,1,497.5,0.0132227
95.3885,1,497,0.0132325
96.2546,1,496.5,0.0132402
97.1206,1,496,0.0132619
97.9866,1,495.5,0.0133101
98.8526,1,495,0.0133558
99.7187,1,494.5,0.0133991
100.585,1,494,0.0134566
101.451,1,493.5,0.0135061
102.317,1,493,0.0135298
103.183,1,492.5,0.0135732
104.049,1,492,0.0136306
104.915,1,491.5,0.013698
105.781,1,491,0.0137787
106.647,1,490.5,0.013839
107.513,1,490,0.0138659
108.379,1,489.5,0.0138719
109.245,1,489,0.0138581
110.111,1,488.5,0.0138257
110.977,1,488,0.0137997
111.843,1,487.5,0.0138922
112.709,1,487,0.013999
113.575,1,486.5,0.0141205
114.441,1,486,0.0142563
115.307,1,485.5,0.0144029
116.173,1,485,0.0144098
117.039,1,484.5,0.0143281
117.905,1,484,0.0142547
118.771,1,483.5,0.0141909
119.637,1,483,0.0141336
120.503,1,482.5,0.0141327
121.369,1,482,0.0142399
122.235,1,481.5,0.0143132
123.101,1,481,0.0143478
123.967,1,480.5,0.0143458
124.833,1,480,0.0142951
125.699,1,479.5,0.0142328
126.565,1,479,0.0142181
127.431,1,478.5,0.0142447
128.297,1,478,0.0143086
129.164,1,477.5,0.0144147
130.03,1,477,0.0144905
130.896,1,476.5,0.0143726
131.762,1,476,0.0142115
132.628,1,475.5,0.0140071
133.494,1,475,0.0137517
134.36,1,474.5,0.0134595
135.226,1,474,0.013548
136.092,1,473.5,0.0137774
136.958,1,473,0.014031
137.824,1,472.5,0.0143037
138.69,1,472,0.0145913
139.556,1,471.5,0.01466
140.422,1,471,0.0143508
141.288,1,470.5,0.0140524
142.154,1,470,0.0137811
143.02,1,469.5,0.0135405
143.886,1,469,0.0133474
144.752,1,468.5,0.0136654
145.618,1,468,0.0139872
146.484,1,467.5,0.0142513
147.35,1,467,0.0144377
148.216,1,466.5,0.0145436
149.082,1,466,0.0144892
149.948,1,465.5,0.0143514
150.814,1,465,0.0142984
151.68,1,464.5,0.0143301
152.546,1,464,0.0144329
153.412,1,463.5,0.0146057
154.278,1,463,0.0146342
155.144,1,462.5,0.0145794
156.01,1,462,0.0144616
156.876,1,461.5,0.0142837
157.742,1,461,0.0140593
158.608,1,460.5,0.0139529
159.474,1,460,0.0140357
160.34,1,459.5,0.0141666
161.206,1,459,0.0143383
162.072,1,458.5,0.014536
162.939,1,458,0.0147411
163.805,1,457.5,0.0144947
164.671,1,457,0.0142413
165.537,1,456.5,0.0139815
166.403,1,456,0.0137265
167.269,1,455.5,0.0134773
168.135,1,455,0.0134666
169.001,1,454.5,0.0136706
169.867,1,454,0.013857
170.733,1,453.5,0.014025
171.599,1,453,0.0141729
172.465,1,452.5,0.0142742
173.331,1,452,0.0141338
174.197,1,451.5,0.0140041
175.063,1,451,0.0138837
175.929,1,450.5,0.0137768
176.795,1,450,0.0136796
177.661,1,449.5,0.0136751
178.527,1,449,0.0137177
179.393,1,448.5,0.0137487
180.259,1,448,0.0137662
181.125,1,447.5,0.0137724
181.991,1,447,0.0137554
182.857,1,446.5,0.0136692
183.723,1,446,0.0135923
184.589,1,445.5,0.0135244
185.455,1,445,0.0134538
186.321,1,444.5,0.0133971
187.187,1,444,0.0133607
188.053,1,443.5,0.0133154
188.919,1,443,0.013265
189.785,1,442.5,0.0132112
190.651,1,442,0.0131519
191.517,1,441.5,0.013094
192.383,1,441,0.0130801
193.249,1,440.5,0.013089
194.115,1,440,0.0131185
194.981,1,439.5,0.013164
195.847,1,439,0.0132217
196.714,1,438.5,0.0132103
197.58,1,438,0.0131753
198.446,1,437.5,0.0131421
199.312,1,437,0.0131146
200.178,1,436.5,0.0130966
201.044,1,436,0.0130959
201.91,1,435.5,0.0131243
202.776,1,435,0.013151
203.642,1,434.5,0.0131761
204.508,1,434,0.0132136
205.374,1,433.5,0.0132553
206.24,1,433,0.0133321
207.106,1,432.5,0.013451
207.972,1,432,0.0135887
208.838,1,431.5,0.0137382
209.704,1,431,0.0139171
210.57,1,430.5,0.0141
211.436,1,430,0.014259
212.302,1,429.5,0.0144281
213.168,1,429,0.0146047
214.034,1,428.5,0.0147807
214.9,1,428,0.0149512
215.766,1,427.5,0.0151489
216.632,1,427,0.0153346
217.498,1,426.5,0.0154974
218.364,1,426,0.0156215
219.23,1,425.5,0.0157266
220.096,1,425,0.0158035
220.962,1,424.5,0.0158487
221.828,1,424,0.0159141
222.694,1,423.5,0.0160002
223.56,1,423,0.0160937
224.426,1,422.5,0.016209
225.292,1,422,0.0162038
226.158,1,421.5,0.0161403
227.024,1,421,0.0160501
227.89,1,420.5,0.0159461
228.756,1,420,0.015823
229.622,1,419.5,0.0157669
230.488,1,419,0.0158088
231.355,1,418.5,0.0158499
232.221,1,418,0.0158828
233.087,1,417.5,0.0159159
233.953,1,417,0.0159425
234.819,1,416.5,0.0157757
235.685,1,416,0.0156152
236.551,1,415.5,0.0154629
237.417,1,415,0.0153038
238.283,1,414.5,0.0151576
239.149,1,414,0.0150734
240.015,1,413.5,0.0150205
240.881,1,413,0.0149548
241.747,1,412.5,0.0148777
242.613,1,412,0.0147837
243.479,1,411.5,0.0146729
244.345,1,411,0.0145373
245.211,1,410.5,0.0144157
246.077,1,410,0.0143059
246.943,1,409.5,0.0142049
247.809,1,409,0.0141118
248.675,1,408.5,0.0140281
249.541,1,408,0.0139456
250.407,1,407.5,0.0138694
251.273,1,407,0.0138217
252.139,1,406.5,0.0137709
253.005,1,406,0.0137242
253.871,1,405.5,0.0137412
254.737,1,405,0.0137545
255.603,1,404.5,0.0137643
256.469,1,404,0.0137716
257.335,1,403.5,0.0137748
258.201,1,403,0.0137603
259.067,1,402.5,0.0137277
259.933,1,402,0.0136924
260.799,1,401.5,0.0136569
261.665,1,401,0.0136091
262.531,1,400.5,0.0135509
263.397,1,400,0.0134744
264.263,1,399.5,0.0133834
265.13,1,399,0.01328
265.996,1,398.5,0.0131773
266.862,1,398,0.0130744
267.728,1,397.5,0.0129344
268.594,1,397,0.0127744
269.46,1,396.5,0.0126051
270.326,1,396,0.0124037
271.192,1,395.5,0.0121887
272.058,1,395,0.0119561
272.924,1,394.5,0.0117455
273.79,1,394,0.0115493
274.656,1,393.5,0.0113668
275.522,1,393,0.0112538
276.388,1,392.5,0.0111602
277.254,1,392,0.0111052
278.12,1,391.5,0.0110914
278.986,1,391,0.0111007
279.852,1,390.5,0.0111211
280.718,1,390,0.0112132
281.584,1,389.5,0.0113867
282.45,1,389,0.0115956
283.316,1,388.5,0.0117803
284.182,1,388,0.0118817
285.048,1,387.5,0.0119761
285.914,1,387,0.0120281
286.78,1,386.5,0.0119264
287.646,1,386,0.0118236
288.512,1,385.5,0.0117109
289.378,1,385,0.011369
290.244,1,384.5,0.0110405
291.11,1,384,0.0107417
291.976,1,383.5,0.0107244
292.842,1,383,0.0107728
293.708,1,382.5,0.0108574
294.574,1,382,0.0112355
295.44,1,381.5,0.0117064
296.306,1,381,0.0121368
297.172,1,380.5,0.0126706
298.038,1,380,0.0132639
298.905,1,379.5,0.013808
299.771,1,379,0.0144633
300.637,1,378.5,0.0152625
301.503,1,378,0.0159484
302.369,1,377.5,0.0166631
303.235,1,377,0.0176801
304.101,1,376.5,0.0186414
304.967,1,376,0.0195788
305.833,1,375.5,0.0205488
306.699,1,375,0.0205455
307.565,1,374.5,0.0221089
308.431,1,374,0.0227492
309.297,1,373.5,0.0219285
310.163,1,373,0.0220861
311.029,1,372.5,0.0228477
311.895,1,372,0.0237508
312.761,1,371.5,0.0241092
313.627,1,371,0.0243065
314.493,1,370.5,0.0244904
315.359,1,370,0.0256232
316.225,1,369.5,0.0290707
317.091,1,369,0.0366845
317.957,1,368.5,0.0448517
318.823,1,368,0.0527913
319.689,1,367.5,0.0584675
320.555,1,367,0.0628185
321.421,1,366.5,0.0647154
322.287,1,366,0.0672297
323.153,1,365.5,0.0684217
324.019,1,365,0.0680991
324.885,1,364.5,0.0684401
325.751,1,364,0.0666886
326.617,1,363.5,0.0644542
327.483,1,363,0.0632432
328.349,1,362.5,0.0578074
329.215,1,362,0.052313
330.081,1,361.5,0.0464621
330.947,1,361,0.0387669
331.813,1,360.5,0.031936
332.679,1,360,0.0261062
333.546,1,359.5,0.0222996
334.412,1,359,0.0204142
335.278,1,358.5,0.0207428
336.144,1,358,0.0220649
337.01,1,357.5,0.0234608
337.876,1,357,0.0239076
338.742,1,356.5,0.0238726
339.608,1,356,0.0227996
340.474,1,355.5,0.0226416
341.34,1,355,0.0227087
342.206,1,354.5,0.0236052
343.072,1,354,0.024257
343.938,1,353.5,0.0248673
344.804,1,353,0.0257428
345.67,1,352.5,0.0269763
346.536,1,352,0.0275594
347.402,1,351.5,0.0276946
348.268,1,351,0.02813
349.134,1,350.5,0.0289969
350,1,350,0.0300201
350.866,1,349.5,0.0310887
351.732,1,349,0.0323041
352.598,1,348.5,0.0331554
353.464,1,348,0.0333844
354.33,1,347.5,0.0336896
355.196,1,347,0.0342093
356.062,1,346.5,0.0347174
356.928,1,346,0.0352541
357.794,1,345.5,0.035574
358.66,1,345,0.035697
359.526,1,344.5,0.0349282
360.392,1,344,0.0338751
361.258,1,343.5,0.033676
362.124,1,343,0.0337809
362.99,1,342.5,0.0338426
363.856,1,342,0.0339187
364.722,1,341.5,0.0340101
365.588,1,341,0.0341889
366.454,1,340.5,0.0346766
367.321,1,340,0.0351701
368.187,1,339.5,0.0355189
369.053,1,339,0.0358036
369.919,1,338.5,0.0362975
370.785,1,338,0.0377216
371.651,1,337.5,0.0389397
372.517,1,337,0.0396149
373.383,1,336.5,0.0400322
374.249,1,336,0.0402161
375.115,1,335.5,0.0402966
375.981,1,335,0.0407439
376.847,1,334.5,0.0413768
377.713,1,334,0.0419259
378.579,1,333.5,0.0422761
379.445,1,333,0.0425505
380.311,1,332.5,0.0426566
381.177,1,332,0.0427998
382.043,1,331.5,0.0430583
382.909,1,331,0.0434747
383.775,1,330.5,0.0438822
384.641,1,330,0.0442721
385.507,1,329.5,0.0447775
386.373,1,329,0.0452941
387.239,1,328.5,0.046967
388.105,1,328,0.0500415
388.971,1,327.5,0.050843
389.837,1,327,0.0512973
390.703,1,326.5,0.0518723
391.569,1,326,0.0518529
392.435,1,325.5,0.0518032
393.301,1,325,0.0519775
394.167,1,324.5,0.0522431
395.033,1,324,0.0523115
395.899,1,323.5,0.0523503
396.765,1,323,0.052525
397.631,1,322.5,0.0521604
398.497,1,322,0.0513082
399.363,1,321.5,0.0503238
400.229,1,321,0.0495498
401.095,1,320.5,0.0492938
401.962,1,320,0.051068
402.828,1,319.5,0.0510169
403.694,1,319,0.0508323
404.56,1,318.5,0.0507827
405.426,1,318,0.0514936
406.292,1,317.5,0.0523203
407.158,1,317,0.0533401
408.024,1,316.5,0.054443
408.89,1,316,0.0557054
409.756,1,315.5,0.0571411
410.622,1,315,0.0582353
411.488,1,314.5,0.0591327
412.354,1,314,0.0601295
413.22,1,313.5,0.0610766
414.086,1,313,0.0619059
414.952,1,312.5,0.0618991
415.818,1,312,0.0615284
416.684,1,311.5,0.0608881
417.55,1,311,0.0600769
418.416,1,310.5,0.0592691
419.282,1,310,0.0585978
420.148,1,309.5,0.0584598
421.014,1,309,0.0588311
421.88,1,308.5,0.0594955
422.746,1,308,0.059264
423.612,1,307.5,0.0589792
424.478,1,307,0.0585526
425.344,1,306.5,0.0581254
426.21,1,306,0.05897
427.076,1,305.5,0.0591864
427.942,1,305,0.0594352
428.808,1,304.5,0.059221
429.674,1,304,0.0589259
430.54,1,303.5,0.0581405
431.406,1,303,0.0575925
432.272,1,302.5,0.0576456
433.138,1,302,0.0577582
434.004,1,301.5,0.0576808
434.87,1,301,0.0577197
435.737,1,300.5,0.0577557
436.603,1,300,0.0578285
437.469,1,299.5,0.0580425
438.335,1,299,0.0582048
439.201,1,298.5,0.0584939
440.067,1,298,0.0592576
440.933,1,297.5,0.0595641
441.799,1,297,0.0599868
442.665,1,296.5,0.0611848
443.531,1,296,0.0625748
444.397,1,295.5,0.0639312
445.263,1,295,0.0652504
446.129,1,294.5,0.0666212
446.995,1,294,0.0683956
447.861,1,293.5,0.0701995
448.727,1,293,0.0718648
449.593,1,292.5,0.0730313
450.459,1,292,0.0746741
451.325,1,291.5,0.0762784
452.191,1,291,0.076559
453.057,1,290.5,0.0751132
453.923,1,290,0.0737775
454.789,1,289.5,0.0705974
455.655,1,289,0.0704982
456.521,1,288.5,0.0704406
457.387,1,288,0.0703252
458.253,1,287.5,0.0702081
459.119,1,287,0.0701065
459.985,1,286.5,0.0698925
460.851,1,286,0.0694678
461.717,1,285.5,0.0688324
462.583,1,285,0.0682566
463.449,1,284.5,0.0676223
464.315,1,284,0.0666848
465.181,1,283.5,0.0654442
466.047,1,283,0.0639004
466.913,1,282.5,0.0620535
467.779,1,282,0.0600062
468.645,1,281.5,0.0587947
469.512,1,281,0.0591701
470.378,1,280.5,0.0594767
471.244,1,280,0.0597146
472.11,1,279.5,0.0598837
472.976,1,279,0.0599841
473.842,1,278.5,0.0554128
474.708,1,278,0.054366
475.574,1,277.5,0.0539537
476.44,1,277,0.0556594
477.306,1,276.5,0.0578377
478.172,1,276,0.0607276
479.038,1,275.5,0.0637856
479.904,1,275,0.0670073
480.77,1,274.5,0.0696403
481.636,1,274,0.0718802
482.502,1,273.5,0.0739887
483.368,1,273,0.0760378
484.234,1,272.5,0.0786957
485.1,1,272,0.0805269
485.966,1,271.5,0.0817587
486.832,1,271,0.0837193
487.698,1,270.5,0.0856959
488.564,1,270,0.0870601
489.43,1,269.5,0.0880081
490.296,1,269,0.0884286
491.162,1,268.5,0.0884765
492.028,1,268,0.0883845
492.894,1,267.5,0.088285
493.76,1,267,0.0881859
494.626,1,266.5,0.088024
495.492,1,266,0.0874411
496.358,1,265.5,0.0870502
497.224,1,265,0.0869117
498.09,1,264.5,0.0870965
498.956,1,264,0.0876047
499.822,1,263.5,0.0874761
500.688,1,263,0.0874847
501.554,1,262.5,0.0874812
502.42,1,262,0.0875623
503.286,1,261.5,0.0875104
504.153,1,261,0.0873448
505.019,1,260.5,0.0871062
505.885,1,260,0.0867246
506.751,1,259.5,0.0864596
507.617,1,259,0.0862563
508.483,1,258.5,0.0859911
509.349,1,258,0.0858862
510.215,1,257.5,0.0859112
511.081,1,257,0.0860303
511.947,1,256.5,0.0862962
512.813,1,256,0.0864516
513.679,1,255.5,0.086529
514.545,1,255,0.0865486
515.411,1,254.5,0.0861946
516.277,1,254,0.0857122
517.143,1,253.5,0.0847578
518.009,1,253,0.0833451
518.875,1,252.5,0.0818275
519.741,1,252,0.0764724
520.607,1,251.5,0.06559
521.473,1,251,0.0534875
522.339,1,250.5,0.0519415
523.205,1,250,0.052898
524.071,1,249.5,0.0537958
524.937,1,249,0.0523236
525.803,1,248.5,0.0498144
526.669,1,248,0.0469121
527.535,1,247.5,0.045249
528.401,1,247,0.0439184
529.267,1,246.5,0.0419356
530.133,1,246,0.040568
530.999,1,245.5,0.0411504
531.865,1,245,0.0406299
532.731,1,244.5,0.0415588
533.597,1,244,0.0423881
534.463,1,243.5,0.0428581
535.329,1,243,0.0412997
536.195,1,242.5,0.0396783
537.061,1,242,0.0382639
537.928,1,241.5,0.0380811
538.794,1,241,0.0383955
539.66,1,240.5,0.0397567
540.526,1,240,0.0408387
541.392,1,239.5,0.0419522
542.258,1,239,0.0459643
543.124,1,238.5,0.0458493
543.99,1,238,0.0437822
544.856,1,237.5,0.038064
545.722,1,237,0.0352811
546.588,1,236.5,0.0350314
547.454,1,236,0.0354753
548.32,1,235.5,0.0362734
549.186,1,235,0.0373749
550.052,1,234.5,0.034089
550.918,1,234,0.0329925
551.784,1,233.5,0.0327536
552.65,1,233,0.0321217
553.516,1,232.5,0.031282
554.382,1,232,0.0306546
555.248,1,231.5,0.0306983
556.114,1,231,0.0310077
556.98,1,230.5,0.0312646
557.846,1,230,0.0309485
558.712,1,229.5,0.0301928
559.578,1,229,0.0300527
560.444,1,228.5,0.0303859
561.31,1,228,0.0309811
562.176,1,227.5,0.0313698
563.042,1,227,0.0315168
563.908,1,226.5,0.0317467
564.774,1,226,0.0320009
565.64,1,225.5,0.0318823
566.506,1,225,0.0316235
567.372,1,224.5,0.0312711
568.238,1,224,0.0307656
569.104,1,223.5,0.0303539
569.97,1,223,0.0300379
570.836,1,222.5,0.0301102
571.703,1,222,0.0302961
572.569,1,221.5,0.030499
573.435,1,221,0.0306191
574.301,1,220.5,0.0306781
575.167,1,220,0.0307077
576.033,1,219.5,0.0306058
576.899,1,219,0.0304104
577.765,1,218.5,0.0302041
578.631,1,218,0.0299159
579.497,1,217.5,0.029506
580.363,1,217,0.0291249
581.229,1,216.5,0.0287044
582.095,1,216,0.0281206
582.961,1,215.5,0.0275596
583.827,1,215,0.0270214
584.693,1,214.5,0.0264844
585.559,1,214,0.0259381
586.425,1,213.5,0.0254727
587.291,1,213,0.0251503
588.157,1,212.5,0.0249519
589.023,1,212,0.0248715
589.889,1,211.5,0.0247798
590.755,1,211,0.0247452
591.621,1,210.5,0.0247784
592.487,1,210,0.0249095
593.353,1,209.5,0.0251008
594.219,1,209,0.025255
595.085,1,208.5,0.0253025
595.951,1,208,0.0253561
596.817,1,207.5,0.0254124
597.683,1,207,0.0254636
598.549,1,206.5,0.0254897
599.415,1,206,0.0254244
600.281,1,205.5,0.0253185
601.147,1,205,0.0250895
602.013,1,204.5,0.0248195
602.879,1,204,0.0245085
603.745,1,203.5,0.0239653
604.611,1,203,0.0234226
605.477,1,202.5,0.0228509
606.344,1,202,0.0223502
607.21,1,201.5,0.021962
608.076,1,201,0.0216724
608.942,1,200.5,0.0217189
609.808,1,200,0.0217883
