x,y,z,b
90.1924,1,500,0.012809
91.0584,1,499.5,0.0128081
91.9244,1,499,0.012807
92.7905,1,498.5,0.0128057
93.6565,1,498,0.0128043
94.5225,1,497.5,0.0128029
95.3885,1,497,0.0128011
96.2546,1,496.5,0.0127994
97.1206,1,496,0.0127976
97.9866,1,495.5,0.0127953
98.8526,1,495,0.0127931
99.7187,1,494.5,0.0127908
100.585,1,494,0.0127883
101.451,1,493.5,0.0127858
102.317,1,493,0.0127833
103.183,1,492.5,0.0127809
104.049,1,492,0.0127785
104.915,1,491.5,0.0127761
105.781,1,491,0.0127741
106.647,1,490.5,0.0127723
107.513,1,490,0.0127706
108.379,1,489.5,0.0127692
109.245,1,489,0.0127684
110.111,1,488.5,0.0127677
110.977,1,488,0.012767
111.843,1,487.5,0.0127668
112.709,1,487,0.0127665
113.575,1,486.5,0.0127662
114.441,1,486,0.0127661
115.307,1,485.5,0.0127661
116.173,1,485,0.012766
117.039,1,484.5,0.0127659
117.905,1,484,0.0127659
118.771,1,483.5,0.0127659
119.637,1,483,0.0127658
120.503,1,482.5,0.0127657
121.369,1,482,0.0127657
122.235,1,481.5,0.0127656
123.101,1,481,0.0127655
123.967,1,480.5,0.0127654
124.833,1,480,0.0127653
125.699,1,479.5,0.0127651
126.565,1,479,0.0127649
127.431,1,478.5,0.0127647
128.297,1,478,0.0127645
129.164,1,477.5,0.0127643
130.03,1,477,0.0127641
130.896,1,476.5,0.012764
131.762,1,476,0.0127638
132.628,1,475.5,0.0127636
133.494,1,475,0.0127635
134.36,1,474.5,0.0127633
135.226,1,474,0.0127632
136.092,1,473.5,0.0127631
136.958,1,473,0.0127631
137.824,1,472.5,0.0127631
138.69,1,472,0.012763
139.556,1,471.5,0.012763
140.422,1,471,0.012763
141.288,1,470.5,0.012763
142.154,1,470,0.012763
143.02,1,469.5,0.012763
143.886,1,469,0.012763
144.752,1,468.5,0.0127631
145.618,1,468,0.0127631
146.484,1,467.5,0.0127631
147.35,1,467,0.0127632
148.216,1,466.5,0.0127632
149.082,1,466,0.0127632
149.948,1,465.5,0.0127632
150.814,1,465,0.0127633
151.68,1,464.5,0.0127633
152.546,1,464,0.0127633
153.412,1,463.5,0.0127633
154.278,1,463,0.0127633
155.144,1,462.5,0.0127633
156.01,1,462,0.0127633
156.876,1,461.5,0.0127632
157.742,1,461,0.0127632
158.608,1,460.5,0.0127631
159.474,1,460,0.012763
160.34,1,459.5,0.0127629
161.206,1,459,0.0127628
162.072,1,458.5,0.0127626
162.939,1,458,0.0127625
163.805,1,457.5,0.0127623
164.671,1,457,0.0127622
165.537,1,456.5,0.012762
166.403,1,456,0.0127618
167.269,1,455.5,0.0127617
168.135,1,455,0.0127615
169.001,1,454.5,0.0127614
169.867,1,454,0.0127612
170.733,1,453.5,0.0127611
171.599,1,453,0.012761
172.465,1,452.5,0.0127609
173.331,1,452,0.0127608
174.197,1,451.5,0.0127607
175.063,1,451,0.0127606
175.929,1,450.5,0.0127604
176.795,1,450,0.0127603
177.661,1,449.5,0.0127601
178.527,1,449,0.01276
179.393,1,448.5,0.0127598
180.259,1,448,0.0127597
181.125,1,447.5,0.0127596
181.991,1,447,0.0127594
182.857,1,446.5,0.0127593
183.723,1,446,0.0127592
184.589,1,445.5,0.0127591
185.455,1,445,0.0127589
186.321,1,444.5,0.0127587
187.187,1,444,0.0127586
188.053,1,443.5,0.0127584
188.919,1,443,0.0127581
189.785,1,442.5,0.0127579
190.651,1,442,0.0127577
191.517,1,441.5,0.0127575
192.383,1,441,0.0127573
193.249,1,440.5,0.0127571
194.115,1,440,0.012757
194.981,1,439.5,0.0127568
195.847,1,439,0.0127567
196.714,1,438.5,0.0127566
197.58,1,438,0.0127566
198.446,1,437.5,0.0127565
199.312,1,437,0.0127565
200.178,1,436.5,0.0127564
201.044,1,436,0.0127564
201.91,1,435.5,0.0127564
202.776,1,435,0.0127563
203.642,1,434.5,0.0127563
204.508,1,434,0.0127562
205.374,1,433.5,0.0127561
206.24,1,433,0.012756
207.106,1,432.5,0.0127559
207.972,1,432,0.0127557
208.838,1,431.5,0.0127555
209.704,1,431,0.0127553
210.57,1,430.5,0.012755
211.436,1,430,0.0127548
212.302,1,429.5,0.0127544
213.168,1,429,0.0127539
214.034,1,428.5,0.0127533
214.9,1,428,0.0127528
215.766,1,427.5,0.0127522
216.632,1,427,0.0127516
217.498,1,426.5,0.0127511
218.364,1,426,0.0127505
219.23,1,425.5,0.01275
220.096,1,425,0.0127495
220.962,1,424.5,0.0127491
221.828,1,424,0.0127487
222.694,1,423.5,0.0127483
223.56,1,423,0.0127481
224.426,1,422.5,0.0127478
225.292,1,422,0.0127475
226.158,1,421.5,0.0127475
227.024,1,421,0.0127476
227.89,1,420.5,0.0127477
228.756,1,420,0.0127478
229.622,1,419.5,0.012748
230.488,1,419,0.0127483
231.355,1,418.5,0.0127486
232.221,1,418,0.0127491
233.087,1,417.5,0.0127495
233.953,1,417,0.01275
234.819,1,416.5,0.0127506
235.685,1,416,0.0127512
236.551,1,415.5,0.0127518
237.417,1,415,0.0127526
238.283,1,414.5,0.0127534
239.149,1,414,0.0127542
240.015,1,413.5,0.0127555
240.881,1,413,0.0127568
241.747,1,412.5,0.0127581
242.613,1,412,0.0127597
243.479,1,411.5,0.0127615
244.345,1,411,0.0127632
245.211,1,410.5,0.0127649
246.077,1,410,0.0127666
246.943,1,409.5,0.0127684
247.809,1,409,0.0127701
248.675,1,408.5,0.0127718
249.541,1,408,0.0127737
250.407,1,407.5,0.0127755
251.273,1,407,0.0127775
252.139,1,406.5,0.0127795
253.005,1,406,0.0127815
253.871,1,405.5,0.0127837
254.737,1,405,0.0127859
255.603,1,404.5,0.0127882
256.469,1,404,0.0127901
257.335,1,403.5,0.0127919
258.201,1,403,0.0127935
259.067,1,402.5,0.0127936
259.933,1,402,0.0127932
260.799,1,401.5,0.0127929
261.665,1,401,0.0127917
262.531,1,400.5,0.0127899
263.397,1,400,0.0127878
264.263,1,399.5,0.0127852
265.13,1,399,0.012782
265.996,1,398.5,0.0127788
266.862,1,398,0.0127756
267.728,1,397.5,0.0127727
268.594,1,397,0.0127699
269.46,1,396.5,0.0127675
270.326,1,396,0.0127666
271.192,1,395.5,0.0127658
272.058,1,395,0.012765
272.924,1,394.5,0.0127648
273.79,1,394,0.0127646
274.656,1,393.5,0.0127644
275.522,1,393,0.0127644
276.388,1,392.5,0.0127646
277.254,1,392,0.0127643
278.12,1,391.5,0.0127643
278.986,1,391,0.0127646
279.852,1,390.5,0.012765
280.718,1,390,0.0127655
281.584,1,389.5,0.0127661
282.45,1,389,0.0127666
283.316,1,388.5,0.0127673
284.182,1,388,0.0127685
285.048,1,387.5,0.0127696
285.914,1,387,0.0127708
286.78,1,386.5,0.0127729
287.646,1,386,0.0127752
288.512,1,385.5,0.0127775
289.378,1,385,0.01278
290.244,1,384.5,0.0127825
291.11,1,384,0.0127851
291.976,1,383.5,0.0127881
292.842,1,383,0.0127912
293.708,1,382.5,0.0127945
294.574,1,382,0.0127967
295.44,1,381.5,0.0127988
296.306,1,381,0.0128016
297.172,1,380.5,0.0128034
298.038,1,380,0.0128043
298.905,1,379.5,0.0128053
299.771,1,379,0.0128059
300.637,1,378.5,0.0128057
301.503,1,378,0.012805
302.369,1,377.5,0.0128042
303.235,1,377,0.0128032
304.101,1,376.5,0.0128028
304.967,1,376,0.0128028
305.833,1,375.5,0.0127998
306.699,1,375,0.0127962
307.565,1,374.5,0.0127921
308.431,1,374,0.0127871
309.297,1,373.5,0.0127818
310.163,1,373,0.0127778
311.029,1,372.5,0.0127819
311.895,1,372,0.0127873
312.761,1,371.5,0.0127924
313.627,1,371,0.012802
314.493,1,370.5,0.0128132
315.359,1,370,0.0128239
316.225,1,369.5,0.0128333
317.091,1,369,0.0128405
317.957,1,368.5,0.0128485
318.823,1,368,0.0128554
319.689,1,367.5,0.0128594
320.555,1,367,0.0128618
321.421,1,366.5,0.0128626
322.287,1,366,0.0128744
323.153,1,365.5,0.0128861
324.019,1,365,0.0128988
324.885,1,364.5,0.0129511
325.751,1,364,0.0130072
326.617,1,363.5,0.013067
327.483,1,363,0.0131496
328.349,1,362.5,0.0132394
329.215,1,362,0.0133157
330.081,1,361.5,0.0133347
330.947,1,361,0.0133435
331.813,1,360.5,0.0133615
332.679,1,360,0.0134186
333.546,1,359.5,0.0135185
334.412,1,359,0.0136086
335.278,1,358.5,0.0137096
336.144,1,358,0.0138396
337.01,1,357.5,0.0139661
337.876,1,357,0.0140688
338.742,1,356.5,0.0140376
339.608,1,356,0.0140067
340.474,1,355.5,0.0140082
341.34,1,355,0.0140656
342.206,1,354.5,0.0141533
343.072,1,354,0.0142462
343.938,1,353.5,0.0140539
344.804,1,353,0.0138199
345.67,1,352.5,0.0135661
346.536,1,352,0.0133027
347.402,1,351.5,0.0130009
348.268,1,351,0.012775
349.134,1,350.5,0.0125529
350,1,350,0.0122041
350.866,1,349.5,0.0116998
351.732,1,349,0.0115475
352.598,1,348.5,0.011984
353.464,1,348,0.0127901
354.33,1,347.5,0.0136189
355.196,1,347,0.0145042
356.062,1,346.5,0.0151011
356.928,1,346,0.0153354
357.794,1,345.5,0.014852
358.66,1,345,0.0143789
359.526,1,344.5,0.01391
360.392,1,344,0.0132585
361.258,1,343.5,0.0126913
362.124,1,343,0.0122228
362.99,1,342.5,0.0117361
363.856,1,342,0.0113474
364.722,1,341.5,0.0110867
365.588,1,341,0.0111092
366.454,1,340.5,0.0112841
367.321,1,340,0.0116785
368.187,1,339.5,0.0120182
369.053,1,339,0.012213
369.919,1,338.5,0.0122847
370.785,1,338,0.0122912
371.651,1,337.5,0.0123049
372.517,1,337,0.0123046
373.383,1,336.5,0.0123194
374.249,1,336,0.0124305
375.115,1,335.5,0.0125286
375.981,1,335,0.0126137
376.847,1,334.5,0.0126746
377.713,1,334,0.0127116
378.579,1,333.5,0.0127273
379.445,1,333,0.0127351
380.311,1,332.5,0.0127466
381.177,1,332,0.0127828
382.043,1,331.5,0.0128432
382.909,1,331,0.0129011
383.775,1,330.5,0.0129573
384.641,1,330,0.0129883
385.507,1,329.5,0.0129961
386.373,1,329,0.0130053
387.239,1,328.5,0.0130265
388.105,1,328,0.013057
388.971,1,327.5,0.0130935
389.837,1,327,0.0131301
390.703,1,326.5,0.0131291
391.569,1,326,0.0131106
392.435,1,325.5,0.0130912
393.301,1,325,0.0130604
394.167,1,324.5,0.0130292
395.033,1,324,0.0129981
395.899,1,323.5,0.0129719
396.765,1,323,0.0129456
397.631,1,322.5,0.0129194
398.497,1,322,0.0128966
399.363,1,321.5,0.0128748
400.229,1,321,0.0128503
401.095,1,320.5,0.0128332
401.962,1,320,0.0128224
402.828,1,319.5,0.0128116
403.694,1,319,0.0128055
404.56,1,318.5,0.0128046
405.426,1,318,0.0127977
406.292,1,317.5,0.0127909
407.158,1,317,0.012784
408.024,1,316.5,0.0127777
408.89,1,316,0.012772
409.756,1,315.5,0.0127711
410.622,1,315,0.0127726
411.488,1,314.5,0.0127743
412.354,1,314,0.0127743
413.22,1,313.5,0.0127744
414.086,1,313,0.0127744
414.952,1,312.5,0.0127721
415.818,1,312,0.0127698
416.684,1,311.5,0.0127677
417.55,1,311,0.012765
418.416,1,310.5,0.012762
419.282,1,310,0.012759
420.148,1,309.5,0.0127565
421.014,1,309,0.0127549
421.88,1,308.5,0.0127535
422.746,1,308,0.0127531
423.612,1,307.5,0.012755
424.478,1,307,0.0127581
425.344,1,306.5,0.0127614
426.21,1,306,0.0127664
427.076,1,305.5,0.012771
427.942,1,305,0.0127752
428.808,1,304.5,0.0127801
429.674,1,304,0.0127843
430.54,1,303.5,0.0127881
431.406,1,303,0.0127908
432.272,1,302.5,0.0127929
433.138,1,302,0.0127946
434.004,1,301.5,0.0127944
434.87,1,301,0.0127934
435.737,1,300.5,0.0127923
436.603,1,300,0.012791
437.469,1,299.5,0.0127894
438.335,1,299,0.0127886
439.201,1,298.5,0.0127875
440.067,1,298,0.0127859
440.933,1,297.5,0.0127841
441.799,1,297,0.012782
442.665,1,296.5,0.0127794
443.531,1,296,0.0127774
444.397,1,295.5,0.0127754
445.263,1,295,0.0127738
446.129,1,294.5,0.0127721
446.995,1,294,0.0127702
447.861,1,293.5,0.012769
448.727,1,293,0.0127677
449.593,1,292.5,0.0127664
450.459,1,292,0.0127648
451.325,1,291.5,0.0127631
452.191,1,291,0.0127613
453.057,1,290.5,0.0127594
453.923,1,290,0.0127574
454.789,1,289.5,0.0127554
455.655,1,289,0.0127534
456.521,1,288.5,0.0127514
457.387,1,288,0.0127496
458.253,1,287.5,0.0127479
459.119,1,287,0.0127464
459.985,1,286.5,0.0127449
460.851,1,286,0.0127436
461.717,1,285.5,0.0127433
462.583,1,285,0.0127431
463.449,1,284.5,0.0127429
464.315,1,284,0.0127432
465.181,1,283.5,0.0127436
466.047,1,283,0.012744
466.913,1,282.5,0.0127451
467.779,1,282,0.0127463
468.645,1,281.5,0.0127476
469.512,1,281,0.0127496
470.378,1,280.5,0.0127519
471.244,1,280,0.0127541
472.11,1,279.5,0.0127567
472.976,1,279,0.01276
473.842,1,278.5,0.0127632
474.708,1,278,0.0127663
475.574,1,277.5,0.012769
476.44,1,277,0.0127717
477.306,1,276.5,0.0127742
478.172,1,276,0.0127761
479.038,1,275.5,0.0127781
479.904,1,275,0.0127801
480.77,1,274.5,0.0127818
481.636,1,274,0.0127834
482.502,1,273.5,0.012785
483.368,1,273,0.0127861
484.234,1,272.5,0.0127871
485.1,1,272,0.012788
485.966,1,271.5,0.0127879
486.832,1,271,0.0127875
487.698,1,270.5,0.012787
488.564,1,270,0.0127864
489.43,1,269.5,0.0127855
490.296,1,269,0.0127844
491.162,1,268.5,0.012783
492.028,1,268,0.0127814
492.894,1,267.5,0.0127798
493.76,1,267,0.0127783
494.626,1,266.5,0.0127768
495.492,1,266,0.0127755
496.358,1,265.5,0.0127742
497.224,1,265,0.0127735
498.09,1,264.5,0.0127729
498.956,1,264,0.0127722
499.822,1,263.5,0.0127721
500.688,1,263,0.012772
501.554,1,262.5,0.0127719
502.42,1,262,0.012772
503.286,1,261.5,0.012772
504.153,1,261,0.0127721
505.019,1,260.5,0.012772
505.885,1,260,0.012772
506.751,1,259.5,0.012772
507.617,1,259,0.012772
508.483,1,258.5,0.012772
509.349,1,258,0.0127721
510.215,1,257.5,0.0127721
511.081,1,257,0.0127719
511.947,1,256.5,0.0127717
512.813,1,256,0.0127716
513.679,1,255.5,0.0127713
514.545,1,255,0.0127708
515.411,1,254.5,0.0127704
516.277,1,254,0.0127698
517.143,1,253.5,0.0127692
518.009,1,253,0.0127686
518.875,1,252.5,0.0127679
519.741,1,252,0.0127671
520.607,1,251.5,0.0127663
521.473,1,251,0.0127656
522.339,1,250.5,0.0127648
523.205,1,250,0.0127641
524.071,1,249.5,0.0127635
524.937,1,249,0.0127629
525.803,1,248.5,0.0127623
526.669,1,248,0.0127617
527.535,1,247.5,0.0127611
528.401,1,247,0.0127608
529.267,1,246.5,0.0127604
530.133,1,246,0.01276
530.999,1,245.5,0.0127597
531.865,1,245,0.0127593
532.731,1,244.5,0.012759
533.597,1,244,0.0127587
534.463,1,243.5,0.0127585
535.329,1,243,0.0127582
536.195,1,242.5,0.012758
537.061,1,242,0.0127578
537.928,1,241.5,0.0127576
538.794,1,241,0.0127575
539.66,1,240.5,0.0127573
540.526,1,240,0.0127572
541.392,1,239.5,0.0127571
542.258,1,239,0.0127571
543.124,1,238.5,0.012757
543.99,1,238,0.0127569
544.856,1,237.5,0.0127568
545.722,1,237,0.0127568
546.588,1,236.5,0.0127568
547.454,1,236,0.0127568
548.32,1,235.5,0.0127569
549.186,1,235,0.0127569
550.052,1,234.5,0.012757
550.918,1,234,0.012757
551.784,1,233.5,0.0127571
552.65,1,233,0.0127572
553.516,1,232.5,0.0127573
554.382,1,232,0.0127574
555.248,1,231.5,0.0127575
556.114,1,231,0.0127576
556.98,1,230.5,0.0127577
557.846,1,230,0.0127579
558.712,1,229.5,0.0127581
559.578,1,229,0.0127583
560.444,1,228.5,0.0127585
561.31,1,228,0.0127587
562.176,1,227.5,0.0127589
563.042,1,227,0.0127591
563.908,1,226.5,0.0127592
564.774,1,226,0.0127594
565.64,1,225.5,0.0127596
566.506,1,225,0.0127597
567.372,1,224.5,0.0127598
568.238,1,224,0.0127599
569.104,1,223.5,0.01276
569.97,1,223,0.0127601
570.836,1,222.5,0.0127602
571.703,1,222,0.0127602
572.569,1,221.5,0.0127603
573.435,1,221,0.0127603
574.301,1,220.5,0.0127603
575.167,1,220,0.0127602
576.033,1,219.5,0.0127602
576.899,1,219,0.0127602
577.765,1,218.5,0.0127601
578.631,1,218,0.0127601
579.497,1,217.5,0.01276
580.363,1,217,0.0127599
581.229,1,216.5,0.0127598
582.095,1,216,0.0127597
582.961,1,215.5,0.0127596
583.827,1,215,0.0127595
584.693,1,214.5,0.0127595
585.559,1,214,0.0127594
586.425,1,213.5,0.0127593
587.291,1,213,0.0127591
588.157,1,212.5,0.012759
589.023,1,212,0.0127589
589.889,1,211.5,0.0127587
590.755,1,211,0.0127586
591.621,1,210.5,0.0127584
592.487,1,210,0.0127582
593.353,1,209.5,0.012758
594.219,1,209,0.0127578
595.085,1,208.5,0.0127576
595.951,1,208,0.0127573
596.817,1,207.5,0.0127571
597.683,1,207,0.0127568
598.549,1,206.5,0.0127565
599.415,1,206,0.0127562
600.281,1,205.5,0.0127559
601.147,1,205,0.0127555
602.013,1,204.5,0.0127552
602.879,1,204,0.0127549
603.745,1,203.5,0.0127545
604.611,1,203,0.0127541
605.477,1,202.5,0.0127537
606.344,1,202,0.0127533
607.21,1,201.5,0.0127529
608.076,1,201,0.0127524
608.942,1,200.5,0.012752
609.808,1,200,0.0127515
