x,y,z,b
90.1924,1,500,0.0142954
91.0584,1,499.5,0.0142565
91.9244,1,499,0.0142178
92.7905,1,498.5,0.0141604
93.6565,1,498,0.0141101
94.5225,1,497.5,0.0140679
95.3885,1,497,0.014037
96.2546,1,496.5,0.0140147
97.1206,1,496,0.013997
97.9866,1,495.5,0.0139728
98.8526,1,495,0.0139445
99.7187,1,494.5,0.0139121
100.585,1,494,0.0138763
101.451,1,493.5,0.0138273
102.317,1,493,0.0137978
103.183,1,492.5,0.0137958
104.049,1,492,0.0138181
104.915,1,491.5,0.0138619
105.781,1,491,0.0139416
106.647,1,490.5,0.0139665
107.513,1,490,0.0139371
108.379,1,489.5,0.013901
109.245,1,489,0.0138605
110.111,1,488.5,0.0138058
110.977,1,488,0.0137883
111.843,1,487.5,0.0139973
112.709,1,487,0.0142103
113.575,1,486.5,0.0144257
114.441,1,486,0.0146181
115.307,1,485.5,0.0147874
116.173,1,485,0.0148029
117.039,1,484.5,0.0147575
117.905,1,484,0.0147446
118.771,1,483.5,0.0147654
119.637,1,483,0.0148173
120.503,1,482.5,0.014908
121.369,1,482,0.0149987
122.235,1,481.5,0.0150269
123.101,1,481,0.0150093
123.967,1,480.5,0.0149596
124.833,1,480,0.0148712
125.699,1,479.5,0.0148901
126.565,1,479,0.0149626
127.431,1,478.5,0.0150484
128.297,1,478,0.0151389
129.164,1,477.5,0.015237
130.03,1,477,0.015269
130.896,1,476.5,0.0151203
131.762,1,476,0.0149776
132.628,1,475.5,0.0148409
133.494,1,475,0.0147027
134.36,1,474.5,0.0145763
135.226,1,474,0.014587
136.092,1,473.5,0.0146185
136.958,1,473,0.0146408
137.824,1,472.5,0.0146535
138.69,1,472,0.0146666
139.556,1,471.5,0.0146422
140.422,1,471,0.0145644
141.288,1,470.5,0.0145109
142.154,1,470,0.0144807
143.02,1,469.5,0.0144663
143.886,1,469,0.0144701
144.752,1,468.5,0.0144999
145.618,1,468,0.0145259
146.484,1,467.5,0.0145467
147.35,1,467,0.0145635
148.216,1,466.5,0.0145739
149.082,1,466,0.0145939
149.948,1,465.5,0.0146348
150.814,1,465,0.0146795
151.68,1,464.5,0.0147281
152.546,1,464,0.0147708
153.412,1,463.5,0.014814
154.278,1,463,0.0147804
155.144,1,462.5,0.0147242
156.01,1,462,0.0146587
156.876,1,461.5,0.0145881
157.742,1,461,0.0145083
158.608,1,460.5,0.0144693
159.474,1,460,0.0144772
160.34,1,459.5,0.0144802
161.206,1,459,0.0144768
162.072,1,458.5,0.0144691
162.939,1,458,0.0144552
163.805,1,457.5,0.0143604
164.671,1,457,0.014261
165.537,1,456.5,0.0141574
166.403,1,456,0.0140525
167.269,1,455.5,0.0139445
168.135,1,455,0.0138874
169.001,1,454.5,0.0139096
169.867,1,454,0.013916
170.733,1,453.5,0.0139051
171.599,1,453,0.0139057
172.465,1,452.5,0.0138957
173.331,1,452,0.0138691
174.197,1,451.5,0.0138838
175.063,1,451,0.0139227
175.929,1,450.5,0.013973
176.795,1,450,0.0140397
177.661,1,449.5,0.0140792
178.527,1,449,0.0140946
179.393,1,448.5,0.0141144
180.259,1,448,0.0141441
181.125,1,447.5,0.0141784
181.991,1,447,0.0142207
182.857,1,446.5,0.014287
183.723,1,446,0.0143505
184.589,1,445.5,0.0144108
185.455,1,445,0.014456
186.321,1,444.5,0.0144974
187.187,1,444,0.0145256
188.053,1,443.5,0.0145352
188.919,1,443,0.014544
189.785,1,442.5,0.0145543
190.651,1,442,0.0145591
191.517,1,441.5,0.0145621
192.383,1,441,0.0145522
193.249,1,440.5,0.0145442
194.115,1,440,0.0145392
194.981,1,439.5,0.0145375
195.847,1,439,0.0145372
196.714,1,438.5,0.0145229
197.58,1,438,0.0145083
198.446,1,437.5,0.0144966
199.312,1,437,0.0144831
200.178,1,436.5,0.014478
201.044,1,436,0.0144711
201.91,1,435.5,0.0144378
202.776,1,435,0.0144118
203.642,1,434.5,0.014393
204.508,1,434,0.0143789
205.374,1,433.5,0.0143702
206.24,1,433,0.0143805
207.106,1,432.5,0.0144066
207.972,1,432,0.0144394
208.838,1,431.5,0.0144778
209.704,1,431,0.0145261
210.57,1,430.5,0.0145784
211.436,1,430,0.0146358
212.302,1,429.5,0.0147063
213.168,1,429,0.0147898
214.034,1,428.5,0.0148767
214.9,1,428,0.014972
215.766,1,427.5,0.015093
216.632,1,427,0.0152156
217.498,1,426.5,0.015338
218.364,1,426,0.015457
219.23,1,425.5,0.015569
220.096,1,425,0.0156593
220.962,1,424.5,0.0157163
221.828,1,424,0.0157644
222.694,1,423.5,0.0158035
223.56,1,423,0.0158254
224.426,1,422.5,0.0158318
225.292,1,422,0.0158871
226.158,1,421.5,0.0159586
227.024,1,421,0.0160415
227.89,1,420.5,0.0161364
228.756,1,420,0.0162392
229.622,1,419.5,0.0163672
230.488,1,419,0.0165345
231.355,1,418.5,0.0167131
232.221,1,418,0.0168971
233.087,1,417.5,0.0170967
233.953,1,417,0.0172989
234.819,1,416.5,0.0173259
235.685,1,416,0.0173764
236.551,1,415.5,0.0174511
237.417,1,415,0.0175054
238.283,1,414.5,0.0175894
239.149,1,414,0.0176794
240.015,1,413.5,0.0177115
240.881,1,413,0.0177567
241.747,1,412.5,0.0178237
242.613,1,412,0.0178714
243.479,1,411.5,0.0179028
244.345,1,411,0.017828
245.211,1,410.5,0.0177376
246.077,1,410,0.0176323
246.943,1,409.5,0.0175232
247.809,1,409,0.0173902
248.675,1,408.5,0.0172661
249.541,1,408,0.0171709
250.407,1,407.5,0.0170635
251.273,1,407,0.0169283
252.139,1,406.5,0.0167928
253.005,1,406,0.0166515
253.871,1,405.5,0.0164614
254.737,1,405,0.0162656
255.603,1,404.5,0.0160642
256.469,1,404,0.0158623
257.335,1,403.5,0.015657
258.201,1,403,0.0154403
259.067,1,402.5,0.0152338
259.933,1,402,0.0150261
260.799,1,401.5,0.0148099
261.665,1,401,0.0145738
262.531,1,400.5,0.0143361
263.397,1,400,0.0141559
264.263,1,399.5,0.0139239
265.13,1,399,0.0136343
265.996,1,398.5,0.0133535
266.862,1,398,0.0131119
267.728,1,397.5,0.0129614
268.594,1,397,0.0128204
269.46,1,396.5,0.0127028
270.326,1,396,0.0126939
271.192,1,395.5,0.0126731
272.058,1,395,0.0126409
272.924,1,394.5,0.0125348
273.79,1,394,0.0124268
274.656,1,393.5,0.012318
275.522,1,393,0.0121528
276.388,1,392.5,0.0120231
277.254,1,392,0.012078
278.12,1,391.5,0.0128022
278.986,1,391,0.0140473
279.852,1,390.5,0.0155827
280.718,1,390,0.0175817
281.584,1,389.5,0.0195437
282.45,1,389,0.0213798
283.316,1,388.5,0.0251252
284.182,1,388,0.0325154
285.048,1,387.5,0.0418175
285.914,1,387,0.0473451
286.78,1,386.5,0.0502184
287.646,1,386,0.0517247
288.512,1,385.5,0.0486427
289.378,1,385,0.0458936
290.244,1,384.5,0.0397872
291.11,1,384,0.0388613
291.976,1,383.5,0.0415421
292.842,1,383,0.044923
293.708,1,382.5,0.0488057
294.574,1,382,0.0555681
295.44,1,381.5,0.0623567
296.306,1,381,0.0646152
297.172,1,380.5,0.0645959
298.038,1,380,0.0632579
298.905,1,379.5,0.0611646
299.771,1,379,0.059403
300.637,1,378.5,0.0588342
301.503,1,378,0.0581881
302.369,1,377.5,0.0576664
303.235,1,377,0.0576238
304.101,1,376.5,0.0583042
304.967,1,376,0.0596398
305.833,1,375.5,0.0617097
306.699,1,375,0.0637422
307.565,1,374.5,0.0656852
308.431,1,374,0.0669506
309.297,1,373.5,0.0678453
310.163,1,373,0.0683216
311.029,1,372.5,0.0682599
311.895,1,372,0.0678898
312.761,1,371.5,0.0672699
313.627,1,371,0.0666191
314.493,1,370.5,0.0668552
315.359,1,370,0.0663362
316.225,1,369.5,0.065928
317.091,1,369,0.065665
317.957,1,368.5,0.0640172
318.823,1,368,0.0638946
319.689,1,367.5,0.064619
320.555,1,367,0.065966
321.421,1,366.5,0.066505
322.287,1,366,0.0672126
323.153,1,365.5,0.0687474
324.019,1,365,0.0708142
324.885,1,364.5,0.0729548
325.751,1,364,0.0749534
326.617,1,363.5,0.0768649
327.483,1,363,0.0786782
328.349,1,362.5,0.0801565
329.215,1,362,0.0816127
330.081,1,361.5,0.0831859
330.947,1,361,0.0853192
331.813,1,360.5,0.0871562
332.679,1,360,0.0886801
333.546,1,359.5,0.090253
334.412,1,359,0.092477
335.278,1,358.5,0.0951435
336.144,1,358,0.0984314
337.01,1,357.5,0.102047
337.876,1,357,0.105969
338.742,1,356.5,0.109242
339.608,1,356,0.110894
340.474,1,355.5,0.110899
341.34,1,355,0.107933
342.206,1,354.5,0.103276
343.072,1,354,0.0969325
343.938,1,353.5,0.0908868
344.804,1,353,0.0834178
345.67,1,352.5,0.0742841
346.536,1,352,0.0648244
347.402,1,351.5,0.0528247
348.268,1,351,0.0445532
349.134,1,350.5,0.0385473
350,1,350,0.0361193
350.866,1,349.5,0.0341493
351.732,1,349,0.032331
352.598,1,348.5,0.0305813
353.464,1,348,0.0289119
354.33,1,347.5,0.0300044
355.196,1,347,0.0314033
356.062,1,346.5,0.0319732
356.928,1,346,0.0326902
357.794,1,345.5,0.0334861
358.66,1,345,0.034111
359.526,1,344.5,0.0345133
360.392,1,344,0.0345387
361.258,1,343.5,0.0343631
362.124,1,343,0.0339482
362.99,1,342.5,0.0327875
363.856,1,342,0.03146
364.722,1,341.5,0.0300471
365.588,1,341,0.0292964
366.454,1,340.5,0.029183
367.321,1,340,0.0279071
368.187,1,339.5,0.0265758
369.053,1,339,0.0253959
369.919,1,338.5,0.0243909
370.785,1,338,0.0231876
371.651,1,337.5,0.0226525
372.517,1,337,0.0225438
373.383,1,336.5,0.0234342
374.249,1,336,0.0244898
375.115,1,335.5,0.0253648
375.981,1,335,0.0264418
376.847,1,334.5,0.0280223
377.713,1,334,0.0296815
378.579,1,333.5,0.0313299
379.445,1,333,0.0327421
380.311,1,332.5,0.0340055
381.177,1,332,0.0348562
382.043,1,331.5,0.034654
382.909,1,331,0.0338531
383.775,1,330.5,0.0327003
384.641,1,330,0.0314155
385.507,1,329.5,0.0299887
386.373,1,329,0.0290588
387.239,1,328.5,0.0285749
388.105,1,328,0.0291008
388.971,1,327.5,0.0294249
389.837,1,327,0.0297292
390.703,1,326.5,0.0306853
391.569,1,326,0.0314296
392.435,1,325.5,0.0317931
393.301,1,325,0.0313571
394.167,1,324.5,0.033013
395.033,1,324,0.0336413
395.899,1,323.5,0.0340196
396.765,1,323,0.0342179
397.631,1,322.5,0.0343047
398.497,1,322,0.0348184
399.363,1,321.5,0.0343872
400.229,1,321,0.033398
401.095,1,320.5,0.0330837
401.962,1,320,0.0330569
402.828,1,319.5,0.0326482
403.694,1,319,0.032661
404.56,1,318.5,0.0333106
405.426,1,318,0.0342686
406.292,1,317.5,0.0358808
407.158,1,317,0.0366911
408.024,1,316.5,0.0369389
408.89,1,316,0.0368075
409.756,1,315.5,0.0367659
410.622,1,315,0.0363179
411.488,1,314.5,0.0353524
412.354,1,314,0.0342238
413.22,1,313.5,0.033502
414.086,1,313,0.0331201
414.952,1,312.5,0.0330463
415.818,1,312,0.0374834
416.684,1,311.5,0.0394939
417.55,1,311,0.0405663
418.416,1,310.5,0.0409399
419.282,1,310,0.0412727
420.148,1,309.5,0.0413678
421.014,1,309,0.0412547
421.88,1,308.5,0.0411373
422.746,1,308,0.0412855
423.612,1,307.5,0.0420369
424.478,1,307,0.042699
425.344,1,306.5,0.0433892
426.21,1,306,0.0448868
427.076,1,305.5,0.0462326
427.942,1,305,0.0474253
428.808,1,304.5,0.048634
429.674,1,304,0.0499754
430.54,1,303.5,0.051412
431.406,1,303,0.0522223
432.272,1,302.5,0.0527905
433.138,1,302,0.0536451
434.004,1,301.5,0.0545035
434.87,1,301,0.0552982
435.737,1,300.5,0.0556088
436.603,1,300,0.0559278
437.469,1,299.5,0.0562551
438.335,1,299,0.0565908
439.201,1,298.5,0.056935
440.067,1,298,0.0572737
440.933,1,297.5,0.0572544
441.799,1,297,0.057134
442.665,1,296.5,0.0569634
443.531,1,296,0.0567427
444.397,1,295.5,0.0564719
445.263,1,295,0.0561509
446.129,1,294.5,0.0557518
446.995,1,294,0.0552654
447.861,1,293.5,0.0547177
448.727,1,293,0.0541088
449.593,1,292.5,0.0534976
450.459,1,292,0.0532433
451.325,1,291.5,0.0531302
452.191,1,291,0.0531457
453.057,1,290.5,0.0530668
453.923,1,290,0.0498576
454.789,1,289.5,0.0475842
455.655,1,289,0.0451936
456.521,1,288.5,0.0434062
457.387,1,288,0.0419708
458.253,1,287.5,0.0405143
459.119,1,287,0.0402111
459.985,1,286.5,0.0372698
460.851,1,286,0.0346928
461.717,1,285.5,0.0327377
462.583,1,285,0.0320365
463.449,1,284.5,0.0317004
464.315,1,284,0.0314492
465.181,1,283.5,0.0316628
466.047,1,283,0.0326644
466.913,1,282.5,0.0339425
467.779,1,282,0.035276
468.645,1,281.5,0.0361231
469.512,1,281,0.0360975
470.378,1,280.5,0.0354355
471.244,1,280,0.0350194
472.11,1,279.5,0.0354075
472.976,1,279,0.036373
473.842,1,278.5,0.0373316
474.708,1,278,0.0385045
475.574,1,277.5,0.0398796
476.44,1,277,0.0413855
477.306,1,276.5,0.0426694
478.172,1,276,0.0437884
479.038,1,275.5,0.0449116
479.904,1,275,0.045967
480.77,1,274.5,0.0468943
481.636,1,274,0.0472045
482.502,1,273.5,0.0471788
483.368,1,273,0.0470993
484.234,1,272.5,0.0465958
485.1,1,272,0.0454428
485.966,1,271.5,0.0432966
486.832,1,271,0.0401551
487.698,1,270.5,0.0375473
488.564,1,270,0.0362864
489.43,1,269.5,0.0358963
490.296,1,269,0.0359108
491.162,1,268.5,0.0363534
492.028,1,268,0.0372429
492.894,1,267.5,0.038068
493.76,1,267,0.0385107
494.626,1,266.5,0.0389404
495.492,1,266,0.0392903
496.358,1,265.5,0.0395606
497.224,1,265,0.03979
498.09,1,264.5,0.0400513
498.956,1,264,0.0403444
499.822,1,263.5,0.0398325
500.688,1,263,0.0392533
501.554,1,262.5,0.0387831
502.42,1,262,0.0384074
503.286,1,261.5,0.0380871
504.153,1,261,0.0378638
505.019,1,260.5,0.0378707
505.885,1,260,0.0379392
506.751,1,259.5,0.0380499
507.617,1,259,0.0382162
508.483,1,258.5,0.0384007
509.349,1,258,0.038627
510.215,1,257.5,0.0388095
511.081,1,257,0.0389177
511.947,1,256.5,0.0390972
512.813,1,256,0.0393496
513.679,1,255.5,0.0397479
514.545,1,255,0.0403555
515.411,1,254.5,0.0409705
516.277,1,254,0.0415921
517.143,1,253.5,0.0421706
518.009,1,253,0.0427053
518.875,1,252.5,0.0437568
519.741,1,252,0.0448462
520.607,1,251.5,0.0458523
521.473,1,251,0.0472923
522.339,1,250.5,0.049094
523.205,1,250,0.0507795
524.071,1,249.5,0.0513323
524.937,1,249,0.0509993
525.803,1,248.5,0.0503838
526.669,1,248,0.0495667
527.535,1,247.5,0.0487892
528.401,1,247,0.0479092
529.267,1,246.5,0.0469543
530.133,1,246,0.0464874
530.999,1,245.5,0.0456409
531.865,1,245,0.0443974
532.731,1,244.5,0.0428231
533.597,1,244,0.0419059
534.463,1,243.5,0.041034
535.329,1,243,0.0400641
536.195,1,242.5,0.0391859
537.061,1,242,0.0384241
537.928,1,241.5,0.0378648
538.794,1,241,0.0372921
539.66,1,240.5,0.0367297
540.526,1,240,0.0360313
541.392,1,239.5,0.035282
542.258,1,239,0.0345502
543.124,1,238.5,0.033498
543.99,1,238,0.0321269
544.856,1,237.5,0.0308297
545.722,1,237,0.0298541
546.588,1,236.5,0.0297385
547.454,1,236,0.0298517
548.32,1,235.5,0.0300125
549.186,1,235,0.03033
550.052,1,234.5,0.0305736
550.918,1,234,0.0307432
551.784,1,233.5,0.0330795
552.65,1,233,0.0395207
553.516,1,232.5,0.0395693
554.382,1,232,0.0387154
555.248,1,231.5,0.0379089
556.114,1,231,0.0377446
556.98,1,230.5,0.0377644
557.846,1,230,0.0379685
558.712,1,229.5,0.0383569
559.578,1,229,0.0389294
560.444,1,228.5,0.0396862
561.31,1,228,0.0403262
562.176,1,227.5,0.0409301
563.042,1,227,0.0415274
563.908,1,226.5,0.0419527
564.774,1,226,0.0425258
565.64,1,225.5,0.0432722
566.506,1,225,0.0435256
567.372,1,224.5,0.0432739
568.238,1,224,0.0429803
569.104,1,223.5,0.0426446
569.97,1,223,0.0422671
570.836,1,222.5,0.0418475
571.703,1,222,0.0413146
572.569,1,221.5,0.0404917
573.435,1,221,0.0401017
574.301,1,220.5,0.0381912
575.167,1,220,0.0360777
576.033,1,219.5,0.0342715
576.899,1,219,0.0329111
577.765,1,218.5,0.0314983
578.631,1,218,0.0299742
579.497,1,217.5,0.0281268
580.363,1,217,0.0262405
581.229,1,216.5,0.0245933
582.095,1,216,0.0241658
582.961,1,215.5,0.0233226
583.827,1,215,0.0235941
584.693,1,214.5,0.0243767
585.559,1,214,0.0252356
586.425,1,213.5,0.0257642
587.291,1,213,0.0262184
588.157,1,212.5,0.0267908
589.023,1,212,0.0277632
589.889,1,211.5,0.0291062
590.755,1,211,0.0300113
591.621,1,210.5,0.0306061
592.487,1,210,0.031162
593.353,1,209.5,0.0309224
594.219,1,209,0.0306828
595.085,1,208.5,0.0308282
595.951,1,208,0.0308124
596.817,1,207.5,0.0306551
597.683,1,207,0.0309299
598.549,1,206.5,0.030633
599.415,1,206,0.0297861
600.281,1,205.5,0.0295436
601.147,1,205,0.0293208
602.013,1,204.5,0.028665
602.879,1,204,0.0284558
603.745,1,203.5,0.0283084
604.611,1,203,0.0277263
605.477,1,202.5,0.0275354
606.344,1,202,0.0274695
607.21,1,201.5,0.0268554
608.076,1,201,0.0265586
608.942,1,200.5,0.0265764
609.808,1,200,0.0262678
