x,y,z,b
90.1924,1,500,0.0137124
91.0584,1,499.5,0.0136246
91.9244,1,499,0.0135421
92.7905,1,498.5,0.0135029
93.6565,1,498,0.0134566
94.5225,1,497.5,0.0134053
95.3885,1,497,0.0133543
96.2546,1,496.5,0.0132943
97.1206,1,496,0.0132412
97.9866,1,495.5,0.0132111
98.8526,1,495,0.0131876
99.7187,1,494.5,0.0131707
100.585,1,494,0.0131655
101.451,1,493.5,0.0131661
102.317,1,493,0.0131633
103.183,1,492.5,0.0131436
104.049,1,492,0.0131084
104.915,1,491.5,0.0130593
105.781,1,491,0.0129898
106.647,1,490.5,0.0129683
107.513,1,490,0.0129829
108.379,1,489.5,0.0129939
109.245,1,489,0.0129976
110.111,1,488.5,0.0130007
110.977,1,488,0.0129739
111.843,1,487.5,0.0128355
112.709,1,487,0.0127235
113.575,1,486.5,0.0126406
114.441,1,486,0.0126199
115.307,1,485.5,0.0126541
116.173,1,485,0.0126914
117.039,1,484.5,0.0126755
117.905,1,484,0.0126083
118.771,1,483.5,0.0124898
119.637,1,483,0.0123442
120.503,1,482.5,0.0122259
121.369,1,482,0.0123151
122.235,1,481.5,0.0124613
123.101,1,481,0.0126157
123.967,1,480.5,0.012754
124.833,1,480,0.0128736
125.699,1,479.5,0.0127392
126.565,1,479,0.0125599
127.431,1,478.5,0.0124187
128.297,1,478,0.0123288
129.164,1,477.5,0.0122798
130.03,1,477,0.0123158
130.896,1,476.5,0.0124498
131.762,1,476,0.012526
132.628,1,475.5,0.0125446
133.494,1,475,0.0125111
134.36,1,474.5,0.0124237
135.226,1,474,0.0123751
136.092,1,473.5,0.0123897
136.958,1,473,0.012445
137.824,1,472.5,0.0125389
138.69,1,472,0.0126694
139.556,1,471.5,0.0127037
140.422,1,471,0.0124883
141.288,1,470.5,0.0122306
142.154,1,470,0.0119473
143.02,1,469.5,0.0116396
143.886,1,469,0.0113201
144.752,1,468.5,0.0115079
145.618,1,468,0.0117665
146.484,1,467.5,0.0120412
147.35,1,467,0.0123353
148.216,1,466.5,0.0126245
149.082,1,466,0.0126974
149.948,1,465.5,0.0124777
150.814,1,465,0.012259
151.68,1,464.5,0.0120414
152.546,1,464,0.0118774
153.412,1,463.5,0.0117584
154.278,1,463,0.0120872
155.144,1,462.5,0.0124463
156.01,1,462,0.012759
156.876,1,461.5,0.0130085
157.742,1,461,0.0131738
158.608,1,460.5,0.0131532
159.474,1,460,0.0130353
160.34,1,459.5,0.0129585
161.206,1,459,0.0129506
162.072,1,458.5,0.013013
162.939,1,458,0.0131588
163.805,1,457.5,0.0133791
164.671,1,457,0.0135222
165.537,1,456.5,0.0135883
166.403,1,456,0.0135849
167.269,1,455.5,0.0135154
168.135,1,455,0.0135532
169.001,1,454.5,0.0137595
169.867,1,454,0.013991
170.733,1,453.5,0.0142473
171.599,1,453,0.0145033
172.465,1,452.5,0.0147382
173.331,1,452,0.0148152
174.197,1,451.5,0.0149052
175.063,1,451,0.0150187
175.929,1,450.5,0.0151663
176.795,1,450,0.0153132
177.661,1,449.5,0.0154877
178.527,1,449,0.0156829
179.393,1,448.5,0.0158552
180.259,1,448,0.015999
181.125,1,447.5,0.0161292
181.991,1,447,0.0162368
182.857,1,446.5,0.0162907
183.723,1,446,0.0163508
184.589,1,445.5,0.0164169
185.455,1,445,0.016472
186.321,1,444.5,0.0165182
187.187,1,444,0.0165455
188.053,1,443.5,0.0165554
188.919,1,443,0.0165577
189.785,1,442.5,0.0165539
190.651,1,442,0.0165553
191.517,1,441.5,0.0165551
192.383,1,441,0.016587
193.249,1,440.5,0.0166434
194.115,1,440,0.01671
194.981,1,439.5,0.0167712
195.847,1,439,0.0168333
196.714,1,438.5,0.0169224
197.58,1,438,0.0170267
198.446,1,437.5,0.0171411
199.312,1,437,0.0172638
200.178,1,436.5,0.0173875
201.044,1,436,0.017488
201.91,1,435.5,0.0175152
202.776,1,435,0.0175471
203.642,1,434.5,0.0175837
204.508,1,434,0.0176172
205.374,1,433.5,0.0176527
206.24,1,433,0.0176743
207.106,1,432.5,0.0176919
207.972,1,432,0.0177104
208.838,1,431.5,0.0177302
209.704,1,431,0.0177503
210.57,1,430.5,0.0177506
211.436,1,430,0.0177094
212.302,1,429.5,0.0176675
213.168,1,429,0.0176255
214.034,1,428.5,0.0175858
214.9,1,428,0.0175458
215.766,1,427.5,0.0175053
216.632,1,427,0.0174597
217.498,1,426.5,0.0174061
218.364,1,426,0.0173352
219.23,1,425.5,0.0172612
220.096,1,425,0.01717
220.962,1,424.5,0.0170372
221.828,1,424,0.0169064
222.694,1,423.5,0.0167781
223.56,1,423,0.0166278
224.426,1,422.5,0.0164767
225.292,1,422,0.0163051
226.158,1,421.5,0.0161134
227.024,1,421,0.0159157
227.89,1,420.5,0.0157208
228.756,1,420,0.0155209
229.622,1,419.5,0.0153254
230.488,1,419,0.0151499
231.355,1,418.5,0.0149846
232.221,1,418,0.0148315
233.087,1,417.5,0.0146942
233.953,1,417,0.0145692
234.819,1,416.5,0.014466
235.685,1,416,0.0143661
236.551,1,415.5,0.0142686
237.417,1,415,0.0141686
238.283,1,414.5,0.0140793
239.149,1,414,0.0140285
240.015,1,413.5,0.0140776
240.881,1,413,0.01412
241.747,1,412.5,0.0141448
242.613,1,412,0.0141853
243.479,1,411.5,0.0142271
244.345,1,411,0.0142085
245.211,1,410.5,0.0141806
246.077,1,410,0.0141445
246.943,1,409.5,0.0140925
247.809,1,409,0.0140269
248.675,1,408.5,0.0139729
249.541,1,408,0.013922
250.407,1,407.5,0.0138527
251.273,1,407,0.0137582
252.139,1,406.5,0.0136488
253.005,1,406,0.0135136
253.871,1,405.5,0.0132662
254.737,1,405,0.0130022
255.603,1,404.5,0.0127215
256.469,1,404,0.0123579
257.335,1,403.5,0.0119778
258.201,1,403,0.0116621
259.067,1,402.5,0.0114627
259.933,1,402,0.0112769
260.799,1,401.5,0.0110777
261.665,1,401,0.0109778
262.531,1,400.5,0.0109721
263.397,1,400,0.0110696
264.263,1,399.5,0.0112618
265.13,1,399,0.0115804
265.996,1,398.5,0.0119272
266.862,1,398,0.0124079
267.728,1,397.5,0.0131135
268.594,1,397,0.0137928
269.46,1,396.5,0.0144511
270.326,1,396,0.0150414
271.192,1,395.5,0.0156864
272.058,1,395,0.016374
272.924,1,394.5,0.0167769
273.79,1,394,0.0172853
274.656,1,393.5,0.0179041
275.522,1,393,0.0186037
276.388,1,392.5,0.0194263
277.254,1,392,0.0199981
278.12,1,391.5,0.0203844
278.986,1,391,0.0206904
279.852,1,390.5,0.0209488
280.718,1,390,0.0209864
281.584,1,389.5,0.0210543
282.45,1,389,0.0216707
283.316,1,388.5,0.0223957
284.182,1,388,0.0235023
285.048,1,387.5,0.025778
285.914,1,387,0.0260133
286.78,1,386.5,0.0262681
287.646,1,386,0.0263961
288.512,1,385.5,0.0263856
289.378,1,385,0.0261812
290.244,1,384.5,0.0259929
291.11,1,384,0.0258204
291.976,1,383.5,0.0256639
292.842,1,383,0.0255863
293.708,1,382.5,0.0256741
294.574,1,382,0.0257874
295.44,1,381.5,0.0259263
296.306,1,381,0.0260907
297.172,1,380.5,0.0262806
298.038,1,380,0.0264955
298.905,1,379.5,0.0269502
299.771,1,379,0.0274015
300.637,1,378.5,0.0278472
301.503,1,378,0.0282872
302.369,1,377.5,0.0287215
303.235,1,377,0.0291502
304.101,1,376.5,0.029866
304.967,1,376,0.0306974
305.833,1,375.5,0.0315002
306.699,1,375,0.0322743
307.565,1,374.5,0.0329891
308.431,1,374,0.0335584
309.297,1,373.5,0.0340955
310.163,1,373,0.0345419
311.029,1,372.5,0.0348514
311.895,1,372,0.0350239
312.761,1,371.5,0.0350595
313.627,1,371,0.0349582
314.493,1,370.5,0.0347083
315.359,1,370,0.0341212
316.225,1,369.5,0.0334776
317.091,1,369,0.0328694
317.957,1,368.5,0.0324898
318.823,1,368,0.0321324
319.689,1,367.5,0.0317972
320.555,1,367,0.0315297
321.421,1,366.5,0.0312977
322.287,1,366,0.0310842
323.153,1,365.5,0.0308891
324.019,1,365,0.0307124
324.885,1,364.5,0.0305541
325.751,1,364,0.0304518
326.617,1,363.5,0.0305491
327.483,1,363,0.0308833
328.349,1,362.5,0.0311825
329.215,1,362,0.0314466
330.081,1,361.5,0.0316757
330.947,1,361,0.0318804
331.813,1,360.5,0.0321344
332.679,1,360,0.0323347
333.546,1,359.5,0.0324814
334.412,1,359,0.0325744
335.278,1,358.5,0.0326138
336.144,1,358,0.0326103
337.01,1,357.5,0.0327685
337.876,1,357,0.032927
338.742,1,356.5,0.0330326
339.608,1,356,0.0330851
340.474,1,355.5,0.0330846
341.34,1,355,0.0290358
342.206,1,354.5,0.0267998
343.072,1,354,0.0244013
343.938,1,353.5,0.0243292
344.804,1,353,0.0244416
345.67,1,352.5,0.0245956
346.536,1,352,0.0253111
347.402,1,351.5,0.0262802
348.268,1,351,0.0273195
349.134,1,350.5,0.0298494
350,1,350,0.0369126
350.866,1,349.5,0.037813
351.732,1,349,0.0386376
352.598,1,348.5,0.0393862
353.464,1,348,0.0390809
354.33,1,347.5,0.03857
355.196,1,347,0.0380376
356.062,1,346.5,0.0375707
356.928,1,346,0.0371985
357.794,1,345.5,0.036921
358.66,1,345,0.0368886
359.526,1,344.5,0.0370716
360.392,1,344,0.0373308
361.258,1,343.5,0.0376663
362.124,1,343,0.038078
362.99,1,342.5,0.038566
363.856,1,342,0.0391352
364.722,1,341.5,0.0396755
365.588,1,341,0.0401427
366.454,1,340.5,0.0405886
367.321,1,340,0.0410133
368.187,1,339.5,0.0414167
369.053,1,339,0.0417989
369.919,1,338.5,0.041834
370.785,1,338,0.0417932
371.651,1,337.5,0.0417122
372.517,1,337,0.0415912
373.383,1,336.5,0.0414301
374.249,1,336,0.0413567
375.115,1,335.5,0.0412322
375.981,1,335,0.0410906
376.847,1,334.5,0.0409949
377.713,1,334,0.0409453
378.579,1,333.5,0.0409417
379.445,1,333,0.0409841
380.311,1,332.5,0.0414034
381.177,1,332,0.0427798
382.043,1,331.5,0.0442194
382.909,1,331,0.0456285
383.775,1,330.5,0.0468014
384.641,1,330,0.0477149
385.507,1,329.5,0.0484498
386.373,1,329,0.0492132
387.239,1,328.5,0.0499475
388.105,1,328,0.0506532
388.971,1,327.5,0.0511557
389.837,1,327,0.0513054
390.703,1,326.5,0.0519252
391.569,1,326,0.0527809
392.435,1,325.5,0.0532658
393.301,1,325,0.0533704
394.167,1,324.5,0.0534437
395.033,1,324,0.053498
395.899,1,323.5,0.0540131
396.765,1,323,0.0549368
397.631,1,322.5,0.0562665
398.497,1,322,0.0580305
399.363,1,321.5,0.059856
400.229,1,321,0.0624955
401.095,1,320.5,0.0653447
401.962,1,320,0.0677478
402.828,1,319.5,0.0701623
403.694,1,319,0.0713205
404.56,1,318.5,0.0699133
405.426,1,318,0.0642208
406.292,1,317.5,0.0646879
407.158,1,317,0.0701696
408.024,1,316.5,0.0718162
408.89,1,316,0.073272
409.756,1,315.5,0.0734636
410.622,1,315,0.0734677
411.488,1,314.5,0.0738186
412.354,1,314,0.0742562
413.22,1,313.5,0.0747415
414.086,1,313,0.0751591
414.952,1,312.5,0.0749838
415.818,1,312,0.0748638
416.684,1,311.5,0.0748315
417.55,1,311,0.0751549
418.416,1,310.5,0.0756083
419.282,1,310,0.0762267
420.148,1,309.5,0.0774226
421.014,1,309,0.0790463
421.88,1,308.5,0.080825
422.746,1,308,0.0829029
423.612,1,307.5,0.0848652
424.478,1,307,0.0856107
425.344,1,306.5,0.0862988
426.21,1,306,0.086923
427.076,1,305.5,0.0875397
427.942,1,305,0.0881481
428.808,1,304.5,0.0874449
429.674,1,304,0.0862577
430.54,1,303.5,0.0849509
431.406,1,303,0.0836103
432.272,1,302.5,0.0824739
433.138,1,302,0.0818553
434.004,1,301.5,0.0826423
434.87,1,301,0.0836472
435.737,1,300.5,0.0846305
436.603,1,300,0.0850242
437.469,1,299.5,0.0854403
438.335,1,299,0.0865106
439.201,1,298.5,0.0877174
440.067,1,298,0.0889043
440.933,1,297.5,0.0903111
441.799,1,297,0.0920064
442.665,1,296.5,0.0947295
443.531,1,296,0.0983598
444.397,1,295.5,0.101804
445.263,1,295,0.104907
446.129,1,294.5,0.107114
446.995,1,294,0.108425
447.861,1,293.5,0.106959
448.727,1,293,0.105469
449.593,1,292.5,0.104204
450.459,1,292,0.103843
451.325,1,291.5,0.103744
452.191,1,291,0.1033
453.057,1,290.5,0.101573
453.923,1,290,0.0995026
454.789,1,289.5,0.0976071
455.655,1,289,0.0956525
456.521,1,288.5,0.0933578
457.387,1,288,0.0915097
458.253,1,287.5,0.089853
459.119,1,287,0.088789
459.985,1,286.5,0.0874353
460.851,1,286,0.0860047
461.717,1,285.5,0.0858276
462.583,1,285,0.0855379
463.449,1,284.5,0.0852749
464.315,1,284,0.0854373
465.181,1,283.5,0.0858038
466.047,1,283,0.086358
466.913,1,282.5,0.0855465
467.779,1,282,0.0848496
468.645,1,281.5,0.0845532
469.512,1,281,0.0838361
470.378,1,280.5,0.0831929
471.244,1,280,0.0828382
472.11,1,279.5,0.0828483
472.976,1,279,0.0833055
473.842,1,278.5,0.0840227
474.708,1,278,0.0850451
475.574,1,277.5,0.086625
476.44,1,277,0.0892038
477.306,1,276.5,0.0916683
478.172,1,276,0.0935703
479.038,1,275.5,0.0956478
479.904,1,275,0.0978814
480.77,1,274.5,0.097541
481.636,1,274,0.096693
482.502,1,273.5,0.0968286
483.368,1,273,0.0961207
484.234,1,272.5,0.0953395
485.1,1,272,0.0951325
485.966,1,271.5,0.0953757
486.832,1,271,0.0927706
487.698,1,270.5,0.0899166
488.564,1,270,0.0867136
489.43,1,269.5,0.0750837
490.296,1,269,0.0605577
491.162,1,268.5,0.0466872
492.028,1,268,0.0424769
492.894,1,267.5,0.0415007
493.76,1,267,0.0399934
494.626,1,266.5,0.0383302
495.492,1,266,0.0365548
496.358,1,265.5,0.0356794
497.224,1,265,0.0351453
498.09,1,264.5,0.0353125
498.956,1,264,0.0371575
499.822,1,263.5,0.0397658
500.688,1,263,0.0412045
501.554,1,262.5,0.0418245
502.42,1,262,0.0411696
503.286,1,261.5,0.0384908
504.153,1,261,0.0361815
505.019,1,260.5,0.0349353
505.885,1,260,0.0340001
506.751,1,259.5,0.0330364
507.617,1,259,0.0319086
508.483,1,258.5,0.0315704
509.349,1,258,0.0314247
510.215,1,257.5,0.0310976
511.081,1,257,0.0307192
511.947,1,256.5,0.0303297
512.813,1,256,0.0294946
513.679,1,255.5,0.0293196
514.545,1,255,0.0299067
515.411,1,254.5,0.029728
516.277,1,254,0.0287804
517.143,1,253.5,0.0306902
518.009,1,253,0.0320921
518.875,1,252.5,0.0323089
519.741,1,252,0.0322756
520.607,1,251.5,0.0323037
521.473,1,251,0.0320081
522.339,1,250.5,0.0309453
523.205,1,250,0.0290218
524.071,1,249.5,0.0279198
524.937,1,249,0.0272133
525.803,1,248.5,0.0267433
526.669,1,248,0.0264319
527.535,1,247.5,0.0267474
528.401,1,247,0.0272291
529.267,1,246.5,0.0275889
530.133,1,246,0.0278917
530.999,1,245.5,0.0281022
531.865,1,245,0.0280743
532.731,1,244.5,0.0279421
533.597,1,244,0.0277833
534.463,1,243.5,0.0275347
535.329,1,243,0.027286
536.195,1,242.5,0.0270815
537.061,1,242,0.0269461
537.928,1,241.5,0.0267765
538.794,1,241,0.0270652
539.66,1,240.5,0.0274218
540.526,1,240,0.027397
541.392,1,239.5,0.0282656
542.258,1,239,0.0277675
543.124,1,238.5,0.0275754
543.99,1,238,0.0276964
544.856,1,237.5,0.0279584
545.722,1,237,0.0284595
546.588,1,236.5,0.0293101
547.454,1,236,0.0299007
548.32,1,235.5,0.0305115
549.186,1,235,0.0311641
550.052,1,234.5,0.0317783
550.918,1,234,0.032354
551.784,1,233.5,0.0330106
552.65,1,233,0.0336174
553.516,1,232.5,0.0341846
554.382,1,232,0.0349057
555.248,1,231.5,0.0356906
556.114,1,231,0.0365136
556.98,1,230.5,0.0376058
557.846,1,230,0.0387201
558.712,1,229.5,0.0397993
559.578,1,229,0.0407191
560.444,1,228.5,0.0414415
561.31,1,228,0.0420371
562.176,1,227.5,0.0423459
563.042,1,227,0.0423819
563.908,1,226.5,0.0423117
564.774,1,226,0.0421783
565.64,1,225.5,0.0420853
566.506,1,225,0.0410923
567.372,1,224.5,0.03996
568.238,1,224,0.0379846
569.104,1,223.5,0.0360917
569.97,1,223,0.0342914
570.836,1,222.5,0.0325207
571.703,1,222,0.0310962
572.569,1,221.5,0.0299588
573.435,1,221,0.0291683
574.301,1,220.5,0.0285986
575.167,1,220,0.0280942
576.033,1,219.5,0.0274477
576.899,1,219,0.0269697
577.765,1,218.5,0.0265511
578.631,1,218,0.0262844
579.497,1,217.5,0.0262613
580.363,1,217,0.0262701
581.229,1,216.5,0.0262681
582.095,1,216,0.0262703
582.961,1,215.5,0.0263562
583.827,1,215,0.0264998
584.693,1,214.5,0.0260966
585.559,1,214,0.0256963
586.425,1,213.5,0.0253916
587.291,1,213,0.0251826
588.157,1,212.5,0.0249494
589.023,1,212,0.0246848
589.889,1,211.5,0.0249382
590.755,1,211,0.0253342
591.621,1,210.5,0.0257207
592.487,1,210,0.0263394
593.353,1,209.5,0.0271486
594.219,1,209,0.0278201
595.085,1,208.5,0.0283483
595.951,1,208,0.0288239
596.817,1,207.5,0.02888
597.683,1,207,0.0283705
598.549,1,206.5,0.0271867
599.415,1,206,0.0264838
600.281,1,205.5,0.0258003
601.147,1,205,0.0249311
602.013,1,204.5,0.0241192
602.879,1,204,0.0233647
603.745,1,203.5,0.0231717
604.611,1,203,0.0230174
605.477,1,202.5,0.0228426
606.344,1,202,0.0227947
607.21,1,201.5,0.0227783
608.076,1,201,0.0227543
608.942,1,200.5,0.0228896
609.808,1,200,0.0230589
