x,y,z,b
90.1924,1,500,0.0127407
91.0584,1,499.5,0.0127481
91.9244,1,499,0.0127551
92.7905,1,498.5,0.0127619
93.6565,1,498,0.0127686
94.5225,1,497.5,0.0127753
95.3885,1,497,0.0127815
96.2546,1,496.5,0.0127877
97.1206,1,496,0.0127936
97.9866,1,495.5,0.0127943
98.8526,1,495,0.0127951
99.7187,1,494.5,0.012796
100.585,1,494,0.0127959
101.451,1,493.5,0.012796
102.317,1,493,0.0127984
103.183,1,492.5,0.0127996
104.049,1,492,0.0128006
104.915,1,491.5,0.0128016
105.781,1,491,0.0128013
106.647,1,490.5,0.0127982
107.513,1,490,0.012794
108.379,1,489.5,0.0127885
109.245,1,489,0.0127814
110.111,1,488.5,0.012774
110.977,1,488,0.0127658
111.843,1,487.5,0.0127564
112.709,1,487,0.0127467
113.575,1,486.5,0.0127366
114.441,1,486,0.0127245
115.307,1,485.5,0.0127122
116.173,1,485,0.0126986
117.039,1,484.5,0.0126829
117.905,1,484,0.0126667
118.771,1,483.5,0.0126501
119.637,1,483,0.0126334
120.503,1,482.5,0.0126167
121.369,1,482,0.0126008
122.235,1,481.5,0.0125851
123.101,1,481,0.0125689
123.967,1,480.5,0.0125515
124.833,1,480,0.0125343
125.699,1,479.5,0.0125172
126.565,1,479,0.0124996
127.431,1,478.5,0.0124823
128.297,1,478,0.0124666
129.164,1,477.5,0.0124504
130.03,1,477,0.0124343
130.896,1,476.5,0.0124198
131.762,1,476,0.012405
132.628,1,475.5,0.0123898
133.494,1,475,0.0123789
134.36,1,474.5,0.0123667
135.226,1,474,0.0123546
136.092,1,473.5,0.0123479
136.958,1,473,0.0123422
137.824,1,472.5,0.0123364
138.69,1,472,0.0123317
139.556,1,471.5,0.0123272
140.422,1,471,0.0123219
141.288,1,470.5,0.0123167
142.154,1,470,0.0123116
143.02,1,469.5,0.0123067
143.886,1,469,0.0123019
144.752,1,468.5,0.0122992
145.618,1,468,0.0122968
146.484,1,467.5,0.0122946
147.35,1,467,0.012293
148.216,1,466.5,0.0122915
149.082,1,466,0.0122897
149.948,1,465.5,0.0122892
150.814,1,465,0.0122888
151.68,1,464.5,0.0122886
152.546,1,464,0.0122899
153.412,1,463.5,0.0122917
154.278,1,463,0.0122937
155.144,1,462.5,0.0122989
156.01,1,462,0.0123053
156.876,1,461.5,0.0123117
157.742,1,461,0.0123211
158.608,1,460.5,0.0123327
159.474,1,460,0.0123449
160.34,1,459.5,0.0123614
161.206,1,459,0.0123832
162.072,1,458.5,0.0124058
162.939,1,458,0.0124339
163.805,1,457.5,0.0124735
164.671,1,457,0.0125134
165.537,1,456.5,0.0125553
166.403,1,456,0.0126101
167.269,1,455.5,0.0126653
168.135,1,455,0.0127231
169.001,1,454.5,0.0127911
169.867,1,454,0.0128601
170.733,1,453.5,0.0129297
171.599,1,453,0.0130018
172.465,1,452.5,0.0130742
173.331,1,452,0.0131414
174.197,1,451.5,0.0132075
175.063,1,451,0.0132733
175.929,1,450.5,0.0133398
176.795,1,450,0.0134028
177.661,1,449.5,0.0134646
178.527,1,449,0.0135281
179.393,1,448.5,0.0135904
180.259,1,448,0.0136504
181.125,1,447.5,0.0137107
181.991,1,447,0.0137654
182.857,1,446.5,0.0137937
183.723,1,446,0.0138248
184.589,1,445.5,0.0138577
185.455,1,445,0.0138523
186.321,1,444.5,0.0138473
187.187,1,444,0.013839
188.053,1,443.5,0.0138212
188.919,1,443,0.0138022
189.785,1,442.5,0.0137833
190.651,1,442,0.0137577
191.517,1,441.5,0.0137304
192.383,1,441,0.0137075
193.249,1,440.5,0.0136783
194.115,1,440,0.0136439
194.981,1,439.5,0.0136103
195.847,1,439,0.0135741
196.714,1,438.5,0.0135284
197.58,1,438,0.0134813
198.446,1,437.5,0.0134335
199.312,1,437,0.0133822
200.178,1,436.5,0.0133312
201.044,1,436,0.0132818
201.91,1,435.5,0.0132364
202.776,1,435,0.0131911
203.642,1,434.5,0.0131458
204.508,1,434,0.0131037
205.374,1,433.5,0.0130617
206.24,1,433,0.0130122
207.106,1,432.5,0.0129664
207.972,1,432,0.0129225
208.838,1,431.5,0.0128785
209.704,1,431,0.0128388
210.57,1,430.5,0.0128039
211.436,1,430,0.0127727
212.302,1,429.5,0.0127417
213.168,1,429,0.012711
214.034,1,428.5,0.0126798
214.9,1,428,0.0126486
215.766,1,427.5,0.0126149
216.632,1,427,0.0125809
217.498,1,426.5,0.0125484
218.364,1,426,0.0125237
219.23,1,425.5,0.0125009
220.096,1,425,0.0124807
220.962,1,424.5,0.0124814
221.828,1,424,0.0124823
222.694,1,423.5,0.0124831
223.56,1,423,0.0124904
224.426,1,422.5,0.0124992
225.292,1,422,0.0125118
226.158,1,421.5,0.0125342
227.024,1,421,0.0125621
227.89,1,420.5,0.0125909
228.756,1,420,0.0126303
229.622,1,419.5,0.0126771
230.488,1,419,0.0127209
231.355,1,418.5,0.0127663
232.221,1,418,0.0128155
233.087,1,417.5,0.0128649
233.953,1,417,0.0129137
234.819,1,416.5,0.0129643
235.685,1,416,0.013014
236.551,1,415.5,0.0130624
237.417,1,415,0.0130955
238.283,1,414.5,0.0131257
239.149,1,414,0.0131526
240.015,1,413.5,0.0131764
240.881,1,413,0.013198
241.747,1,412.5,0.0132177
242.613,1,412,0.0132224
243.479,1,411.5,0.0132208
244.345,1,411,0.0132122
245.211,1,410.5,0.013194
246.077,1,410,0.0131684
246.943,1,409.5,0.0131423
247.809,1,409,0.0131007
248.675,1,408.5,0.0130399
249.541,1,408,0.0129817
250.407,1,407.5,0.0129111
251.273,1,407,0.0128006
252.139,1,406.5,0.0126913
253.005,1,406,0.0125812
253.871,1,405.5,0.0124518
254.737,1,405,0.0123275
255.603,1,404.5,0.0122081
256.469,1,404,0.0120445
257.335,1,403.5,0.0118811
258.201,1,403,0.0117187
259.067,1,402.5,0.0116176
259.933,1,402,0.0115274
260.799,1,401.5,0.0114298
261.665,1,401,0.0114209
262.531,1,400.5,0.0114691
263.397,1,400,0.0115195
264.263,1,399.5,0.0116028
265.13,1,399,0.0117197
265.996,1,398.5,0.0118221
266.862,1,398,0.0119463
267.728,1,397.5,0.0121455
268.594,1,397,0.0123291
269.46,1,396.5,0.0124871
270.326,1,396,0.0125912
271.192,1,395.5,0.0126911
272.058,1,395,0.0127958
272.924,1,394.5,0.0128747
273.79,1,394,0.0129281
274.656,1,393.5,0.0129566
275.522,1,393,0.0129585
276.388,1,392.5,0.0129328
277.254,1,392,0.0128883
278.12,1,391.5,0.0128699
278.986,1,391,0.0128454
279.852,1,390.5,0.0127928
280.718,1,390,0.0127613
281.584,1,389.5,0.0127813
282.45,1,389,0.0129219
283.316,1,388.5,0.013083
284.182,1,388,0.01316
285.048,1,387.5,0.0131021
285.914,1,387,0.0129099
286.78,1,386.5,0.0126968
287.646,1,386,0.0125027
288.512,1,385.5,0.0123116
289.378,1,385,0.0120669
290.244,1,384.5,0.0118343
291.11,1,384,0.011683
291.976,1,383.5,0.0123126
292.842,1,383,0.0130446
293.708,1,382.5,0.012757
294.574,1,382,0.0124097
295.44,1,381.5,0.011905
296.306,1,381,0.0118718
297.172,1,380.5,0.0121352
298.038,1,380,0.0117008
298.905,1,379.5,0.0107415
299.771,1,379,0.0105261
300.637,1,378.5,0.0105059
301.503,1,378,0.0104533
302.369,1,377.5,0.0107459
303.235,1,377,0.0110346
304.101,1,376.5,0.0112845
304.967,1,376,0.0115611
305.833,1,375.5,0.0117256
306.699,1,375,0.0119121
307.565,1,374.5,0.0121078
308.431,1,374,0.0123065
309.297,1,373.5,0.0128924
310.163,1,373,0.0135908
311.029,1,372.5,0.0143584
311.895,1,372,0.0156089
312.761,1,371.5,0.0170895
313.627,1,371,0.0186485
314.493,1,370.5,0.02021
315.359,1,370,0.0220623
316.225,1,369.5,0.0247792
317.091,1,369,0.0302427
317.957,1,368.5,0.0362478
318.823,1,368,0.0422681
319.689,1,367.5,0.0507879
320.555,1,367,0.0590869
321.421,1,366.5,0.0663771
322.287,1,366,0.0703941
323.153,1,365.5,0.0738912
324.019,1,365,0.076815
324.885,1,364.5,0.0767641
325.751,1,364,0.0767705
326.617,1,363.5,0.0768446
327.483,1,363,0.0768089
328.349,1,362.5,0.0768347
329.215,1,362,0.076798
330.081,1,361.5,0.0764383
330.947,1,361,0.0760533
331.813,1,360.5,0.0756724
332.679,1,360,0.0752576
333.546,1,359.5,0.075187
334.412,1,359,0.0740416
335.278,1,358.5,0.0747784
336.144,1,358,0.0770074
337.01,1,357.5,0.0801474
337.876,1,357,0.0837393
338.742,1,356.5,0.0844015
339.608,1,356,0.0830361
340.474,1,355.5,0.079955
341.34,1,355,0.06749
342.206,1,354.5,0.0562999
343.072,1,354,0.0474466
343.938,1,353.5,0.0401902
344.804,1,353,0.0357871
345.67,1,352.5,0.0302534
346.536,1,352,0.022742
347.402,1,351.5,0.0170354
348.268,1,351,0.0149982
349.134,1,350.5,0.016626
350,1,350,0.0179686
350.866,1,349.5,0.0198653
351.732,1,349,0.0226054
352.598,1,348.5,0.0255224
353.464,1,348,0.0303232
354.33,1,347.5,0.0312214
355.196,1,347,0.0336081
356.062,1,346.5,0.0385841
356.928,1,346,0.0391698
357.794,1,345.5,0.0398298
358.66,1,345,0.0408963
359.526,1,344.5,0.0406096
360.392,1,344,0.0384814
361.258,1,343.5,0.0364571
362.124,1,343,0.0323109
362.99,1,342.5,0.0280498
363.856,1,342,0.0216305
364.722,1,341.5,0.0162446
365.588,1,341,0.0126847
366.454,1,340.5,0.0117436
367.321,1,340,0.0110007
368.187,1,339.5,0.0110208
369.053,1,339,0.0118474
369.919,1,338.5,0.0121253
370.785,1,338,0.0126239
371.651,1,337.5,0.0130155
372.517,1,337,0.013221
373.383,1,336.5,0.0135016
374.249,1,336,0.0139045
375.115,1,335.5,0.0143115
375.981,1,335,0.0147233
376.847,1,334.5,0.0151908
377.713,1,334,0.0156232
378.579,1,333.5,0.0160259
379.445,1,333,0.0163687
380.311,1,332.5,0.0166897
381.177,1,332,0.0169218
382.043,1,331.5,0.0168579
382.909,1,331,0.0166997
383.775,1,330.5,0.0165188
384.641,1,330,0.016298
385.507,1,329.5,0.016081
386.373,1,329,0.0158762
387.239,1,328.5,0.0156645
388.105,1,328,0.0154611
388.971,1,327.5,0.0152519
389.837,1,327,0.0150446
390.703,1,326.5,0.0148877
391.569,1,326,0.0147566
392.435,1,325.5,0.0146343
393.301,1,325,0.0145454
394.167,1,324.5,0.0144671
395.033,1,324,0.0144008
395.899,1,323.5,0.0143958
396.765,1,323,0.0143962
397.631,1,322.5,0.0143996
398.497,1,322,0.0144337
399.363,1,321.5,0.014482
400.229,1,321,0.014535
401.095,1,320.5,0.0145811
401.962,1,320,0.0146179
402.828,1,319.5,0.0146478
403.694,1,319,0.0146503
404.56,1,318.5,0.0146144
405.426,1,318,0.0145532
406.292,1,317.5,0.0144876
407.158,1,317,0.0144118
408.024,1,316.5,0.0143366
408.89,1,316,0.0142611
409.756,1,315.5,0.0141788
410.622,1,315,0.0140989
411.488,1,314.5,0.0140217
412.354,1,314,0.0139393
413.22,1,313.5,0.0138619
414.086,1,313,0.0137937
414.952,1,312.5,0.0137496
415.818,1,312,0.0137077
416.684,1,311.5,0.0136675
417.55,1,311,0.0136318
418.416,1,310.5,0.0135978
419.282,1,310,0.0135726
420.148,1,309.5,0.0135522
421.014,1,309,0.0135321
421.88,1,308.5,0.01351
422.746,1,308,0.0134875
423.612,1,307.5,0.0134684
424.478,1,307,0.013454
425.344,1,306.5,0.0134364
426.21,1,306,0.0134231
427.076,1,305.5,0.0134089
427.942,1,305,0.0133941
428.808,1,304.5,0.0133965
429.674,1,304,0.0134029
430.54,1,303.5,0.0134101
431.406,1,303,0.0134263
432.272,1,302.5,0.0134484
433.138,1,302,0.0134766
434.004,1,301.5,0.0135167
434.87,1,301,0.0135621
435.737,1,300.5,0.0136103
436.603,1,300,0.0136635
437.469,1,299.5,0.0137219
438.335,1,299,0.0137752
439.201,1,298.5,0.0138277
440.067,1,298,0.0138789
440.933,1,297.5,0.0139307
441.799,1,297,0.0139806
442.665,1,296.5,0.0140195
443.531,1,296,0.0140541
444.397,1,295.5,0.0140887
445.263,1,295,0.0141185
446.129,1,294.5,0.0141453
446.995,1,294,0.0141692
447.861,1,293.5,0.0141949
448.727,1,293,0.0142213
449.593,1,292.5,0.014248
450.459,1,292,0.0142806
451.325,1,291.5,0.0143121
452.191,1,291,0.0143342
453.057,1,290.5,0.0143523
453.923,1,290,0.0143717
454.789,1,289.5,0.0143891
455.655,1,289,0.0144018
456.521,1,288.5,0.0144056
457.387,1,288,0.0144133
458.253,1,287.5,0.0144081
459.119,1,287,0.0143829
459.985,1,286.5,0.0143481
460.851,1,286,0.0143025
461.717,1,285.5,0.0142505
462.583,1,285,0.0142038
463.449,1,284.5,0.0141546
464.315,1,284,0.0140972
465.181,1,283.5,0.0140382
466.047,1,283,0.0139782
466.913,1,282.5,0.0139296
467.779,1,282,0.0138817
468.645,1,281.5,0.0138339
469.512,1,281,0.0137873
470.378,1,280.5,0.0137415
471.244,1,280,0.0136991
472.11,1,279.5,0.013661
472.976,1,279,0.0136251
473.842,1,278.5,0.013589
474.708,1,278,0.0135581
475.574,1,277.5,0.0135381
476.44,1,277,0.0135241
477.306,1,276.5,0.0135113
478.172,1,276,0.013502
479.038,1,275.5,0.0134934
479.904,1,275,0.0134857
480.77,1,274.5,0.0134898
481.636,1,274,0.0134968
482.502,1,273.5,0.0135036
483.368,1,273,0.0135173
484.234,1,272.5,0.0135315
485.1,1,272,0.0135455
485.966,1,271.5,0.0135652
486.832,1,271,0.0135861
487.698,1,270.5,0.0136065
488.564,1,270,0.0136284
489.43,1,269.5,0.0136515
490.296,1,269,0.0136717
491.162,1,268.5,0.0136907
492.028,1,268,0.0137106
492.894,1,267.5,0.0137302
493.76,1,267,0.013749
494.626,1,266.5,0.0137669
495.492,1,266,0.013787
496.358,1,265.5,0.0138058
497.224,1,265,0.0138239
498.09,1,264.5,0.0138406
498.956,1,264,0.0138559
499.822,1,263.5,0.013857
500.688,1,263,0.0138575
501.554,1,262.5,0.0138567
502.42,1,262,0.0138506
503.286,1,261.5,0.0138424
504.153,1,261,0.0138325
505.019,1,260.5,0.0138169
505.885,1,260,0.0137996
506.751,1,259.5,0.0137828
507.617,1,259,0.0137648
508.483,1,258.5,0.0137452
509.349,1,258,0.0137218
510.215,1,257.5,0.0136978
511.081,1,257,0.013674
511.947,1,256.5,0.0136494
512.813,1,256,0.0136245
513.679,1,255.5,0.0136022
514.545,1,255,0.0135803
515.411,1,254.5,0.013558
516.277,1,254,0.0135405
517.143,1,253.5,0.0135236
518.009,1,253,0.0135069
518.875,1,252.5,0.0134947
519.741,1,252,0.0134828
520.607,1,251.5,0.0134702
521.473,1,251,0.0134589
522.339,1,250.5,0.0134482
523.205,1,250,0.0134408
524.071,1,249.5,0.0134397
524.937,1,249,0.0134387
525.803,1,248.5,0.0134369
526.669,1,248,0.0134346
527.535,1,247.5,0.0134317
528.401,1,247,0.0134154
529.267,1,246.5,0.0133988
530.133,1,246,0.0133835
530.999,1,245.5,0.0133689
531.865,1,245,0.0133551
532.731,1,244.5,0.0133432
533.597,1,244,0.0133335
534.463,1,243.5,0.0133255
535.329,1,243,0.0133198
536.195,1,242.5,0.0133162
537.061,1,242,0.0133144
537.928,1,241.5,0.013314
538.794,1,241,0.013315
539.66,1,240.5,0.0133177
540.526,1,240,0.0133219
541.392,1,239.5,0.0133281
542.258,1,239,0.0133372
543.124,1,238.5,0.0133416
543.99,1,238,0.0133365
544.856,1,237.5,0.0133313
545.722,1,237,0.0133246
546.588,1,236.5,0.013313
547.454,1,236,0.0132993
548.32,1,235.5,0.0132853
549.186,1,235,0.0132677
550.052,1,234.5,0.0132507
550.918,1,234,0.0132342
551.784,1,233.5,0.0132185
552.65,1,233,0.0132021
553.516,1,232.5,0.0131852
554.382,1,232,0.0131696
555.248,1,231.5,0.013154
556.114,1,231,0.0131374
556.98,1,230.5,0.0131174
557.846,1,230,0.0130986
558.712,1,229.5,0.01308
559.578,1,229,0.0130639
560.444,1,228.5,0.0130493
561.31,1,228,0.0130398
562.176,1,227.5,0.0130355
563.042,1,227,0.0130358
563.908,1,226.5,0.0130354
564.774,1,226,0.0130348
565.64,1,225.5,0.0130347
566.506,1,225,0.0130294
567.372,1,224.5,0.0130245
568.238,1,224,0.0130234
569.104,1,223.5,0.0130226
569.97,1,223,0.0130221
570.836,1,222.5,0.0130258
571.703,1,222,0.0130295
572.569,1,221.5,0.0130316
573.435,1,221,0.013032
574.301,1,220.5,0.013031
575.167,1,220,0.0130282
576.033,1,219.5,0.0130227
576.899,1,219,0.013017
577.765,1,218.5,0.0130114
578.631,1,218,0.0130052
579.497,1,217.5,0.0129988
580.363,1,217,0.0129934
581.229,1,216.5,0.0129872
582.095,1,216,0.0129803
582.961,1,215.5,0.0129732
583.827,1,215,0.0129658
584.693,1,214.5,0.0129581
585.559,1,214,0.0129556
586.425,1,213.5,0.0129548
587.291,1,213,0.0129523
588.157,1,212.5,0.0129504
589.023,1,212,0.0129496
589.889,1,211.5,0.0129442
590.755,1,211,0.0129385
591.621,1,210.5,0.012934
592.487,1,210,0.0129295
593.353,1,209.5,0.0129249
594.219,1,209,0.0129231
595.085,1,208.5,0.0129251
595.951,1,208,0.012927
596.817,1,207.5,0.0129296
597.683,1,207,0.0129326
598.549,1,206.5,0.0129357
599.415,1,206,0.0129348
600.281,1,205.5,0.0129336
601.147,1,205,0.0129318
602.013,1,204.5,0.0129305
602.879,1,204,0.0129296
603.745,1,203.5,0.0129279
604.611,1,203,0.0129265
605.477,1,202.5,0.0129255
606.344,1,202,0.012924
607.21,1,201.5,0.0129225
608.076,1,201,0.0129214
608.942,1,200.5,0.0129173
609.808,1,200,0.0129129
