x,y,z,b
375.981,0,335,0.0396628
375.981,0.125,335,0.0400111
375.981,0.25,335,0.0403595
375.981,0.375,335,0.0407078
375.981,0.5,335,0.0410562
375.981,0.625,335,0.0414045
375.981,0.75,335,0.0417529
375.981,0.875,335,0.0421012
375.981,1,335,0.0424496
375.981,1.125,335,0.0427979
375.981,1.25,335,0.0431463
375.981,1.375,335,0.0435164
375.981,1.5,335,0.0442131
375.981,1.625,335,0.0449098
375.981,1.75,335,0.0456065
375.981,1.875,335,0.0463032
375.981,2,335,0.0469998
375.981,2.125,335,0.0476965
375.981,2.25,335,0.0483932
375.981,2.375,335,0.0490899
375.981,2.5,335,0.0497866
375.981,2.625,335,0.0504833
375.981,2.75,335,0.05118
375.981,2.875,335,0.0518767
375.981,3,335,0.0525734
375.981,3.125,335,0.0532701
375.981,3.25,335,0.0539668
375.981,3.375,335,0.0546635
375.981,3.5,335,0.0553602
375.981,3.625,335,0.0560569
375.981,3.75,335,0.0567536
375.981,3.875,335,0.0574503
375.981,4,335,0.058147
375.981,4.125,335,0.0587475
375.981,4.25,335,0.0589314
375.981,4.375,335,0.0591153
375.981,4.5,335,0.0592991
375.981,4.625,335,0.059483
375.981,4.75,335,0.0596669
375.981,4.875,335,0.0598507
375.981,5,335,0.0600346
375.981,5.125,335,0.0602185
375.981,5.25,335,0.0604024
375.981,5.375,335,0.0605862
375.981,5.5,335,0.0607701
375.981,5.625,335,0.060954
375.981,5.75,335,0.0611378
375.981,5.875,335,0.0613217
375.981,6,335,0.0615056
375.981,6.125,335,0.0616894
375.981,6.25,335,0.0618733
375.981,6.375,335,0.0620572
375.981,6.5,335,0.0622411
375.981,6.625,335,0.0624249
375.981,6.75,335,0.0626088
375.981,6.875,335,0.0630158
375.981,7,335,0.0639138
375.981,7.125,335,0.0648118
375.981,7.25,335,0.0657097
375.981,7.375,335,0.0666077
375.981,7.5,335,0.0675057
375.981,7.625,335,0.0684037
375.981,7.75,335,0.0693016
375.981,7.875,335,0.0701996
375.981,8,335,0.0710976
375.981,8.125,335,0.0719955
375.981,8.25,335,0.0719512
375.981,8.375,335,0.072631
375.981,8.5,335,0.0733108
375.981,8.625,335,0.0739906
375.981,8.75,335,0.0746704
375.981,8.875,335,0.0753503
375.981,9,335,0.0765592
375.981,9.125,335,0.0778229
375.981,9.25,335,0.0790866
375.981,9.375,335,0.0803504
375.981,9.5,335,0.0816141
375.981,9.625,335,0.0828778
375.981,9.75,335,0.0841415
375.981,9.875,335,0.0854052
375.981,10,335,0.0866689
375.981,10.125,335,0.0879326
375.981,10.25,335,0.0891963
375.981,10.375,335,0.0914994
375.981,10.5,335,0.093836
375.981,10.625,335,0.0961727
375.981,10.75,335,0.0985093
375.981,10.875,335,0.100846
375.981,11,335,0.104248
375.981,11.125,335,0.10616
375.981,11.25,335,0.108072
375.981,11.375,335,0.109984
375.981,11.5,335,0.111896
375.981,11.625,335,0.113808
375.981,11.75,335,0.11572
375.981,11.875,335,0.117632
375.981,12,335,0.119545
375.981,12.125,335,0.121457
375.981,12.25,335,0.123369
375.981,12.375,335,0.125271
375.981,12.5,335,0.127165
375.981,12.625,335,0.12906
375.981,12.75,335,0.130954
375.981,12.875,335,0.132849
375.981,13,335,0.134743
375.981,13.125,335,0.136638
375.981,13.25,335,0.138532
375.981,13.375,335,0.140426
375.981,13.5,335,0.142321
375.981,13.625,335,0.144215
375.981,13.75,335,0.14611
375.981,13.875,335,0.148004
375.981,14,335,0.149899
375.981,14.125,335,0.151793
375.981,14.25,335,0.153687
375.981,14.375,335,0.155582
375.981,14.5,335,0.157476
375.981,14.625,335,0.159371
375.981,14.75,335,0.161265
375.981,14.875,335,0.16316
375.981,15,335,0.165054
375.981,15.125,335,0.166886
375.981,15.25,335,0.16869
375.981,15.375,335,0.170494
375.981,15.5,335,0.172298
375.981,15.625,335,0.174102
375.981,15.75,335,0.175906
375.981,15.875,335,0.17771
375.981,16,335,0.179514
375.981,16.125,335,0.181318
375.981,16.25,335,0.183122
375.981,16.375,335,0.184926
375.981,16.5,335,0.187512
375.981,16.625,335,0.18924
375.981,16.75,335,0.190967
375.981,16.875,335,0.192695
375.981,17,335,0.194423
375.981,17.125,335,0.19615
375.981,17.25,335,0.197878
375.981,17.375,335,0.199605
375.981,17.5,335,0.201333
375.981,17.625,335,0.20306
375.981,17.75,335,0.204788
375.981,17.875,335,0.206515
375.981,18,335,0.208243
375.981,18.125,335,0.20997
375.981,18.25,335,0.211698
375.981,18.375,335,0.213426
375.981,18.5,335,0.215153
375.981,18.625,335,0.216881
375.981,18.75,335,0.218608
375.981,18.875,335,0.220336
375.981,19,335,0.222063
375.981,19.125,335,0.223791
375.981,19.25,335,0.225015
375.981,19.375,335,0.226166
375.981,19.5,335,0.227318
375.981,19.625,335,0.22847
375.981,19.75,335,0.229622
375.981,19.875,335,0.230774
375.981,20,335,0.231926
