x,y,z,b
375.981,0,335,0.0137382
375.981,0.125,335,0.0144154
375.981,0.25,335,0.0150927
375.981,0.375,335,0.0157699
375.981,0.5,335,0.0164472
375.981,0.625,335,0.0171244
375.981,0.75,335,0.0181615
375.981,0.875,335,0.019516
375.981,1,335,0.0208705
375.981,1.125,335,0.022225
375.981,1.25,335,0.0235795
375.981,1.375,335,0.024934
375.981,1.5,335,0.0262885
375.981,1.625,335,0.027643
375.981,1.75,335,0.0289975
375.981,1.875,335,0.030352
375.981,2,335,0.0317065
375.981,2.125,335,0.0329985
375.981,2.25,335,0.0342478
375.981,2.375,335,0.035497
375.981,2.5,335,0.0367462
375.981,2.625,335,0.0379955
375.981,2.75,335,0.0388993
375.981,2.875,335,0.0401671
375.981,3,335,0.0414348
375.981,3.125,335,0.0427025
375.981,3.25,335,0.0439702
375.981,3.375,335,0.0452379
375.981,3.5,335,0.0465056
375.981,3.625,335,0.0477733
375.981,3.75,335,0.049041
375.981,3.875,335,0.0503087
375.981,4,335,0.0515764
375.981,4.125,335,0.0529006
375.981,4.25,335,0.0544691
375.981,4.375,335,0.0560376
375.981,4.5,335,0.0576061
375.981,4.625,335,0.0591747
375.981,4.75,335,0.0607432
375.981,4.875,335,0.0623117
375.981,5,335,0.0638802
375.981,5.125,335,0.0654488
375.981,5.25,335,0.0670173
375.981,5.375,335,0.0685858
375.981,5.5,335,0.0713861
375.981,5.625,335,0.0728395
375.981,5.75,335,0.074293
375.981,5.875,335,0.0757465
375.981,6,335,0.0771999
375.981,6.125,335,0.0786534
375.981,6.25,335,0.0801068
375.981,6.375,335,0.0815603
375.981,6.5,335,0.0830137
375.981,6.625,335,0.0844672
375.981,6.75,335,0.0859207
375.981,6.875,335,0.0873741
375.981,7,335,0.0888276
375.981,7.125,335,0.090281
375.981,7.25,335,0.0917345
375.981,7.375,335,0.0931879
375.981,7.5,335,0.0946414
375.981,7.625,335,0.0960949
375.981,7.75,335,0.0975483
375.981,7.875,335,0.0990018
375.981,8,335,0.100455
375.981,8.125,335,0.101909
375.981,8.25,335,0.103448
375.981,8.375,335,0.105132
375.981,8.5,335,0.106816
375.981,8.625,335,0.1085
375.981,8.75,335,0.110183
375.981,8.875,335,0.111867
375.981,9,335,0.113551
375.981,9.125,335,0.115234
375.981,9.25,335,0.116918
375.981,9.375,335,0.118602
375.981,9.5,335,0.120286
375.981,9.625,335,0.121969
375.981,9.75,335,0.123653
375.981,9.875,335,0.125337
375.981,10,335,0.12702
375.981,10.125,335,0.128704
375.981,10.25,335,0.130388
375.981,10.375,335,0.132072
375.981,10.5,335,0.133755
375.981,10.625,335,0.135439
375.981,10.75,335,0.137123
375.981,10.875,335,0.138806
375.981,11,335,0.14049
375.981,11.125,335,0.142174
375.981,11.25,335,0.143857
375.981,11.375,335,0.145541
375.981,11.5,335,0.147225
375.981,11.625,335,0.148909
375.981,11.75,335,0.150592
375.981,11.875,335,0.152276
375.981,12,335,0.15396
375.981,12.125,335,0.155643
375.981,12.25,335,0.157327
375.981,12.375,335,0.159011
375.981,12.5,335,0.160695
375.981,12.625,335,0.162378
375.981,12.75,335,0.164062
375.981,12.875,335,0.165746
375.981,13,335,0.167429
375.981,13.125,335,0.169113
375.981,13.25,335,0.170797
375.981,13.375,335,0.172481
375.981,13.5,335,0.174164
375.981,13.625,335,0.175848
375.981,13.75,335,0.177349
375.981,13.875,335,0.178741
375.981,14,335,0.180133
375.981,14.125,335,0.181524
375.981,14.25,335,0.182916
375.981,14.375,335,0.184308
375.981,14.5,335,0.185699
375.981,14.625,335,0.187091
375.981,14.75,335,0.188483
375.981,14.875,335,0.189874
375.981,15,335,0.191266
375.981,15.125,335,0.192658
375.981,15.25,335,0.194049
375.981,15.375,335,0.195441
375.981,15.5,335,0.196833
375.981,15.625,335,0.198224
375.981,15.75,335,0.199616
375.981,15.875,335,0.201008
375.981,16,335,0.202399
375.981,16.125,335,0.203791
375.981,16.25,335,0.205183
375.981,16.375,335,0.206575
375.981,16.5,335,0.207966
375.981,16.625,335,0.209358
375.981,16.75,335,0.21075
375.981,16.875,335,0.212141
375.981,17,335,0.213533
375.981,17.125,335,0.214925
375.981,17.25,335,0.216316
375.981,17.375,335,0.217708
375.981,17.5,335,0.2191
375.981,17.625,335,0.220491
375.981,17.75,335,0.221883
375.981,17.875,335,0.223275
375.981,18,335,0.224666
375.981,18.125,335,0.226058
375.981,18.25,335,0.22745
375.981,18.375,335,0.228842
375.981,18.5,335,0.230233
375.981,18.625,335,0.231625
375.981,18.75,335,0.233017
375.981,18.875,335,0.234408
375.981,19,335,0.2358
375.981,19.125,335,0.237192
375.981,19.25,335,0.238403
375.981,19.375,335,0.239589
375.981,19.5,335,0.240774
375.981,19.625,335,0.24196
375.981,19.75,335,0.243146
375.981,19.875,335,0.244332
375.981,20,335,0.245517
