x,y,z,b
375.981,0,335,0.0212722
375.981,0.125,335,0.0218921
375.981,0.25,335,0.0225121
375.981,0.375,335,0.023132
375.981,0.5,335,0.0237519
375.981,0.625,335,0.0243719
375.981,0.75,335,0.0249918
375.981,0.875,335,0.0256118
375.981,1,335,0.0262317
375.981,1.125,335,0.0268516
375.981,1.25,335,0.0274716
375.981,1.375,335,0.0281302
375.981,1.5,335,0.0293701
375.981,1.625,335,0.03061
375.981,1.75,335,0.0318499
375.981,1.875,335,0.0330897
375.981,2,335,0.0343296
375.981,2.125,335,0.0355695
375.981,2.25,335,0.0368094
375.981,2.375,335,0.0380492
375.981,2.5,335,0.0392891
375.981,2.625,335,0.040529
375.981,2.75,335,0.0417689
375.981,2.875,335,0.0430087
375.981,3,335,0.0442486
375.981,3.125,335,0.0454885
375.981,3.25,335,0.0467283
375.981,3.375,335,0.0479682
375.981,3.5,335,0.0492081
375.981,3.625,335,0.050448
375.981,3.75,335,0.0516878
375.981,3.875,335,0.0529277
375.981,4,335,0.0541676
375.981,4.125,335,0.0554922
375.981,4.25,335,0.0571843
375.981,4.375,335,0.0588763
375.981,4.5,335,0.0605683
375.981,4.625,335,0.0622603
375.981,4.75,335,0.0639523
375.981,4.875,335,0.0656444
375.981,5,335,0.0673364
375.981,5.125,335,0.0690284
375.981,5.25,335,0.0707204
375.981,5.375,335,0.0724124
375.981,5.5,335,0.0758955
375.981,5.625,335,0.0774189
375.981,5.75,335,0.0789423
375.981,5.875,335,0.0804658
375.981,6,335,0.0819892
375.981,6.125,335,0.0835126
375.981,6.25,335,0.0850361
375.981,6.375,335,0.0865595
375.981,6.5,335,0.088083
375.981,6.625,335,0.0896064
375.981,6.75,335,0.0911298
375.981,6.875,335,0.0926533
375.981,7,335,0.0941767
375.981,7.125,335,0.0957001
375.981,7.25,335,0.0972236
375.981,7.375,335,0.098747
375.981,7.5,335,0.10027
375.981,7.625,335,0.101794
375.981,7.75,335,0.103317
375.981,7.875,335,0.104841
375.981,8,335,0.106364
375.981,8.125,335,0.107888
375.981,8.25,335,0.109414
375.981,8.375,335,0.110945
375.981,8.5,335,0.112476
375.981,8.625,335,0.114008
375.981,8.75,335,0.115539
375.981,8.875,335,0.11707
375.981,9,335,0.118601
375.981,9.125,335,0.120132
375.981,9.25,335,0.121664
375.981,9.375,335,0.123195
375.981,9.5,335,0.124726
375.981,9.625,335,0.126257
375.981,9.75,335,0.127789
375.981,9.875,335,0.12932
375.981,10,335,0.130851
375.981,10.125,335,0.132382
375.981,10.25,335,0.133913
375.981,10.375,335,0.135445
375.981,10.5,335,0.136976
375.981,10.625,335,0.138507
375.981,10.75,335,0.140038
375.981,10.875,335,0.141569
375.981,11,335,0.143382
375.981,11.125,335,0.144899
375.981,11.25,335,0.146415
375.981,11.375,335,0.147931
375.981,11.5,335,0.149447
375.981,11.625,335,0.150964
375.981,11.75,335,0.15248
375.981,11.875,335,0.153996
375.981,12,335,0.155512
375.981,12.125,335,0.157028
375.981,12.25,335,0.158545
375.981,12.375,335,0.160061
375.981,12.5,335,0.161577
375.981,12.625,335,0.163093
375.981,12.75,335,0.16461
375.981,12.875,335,0.166126
375.981,13,335,0.167642
375.981,13.125,335,0.169158
375.981,13.25,335,0.170674
375.981,13.375,335,0.172191
375.981,13.5,335,0.173707
375.981,13.625,335,0.175223
375.981,13.75,335,0.176739
375.981,13.875,335,0.178256
375.981,14,335,0.179772
375.981,14.125,335,0.181288
375.981,14.25,335,0.182804
375.981,14.375,335,0.184321
375.981,14.5,335,0.185837
375.981,14.625,335,0.187353
375.981,14.75,335,0.188869
375.981,14.875,335,0.190385
375.981,15,335,0.191902
375.981,15.125,335,0.193418
375.981,15.25,335,0.194934
375.981,15.375,335,0.19645
375.981,15.5,335,0.197967
375.981,15.625,335,0.199483
375.981,15.75,335,0.200999
375.981,15.875,335,0.202515
375.981,16,335,0.204031
375.981,16.125,335,0.205548
375.981,16.25,335,0.207064
375.981,16.375,335,0.20858
375.981,16.5,335,0.209903
375.981,16.625,335,0.211162
375.981,16.75,335,0.212421
375.981,16.875,335,0.213679
375.981,17,335,0.214938
375.981,17.125,335,0.216196
375.981,17.25,335,0.217455
375.981,17.375,335,0.218714
375.981,17.5,335,0.219972
375.981,17.625,335,0.221231
375.981,17.75,335,0.22249
375.981,17.875,335,0.223748
375.981,18,335,0.225007
375.981,18.125,335,0.226266
375.981,18.25,335,0.227524
375.981,18.375,335,0.228783
375.981,18.5,335,0.230042
375.981,18.625,335,0.2313
375.981,18.75,335,0.232559
375.981,18.875,335,0.233818
375.981,19,335,0.235076
375.981,19.125,335,0.236335
375.981,19.25,335,0.237594
375.981,19.375,335,0.238852
375.981,19.5,335,0.240111
375.981,19.625,335,0.24137
375.981,19.75,335,0.242628
375.981,19.875,335,0.243887
375.981,20,335,0.245146
