x,y,z,b
375.981,0,335,0.0349977
375.981,0.125,335,0.0352767
375.981,0.25,335,0.0355556
375.981,0.375,335,0.0358346
375.981,0.5,335,0.0361135
375.981,0.625,335,0.0363925
375.981,0.75,335,0.0366714
375.981,0.875,335,0.0369504
375.981,1,335,0.0372293
375.981,1.125,335,0.0375083
375.981,1.25,335,0.0377872
375.981,1.375,335,0.0380836
375.981,1.5,335,0.0386415
375.981,1.625,335,0.0391994
375.981,1.75,335,0.0397573
375.981,1.875,335,0.0403152
375.981,2,335,0.0408731
375.981,2.125,335,0.041431
375.981,2.25,335,0.0419889
375.981,2.375,335,0.0425468
375.981,2.5,335,0.0431047
375.981,2.625,335,0.0436626
375.981,2.75,335,0.0442205
375.981,2.875,335,0.0447784
375.981,3,335,0.0453363
375.981,3.125,335,0.0458942
375.981,3.25,335,0.0464521
375.981,3.375,335,0.04701
375.981,3.5,335,0.0475679
375.981,3.625,335,0.0481258
375.981,3.75,335,0.0486837
375.981,3.875,335,0.0492416
375.981,4,335,0.0497995
375.981,4.125,335,0.0504556
375.981,4.25,335,0.0515371
375.981,4.375,335,0.0526186
375.981,4.5,335,0.0537001
375.981,4.625,335,0.0547816
375.981,4.75,335,0.0558631
375.981,4.875,335,0.0569446
375.981,5,335,0.0580261
375.981,5.125,335,0.0591076
375.981,5.25,335,0.0601891
375.981,5.375,335,0.0612706
375.981,5.5,335,0.0646013
375.981,5.625,335,0.0654696
375.981,5.75,335,0.066338
375.981,5.875,335,0.0672063
375.981,6,335,0.0680747
375.981,6.125,335,0.068943
375.981,6.25,335,0.0698114
375.981,6.375,335,0.0706797
375.981,6.5,335,0.0715481
375.981,6.625,335,0.0724164
375.981,6.75,335,0.0732848
375.981,6.875,335,0.0741532
375.981,7,335,0.0750215
375.981,7.125,335,0.0758899
375.981,7.25,335,0.0767582
375.981,7.375,335,0.0776266
375.981,7.5,335,0.0784949
375.981,7.625,335,0.0793633
375.981,7.75,335,0.0802316
375.981,7.875,335,0.0811
375.981,8,335,0.0819683
375.981,8.125,335,0.0828367
375.981,8.25,335,0.0839048
375.981,8.375,335,0.085306
375.981,8.5,335,0.0867072
375.981,8.625,335,0.0881084
375.981,8.75,335,0.0895096
375.981,8.875,335,0.0909108
375.981,9,335,0.0923119
375.981,9.125,335,0.0937131
375.981,9.25,335,0.0951143
375.981,9.375,335,0.0965155
375.981,9.5,335,0.0979167
375.981,9.625,335,0.0993179
375.981,9.75,335,0.100719
375.981,9.875,335,0.10212
375.981,10,335,0.103521
375.981,10.125,335,0.104923
375.981,10.25,335,0.106324
375.981,10.375,335,0.107725
375.981,10.5,335,0.109126
375.981,10.625,335,0.110527
375.981,10.75,335,0.111929
375.981,10.875,335,0.11333
375.981,11,335,0.114731
375.981,11.125,335,0.116132
375.981,11.25,335,0.117533
375.981,11.375,335,0.118934
375.981,11.5,335,0.120336
375.981,11.625,335,0.121737
375.981,11.75,335,0.123138
375.981,11.875,335,0.124539
375.981,12,335,0.12594
375.981,12.125,335,0.127342
375.981,12.25,335,0.128743
375.981,12.375,335,0.130144
375.981,12.5,335,0.131545
375.981,12.625,335,0.132946
375.981,12.75,335,0.134347
375.981,12.875,335,0.135749
375.981,13,335,0.13715
375.981,13.125,335,0.138551
375.981,13.25,335,0.139952
375.981,13.375,335,0.141353
375.981,13.5,335,0.142755
375.981,13.625,335,0.144156
375.981,13.75,335,0.145506
375.981,13.875,335,0.146827
375.981,14,335,0.148147
375.981,14.125,335,0.149468
375.981,14.25,335,0.150788
375.981,14.375,335,0.152109
375.981,14.5,335,0.153429
375.981,14.625,335,0.15475
375.981,14.75,335,0.15607
375.981,14.875,335,0.157391
375.981,15,335,0.158711
375.981,15.125,335,0.160032
375.981,15.25,335,0.161352
375.981,15.375,335,0.162672
375.981,15.5,335,0.163993
375.981,15.625,335,0.165313
375.981,15.75,335,0.166634
375.981,15.875,335,0.167954
375.981,16,335,0.169275
375.981,16.125,335,0.170595
375.981,16.25,335,0.171916
375.981,16.375,335,0.173236
375.981,16.5,335,0.174557
375.981,16.625,335,0.175877
375.981,16.75,335,0.177198
375.981,16.875,335,0.178518
375.981,17,335,0.179838
375.981,17.125,335,0.181159
375.981,17.25,335,0.182479
375.981,17.375,335,0.1838
375.981,17.5,335,0.18512
375.981,17.625,335,0.186441
375.981,17.75,335,0.187761
375.981,17.875,335,0.189082
375.981,18,335,0.190402
375.981,18.125,335,0.191723
375.981,18.25,335,0.193043
375.981,18.375,335,0.194364
375.981,18.5,335,0.195684
375.981,18.625,335,0.197004
375.981,18.75,335,0.198325
375.981,18.875,335,0.199645
375.981,19,335,0.200966
375.981,19.125,335,0.202286
375.981,19.25,335,0.203708
375.981,19.375,335,0.205143
375.981,19.5,335,0.206579
375.981,19.625,335,0.208015
375.981,19.75,335,0.20945
375.981,19.875,335,0.210886
375.981,20,335,0.212322
