x,y,z,b
375.981,0,335,0.0414632
375.981,0.125,335,0.0418476
375.981,0.25,335,0.042232
375.981,0.375,335,0.0426164
375.981,0.5,335,0.0430008
375.981,0.625,335,0.0433852
375.981,0.75,335,0.0437696
375.981,0.875,335,0.044154
375.981,1,335,0.0445384
375.981,1.125,335,0.0449228
375.981,1.25,335,0.0453072
375.981,1.375,335,0.0457156
375.981,1.5,335,0.0464844
375.981,1.625,335,0.0472532
375.981,1.75,335,0.048022
375.981,1.875,335,0.0487908
375.981,2,335,0.0495596
375.981,2.125,335,0.0503284
375.981,2.25,335,0.0510972
375.981,2.375,335,0.051866
375.981,2.5,335,0.0526349
375.981,2.625,335,0.0534037
375.981,2.75,335,0.0541725
375.981,2.875,335,0.0549413
375.981,3,335,0.0557101
375.981,3.125,335,0.0564789
375.981,3.25,335,0.0572477
375.981,3.375,335,0.0580165
375.981,3.5,335,0.0587853
375.981,3.625,335,0.0595541
375.981,3.75,335,0.0603229
375.981,3.875,335,0.0610917
375.981,4,335,0.0618605
375.981,4.125,335,0.0626733
375.981,4.25,335,0.0636767
375.981,4.375,335,0.06468
375.981,4.5,335,0.0656834
375.981,4.625,335,0.0666868
375.981,4.75,335,0.0676902
375.981,4.875,335,0.0686935
375.981,5,335,0.0696969
375.981,5.125,335,0.0707003
375.981,5.25,335,0.0717037
375.981,5.375,335,0.0727071
375.981,5.5,335,0.0737104
375.981,5.625,335,0.0747138
375.981,5.75,335,0.0757172
375.981,5.875,335,0.0767206
375.981,6,335,0.0777239
375.981,6.125,335,0.0787273
375.981,6.25,335,0.0797307
375.981,6.375,335,0.0807341
375.981,6.5,335,0.0817375
375.981,6.625,335,0.0827408
375.981,6.75,335,0.0837442
375.981,6.875,335,0.0847903
375.981,7,335,0.0859304
375.981,7.125,335,0.0870704
375.981,7.25,335,0.0882105
375.981,7.375,335,0.0893505
375.981,7.5,335,0.0904906
375.981,7.625,335,0.0916307
375.981,7.75,335,0.0927707
375.981,7.875,335,0.0939108
375.981,8,335,0.0950508
375.981,8.125,335,0.0961909
375.981,8.25,335,0.0973309
375.981,8.375,335,0.098471
375.981,8.5,335,0.0996111
375.981,8.625,335,0.100751
375.981,8.75,335,0.101891
375.981,8.875,335,0.103031
375.981,9,335,0.104171
375.981,9.125,335,0.105311
375.981,9.25,335,0.106451
375.981,9.375,335,0.107591
375.981,9.5,335,0.108732
375.981,9.625,335,0.109969
375.981,9.75,335,0.111332
375.981,9.875,335,0.112695
375.981,10,335,0.114058
375.981,10.125,335,0.115421
375.981,10.25,335,0.116784
375.981,10.375,335,0.118147
375.981,10.5,335,0.119509
375.981,10.625,335,0.120872
375.981,10.75,335,0.122235
375.981,10.875,335,0.123598
375.981,11,335,0.12537
375.981,11.125,335,0.126694
375.981,11.25,335,0.128018
375.981,11.375,335,0.129343
375.981,11.5,335,0.130667
375.981,11.625,335,0.131991
375.981,11.75,335,0.133316
375.981,11.875,335,0.13464
375.981,12,335,0.135965
375.981,12.125,335,0.137289
375.981,12.25,335,0.138613
375.981,12.375,335,0.139938
375.981,12.5,335,0.141262
375.981,12.625,335,0.142586
375.981,12.75,335,0.143911
375.981,12.875,335,0.145235
375.981,13,335,0.14656
375.981,13.125,335,0.147884
375.981,13.25,335,0.149208
375.981,13.375,335,0.150533
375.981,13.5,335,0.151857
375.981,13.625,335,0.153181
375.981,13.75,335,0.154612
375.981,13.875,335,0.156106
375.981,14,335,0.157601
375.981,14.125,335,0.159095
375.981,14.25,335,0.160589
375.981,14.375,335,0.162084
375.981,14.5,335,0.163578
375.981,14.625,335,0.165073
375.981,14.75,335,0.166567
375.981,14.875,335,0.168061
375.981,15,335,0.169556
375.981,15.125,335,0.17105
375.981,15.25,335,0.172544
375.981,15.375,335,0.174039
375.981,15.5,335,0.175533
375.981,15.625,335,0.177027
375.981,15.75,335,0.178522
375.981,15.875,335,0.180016
375.981,16,335,0.18151
375.981,16.125,335,0.183005
375.981,16.25,335,0.184499
375.981,16.375,335,0.185993
375.981,16.5,335,0.187488
375.981,16.625,335,0.188982
375.981,16.75,335,0.190476
375.981,16.875,335,0.191971
375.981,17,335,0.193465
375.981,17.125,335,0.19496
375.981,17.25,335,0.196454
375.981,17.375,335,0.197948
375.981,17.5,335,0.199443
375.981,17.625,335,0.200937
375.981,17.75,335,0.202431
375.981,17.875,335,0.203926
375.981,18,335,0.20542
375.981,18.125,335,0.206914
375.981,18.25,335,0.208409
375.981,18.375,335,0.209903
375.981,18.5,335,0.211397
375.981,18.625,335,0.212892
375.981,18.75,335,0.214386
375.981,18.875,335,0.21588
375.981,19,335,0.217375
375.981,19.125,335,0.218869
375.981,19.25,335,0.220202
375.981,19.375,335,0.221511
375.981,19.5,335,0.22282
375.981,19.625,335,0.22413
375.981,19.75,335,0.225439
375.981,19.875,335,0.226749
375.981,20,335,0.228058
