x,y,z,b
375.981,0,335,0.0369651
375.981,0.125,335,0.037472
375.981,0.25,335,0.037979
375.981,0.375,335,0.0384859
375.981,0.5,335,0.0389928
375.981,0.625,335,0.0394997
375.981,0.75,335,0.0400067
375.981,0.875,335,0.0405136
375.981,1,335,0.0410205
375.981,1.125,335,0.0415274
375.981,1.25,335,0.0420343
375.981,1.375,335,0.0425413
375.981,1.5,335,0.0430482
375.981,1.625,335,0.0435551
375.981,1.75,335,0.044062
375.981,1.875,335,0.0445689
375.981,2,335,0.0450759
375.981,2.125,335,0.0455828
375.981,2.25,335,0.0460897
375.981,2.375,335,0.0465966
375.981,2.5,335,0.0471035
375.981,2.625,335,0.0476105
375.981,2.75,335,0.0481807
375.981,2.875,335,0.0491946
375.981,3,335,0.0502084
375.981,3.125,335,0.0512223
375.981,3.25,335,0.0522361
375.981,3.375,335,0.05325
375.981,3.5,335,0.0542638
375.981,3.625,335,0.0552776
375.981,3.75,335,0.0562915
375.981,3.875,335,0.0573053
375.981,4,335,0.0583192
375.981,4.125,335,0.059333
375.981,4.25,335,0.0603468
375.981,4.375,335,0.0613607
375.981,4.5,335,0.0623745
375.981,4.625,335,0.0633884
375.981,4.75,335,0.0644022
375.981,4.875,335,0.0654161
375.981,5,335,0.0664299
375.981,5.125,335,0.0674437
375.981,5.25,335,0.0684576
375.981,5.375,335,0.0694714
375.981,5.5,335,0.0704853
375.981,5.625,335,0.0714991
375.981,5.75,335,0.0725129
375.981,5.875,335,0.0735268
375.981,6,335,0.0745406
375.981,6.125,335,0.0755545
375.981,6.25,335,0.0765683
375.981,6.375,335,0.0775822
375.981,6.5,335,0.078596
375.981,6.625,335,0.0796098
375.981,6.75,335,0.0806237
375.981,6.875,335,0.0816375
375.981,7,335,0.0826514
375.981,7.125,335,0.0836652
375.981,7.25,335,0.084679
375.981,7.375,335,0.0856929
375.981,7.5,335,0.0867067
375.981,7.625,335,0.0877206
375.981,7.75,335,0.0887344
375.981,7.875,335,0.0897482
375.981,8,335,0.0907621
375.981,8.125,335,0.0917759
375.981,8.25,335,0.0929138
375.981,8.375,335,0.0942582
375.981,8.5,335,0.0956027
375.981,8.625,335,0.0969471
375.981,8.75,335,0.0982916
375.981,8.875,335,0.099636
375.981,9,335,0.10098
375.981,9.125,335,0.102325
375.981,9.25,335,0.103669
375.981,9.375,335,0.105014
375.981,9.5,335,0.106358
375.981,9.625,335,0.107703
375.981,9.75,335,0.109047
375.981,9.875,335,0.110392
375.981,10,335,0.111736
375.981,10.125,335,0.113081
375.981,10.25,335,0.114425
375.981,10.375,335,0.11577
375.981,10.5,335,0.117114
375.981,10.625,335,0.118458
375.981,10.75,335,0.119803
375.981,10.875,335,0.121147
375.981,11,335,0.1249
375.981,11.125,335,0.126131
375.981,11.25,335,0.127362
375.981,11.375,335,0.128593
375.981,11.5,335,0.129824
375.981,11.625,335,0.131056
375.981,11.75,335,0.132287
375.981,11.875,335,0.133518
375.981,12,335,0.134749
375.981,12.125,335,0.13598
375.981,12.25,335,0.137211
375.981,12.375,335,0.138442
375.981,12.5,335,0.139673
375.981,12.625,335,0.140905
375.981,12.75,335,0.142136
375.981,12.875,335,0.143367
375.981,13,335,0.144598
375.981,13.125,335,0.145829
375.981,13.25,335,0.14706
375.981,13.375,335,0.148291
375.981,13.5,335,0.149523
375.981,13.625,335,0.150754
375.981,13.75,335,0.151985
375.981,13.875,335,0.153216
375.981,14,335,0.154447
375.981,14.125,335,0.155678
375.981,14.25,335,0.156909
375.981,14.375,335,0.15814
375.981,14.5,335,0.159372
375.981,14.625,335,0.160603
375.981,14.75,335,0.161834
375.981,14.875,335,0.163065
375.981,15,335,0.164296
375.981,15.125,335,0.165527
375.981,15.25,335,0.166758
375.981,15.375,335,0.167989
375.981,15.5,335,0.169221
375.981,15.625,335,0.170452
375.981,15.75,335,0.171683
375.981,15.875,335,0.172914
375.981,16,335,0.174145
375.981,16.125,335,0.175376
375.981,16.25,335,0.176607
375.981,16.375,335,0.177838
375.981,16.5,335,0.179181
375.981,16.625,335,0.18056
375.981,16.75,335,0.181939
375.981,16.875,335,0.183319
375.981,17,335,0.184698
375.981,17.125,335,0.186077
375.981,17.25,335,0.187456
375.981,17.375,335,0.188836
375.981,17.5,335,0.190215
375.981,17.625,335,0.191594
375.981,17.75,335,0.192974
375.981,17.875,335,0.194353
375.981,18,335,0.195732
375.981,18.125,335,0.197111
375.981,18.25,335,0.198491
375.981,18.375,335,0.19987
375.981,18.5,335,0.201249
375.981,18.625,335,0.202629
375.981,18.75,335,0.204008
375.981,18.875,335,0.205387
375.981,19,335,0.206766
375.981,19.125,335,0.208146
375.981,19.25,335,0.209525
375.981,19.375,335,0.210904
375.981,19.5,335,0.212284
375.981,19.625,335,0.213663
375.981,19.75,335,0.215042
375.981,19.875,335,0.216421
375.981,20,335,0.217801
