x,y,z,b
375.981,0,335,0.0352252
375.981,0.125,335,0.0358467
375.981,0.25,335,0.0364682
375.981,0.375,335,0.0370898
375.981,0.5,335,0.0377113
375.981,0.625,335,0.0383328
375.981,0.75,335,0.0389544
375.981,0.875,335,0.0395759
375.981,1,335,0.0401974
375.981,1.125,335,0.040819
375.981,1.25,335,0.0414405
375.981,1.375,335,0.0421009
375.981,1.5,335,0.0433439
375.981,1.625,335,0.044587
375.981,1.75,335,0.0458301
375.981,1.875,335,0.0470731
375.981,2,335,0.0483162
375.981,2.125,335,0.0495593
375.981,2.25,335,0.0508023
375.981,2.375,335,0.0520454
375.981,2.5,335,0.0532884
375.981,2.625,335,0.0545315
375.981,2.75,335,0.0557746
375.981,2.875,335,0.0570176
375.981,3,335,0.0582607
375.981,3.125,335,0.0595038
375.981,3.25,335,0.0607468
375.981,3.375,335,0.0619899
375.981,3.5,335,0.0632329
375.981,3.625,335,0.064476
375.981,3.75,335,0.0657191
375.981,3.875,335,0.0669621
375.981,4,335,0.0682052
375.981,4.125,335,0.0697418
375.981,4.25,335,0.0725504
375.981,4.375,335,0.075359
375.981,4.5,335,0.0781676
375.981,4.625,335,0.0809763
375.981,4.75,335,0.0837849
375.981,4.875,335,0.0865935
375.981,5,335,0.0894021
375.981,5.125,335,0.0922107
375.981,5.25,335,0.0950193
375.981,5.375,335,0.0978279
375.981,5.5,335,0.100673
375.981,5.625,335,0.103676
375.981,5.75,335,0.10668
375.981,5.875,335,0.109684
375.981,6,335,0.112687
375.981,6.125,335,0.115691
375.981,6.25,335,0.118412
375.981,6.375,335,0.121054
375.981,6.5,335,0.123696
375.981,6.625,335,0.126339
375.981,6.75,335,0.128981
375.981,6.875,335,0.131623
375.981,7,335,0.134265
375.981,7.125,335,0.136907
375.981,7.25,335,0.139549
375.981,7.375,335,0.142191
375.981,7.5,335,0.144834
375.981,7.625,335,0.147043
375.981,7.75,335,0.149173
375.981,7.875,335,0.151302
375.981,8,335,0.153432
375.981,8.125,335,0.155561
375.981,8.25,335,0.157691
375.981,8.375,335,0.15982
375.981,8.5,335,0.16195
375.981,8.625,335,0.164079
375.981,8.75,335,0.166208
375.981,8.875,335,0.168338
375.981,9,335,0.16766
375.981,9.125,335,0.166692
375.981,9.25,335,0.165724
375.981,9.375,335,0.164756
375.981,9.5,335,0.163787
375.981,9.625,335,0.162819
375.981,9.75,335,0.161851
375.981,9.875,335,0.160883
375.981,10,335,0.159915
375.981,10.125,335,0.158946
375.981,10.25,335,0.157978
375.981,10.375,335,0.156718
375.981,10.5,335,0.155448
375.981,10.625,335,0.154178
375.981,10.75,335,0.152909
375.981,10.875,335,0.151639
375.981,11,335,0.150369
375.981,11.125,335,0.1491
375.981,11.25,335,0.14783
375.981,11.375,335,0.14656
375.981,11.5,335,0.14529
375.981,11.625,335,0.144066
375.981,11.75,335,0.14425
375.981,11.875,335,0.144433
375.981,12,335,0.144617
375.981,12.125,335,0.1448
375.981,12.25,335,0.144984
375.981,12.375,335,0.145167
375.981,12.5,335,0.14535
375.981,12.625,335,0.145534
375.981,12.75,335,0.145717
375.981,12.875,335,0.145901
375.981,13,335,0.146384
375.981,13.125,335,0.149762
375.981,13.25,335,0.15314
375.981,13.375,335,0.156517
375.981,13.5,335,0.159895
375.981,13.625,335,0.163273
375.981,13.75,335,0.166651
375.981,13.875,335,0.170029
375.981,14,335,0.173407
375.981,14.125,335,0.176785
375.981,14.25,335,0.180163
375.981,14.375,335,0.183394
375.981,14.5,335,0.185833
375.981,14.625,335,0.188272
375.981,14.75,335,0.190712
375.981,14.875,335,0.193151
375.981,15,335,0.195591
375.981,15.125,335,0.19803
375.981,15.25,335,0.200469
375.981,15.375,335,0.202909
375.981,15.5,335,0.205348
375.981,15.625,335,0.207787
375.981,15.75,335,0.209641
375.981,15.875,335,0.209401
375.981,16,335,0.209162
375.981,16.125,335,0.208923
375.981,16.25,335,0.208683
375.981,16.375,335,0.208444
375.981,16.5,335,0.204634
375.981,16.625,335,0.205349
375.981,16.75,335,0.206063
375.981,16.875,335,0.206777
375.981,17,335,0.207492
375.981,17.125,335,0.208206
375.981,17.25,335,0.208921
375.981,17.375,335,0.209635
375.981,17.5,335,0.210349
375.981,17.625,335,0.211064
375.981,17.75,335,0.211778
375.981,17.875,335,0.212637
375.981,18,335,0.213528
375.981,18.125,335,0.21442
375.981,18.25,335,0.215311
375.981,18.375,335,0.216203
375.981,18.5,335,0.217094
375.981,18.625,335,0.217986
375.981,18.75,335,0.218877
375.981,18.875,335,0.219769
375.981,19,335,0.22066
375.981,19.125,335,0.221552
375.981,19.25,335,0.222443
375.981,19.375,335,0.223335
375.981,19.5,335,0.224226
375.981,19.625,335,0.225118
375.981,19.75,335,0.226009
375.981,19.875,335,0.226901
375.981,20,335,0.227792
