x,y,z,b
375.981,0,335,0.044001
375.981,0.125,335,0.0443105
375.981,0.25,335,0.0446201
375.981,0.375,335,0.0449296
375.981,0.5,335,0.0452392
375.981,0.625,335,0.0455488
375.981,0.75,335,0.0460228
375.981,0.875,335,0.0466419
375.981,1,335,0.047261
375.981,1.125,335,0.0478801
375.981,1.25,335,0.0484993
375.981,1.375,335,0.0491184
375.981,1.5,335,0.0497375
375.981,1.625,335,0.0503566
375.981,1.75,335,0.0509757
375.981,1.875,335,0.0515949
375.981,2,335,0.052214
375.981,2.125,335,0.0528933
375.981,2.25,335,0.0536137
375.981,2.375,335,0.0543341
375.981,2.5,335,0.0550545
375.981,2.625,335,0.055775
375.981,2.75,335,0.0562535
375.981,2.875,335,0.056901
375.981,3,335,0.0575485
375.981,3.125,335,0.058196
375.981,3.25,335,0.0588434
375.981,3.375,335,0.0594909
375.981,3.5,335,0.0601384
375.981,3.625,335,0.0607859
375.981,3.75,335,0.0614334
375.981,3.875,335,0.0620808
375.981,4,335,0.0627283
375.981,4.125,335,0.0633102
375.981,4.25,335,0.0636079
375.981,4.375,335,0.0639056
375.981,4.5,335,0.0642033
375.981,4.625,335,0.0645009
375.981,4.75,335,0.0647986
375.981,4.875,335,0.0650963
375.981,5,335,0.065394
375.981,5.125,335,0.0656917
375.981,5.25,335,0.0659894
375.981,5.375,335,0.066287
375.981,5.5,335,0.0654257
375.981,5.625,335,0.065337
375.981,5.75,335,0.0652482
375.981,5.875,335,0.0651594
375.981,6,335,0.0650707
375.981,6.125,335,0.0649819
375.981,6.25,335,0.065633
375.981,6.375,335,0.0664913
375.981,6.5,335,0.0673495
375.981,6.625,335,0.0682078
375.981,6.75,335,0.0690661
375.981,6.875,335,0.0699243
375.981,7,335,0.0707826
375.981,7.125,335,0.0716409
375.981,7.25,335,0.0724991
375.981,7.375,335,0.0733574
375.981,7.5,335,0.0742157
375.981,7.625,335,0.076452
375.981,7.75,335,0.0789436
375.981,7.875,335,0.0814352
375.981,8,335,0.0839268
375.981,8.125,335,0.0864183
375.981,8.25,335,0.0913328
375.981,8.375,335,0.0932392
375.981,8.5,335,0.0951456
375.981,8.625,335,0.097052
375.981,8.75,335,0.0989585
375.981,8.875,335,0.100865
375.981,9,335,0.102771
375.981,9.125,335,0.104678
375.981,9.25,335,0.106584
375.981,9.375,335,0.108491
375.981,9.5,335,0.110397
375.981,9.625,335,0.111989
375.981,9.75,335,0.113175
375.981,9.875,335,0.114362
375.981,10,335,0.115548
375.981,10.125,335,0.116734
375.981,10.25,335,0.117921
375.981,10.375,335,0.119107
375.981,10.5,335,0.120294
375.981,10.625,335,0.12148
375.981,10.75,335,0.122667
375.981,10.875,335,0.123853
375.981,11,335,0.12504
375.981,11.125,335,0.126226
375.981,11.25,335,0.127413
375.981,11.375,335,0.128599
375.981,11.5,335,0.129786
375.981,11.625,335,0.130972
375.981,11.75,335,0.132159
375.981,11.875,335,0.133345
375.981,12,335,0.134532
375.981,12.125,335,0.135718
375.981,12.25,335,0.136905
375.981,12.375,335,0.138337
375.981,12.5,335,0.139962
375.981,12.625,335,0.141586
375.981,12.75,335,0.14321
375.981,12.875,335,0.144834
375.981,13,335,0.146458
375.981,13.125,335,0.148083
375.981,13.25,335,0.149707
375.981,13.375,335,0.151331
375.981,13.5,335,0.152955
375.981,13.625,335,0.154579
375.981,13.75,335,0.156204
375.981,13.875,335,0.157828
375.981,14,335,0.159452
375.981,14.125,335,0.161076
375.981,14.25,335,0.1627
375.981,14.375,335,0.164324
375.981,14.5,335,0.165949
375.981,14.625,335,0.167573
375.981,14.75,335,0.169197
375.981,14.875,335,0.170821
375.981,15,335,0.172445
375.981,15.125,335,0.174138
375.981,15.25,335,0.175862
375.981,15.375,335,0.177586
375.981,15.5,335,0.17931
375.981,15.625,335,0.181033
375.981,15.75,335,0.182757
375.981,15.875,335,0.184481
375.981,16,335,0.186205
375.981,16.125,335,0.187929
375.981,16.25,335,0.189653
375.981,16.375,335,0.191376
375.981,16.5,335,0.193155
375.981,16.625,335,0.194872
375.981,16.75,335,0.196589
375.981,16.875,335,0.198306
375.981,17,335,0.200023
375.981,17.125,335,0.20174
375.981,17.25,335,0.203457
375.981,17.375,335,0.205174
375.981,17.5,335,0.206891
375.981,17.625,335,0.208608
375.981,17.75,335,0.210325
375.981,17.875,335,0.212042
375.981,18,335,0.213759
375.981,18.125,335,0.215476
375.981,18.25,335,0.217193
375.981,18.375,335,0.21891
375.981,18.5,335,0.220627
375.981,18.625,335,0.222344
375.981,18.75,335,0.224061
375.981,18.875,335,0.225778
375.981,19,335,0.227495
375.981,19.125,335,0.229212
375.981,19.25,335,0.230563
375.981,19.375,335,0.231861
375.981,19.5,335,0.233159
375.981,19.625,335,0.234458
375.981,19.75,335,0.235756
375.981,19.875,335,0.237055
375.981,20,335,0.238353
