x,y,z,b
375.981,0,335,0.0597195
375.981,0.125,335,0.0598267
375.981,0.25,335,0.0599339
375.981,0.375,335,0.0600411
375.981,0.5,335,0.0601482
375.981,0.625,335,0.0602554
375.981,0.75,335,0.0604196
375.981,0.875,335,0.060634
375.981,1,335,0.0608484
375.981,1.125,335,0.0610628
375.981,1.25,335,0.0612772
375.981,1.375,335,0.0614916
375.981,1.5,335,0.061706
375.981,1.625,335,0.0619204
375.981,1.75,335,0.0621348
375.981,1.875,335,0.0623492
375.981,2,335,0.0625636
375.981,2.125,335,0.0630283
375.981,2.25,335,0.0636643
375.981,2.375,335,0.0643002
375.981,2.5,335,0.0649362
375.981,2.625,335,0.0655722
375.981,2.75,335,0.0661695
375.981,2.875,335,0.0665898
375.981,3,335,0.06701
375.981,3.125,335,0.0674302
375.981,3.25,335,0.0678505
375.981,3.375,335,0.0682707
375.981,3.5,335,0.0686909
375.981,3.625,335,0.0691112
375.981,3.75,335,0.0695314
375.981,3.875,335,0.0699517
375.981,4,335,0.0703719
375.981,4.125,335,0.070991
375.981,4.25,335,0.0724718
375.981,4.375,335,0.0739526
375.981,4.5,335,0.0754334
375.981,4.625,335,0.0769143
375.981,4.75,335,0.0783951
375.981,4.875,335,0.0798759
375.981,5,335,0.0813567
375.981,5.125,335,0.0828375
375.981,5.25,335,0.0843184
375.981,5.375,335,0.0857992
375.981,5.5,335,0.0920465
375.981,5.625,335,0.0930797
375.981,5.75,335,0.0941128
375.981,5.875,335,0.0951459
375.981,6,335,0.0961791
375.981,6.125,335,0.0972122
375.981,6.25,335,0.0982454
375.981,6.375,335,0.0992785
375.981,6.5,335,0.100312
375.981,6.625,335,0.101345
375.981,6.75,335,0.102378
375.981,6.875,335,0.103411
375.981,7,335,0.104444
375.981,7.125,335,0.105477
375.981,7.25,335,0.10651
375.981,7.375,335,0.107544
375.981,7.5,335,0.108577
375.981,7.625,335,0.10961
375.981,7.75,335,0.110643
375.981,7.875,335,0.111676
375.981,8,335,0.112709
375.981,8.125,335,0.113742
375.981,8.25,335,0.114847
375.981,8.375,335,0.116071
375.981,8.5,335,0.117294
375.981,8.625,335,0.118518
375.981,8.75,335,0.119741
375.981,8.875,335,0.120965
375.981,9,335,0.122188
375.981,9.125,335,0.123412
375.981,9.25,335,0.124635
375.981,9.375,335,0.125859
375.981,9.5,335,0.127082
375.981,9.625,335,0.128306
375.981,9.75,335,0.129529
375.981,9.875,335,0.130753
375.981,10,335,0.131976
375.981,10.125,335,0.1332
375.981,10.25,335,0.134423
375.981,10.375,335,0.135647
375.981,10.5,335,0.13687
375.981,10.625,335,0.138094
375.981,10.75,335,0.139317
375.981,10.875,335,0.140541
375.981,11,335,0.141764
375.981,11.125,335,0.142988
375.981,11.25,335,0.144211
375.981,11.375,335,0.145435
375.981,11.5,335,0.146658
375.981,11.625,335,0.147882
375.981,11.75,335,0.149105
375.981,11.875,335,0.150329
375.981,12,335,0.151553
375.981,12.125,335,0.152776
375.981,12.25,335,0.154
375.981,12.375,335,0.155223
375.981,12.5,335,0.156447
375.981,12.625,335,0.15767
375.981,12.75,335,0.158894
375.981,12.875,335,0.160117
375.981,13,335,0.161341
375.981,13.125,335,0.162564
375.981,13.25,335,0.163788
375.981,13.375,335,0.165011
375.981,13.5,335,0.166235
375.981,13.625,335,0.167458
375.981,13.75,335,0.168931
375.981,13.875,335,0.170554
375.981,14,335,0.172177
375.981,14.125,335,0.1738
375.981,14.25,335,0.175423
375.981,14.375,335,0.177046
375.981,14.5,335,0.178669
375.981,14.625,335,0.180292
375.981,14.75,335,0.181915
375.981,14.875,335,0.183538
375.981,15,335,0.185161
375.981,15.125,335,0.186784
375.981,15.25,335,0.188407
375.981,15.375,335,0.19003
375.981,15.5,335,0.191653
375.981,15.625,335,0.193276
375.981,15.75,335,0.194899
375.981,15.875,335,0.196522
375.981,16,335,0.198145
375.981,16.125,335,0.199768
375.981,16.25,335,0.201391
375.981,16.375,335,0.203014
375.981,16.5,335,0.204637
375.981,16.625,335,0.20626
375.981,16.75,335,0.207883
375.981,16.875,335,0.209506
375.981,17,335,0.211129
375.981,17.125,335,0.212752
375.981,17.25,335,0.214375
375.981,17.375,335,0.215998
375.981,17.5,335,0.217621
375.981,17.625,335,0.219244
375.981,17.75,335,0.220867
375.981,17.875,335,0.22249
375.981,18,335,0.224113
375.981,18.125,335,0.225736
375.981,18.25,335,0.227359
375.981,18.375,335,0.228982
375.981,18.5,335,0.230605
375.981,18.625,335,0.232228
375.981,18.75,335,0.233851
375.981,18.875,335,0.235474
375.981,19,335,0.237097
375.981,19.125,335,0.23872
375.981,19.25,335,0.239796
375.981,19.375,335,0.240794
375.981,19.5,335,0.241792
375.981,19.625,335,0.24279
375.981,19.75,335,0.243788
375.981,19.875,335,0.244786
375.981,20,335,0.245784
