x,y,z,b
375.981,0,335,0.0332027
375.981,0.125,335,0.0336958
375.981,0.25,335,0.0341888
375.981,0.375,335,0.0346818
375.981,0.5,335,0.0351749
375.981,0.625,335,0.0356679
375.981,0.75,335,0.036161
375.981,0.875,335,0.036654
375.981,1,335,0.0371471
375.981,1.125,335,0.0376401
375.981,1.25,335,0.0381332
375.981,1.375,335,0.038657
375.981,1.5,335,0.0396431
375.981,1.625,335,0.0406292
375.981,1.75,335,0.0416153
375.981,1.875,335,0.0426014
375.981,2,335,0.0435875
375.981,2.125,335,0.0445736
375.981,2.25,335,0.0455597
375.981,2.375,335,0.0465458
375.981,2.5,335,0.0475319
375.981,2.625,335,0.048518
375.981,2.75,335,0.0495041
375.981,2.875,335,0.0504902
375.981,3,335,0.0514762
375.981,3.125,335,0.0524623
375.981,3.25,335,0.0534484
375.981,3.375,335,0.0544345
375.981,3.5,335,0.0554206
375.981,3.625,335,0.0564067
375.981,3.75,335,0.0573928
375.981,3.875,335,0.0583789
375.981,4,335,0.059365
375.981,4.125,335,0.0603268
375.981,4.25,335,0.0611834
375.981,4.375,335,0.0620399
375.981,4.5,335,0.0628965
375.981,4.625,335,0.063753
375.981,4.75,335,0.0646096
375.981,4.875,335,0.0654662
375.981,5,335,0.0663227
375.981,5.125,335,0.0671793
375.981,5.25,335,0.0680358
375.981,5.375,335,0.0688924
375.981,5.5,335,0.0687935
375.981,5.625,335,0.06974
375.981,5.75,335,0.0706866
375.981,5.875,335,0.0716332
375.981,6,335,0.0725798
375.981,6.125,335,0.0735264
375.981,6.25,335,0.0744729
375.981,6.375,335,0.0754195
375.981,6.5,335,0.0763661
375.981,6.625,335,0.0773127
375.981,6.75,335,0.0782592
375.981,6.875,335,0.0792058
375.981,7,335,0.0801524
375.981,7.125,335,0.081099
375.981,7.25,335,0.0820456
375.981,7.375,335,0.0829921
375.981,7.5,335,0.0839387
375.981,7.625,335,0.0848853
375.981,7.75,335,0.0858319
375.981,7.875,335,0.0867785
375.981,8,335,0.087725
375.981,8.125,335,0.0886716
375.981,8.25,335,0.089739
375.981,8.375,335,0.0910079
375.981,8.5,335,0.0922767
375.981,8.625,335,0.0935456
375.981,8.75,335,0.0948144
375.981,8.875,335,0.0960832
375.981,9,335,0.0973521
375.981,9.125,335,0.0986209
375.981,9.25,335,0.0998898
375.981,9.375,335,0.101159
375.981,9.5,335,0.102427
375.981,9.625,335,0.103696
375.981,9.75,335,0.104965
375.981,9.875,335,0.106234
375.981,10,335,0.107503
375.981,10.125,335,0.108772
375.981,10.25,335,0.11004
375.981,10.375,335,0.111309
375.981,10.5,335,0.112578
375.981,10.625,335,0.113847
375.981,10.75,335,0.115116
375.981,10.875,335,0.116385
375.981,11,335,0.119748
375.981,11.125,335,0.120917
375.981,11.25,335,0.122085
375.981,11.375,335,0.123254
375.981,11.5,335,0.124423
375.981,11.625,335,0.125592
375.981,11.75,335,0.126761
375.981,11.875,335,0.127929
375.981,12,335,0.129098
375.981,12.125,335,0.130267
375.981,12.25,335,0.131436
375.981,12.375,335,0.132604
375.981,12.5,335,0.133773
375.981,12.625,335,0.134942
375.981,12.75,335,0.136111
375.981,12.875,335,0.137279
375.981,13,335,0.138448
375.981,13.125,335,0.139617
375.981,13.25,335,0.140786
375.981,13.375,335,0.141955
375.981,13.5,335,0.143123
375.981,13.625,335,0.144292
375.981,13.75,335,0.145461
375.981,13.875,335,0.14663
375.981,14,335,0.147798
375.981,14.125,335,0.148967
375.981,14.25,335,0.150136
375.981,14.375,335,0.151305
375.981,14.5,335,0.152474
375.981,14.625,335,0.153642
375.981,14.75,335,0.154811
375.981,14.875,335,0.15598
375.981,15,335,0.157149
375.981,15.125,335,0.158317
375.981,15.25,335,0.159486
375.981,15.375,335,0.160655
375.981,15.5,335,0.161824
375.981,15.625,335,0.162992
375.981,15.75,335,0.164161
375.981,15.875,335,0.16533
375.981,16,335,0.166499
375.981,16.125,335,0.167668
375.981,16.25,335,0.168836
375.981,16.375,335,0.170005
375.981,16.5,335,0.171345
375.981,16.625,335,0.172743
375.981,16.75,335,0.17414
375.981,16.875,335,0.175537
375.981,17,335,0.176934
375.981,17.125,335,0.178332
375.981,17.25,335,0.179729
375.981,17.375,335,0.181126
375.981,17.5,335,0.182524
375.981,17.625,335,0.183921
375.981,17.75,335,0.185318
375.981,17.875,335,0.186716
375.981,18,335,0.188113
375.981,18.125,335,0.18951
375.981,18.25,335,0.190907
375.981,18.375,335,0.192305
375.981,18.5,335,0.193702
375.981,18.625,335,0.195099
375.981,18.75,335,0.196497
375.981,18.875,335,0.197894
375.981,19,335,0.199291
375.981,19.125,335,0.200689
375.981,19.25,335,0.202086
375.981,19.375,335,0.203483
375.981,19.5,335,0.20488
375.981,19.625,335,0.206278
375.981,19.75,335,0.207675
375.981,19.875,335,0.209072
375.981,20,335,0.21047
