x,y,z,b
375.981,0,335,0.0374819
375.981,0.125,335,0.03794
375.981,0.25,335,0.038398
375.981,0.375,335,0.0388561
375.981,0.5,335,0.0393142
375.981,0.625,335,0.0397722
375.981,0.75,335,0.0402303
375.981,0.875,335,0.0406884
375.981,1,335,0.0411464
375.981,1.125,335,0.0416045
375.981,1.25,335,0.0420626
375.981,1.375,335,0.0425206
375.981,1.5,335,0.0429787
375.981,1.625,335,0.0434368
375.981,1.75,335,0.0438948
375.981,1.875,335,0.0443529
375.981,2,335,0.044811
375.981,2.125,335,0.045269
375.981,2.25,335,0.0457271
375.981,2.375,335,0.0461852
375.981,2.5,335,0.0466432
375.981,2.625,335,0.0471013
375.981,2.75,335,0.0476166
375.981,2.875,335,0.0485328
375.981,3,335,0.0494489
375.981,3.125,335,0.050365
375.981,3.25,335,0.0512811
375.981,3.375,335,0.0521973
375.981,3.5,335,0.0531134
375.981,3.625,335,0.0540295
375.981,3.75,335,0.0549457
375.981,3.875,335,0.0558618
375.981,4,335,0.0567779
375.981,4.125,335,0.0576941
375.981,4.25,335,0.0586102
375.981,4.375,335,0.0595263
375.981,4.5,335,0.0604425
375.981,4.625,335,0.0613586
375.981,4.75,335,0.0622747
375.981,4.875,335,0.0631909
375.981,5,335,0.064107
375.981,5.125,335,0.0650231
375.981,5.25,335,0.0659393
375.981,5.375,335,0.0668554
375.981,5.5,335,0.0677715
375.981,5.625,335,0.0686877
375.981,5.75,335,0.0696038
375.981,5.875,335,0.0705199
375.981,6,335,0.0714361
375.981,6.125,335,0.0723522
375.981,6.25,335,0.0732683
375.981,6.375,335,0.0741845
375.981,6.5,335,0.0751006
375.981,6.625,335,0.0760167
375.981,6.75,335,0.0769329
375.981,6.875,335,0.077849
375.981,7,335,0.0787651
375.981,7.125,335,0.0796812
375.981,7.25,335,0.0805974
375.981,7.375,335,0.0815135
375.981,7.5,335,0.0824296
375.981,7.625,335,0.0833458
375.981,7.75,335,0.0842619
375.981,7.875,335,0.085178
375.981,8,335,0.0860942
375.981,8.125,335,0.0870103
375.981,8.25,335,0.0881312
375.981,8.375,335,0.0895935
375.981,8.5,335,0.0910558
375.981,8.625,335,0.092518
375.981,8.75,335,0.0939803
375.981,8.875,335,0.0954425
375.981,9,335,0.0969048
375.981,9.125,335,0.098367
375.981,9.25,335,0.0998293
375.981,9.375,335,0.101292
375.981,9.5,335,0.102754
375.981,9.625,335,0.104216
375.981,9.75,335,0.105678
375.981,9.875,335,0.107141
375.981,10,335,0.108603
375.981,10.125,335,0.110065
375.981,10.25,335,0.111527
375.981,10.375,335,0.11299
375.981,10.5,335,0.114452
375.981,10.625,335,0.115914
375.981,10.75,335,0.117376
375.981,10.875,335,0.118839
375.981,11,335,0.120301
375.981,11.125,335,0.121763
375.981,11.25,335,0.123225
375.981,11.375,335,0.124688
375.981,11.5,335,0.12615
375.981,11.625,335,0.127612
375.981,11.75,335,0.129074
375.981,11.875,335,0.130537
375.981,12,335,0.131999
375.981,12.125,335,0.133461
375.981,12.25,335,0.134923
375.981,12.375,335,0.136386
375.981,12.5,335,0.137848
375.981,12.625,335,0.13931
375.981,12.75,335,0.140773
375.981,12.875,335,0.142235
375.981,13,335,0.143697
375.981,13.125,335,0.145159
375.981,13.25,335,0.146622
375.981,13.375,335,0.148084
375.981,13.5,335,0.149546
375.981,13.625,335,0.151008
375.981,13.75,335,0.152387
375.981,13.875,335,0.153715
375.981,14,335,0.155044
375.981,14.125,335,0.156372
375.981,14.25,335,0.1577
375.981,14.375,335,0.159029
375.981,14.5,335,0.160357
375.981,14.625,335,0.161686
375.981,14.75,335,0.163014
375.981,14.875,335,0.164342
375.981,15,335,0.165671
375.981,15.125,335,0.166999
375.981,15.25,335,0.168328
375.981,15.375,335,0.169656
375.981,15.5,335,0.170984
375.981,15.625,335,0.172313
375.981,15.75,335,0.173641
375.981,15.875,335,0.17497
375.981,16,335,0.176298
375.981,16.125,335,0.177626
375.981,16.25,335,0.178955
375.981,16.375,335,0.180283
375.981,16.5,335,0.181612
375.981,16.625,335,0.18294
375.981,16.75,335,0.184268
375.981,16.875,335,0.185597
375.981,17,335,0.186925
375.981,17.125,335,0.188253
375.981,17.25,335,0.189582
375.981,17.375,335,0.19091
375.981,17.5,335,0.192239
375.981,17.625,335,0.193567
375.981,17.75,335,0.194895
375.981,17.875,335,0.196224
375.981,18,335,0.197552
375.981,18.125,335,0.198881
375.981,18.25,335,0.200209
375.981,18.375,335,0.201537
375.981,18.5,335,0.202866
375.981,18.625,335,0.204194
375.981,18.75,335,0.205523
375.981,18.875,335,0.206851
375.981,19,335,0.208179
375.981,19.125,335,0.209508
375.981,19.25,335,0.210878
375.981,19.375,335,0.212255
375.981,19.5,335,0.213631
375.981,19.625,335,0.215007
375.981,19.75,335,0.216384
375.981,19.875,335,0.21776
375.981,20,335,0.219137
