x,y,z,b
375.981,0,335,0.0480661
375.981,0.125,335,0.0483913
375.981,0.25,335,0.0487164
375.981,0.375,335,0.0490416
375.981,0.5,335,0.0493668
375.981,0.625,335,0.0496919
375.981,0.75,335,0.0500171
375.981,0.875,335,0.0503423
375.981,1,335,0.0506674
375.981,1.125,335,0.0509926
375.981,1.25,335,0.0513178
375.981,1.375,335,0.0516632
375.981,1.5,335,0.0523136
375.981,1.625,335,0.0529639
375.981,1.75,335,0.0536142
375.981,1.875,335,0.0542646
375.981,2,335,0.0549149
375.981,2.125,335,0.0555652
375.981,2.25,335,0.0562156
375.981,2.375,335,0.0568659
375.981,2.5,335,0.0575162
375.981,2.625,335,0.0581666
375.981,2.75,335,0.0588169
375.981,2.875,335,0.0594672
375.981,3,335,0.0601176
375.981,3.125,335,0.0607679
375.981,3.25,335,0.0614182
375.981,3.375,335,0.0620686
375.981,3.5,335,0.0627189
375.981,3.625,335,0.0633692
375.981,3.75,335,0.0640196
375.981,3.875,335,0.0646699
375.981,4,335,0.0653202
375.981,4.125,335,0.0660463
375.981,4.25,335,0.0671005
375.981,4.375,335,0.0681547
375.981,4.5,335,0.0692089
375.981,4.625,335,0.0702631
375.981,4.75,335,0.0713173
375.981,4.875,335,0.0723716
375.981,5,335,0.0734258
375.981,5.125,335,0.07448
375.981,5.25,335,0.0755342
375.981,5.375,335,0.0765884
375.981,5.5,335,0.0793288
375.981,5.625,335,0.0802267
375.981,5.75,335,0.0811246
375.981,5.875,335,0.0820226
375.981,6,335,0.0829205
375.981,6.125,335,0.0838184
375.981,6.25,335,0.0847164
375.981,6.375,335,0.0856143
375.981,6.5,335,0.0865122
375.981,6.625,335,0.0874101
375.981,6.75,335,0.0883081
375.981,6.875,335,0.089206
375.981,7,335,0.0901039
375.981,7.125,335,0.0910018
375.981,7.25,335,0.0918998
375.981,7.375,335,0.0927977
375.981,7.5,335,0.0936956
375.981,7.625,335,0.0945935
375.981,7.75,335,0.0954915
375.981,7.875,335,0.0963894
375.981,8,335,0.0972873
375.981,8.125,335,0.0981853
375.981,8.25,335,0.0992167
375.981,8.375,335,0.100471
375.981,8.5,335,0.101725
375.981,8.625,335,0.102979
375.981,8.75,335,0.104233
375.981,8.875,335,0.105487
375.981,9,335,0.106741
375.981,9.125,335,0.107995
375.981,9.25,335,0.109249
375.981,9.375,335,0.110504
375.981,9.5,335,0.111758
375.981,9.625,335,0.113012
375.981,9.75,335,0.114266
375.981,9.875,335,0.11552
375.981,10,335,0.116774
375.981,10.125,335,0.118028
375.981,10.25,335,0.119282
375.981,10.375,335,0.120536
375.981,10.5,335,0.12179
375.981,10.625,335,0.123044
375.981,10.75,335,0.124299
375.981,10.875,335,0.125553
375.981,11,335,0.126807
375.981,11.125,335,0.128061
375.981,11.25,335,0.129315
375.981,11.375,335,0.130569
375.981,11.5,335,0.131823
375.981,11.625,335,0.133077
375.981,11.75,335,0.134331
375.981,11.875,335,0.135585
375.981,12,335,0.136839
375.981,12.125,335,0.138094
375.981,12.25,335,0.139348
375.981,12.375,335,0.140602
375.981,12.5,335,0.141856
375.981,12.625,335,0.14311
375.981,12.75,335,0.144364
375.981,12.875,335,0.145618
375.981,13,335,0.146872
375.981,13.125,335,0.148126
375.981,13.25,335,0.14938
375.981,13.375,335,0.150634
375.981,13.5,335,0.151889
375.981,13.625,335,0.153143
375.981,13.75,335,0.154528
375.981,13.875,335,0.155991
375.981,14,335,0.157454
375.981,14.125,335,0.158918
375.981,14.25,335,0.160381
375.981,14.375,335,0.161845
375.981,14.5,335,0.163308
375.981,14.625,335,0.164772
375.981,14.75,335,0.166235
375.981,14.875,335,0.167698
375.981,15,335,0.169162
375.981,15.125,335,0.170625
375.981,15.25,335,0.172089
375.981,15.375,335,0.173552
375.981,15.5,335,0.175016
375.981,15.625,335,0.176479
375.981,15.75,335,0.177942
375.981,15.875,335,0.179406
375.981,16,335,0.180869
375.981,16.125,335,0.182333
375.981,16.25,335,0.183796
375.981,16.375,335,0.18526
375.981,16.5,335,0.186723
375.981,16.625,335,0.188186
375.981,16.75,335,0.18965
375.981,16.875,335,0.191113
375.981,17,335,0.192577
375.981,17.125,335,0.19404
375.981,17.25,335,0.195504
375.981,17.375,335,0.196967
375.981,17.5,335,0.19843
375.981,17.625,335,0.199894
375.981,17.75,335,0.201357
375.981,17.875,335,0.202821
375.981,18,335,0.204284
375.981,18.125,335,0.205748
375.981,18.25,335,0.207211
375.981,18.375,335,0.208674
375.981,18.5,335,0.210138
375.981,18.625,335,0.211601
375.981,18.75,335,0.213065
375.981,18.875,335,0.214528
375.981,19,335,0.215992
375.981,19.125,335,0.217455
375.981,19.25,335,0.218851
375.981,19.375,335,0.220237
375.981,19.5,335,0.221624
375.981,19.625,335,0.22301
375.981,19.75,335,0.224396
375.981,19.875,335,0.225783
375.981,20,335,0.227169
