x,y,z,b
375.981,0,335,0.0148932
375.981,0.125,335,0.0156473
375.981,0.25,335,0.0164013
375.981,0.375,335,0.0171554
375.981,0.5,335,0.0179095
375.981,0.625,335,0.0186636
375.981,0.75,335,0.0198182
375.981,0.875,335,0.0213264
375.981,1,335,0.0228345
375.981,1.125,335,0.0243426
375.981,1.25,335,0.0258508
375.981,1.375,335,0.0273589
375.981,1.5,335,0.028867
375.981,1.625,335,0.0303752
375.981,1.75,335,0.0318833
375.981,1.875,335,0.0333915
375.981,2,335,0.0348996
375.981,2.125,335,0.0362245
375.981,2.25,335,0.037424
375.981,2.375,335,0.0386235
375.981,2.5,335,0.039823
375.981,2.625,335,0.0410226
375.981,2.75,335,0.0416578
375.981,2.875,335,0.0429589
375.981,3,335,0.0442599
375.981,3.125,335,0.045561
375.981,3.25,335,0.046862
375.981,3.375,335,0.048163
375.981,3.5,335,0.0494641
375.981,3.625,335,0.0507651
375.981,3.75,335,0.0520662
375.981,3.875,335,0.0533672
375.981,4,335,0.0546682
375.981,4.125,335,0.0559426
375.981,4.25,335,0.0571017
375.981,4.375,335,0.0582607
375.981,4.5,335,0.0594198
375.981,4.625,335,0.0605788
375.981,4.75,335,0.0617378
375.981,4.875,335,0.0628969
375.981,5,335,0.0640559
375.981,5.125,335,0.065215
375.981,5.25,335,0.066374
375.981,5.375,335,0.067533
375.981,5.5,335,0.0682661
375.981,5.625,335,0.0694639
375.981,5.75,335,0.0706618
375.981,5.875,335,0.0718596
375.981,6,335,0.0730574
375.981,6.125,335,0.0742552
375.981,6.25,335,0.075453
375.981,6.375,335,0.0766508
375.981,6.5,335,0.0778486
375.981,6.625,335,0.0790465
375.981,6.75,335,0.0802443
375.981,6.875,335,0.0814421
375.981,7,335,0.0826399
375.981,7.125,335,0.0838377
375.981,7.25,335,0.0850355
375.981,7.375,335,0.0862333
375.981,7.5,335,0.0874311
375.981,7.625,335,0.088629
375.981,7.75,335,0.0898268
375.981,7.875,335,0.0910246
375.981,8,335,0.0922224
375.981,8.125,335,0.0934202
375.981,8.25,335,0.0947252
375.981,8.375,335,0.0962087
375.981,8.5,335,0.0976922
375.981,8.625,335,0.0991758
375.981,8.75,335,0.100659
375.981,8.875,335,0.102143
375.981,9,335,0.103626
375.981,9.125,335,0.10511
375.981,9.25,335,0.106593
375.981,9.375,335,0.108077
375.981,9.5,335,0.109561
375.981,9.625,335,0.111044
375.981,9.75,335,0.112528
375.981,9.875,335,0.114011
375.981,10,335,0.115495
375.981,10.125,335,0.116978
375.981,10.25,335,0.118462
375.981,10.375,335,0.119945
375.981,10.5,335,0.121429
375.981,10.625,335,0.122912
375.981,10.75,335,0.124396
375.981,10.875,335,0.125879
375.981,11,335,0.129673
375.981,11.125,335,0.131052
375.981,11.25,335,0.132431
375.981,11.375,335,0.13381
375.981,11.5,335,0.13519
375.981,11.625,335,0.136569
375.981,11.75,335,0.137948
375.981,11.875,335,0.139328
375.981,12,335,0.140707
375.981,12.125,335,0.142086
375.981,12.25,335,0.143465
375.981,12.375,335,0.144845
375.981,12.5,335,0.146224
375.981,12.625,335,0.147603
375.981,12.75,335,0.148983
375.981,12.875,335,0.150362
375.981,13,335,0.151741
375.981,13.125,335,0.15312
375.981,13.25,335,0.1545
375.981,13.375,335,0.155879
375.981,13.5,335,0.157258
375.981,13.625,335,0.158638
375.981,13.75,335,0.160017
375.981,13.875,335,0.161396
375.981,14,335,0.162775
375.981,14.125,335,0.164155
375.981,14.25,335,0.165534
375.981,14.375,335,0.166913
375.981,14.5,335,0.168293
375.981,14.625,335,0.169672
375.981,14.75,335,0.171051
375.981,14.875,335,0.17243
375.981,15,335,0.17381
375.981,15.125,335,0.175189
375.981,15.25,335,0.176568
375.981,15.375,335,0.177948
375.981,15.5,335,0.179327
375.981,15.625,335,0.180706
375.981,15.75,335,0.182085
375.981,15.875,335,0.183465
375.981,16,335,0.184844
375.981,16.125,335,0.186223
375.981,16.25,335,0.187603
375.981,16.375,335,0.188982
375.981,16.5,335,0.190388
375.981,16.625,335,0.191803
375.981,16.75,335,0.193218
375.981,16.875,335,0.194633
375.981,17,335,0.196049
375.981,17.125,335,0.197464
375.981,17.25,335,0.198879
375.981,17.375,335,0.200294
375.981,17.5,335,0.201709
375.981,17.625,335,0.203124
375.981,17.75,335,0.204539
375.981,17.875,335,0.205954
375.981,18,335,0.20737
375.981,18.125,335,0.208785
375.981,18.25,335,0.2102
375.981,18.375,335,0.211615
375.981,18.5,335,0.21303
375.981,18.625,335,0.214445
375.981,18.75,335,0.21586
375.981,18.875,335,0.217276
375.981,19,335,0.218691
375.981,19.125,335,0.220106
375.981,19.25,335,0.221521
375.981,19.375,335,0.222936
375.981,19.5,335,0.224351
375.981,19.625,335,0.225766
375.981,19.75,335,0.227181
375.981,19.875,335,0.228597
375.981,20,335,0.230012
