x,y,z,b
375.981,0,335,0.0408513
375.981,0.125,335,0.0411885
375.981,0.25,335,0.0415257
375.981,0.375,335,0.0418628
375.981,0.5,335,0.0422
375.981,0.625,335,0.0425372
375.981,0.75,335,0.0428744
375.981,0.875,335,0.0432116
375.981,1,335,0.0435488
375.981,1.125,335,0.043886
375.981,1.25,335,0.0442232
375.981,1.375,335,0.0445814
375.981,1.5,335,0.0452558
375.981,1.625,335,0.0459302
375.981,1.75,335,0.0466046
375.981,1.875,335,0.0472789
375.981,2,335,0.0479533
375.981,2.125,335,0.0486277
375.981,2.25,335,0.0493021
375.981,2.375,335,0.0499765
375.981,2.5,335,0.0506508
375.981,2.625,335,0.0513252
375.981,2.75,335,0.0519996
375.981,2.875,335,0.052674
375.981,3,335,0.0533484
375.981,3.125,335,0.0540227
375.981,3.25,335,0.0546971
375.981,3.375,335,0.0553715
375.981,3.5,335,0.0560459
375.981,3.625,335,0.0567202
375.981,3.75,335,0.0573946
375.981,3.875,335,0.058069
375.981,4,335,0.0587434
375.981,4.125,335,0.0594434
375.981,4.25,335,0.0602547
375.981,4.375,335,0.0610659
375.981,4.5,335,0.0618772
375.981,4.625,335,0.0626885
375.981,4.75,335,0.0634997
375.981,4.875,335,0.064311
375.981,5,335,0.0651222
375.981,5.125,335,0.0659335
375.981,5.25,335,0.0667448
375.981,5.375,335,0.067556
375.981,5.5,335,0.0683673
375.981,5.625,335,0.0691785
375.981,5.75,335,0.0699898
375.981,5.875,335,0.0708011
375.981,6,335,0.0716123
375.981,6.125,335,0.0724236
375.981,6.25,335,0.0732348
375.981,6.375,335,0.0740461
375.981,6.5,335,0.0748574
375.981,6.625,335,0.0756686
375.981,6.75,335,0.0764799
375.981,6.875,335,0.0775797
375.981,7,335,0.0793145
375.981,7.125,335,0.0810492
375.981,7.25,335,0.0827839
375.981,7.375,335,0.0845187
375.981,7.5,335,0.0862534
375.981,7.625,335,0.0879881
375.981,7.75,335,0.0897229
375.981,7.875,335,0.0914576
375.981,8,335,0.0931923
375.981,8.125,335,0.0949271
375.981,8.25,335,0.0966618
375.981,8.375,335,0.0983965
375.981,8.5,335,0.100131
375.981,8.625,335,0.101866
375.981,8.75,335,0.103601
375.981,8.875,335,0.105335
375.981,9,335,0.10707
375.981,9.125,335,0.108805
375.981,9.25,335,0.11054
375.981,9.375,335,0.112274
375.981,9.5,335,0.114009
375.981,9.625,335,0.115848
375.981,9.75,335,0.11782
375.981,9.875,335,0.119792
375.981,10,335,0.121764
375.981,10.125,335,0.123736
375.981,10.25,335,0.125708
375.981,10.375,335,0.12768
375.981,10.5,335,0.129652
375.981,10.625,335,0.131624
375.981,10.75,335,0.133596
375.981,10.875,335,0.135568
375.981,11,335,0.138611
375.981,11.125,335,0.140482
375.981,11.25,335,0.142353
375.981,11.375,335,0.144224
375.981,11.5,335,0.146095
375.981,11.625,335,0.147965
375.981,11.75,335,0.149836
375.981,11.875,335,0.151707
375.981,12,335,0.153578
375.981,12.125,335,0.155449
375.981,12.25,335,0.15732
375.981,12.375,335,0.159191
375.981,12.5,335,0.161062
375.981,12.625,335,0.162933
375.981,12.75,335,0.164804
375.981,12.875,335,0.166674
375.981,13,335,0.168545
375.981,13.125,335,0.170416
375.981,13.25,335,0.172287
375.981,13.375,335,0.174158
375.981,13.5,335,0.176029
375.981,13.625,335,0.1779
375.981,13.75,335,0.17944
375.981,13.875,335,0.180781
375.981,14,335,0.182123
375.981,14.125,335,0.183464
375.981,14.25,335,0.184805
375.981,14.375,335,0.186147
375.981,14.5,335,0.187488
375.981,14.625,335,0.188829
375.981,14.75,335,0.190171
375.981,14.875,335,0.191512
375.981,15,335,0.192854
375.981,15.125,335,0.194195
375.981,15.25,335,0.195536
375.981,15.375,335,0.196878
375.981,15.5,335,0.198219
375.981,15.625,335,0.19956
375.981,15.75,335,0.200902
375.981,15.875,335,0.202243
375.981,16,335,0.203585
375.981,16.125,335,0.204926
375.981,16.25,335,0.206267
375.981,16.375,335,0.207609
375.981,16.5,335,0.20895
375.981,16.625,335,0.210292
375.981,16.75,335,0.211633
375.981,16.875,335,0.212974
375.981,17,335,0.214316
375.981,17.125,335,0.215657
375.981,17.25,335,0.216998
375.981,17.375,335,0.21834
375.981,17.5,335,0.219681
375.981,17.625,335,0.221023
375.981,17.75,335,0.222364
375.981,17.875,335,0.223705
375.981,18,335,0.225047
375.981,18.125,335,0.226388
375.981,18.25,335,0.22773
375.981,18.375,335,0.229071
375.981,18.5,335,0.230412
375.981,18.625,335,0.231754
375.981,18.75,335,0.233095
375.981,18.875,335,0.234436
375.981,19,335,0.235778
375.981,19.125,335,0.237119
375.981,19.25,335,0.238303
375.981,19.375,335,0.239464
375.981,19.5,335,0.240626
375.981,19.625,335,0.241787
375.981,19.75,335,0.242949
375.981,19.875,335,0.24411
375.981,20,335,0.245271
