x,y,z,b
375.981,0,335,0.0456383
375.981,0.125,335,0.0461282
375.981,0.25,335,0.0466181
375.981,0.375,335,0.047108
375.981,0.5,335,0.0475979
375.981,0.625,335,0.0480878
375.981,0.75,335,0.0485777
375.981,0.875,335,0.0490677
375.981,1,335,0.0495576
375.981,1.125,335,0.0500475
375.981,1.25,335,0.0505374
375.981,1.375,335,0.0510579
375.981,1.5,335,0.0520377
375.981,1.625,335,0.0530175
375.981,1.75,335,0.0539973
375.981,1.875,335,0.0549771
375.981,2,335,0.0559569
375.981,2.125,335,0.0569367
375.981,2.25,335,0.0579165
375.981,2.375,335,0.0588964
375.981,2.5,335,0.0598762
375.981,2.625,335,0.060856
375.981,2.75,335,0.0618358
375.981,2.875,335,0.0628156
375.981,3,335,0.0637954
375.981,3.125,335,0.0647752
375.981,3.25,335,0.065755
375.981,3.375,335,0.0667348
375.981,3.5,335,0.0677146
375.981,3.625,335,0.0686944
375.981,3.75,335,0.0696742
375.981,3.875,335,0.070654
375.981,4,335,0.0716339
375.981,4.125,335,0.0726005
375.981,4.25,335,0.0735101
375.981,4.375,335,0.0744197
375.981,4.5,335,0.0753293
375.981,4.625,335,0.076239
375.981,4.75,335,0.0771486
375.981,4.875,335,0.0780582
375.981,5,335,0.0789678
375.981,5.125,335,0.0798774
375.981,5.25,335,0.080787
375.981,5.375,335,0.0816966
375.981,5.5,335,0.0826901
375.981,5.625,335,0.0835933
375.981,5.75,335,0.0844965
375.981,5.875,335,0.0853996
375.981,6,335,0.0863028
375.981,6.125,335,0.0872059
375.981,6.25,335,0.0881091
375.981,6.375,335,0.0890123
375.981,6.5,335,0.0899154
375.981,6.625,335,0.0908186
375.981,6.75,335,0.0917217
375.981,6.875,335,0.0926249
375.981,7,335,0.0935281
375.981,7.125,335,0.0944312
375.981,7.25,335,0.0953344
375.981,7.375,335,0.0962375
375.981,7.5,335,0.0971407
375.981,7.625,335,0.0980439
375.981,7.75,335,0.098947
375.981,7.875,335,0.0998502
375.981,8,335,0.100753
375.981,8.125,335,0.101657
375.981,8.25,335,0.102725
375.981,8.375,335,0.104071
375.981,8.5,335,0.105416
375.981,8.625,335,0.106761
375.981,8.75,335,0.108107
375.981,8.875,335,0.109452
375.981,9,335,0.110797
375.981,9.125,335,0.112143
375.981,9.25,335,0.113488
375.981,9.375,335,0.114833
375.981,9.5,335,0.116179
375.981,9.625,335,0.117524
375.981,9.75,335,0.118869
375.981,9.875,335,0.120214
375.981,10,335,0.12156
375.981,10.125,335,0.122905
375.981,10.25,335,0.12425
375.981,10.375,335,0.125596
375.981,10.5,335,0.126941
375.981,10.625,335,0.128286
375.981,10.75,335,0.129632
375.981,10.875,335,0.130977
375.981,11,335,0.134961
375.981,11.125,335,0.136156
375.981,11.25,335,0.137351
375.981,11.375,335,0.138546
375.981,11.5,335,0.139741
375.981,11.625,335,0.140936
375.981,11.75,335,0.14213
375.981,11.875,335,0.143325
375.981,12,335,0.14452
375.981,12.125,335,0.145715
375.981,12.25,335,0.14691
375.981,12.375,335,0.148105
375.981,12.5,335,0.1493
375.981,12.625,335,0.150495
375.981,12.75,335,0.15169
375.981,12.875,335,0.152885
375.981,13,335,0.15408
375.981,13.125,335,0.155275
375.981,13.25,335,0.15647
375.981,13.375,335,0.157665
375.981,13.5,335,0.158859
375.981,13.625,335,0.160054
375.981,13.75,335,0.161249
375.981,13.875,335,0.162444
375.981,14,335,0.163639
375.981,14.125,335,0.164834
375.981,14.25,335,0.166029
375.981,14.375,335,0.167224
375.981,14.5,335,0.168419
375.981,14.625,335,0.169614
375.981,14.75,335,0.170809
375.981,14.875,335,0.172004
375.981,15,335,0.173199
375.981,15.125,335,0.174394
375.981,15.25,335,0.175589
375.981,15.375,335,0.176783
375.981,15.5,335,0.177978
375.981,15.625,335,0.179173
375.981,15.75,335,0.180368
375.981,15.875,335,0.181563
375.981,16,335,0.182758
375.981,16.125,335,0.183953
375.981,16.25,335,0.185148
375.981,16.375,335,0.186343
375.981,16.5,335,0.187693
375.981,16.625,335,0.189094
375.981,16.75,335,0.190495
375.981,16.875,335,0.191896
375.981,17,335,0.193298
375.981,17.125,335,0.194699
375.981,17.25,335,0.1961
375.981,17.375,335,0.197501
375.981,17.5,335,0.198903
375.981,17.625,335,0.200304
375.981,17.75,335,0.201705
375.981,17.875,335,0.203107
375.981,18,335,0.204508
375.981,18.125,335,0.205909
375.981,18.25,335,0.20731
375.981,18.375,335,0.208712
375.981,18.5,335,0.210113
375.981,18.625,335,0.211514
375.981,18.75,335,0.212915
375.981,18.875,335,0.214317
375.981,19,335,0.215718
375.981,19.125,335,0.217119
375.981,19.25,335,0.21852
375.981,19.375,335,0.219922
375.981,19.5,335,0.221323
375.981,19.625,335,0.222724
375.981,19.75,335,0.224126
375.981,19.875,335,0.225527
375.981,20,335,0.226928
