x,y,z,b
375.981,0,335,0.0374242
375.981,0.125,335,0.037905
375.981,0.25,335,0.0383858
375.981,0.375,335,0.0388665
375.981,0.5,335,0.0393473
375.981,0.625,335,0.0398281
375.981,0.75,335,0.0403088
375.981,0.875,335,0.0407896
375.981,1,335,0.0412704
375.981,1.125,335,0.0417512
375.981,1.25,335,0.0422319
375.981,1.375,335,0.0427127
375.981,1.5,335,0.0431935
375.981,1.625,335,0.0436742
375.981,1.75,335,0.044155
375.981,1.875,335,0.0446358
375.981,2,335,0.0451166
375.981,2.125,335,0.0455973
375.981,2.25,335,0.0460781
375.981,2.375,335,0.0465589
375.981,2.5,335,0.0470396
375.981,2.625,335,0.0475204
375.981,2.75,335,0.0480613
375.981,2.875,335,0.0490228
375.981,3,335,0.0499844
375.981,3.125,335,0.0509459
375.981,3.25,335,0.0519075
375.981,3.375,335,0.052869
375.981,3.5,335,0.0538305
375.981,3.625,335,0.0547921
375.981,3.75,335,0.0557536
375.981,3.875,335,0.0567152
375.981,4,335,0.0576767
375.981,4.125,335,0.0586382
375.981,4.25,335,0.0595998
375.981,4.375,335,0.0605613
375.981,4.5,335,0.0615229
375.981,4.625,335,0.0624844
375.981,4.75,335,0.063446
375.981,4.875,335,0.0644075
375.981,5,335,0.065369
375.981,5.125,335,0.0663306
375.981,5.25,335,0.0672921
375.981,5.375,335,0.0682537
375.981,5.5,335,0.0692152
375.981,5.625,335,0.0701768
375.981,5.75,335,0.0711383
375.981,5.875,335,0.0720998
375.981,6,335,0.0730614
375.981,6.125,335,0.0740229
375.981,6.25,335,0.0749845
375.981,6.375,335,0.075946
375.981,6.5,335,0.0769076
375.981,6.625,335,0.0778691
375.981,6.75,335,0.0788306
375.981,6.875,335,0.0797922
375.981,7,335,0.0807537
375.981,7.125,335,0.0817153
375.981,7.25,335,0.0826768
375.981,7.375,335,0.0836384
375.981,7.5,335,0.0845999
375.981,7.625,335,0.0855614
375.981,7.75,335,0.086523
375.981,7.875,335,0.0874845
375.981,8,335,0.0884461
375.981,8.125,335,0.0894076
375.981,8.25,335,0.0905454
375.981,8.375,335,0.0919769
375.981,8.5,335,0.0934084
375.981,8.625,335,0.0948398
375.981,8.75,335,0.0962713
375.981,8.875,335,0.0977028
375.981,9,335,0.0991343
375.981,9.125,335,0.100566
375.981,9.25,335,0.101997
375.981,9.375,335,0.103429
375.981,9.5,335,0.10486
375.981,9.625,335,0.106292
375.981,9.75,335,0.107723
375.981,9.875,335,0.109155
375.981,10,335,0.110586
375.981,10.125,335,0.112018
375.981,10.25,335,0.113449
375.981,10.375,335,0.114881
375.981,10.5,335,0.116312
375.981,10.625,335,0.117744
375.981,10.75,335,0.119175
375.981,10.875,335,0.120607
375.981,11,335,0.122038
375.981,11.125,335,0.12347
375.981,11.25,335,0.124901
375.981,11.375,335,0.126333
375.981,11.5,335,0.127764
375.981,11.625,335,0.129196
375.981,11.75,335,0.130627
375.981,11.875,335,0.132059
375.981,12,335,0.13349
375.981,12.125,335,0.134922
375.981,12.25,335,0.136353
375.981,12.375,335,0.137785
375.981,12.5,335,0.139216
375.981,12.625,335,0.140647
375.981,12.75,335,0.142079
375.981,12.875,335,0.14351
375.981,13,335,0.144942
375.981,13.125,335,0.146373
375.981,13.25,335,0.147805
375.981,13.375,335,0.149236
375.981,13.5,335,0.150668
375.981,13.625,335,0.152099
375.981,13.75,335,0.153448
375.981,13.875,335,0.154746
375.981,14,335,0.156044
375.981,14.125,335,0.157342
375.981,14.25,335,0.15864
375.981,14.375,335,0.159938
375.981,14.5,335,0.161236
375.981,14.625,335,0.162534
375.981,14.75,335,0.163832
375.981,14.875,335,0.16513
375.981,15,335,0.166428
375.981,15.125,335,0.167727
375.981,15.25,335,0.169025
375.981,15.375,335,0.170323
375.981,15.5,335,0.171621
375.981,15.625,335,0.172919
375.981,15.75,335,0.174217
375.981,15.875,335,0.175515
375.981,16,335,0.176813
375.981,16.125,335,0.178111
375.981,16.25,335,0.179409
375.981,16.375,335,0.180707
375.981,16.5,335,0.182006
375.981,16.625,335,0.183304
375.981,16.75,335,0.184602
375.981,16.875,335,0.1859
375.981,17,335,0.187198
375.981,17.125,335,0.188496
375.981,17.25,335,0.189794
375.981,17.375,335,0.191092
375.981,17.5,335,0.19239
375.981,17.625,335,0.193688
375.981,17.75,335,0.194986
375.981,17.875,335,0.196285
375.981,18,335,0.197583
375.981,18.125,335,0.198881
375.981,18.25,335,0.200179
375.981,18.375,335,0.201477
375.981,18.5,335,0.202775
375.981,18.625,335,0.204073
375.981,18.75,335,0.205371
375.981,18.875,335,0.206669
375.981,19,335,0.207967
375.981,19.125,335,0.209265
375.981,19.25,335,0.21063
375.981,19.375,335,0.212003
375.981,19.5,335,0.213377
375.981,19.625,335,0.214751
375.981,19.75,335,0.216125
375.981,19.875,335,0.217498
375.981,20,335,0.218872
