x,y,z,b
375.981,0,335,0.0372613
375.981,0.125,335,0.0377588
375.981,0.25,335,0.0382563
375.981,0.375,335,0.0387538
375.981,0.5,335,0.0392513
375.981,0.625,335,0.0397489
375.981,0.75,335,0.0402464
375.981,0.875,335,0.0407439
375.981,1,335,0.0412414
375.981,1.125,335,0.0417389
375.981,1.25,335,0.0422365
375.981,1.375,335,0.042734
375.981,1.5,335,0.0432315
375.981,1.625,335,0.043729
375.981,1.75,335,0.0442266
375.981,1.875,335,0.0447241
375.981,2,335,0.0452216
375.981,2.125,335,0.0457191
375.981,2.25,335,0.0462166
375.981,2.375,335,0.0467142
375.981,2.5,335,0.0472117
375.981,2.625,335,0.0477092
375.981,2.75,335,0.0482689
375.981,2.875,335,0.049264
375.981,3,335,0.050259
375.981,3.125,335,0.051254
375.981,3.25,335,0.0522491
375.981,3.375,335,0.0532441
375.981,3.5,335,0.0542392
375.981,3.625,335,0.0552342
375.981,3.75,335,0.0562293
375.981,3.875,335,0.0572243
375.981,4,335,0.0582193
375.981,4.125,335,0.0592144
375.981,4.25,335,0.0602094
375.981,4.375,335,0.0612045
375.981,4.5,335,0.0621995
375.981,4.625,335,0.0631946
375.981,4.75,335,0.0641896
375.981,4.875,335,0.0651846
375.981,5,335,0.0661797
375.981,5.125,335,0.0671747
375.981,5.25,335,0.0681698
375.981,5.375,335,0.0691648
375.981,5.5,335,0.0701599
375.981,5.625,335,0.0711549
375.981,5.75,335,0.0721499
375.981,5.875,335,0.073145
375.981,6,335,0.07414
375.981,6.125,335,0.0751351
375.981,6.25,335,0.0761301
375.981,6.375,335,0.0771251
375.981,6.5,335,0.0781202
375.981,6.625,335,0.0791152
375.981,6.75,335,0.0801103
375.981,6.875,335,0.0811053
375.981,7,335,0.0821004
375.981,7.125,335,0.0830954
375.981,7.25,335,0.0840904
375.981,7.375,335,0.0850855
375.981,7.5,335,0.0860805
375.981,7.625,335,0.0870756
375.981,7.75,335,0.0880706
375.981,7.875,335,0.0890657
375.981,8,335,0.0900607
375.981,8.125,335,0.0910557
375.981,8.25,335,0.092196
375.981,8.375,335,0.0935783
375.981,8.5,335,0.0949606
375.981,8.625,335,0.0963428
375.981,8.75,335,0.0977251
375.981,8.875,335,0.0991074
375.981,9,335,0.10049
375.981,9.125,335,0.101872
375.981,9.25,335,0.103254
375.981,9.375,335,0.104637
375.981,9.5,335,0.106019
375.981,9.625,335,0.107401
375.981,9.75,335,0.108783
375.981,9.875,335,0.110166
375.981,10,335,0.111548
375.981,10.125,335,0.11293
375.981,10.25,335,0.114313
375.981,10.375,335,0.115695
375.981,10.5,335,0.117077
375.981,10.625,335,0.118459
375.981,10.75,335,0.119842
375.981,10.875,335,0.121224
375.981,11,335,0.125369
375.981,11.125,335,0.126627
375.981,11.25,335,0.127886
375.981,11.375,335,0.129144
375.981,11.5,335,0.130403
375.981,11.625,335,0.131661
375.981,11.75,335,0.13292
375.981,11.875,335,0.134178
375.981,12,335,0.135437
375.981,12.125,335,0.136695
375.981,12.25,335,0.137953
375.981,12.375,335,0.139212
375.981,12.5,335,0.14047
375.981,12.625,335,0.141729
375.981,12.75,335,0.142987
375.981,12.875,335,0.144246
375.981,13,335,0.145504
375.981,13.125,335,0.146762
375.981,13.25,335,0.148021
375.981,13.375,335,0.149279
375.981,13.5,335,0.150538
375.981,13.625,335,0.151796
375.981,13.75,335,0.153055
375.981,13.875,335,0.154313
375.981,14,335,0.155572
375.981,14.125,335,0.15683
375.981,14.25,335,0.158088
375.981,14.375,335,0.159347
375.981,14.5,335,0.160605
375.981,14.625,335,0.161864
375.981,14.75,335,0.163122
375.981,14.875,335,0.164381
375.981,15,335,0.165639
375.981,15.125,335,0.166897
375.981,15.25,335,0.168156
375.981,15.375,335,0.169414
375.981,15.5,335,0.170673
375.981,15.625,335,0.171931
375.981,15.75,335,0.17319
375.981,15.875,335,0.174448
375.981,16,335,0.175707
375.981,16.125,335,0.176965
375.981,16.25,335,0.178223
375.981,16.375,335,0.179482
375.981,16.5,335,0.180819
375.981,16.625,335,0.182183
375.981,16.75,335,0.183547
375.981,16.875,335,0.18491
375.981,17,335,0.186274
375.981,17.125,335,0.187638
375.981,17.25,335,0.189002
375.981,17.375,335,0.190365
375.981,17.5,335,0.191729
375.981,17.625,335,0.193093
375.981,17.75,335,0.194457
375.981,17.875,335,0.19582
375.981,18,335,0.197184
375.981,18.125,335,0.198548
375.981,18.25,335,0.199912
375.981,18.375,335,0.201275
375.981,18.5,335,0.202639
375.981,18.625,335,0.204003
375.981,18.75,335,0.205367
375.981,18.875,335,0.20673
375.981,19,335,0.208094
375.981,19.125,335,0.209458
375.981,19.25,335,0.210822
375.981,19.375,335,0.212185
375.981,19.5,335,0.213549
375.981,19.625,335,0.214913
375.981,19.75,335,0.216277
375.981,19.875,335,0.217641
375.981,20,335,0.219004
