x,y,z,b
375.981,0,335,0.025166
375.981,0.125,335,0.0260169
375.981,0.25,335,0.0268677
375.981,0.375,335,0.0277186
375.981,0.5,335,0.0285694
375.981,0.625,335,0.0294203
375.981,0.75,335,0.0307232
375.981,0.875,335,0.0324249
375.981,1,335,0.0341266
375.981,1.125,335,0.0358283
375.981,1.25,335,0.03753
375.981,1.375,335,0.0392317
375.981,1.5,335,0.0409334
375.981,1.625,335,0.0426351
375.981,1.75,335,0.0443368
375.981,1.875,335,0.0460385
375.981,2,335,0.0477402
375.981,2.125,335,0.0499148
375.981,2.25,335,0.0524129
375.981,2.375,335,0.0549111
375.981,2.5,335,0.0574092
375.981,2.625,335,0.0599074
375.981,2.75,335,0.0630542
375.981,2.875,335,0.0652117
375.981,3,335,0.0673692
375.981,3.125,335,0.0695266
375.981,3.25,335,0.0716841
375.981,3.375,335,0.0738415
375.981,3.5,335,0.075999
375.981,3.625,335,0.0781565
375.981,3.75,335,0.0803139
375.981,3.875,335,0.0824714
375.981,4,335,0.0846288
375.981,4.125,335,0.0866363
375.981,4.25,335,0.087994
375.981,4.375,335,0.0893517
375.981,4.5,335,0.0907094
375.981,4.625,335,0.0920671
375.981,4.75,335,0.0934247
375.981,4.875,335,0.0947824
375.981,5,335,0.0961401
375.981,5.125,335,0.0974978
375.981,5.25,335,0.0988555
375.981,5.375,335,0.100213
375.981,5.5,335,0.101571
375.981,5.625,335,0.102928
375.981,5.75,335,0.104286
375.981,5.875,335,0.105644
375.981,6,335,0.107002
375.981,6.125,335,0.108359
375.981,6.25,335,0.109717
375.981,6.375,335,0.111075
375.981,6.5,335,0.112432
375.981,6.625,335,0.11379
375.981,6.75,335,0.115148
375.981,6.875,335,0.116457
375.981,7,335,0.11766
375.981,7.125,335,0.118863
375.981,7.25,335,0.120065
375.981,7.375,335,0.121268
375.981,7.5,335,0.122471
375.981,7.625,335,0.123674
375.981,7.75,335,0.124877
375.981,7.875,335,0.12608
375.981,8,335,0.127283
375.981,8.125,335,0.128485
375.981,8.25,335,0.129688
375.981,8.375,335,0.130891
375.981,8.5,335,0.132094
375.981,8.625,335,0.133297
375.981,8.75,335,0.1345
375.981,8.875,335,0.135702
375.981,9,335,0.136905
375.981,9.125,335,0.138108
375.981,9.25,335,0.139311
375.981,9.375,335,0.140514
375.981,9.5,335,0.141717
375.981,9.625,335,0.142687
375.981,9.75,335,0.14336
375.981,9.875,335,0.144032
375.981,10,335,0.144704
375.981,10.125,335,0.145377
375.981,10.25,335,0.146049
375.981,10.375,335,0.146721
375.981,10.5,335,0.147393
375.981,10.625,335,0.148066
375.981,10.75,335,0.148738
375.981,10.875,335,0.14941
375.981,11,335,0.151798
375.981,11.125,335,0.152824
375.981,11.25,335,0.153849
375.981,11.375,335,0.154874
375.981,11.5,335,0.155899
375.981,11.625,335,0.156894
375.981,11.75,335,0.156935
375.981,11.875,335,0.156976
375.981,12,335,0.157017
375.981,12.125,335,0.157058
375.981,12.25,335,0.157099
375.981,12.375,335,0.15714
375.981,12.5,335,0.157181
375.981,12.625,335,0.157222
375.981,12.75,335,0.157263
375.981,12.875,335,0.157304
375.981,13,335,0.157328
375.981,13.125,335,0.157182
375.981,13.25,335,0.157037
375.981,13.375,335,0.156892
375.981,13.5,335,0.156746
375.981,13.625,335,0.156601
375.981,13.75,335,0.156455
375.981,13.875,335,0.15631
375.981,14,335,0.156164
375.981,14.125,335,0.156019
375.981,14.25,335,0.155874
375.981,14.375,335,0.155858
375.981,14.5,335,0.156544
375.981,14.625,335,0.157229
375.981,14.75,335,0.157915
375.981,14.875,335,0.1586
375.981,15,335,0.159286
375.981,15.125,335,0.159971
375.981,15.25,335,0.160657
375.981,15.375,335,0.161342
375.981,15.5,335,0.162028
375.981,15.625,335,0.162713
375.981,15.75,335,0.163544
375.981,15.875,335,0.164893
375.981,16,335,0.166241
375.981,16.125,335,0.16759
375.981,16.25,335,0.168939
375.981,16.375,335,0.170287
375.981,16.5,335,0.172377
375.981,16.625,335,0.173475
375.981,16.75,335,0.174573
375.981,16.875,335,0.175671
375.981,17,335,0.176769
375.981,17.125,335,0.177868
375.981,17.25,335,0.178966
375.981,17.375,335,0.180064
375.981,17.5,335,0.181162
375.981,17.625,335,0.18226
375.981,17.75,335,0.183358
375.981,17.875,335,0.184667
375.981,18,335,0.186025
375.981,18.125,335,0.187383
375.981,18.25,335,0.18874
375.981,18.375,335,0.190098
375.981,18.5,335,0.191456
375.981,18.625,335,0.192814
375.981,18.75,335,0.194171
375.981,18.875,335,0.195529
375.981,19,335,0.196887
375.981,19.125,335,0.198244
375.981,19.25,335,0.199602
375.981,19.375,335,0.20096
375.981,19.5,335,0.202318
375.981,19.625,335,0.203675
375.981,19.75,335,0.205033
375.981,19.875,335,0.206391
375.981,20,335,0.207749
