x,y,z,b
375.981,0,335,0.0108119
375.981,0.125,335,0.012073
375.981,0.25,335,0.0133341
375.981,0.375,335,0.0145951
375.981,0.5,335,0.0158562
375.981,0.625,335,0.0171172
375.981,0.75,335,0.0190482
375.981,0.875,335,0.0215703
375.981,1,335,0.0240925
375.981,1.125,335,0.0266146
375.981,1.25,335,0.0291367
375.981,1.375,335,0.0316588
375.981,1.5,335,0.0341809
375.981,1.625,335,0.036703
375.981,1.75,335,0.0392252
375.981,1.875,335,0.0417473
375.981,2,335,0.0442694
375.981,2.125,335,0.0464594
375.981,2.25,335,0.0484223
375.981,2.375,335,0.0503851
375.981,2.5,335,0.0523479
375.981,2.625,335,0.0543107
375.981,2.75,335,0.0562736
375.981,2.875,335,0.0582364
375.981,3,335,0.0601992
375.981,3.125,335,0.062162
375.981,3.25,335,0.0641249
375.981,3.375,335,0.0660877
375.981,3.5,335,0.0680303
375.981,3.625,335,0.0699623
375.981,3.75,335,0.0718943
375.981,3.875,335,0.0738263
375.981,4,335,0.0757583
375.981,4.125,335,0.0776904
375.981,4.25,335,0.0796224
375.981,4.375,335,0.0815544
375.981,4.5,335,0.0834864
375.981,4.625,335,0.0854184
375.981,4.75,335,0.0873504
375.981,4.875,335,0.0891108
375.981,5,335,0.0908041
375.981,5.125,335,0.0924973
375.981,5.25,335,0.0941906
375.981,5.375,335,0.0958838
375.981,5.5,335,0.0975771
375.981,5.625,335,0.0992704
375.981,5.75,335,0.100964
375.981,5.875,335,0.102657
375.981,6,335,0.10435
375.981,6.125,335,0.106043
375.981,6.25,335,0.107414
375.981,6.375,335,0.108694
375.981,6.5,335,0.109975
375.981,6.625,335,0.111255
375.981,6.75,335,0.112535
375.981,6.875,335,0.113815
375.981,7,335,0.115096
375.981,7.125,335,0.116376
375.981,7.25,335,0.117656
375.981,7.375,335,0.118936
375.981,7.5,335,0.120217
375.981,7.625,335,0.120922
375.981,7.75,335,0.121521
375.981,7.875,335,0.122119
375.981,8,335,0.122718
375.981,8.125,335,0.123317
375.981,8.25,335,0.123916
375.981,8.375,335,0.124514
375.981,8.5,335,0.125113
375.981,8.625,335,0.125712
375.981,8.75,335,0.126311
375.981,8.875,335,0.126909
375.981,9,335,0.127057
375.981,9.125,335,0.127159
375.981,9.25,335,0.12726
375.981,9.375,335,0.127361
375.981,9.5,335,0.127463
375.981,9.625,335,0.127564
375.981,9.75,335,0.127665
375.981,9.875,335,0.127767
375.981,10,335,0.127868
375.981,10.125,335,0.127969
375.981,10.25,335,0.128071
375.981,10.375,335,0.127422
375.981,10.5,335,0.12675
375.981,10.625,335,0.126077
375.981,10.75,335,0.125405
375.981,10.875,335,0.124732
375.981,11,335,0.122651
375.981,11.125,335,0.122224
375.981,11.25,335,0.121798
375.981,11.375,335,0.121371
375.981,11.5,335,0.120944
375.981,11.625,335,0.120518
375.981,11.75,335,0.120091
375.981,11.875,335,0.119665
375.981,12,335,0.119238
375.981,12.125,335,0.118811
375.981,12.25,335,0.118385
375.981,12.375,335,0.118344
375.981,12.5,335,0.118605
375.981,12.625,335,0.118865
375.981,12.75,335,0.119125
375.981,12.875,335,0.119385
375.981,13,335,0.119645
375.981,13.125,335,0.119905
375.981,13.25,335,0.120166
375.981,13.375,335,0.120426
375.981,13.5,335,0.120686
375.981,13.625,335,0.120946
375.981,13.75,335,0.121426
375.981,13.875,335,0.121515
375.981,14,335,0.121604
375.981,14.125,335,0.121693
375.981,14.25,335,0.121782
375.981,14.375,335,0.121915
375.981,14.5,335,0.122286
375.981,14.625,335,0.122658
375.981,14.75,335,0.12303
375.981,14.875,335,0.123402
375.981,15,335,0.123773
375.981,15.125,335,0.124145
375.981,15.25,335,0.124517
375.981,15.375,335,0.124888
375.981,15.5,335,0.12526
375.981,15.625,335,0.125632
375.981,15.75,335,0.126078
375.981,15.875,335,0.12679
375.981,16,335,0.127501
375.981,16.125,335,0.128213
375.981,16.25,335,0.128925
375.981,16.375,335,0.129636
375.981,16.5,335,0.130348
375.981,16.625,335,0.13106
375.981,16.75,335,0.131772
375.981,16.875,335,0.132483
375.981,17,335,0.133195
375.981,17.125,335,0.134432
375.981,17.25,335,0.13701
375.981,17.375,335,0.139588
375.981,17.5,335,0.142166
375.981,17.625,335,0.144745
375.981,17.75,335,0.147323
375.981,17.875,335,0.149901
375.981,18,335,0.152479
375.981,18.125,335,0.155058
375.981,18.25,335,0.157636
375.981,18.375,335,0.160214
375.981,18.5,335,0.163041
375.981,18.625,335,0.166342
375.981,18.75,335,0.169642
375.981,18.875,335,0.172943
375.981,19,335,0.176244
375.981,19.125,335,0.179544
375.981,19.25,335,0.182664
375.981,19.375,335,0.18561
375.981,19.5,335,0.188555
375.981,19.625,335,0.191501
375.981,19.75,335,0.194447
375.981,19.875,335,0.197393
375.981,20,335,0.200339
