x,y,z,b
375.981,0,335,0.00824168
375.981,0.125,335,0.00900396
375.981,0.25,335,0.00976623
375.981,0.375,335,0.0105285
375.981,0.5,335,0.0112908
375.981,0.625,335,0.0120531
375.981,0.75,335,0.0128153
375.981,0.875,335,0.0135776
375.981,1,335,0.0143399
375.981,1.125,335,0.0151022
375.981,1.25,335,0.0158644
375.981,1.375,335,0.0166744
375.981,1.5,335,0.0181989
375.981,1.625,335,0.0197235
375.981,1.75,335,0.021248
375.981,1.875,335,0.0227726
375.981,2,335,0.0242971
375.981,2.125,335,0.0258217
375.981,2.25,335,0.0273462
375.981,2.375,335,0.0288708
375.981,2.5,335,0.0303953
375.981,2.625,335,0.0319199
375.981,2.75,335,0.0334444
375.981,2.875,335,0.034969
375.981,3,335,0.0364935
375.981,3.125,335,0.0380181
375.981,3.25,335,0.0395426
375.981,3.375,335,0.0410672
375.981,3.5,335,0.0425917
375.981,3.625,335,0.0441163
375.981,3.75,335,0.0456408
375.981,3.875,335,0.0471654
375.981,4,335,0.0486899
375.981,4.125,335,0.0502783
375.981,4.25,335,0.0521431
375.981,4.375,335,0.054008
375.981,4.5,335,0.0558729
375.981,4.625,335,0.0577377
375.981,4.75,335,0.0596026
375.981,4.875,335,0.0614675
375.981,5,335,0.0633323
375.981,5.125,335,0.0651972
375.981,5.25,335,0.067062
375.981,5.375,335,0.0689269
375.981,5.5,335,0.0718297
375.981,5.625,335,0.073598
375.981,5.75,335,0.0753662
375.981,5.875,335,0.0771345
375.981,6,335,0.0789028
375.981,6.125,335,0.080671
375.981,6.25,335,0.0824393
375.981,6.375,335,0.0842075
375.981,6.5,335,0.0859758
375.981,6.625,335,0.0877441
375.981,6.75,335,0.0895123
375.981,6.875,335,0.0912806
375.981,7,335,0.0930489
375.981,7.125,335,0.0948171
375.981,7.25,335,0.0965854
375.981,7.375,335,0.0983537
375.981,7.5,335,0.100122
375.981,7.625,335,0.10189
375.981,7.75,335,0.103658
375.981,7.875,335,0.105427
375.981,8,335,0.107195
375.981,8.125,335,0.108963
375.981,8.25,335,0.110694
375.981,8.375,335,0.112362
375.981,8.5,335,0.11403
375.981,8.625,335,0.115698
375.981,8.75,335,0.117366
375.981,8.875,335,0.119033
375.981,9,335,0.120701
375.981,9.125,335,0.122369
375.981,9.25,335,0.124037
375.981,9.375,335,0.125705
375.981,9.5,335,0.127373
375.981,9.625,335,0.129041
375.981,9.75,335,0.130709
375.981,9.875,335,0.132377
375.981,10,335,0.134045
375.981,10.125,335,0.135713
375.981,10.25,335,0.13738
375.981,10.375,335,0.139048
375.981,10.5,335,0.140716
375.981,10.625,335,0.142384
375.981,10.75,335,0.144052
375.981,10.875,335,0.14572
375.981,11,335,0.147388
375.981,11.125,335,0.149056
375.981,11.25,335,0.150724
375.981,11.375,335,0.152392
375.981,11.5,335,0.15406
375.981,11.625,335,0.155728
375.981,11.75,335,0.157395
375.981,11.875,335,0.159063
375.981,12,335,0.160731
375.981,12.125,335,0.162399
375.981,12.25,335,0.164067
375.981,12.375,335,0.165735
375.981,12.5,335,0.167403
375.981,12.625,335,0.169071
375.981,12.75,335,0.170739
375.981,12.875,335,0.172407
375.981,13,335,0.174075
375.981,13.125,335,0.175742
375.981,13.25,335,0.17741
375.981,13.375,335,0.179078
375.981,13.5,335,0.180746
375.981,13.625,335,0.182414
375.981,13.75,335,0.183891
375.981,13.875,335,0.185253
375.981,14,335,0.186616
375.981,14.125,335,0.187978
375.981,14.25,335,0.18934
375.981,14.375,335,0.190703
375.981,14.5,335,0.192065
375.981,14.625,335,0.193427
375.981,14.75,335,0.194789
375.981,14.875,335,0.196152
375.981,15,335,0.197514
375.981,15.125,335,0.198876
375.981,15.25,335,0.200239
375.981,15.375,335,0.201601
375.981,15.5,335,0.202963
375.981,15.625,335,0.204325
375.981,15.75,335,0.205688
375.981,15.875,335,0.20705
375.981,16,335,0.208412
375.981,16.125,335,0.209775
375.981,16.25,335,0.211137
375.981,16.375,335,0.212499
375.981,16.5,335,0.213862
375.981,16.625,335,0.215224
375.981,16.75,335,0.216586
375.981,16.875,335,0.217948
375.981,17,335,0.219311
375.981,17.125,335,0.220673
375.981,17.25,335,0.222035
375.981,17.375,335,0.223398
375.981,17.5,335,0.22476
375.981,17.625,335,0.226122
375.981,17.75,335,0.227485
375.981,17.875,335,0.228847
375.981,18,335,0.230209
375.981,18.125,335,0.231571
375.981,18.25,335,0.232934
375.981,18.375,335,0.234296
375.981,18.5,335,0.235658
375.981,18.625,335,0.237021
375.981,18.75,335,0.238383
375.981,18.875,335,0.239745
375.981,19,335,0.241108
375.981,19.125,335,0.24247
375.981,19.25,335,0.243549
375.981,19.375,335,0.244588
375.981,19.5,335,0.245626
375.981,19.625,335,0.246665
375.981,19.75,335,0.247703
375.981,19.875,335,0.248742
375.981,20,335,0.249781
