x,y,z,b
375.981,0,335,0.050007
375.981,0.125,335,0.050259
375.981,0.25,335,0.0505111
375.981,0.375,335,0.0507631
375.981,0.5,335,0.0510151
375.981,0.625,335,0.0512671
375.981,0.75,335,0.0515191
375.981,0.875,335,0.0517711
375.981,1,335,0.0520231
375.981,1.125,335,0.0522752
375.981,1.25,335,0.0525272
375.981,1.375,335,0.0527949
375.981,1.5,335,0.053299
375.981,1.625,335,0.053803
375.981,1.75,335,0.054307
375.981,1.875,335,0.054811
375.981,2,335,0.0553151
375.981,2.125,335,0.0558191
375.981,2.25,335,0.0563231
375.981,2.375,335,0.0568272
375.981,2.5,335,0.0573312
375.981,2.625,335,0.0578352
375.981,2.75,335,0.0583392
375.981,2.875,335,0.0588433
375.981,3,335,0.0593473
375.981,3.125,335,0.0598513
375.981,3.25,335,0.0603554
375.981,3.375,335,0.0608594
375.981,3.5,335,0.0613634
375.981,3.625,335,0.0618674
375.981,3.75,335,0.0623715
375.981,3.875,335,0.0628755
375.981,4,335,0.0633795
375.981,4.125,335,0.0639512
375.981,4.25,335,0.0648163
375.981,4.375,335,0.0656813
375.981,4.5,335,0.0665463
375.981,4.625,335,0.0674113
375.981,4.75,335,0.0682763
375.981,4.875,335,0.0691414
375.981,5,335,0.0700064
375.981,5.125,335,0.0708714
375.981,5.25,335,0.0717364
375.981,5.375,335,0.0726014
375.981,5.5,335,0.0734665
375.981,5.625,335,0.0743315
375.981,5.75,335,0.0751965
375.981,5.875,335,0.0760615
375.981,6,335,0.0769265
375.981,6.125,335,0.0777915
375.981,6.25,335,0.0786566
375.981,6.375,335,0.0795216
375.981,6.5,335,0.0803866
375.981,6.625,335,0.0812516
375.981,6.75,335,0.0821166
375.981,6.875,335,0.0830289
375.981,7,335,0.0840452
375.981,7.125,335,0.0850615
375.981,7.25,335,0.0860777
375.981,7.375,335,0.087094
375.981,7.5,335,0.0881102
375.981,7.625,335,0.0891265
375.981,7.75,335,0.0901428
375.981,7.875,335,0.091159
375.981,8,335,0.0921753
375.981,8.125,335,0.0931916
375.981,8.25,335,0.0942078
375.981,8.375,335,0.0952241
375.981,8.5,335,0.0962404
375.981,8.625,335,0.0972566
375.981,8.75,335,0.0982729
375.981,8.875,335,0.0992891
375.981,9,335,0.100305
375.981,9.125,335,0.101322
375.981,9.25,335,0.102338
375.981,9.375,335,0.103354
375.981,9.5,335,0.10437
375.981,9.625,335,0.105493
375.981,9.75,335,0.106752
375.981,9.875,335,0.10801
375.981,10,335,0.109269
375.981,10.125,335,0.110528
375.981,10.25,335,0.111787
375.981,10.375,335,0.113046
375.981,10.5,335,0.114304
375.981,10.625,335,0.115563
375.981,10.75,335,0.116822
375.981,10.875,335,0.118081
375.981,11,335,0.119982
375.981,11.125,335,0.121178
375.981,11.25,335,0.122374
375.981,11.375,335,0.123571
375.981,11.5,335,0.124767
375.981,11.625,335,0.125963
375.981,11.75,335,0.127159
375.981,11.875,335,0.128356
375.981,12,335,0.129552
375.981,12.125,335,0.130748
375.981,12.25,335,0.131944
375.981,12.375,335,0.133141
375.981,12.5,335,0.134337
375.981,12.625,335,0.135533
375.981,12.75,335,0.136729
375.981,12.875,335,0.137926
375.981,13,335,0.139122
375.981,13.125,335,0.140318
375.981,13.25,335,0.141515
375.981,13.375,335,0.142711
375.981,13.5,335,0.143907
375.981,13.625,335,0.145103
375.981,13.75,335,0.146566
375.981,13.875,335,0.148189
375.981,14,335,0.149813
375.981,14.125,335,0.151436
375.981,14.25,335,0.153059
375.981,14.375,335,0.154682
375.981,14.5,335,0.156305
375.981,14.625,335,0.157928
375.981,14.75,335,0.159551
375.981,14.875,335,0.161174
375.981,15,335,0.162797
375.981,15.125,335,0.164421
375.981,15.25,335,0.166044
375.981,15.375,335,0.167667
375.981,15.5,335,0.16929
375.981,15.625,335,0.170913
375.981,15.75,335,0.172536
375.981,15.875,335,0.174159
375.981,16,335,0.175782
375.981,16.125,335,0.177406
375.981,16.25,335,0.179029
375.981,16.375,335,0.180652
375.981,16.5,335,0.182275
375.981,16.625,335,0.183898
375.981,16.75,335,0.185521
375.981,16.875,335,0.187144
375.981,17,335,0.188767
375.981,17.125,335,0.19039
375.981,17.25,335,0.192014
375.981,17.375,335,0.193637
375.981,17.5,335,0.19526
375.981,17.625,335,0.196883
375.981,17.75,335,0.198506
375.981,17.875,335,0.200129
375.981,18,335,0.201752
375.981,18.125,335,0.203375
375.981,18.25,335,0.204998
375.981,18.375,335,0.206622
375.981,18.5,335,0.208245
375.981,18.625,335,0.209868
375.981,18.75,335,0.211491
375.981,18.875,335,0.213114
375.981,19,335,0.214737
375.981,19.125,335,0.21636
375.981,19.25,335,0.217644
375.981,19.375,335,0.218879
375.981,19.5,335,0.220114
375.981,19.625,335,0.221349
375.981,19.75,335,0.222583
375.981,19.875,335,0.223818
375.981,20,335,0.225053
