x,y,z,b
375.981,0,335,0.0540545
375.981,0.125,335,0.0542893
375.981,0.25,335,0.054524
375.981,0.375,335,0.0547588
375.981,0.5,335,0.0549936
375.981,0.625,335,0.0552284
375.981,0.75,335,0.0554631
375.981,0.875,335,0.0556979
375.981,1,335,0.0559327
375.981,1.125,335,0.0561675
375.981,1.25,335,0.0564023
375.981,1.375,335,0.0566517
375.981,1.5,335,0.0571213
375.981,1.625,335,0.0575908
375.981,1.75,335,0.0580604
375.981,1.875,335,0.0585299
375.981,2,335,0.0589995
375.981,2.125,335,0.059469
375.981,2.25,335,0.0599386
375.981,2.375,335,0.0604082
375.981,2.5,335,0.0608777
375.981,2.625,335,0.0613473
375.981,2.75,335,0.0618168
375.981,2.875,335,0.0622864
375.981,3,335,0.0627559
375.981,3.125,335,0.0632255
375.981,3.25,335,0.063695
375.981,3.375,335,0.0641646
375.981,3.5,335,0.0646342
375.981,3.625,335,0.0651037
375.981,3.75,335,0.0655733
375.981,3.875,335,0.0660428
375.981,4,335,0.0665124
375.981,4.125,335,0.0669245
375.981,4.25,335,0.067088
375.981,4.375,335,0.0672514
375.981,4.5,335,0.0674148
375.981,4.625,335,0.0675783
375.981,4.75,335,0.0677417
375.981,4.875,335,0.0679051
375.981,5,335,0.0680686
375.981,5.125,335,0.068232
375.981,5.25,335,0.0683954
375.981,5.375,335,0.0685589
375.981,5.5,335,0.0687223
375.981,5.625,335,0.0688857
375.981,5.75,335,0.0690492
375.981,5.875,335,0.0692126
375.981,6,335,0.069376
375.981,6.125,335,0.0695395
375.981,6.25,335,0.0697029
375.981,6.375,335,0.0698663
375.981,6.5,335,0.0700298
375.981,6.625,335,0.0701932
375.981,6.75,335,0.0703566
375.981,6.875,335,0.0708514
375.981,7,335,0.0720749
375.981,7.125,335,0.0732985
375.981,7.25,335,0.0745221
375.981,7.375,335,0.0757457
375.981,7.5,335,0.0769693
375.981,7.625,335,0.0781929
375.981,7.75,335,0.0794165
375.981,7.875,335,0.0806401
375.981,8,335,0.0818637
375.981,8.125,335,0.0830873
375.981,8.25,335,0.0843108
375.981,8.375,335,0.0855344
375.981,8.5,335,0.086758
375.981,8.625,335,0.0879816
375.981,8.75,335,0.0892052
375.981,8.875,335,0.0904288
375.981,9,335,0.0916524
375.981,9.125,335,0.092876
375.981,9.25,335,0.0940996
375.981,9.375,335,0.0953232
375.981,9.5,335,0.0965468
375.981,9.625,335,0.0980747
375.981,9.75,335,0.099994
375.981,9.875,335,0.101913
375.981,10,335,0.103833
375.981,10.125,335,0.105752
375.981,10.25,335,0.107671
375.981,10.375,335,0.10959
375.981,10.5,335,0.11151
375.981,10.625,335,0.113429
375.981,10.75,335,0.115348
375.981,10.875,335,0.117267
375.981,11,335,0.119187
375.981,11.125,335,0.121106
375.981,11.25,335,0.123025
375.981,11.375,335,0.124944
375.981,11.5,335,0.126864
375.981,11.625,335,0.128783
375.981,11.75,335,0.130702
375.981,11.875,335,0.132622
375.981,12,335,0.134541
375.981,12.125,335,0.13646
375.981,12.25,335,0.138379
375.981,12.375,335,0.140286
375.981,12.5,335,0.142182
375.981,12.625,335,0.144078
375.981,12.75,335,0.145974
375.981,12.875,335,0.14787
375.981,13,335,0.149766
375.981,13.125,335,0.151662
375.981,13.25,335,0.153558
375.981,13.375,335,0.155454
375.981,13.5,335,0.15735
375.981,13.625,335,0.159247
375.981,13.75,335,0.161143
375.981,13.875,335,0.163039
375.981,14,335,0.164935
375.981,14.125,335,0.166831
375.981,14.25,335,0.168727
375.981,14.375,335,0.170623
375.981,14.5,335,0.172519
375.981,14.625,335,0.174415
375.981,14.75,335,0.176312
375.981,14.875,335,0.178208
375.981,15,335,0.180104
375.981,15.125,335,0.182008
375.981,15.25,335,0.183916
375.981,15.375,335,0.185824
375.981,15.5,335,0.187733
375.981,15.625,335,0.189641
375.981,15.75,335,0.191549
375.981,15.875,335,0.193457
375.981,16,335,0.195365
375.981,16.125,335,0.197273
375.981,16.25,335,0.199182
375.981,16.375,335,0.20109
375.981,16.5,335,0.202998
375.981,16.625,335,0.204906
375.981,16.75,335,0.206814
375.981,16.875,335,0.208722
375.981,17,335,0.210631
375.981,17.125,335,0.212539
375.981,17.25,335,0.214447
375.981,17.375,335,0.216355
375.981,17.5,335,0.218263
375.981,17.625,335,0.220171
375.981,17.75,335,0.22208
375.981,17.875,335,0.223398
375.981,18,335,0.22458
375.981,18.125,335,0.225763
375.981,18.25,335,0.226945
375.981,18.375,335,0.228127
375.981,18.5,335,0.22931
375.981,18.625,335,0.230492
375.981,18.75,335,0.231674
375.981,18.875,335,0.232857
375.981,19,335,0.234039
375.981,19.125,335,0.235222
375.981,19.25,335,0.236404
375.981,19.375,335,0.237586
375.981,19.5,335,0.238769
375.981,19.625,335,0.239951
375.981,19.75,335,0.241133
375.981,19.875,335,0.242316
375.981,20,335,0.243498
