x,y,z,b
375.981,0,335,0.0259845
375.981,0.125,335,0.026763
375.981,0.25,335,0.0275416
375.981,0.375,335,0.0283202
375.981,0.5,335,0.0290988
375.981,0.625,335,0.0298774
375.981,0.75,335,0.0310696
375.981,0.875,335,0.0326267
375.981,1,335,0.0341839
375.981,1.125,335,0.0357411
375.981,1.25,335,0.0372982
375.981,1.375,335,0.0388554
375.981,1.5,335,0.0404125
375.981,1.625,335,0.0419697
375.981,1.75,335,0.0435269
375.981,1.875,335,0.045084
375.981,2,335,0.0466412
375.981,2.125,335,0.0482941
375.981,2.25,335,0.0500126
375.981,2.375,335,0.051731
375.981,2.5,335,0.0534495
375.981,2.625,335,0.0551679
375.981,2.75,335,0.0569282
375.981,2.875,335,0.0585738
375.981,3,335,0.0602193
375.981,3.125,335,0.0618649
375.981,3.25,335,0.0635105
375.981,3.375,335,0.065156
375.981,3.5,335,0.0668016
375.981,3.625,335,0.0684471
375.981,3.75,335,0.0700927
375.981,3.875,335,0.0717382
375.981,4,335,0.0733838
375.981,4.125,335,0.0748907
375.981,4.25,335,0.0757967
375.981,4.375,335,0.0767027
375.981,4.5,335,0.0776088
375.981,4.625,335,0.0785148
375.981,4.75,335,0.0794208
375.981,4.875,335,0.0803269
375.981,5,335,0.0812329
375.981,5.125,335,0.0821389
375.981,5.25,335,0.083045
375.981,5.375,335,0.083951
375.981,5.5,335,0.0826577
375.981,5.625,335,0.0837712
375.981,5.75,335,0.0848847
375.981,5.875,335,0.0859982
375.981,6,335,0.0871117
375.981,6.125,335,0.0882252
375.981,6.25,335,0.0893387
375.981,6.375,335,0.0904523
375.981,6.5,335,0.0915658
375.981,6.625,335,0.0926793
375.981,6.75,335,0.0937928
375.981,6.875,335,0.0949063
375.981,7,335,0.0960198
375.981,7.125,335,0.0971333
375.981,7.25,335,0.0982469
375.981,7.375,335,0.0993604
375.981,7.5,335,0.100474
375.981,7.625,335,0.101587
375.981,7.75,335,0.102701
375.981,7.875,335,0.103814
375.981,8,335,0.104928
375.981,8.125,335,0.106041
375.981,8.25,335,0.107075
375.981,8.375,335,0.107975
375.981,8.5,335,0.108875
375.981,8.625,335,0.109775
375.981,8.75,335,0.110674
375.981,8.875,335,0.111574
375.981,9,335,0.112474
375.981,9.125,335,0.113374
375.981,9.25,335,0.114274
375.981,9.375,335,0.115174
375.981,9.5,335,0.116074
375.981,9.625,335,0.116974
375.981,9.75,335,0.117874
375.981,9.875,335,0.118774
375.981,10,335,0.119673
375.981,10.125,335,0.120573
375.981,10.25,335,0.121473
375.981,10.375,335,0.122373
375.981,10.5,335,0.123273
375.981,10.625,335,0.124173
375.981,10.75,335,0.125073
375.981,10.875,335,0.125973
375.981,11,335,0.126873
375.981,11.125,335,0.127773
375.981,11.25,335,0.128673
375.981,11.375,335,0.129572
375.981,11.5,335,0.130472
375.981,11.625,335,0.131372
375.981,11.75,335,0.132272
375.981,11.875,335,0.133172
375.981,12,335,0.134072
375.981,12.125,335,0.134972
375.981,12.25,335,0.135872
375.981,12.375,335,0.136772
375.981,12.5,335,0.137672
375.981,12.625,335,0.138571
375.981,12.75,335,0.139471
375.981,12.875,335,0.140371
375.981,13,335,0.141271
375.981,13.125,335,0.142171
375.981,13.25,335,0.143071
375.981,13.375,335,0.143971
375.981,13.5,335,0.144871
375.981,13.625,335,0.145771
375.981,13.75,335,0.146987
375.981,13.875,335,0.148392
375.981,14,335,0.149798
375.981,14.125,335,0.151204
375.981,14.25,335,0.15261
375.981,14.375,335,0.154015
375.981,14.5,335,0.155421
375.981,14.625,335,0.156827
375.981,14.75,335,0.158233
375.981,14.875,335,0.159638
375.981,15,335,0.161044
375.981,15.125,335,0.16245
375.981,15.25,335,0.163856
375.981,15.375,335,0.165261
375.981,15.5,335,0.166667
375.981,15.625,335,0.168073
375.981,15.75,335,0.169478
375.981,15.875,335,0.170884
375.981,16,335,0.17229
375.981,16.125,335,0.173696
375.981,16.25,335,0.175101
375.981,16.375,335,0.176507
375.981,16.5,335,0.177913
375.981,16.625,335,0.179319
375.981,16.75,335,0.180724
375.981,16.875,335,0.18213
375.981,17,335,0.183536
375.981,17.125,335,0.184941
375.981,17.25,335,0.186347
375.981,17.375,335,0.187753
375.981,17.5,335,0.189159
375.981,17.625,335,0.190564
375.981,17.75,335,0.19197
375.981,17.875,335,0.193376
375.981,18,335,0.194782
375.981,18.125,335,0.196187
375.981,18.25,335,0.197593
375.981,18.375,335,0.198999
375.981,18.5,335,0.200405
375.981,18.625,335,0.20181
375.981,18.75,335,0.203216
375.981,18.875,335,0.204622
375.981,19,335,0.206027
375.981,19.125,335,0.207433
375.981,19.25,335,0.209066
375.981,19.375,335,0.21073
375.981,19.5,335,0.212395
375.981,19.625,335,0.21406
375.981,19.75,335,0.215725
375.981,19.875,335,0.21739
375.981,20,335,0.219054
