x,y,z,b
375.981,0,335,0.0377733
375.981,0.125,335,0.0380267
375.981,0.25,335,0.03828
375.981,0.375,335,0.0385334
375.981,0.5,335,0.0387867
375.981,0.625,335,0.0390401
375.981,0.75,335,0.039428
375.981,0.875,335,0.0399347
375.981,1,335,0.0404415
375.981,1.125,335,0.0409482
375.981,1.25,335,0.0414549
375.981,1.375,335,0.0419616
375.981,1.5,335,0.0424683
375.981,1.625,335,0.042975
375.981,1.75,335,0.0434817
375.981,1.875,335,0.0439884
375.981,2,335,0.0444951
375.981,2.125,335,0.0452129
375.981,2.25,335,0.0460752
375.981,2.375,335,0.0469375
375.981,2.5,335,0.0477998
375.981,2.625,335,0.048662
375.981,2.75,335,0.0499707
375.981,2.875,335,0.0506981
375.981,3,335,0.0514254
375.981,3.125,335,0.0521527
375.981,3.25,335,0.05288
375.981,3.375,335,0.0536074
375.981,3.5,335,0.0543347
375.981,3.625,335,0.055062
375.981,3.75,335,0.0557894
375.981,3.875,335,0.0565167
375.981,4,335,0.057244
375.981,4.125,335,0.0580087
375.981,4.25,335,0.0589353
375.981,4.375,335,0.0598619
375.981,4.5,335,0.0607885
375.981,4.625,335,0.0617151
375.981,4.75,335,0.0626417
375.981,4.875,335,0.0635684
375.981,5,335,0.064495
375.981,5.125,335,0.0654216
375.981,5.25,335,0.0663482
375.981,5.375,335,0.0672748
375.981,5.5,335,0.0682014
375.981,5.625,335,0.069128
375.981,5.75,335,0.0700546
375.981,5.875,335,0.0709812
375.981,6,335,0.0719078
375.981,6.125,335,0.0728344
375.981,6.25,335,0.073761
375.981,6.375,335,0.0746876
375.981,6.5,335,0.0756142
375.981,6.625,335,0.0765408
375.981,6.75,335,0.0774674
375.981,6.875,335,0.078481
375.981,7,335,0.079686
375.981,7.125,335,0.0808909
375.981,7.25,335,0.0820959
375.981,7.375,335,0.0833008
375.981,7.5,335,0.0845058
375.981,7.625,335,0.0857107
375.981,7.75,335,0.0869157
375.981,7.875,335,0.0881207
375.981,8,335,0.0893256
375.981,8.125,335,0.0905306
375.981,8.25,335,0.0917355
375.981,8.375,335,0.0929405
375.981,8.5,335,0.0941454
375.981,8.625,335,0.0953504
375.981,8.75,335,0.0965553
375.981,8.875,335,0.0977603
375.981,9,335,0.0989652
375.981,9.125,335,0.10017
375.981,9.25,335,0.101375
375.981,9.375,335,0.10258
375.981,9.5,335,0.103785
375.981,9.625,335,0.105229
375.981,9.75,335,0.106981
375.981,9.875,335,0.108733
375.981,10,335,0.110486
375.981,10.125,335,0.112238
375.981,10.25,335,0.11399
375.981,10.375,335,0.115742
375.981,10.5,335,0.117494
375.981,10.625,335,0.119246
375.981,10.75,335,0.120998
375.981,10.875,335,0.12275
375.981,11,335,0.126326
375.981,11.125,335,0.127902
375.981,11.25,335,0.129478
375.981,11.375,335,0.131054
375.981,11.5,335,0.13263
375.981,11.625,335,0.134206
375.981,11.75,335,0.135782
375.981,11.875,335,0.137357
375.981,12,335,0.138933
375.981,12.125,335,0.140509
375.981,12.25,335,0.142085
375.981,12.375,335,0.143661
375.981,12.5,335,0.145237
375.981,12.625,335,0.146813
375.981,12.75,335,0.148389
375.981,12.875,335,0.149965
375.981,13,335,0.151541
375.981,13.125,335,0.153117
375.981,13.25,335,0.154693
375.981,13.375,335,0.156269
375.981,13.5,335,0.157845
375.981,13.625,335,0.159421
375.981,13.75,335,0.160902
375.981,13.875,335,0.162326
375.981,14,335,0.16375
375.981,14.125,335,0.165174
375.981,14.25,335,0.166598
375.981,14.375,335,0.168022
375.981,14.5,335,0.169447
375.981,14.625,335,0.170871
375.981,14.75,335,0.172295
375.981,14.875,335,0.173719
375.981,15,335,0.175143
375.981,15.125,335,0.176567
375.981,15.25,335,0.177991
375.981,15.375,335,0.179416
375.981,15.5,335,0.18084
375.981,15.625,335,0.182264
375.981,15.75,335,0.183688
375.981,15.875,335,0.185112
375.981,16,335,0.186536
375.981,16.125,335,0.18796
375.981,16.25,335,0.189385
375.981,16.375,335,0.190809
375.981,16.5,335,0.192233
375.981,16.625,335,0.193657
375.981,16.75,335,0.195081
375.981,16.875,335,0.196505
375.981,17,335,0.197929
375.981,17.125,335,0.199354
375.981,17.25,335,0.200778
375.981,17.375,335,0.202202
375.981,17.5,335,0.203626
375.981,17.625,335,0.20505
375.981,17.75,335,0.206474
375.981,17.875,335,0.207898
375.981,18,335,0.209323
375.981,18.125,335,0.210747
375.981,18.25,335,0.212171
375.981,18.375,335,0.213595
375.981,18.5,335,0.215019
375.981,18.625,335,0.216443
375.981,18.75,335,0.217867
375.981,18.875,335,0.219292
375.981,19,335,0.220716
375.981,19.125,335,0.22214
375.981,19.25,335,0.223479
375.981,19.375,335,0.224807
375.981,19.5,335,0.226134
375.981,19.625,335,0.227462
375.981,19.75,335,0.228789
375.981,19.875,335,0.230116
375.981,20,335,0.231444
