x,y,z,b
375.981,0,335,0.0218111
375.981,0.125,335,0.0222197
375.981,0.25,335,0.0226282
375.981,0.375,335,0.0230367
375.981,0.5,335,0.0234453
375.981,0.625,335,0.0238538
375.981,0.75,335,0.0244794
375.981,0.875,335,0.0252965
375.981,1,335,0.0261136
375.981,1.125,335,0.0269307
375.981,1.25,335,0.0277478
375.981,1.375,335,0.0285649
375.981,1.5,335,0.029382
375.981,1.625,335,0.030199
375.981,1.75,335,0.0310161
375.981,1.875,335,0.0318332
375.981,2,335,0.0326503
375.981,2.125,335,0.0338352
375.981,2.25,335,0.0352717
375.981,2.375,335,0.0367083
375.981,2.5,335,0.0381448
375.981,2.625,335,0.0395813
375.981,2.75,335,0.0422165
375.981,2.875,335,0.043456
375.981,3,335,0.0446955
375.981,3.125,335,0.0459351
375.981,3.25,335,0.0471746
375.981,3.375,335,0.0484142
375.981,3.5,335,0.0496537
375.981,3.625,335,0.0508933
375.981,3.75,335,0.0521328
375.981,3.875,335,0.0533723
375.981,4,335,0.0546119
375.981,4.125,335,0.0558131
375.981,4.25,335,0.0568482
375.981,4.375,335,0.0578833
375.981,4.5,335,0.0589185
375.981,4.625,335,0.0599536
375.981,4.75,335,0.0609887
375.981,4.875,335,0.0620238
375.981,5,335,0.0630589
375.981,5.125,335,0.0640941
375.981,5.25,335,0.0651292
375.981,5.375,335,0.0661643
375.981,5.5,335,0.0662611
375.981,5.625,335,0.0673843
375.981,5.75,335,0.0685075
375.981,5.875,335,0.0696306
375.981,6,335,0.0707538
375.981,6.125,335,0.071877
375.981,6.25,335,0.0730002
375.981,6.375,335,0.0741234
375.981,6.5,335,0.0752466
375.981,6.625,335,0.0763698
375.981,6.75,335,0.077493
375.981,6.875,335,0.0786162
375.981,7,335,0.0797394
375.981,7.125,335,0.0808626
375.981,7.25,335,0.0819858
375.981,7.375,335,0.083109
375.981,7.5,335,0.0842322
375.981,7.625,335,0.0853554
375.981,7.75,335,0.0864785
375.981,7.875,335,0.0876017
375.981,8,335,0.0887249
375.981,8.125,335,0.0898481
375.981,8.25,335,0.091153
375.981,8.375,335,0.0927606
375.981,8.5,335,0.0943682
375.981,8.625,335,0.0959758
375.981,8.75,335,0.0975834
375.981,8.875,335,0.099191
375.981,9,335,0.100799
375.981,9.125,335,0.102406
375.981,9.25,335,0.104014
375.981,9.375,335,0.105621
375.981,9.5,335,0.107229
375.981,9.625,335,0.108837
375.981,9.75,335,0.110444
375.981,9.875,335,0.112052
375.981,10,335,0.113659
375.981,10.125,335,0.115267
375.981,10.25,335,0.116875
375.981,10.375,335,0.118482
375.981,10.5,335,0.12009
375.981,10.625,335,0.121697
375.981,10.75,335,0.123305
375.981,10.875,335,0.124913
375.981,11,335,0.12652
375.981,11.125,335,0.128128
375.981,11.25,335,0.129735
375.981,11.375,335,0.131343
375.981,11.5,335,0.132951
375.981,11.625,335,0.134558
375.981,11.75,335,0.136166
375.981,11.875,335,0.137773
375.981,12,335,0.139381
375.981,12.125,335,0.140989
375.981,12.25,335,0.142596
375.981,12.375,335,0.144204
375.981,12.5,335,0.145811
375.981,12.625,335,0.147419
375.981,12.75,335,0.149027
375.981,12.875,335,0.150634
375.981,13,335,0.152242
375.981,13.125,335,0.153849
375.981,13.25,335,0.155457
375.981,13.375,335,0.157065
375.981,13.5,335,0.158672
375.981,13.625,335,0.16028
375.981,13.75,335,0.161798
375.981,13.875,335,0.163263
375.981,14,335,0.164727
375.981,14.125,335,0.166192
375.981,14.25,335,0.167656
375.981,14.375,335,0.169121
375.981,14.5,335,0.170585
375.981,14.625,335,0.17205
375.981,14.75,335,0.173514
375.981,14.875,335,0.174979
375.981,15,335,0.176443
375.981,15.125,335,0.177908
375.981,15.25,335,0.179372
375.981,15.375,335,0.180837
375.981,15.5,335,0.182301
375.981,15.625,335,0.183766
375.981,15.75,335,0.18523
375.981,15.875,335,0.186695
375.981,16,335,0.188159
375.981,16.125,335,0.189624
375.981,16.25,335,0.191088
375.981,16.375,335,0.192553
375.981,16.5,335,0.194017
375.981,16.625,335,0.195482
375.981,16.75,335,0.196946
375.981,16.875,335,0.198411
375.981,17,335,0.199876
375.981,17.125,335,0.20134
375.981,17.25,335,0.202805
375.981,17.375,335,0.204269
375.981,17.5,335,0.205734
375.981,17.625,335,0.207198
375.981,17.75,335,0.208663
375.981,17.875,335,0.210127
375.981,18,335,0.211592
375.981,18.125,335,0.213056
375.981,18.25,335,0.214521
375.981,18.375,335,0.215985
375.981,18.5,335,0.21745
375.981,18.625,335,0.218914
375.981,18.75,335,0.220379
375.981,18.875,335,0.221843
375.981,19,335,0.223308
375.981,19.125,335,0.224772
375.981,19.25,335,0.226151
375.981,19.375,335,0.227516
375.981,19.5,335,0.228882
375.981,19.625,335,0.230248
375.981,19.75,335,0.231614
375.981,19.875,335,0.23298
375.981,20,335,0.234346
