x,y,z,b
375.981,0,335,0.0161863
375.981,0.125,335,0.0167423
375.981,0.25,335,0.0172982
375.981,0.375,335,0.0178542
375.981,0.5,335,0.0184102
375.981,0.625,335,0.0189661
375.981,0.75,335,0.0198174
375.981,0.875,335,0.0209294
375.981,1,335,0.0220413
375.981,1.125,335,0.0231532
375.981,1.25,335,0.0242651
375.981,1.375,335,0.0253771
375.981,1.5,335,0.026489
375.981,1.625,335,0.0276009
375.981,1.75,335,0.0287128
375.981,1.875,335,0.0298248
375.981,2,335,0.0309367
375.981,2.125,335,0.0322323
375.981,2.25,335,0.0336536
375.981,2.375,335,0.0350749
375.981,2.5,335,0.0364961
375.981,2.625,335,0.0379174
375.981,2.75,335,0.0399143
375.981,2.875,335,0.0412351
375.981,3,335,0.0425558
375.981,3.125,335,0.0438765
375.981,3.25,335,0.0451972
375.981,3.375,335,0.0465179
375.981,3.5,335,0.0478386
375.981,3.625,335,0.0491593
375.981,3.75,335,0.05048
375.981,3.875,335,0.0518008
375.981,4,335,0.0531215
375.981,4.125,335,0.0543967
375.981,4.25,335,0.0554751
375.981,4.375,335,0.0565535
375.981,4.5,335,0.0576319
375.981,4.625,335,0.0587103
375.981,4.75,335,0.0597887
375.981,4.875,335,0.0608671
375.981,5,335,0.0619455
375.981,5.125,335,0.0630239
375.981,5.25,335,0.0641022
375.981,5.375,335,0.0651806
375.981,5.5,335,0.0653758
375.981,5.625,335,0.0665369
375.981,5.75,335,0.067698
375.981,5.875,335,0.0688591
375.981,6,335,0.0700202
375.981,6.125,335,0.0711814
375.981,6.25,335,0.0723425
375.981,6.375,335,0.0735036
375.981,6.5,335,0.0746647
375.981,6.625,335,0.0758258
375.981,6.75,335,0.0769869
375.981,6.875,335,0.0781481
375.981,7,335,0.0793092
375.981,7.125,335,0.0804703
375.981,7.25,335,0.0816314
375.981,7.375,335,0.0827925
375.981,7.5,335,0.0839536
375.981,7.625,335,0.0851147
375.981,7.75,335,0.0862759
375.981,7.875,335,0.087437
375.981,8,335,0.0885981
375.981,8.125,335,0.0897592
375.981,8.25,335,0.0910872
375.981,8.375,335,0.0926934
375.981,8.5,335,0.0942996
375.981,8.625,335,0.0959058
375.981,8.75,335,0.097512
375.981,8.875,335,0.0991182
375.981,9,335,0.100724
375.981,9.125,335,0.102331
375.981,9.25,335,0.103937
375.981,9.375,335,0.105543
375.981,9.5,335,0.107149
375.981,9.625,335,0.108755
375.981,9.75,335,0.110362
375.981,9.875,335,0.111968
375.981,10,335,0.113574
375.981,10.125,335,0.11518
375.981,10.25,335,0.116786
375.981,10.375,335,0.118393
375.981,10.5,335,0.119999
375.981,10.625,335,0.121605
375.981,10.75,335,0.123211
375.981,10.875,335,0.124817
375.981,11,335,0.126424
375.981,11.125,335,0.12803
375.981,11.25,335,0.129636
375.981,11.375,335,0.131242
375.981,11.5,335,0.132848
375.981,11.625,335,0.134455
375.981,11.75,335,0.136061
375.981,11.875,335,0.137667
375.981,12,335,0.139273
375.981,12.125,335,0.140879
375.981,12.25,335,0.142486
375.981,12.375,335,0.144092
375.981,12.5,335,0.145698
375.981,12.625,335,0.147304
375.981,12.75,335,0.14891
375.981,12.875,335,0.150517
375.981,13,335,0.152123
375.981,13.125,335,0.153729
375.981,13.25,335,0.155335
375.981,13.375,335,0.156941
375.981,13.5,335,0.158548
375.981,13.625,335,0.160154
375.981,13.75,335,0.161699
375.981,13.875,335,0.163209
375.981,14,335,0.164718
375.981,14.125,335,0.166227
375.981,14.25,335,0.167737
375.981,14.375,335,0.169246
375.981,14.5,335,0.170755
375.981,14.625,335,0.172265
375.981,14.75,335,0.173774
375.981,14.875,335,0.175283
375.981,15,335,0.176792
375.981,15.125,335,0.178302
375.981,15.25,335,0.179811
375.981,15.375,335,0.18132
375.981,15.5,335,0.18283
375.981,15.625,335,0.184339
375.981,15.75,335,0.185848
375.981,15.875,335,0.187358
375.981,16,335,0.188867
375.981,16.125,335,0.190376
375.981,16.25,335,0.191886
375.981,16.375,335,0.193395
375.981,16.5,335,0.194904
375.981,16.625,335,0.196413
375.981,16.75,335,0.197923
375.981,16.875,335,0.199432
375.981,17,335,0.200941
375.981,17.125,335,0.202451
375.981,17.25,335,0.20396
375.981,17.375,335,0.205469
375.981,17.5,335,0.206979
375.981,17.625,335,0.208488
375.981,17.75,335,0.209997
375.981,17.875,335,0.211507
375.981,18,335,0.213016
375.981,18.125,335,0.214525
375.981,18.25,335,0.216034
375.981,18.375,335,0.217544
375.981,18.5,335,0.219053
375.981,18.625,335,0.220562
375.981,18.75,335,0.222072
375.981,18.875,335,0.223581
375.981,19,335,0.22509
375.981,19.125,335,0.2266
375.981,19.25,335,0.227957
375.981,19.375,335,0.229293
375.981,19.5,335,0.230629
375.981,19.625,335,0.231964
375.981,19.75,335,0.2333
375.981,19.875,335,0.234636
375.981,20,335,0.235972
