x,y,z,b
375.981,0,335,0.00774878
375.981,0.125,335,0.00850437
375.981,0.25,335,0.00925996
375.981,0.375,335,0.0100156
375.981,0.5,335,0.0107711
375.981,0.625,335,0.0115267
375.981,0.75,335,0.0122823
375.981,0.875,335,0.0130379
375.981,1,335,0.0137935
375.981,1.125,335,0.0145491
375.981,1.25,335,0.0153047
375.981,1.375,335,0.0161075
375.981,1.5,335,0.0176187
375.981,1.625,335,0.0191299
375.981,1.75,335,0.020641
375.981,1.875,335,0.0221522
375.981,2,335,0.0236634
375.981,2.125,335,0.0251746
375.981,2.25,335,0.0266858
375.981,2.375,335,0.0281969
375.981,2.5,335,0.0297081
375.981,2.625,335,0.0312193
375.981,2.75,335,0.0327305
375.981,2.875,335,0.0342417
375.981,3,335,0.0357528
375.981,3.125,335,0.037264
375.981,3.25,335,0.0387752
375.981,3.375,335,0.0402864
375.981,3.5,335,0.0417976
375.981,3.625,335,0.0433087
375.981,3.75,335,0.0448199
375.981,3.875,335,0.0463311
375.981,4,335,0.0478423
375.981,4.125,335,0.0493978
375.981,4.25,335,0.0511453
375.981,4.375,335,0.0528929
375.981,4.5,335,0.0546404
375.981,4.625,335,0.0563879
375.981,4.75,335,0.0581355
375.981,4.875,335,0.059883
375.981,5,335,0.0616305
375.981,5.125,335,0.0633781
375.981,5.25,335,0.0651256
375.981,5.375,335,0.0668732
375.981,5.5,335,0.069345
375.981,5.625,335,0.0710246
375.981,5.75,335,0.0727042
375.981,5.875,335,0.0743838
375.981,6,335,0.0760635
375.981,6.125,335,0.0777431
375.981,6.25,335,0.0794227
375.981,6.375,335,0.0811023
375.981,6.5,335,0.0827819
375.981,6.625,335,0.0844615
375.981,6.75,335,0.0861411
375.981,6.875,335,0.0878207
375.981,7,335,0.0895003
375.981,7.125,335,0.0911799
375.981,7.25,335,0.0928596
375.981,7.375,335,0.0945392
375.981,7.5,335,0.0962188
375.981,7.625,335,0.0978984
375.981,7.75,335,0.099578
375.981,7.875,335,0.101258
375.981,8,335,0.102937
375.981,8.125,335,0.104617
375.981,8.25,335,0.106291
375.981,8.375,335,0.107955
375.981,8.5,335,0.10962
375.981,8.625,335,0.111284
375.981,8.75,335,0.112949
375.981,8.875,335,0.114613
375.981,9,335,0.116277
375.981,9.125,335,0.117942
375.981,9.25,335,0.119606
375.981,9.375,335,0.121271
375.981,9.5,335,0.122935
375.981,9.625,335,0.1246
375.981,9.75,335,0.126264
375.981,9.875,335,0.127928
375.981,10,335,0.129593
375.981,10.125,335,0.131257
375.981,10.25,335,0.132922
375.981,10.375,335,0.134586
375.981,10.5,335,0.136251
375.981,10.625,335,0.137915
375.981,10.75,335,0.139579
375.981,10.875,335,0.141244
375.981,11,335,0.142908
375.981,11.125,335,0.144573
375.981,11.25,335,0.146237
375.981,11.375,335,0.147902
375.981,11.5,335,0.149566
375.981,11.625,335,0.151231
375.981,11.75,335,0.152895
375.981,11.875,335,0.154559
375.981,12,335,0.156224
375.981,12.125,335,0.157888
375.981,12.25,335,0.159553
375.981,12.375,335,0.161217
375.981,12.5,335,0.162882
375.981,12.625,335,0.164546
375.981,12.75,335,0.16621
375.981,12.875,335,0.167875
375.981,13,335,0.169539
375.981,13.125,335,0.171204
375.981,13.25,335,0.172868
375.981,13.375,335,0.174533
375.981,13.5,335,0.176197
375.981,13.625,335,0.177862
375.981,13.75,335,0.179366
375.981,13.875,335,0.180776
375.981,14,335,0.182185
375.981,14.125,335,0.183594
375.981,14.25,335,0.185003
375.981,14.375,335,0.186412
375.981,14.5,335,0.187821
375.981,14.625,335,0.189231
375.981,14.75,335,0.19064
375.981,14.875,335,0.192049
375.981,15,335,0.193458
375.981,15.125,335,0.194867
375.981,15.25,335,0.196276
375.981,15.375,335,0.197686
375.981,15.5,335,0.199095
375.981,15.625,335,0.200504
375.981,15.75,335,0.201913
375.981,15.875,335,0.203322
375.981,16,335,0.204731
375.981,16.125,335,0.206141
375.981,16.25,335,0.20755
375.981,16.375,335,0.208959
375.981,16.5,335,0.210368
375.981,16.625,335,0.211777
375.981,16.75,335,0.213186
375.981,16.875,335,0.214596
375.981,17,335,0.216005
375.981,17.125,335,0.217414
375.981,17.25,335,0.218823
375.981,17.375,335,0.220232
375.981,17.5,335,0.221641
375.981,17.625,335,0.223051
375.981,17.75,335,0.22446
375.981,17.875,335,0.225869
375.981,18,335,0.227278
375.981,18.125,335,0.228687
375.981,18.25,335,0.230096
375.981,18.375,335,0.231506
375.981,18.5,335,0.232915
375.981,18.625,335,0.234324
375.981,18.75,335,0.235733
375.981,18.875,335,0.237142
375.981,19,335,0.238551
375.981,19.125,335,0.23996
375.981,19.25,335,0.241091
375.981,19.375,335,0.242182
375.981,19.5,335,0.243273
375.981,19.625,335,0.244364
375.981,19.75,335,0.245456
375.981,19.875,335,0.246547
375.981,20,335,0.247638
