x,y,z,b
375.981,0,335,0.0278859
375.981,0.125,335,0.0282814
375.981,0.25,335,0.028677
375.981,0.375,335,0.0290725
375.981,0.5,335,0.029468
375.981,0.625,335,0.0298635
375.981,0.75,335,0.0304691
375.981,0.875,335,0.0312602
375.981,1,335,0.0320512
375.981,1.125,335,0.0328422
375.981,1.25,335,0.0336333
375.981,1.375,335,0.0344243
375.981,1.5,335,0.0352153
375.981,1.625,335,0.0360063
375.981,1.75,335,0.0367974
375.981,1.875,335,0.0375884
375.981,2,335,0.0383794
375.981,2.125,335,0.0398976
375.981,2.25,335,0.0419132
375.981,2.375,335,0.0439288
375.981,2.5,335,0.0459445
375.981,2.625,335,0.0479601
375.981,2.75,335,0.0522579
375.981,2.875,335,0.0538757
375.981,3,335,0.0554935
375.981,3.125,335,0.0571114
375.981,3.25,335,0.0587292
375.981,3.375,335,0.060347
375.981,3.5,335,0.0619648
375.981,3.625,335,0.0635827
375.981,3.75,335,0.0652005
375.981,3.875,335,0.0668183
375.981,4,335,0.0684361
375.981,4.125,335,0.0699633
375.981,4.25,335,0.0710974
375.981,4.375,335,0.0722316
375.981,4.5,335,0.0733658
375.981,4.625,335,0.0744999
375.981,4.75,335,0.0756341
375.981,4.875,335,0.0767682
375.981,5,335,0.0779024
375.981,5.125,335,0.0790366
375.981,5.25,335,0.0801707
375.981,5.375,335,0.0813049
375.981,5.5,335,0.0806496
375.981,5.625,335,0.0819538
375.981,5.75,335,0.0832579
375.981,5.875,335,0.084562
375.981,6,335,0.0858662
375.981,6.125,335,0.0871703
375.981,6.25,335,0.0884745
375.981,6.375,335,0.0897786
375.981,6.5,335,0.0910827
375.981,6.625,335,0.0923869
375.981,6.75,335,0.093691
375.981,6.875,335,0.0949952
375.981,7,335,0.0962993
375.981,7.125,335,0.0976034
375.981,7.25,335,0.0989076
375.981,7.375,335,0.100212
375.981,7.5,335,0.101516
375.981,7.625,335,0.10282
375.981,7.75,335,0.104124
375.981,7.875,335,0.105428
375.981,8,335,0.106732
375.981,8.125,335,0.108037
375.981,8.25,335,0.109216
375.981,8.375,335,0.110186
375.981,8.5,335,0.111156
375.981,8.625,335,0.112127
375.981,8.75,335,0.113097
375.981,8.875,335,0.114068
375.981,9,335,0.115038
375.981,9.125,335,0.116009
375.981,9.25,335,0.116979
375.981,9.375,335,0.11795
375.981,9.5,335,0.11892
375.981,9.625,335,0.11989
375.981,9.75,335,0.120861
375.981,9.875,335,0.121831
375.981,10,335,0.122802
375.981,10.125,335,0.123772
375.981,10.25,335,0.124743
375.981,10.375,335,0.125713
375.981,10.5,335,0.126684
375.981,10.625,335,0.127654
375.981,10.75,335,0.128624
375.981,10.875,335,0.129595
375.981,11,335,0.130565
375.981,11.125,335,0.131536
375.981,11.25,335,0.132506
375.981,11.375,335,0.133477
375.981,11.5,335,0.134447
375.981,11.625,335,0.135418
375.981,11.75,335,0.136388
375.981,11.875,335,0.137358
375.981,12,335,0.138329
375.981,12.125,335,0.139299
375.981,12.25,335,0.14027
375.981,12.375,335,0.14124
375.981,12.5,335,0.142211
375.981,12.625,335,0.143181
375.981,12.75,335,0.144152
375.981,12.875,335,0.145122
375.981,13,335,0.146093
375.981,13.125,335,0.147063
375.981,13.25,335,0.148033
375.981,13.375,335,0.149004
375.981,13.5,335,0.149974
375.981,13.625,335,0.150945
375.981,13.75,335,0.152174
375.981,13.875,335,0.153559
375.981,14,335,0.154944
375.981,14.125,335,0.156329
375.981,14.25,335,0.157714
375.981,14.375,335,0.159099
375.981,14.5,335,0.160484
375.981,14.625,335,0.161869
375.981,14.75,335,0.163254
375.981,14.875,335,0.164639
375.981,15,335,0.166024
375.981,15.125,335,0.167408
375.981,15.25,335,0.168793
375.981,15.375,335,0.170178
375.981,15.5,335,0.171563
375.981,15.625,335,0.172948
375.981,15.75,335,0.174333
375.981,15.875,335,0.175718
375.981,16,335,0.177103
375.981,16.125,335,0.178488
375.981,16.25,335,0.179873
375.981,16.375,335,0.181258
375.981,16.5,335,0.182643
375.981,16.625,335,0.184028
375.981,16.75,335,0.185412
375.981,16.875,335,0.186797
375.981,17,335,0.188182
375.981,17.125,335,0.189567
375.981,17.25,335,0.190952
375.981,17.375,335,0.192337
375.981,17.5,335,0.193722
375.981,17.625,335,0.195107
375.981,17.75,335,0.196492
375.981,17.875,335,0.197877
375.981,18,335,0.199262
375.981,18.125,335,0.200647
375.981,18.25,335,0.202032
375.981,18.375,335,0.203417
375.981,18.5,335,0.204801
375.981,18.625,335,0.206186
375.981,18.75,335,0.207571
375.981,18.875,335,0.208956
375.981,19,335,0.210341
375.981,19.125,335,0.211726
375.981,19.25,335,0.213293
375.981,19.375,335,0.214886
375.981,19.5,335,0.216479
375.981,19.625,335,0.218072
375.981,19.75,335,0.219665
375.981,19.875,335,0.221257
375.981,20,335,0.22285
