x,y,z,b
375.981,0,335,0.00771827
375.981,0.125,335,0.0083079
375.981,0.25,335,0.00889754
375.981,0.375,335,0.00948717
375.981,0.5,335,0.0100768
375.981,0.625,335,0.0106664
375.981,0.75,335,0.0112561
375.981,0.875,335,0.0118457
375.981,1,335,0.0124353
375.981,1.125,335,0.013025
375.981,1.25,335,0.0136146
375.981,1.375,335,0.0142411
375.981,1.5,335,0.0154204
375.981,1.625,335,0.0165996
375.981,1.75,335,0.0177789
375.981,1.875,335,0.0189582
375.981,2,335,0.0201374
375.981,2.125,335,0.0213167
375.981,2.25,335,0.022496
375.981,2.375,335,0.0236752
375.981,2.5,335,0.0248545
375.981,2.625,335,0.0260338
375.981,2.75,335,0.027213
375.981,2.875,335,0.0283923
375.981,3,335,0.0295716
375.981,3.125,335,0.0307508
375.981,3.25,335,0.0319301
375.981,3.375,335,0.0331094
375.981,3.5,335,0.0342886
375.981,3.625,335,0.0354679
375.981,3.75,335,0.0366472
375.981,3.875,335,0.0378264
375.981,4,335,0.0390057
375.981,4.125,335,0.0403035
375.981,4.25,335,0.0421148
375.981,4.375,335,0.0439261
375.981,4.5,335,0.0457374
375.981,4.625,335,0.0475487
375.981,4.75,335,0.04936
375.981,4.875,335,0.0511713
375.981,5,335,0.0529827
375.981,5.125,335,0.054794
375.981,5.25,335,0.0566053
375.981,5.375,335,0.0584166
375.981,5.5,335,0.0626673
375.981,5.625,335,0.0642512
375.981,5.75,335,0.0658351
375.981,5.875,335,0.067419
375.981,6,335,0.0690029
375.981,6.125,335,0.0705868
375.981,6.25,335,0.0721707
375.981,6.375,335,0.0737546
375.981,6.5,335,0.0753386
375.981,6.625,335,0.0769225
375.981,6.75,335,0.0785064
375.981,6.875,335,0.0800903
375.981,7,335,0.0816742
375.981,7.125,335,0.0832581
375.981,7.25,335,0.084842
375.981,7.375,335,0.0864259
375.981,7.5,335,0.0880098
375.981,7.625,335,0.0895938
375.981,7.75,335,0.0911777
375.981,7.875,335,0.0927616
375.981,8,335,0.0943455
375.981,8.125,335,0.0959294
375.981,8.25,335,0.0974851
375.981,8.375,335,0.0989938
375.981,8.5,335,0.100502
375.981,8.625,335,0.102011
375.981,8.75,335,0.10352
375.981,8.875,335,0.105028
375.981,9,335,0.106537
375.981,9.125,335,0.108046
375.981,9.25,335,0.109555
375.981,9.375,335,0.111063
375.981,9.5,335,0.112572
375.981,9.625,335,0.114081
375.981,9.75,335,0.115589
375.981,9.875,335,0.117098
375.981,10,335,0.118607
375.981,10.125,335,0.120115
375.981,10.25,335,0.121624
375.981,10.375,335,0.123133
375.981,10.5,335,0.124641
375.981,10.625,335,0.12615
375.981,10.75,335,0.127659
375.981,10.875,335,0.129167
375.981,11,335,0.130676
375.981,11.125,335,0.132185
375.981,11.25,335,0.133693
375.981,11.375,335,0.135202
375.981,11.5,335,0.136711
375.981,11.625,335,0.138219
375.981,11.75,335,0.139728
375.981,11.875,335,0.141237
375.981,12,335,0.142745
375.981,12.125,335,0.144254
375.981,12.25,335,0.145763
375.981,12.375,335,0.147271
375.981,12.5,335,0.14878
375.981,12.625,335,0.150289
375.981,12.75,335,0.151797
375.981,12.875,335,0.153306
375.981,13,335,0.154815
375.981,13.125,335,0.156323
375.981,13.25,335,0.157832
375.981,13.375,335,0.159341
375.981,13.5,335,0.16085
375.981,13.625,335,0.162358
375.981,13.75,335,0.163693
375.981,13.875,335,0.164924
375.981,14,335,0.166155
375.981,14.125,335,0.167386
375.981,14.25,335,0.168616
375.981,14.375,335,0.169847
375.981,14.5,335,0.171078
375.981,14.625,335,0.172309
375.981,14.75,335,0.17354
375.981,14.875,335,0.17477
375.981,15,335,0.176001
375.981,15.125,335,0.177232
375.981,15.25,335,0.178463
375.981,15.375,335,0.179694
375.981,15.5,335,0.180924
375.981,15.625,335,0.182155
375.981,15.75,335,0.183386
375.981,15.875,335,0.184617
375.981,16,335,0.185848
375.981,16.125,335,0.187078
375.981,16.25,335,0.188309
375.981,16.375,335,0.18954
375.981,16.5,335,0.190771
375.981,16.625,335,0.192002
375.981,16.75,335,0.193232
375.981,16.875,335,0.194463
375.981,17,335,0.195694
375.981,17.125,335,0.196925
375.981,17.25,335,0.198156
375.981,17.375,335,0.199386
375.981,17.5,335,0.200617
375.981,17.625,335,0.201848
375.981,17.75,335,0.203079
375.981,17.875,335,0.20431
375.981,18,335,0.20554
375.981,18.125,335,0.206771
375.981,18.25,335,0.208002
375.981,18.375,335,0.209233
375.981,18.5,335,0.210464
375.981,18.625,335,0.211694
375.981,18.75,335,0.212925
375.981,18.875,335,0.214156
375.981,19,335,0.215387
375.981,19.125,335,0.216618
375.981,19.25,335,0.217854
375.981,19.375,335,0.219091
375.981,19.5,335,0.220328
375.981,19.625,335,0.221565
375.981,19.75,335,0.222802
375.981,19.875,335,0.224039
375.981,20,335,0.225276
