x,y,z,b
375.981,0,335,0.0448611
375.981,0.125,335,0.0451282
375.981,0.25,335,0.0453953
375.981,0.375,335,0.0456625
375.981,0.5,335,0.0459296
375.981,0.625,335,0.0461967
375.981,0.75,335,0.0466057
375.981,0.875,335,0.04714
375.981,1,335,0.0476742
375.981,1.125,335,0.0482084
375.981,1.25,335,0.0487427
375.981,1.375,335,0.0492769
375.981,1.5,335,0.0498112
375.981,1.625,335,0.0503454
375.981,1.75,335,0.0508796
375.981,1.875,335,0.0514139
375.981,2,335,0.0519481
375.981,2.125,335,0.0525767
375.981,2.25,335,0.0532698
375.981,2.375,335,0.0539629
375.981,2.5,335,0.054656
375.981,2.625,335,0.0553491
375.981,2.75,335,0.0559133
375.981,2.875,335,0.0565138
375.981,3,335,0.0571142
375.981,3.125,335,0.0577146
375.981,3.25,335,0.058315
375.981,3.375,335,0.0589154
375.981,3.5,335,0.0595158
375.981,3.625,335,0.0601162
375.981,3.75,335,0.0607166
375.981,3.875,335,0.061317
375.981,4,335,0.0619174
375.981,4.125,335,0.0624828
375.981,4.25,335,0.0628964
375.981,4.375,335,0.0633099
375.981,4.5,335,0.0637235
375.981,4.625,335,0.0641371
375.981,4.75,335,0.0645506
375.981,4.875,335,0.0649642
375.981,5,335,0.0653777
375.981,5.125,335,0.0657913
375.981,5.25,335,0.0662049
375.981,5.375,335,0.0666184
375.981,5.5,335,0.0651539
375.981,5.625,335,0.0651091
375.981,5.75,335,0.0650643
375.981,5.875,335,0.0650195
375.981,6,335,0.0649747
375.981,6.125,335,0.0649299
375.981,6.25,335,0.0658431
375.981,6.375,335,0.0670245
375.981,6.5,335,0.0682059
375.981,6.625,335,0.0693873
375.981,6.75,335,0.0705687
375.981,6.875,335,0.0717501
375.981,7,335,0.0729315
375.981,7.125,335,0.0741129
375.981,7.25,335,0.0752943
375.981,7.375,335,0.0764757
375.981,7.5,335,0.0776571
375.981,7.625,335,0.0796883
375.981,7.75,335,0.081877
375.981,7.875,335,0.0840656
375.981,8,335,0.0862542
375.981,8.125,335,0.0884428
375.981,8.25,335,0.0920065
375.981,8.375,335,0.0938235
375.981,8.5,335,0.0956405
375.981,8.625,335,0.0974575
375.981,8.75,335,0.0992745
375.981,8.875,335,0.101091
375.981,9,335,0.102908
375.981,9.125,335,0.104725
375.981,9.25,335,0.106542
375.981,9.375,335,0.108359
375.981,9.5,335,0.110176
375.981,9.625,335,0.111735
375.981,9.75,335,0.11296
375.981,9.875,335,0.114185
375.981,10,335,0.115411
375.981,10.125,335,0.116636
375.981,10.25,335,0.117861
375.981,10.375,335,0.119087
375.981,10.5,335,0.120312
375.981,10.625,335,0.121538
375.981,10.75,335,0.122763
375.981,10.875,335,0.123988
375.981,11,335,0.125214
375.981,11.125,335,0.126439
375.981,11.25,335,0.127664
375.981,11.375,335,0.12889
375.981,11.5,335,0.130115
375.981,11.625,335,0.131341
375.981,11.75,335,0.132566
375.981,11.875,335,0.133791
375.981,12,335,0.135017
375.981,12.125,335,0.136242
375.981,12.25,335,0.137467
375.981,12.375,335,0.138945
375.981,12.5,335,0.140618
375.981,12.625,335,0.142292
375.981,12.75,335,0.143965
375.981,12.875,335,0.145639
375.981,13,335,0.147312
375.981,13.125,335,0.148986
375.981,13.25,335,0.150659
375.981,13.375,335,0.152333
375.981,13.5,335,0.154007
375.981,13.625,335,0.15568
375.981,13.75,335,0.157354
375.981,13.875,335,0.159027
375.981,14,335,0.160701
375.981,14.125,335,0.162374
375.981,14.25,335,0.164048
375.981,14.375,335,0.165721
375.981,14.5,335,0.167395
375.981,14.625,335,0.169068
375.981,14.75,335,0.170742
375.981,14.875,335,0.172415
375.981,15,335,0.174089
375.981,15.125,335,0.175801
375.981,15.25,335,0.17753
375.981,15.375,335,0.17926
375.981,15.5,335,0.180989
375.981,15.625,335,0.182718
375.981,15.75,335,0.184448
375.981,15.875,335,0.186177
375.981,16,335,0.187907
375.981,16.125,335,0.189636
375.981,16.25,335,0.191366
375.981,16.375,335,0.193095
375.981,16.5,335,0.194878
375.981,16.625,335,0.196601
375.981,16.75,335,0.198324
375.981,16.875,335,0.200048
375.981,17,335,0.201771
375.981,17.125,335,0.203494
375.981,17.25,335,0.205217
375.981,17.375,335,0.206941
375.981,17.5,335,0.208664
375.981,17.625,335,0.210387
375.981,17.75,335,0.21211
375.981,17.875,335,0.213834
375.981,18,335,0.215557
375.981,18.125,335,0.21728
375.981,18.25,335,0.219003
375.981,18.375,335,0.220727
375.981,18.5,335,0.22245
375.981,18.625,335,0.224173
375.981,18.75,335,0.225897
375.981,18.875,335,0.22762
375.981,19,335,0.229343
375.981,19.125,335,0.231066
375.981,19.25,335,0.232408
375.981,19.375,335,0.233696
375.981,19.5,335,0.234984
375.981,19.625,335,0.236271
375.981,19.75,335,0.237559
375.981,19.875,335,0.238847
375.981,20,335,0.240134
