x,y,z,b
375.981,0,335,0.00798195
375.981,0.125,335,0.0086363
375.981,0.25,335,0.00929064
375.981,0.375,335,0.00994499
375.981,0.5,335,0.0105993
375.981,0.625,335,0.0112537
375.981,0.75,335,0.011908
375.981,0.875,335,0.0125624
375.981,1,335,0.0132167
375.981,1.125,335,0.0138711
375.981,1.25,335,0.0145254
375.981,1.375,335,0.0152206
375.981,1.5,335,0.0165293
375.981,1.625,335,0.017838
375.981,1.75,335,0.0191467
375.981,1.875,335,0.0204554
375.981,2,335,0.0217641
375.981,2.125,335,0.0230728
375.981,2.25,335,0.0243815
375.981,2.375,335,0.0256902
375.981,2.5,335,0.0269988
375.981,2.625,335,0.0283075
375.981,2.75,335,0.0296162
375.981,2.875,335,0.0309249
375.981,3,335,0.0322336
375.981,3.125,335,0.0335423
375.981,3.25,335,0.034851
375.981,3.375,335,0.0361597
375.981,3.5,335,0.0374684
375.981,3.625,335,0.0387771
375.981,3.75,335,0.0400857
375.981,3.875,335,0.0413944
375.981,4,335,0.0427031
375.981,4.125,335,0.0440869
375.981,4.25,335,0.0457961
375.981,4.375,335,0.0475053
375.981,4.5,335,0.0492145
375.981,4.625,335,0.0509237
375.981,4.75,335,0.0526329
375.981,4.875,335,0.0543421
375.981,5,335,0.0560513
375.981,5.125,335,0.0577605
375.981,5.25,335,0.0594697
375.981,5.375,335,0.0611788
375.981,5.5,335,0.0645194
375.981,5.625,335,0.0660756
375.981,5.75,335,0.0676318
375.981,5.875,335,0.069188
375.981,6,335,0.0707441
375.981,6.125,335,0.0723003
375.981,6.25,335,0.0738565
375.981,6.375,335,0.0754127
375.981,6.5,335,0.0769689
375.981,6.625,335,0.078525
375.981,6.75,335,0.0800812
375.981,6.875,335,0.0816374
375.981,7,335,0.0831936
375.981,7.125,335,0.0847498
375.981,7.25,335,0.086306
375.981,7.375,335,0.0878621
375.981,7.5,335,0.0894183
375.981,7.625,335,0.0909745
375.981,7.75,335,0.0925307
375.981,7.875,335,0.0940869
375.981,8,335,0.0956431
375.981,8.125,335,0.0971992
375.981,8.25,335,0.0987518
375.981,8.375,335,0.100298
375.981,8.5,335,0.101845
375.981,8.625,335,0.103391
375.981,8.75,335,0.104938
375.981,8.875,335,0.106485
375.981,9,335,0.108031
375.981,9.125,335,0.109578
375.981,9.25,335,0.111124
375.981,9.375,335,0.112671
375.981,9.5,335,0.114217
375.981,9.625,335,0.115764
375.981,9.75,335,0.117311
375.981,9.875,335,0.118857
375.981,10,335,0.120404
375.981,10.125,335,0.12195
375.981,10.25,335,0.123497
375.981,10.375,335,0.125043
375.981,10.5,335,0.12659
375.981,10.625,335,0.128136
375.981,10.75,335,0.129683
375.981,10.875,335,0.13123
375.981,11,335,0.132776
375.981,11.125,335,0.134323
375.981,11.25,335,0.135869
375.981,11.375,335,0.137416
375.981,11.5,335,0.138962
375.981,11.625,335,0.140509
375.981,11.75,335,0.142056
375.981,11.875,335,0.143602
375.981,12,335,0.145149
375.981,12.125,335,0.146695
375.981,12.25,335,0.148242
375.981,12.375,335,0.149788
375.981,12.5,335,0.151335
375.981,12.625,335,0.152881
375.981,12.75,335,0.154428
375.981,12.875,335,0.155975
375.981,13,335,0.157521
375.981,13.125,335,0.159068
375.981,13.25,335,0.160614
375.981,13.375,335,0.162161
375.981,13.5,335,0.163707
375.981,13.625,335,0.165254
375.981,13.75,335,0.166717
375.981,13.875,335,0.168129
375.981,14,335,0.169542
375.981,14.125,335,0.170954
375.981,14.25,335,0.172366
375.981,14.375,335,0.173779
375.981,14.5,335,0.175191
375.981,14.625,335,0.176604
375.981,14.75,335,0.178016
375.981,14.875,335,0.179429
375.981,15,335,0.180841
375.981,15.125,335,0.182254
375.981,15.25,335,0.183666
375.981,15.375,335,0.185078
375.981,15.5,335,0.186491
375.981,15.625,335,0.187903
375.981,15.75,335,0.189316
375.981,15.875,335,0.190728
375.981,16,335,0.192141
375.981,16.125,335,0.193553
375.981,16.25,335,0.194966
375.981,16.375,335,0.196378
375.981,16.5,335,0.19779
375.981,16.625,335,0.199203
375.981,16.75,335,0.200615
375.981,16.875,335,0.202028
375.981,17,335,0.20344
375.981,17.125,335,0.204853
375.981,17.25,335,0.206265
375.981,17.375,335,0.207678
375.981,17.5,335,0.20909
375.981,17.625,335,0.210502
375.981,17.75,335,0.211915
375.981,17.875,335,0.213327
375.981,18,335,0.21474
375.981,18.125,335,0.216152
375.981,18.25,335,0.217565
375.981,18.375,335,0.218977
375.981,18.5,335,0.22039
375.981,18.625,335,0.221802
375.981,18.75,335,0.223214
375.981,18.875,335,0.224627
375.981,19,335,0.226039
375.981,19.125,335,0.227452
375.981,19.25,335,0.228708
375.981,19.375,335,0.229942
375.981,19.5,335,0.231176
375.981,19.625,335,0.23241
375.981,19.75,335,0.233644
375.981,19.875,335,0.234878
375.981,20,335,0.236112
