x,y,z,b
375.981,0,335,0.0382968
375.981,0.125,335,0.0391325
375.981,0.25,335,0.0399682
375.981,0.375,335,0.0408039
375.981,0.5,335,0.0416397
375.981,0.625,335,0.0424754
375.981,0.75,335,0.0433111
375.981,0.875,335,0.0441468
375.981,1,335,0.0449825
375.981,1.125,335,0.0458182
375.981,1.25,335,0.046654
375.981,1.375,335,0.0475419
375.981,1.5,335,0.0492133
375.981,1.625,335,0.0508848
375.981,1.75,335,0.0525562
375.981,1.875,335,0.0542276
375.981,2,335,0.0558991
375.981,2.125,335,0.0575705
375.981,2.25,335,0.0592419
375.981,2.375,335,0.0609133
375.981,2.5,335,0.0625848
375.981,2.625,335,0.0642562
375.981,2.75,335,0.0659276
375.981,2.875,335,0.0675991
375.981,3,335,0.0692705
375.981,3.125,335,0.0709419
375.981,3.25,335,0.0726134
375.981,3.375,335,0.0742848
375.981,3.5,335,0.0759562
375.981,3.625,335,0.0776277
375.981,3.75,335,0.0792991
375.981,3.875,335,0.0809705
375.981,4,335,0.0826419
375.981,4.125,335,0.0846495
375.981,4.25,335,0.0881133
375.981,4.375,335,0.0915772
375.981,4.5,335,0.095041
375.981,4.625,335,0.0985048
375.981,4.75,335,0.101969
375.981,4.875,335,0.105433
375.981,5,335,0.108896
375.981,5.125,335,0.11236
375.981,5.25,335,0.115824
375.981,5.375,335,0.119288
375.981,5.5,335,0.127398
375.981,5.625,335,0.131908
375.981,5.75,335,0.136418
375.981,5.875,335,0.140928
375.981,6,335,0.145438
375.981,6.125,335,0.149948
375.981,6.25,335,0.152208
375.981,6.375,335,0.153837
375.981,6.5,335,0.155466
375.981,6.625,335,0.157095
375.981,6.75,335,0.158724
375.981,6.875,335,0.160353
375.981,7,335,0.161982
375.981,7.125,335,0.163611
375.981,7.25,335,0.16524
375.981,7.375,335,0.166869
375.981,7.5,335,0.168498
375.981,7.625,335,0.167534
375.981,7.75,335,0.16609
375.981,7.875,335,0.164647
375.981,8,335,0.163203
375.981,8.125,335,0.161759
375.981,8.25,335,0.155394
375.981,8.375,335,0.155007
375.981,8.5,335,0.15462
375.981,8.625,335,0.154233
375.981,8.75,335,0.153846
375.981,8.875,335,0.153459
375.981,9,335,0.153072
375.981,9.125,335,0.152685
375.981,9.25,335,0.152298
375.981,9.375,335,0.151911
375.981,9.5,335,0.151524
375.981,9.625,335,0.151442
375.981,9.75,335,0.151752
375.981,9.875,335,0.152063
375.981,10,335,0.152374
375.981,10.125,335,0.152684
375.981,10.25,335,0.152995
375.981,10.375,335,0.153305
375.981,10.5,335,0.153616
375.981,10.625,335,0.153926
375.981,10.75,335,0.154237
375.981,10.875,335,0.154547
375.981,11,335,0.154858
375.981,11.125,335,0.155168
375.981,11.25,335,0.155479
375.981,11.375,335,0.155789
375.981,11.5,335,0.1561
375.981,11.625,335,0.156411
375.981,11.75,335,0.156721
375.981,11.875,335,0.157032
375.981,12,335,0.157342
375.981,12.125,335,0.157653
375.981,12.25,335,0.157963
375.981,12.375,335,0.158688
375.981,12.5,335,0.159734
375.981,12.625,335,0.16078
375.981,12.75,335,0.161826
375.981,12.875,335,0.162872
375.981,13,335,0.163918
375.981,13.125,335,0.164964
375.981,13.25,335,0.166011
375.981,13.375,335,0.167057
375.981,13.5,335,0.168103
375.981,13.625,335,0.169149
375.981,13.75,335,0.170195
375.981,13.875,335,0.171241
375.981,14,335,0.172287
375.981,14.125,335,0.173334
375.981,14.25,335,0.17438
375.981,14.375,335,0.175426
375.981,14.5,335,0.176472
375.981,14.625,335,0.177518
375.981,14.75,335,0.178564
375.981,14.875,335,0.17961
375.981,15,335,0.180657
375.981,15.125,335,0.182256
375.981,15.25,335,0.184106
375.981,15.375,335,0.185956
375.981,15.5,335,0.187806
375.981,15.625,335,0.189657
375.981,15.75,335,0.191507
375.981,15.875,335,0.193357
375.981,16,335,0.195208
375.981,16.125,335,0.197058
375.981,16.25,335,0.198908
375.981,16.375,335,0.200759
375.981,16.5,335,0.202609
375.981,16.625,335,0.204459
375.981,16.75,335,0.206309
375.981,16.875,335,0.20816
375.981,17,335,0.21001
375.981,17.125,335,0.21186
375.981,17.25,335,0.213711
375.981,17.375,335,0.215561
375.981,17.5,335,0.217411
375.981,17.625,335,0.219262
375.981,17.75,335,0.221112
375.981,17.875,335,0.222369
375.981,18,335,0.223489
375.981,18.125,335,0.224609
375.981,18.25,335,0.225729
375.981,18.375,335,0.226849
375.981,18.5,335,0.227969
375.981,18.625,335,0.229089
375.981,18.75,335,0.230209
375.981,18.875,335,0.231329
375.981,19,335,0.232449
375.981,19.125,335,0.233569
375.981,19.25,335,0.234689
375.981,19.375,335,0.23581
375.981,19.5,335,0.23693
375.981,19.625,335,0.23805
375.981,19.75,335,0.23917
375.981,19.875,335,0.24029
375.981,20,335,0.24141
