x,y,z,b
375.981,0,335,0.00819933
375.981,0.125,335,0.00887415
375.981,0.25,335,0.00954896
375.981,0.375,335,0.0102238
375.981,0.5,335,0.0108986
375.981,0.625,335,0.0115734
375.981,0.75,335,0.0122482
375.981,0.875,335,0.012923
375.981,1,335,0.0135979
375.981,1.125,335,0.0142727
375.981,1.25,335,0.0149475
375.981,1.375,335,0.0156645
375.981,1.5,335,0.0170141
375.981,1.625,335,0.0183637
375.981,1.75,335,0.0197134
375.981,1.875,335,0.021063
375.981,2,335,0.0224126
375.981,2.125,335,0.0237623
375.981,2.25,335,0.0251119
375.981,2.375,335,0.0264615
375.981,2.5,335,0.0278112
375.981,2.625,335,0.0291608
375.981,2.75,335,0.0305104
375.981,2.875,335,0.03186
375.981,3,335,0.0332097
375.981,3.125,335,0.0345593
375.981,3.25,335,0.0359089
375.981,3.375,335,0.0372586
375.981,3.5,335,0.0386082
375.981,3.625,335,0.0399578
375.981,3.75,335,0.0413075
375.981,3.875,335,0.0426571
375.981,4,335,0.0440067
375.981,4.125,335,0.0454085
375.981,4.25,335,0.0470361
375.981,4.375,335,0.0486637
375.981,4.5,335,0.0502914
375.981,4.625,335,0.051919
375.981,4.75,335,0.0535466
375.981,4.875,335,0.0551743
375.981,5,335,0.0568019
375.981,5.125,335,0.0584295
375.981,5.25,335,0.0600571
375.981,5.375,335,0.0616848
375.981,5.5,335,0.064525
375.981,5.625,335,0.066039
375.981,5.75,335,0.0675529
375.981,5.875,335,0.0690669
375.981,6,335,0.0705808
375.981,6.125,335,0.0720948
375.981,6.25,335,0.0736087
375.981,6.375,335,0.0751227
375.981,6.5,335,0.0766366
375.981,6.625,335,0.0781506
375.981,6.75,335,0.0796645
375.981,6.875,335,0.0811785
375.981,7,335,0.0826924
375.981,7.125,335,0.0842064
375.981,7.25,335,0.0857204
375.981,7.375,335,0.0872343
375.981,7.5,335,0.0887483
375.981,7.625,335,0.0902622
375.981,7.75,335,0.0917762
375.981,7.875,335,0.0932901
375.981,8,335,0.0948041
375.981,8.125,335,0.096318
375.981,8.25,335,0.0978204
375.981,8.375,335,0.0993037
375.981,8.5,335,0.100787
375.981,8.625,335,0.10227
375.981,8.75,335,0.103753
375.981,8.875,335,0.105236
375.981,9,335,0.10672
375.981,9.125,335,0.108203
375.981,9.25,335,0.109686
375.981,9.375,335,0.111169
375.981,9.5,335,0.112652
375.981,9.625,335,0.114136
375.981,9.75,335,0.115619
375.981,9.875,335,0.117102
375.981,10,335,0.118585
375.981,10.125,335,0.120069
375.981,10.25,335,0.121552
375.981,10.375,335,0.123035
375.981,10.5,335,0.124518
375.981,10.625,335,0.126001
375.981,10.75,335,0.127485
375.981,10.875,335,0.128968
375.981,11,335,0.130064
375.981,11.125,335,0.131554
375.981,11.25,335,0.133045
375.981,11.375,335,0.134535
375.981,11.5,335,0.136025
375.981,11.625,335,0.137515
375.981,11.75,335,0.139006
375.981,11.875,335,0.140496
375.981,12,335,0.141986
375.981,12.125,335,0.143477
375.981,12.25,335,0.144967
375.981,12.375,335,0.146457
375.981,12.5,335,0.147948
375.981,12.625,335,0.149438
375.981,12.75,335,0.150928
375.981,12.875,335,0.152419
375.981,13,335,0.153909
375.981,13.125,335,0.155399
375.981,13.25,335,0.15689
375.981,13.375,335,0.15838
375.981,13.5,335,0.15987
375.981,13.625,335,0.161361
375.981,13.75,335,0.162851
375.981,13.875,335,0.164341
375.981,14,335,0.165832
375.981,14.125,335,0.167322
375.981,14.25,335,0.168812
375.981,14.375,335,0.170302
375.981,14.5,335,0.171793
375.981,14.625,335,0.173283
375.981,14.75,335,0.174773
375.981,14.875,335,0.176264
375.981,15,335,0.177754
375.981,15.125,335,0.179244
375.981,15.25,335,0.180735
375.981,15.375,335,0.182225
375.981,15.5,335,0.183715
375.981,15.625,335,0.185206
375.981,15.75,335,0.186696
375.981,15.875,335,0.188186
375.981,16,335,0.189677
375.981,16.125,335,0.191167
375.981,16.25,335,0.192657
375.981,16.375,335,0.194148
375.981,16.5,335,0.195485
375.981,16.625,335,0.196772
375.981,16.75,335,0.198058
375.981,16.875,335,0.199345
375.981,17,335,0.200631
375.981,17.125,335,0.201918
375.981,17.25,335,0.203204
375.981,17.375,335,0.204491
375.981,17.5,335,0.205778
375.981,17.625,335,0.207064
375.981,17.75,335,0.208351
375.981,17.875,335,0.209637
375.981,18,335,0.210924
375.981,18.125,335,0.21221
375.981,18.25,335,0.213497
375.981,18.375,335,0.214783
375.981,18.5,335,0.21607
375.981,18.625,335,0.217357
375.981,18.75,335,0.218643
375.981,18.875,335,0.21993
375.981,19,335,0.221216
375.981,19.125,335,0.222503
375.981,19.25,335,0.223789
375.981,19.375,335,0.225076
375.981,19.5,335,0.226362
375.981,19.625,335,0.227649
375.981,19.75,335,0.228936
375.981,19.875,335,0.230222
375.981,20,335,0.231509
