x,y,z,b
375.981,0,335,0.0270302
375.981,0.125,335,0.0272597
375.981,0.25,335,0.0274892
375.981,0.375,335,0.0277187
375.981,0.5,335,0.0279482
375.981,0.625,335,0.0281777
375.981,0.75,335,0.0285291
375.981,0.875,335,0.0289882
375.981,1,335,0.0294472
375.981,1.125,335,0.0299062
375.981,1.25,335,0.0303652
375.981,1.375,335,0.0308242
375.981,1.5,335,0.0312832
375.981,1.625,335,0.0317422
375.981,1.75,335,0.0322012
375.981,1.875,335,0.0326602
375.981,2,335,0.0331193
375.981,2.125,335,0.0338142
375.981,2.25,335,0.0346706
375.981,2.375,335,0.035527
375.981,2.5,335,0.0363834
375.981,2.625,335,0.0372398
375.981,2.75,335,0.0380963
375.981,2.875,335,0.0389527
375.981,3,335,0.0398091
375.981,3.125,335,0.0406655
375.981,3.25,335,0.0415219
375.981,3.375,335,0.0423783
375.981,3.5,335,0.0443109
375.981,3.625,335,0.0468073
375.981,3.75,335,0.0493036
375.981,3.875,335,0.0517999
375.981,4,335,0.0542963
375.981,4.125,335,0.0567926
375.981,4.25,335,0.059289
375.981,4.375,335,0.0617853
375.981,4.5,335,0.0642816
375.981,4.625,335,0.066778
375.981,4.75,335,0.0692743
375.981,4.875,335,0.0706984
375.981,5,335,0.0717028
375.981,5.125,335,0.0727072
375.981,5.25,335,0.0737117
375.981,5.375,335,0.0747161
375.981,5.5,335,0.0724879
375.981,5.625,335,0.0739275
375.981,5.75,335,0.0753671
375.981,5.875,335,0.0768067
375.981,6,335,0.0782463
375.981,6.125,335,0.079686
375.981,6.25,335,0.0811256
375.981,6.375,335,0.0825652
375.981,6.5,335,0.0840048
375.981,6.625,335,0.0854444
375.981,6.75,335,0.086884
375.981,6.875,335,0.0879386
375.981,7,335,0.0881461
375.981,7.125,335,0.0883537
375.981,7.25,335,0.0885612
375.981,7.375,335,0.0887688
375.981,7.5,335,0.0889763
375.981,7.625,335,0.0891839
375.981,7.75,335,0.0893914
375.981,7.875,335,0.089599
375.981,8,335,0.0898065
375.981,8.125,335,0.0900141
375.981,8.25,335,0.0898902
375.981,8.375,335,0.0899156
375.981,8.5,335,0.0899411
375.981,8.625,335,0.0899665
375.981,8.75,335,0.0899919
375.981,8.875,335,0.0900173
375.981,9,335,0.0903847
375.981,9.125,335,0.0907875
375.981,9.25,335,0.0911902
375.981,9.375,335,0.091593
375.981,9.5,335,0.0919958
375.981,9.625,335,0.0923985
375.981,9.75,335,0.0928013
375.981,9.875,335,0.0932041
375.981,10,335,0.0936068
375.981,10.125,335,0.0940096
375.981,10.25,335,0.0944123
375.981,10.375,335,0.0971855
375.981,10.5,335,0.100035
375.981,10.625,335,0.102885
375.981,10.75,335,0.105734
375.981,10.875,335,0.108584
375.981,11,335,0.114055
375.981,11.125,335,0.115948
375.981,11.25,335,0.11784
375.981,11.375,335,0.119732
375.981,11.5,335,0.121624
375.981,11.625,335,0.123516
375.981,11.75,335,0.125408
375.981,11.875,335,0.127301
375.981,12,335,0.129193
375.981,12.125,335,0.131085
375.981,12.25,335,0.132977
375.981,12.375,335,0.134997
375.981,12.5,335,0.137116
375.981,12.625,335,0.139236
375.981,12.75,335,0.141355
375.981,12.875,335,0.143474
375.981,13,335,0.145594
375.981,13.125,335,0.147713
375.981,13.25,335,0.149832
375.981,13.375,335,0.151952
375.981,13.5,335,0.154071
375.981,13.625,335,0.15619
375.981,13.75,335,0.15831
375.981,13.875,335,0.160429
375.981,14,335,0.162548
375.981,14.125,335,0.164668
375.981,14.25,335,0.166787
375.981,14.375,335,0.168906
375.981,14.5,335,0.171026
375.981,14.625,335,0.173145
375.981,14.75,335,0.175264
375.981,14.875,335,0.177384
375.981,15,335,0.179503
375.981,15.125,335,0.180998
375.981,15.25,335,0.182208
375.981,15.375,335,0.183419
375.981,15.5,335,0.184629
375.981,15.625,335,0.18584
375.981,15.75,335,0.187051
375.981,15.875,335,0.188261
375.981,16,335,0.189472
375.981,16.125,335,0.190682
375.981,16.25,335,0.191893
375.981,16.375,335,0.193103
375.981,16.5,335,0.192122
375.981,16.625,335,0.19355
375.981,16.75,335,0.194978
375.981,16.875,335,0.196407
375.981,17,335,0.197835
375.981,17.125,335,0.199263
375.981,17.25,335,0.200692
375.981,17.375,335,0.20212
375.981,17.5,335,0.203548
375.981,17.625,335,0.204976
375.981,17.75,335,0.206405
375.981,17.875,335,0.207833
375.981,18,335,0.209261
375.981,18.125,335,0.210689
375.981,18.25,335,0.212118
375.981,18.375,335,0.213546
375.981,18.5,335,0.214974
375.981,18.625,335,0.216402
375.981,18.75,335,0.217831
375.981,18.875,335,0.219259
375.981,19,335,0.220687
375.981,19.125,335,0.222116
375.981,19.25,335,0.223163
375.981,19.375,335,0.224157
375.981,19.5,335,0.22515
375.981,19.625,335,0.226143
375.981,19.75,335,0.227136
375.981,19.875,335,0.22813
375.981,20,335,0.229123
