x,y,z,b
375.981,0,335,0.0492283
375.981,0.125,335,0.0494972
375.981,0.25,335,0.0497662
375.981,0.375,335,0.0500352
375.981,0.5,335,0.0503041
375.981,0.625,335,0.0505731
375.981,0.75,335,0.050842
375.981,0.875,335,0.051111
375.981,1,335,0.05138
375.981,1.125,335,0.0516489
375.981,1.25,335,0.0519179
375.981,1.375,335,0.0522036
375.981,1.5,335,0.0527416
375.981,1.625,335,0.0532795
375.981,1.75,335,0.0538174
375.981,1.875,335,0.0543553
375.981,2,335,0.0548932
375.981,2.125,335,0.0554312
375.981,2.25,335,0.0559691
375.981,2.375,335,0.056507
375.981,2.5,335,0.0570449
375.981,2.625,335,0.0575828
375.981,2.75,335,0.0581208
375.981,2.875,335,0.0586587
375.981,3,335,0.0591966
375.981,3.125,335,0.0597345
375.981,3.25,335,0.0602724
375.981,3.375,335,0.0608104
375.981,3.5,335,0.0613483
375.981,3.625,335,0.0618862
375.981,3.75,335,0.0624241
375.981,3.875,335,0.062962
375.981,4,335,0.0635
375.981,4.125,335,0.0641092
375.981,4.25,335,0.0650274
375.981,4.375,335,0.0659456
375.981,4.5,335,0.0668638
375.981,4.625,335,0.067782
375.981,4.75,335,0.0687002
375.981,4.875,335,0.0696184
375.981,5,335,0.0705366
375.981,5.125,335,0.0714548
375.981,5.25,335,0.072373
375.981,5.375,335,0.0732912
375.981,5.5,335,0.0742094
375.981,5.625,335,0.0751276
375.981,5.75,335,0.0760458
375.981,5.875,335,0.076964
375.981,6,335,0.0778822
375.981,6.125,335,0.0788004
375.981,6.25,335,0.0797186
375.981,6.375,335,0.0806368
375.981,6.5,335,0.081555
375.981,6.625,335,0.0824732
375.981,6.75,335,0.0833914
375.981,6.875,335,0.0844305
375.981,7,335,0.0857353
375.981,7.125,335,0.0870402
375.981,7.25,335,0.0883451
375.981,7.375,335,0.08965
375.981,7.5,335,0.0909548
375.981,7.625,335,0.0922597
375.981,7.75,335,0.0935646
375.981,7.875,335,0.0948694
375.981,8,335,0.0961743
375.981,8.125,335,0.0974792
375.981,8.25,335,0.098784
375.981,8.375,335,0.100089
375.981,8.5,335,0.101394
375.981,8.625,335,0.102699
375.981,8.75,335,0.104004
375.981,8.875,335,0.105308
375.981,9,335,0.106613
375.981,9.125,335,0.107918
375.981,9.25,335,0.109223
375.981,9.375,335,0.110528
375.981,9.5,335,0.111833
375.981,9.625,335,0.11323
375.981,9.75,335,0.114747
375.981,9.875,335,0.116264
375.981,10,335,0.11778
375.981,10.125,335,0.119297
375.981,10.25,335,0.120814
375.981,10.375,335,0.12233
375.981,10.5,335,0.123847
375.981,10.625,335,0.125364
375.981,10.75,335,0.12688
375.981,10.875,335,0.128397
375.981,11,335,0.130613
375.981,11.125,335,0.132063
375.981,11.25,335,0.133514
375.981,11.375,335,0.134964
375.981,11.5,335,0.136415
375.981,11.625,335,0.137865
375.981,11.75,335,0.139316
375.981,11.875,335,0.140766
375.981,12,335,0.142216
375.981,12.125,335,0.143667
375.981,12.25,335,0.145117
375.981,12.375,335,0.146568
375.981,12.5,335,0.148018
375.981,12.625,335,0.149469
375.981,12.75,335,0.150919
375.981,12.875,335,0.15237
375.981,13,335,0.15382
375.981,13.125,335,0.155271
375.981,13.25,335,0.156721
375.981,13.375,335,0.158172
375.981,13.5,335,0.159622
375.981,13.625,335,0.161073
375.981,13.75,335,0.162493
375.981,13.875,335,0.163894
375.981,14,335,0.165295
375.981,14.125,335,0.166696
375.981,14.25,335,0.168097
375.981,14.375,335,0.169498
375.981,14.5,335,0.1709
375.981,14.625,335,0.172301
375.981,14.75,335,0.173702
375.981,14.875,335,0.175103
375.981,15,335,0.176504
375.981,15.125,335,0.177906
375.981,15.25,335,0.179307
375.981,15.375,335,0.180708
375.981,15.5,335,0.182109
375.981,15.625,335,0.18351
375.981,15.75,335,0.184912
375.981,15.875,335,0.186313
375.981,16,335,0.187714
375.981,16.125,335,0.189115
375.981,16.25,335,0.190516
375.981,16.375,335,0.191917
375.981,16.5,335,0.193319
375.981,16.625,335,0.19472
375.981,16.75,335,0.196121
375.981,16.875,335,0.197522
375.981,17,335,0.198923
375.981,17.125,335,0.200325
375.981,17.25,335,0.201726
375.981,17.375,335,0.203127
375.981,17.5,335,0.204528
375.981,17.625,335,0.205929
375.981,17.75,335,0.20733
375.981,17.875,335,0.208732
375.981,18,335,0.210133
375.981,18.125,335,0.211534
375.981,18.25,335,0.212935
375.981,18.375,335,0.214336
375.981,18.5,335,0.215738
375.981,18.625,335,0.217139
375.981,18.75,335,0.21854
375.981,18.875,335,0.219941
375.981,19,335,0.221342
375.981,19.125,335,0.222744
375.981,19.25,335,0.224025
375.981,19.375,335,0.225289
375.981,19.5,335,0.226553
375.981,19.625,335,0.227817
375.981,19.75,335,0.229081
375.981,19.875,335,0.230345
375.981,20,335,0.231609
