x,y,z,b
375.981,0,335,0.00776507
375.981,0.125,335,0.00836928
375.981,0.25,335,0.00897349
375.981,0.375,335,0.0095777
375.981,0.5,335,0.0101819
375.981,0.625,335,0.0107861
375.981,0.75,335,0.0113903
375.981,0.875,335,0.0119945
375.981,1,335,0.0125988
375.981,1.125,335,0.013203
375.981,1.25,335,0.0138072
375.981,1.375,335,0.0144491
375.981,1.5,335,0.0156576
375.981,1.625,335,0.016866
375.981,1.75,335,0.0180744
375.981,1.875,335,0.0192828
375.981,2,335,0.0204912
375.981,2.125,335,0.0216997
375.981,2.25,335,0.0229081
375.981,2.375,335,0.0241165
375.981,2.5,335,0.0253249
375.981,2.625,335,0.0265333
375.981,2.75,335,0.0277418
375.981,2.875,335,0.0289502
375.981,3,335,0.0301586
375.981,3.125,335,0.031367
375.981,3.25,335,0.0325754
375.981,3.375,335,0.0337839
375.981,3.5,335,0.0349923
375.981,3.625,335,0.0362007
375.981,3.75,335,0.0374091
375.981,3.875,335,0.0386175
375.981,4,335,0.039826
375.981,4.125,335,0.0411455
375.981,4.25,335,0.0429465
375.981,4.375,335,0.0447475
375.981,4.5,335,0.0465485
375.981,4.625,335,0.0483495
375.981,4.75,335,0.0501505
375.981,4.875,335,0.0519515
375.981,5,335,0.0537524
375.981,5.125,335,0.0555534
375.981,5.25,335,0.0573544
375.981,5.375,335,0.0591554
375.981,5.5,335,0.063285
375.981,5.625,335,0.0648696
375.981,5.75,335,0.0664543
375.981,5.875,335,0.0680389
375.981,6,335,0.0696236
375.981,6.125,335,0.0712082
375.981,6.25,335,0.0727929
375.981,6.375,335,0.0743775
375.981,6.5,335,0.0759622
375.981,6.625,335,0.0775468
375.981,6.75,335,0.0791314
375.981,6.875,335,0.0807161
375.981,7,335,0.0823007
375.981,7.125,335,0.0838854
375.981,7.25,335,0.08547
375.981,7.375,335,0.0870547
375.981,7.5,335,0.0886393
375.981,7.625,335,0.090224
375.981,7.75,335,0.0918086
375.981,7.875,335,0.0933932
375.981,8,335,0.0949779
375.981,8.125,335,0.0965625
375.981,8.25,335,0.0981141
375.981,8.375,335,0.0996105
375.981,8.5,335,0.101107
375.981,8.625,335,0.102603
375.981,8.75,335,0.1041
375.981,8.875,335,0.105596
375.981,9,335,0.107093
375.981,9.125,335,0.108589
375.981,9.25,335,0.110086
375.981,9.375,335,0.111582
375.981,9.5,335,0.113078
375.981,9.625,335,0.114575
375.981,9.75,335,0.116071
375.981,9.875,335,0.117568
375.981,10,335,0.119064
375.981,10.125,335,0.120561
375.981,10.25,335,0.122057
375.981,10.375,335,0.123554
375.981,10.5,335,0.12505
375.981,10.625,335,0.126546
375.981,10.75,335,0.128043
375.981,10.875,335,0.129539
375.981,11,335,0.131036
375.981,11.125,335,0.132532
375.981,11.25,335,0.134029
375.981,11.375,335,0.135525
375.981,11.5,335,0.137021
375.981,11.625,335,0.138518
375.981,11.75,335,0.140014
375.981,11.875,335,0.141511
375.981,12,335,0.143007
375.981,12.125,335,0.144504
375.981,12.25,335,0.146
375.981,12.375,335,0.147496
375.981,12.5,335,0.148993
375.981,12.625,335,0.150489
375.981,12.75,335,0.151986
375.981,12.875,335,0.153482
375.981,13,335,0.154979
375.981,13.125,335,0.156475
375.981,13.25,335,0.157972
375.981,13.375,335,0.159468
375.981,13.5,335,0.160964
375.981,13.625,335,0.162461
375.981,13.75,335,0.163777
375.981,13.875,335,0.164986
375.981,14,335,0.166194
375.981,14.125,335,0.167402
375.981,14.25,335,0.168611
375.981,14.375,335,0.169819
375.981,14.5,335,0.171028
375.981,14.625,335,0.172236
375.981,14.75,335,0.173444
375.981,14.875,335,0.174653
375.981,15,335,0.175861
375.981,15.125,335,0.17707
375.981,15.25,335,0.178278
375.981,15.375,335,0.179486
375.981,15.5,335,0.180695
375.981,15.625,335,0.181903
375.981,15.75,335,0.183112
375.981,15.875,335,0.18432
375.981,16,335,0.185528
375.981,16.125,335,0.186737
375.981,16.25,335,0.187945
375.981,16.375,335,0.189154
375.981,16.5,335,0.190362
375.981,16.625,335,0.19157
375.981,16.75,335,0.192779
375.981,16.875,335,0.193987
375.981,17,335,0.195195
375.981,17.125,335,0.196404
375.981,17.25,335,0.197612
375.981,17.375,335,0.198821
375.981,17.5,335,0.200029
375.981,17.625,335,0.201237
375.981,17.75,335,0.202446
375.981,17.875,335,0.203654
375.981,18,335,0.204863
375.981,18.125,335,0.206071
375.981,18.25,335,0.207279
375.981,18.375,335,0.208488
375.981,18.5,335,0.209696
375.981,18.625,335,0.210905
375.981,18.75,335,0.212113
375.981,18.875,335,0.213321
375.981,19,335,0.21453
375.981,19.125,335,0.215738
375.981,19.25,335,0.216983
375.981,19.375,335,0.218233
375.981,19.5,335,0.219483
375.981,19.625,335,0.220733
375.981,19.75,335,0.221983
375.981,19.875,335,0.223233
375.981,20,335,0.224483
