x,y,z,b
375.981,0,335,0.0399137
375.981,0.125,335,0.0401699
375.981,0.25,335,0.0404261
375.981,0.375,335,0.0406823
375.981,0.5,335,0.0409385
375.981,0.625,335,0.0411946
375.981,0.75,335,0.0415869
375.981,0.875,335,0.0420993
375.981,1,335,0.0426117
375.981,1.125,335,0.0431241
375.981,1.25,335,0.0436364
375.981,1.375,335,0.0441488
375.981,1.5,335,0.0446612
375.981,1.625,335,0.0451736
375.981,1.75,335,0.0456859
375.981,1.875,335,0.0461983
375.981,2,335,0.0467107
375.981,2.125,335,0.0473919
375.981,2.25,335,0.0481888
375.981,2.375,335,0.0489856
375.981,2.5,335,0.0497824
375.981,2.625,335,0.0505792
375.981,2.75,335,0.0518563
375.981,2.875,335,0.0525591
375.981,3,335,0.0532618
375.981,3.125,335,0.0539646
375.981,3.25,335,0.0546673
375.981,3.375,335,0.0553701
375.981,3.5,335,0.0560728
375.981,3.625,335,0.0567755
375.981,3.75,335,0.0574783
375.981,3.875,335,0.058181
375.981,4,335,0.0588838
375.981,4.125,335,0.0596372
375.981,4.25,335,0.0606099
375.981,4.375,335,0.0615826
375.981,4.5,335,0.0625554
375.981,4.625,335,0.0635281
375.981,4.75,335,0.0645008
375.981,4.875,335,0.0654736
375.981,5,335,0.0664463
375.981,5.125,335,0.0674191
375.981,5.25,335,0.0683918
375.981,5.375,335,0.0693645
375.981,5.5,335,0.071229
375.981,5.625,335,0.0721163
375.981,5.75,335,0.0730037
375.981,5.875,335,0.0738911
375.981,6,335,0.0747785
375.981,6.125,335,0.0756659
375.981,6.25,335,0.0765533
375.981,6.375,335,0.0774406
375.981,6.5,335,0.078328
375.981,6.625,335,0.0792154
375.981,6.75,335,0.0801028
375.981,6.875,335,0.0809902
375.981,7,335,0.0818776
375.981,7.125,335,0.0827649
375.981,7.25,335,0.0836523
375.981,7.375,335,0.0845397
375.981,7.5,335,0.0854271
375.981,7.625,335,0.0863145
375.981,7.75,335,0.0872018
375.981,7.875,335,0.0880892
375.981,8,335,0.0889766
375.981,8.125,335,0.089864
375.981,8.25,335,0.0910088
375.981,8.375,335,0.0925827
375.981,8.5,335,0.0941566
375.981,8.625,335,0.0957305
375.981,8.75,335,0.0973044
375.981,8.875,335,0.0988783
375.981,9,335,0.100452
375.981,9.125,335,0.102026
375.981,9.25,335,0.1036
375.981,9.375,335,0.105174
375.981,9.5,335,0.106748
375.981,9.625,335,0.108322
375.981,9.75,335,0.109896
375.981,9.875,335,0.111469
375.981,10,335,0.113043
375.981,10.125,335,0.114617
375.981,10.25,335,0.116191
375.981,10.375,335,0.117765
375.981,10.5,335,0.119339
375.981,10.625,335,0.120913
375.981,10.75,335,0.122487
375.981,10.875,335,0.124061
375.981,11,335,0.125635
375.981,11.125,335,0.127208
375.981,11.25,335,0.128782
375.981,11.375,335,0.130356
375.981,11.5,335,0.13193
375.981,11.625,335,0.133504
375.981,11.75,335,0.135078
375.981,11.875,335,0.136652
375.981,12,335,0.138226
375.981,12.125,335,0.1398
375.981,12.25,335,0.141374
375.981,12.375,335,0.142947
375.981,12.5,335,0.144521
375.981,12.625,335,0.146095
375.981,12.75,335,0.147669
375.981,12.875,335,0.149243
375.981,13,335,0.150817
375.981,13.125,335,0.152391
375.981,13.25,335,0.153965
375.981,13.375,335,0.155539
375.981,13.5,335,0.157113
375.981,13.625,335,0.158686
375.981,13.75,335,0.160171
375.981,13.875,335,0.161602
375.981,14,335,0.163033
375.981,14.125,335,0.164464
375.981,14.25,335,0.165895
375.981,14.375,335,0.167326
375.981,14.5,335,0.168757
375.981,14.625,335,0.170189
375.981,14.75,335,0.17162
375.981,14.875,335,0.173051
375.981,15,335,0.174482
375.981,15.125,335,0.175913
375.981,15.25,335,0.177344
375.981,15.375,335,0.178775
375.981,15.5,335,0.180206
375.981,15.625,335,0.181637
375.981,15.75,335,0.183068
375.981,15.875,335,0.184499
375.981,16,335,0.18593
375.981,16.125,335,0.187361
375.981,16.25,335,0.188792
375.981,16.375,335,0.190223
375.981,16.5,335,0.191654
375.981,16.625,335,0.193086
375.981,16.75,335,0.194517
375.981,16.875,335,0.195948
375.981,17,335,0.197379
375.981,17.125,335,0.19881
375.981,17.25,335,0.200241
375.981,17.375,335,0.201672
375.981,17.5,335,0.203103
375.981,17.625,335,0.204534
375.981,17.75,335,0.205965
375.981,17.875,335,0.207396
375.981,18,335,0.208827
375.981,18.125,335,0.210258
375.981,18.25,335,0.211689
375.981,18.375,335,0.21312
375.981,18.5,335,0.214552
375.981,18.625,335,0.215983
375.981,18.75,335,0.217414
375.981,18.875,335,0.218845
375.981,19,335,0.220276
375.981,19.125,335,0.221707
375.981,19.25,335,0.223063
375.981,19.375,335,0.224409
375.981,19.5,335,0.225754
375.981,19.625,335,0.2271
375.981,19.75,335,0.228446
375.981,19.875,335,0.229791
375.981,20,335,0.231137
