x,y,z,b
375.981,0,335,0.00784538
375.981,0.125,335,0.00853125
375.981,0.25,335,0.00921713
375.981,0.375,335,0.009903
375.981,0.5,335,0.0105889
375.981,0.625,335,0.0112748
375.981,0.75,335,0.0119606
375.981,0.875,335,0.0126465
375.981,1,335,0.0133324
375.981,1.125,335,0.0140183
375.981,1.25,335,0.0147041
375.981,1.375,335,0.0154329
375.981,1.5,335,0.0168046
375.981,1.625,335,0.0181764
375.981,1.75,335,0.0195481
375.981,1.875,335,0.0209199
375.981,2,335,0.0222916
375.981,2.125,335,0.0236634
375.981,2.25,335,0.0250351
375.981,2.375,335,0.0264069
375.981,2.5,335,0.0277786
375.981,2.625,335,0.0291504
375.981,2.75,335,0.0305221
375.981,2.875,335,0.0318939
375.981,3,335,0.0332656
375.981,3.125,335,0.0346374
375.981,3.25,335,0.0360091
375.981,3.375,335,0.0373809
375.981,3.5,335,0.0387526
375.981,3.625,335,0.0401244
375.981,3.75,335,0.0414961
375.981,3.875,335,0.0428679
375.981,4,335,0.0442396
375.981,4.125,335,0.0456642
375.981,4.25,335,0.0473174
375.981,4.375,335,0.0489706
375.981,4.5,335,0.0506238
375.981,4.625,335,0.0522771
375.981,4.75,335,0.0539303
375.981,4.875,335,0.0555835
375.981,5,335,0.0572368
375.981,5.125,335,0.05889
375.981,5.25,335,0.0605432
375.981,5.375,335,0.0621964
375.981,5.5,335,0.0649377
375.981,5.625,335,0.0664919
375.981,5.75,335,0.0680461
375.981,5.875,335,0.0696002
375.981,6,335,0.0711544
375.981,6.125,335,0.0727086
375.981,6.25,335,0.0742628
375.981,6.375,335,0.075817
375.981,6.5,335,0.0773712
375.981,6.625,335,0.0789254
375.981,6.75,335,0.0804796
375.981,6.875,335,0.0820337
375.981,7,335,0.0835879
375.981,7.125,335,0.0851421
375.981,7.25,335,0.0866963
375.981,7.375,335,0.0882505
375.981,7.5,335,0.0898047
375.981,7.625,335,0.0913589
375.981,7.75,335,0.092913
375.981,7.875,335,0.0944672
375.981,8,335,0.0960214
375.981,8.125,335,0.0975756
375.981,8.25,335,0.0990927
375.981,8.375,335,0.100548
375.981,8.5,335,0.102003
375.981,8.625,335,0.103459
375.981,8.75,335,0.104914
375.981,8.875,335,0.106369
375.981,9,335,0.107825
375.981,9.125,335,0.10928
375.981,9.25,335,0.110735
375.981,9.375,335,0.11219
375.981,9.5,335,0.113646
375.981,9.625,335,0.115101
375.981,9.75,335,0.116556
375.981,9.875,335,0.118012
375.981,10,335,0.119467
375.981,10.125,335,0.120922
375.981,10.25,335,0.122378
375.981,10.375,335,0.123833
375.981,10.5,335,0.125288
375.981,10.625,335,0.126743
375.981,10.75,335,0.128199
375.981,10.875,335,0.129654
375.981,11,335,0.131109
375.981,11.125,335,0.132565
375.981,11.25,335,0.13402
375.981,11.375,335,0.135475
375.981,11.5,335,0.136931
375.981,11.625,335,0.138386
375.981,11.75,335,0.139841
375.981,11.875,335,0.141296
375.981,12,335,0.142752
375.981,12.125,335,0.144207
375.981,12.25,335,0.145662
375.981,12.375,335,0.147118
375.981,12.5,335,0.148573
375.981,12.625,335,0.150028
375.981,12.75,335,0.151484
375.981,12.875,335,0.152939
375.981,13,335,0.154394
375.981,13.125,335,0.155849
375.981,13.25,335,0.157305
375.981,13.375,335,0.15876
375.981,13.5,335,0.160215
375.981,13.625,335,0.161671
375.981,13.75,335,0.162984
375.981,13.875,335,0.164212
375.981,14,335,0.165441
375.981,14.125,335,0.166669
375.981,14.25,335,0.167898
375.981,14.375,335,0.169126
375.981,14.5,335,0.170354
375.981,14.625,335,0.171583
375.981,14.75,335,0.172811
375.981,14.875,335,0.174039
375.981,15,335,0.175268
375.981,15.125,335,0.176496
375.981,15.25,335,0.177724
375.981,15.375,335,0.178953
375.981,15.5,335,0.180181
375.981,15.625,335,0.181409
375.981,15.75,335,0.182638
375.981,15.875,335,0.183866
375.981,16,335,0.185094
375.981,16.125,335,0.186323
375.981,16.25,335,0.187551
375.981,16.375,335,0.188779
375.981,16.5,335,0.190008
375.981,16.625,335,0.191236
375.981,16.75,335,0.192464
375.981,16.875,335,0.193693
375.981,17,335,0.194921
375.981,17.125,335,0.196149
375.981,17.25,335,0.197378
375.981,17.375,335,0.198606
375.981,17.5,335,0.199835
375.981,17.625,335,0.201063
375.981,17.75,335,0.202291
375.981,17.875,335,0.20352
375.981,18,335,0.204748
375.981,18.125,335,0.205976
375.981,18.25,335,0.207205
375.981,18.375,335,0.208433
375.981,18.5,335,0.209661
375.981,18.625,335,0.21089
375.981,18.75,335,0.212118
375.981,18.875,335,0.213346
375.981,19,335,0.214575
375.981,19.125,335,0.215803
375.981,19.25,335,0.217051
375.981,19.375,335,0.218301
375.981,19.5,335,0.219552
375.981,19.625,335,0.220802
375.981,19.75,335,0.222053
375.981,19.875,335,0.223303
375.981,20,335,0.224554
