x,y,z,b
375.981,0,335,0.00746387
375.981,0.125,335,0.0081306
375.981,0.25,335,0.00879733
375.981,0.375,335,0.00946406
375.981,0.5,335,0.0101308
375.981,0.625,335,0.0107975
375.981,0.75,335,0.0114643
375.981,0.875,335,0.012131
375.981,1,335,0.0127977
375.981,1.125,335,0.0134645
375.981,1.25,335,0.0141312
375.981,1.375,335,0.0148396
375.981,1.5,335,0.016173
375.981,1.625,335,0.0175065
375.981,1.75,335,0.01884
375.981,1.875,335,0.0201734
375.981,2,335,0.0215069
375.981,2.125,335,0.0228404
375.981,2.25,335,0.0241738
375.981,2.375,335,0.0255073
375.981,2.5,335,0.0268407
375.981,2.625,335,0.0281742
375.981,2.75,335,0.0295077
375.981,2.875,335,0.0308411
375.981,3,335,0.0321746
375.981,3.125,335,0.0335081
375.981,3.25,335,0.0348415
375.981,3.375,335,0.036175
375.981,3.5,335,0.0375084
375.981,3.625,335,0.0388419
375.981,3.75,335,0.0401754
375.981,3.875,335,0.0415088
375.981,4,335,0.0428423
375.981,4.125,335,0.0441819
375.981,4.25,335,0.0455482
375.981,4.375,335,0.0469146
375.981,4.5,335,0.0482809
375.981,4.625,335,0.0496472
375.981,4.75,335,0.0510135
375.981,4.875,335,0.0523799
375.981,5,335,0.0537462
375.981,5.125,335,0.0551125
375.981,5.25,335,0.0564788
375.981,5.375,335,0.0578452
375.981,5.5,335,0.0592205
375.981,5.625,335,0.0605867
375.981,5.75,335,0.0619528
375.981,5.875,335,0.063319
375.981,6,335,0.0646851
375.981,6.125,335,0.0660513
375.981,6.25,335,0.0674174
375.981,6.375,335,0.0687836
375.981,6.5,335,0.0701497
375.981,6.625,335,0.0715159
375.981,6.75,335,0.0728821
375.981,6.875,335,0.0742482
375.981,7,335,0.0756144
375.981,7.125,335,0.0769805
375.981,7.25,335,0.0783467
375.981,7.375,335,0.0797128
375.981,7.5,335,0.081079
375.981,7.625,335,0.0824451
375.981,7.75,335,0.0838113
375.981,7.875,335,0.0851774
375.981,8,335,0.0865436
375.981,8.125,335,0.0879097
375.981,8.25,335,0.0893036
375.981,8.375,335,0.0907438
375.981,8.5,335,0.0921839
375.981,8.625,335,0.0936241
375.981,8.75,335,0.0950642
375.981,8.875,335,0.0965043
375.981,9,335,0.0979445
375.981,9.125,335,0.0993846
375.981,9.25,335,0.100825
375.981,9.375,335,0.102265
375.981,9.5,335,0.103705
375.981,9.625,335,0.105145
375.981,9.75,335,0.106585
375.981,9.875,335,0.108025
375.981,10,335,0.109466
375.981,10.125,335,0.110906
375.981,10.25,335,0.112346
375.981,10.375,335,0.113786
375.981,10.5,335,0.115226
375.981,10.625,335,0.116666
375.981,10.75,335,0.118106
375.981,10.875,335,0.119547
375.981,11,335,0.121267
375.981,11.125,335,0.122687
375.981,11.25,335,0.124107
375.981,11.375,335,0.125526
375.981,11.5,335,0.126946
375.981,11.625,335,0.128366
375.981,11.75,335,0.129785
375.981,11.875,335,0.131205
375.981,12,335,0.132624
375.981,12.125,335,0.134044
375.981,12.25,335,0.135464
375.981,12.375,335,0.136883
375.981,12.5,335,0.138303
375.981,12.625,335,0.139723
375.981,12.75,335,0.141142
375.981,12.875,335,0.142562
375.981,13,335,0.143981
375.981,13.125,335,0.145401
375.981,13.25,335,0.146821
375.981,13.375,335,0.14824
375.981,13.5,335,0.14966
375.981,13.625,335,0.151079
375.981,13.75,335,0.152499
375.981,13.875,335,0.153919
375.981,14,335,0.155338
375.981,14.125,335,0.156758
375.981,14.25,335,0.158178
375.981,14.375,335,0.159597
375.981,14.5,335,0.161017
375.981,14.625,335,0.162436
375.981,14.75,335,0.163856
375.981,14.875,335,0.165276
375.981,15,335,0.166695
375.981,15.125,335,0.168115
375.981,15.25,335,0.169535
375.981,15.375,335,0.170954
375.981,15.5,335,0.172374
375.981,15.625,335,0.173793
375.981,15.75,335,0.175213
375.981,15.875,335,0.176633
375.981,16,335,0.178052
375.981,16.125,335,0.179472
375.981,16.25,335,0.180892
375.981,16.375,335,0.182311
375.981,16.5,335,0.183662
375.981,16.625,335,0.18499
375.981,16.75,335,0.186317
375.981,16.875,335,0.187645
375.981,17,335,0.188973
375.981,17.125,335,0.190301
375.981,17.25,335,0.191628
375.981,17.375,335,0.192956
375.981,17.5,335,0.194284
375.981,17.625,335,0.195611
375.981,17.75,335,0.196939
375.981,17.875,335,0.198267
375.981,18,335,0.199595
375.981,18.125,335,0.200922
375.981,18.25,335,0.20225
375.981,18.375,335,0.203578
375.981,18.5,335,0.204906
375.981,18.625,335,0.206233
375.981,18.75,335,0.207561
375.981,18.875,335,0.208889
375.981,19,335,0.210217
375.981,19.125,335,0.211544
375.981,19.25,335,0.212872
375.981,19.375,335,0.2142
375.981,19.5,335,0.215527
375.981,19.625,335,0.216855
375.981,19.75,335,0.218183
375.981,19.875,335,0.219511
375.981,20,335,0.220838
