x,y,z,b
375.981,0,335,0.0161117
375.981,0.125,335,0.0168892
375.981,0.25,335,0.0176667
375.981,0.375,335,0.0184442
375.981,0.5,335,0.0192217
375.981,0.625,335,0.0199992
375.981,0.75,335,0.0211898
375.981,0.875,335,0.0227448
375.981,1,335,0.0242998
375.981,1.125,335,0.0258548
375.981,1.25,335,0.0274098
375.981,1.375,335,0.0289648
375.981,1.5,335,0.0305198
375.981,1.625,335,0.0320748
375.981,1.75,335,0.0336298
375.981,1.875,335,0.0351848
375.981,2,335,0.0367398
375.981,2.125,335,0.0379549
375.981,2.25,335,0.0389374
375.981,2.375,335,0.0399199
375.981,2.5,335,0.0409024
375.981,2.625,335,0.0418849
375.981,2.75,335,0.0418753
375.981,2.875,335,0.0430513
375.981,3,335,0.0442272
375.981,3.125,335,0.0454032
375.981,3.25,335,0.0465792
375.981,3.375,335,0.0477551
375.981,3.5,335,0.0489311
375.981,3.625,335,0.0501071
375.981,3.75,335,0.051283
375.981,3.875,335,0.052459
375.981,4,335,0.053635
375.981,4.125,335,0.0547993
375.981,4.25,335,0.0559132
375.981,4.375,335,0.057027
375.981,4.5,335,0.0581408
375.981,4.625,335,0.0592547
375.981,4.75,335,0.0603685
375.981,4.875,335,0.0614824
375.981,5,335,0.0625962
375.981,5.125,335,0.06371
375.981,5.25,335,0.0648239
375.981,5.375,335,0.0659377
375.981,5.5,335,0.0667613
375.981,5.625,335,0.0679012
375.981,5.75,335,0.0690411
375.981,5.875,335,0.070181
375.981,6,335,0.0713208
375.981,6.125,335,0.0724607
375.981,6.25,335,0.0736006
375.981,6.375,335,0.0747405
375.981,6.5,335,0.0758803
375.981,6.625,335,0.0770202
375.981,6.75,335,0.0781601
375.981,6.875,335,0.0793
375.981,7,335,0.0804399
375.981,7.125,335,0.0815797
375.981,7.25,335,0.0827196
375.981,7.375,335,0.0838595
375.981,7.5,335,0.0849994
375.981,7.625,335,0.0861393
375.981,7.75,335,0.0872791
375.981,7.875,335,0.088419
375.981,8,335,0.0895589
375.981,8.125,335,0.0906988
375.981,8.25,335,0.0919942
375.981,8.375,335,0.093549
375.981,8.5,335,0.0951038
375.981,8.625,335,0.0966586
375.981,8.75,335,0.0982134
375.981,8.875,335,0.0997682
375.981,9,335,0.101323
375.981,9.125,335,0.102878
375.981,9.25,335,0.104433
375.981,9.375,335,0.105987
375.981,9.5,335,0.107542
375.981,9.625,335,0.109097
375.981,9.75,335,0.110652
375.981,9.875,335,0.112207
375.981,10,335,0.113761
375.981,10.125,335,0.115316
375.981,10.25,335,0.116871
375.981,10.375,335,0.118426
375.981,10.5,335,0.119981
375.981,10.625,335,0.121535
375.981,10.75,335,0.12309
375.981,10.875,335,0.124645
375.981,11,335,0.129335
375.981,11.125,335,0.13074
375.981,11.25,335,0.132145
375.981,11.375,335,0.133551
375.981,11.5,335,0.134956
375.981,11.625,335,0.136362
375.981,11.75,335,0.137767
375.981,11.875,335,0.139172
375.981,12,335,0.140578
375.981,12.125,335,0.141983
375.981,12.25,335,0.143388
375.981,12.375,335,0.144794
375.981,12.5,335,0.146199
375.981,12.625,335,0.147604
375.981,12.75,335,0.14901
375.981,12.875,335,0.150415
375.981,13,335,0.151821
375.981,13.125,335,0.153226
375.981,13.25,335,0.154631
375.981,13.375,335,0.156037
375.981,13.5,335,0.157442
375.981,13.625,335,0.158847
375.981,13.75,335,0.160253
375.981,13.875,335,0.161658
375.981,14,335,0.163064
375.981,14.125,335,0.164469
375.981,14.25,335,0.165874
375.981,14.375,335,0.16728
375.981,14.5,335,0.168685
375.981,14.625,335,0.17009
375.981,14.75,335,0.171496
375.981,14.875,335,0.172901
375.981,15,335,0.174306
375.981,15.125,335,0.175712
375.981,15.25,335,0.177117
375.981,15.375,335,0.178523
375.981,15.5,335,0.179928
375.981,15.625,335,0.181333
375.981,15.75,335,0.182739
375.981,15.875,335,0.184144
375.981,16,335,0.185549
375.981,16.125,335,0.186955
375.981,16.25,335,0.18836
375.981,16.375,335,0.189765
375.981,16.5,335,0.19118
375.981,16.625,335,0.192597
375.981,16.75,335,0.194015
375.981,16.875,335,0.195432
375.981,17,335,0.19685
375.981,17.125,335,0.198267
375.981,17.25,335,0.199684
375.981,17.375,335,0.201102
375.981,17.5,335,0.202519
375.981,17.625,335,0.203937
375.981,17.75,335,0.205354
375.981,17.875,335,0.206771
375.981,18,335,0.208189
375.981,18.125,335,0.209606
375.981,18.25,335,0.211024
375.981,18.375,335,0.212441
375.981,18.5,335,0.213858
375.981,18.625,335,0.215276
375.981,18.75,335,0.216693
375.981,18.875,335,0.218111
375.981,19,335,0.219528
375.981,19.125,335,0.220945
375.981,19.25,335,0.222363
375.981,19.375,335,0.22378
375.981,19.5,335,0.225198
375.981,19.625,335,0.226615
375.981,19.75,335,0.228033
375.981,19.875,335,0.22945
375.981,20,335,0.230867
