x,y,z,b
375.981,0,335,0.0354982
375.981,0.125,335,0.0359589
375.981,0.25,335,0.0364197
375.981,0.375,335,0.0368804
375.981,0.5,335,0.0373412
375.981,0.625,335,0.0378019
375.981,0.75,335,0.0382627
375.981,0.875,335,0.0387235
375.981,1,335,0.0391842
375.981,1.125,335,0.039645
375.981,1.25,335,0.0401057
375.981,1.375,335,0.0405665
375.981,1.5,335,0.0410273
375.981,1.625,335,0.041488
375.981,1.75,335,0.0419488
375.981,1.875,335,0.0424095
375.981,2,335,0.0428703
375.981,2.125,335,0.0433311
375.981,2.25,335,0.0437918
375.981,2.375,335,0.0442526
375.981,2.5,335,0.0447133
375.981,2.625,335,0.0451741
375.981,2.75,335,0.0456925
375.981,2.875,335,0.046614
375.981,3,335,0.0475355
375.981,3.125,335,0.048457
375.981,3.25,335,0.0493785
375.981,3.375,335,0.0503
375.981,3.5,335,0.0512216
375.981,3.625,335,0.0521431
375.981,3.75,335,0.0530646
375.981,3.875,335,0.0539861
375.981,4,335,0.0549076
375.981,4.125,335,0.0558292
375.981,4.25,335,0.0567507
375.981,4.375,335,0.0576722
375.981,4.5,335,0.0585937
375.981,4.625,335,0.0595152
375.981,4.75,335,0.0604367
375.981,4.875,335,0.0613583
375.981,5,335,0.0622798
375.981,5.125,335,0.0632013
375.981,5.25,335,0.0641228
375.981,5.375,335,0.0650443
375.981,5.5,335,0.0659659
375.981,5.625,335,0.0668874
375.981,5.75,335,0.0678089
375.981,5.875,335,0.0687304
375.981,6,335,0.0696519
375.981,6.125,335,0.0705735
375.981,6.25,335,0.071495
375.981,6.375,335,0.0724165
375.981,6.5,335,0.073338
375.981,6.625,335,0.0742595
375.981,6.75,335,0.075181
375.981,6.875,335,0.0761026
375.981,7,335,0.0770241
375.981,7.125,335,0.0779456
375.981,7.25,335,0.0788671
375.981,7.375,335,0.0797886
375.981,7.5,335,0.0807102
375.981,7.625,335,0.0816317
375.981,7.75,335,0.0825532
375.981,7.875,335,0.0834747
375.981,8,335,0.0843962
375.981,8.125,335,0.0853177
375.981,8.25,335,0.0864349
375.981,8.375,335,0.0878781
375.981,8.5,335,0.0893214
375.981,8.625,335,0.0907646
375.981,8.75,335,0.0922078
375.981,8.875,335,0.0936511
375.981,9,335,0.0950943
375.981,9.125,335,0.0965375
375.981,9.25,335,0.0979807
375.981,9.375,335,0.099424
375.981,9.5,335,0.100867
375.981,9.625,335,0.10231
375.981,9.75,335,0.103754
375.981,9.875,335,0.105197
375.981,10,335,0.10664
375.981,10.125,335,0.108083
375.981,10.25,335,0.109527
375.981,10.375,335,0.11097
375.981,10.5,335,0.112413
375.981,10.625,335,0.113856
375.981,10.75,335,0.115299
375.981,10.875,335,0.116743
375.981,11,335,0.122396
375.981,11.125,335,0.123629
375.981,11.25,335,0.124861
375.981,11.375,335,0.126094
375.981,11.5,335,0.127327
375.981,11.625,335,0.128559
375.981,11.75,335,0.129792
375.981,11.875,335,0.131024
375.981,12,335,0.132257
375.981,12.125,335,0.133489
375.981,12.25,335,0.134722
375.981,12.375,335,0.135954
375.981,12.5,335,0.137187
375.981,12.625,335,0.13842
375.981,12.75,335,0.139652
375.981,12.875,335,0.140885
375.981,13,335,0.142117
375.981,13.125,335,0.14335
375.981,13.25,335,0.144582
375.981,13.375,335,0.145815
375.981,13.5,335,0.147047
375.981,13.625,335,0.14828
375.981,13.75,335,0.149513
375.981,13.875,335,0.150745
375.981,14,335,0.151978
375.981,14.125,335,0.15321
375.981,14.25,335,0.154443
375.981,14.375,335,0.155675
375.981,14.5,335,0.156908
375.981,14.625,335,0.158141
375.981,14.75,335,0.159373
375.981,14.875,335,0.160606
375.981,15,335,0.161838
375.981,15.125,335,0.163071
375.981,15.25,335,0.164303
375.981,15.375,335,0.165536
375.981,15.5,335,0.166768
375.981,15.625,335,0.168001
375.981,15.75,335,0.169234
375.981,15.875,335,0.170466
375.981,16,335,0.171699
375.981,16.125,335,0.172931
375.981,16.25,335,0.174164
375.981,16.375,335,0.175396
375.981,16.5,335,0.176755
375.981,16.625,335,0.178155
375.981,16.75,335,0.179555
375.981,16.875,335,0.180955
375.981,17,335,0.182355
375.981,17.125,335,0.183756
375.981,17.25,335,0.185156
375.981,17.375,335,0.186556
375.981,17.5,335,0.187956
375.981,17.625,335,0.189356
375.981,17.75,335,0.190757
375.981,17.875,335,0.192157
375.981,18,335,0.193557
375.981,18.125,335,0.194957
375.981,18.25,335,0.196357
375.981,18.375,335,0.197758
375.981,18.5,335,0.199158
375.981,18.625,335,0.200558
375.981,18.75,335,0.201958
375.981,18.875,335,0.203358
375.981,19,335,0.204759
375.981,19.125,335,0.206159
375.981,19.25,335,0.207559
375.981,19.375,335,0.208959
375.981,19.5,335,0.210359
375.981,19.625,335,0.21176
375.981,19.75,335,0.21316
375.981,19.875,335,0.21456
375.981,20,335,0.21596
