x,y,z,b
375.981,0,335,0.0169241
375.981,0.125,335,0.0173961
375.981,0.25,335,0.0178682
375.981,0.375,335,0.0183402
375.981,0.5,335,0.0188123
375.981,0.625,335,0.0192843
375.981,0.75,335,0.0200071
375.981,0.875,335,0.0209512
375.981,1,335,0.0218953
375.981,1.125,335,0.0228394
375.981,1.25,335,0.0237835
375.981,1.375,335,0.0247276
375.981,1.5,335,0.0256717
375.981,1.625,335,0.0266158
375.981,1.75,335,0.0275599
375.981,1.875,335,0.0285039
375.981,2,335,0.029448
375.981,2.125,335,0.0306572
375.981,2.25,335,0.0320477
375.981,2.375,335,0.0334382
375.981,2.5,335,0.0348287
375.981,2.625,335,0.0362192
375.981,2.75,335,0.0381624
375.981,2.875,335,0.039381
375.981,3,335,0.0405995
375.981,3.125,335,0.0418181
375.981,3.25,335,0.0430366
375.981,3.375,335,0.0442552
375.981,3.5,335,0.0454737
375.981,3.625,335,0.0466923
375.981,3.75,335,0.0479108
375.981,3.875,335,0.0491294
375.981,4,335,0.0503479
375.981,4.125,335,0.0516811
375.981,4.25,335,0.0535113
375.981,4.375,335,0.0553415
375.981,4.5,335,0.0571717
375.981,4.625,335,0.0590018
375.981,4.75,335,0.060832
375.981,4.875,335,0.0626622
375.981,5,335,0.0644923
375.981,5.125,335,0.0663225
375.981,5.25,335,0.0681527
375.981,5.375,335,0.0699829
375.981,5.5,335,0.0742501
375.981,5.625,335,0.0758545
375.981,5.75,335,0.0774589
375.981,5.875,335,0.0790634
375.981,6,335,0.0806678
375.981,6.125,335,0.0822722
375.981,6.25,335,0.0838766
375.981,6.375,335,0.085481
375.981,6.5,335,0.0870854
375.981,6.625,335,0.0886898
375.981,6.75,335,0.0902942
375.981,6.875,335,0.0918986
375.981,7,335,0.093503
375.981,7.125,335,0.0951074
375.981,7.25,335,0.0967118
375.981,7.375,335,0.0983162
375.981,7.5,335,0.0999206
375.981,7.625,335,0.101525
375.981,7.75,335,0.103129
375.981,7.875,335,0.104734
375.981,8,335,0.106338
375.981,8.125,335,0.107943
375.981,8.25,335,0.109579
375.981,8.375,335,0.111267
375.981,8.5,335,0.112956
375.981,8.625,335,0.114644
375.981,8.75,335,0.116333
375.981,8.875,335,0.118021
375.981,9,335,0.119709
375.981,9.125,335,0.121398
375.981,9.25,335,0.123086
375.981,9.375,335,0.124775
375.981,9.5,335,0.126463
375.981,9.625,335,0.128152
375.981,9.75,335,0.12984
375.981,9.875,335,0.131529
375.981,10,335,0.133217
375.981,10.125,335,0.134906
375.981,10.25,335,0.136594
375.981,10.375,335,0.138283
375.981,10.5,335,0.139971
375.981,10.625,335,0.14166
375.981,10.75,335,0.143348
375.981,10.875,335,0.145037
375.981,11,335,0.146725
375.981,11.125,335,0.148414
375.981,11.25,335,0.150102
375.981,11.375,335,0.151791
375.981,11.5,335,0.153479
375.981,11.625,335,0.155168
375.981,11.75,335,0.156856
375.981,11.875,335,0.158545
375.981,12,335,0.160233
375.981,12.125,335,0.161922
375.981,12.25,335,0.16361
375.981,12.375,335,0.165299
375.981,12.5,335,0.166987
375.981,12.625,335,0.168676
375.981,12.75,335,0.170364
375.981,12.875,335,0.172053
375.981,13,335,0.173741
375.981,13.125,335,0.17543
375.981,13.25,335,0.177118
375.981,13.375,335,0.178807
375.981,13.5,335,0.180495
375.981,13.625,335,0.182184
375.981,13.75,335,0.183616
375.981,13.875,335,0.184895
375.981,14,335,0.186174
375.981,14.125,335,0.187453
375.981,14.25,335,0.188731
375.981,14.375,335,0.19001
375.981,14.5,335,0.191289
375.981,14.625,335,0.192568
375.981,14.75,335,0.193847
375.981,14.875,335,0.195126
375.981,15,335,0.196404
375.981,15.125,335,0.197683
375.981,15.25,335,0.198962
375.981,15.375,335,0.200241
375.981,15.5,335,0.20152
375.981,15.625,335,0.202799
375.981,15.75,335,0.204077
375.981,15.875,335,0.205356
375.981,16,335,0.206635
375.981,16.125,335,0.207914
375.981,16.25,335,0.209193
375.981,16.375,335,0.210472
375.981,16.5,335,0.21175
375.981,16.625,335,0.213029
375.981,16.75,335,0.214308
375.981,16.875,335,0.215587
375.981,17,335,0.216866
375.981,17.125,335,0.218145
375.981,17.25,335,0.219423
375.981,17.375,335,0.220702
375.981,17.5,335,0.221981
375.981,17.625,335,0.22326
375.981,17.75,335,0.224539
375.981,17.875,335,0.225818
375.981,18,335,0.227096
375.981,18.125,335,0.228375
375.981,18.25,335,0.229654
375.981,18.375,335,0.230933
375.981,18.5,335,0.232212
375.981,18.625,335,0.233491
375.981,18.75,335,0.234769
375.981,18.875,335,0.236048
375.981,19,335,0.237327
375.981,19.125,335,0.238606
375.981,19.25,335,0.23973
375.981,19.375,335,0.240832
375.981,19.5,335,0.241933
375.981,19.625,335,0.243035
375.981,19.75,335,0.244137
375.981,19.875,335,0.245239
375.981,20,335,0.246341
