x,y,z,b
375.981,0,335,0.00773453
375.981,0.125,335,0.00839553
375.981,0.25,335,0.00905652
375.981,0.375,335,0.00971752
375.981,0.5,335,0.0103785
375.981,0.625,335,0.0110395
375.981,0.75,335,0.0117005
375.981,0.875,335,0.0123615
375.981,1,335,0.0130225
375.981,1.125,335,0.0136835
375.981,1.25,335,0.0143445
375.981,1.375,335,0.0150468
375.981,1.5,335,0.0163688
375.981,1.625,335,0.0176908
375.981,1.75,335,0.0190128
375.981,1.875,335,0.0203348
375.981,2,335,0.0216568
375.981,2.125,335,0.0229788
375.981,2.25,335,0.0243008
375.981,2.375,335,0.0256228
375.981,2.5,335,0.0269448
375.981,2.625,335,0.0282668
375.981,2.75,335,0.0295888
375.981,2.875,335,0.0309108
375.981,3,335,0.0322328
375.981,3.125,335,0.0335548
375.981,3.25,335,0.0348768
375.981,3.375,335,0.0361988
375.981,3.5,335,0.0375208
375.981,3.625,335,0.0388428
375.981,3.75,335,0.0401648
375.981,3.875,335,0.0414868
375.981,4,335,0.0428088
375.981,4.125,335,0.0441956
375.981,4.25,335,0.0458628
375.981,4.375,335,0.0475301
375.981,4.5,335,0.0491974
375.981,4.625,335,0.0508646
375.981,4.75,335,0.0525319
375.981,4.875,335,0.0541992
375.981,5,335,0.0558665
375.981,5.125,335,0.0575337
375.981,5.25,335,0.059201
375.981,5.375,335,0.0608683
375.981,5.5,335,0.0638464
375.981,5.625,335,0.0653889
375.981,5.75,335,0.0669313
375.981,5.875,335,0.0684738
375.981,6,335,0.0700163
375.981,6.125,335,0.0715587
375.981,6.25,335,0.0731012
375.981,6.375,335,0.0746437
375.981,6.5,335,0.0761861
375.981,6.625,335,0.0777286
375.981,6.75,335,0.0792711
375.981,6.875,335,0.0808135
375.981,7,335,0.082356
375.981,7.125,335,0.0838985
375.981,7.25,335,0.0854409
375.981,7.375,335,0.0869834
375.981,7.5,335,0.0885259
375.981,7.625,335,0.0900683
375.981,7.75,335,0.0916108
375.981,7.875,335,0.0931533
375.981,8,335,0.0946957
375.981,8.125,335,0.0962382
375.981,8.25,335,0.0977502
375.981,8.375,335,0.0992115
375.981,8.5,335,0.100673
375.981,8.625,335,0.102134
375.981,8.75,335,0.103595
375.981,8.875,335,0.105057
375.981,9,335,0.106518
375.981,9.125,335,0.107979
375.981,9.25,335,0.109441
375.981,9.375,335,0.110902
375.981,9.5,335,0.112363
375.981,9.625,335,0.113825
375.981,9.75,335,0.115286
375.981,9.875,335,0.116747
375.981,10,335,0.118209
375.981,10.125,335,0.11967
375.981,10.25,335,0.121131
375.981,10.375,335,0.122593
375.981,10.5,335,0.124054
375.981,10.625,335,0.125515
375.981,10.75,335,0.126976
375.981,10.875,335,0.128438
375.981,11,335,0.129618
375.981,11.125,335,0.131086
375.981,11.25,335,0.132554
375.981,11.375,335,0.134022
375.981,11.5,335,0.13549
375.981,11.625,335,0.136957
375.981,11.75,335,0.138425
375.981,11.875,335,0.139893
375.981,12,335,0.141361
375.981,12.125,335,0.142829
375.981,12.25,335,0.144297
375.981,12.375,335,0.145765
375.981,12.5,335,0.147233
375.981,12.625,335,0.148701
375.981,12.75,335,0.150169
375.981,12.875,335,0.151637
375.981,13,335,0.153105
375.981,13.125,335,0.154573
375.981,13.25,335,0.156041
375.981,13.375,335,0.157508
375.981,13.5,335,0.158976
375.981,13.625,335,0.160444
375.981,13.75,335,0.161912
375.981,13.875,335,0.16338
375.981,14,335,0.164848
375.981,14.125,335,0.166316
375.981,14.25,335,0.167784
375.981,14.375,335,0.169252
375.981,14.5,335,0.17072
375.981,14.625,335,0.172188
375.981,14.75,335,0.173656
375.981,14.875,335,0.175124
375.981,15,335,0.176591
375.981,15.125,335,0.178059
375.981,15.25,335,0.179527
375.981,15.375,335,0.180995
375.981,15.5,335,0.182463
375.981,15.625,335,0.183931
375.981,15.75,335,0.185399
375.981,15.875,335,0.186867
375.981,16,335,0.188335
375.981,16.125,335,0.189803
375.981,16.25,335,0.191271
375.981,16.375,335,0.192739
375.981,16.5,335,0.194052
375.981,16.625,335,0.195313
375.981,16.75,335,0.196575
375.981,16.875,335,0.197837
375.981,17,335,0.199098
375.981,17.125,335,0.20036
375.981,17.25,335,0.201621
375.981,17.375,335,0.202883
375.981,17.5,335,0.204145
375.981,17.625,335,0.205406
375.981,17.75,335,0.206668
375.981,17.875,335,0.207929
375.981,18,335,0.209191
375.981,18.125,335,0.210452
375.981,18.25,335,0.211714
375.981,18.375,335,0.212976
375.981,18.5,335,0.214237
375.981,18.625,335,0.215499
375.981,18.75,335,0.21676
375.981,18.875,335,0.218022
375.981,19,335,0.219284
375.981,19.125,335,0.220545
375.981,19.25,335,0.221807
375.981,19.375,335,0.223068
375.981,19.5,335,0.22433
375.981,19.625,335,0.225592
375.981,19.75,335,0.226853
375.981,19.875,335,0.228115
375.981,20,335,0.229376
