x,y,z,b
375.981,0,335,0.028952
375.981,0.125,335,0.0308028
375.981,0.25,335,0.0326536
375.981,0.375,335,0.0345044
375.981,0.5,335,0.0363551
375.981,0.625,335,0.0382059
375.981,0.75,335,0.0410399
375.981,0.875,335,0.0447415
375.981,1,335,0.0484431
375.981,1.125,335,0.0521446
375.981,1.25,335,0.0558462
375.981,1.375,335,0.0595477
375.981,1.5,335,0.0632493
375.981,1.625,335,0.0669508
375.981,1.75,335,0.0706524
375.981,1.875,335,0.074354
375.981,2,335,0.0780555
375.981,2.125,335,0.0804004
375.981,2.25,335,0.081817
375.981,2.375,335,0.0832336
375.981,2.5,335,0.0846502
375.981,2.625,335,0.0860668
375.981,2.75,335,0.0874834
375.981,2.875,335,0.0889
375.981,3,335,0.0903166
375.981,3.125,335,0.0917332
375.981,3.25,335,0.0931498
375.981,3.375,335,0.0945664
375.981,3.5,335,0.0952165
375.981,3.625,335,0.0954649
375.981,3.75,335,0.0957134
375.981,3.875,335,0.0959618
375.981,4,335,0.0962103
375.981,4.125,335,0.0964588
375.981,4.25,335,0.0967072
375.981,4.375,335,0.0969557
375.981,4.5,335,0.0972042
375.981,4.625,335,0.0974526
375.981,4.75,335,0.0977011
375.981,4.875,335,0.097209
375.981,5,335,0.0964271
375.981,5.125,335,0.0956453
375.981,5.25,335,0.0948634
375.981,5.375,335,0.0940815
375.981,5.5,335,0.0932997
375.981,5.625,335,0.0925178
375.981,5.75,335,0.0917359
375.981,5.875,335,0.0909541
375.981,6,335,0.0901722
375.981,6.125,335,0.0893903
375.981,6.25,335,0.0903781
375.981,6.375,335,0.0918613
375.981,6.5,335,0.0933446
375.981,6.625,335,0.0948278
375.981,6.75,335,0.0963111
375.981,6.875,335,0.0977944
375.981,7,335,0.0992776
375.981,7.125,335,0.100761
375.981,7.25,335,0.102244
375.981,7.375,335,0.103727
375.981,7.5,335,0.105211
375.981,7.625,335,0.107113
375.981,7.75,335,0.109093
375.981,7.875,335,0.111073
375.981,8,335,0.113053
375.981,8.125,335,0.115033
375.981,8.25,335,0.117014
375.981,8.375,335,0.118994
375.981,8.5,335,0.120974
375.981,8.625,335,0.122954
375.981,8.75,335,0.124934
375.981,8.875,335,0.126914
375.981,9,335,0.127496
375.981,9.125,335,0.127933
375.981,9.25,335,0.12837
375.981,9.375,335,0.128807
375.981,9.5,335,0.129244
375.981,9.625,335,0.129681
375.981,9.75,335,0.130118
375.981,9.875,335,0.130555
375.981,10,335,0.130992
375.981,10.125,335,0.131429
375.981,10.25,335,0.131866
375.981,10.375,335,0.132104
375.981,10.5,335,0.132336
375.981,10.625,335,0.132567
375.981,10.75,335,0.132799
375.981,10.875,335,0.13303
375.981,11,335,0.133262
375.981,11.125,335,0.133494
375.981,11.25,335,0.133725
375.981,11.375,335,0.133957
375.981,11.5,335,0.134189
375.981,11.625,335,0.134423
375.981,11.75,335,0.134753
375.981,11.875,335,0.135082
375.981,12,335,0.135412
375.981,12.125,335,0.135742
375.981,12.25,335,0.136071
375.981,12.375,335,0.136401
375.981,12.5,335,0.13673
375.981,12.625,335,0.13706
375.981,12.75,335,0.137389
375.981,12.875,335,0.137719
375.981,13,335,0.138101
375.981,13.125,335,0.138987
375.981,13.25,335,0.139874
375.981,13.375,335,0.14076
375.981,13.5,335,0.141647
375.981,13.625,335,0.142533
375.981,13.75,335,0.14342
375.981,13.875,335,0.144306
375.981,14,335,0.145193
375.981,14.125,335,0.146079
375.981,14.25,335,0.146966
375.981,14.375,335,0.147973
375.981,14.5,335,0.14963
375.981,14.625,335,0.151288
375.981,14.75,335,0.152946
375.981,14.875,335,0.154603
375.981,15,335,0.156261
375.981,15.125,335,0.157919
375.981,15.25,335,0.159577
375.981,15.375,335,0.161234
375.981,15.5,335,0.162892
375.981,15.625,335,0.16455
375.981,15.75,335,0.166215
375.981,15.875,335,0.16791
375.981,16,335,0.169605
375.981,16.125,335,0.1713
375.981,16.25,335,0.172994
375.981,16.375,335,0.174689
375.981,16.5,335,0.176245
375.981,16.625,335,0.177909
375.981,16.75,335,0.179573
375.981,16.875,335,0.181237
375.981,17,335,0.182901
375.981,17.125,335,0.184565
375.981,17.25,335,0.186229
375.981,17.375,335,0.187894
375.981,17.5,335,0.189558
375.981,17.625,335,0.191222
375.981,17.75,335,0.192886
375.981,17.875,335,0.194312
375.981,18,335,0.195684
375.981,18.125,335,0.197055
375.981,18.25,335,0.198427
375.981,18.375,335,0.199799
375.981,18.5,335,0.20117
375.981,18.625,335,0.202542
375.981,18.75,335,0.203913
375.981,18.875,335,0.205285
375.981,19,335,0.206656
375.981,19.125,335,0.208028
375.981,19.25,335,0.2094
375.981,19.375,335,0.210771
375.981,19.5,335,0.212143
375.981,19.625,335,0.213514
375.981,19.75,335,0.214886
375.981,19.875,335,0.216258
375.981,20,335,0.217629
