x,y,z,b
375.981,0,335,0.0184372
375.981,0.125,335,0.0191339
375.981,0.25,335,0.0198305
375.981,0.375,335,0.0205272
375.981,0.5,335,0.0212239
375.981,0.625,335,0.0219205
375.981,0.75,335,0.0229873
375.981,0.875,335,0.0243807
375.981,1,335,0.025774
375.981,1.125,335,0.0271673
375.981,1.25,335,0.0285607
375.981,1.375,335,0.029954
375.981,1.5,335,0.0313473
375.981,1.625,335,0.0327407
375.981,1.75,335,0.034134
375.981,1.875,335,0.0355273
375.981,2,335,0.0369207
375.981,2.125,335,0.0383113
375.981,2.25,335,0.0397002
375.981,2.375,335,0.0410891
375.981,2.5,335,0.0424779
375.981,2.625,335,0.0438668
375.981,2.75,335,0.0451772
375.981,2.875,335,0.0465626
375.981,3,335,0.0479479
375.981,3.125,335,0.0493333
375.981,3.25,335,0.0507187
375.981,3.375,335,0.052104
375.981,3.5,335,0.0534894
375.981,3.625,335,0.0548748
375.981,3.75,335,0.0562602
375.981,3.875,335,0.0576455
375.981,4,335,0.0590309
375.981,4.125,335,0.0603684
375.981,4.25,335,0.0614984
375.981,4.375,335,0.0626284
375.981,4.5,335,0.0637584
375.981,4.625,335,0.0648884
375.981,4.75,335,0.0660184
375.981,4.875,335,0.0671484
375.981,5,335,0.0682784
375.981,5.125,335,0.0694084
375.981,5.25,335,0.0705384
375.981,5.375,335,0.0716684
375.981,5.5,335,0.0718842
375.981,5.625,335,0.0730984
375.981,5.75,335,0.0743127
375.981,5.875,335,0.0755269
375.981,6,335,0.0767411
375.981,6.125,335,0.0779553
375.981,6.25,335,0.0791695
375.981,6.375,335,0.0803837
375.981,6.5,335,0.0815979
375.981,6.625,335,0.0828121
375.981,6.75,335,0.0840263
375.981,6.875,335,0.0852406
375.981,7,335,0.0864548
375.981,7.125,335,0.087669
375.981,7.25,335,0.0888832
375.981,7.375,335,0.0900974
375.981,7.5,335,0.0913116
375.981,7.625,335,0.0925258
375.981,7.75,335,0.09374
375.981,7.875,335,0.0949542
375.981,8,335,0.0961684
375.981,8.125,335,0.0973827
375.981,8.25,335,0.0986706
375.981,8.375,335,0.100081
375.981,8.5,335,0.101492
375.981,8.625,335,0.102903
375.981,8.75,335,0.104313
375.981,8.875,335,0.105724
375.981,9,335,0.107135
375.981,9.125,335,0.108546
375.981,9.25,335,0.109956
375.981,9.375,335,0.111367
375.981,9.5,335,0.112778
375.981,9.625,335,0.114188
375.981,9.75,335,0.115599
375.981,9.875,335,0.11701
375.981,10,335,0.118421
375.981,10.125,335,0.119831
375.981,10.25,335,0.121242
375.981,10.375,335,0.122653
375.981,10.5,335,0.124063
375.981,10.625,335,0.125474
375.981,10.75,335,0.126885
375.981,10.875,335,0.128296
375.981,11,335,0.131602
375.981,11.125,335,0.132927
375.981,11.25,335,0.134253
375.981,11.375,335,0.135579
375.981,11.5,335,0.136904
375.981,11.625,335,0.13823
375.981,11.75,335,0.139556
375.981,11.875,335,0.140882
375.981,12,335,0.142207
375.981,12.125,335,0.143533
375.981,12.25,335,0.144859
375.981,12.375,335,0.146184
375.981,12.5,335,0.14751
375.981,12.625,335,0.148836
375.981,12.75,335,0.150162
375.981,12.875,335,0.151487
375.981,13,335,0.152813
375.981,13.125,335,0.154139
375.981,13.25,335,0.155464
375.981,13.375,335,0.15679
375.981,13.5,335,0.158116
375.981,13.625,335,0.159442
375.981,13.75,335,0.160767
375.981,13.875,335,0.162093
375.981,14,335,0.163419
375.981,14.125,335,0.164744
375.981,14.25,335,0.16607
375.981,14.375,335,0.167396
375.981,14.5,335,0.168722
375.981,14.625,335,0.170047
375.981,14.75,335,0.171373
375.981,14.875,335,0.172699
375.981,15,335,0.174024
375.981,15.125,335,0.17535
375.981,15.25,335,0.176676
375.981,15.375,335,0.178001
375.981,15.5,335,0.179327
375.981,15.625,335,0.180653
375.981,15.75,335,0.181979
375.981,15.875,335,0.183304
375.981,16,335,0.18463
375.981,16.125,335,0.185956
375.981,16.25,335,0.187281
375.981,16.375,335,0.188607
375.981,16.5,335,0.190005
375.981,16.625,335,0.191426
375.981,16.75,335,0.192847
375.981,16.875,335,0.194268
375.981,17,335,0.195689
375.981,17.125,335,0.197111
375.981,17.25,335,0.198532
375.981,17.375,335,0.199953
375.981,17.5,335,0.201374
375.981,17.625,335,0.202795
375.981,17.75,335,0.204217
375.981,17.875,335,0.205638
375.981,18,335,0.207059
375.981,18.125,335,0.20848
375.981,18.25,335,0.209901
375.981,18.375,335,0.211323
375.981,18.5,335,0.212744
375.981,18.625,335,0.214165
375.981,18.75,335,0.215586
375.981,18.875,335,0.217007
375.981,19,335,0.218429
375.981,19.125,335,0.21985
375.981,19.25,335,0.221271
375.981,19.375,335,0.222692
375.981,19.5,335,0.224113
375.981,19.625,335,0.225535
375.981,19.75,335,0.226956
375.981,19.875,335,0.228377
375.981,20,335,0.229798
