x,y,z,b
375.981,0,335,0.046016
375.981,0.125,335,0.0462342
375.981,0.25,335,0.0464525
375.981,0.375,335,0.0466708
375.981,0.5,335,0.046889
375.981,0.625,335,0.0471073
375.981,0.75,335,0.0473255
375.981,0.875,335,0.0475438
375.981,1,335,0.047762
375.981,1.125,335,0.0479803
375.981,1.25,335,0.0481986
375.981,1.375,335,0.0484305
375.981,1.5,335,0.048867
375.981,1.625,335,0.0493035
375.981,1.75,335,0.04974
375.981,1.875,335,0.0501765
375.981,2,335,0.050613
375.981,2.125,335,0.0510495
375.981,2.25,335,0.0514861
375.981,2.375,335,0.0519226
375.981,2.5,335,0.0523591
375.981,2.625,335,0.0527956
375.981,2.75,335,0.0532321
375.981,2.875,335,0.0536686
375.981,3,335,0.0541051
375.981,3.125,335,0.0545416
375.981,3.25,335,0.0549782
375.981,3.375,335,0.0554147
375.981,3.5,335,0.0558512
375.981,3.625,335,0.0562877
375.981,3.75,335,0.0567242
375.981,3.875,335,0.0571607
375.981,4,335,0.0575972
375.981,4.125,335,0.0581272
375.981,4.25,335,0.0590622
375.981,4.375,335,0.0599971
375.981,4.5,335,0.060932
375.981,4.625,335,0.061867
375.981,4.75,335,0.0628019
375.981,4.875,335,0.0637369
375.981,5,335,0.0646718
375.981,5.125,335,0.0656068
375.981,5.25,335,0.0665417
375.981,5.375,335,0.0674766
375.981,5.5,335,0.0684116
375.981,5.625,335,0.0693465
375.981,5.75,335,0.0702815
375.981,5.875,335,0.0712164
375.981,6,335,0.0721513
375.981,6.125,335,0.0730863
375.981,6.25,335,0.0740212
375.981,6.375,335,0.0749562
375.981,6.5,335,0.0758911
375.981,6.625,335,0.0768261
375.981,6.75,335,0.077761
375.981,6.875,335,0.0787874
375.981,7,335,0.0800151
375.981,7.125,335,0.0812428
375.981,7.25,335,0.0824706
375.981,7.375,335,0.0836983
375.981,7.5,335,0.084926
375.981,7.625,335,0.0861537
375.981,7.75,335,0.0873814
375.981,7.875,335,0.0886091
375.981,8,335,0.0898368
375.981,8.125,335,0.0910645
375.981,8.25,335,0.0922922
375.981,8.375,335,0.0935199
375.981,8.5,335,0.0947476
375.981,8.625,335,0.0959753
375.981,8.75,335,0.097203
375.981,8.875,335,0.0984308
375.981,9,335,0.0996585
375.981,9.125,335,0.100886
375.981,9.25,335,0.102114
375.981,9.375,335,0.103342
375.981,9.5,335,0.104569
375.981,9.625,335,0.105736
375.981,9.75,335,0.106826
375.981,9.875,335,0.107915
375.981,10,335,0.109005
375.981,10.125,335,0.110094
375.981,10.25,335,0.111184
375.981,10.375,335,0.112273
375.981,10.5,335,0.113362
375.981,10.625,335,0.114452
375.981,10.75,335,0.115541
375.981,10.875,335,0.116631
375.981,11,335,0.11772
375.981,11.125,335,0.118809
375.981,11.25,335,0.119899
375.981,11.375,335,0.120988
375.981,11.5,335,0.122078
375.981,11.625,335,0.123167
375.981,11.75,335,0.124257
375.981,11.875,335,0.125346
375.981,12,335,0.126435
375.981,12.125,335,0.127525
375.981,12.25,335,0.128614
375.981,12.375,335,0.130151
375.981,12.5,335,0.132037
375.981,12.625,335,0.133922
375.981,12.75,335,0.135808
375.981,12.875,335,0.137693
375.981,13,335,0.139579
375.981,13.125,335,0.141464
375.981,13.25,335,0.14335
375.981,13.375,335,0.145235
375.981,13.5,335,0.147121
375.981,13.625,335,0.149006
375.981,13.75,335,0.150891
375.981,13.875,335,0.152777
375.981,14,335,0.154662
375.981,14.125,335,0.156548
375.981,14.25,335,0.158433
375.981,14.375,335,0.160319
375.981,14.5,335,0.162204
375.981,14.625,335,0.16409
375.981,14.75,335,0.165975
375.981,14.875,335,0.167861
375.981,15,335,0.169746
375.981,15.125,335,0.171601
375.981,15.25,335,0.173443
375.981,15.375,335,0.175284
375.981,15.5,335,0.177125
375.981,15.625,335,0.178967
375.981,15.75,335,0.180808
375.981,15.875,335,0.182649
375.981,16,335,0.184491
375.981,16.125,335,0.186332
375.981,16.25,335,0.188173
375.981,16.375,335,0.190015
375.981,16.5,335,0.192188
375.981,16.625,335,0.193996
375.981,16.75,335,0.195803
375.981,16.875,335,0.197611
375.981,17,335,0.199419
375.981,17.125,335,0.201227
375.981,17.25,335,0.203034
375.981,17.375,335,0.204842
375.981,17.5,335,0.20665
375.981,17.625,335,0.208458
375.981,17.75,335,0.210266
375.981,17.875,335,0.212073
375.981,18,335,0.213881
375.981,18.125,335,0.215689
375.981,18.25,335,0.217497
375.981,18.375,335,0.219305
375.981,18.5,335,0.221112
375.981,18.625,335,0.22292
375.981,18.75,335,0.224728
375.981,18.875,335,0.226536
375.981,19,335,0.228344
375.981,19.125,335,0.230151
375.981,19.25,335,0.23147
375.981,19.375,335,0.232718
375.981,19.5,335,0.233966
375.981,19.625,335,0.235214
375.981,19.75,335,0.236463
375.981,19.875,335,0.237711
375.981,20,335,0.238959
