x,y,z,b
375.981,0,335,0.0183906
375.981,0.125,335,0.0193884
375.981,0.25,335,0.0203862
375.981,0.375,335,0.0213839
375.981,0.5,335,0.0223817
375.981,0.625,335,0.0233795
375.981,0.75,335,0.0243773
375.981,0.875,335,0.0253751
375.981,1,335,0.0263729
375.981,1.125,335,0.0273707
375.981,1.25,335,0.0283684
375.981,1.375,335,0.0294286
375.981,1.5,335,0.0314242
375.981,1.625,335,0.0334197
375.981,1.75,335,0.0354153
375.981,1.875,335,0.0374109
375.981,2,335,0.0394064
375.981,2.125,335,0.041402
375.981,2.25,335,0.0433976
375.981,2.375,335,0.0453932
375.981,2.5,335,0.0473887
375.981,2.625,335,0.0493843
375.981,2.75,335,0.0513799
375.981,2.875,335,0.0533754
375.981,3,335,0.055371
375.981,3.125,335,0.0573666
375.981,3.25,335,0.0593622
375.981,3.375,335,0.0613577
375.981,3.5,335,0.0633533
375.981,3.625,335,0.0653489
375.981,3.75,335,0.0673445
375.981,3.875,335,0.06934
375.981,4,335,0.0713356
375.981,4.125,335,0.0733524
375.981,4.25,335,0.075461
375.981,4.375,335,0.0775696
375.981,4.5,335,0.0796783
375.981,4.625,335,0.0817869
375.981,4.75,335,0.0838955
375.981,4.875,335,0.0860042
375.981,5,335,0.0881128
375.981,5.125,335,0.0902214
375.981,5.25,335,0.0923301
375.981,5.375,335,0.0944387
375.981,5.5,335,0.0965473
375.981,5.625,335,0.098656
375.981,5.75,335,0.100765
375.981,5.875,335,0.102873
375.981,6,335,0.104982
375.981,6.125,335,0.107091
375.981,6.25,335,0.109199
375.981,6.375,335,0.111308
375.981,6.5,335,0.113416
375.981,6.625,335,0.115525
375.981,6.75,335,0.117634
375.981,6.875,335,0.119631
375.981,7,335,0.121383
375.981,7.125,335,0.123135
375.981,7.25,335,0.124887
375.981,7.375,335,0.126639
375.981,7.5,335,0.128391
375.981,7.625,335,0.130144
375.981,7.75,335,0.131896
375.981,7.875,335,0.133648
375.981,8,335,0.1354
375.981,8.125,335,0.137152
375.981,8.25,335,0.1394
375.981,8.375,335,0.141496
375.981,8.5,335,0.143593
375.981,8.625,335,0.145689
375.981,8.75,335,0.147785
375.981,8.875,335,0.149881
375.981,9,335,0.151312
375.981,9.125,335,0.152673
375.981,9.25,335,0.154035
375.981,9.375,335,0.155397
375.981,9.5,335,0.156758
375.981,9.625,335,0.15812
375.981,9.75,335,0.159482
375.981,9.875,335,0.160844
375.981,10,335,0.162205
375.981,10.125,335,0.163567
375.981,10.25,335,0.164929
375.981,10.375,335,0.165602
375.981,10.5,335,0.166252
375.981,10.625,335,0.166903
375.981,10.75,335,0.167554
375.981,10.875,335,0.168204
375.981,11,335,0.169406
375.981,11.125,335,0.170455
375.981,11.25,335,0.171504
375.981,11.375,335,0.172552
375.981,11.5,335,0.173601
375.981,11.625,335,0.17465
375.981,11.75,335,0.175699
375.981,11.875,335,0.176748
375.981,12,335,0.177796
375.981,12.125,335,0.178845
375.981,12.25,335,0.179894
375.981,12.375,335,0.18085
375.981,12.5,335,0.181733
375.981,12.625,335,0.182616
375.981,12.75,335,0.183499
375.981,12.875,335,0.184382
375.981,13,335,0.185266
375.981,13.125,335,0.186149
375.981,13.25,335,0.187032
375.981,13.375,335,0.187915
375.981,13.5,335,0.188798
375.981,13.625,335,0.189682
375.981,13.75,335,0.190565
375.981,13.875,335,0.191448
375.981,14,335,0.192331
375.981,14.125,335,0.193214
375.981,14.25,335,0.194098
375.981,14.375,335,0.194981
375.981,14.5,335,0.195864
375.981,14.625,335,0.196747
375.981,14.75,335,0.19763
375.981,14.875,335,0.198514
375.981,15,335,0.199397
375.981,15.125,335,0.200633
375.981,15.25,335,0.20203
375.981,15.375,335,0.203426
375.981,15.5,335,0.204823
375.981,15.625,335,0.206219
375.981,15.75,335,0.207616
375.981,15.875,335,0.209013
375.981,16,335,0.210409
375.981,16.125,335,0.211806
375.981,16.25,335,0.213203
375.981,16.375,335,0.214599
375.981,16.5,335,0.215996
375.981,16.625,335,0.217392
375.981,16.75,335,0.218789
375.981,16.875,335,0.220186
375.981,17,335,0.221582
375.981,17.125,335,0.222979
375.981,17.25,335,0.224375
375.981,17.375,335,0.225772
375.981,17.5,335,0.227169
375.981,17.625,335,0.228565
375.981,17.75,335,0.229962
375.981,17.875,335,0.231117
375.981,18,335,0.232216
375.981,18.125,335,0.233316
375.981,18.25,335,0.234415
375.981,18.375,335,0.235514
375.981,18.5,335,0.236614
375.981,18.625,335,0.237713
375.981,18.75,335,0.238812
375.981,18.875,335,0.239912
375.981,19,335,0.241011
375.981,19.125,335,0.24211
375.981,19.25,335,0.24321
375.981,19.375,335,0.244309
375.981,19.5,335,0.245408
375.981,19.625,335,0.246508
375.981,19.75,335,0.247607
375.981,19.875,335,0.248706
375.981,20,335,0.249806
