x,y,z,b
375.981,0,335,0.0346818
375.981,0.125,335,0.0350989
375.981,0.25,335,0.035516
375.981,0.375,335,0.0359331
375.981,0.5,335,0.0363502
375.981,0.625,335,0.0367673
375.981,0.75,335,0.037406
375.981,0.875,335,0.0382403
375.981,1,335,0.0390745
375.981,1.125,335,0.0399087
375.981,1.25,335,0.0407429
375.981,1.375,335,0.0415771
375.981,1.5,335,0.0424114
375.981,1.625,335,0.0432456
375.981,1.75,335,0.0440798
375.981,1.875,335,0.044914
375.981,2,335,0.0457482
375.981,2.125,335,0.04659
375.981,2.25,335,0.047437
375.981,2.375,335,0.048284
375.981,2.5,335,0.049131
375.981,2.625,335,0.049978
375.981,2.75,335,0.0509884
375.981,2.875,335,0.0518446
375.981,3,335,0.0527008
375.981,3.125,335,0.0535571
375.981,3.25,335,0.0544133
375.981,3.375,335,0.0552696
375.981,3.5,335,0.0561258
375.981,3.625,335,0.056982
375.981,3.75,335,0.0578383
375.981,3.875,335,0.0586945
375.981,4,335,0.0595508
375.981,4.125,335,0.0604007
375.981,4.25,335,0.0612234
375.981,4.375,335,0.0620461
375.981,4.5,335,0.0628688
375.981,4.625,335,0.0636914
375.981,4.75,335,0.0645141
375.981,4.875,335,0.0653368
375.981,5,335,0.0661595
375.981,5.125,335,0.0669822
375.981,5.25,335,0.0678049
375.981,5.375,335,0.0686275
375.981,5.5,335,0.0694502
375.981,5.625,335,0.0702729
375.981,5.75,335,0.0710956
375.981,5.875,335,0.0719183
375.981,6,335,0.0727409
375.981,6.125,335,0.0735636
375.981,6.25,335,0.0743863
375.981,6.375,335,0.075209
375.981,6.5,335,0.0760317
375.981,6.625,335,0.0768544
375.981,6.75,335,0.077677
375.981,6.875,335,0.0786253
375.981,7,335,0.07985
375.981,7.125,335,0.0810746
375.981,7.25,335,0.0822993
375.981,7.375,335,0.0835239
375.981,7.5,335,0.0847486
375.981,7.625,335,0.0859732
375.981,7.75,335,0.0871979
375.981,7.875,335,0.0884225
375.981,8,335,0.0896471
375.981,8.125,335,0.0908718
375.981,8.25,335,0.0920964
375.981,8.375,335,0.0933211
375.981,8.5,335,0.0945457
375.981,8.625,335,0.0957704
375.981,8.75,335,0.096995
375.981,8.875,335,0.0982197
375.981,9,335,0.0994443
375.981,9.125,335,0.100669
375.981,9.25,335,0.101894
375.981,9.375,335,0.103118
375.981,9.5,335,0.104343
375.981,9.625,335,0.105782
375.981,9.75,335,0.107496
375.981,9.875,335,0.10921
375.981,10,335,0.110923
375.981,10.125,335,0.112637
375.981,10.25,335,0.114351
375.981,10.375,335,0.116065
375.981,10.5,335,0.117779
375.981,10.625,335,0.119493
375.981,10.75,335,0.121207
375.981,10.875,335,0.122921
375.981,11,335,0.12568
375.981,11.125,335,0.127293
375.981,11.25,335,0.128906
375.981,11.375,335,0.13052
375.981,11.5,335,0.132133
375.981,11.625,335,0.133746
375.981,11.75,335,0.13536
375.981,11.875,335,0.136973
375.981,12,335,0.138586
375.981,12.125,335,0.1402
375.981,12.25,335,0.141813
375.981,12.375,335,0.143426
375.981,12.5,335,0.145039
375.981,12.625,335,0.146653
375.981,12.75,335,0.148266
375.981,12.875,335,0.149879
375.981,13,335,0.151493
375.981,13.125,335,0.153106
375.981,13.25,335,0.154719
375.981,13.375,335,0.156333
375.981,13.5,335,0.157946
375.981,13.625,335,0.159559
375.981,13.75,335,0.161066
375.981,13.875,335,0.162509
375.981,14,335,0.163953
375.981,14.125,335,0.165396
375.981,14.25,335,0.166839
375.981,14.375,335,0.168282
375.981,14.5,335,0.169725
375.981,14.625,335,0.171168
375.981,14.75,335,0.172612
375.981,14.875,335,0.174055
375.981,15,335,0.175498
375.981,15.125,335,0.176941
375.981,15.25,335,0.178384
375.981,15.375,335,0.179827
375.981,15.5,335,0.181271
375.981,15.625,335,0.182714
375.981,15.75,335,0.184157
375.981,15.875,335,0.1856
375.981,16,335,0.187043
375.981,16.125,335,0.188486
375.981,16.25,335,0.18993
375.981,16.375,335,0.191373
375.981,16.5,335,0.192816
375.981,16.625,335,0.194259
375.981,16.75,335,0.195702
375.981,16.875,335,0.197146
375.981,17,335,0.198589
375.981,17.125,335,0.200032
375.981,17.25,335,0.201475
375.981,17.375,335,0.202918
375.981,17.5,335,0.204361
375.981,17.625,335,0.205805
375.981,17.75,335,0.207248
375.981,17.875,335,0.208691
375.981,18,335,0.210134
375.981,18.125,335,0.211577
375.981,18.25,335,0.21302
375.981,18.375,335,0.214464
375.981,18.5,335,0.215907
375.981,18.625,335,0.21735
375.981,18.75,335,0.218793
375.981,18.875,335,0.220236
375.981,19,335,0.221679
375.981,19.125,335,0.223123
375.981,19.25,335,0.224447
375.981,19.375,335,0.225754
375.981,19.5,335,0.227061
375.981,19.625,335,0.228368
375.981,19.75,335,0.229676
375.981,19.875,335,0.230983
375.981,20,335,0.23229
