x,y,z,b
375.981,0,335,0.0492032
375.981,0.125,335,0.0493485
375.981,0.25,335,0.0494939
375.981,0.375,335,0.0496392
375.981,0.5,335,0.0497845
375.981,0.625,335,0.0499299
375.981,0.75,335,0.0501524
375.981,0.875,335,0.0504431
375.981,1,335,0.0507338
375.981,1.125,335,0.0510245
375.981,1.25,335,0.0513152
375.981,1.375,335,0.0516059
375.981,1.5,335,0.0518966
375.981,1.625,335,0.0521873
375.981,1.75,335,0.052478
375.981,1.875,335,0.0527686
375.981,2,335,0.0530593
375.981,2.125,335,0.0534863
375.981,2.25,335,0.0540066
375.981,2.375,335,0.0545269
375.981,2.5,335,0.0550472
375.981,2.625,335,0.0555675
375.981,2.75,335,0.0556796
375.981,2.875,335,0.0560423
375.981,3,335,0.0564051
375.981,3.125,335,0.0567679
375.981,3.25,335,0.0571306
375.981,3.375,335,0.0574934
375.981,3.5,335,0.0578561
375.981,3.625,335,0.0582189
375.981,3.75,335,0.0585817
375.981,3.875,335,0.0589444
375.981,4,335,0.0593072
375.981,4.125,335,0.0597352
375.981,4.25,335,0.060446
375.981,4.375,335,0.0611568
375.981,4.5,335,0.0618676
375.981,4.625,335,0.0625785
375.981,4.75,335,0.0632893
375.981,4.875,335,0.0640001
375.981,5,335,0.0647109
375.981,5.125,335,0.0654217
375.981,5.25,335,0.0661325
375.981,5.375,335,0.0668434
375.981,5.5,335,0.0672238
375.981,5.625,335,0.0676639
375.981,5.75,335,0.068104
375.981,5.875,335,0.0685441
375.981,6,335,0.0689842
375.981,6.125,335,0.0694243
375.981,6.25,335,0.0703214
375.981,6.375,335,0.0713464
375.981,6.5,335,0.0723714
375.981,6.625,335,0.0733964
375.981,6.75,335,0.0744214
375.981,6.875,335,0.0754464
375.981,7,335,0.0764714
375.981,7.125,335,0.0774964
375.981,7.25,335,0.0785215
375.981,7.375,335,0.0795465
375.981,7.5,335,0.0805715
375.981,7.625,335,0.0826806
375.981,7.75,335,0.0849905
375.981,7.875,335,0.0873005
375.981,8,335,0.0896104
375.981,8.125,335,0.0919203
375.981,8.25,335,0.0963705
375.981,8.375,335,0.0982462
375.981,8.5,335,0.100122
375.981,8.625,335,0.101998
375.981,8.75,335,0.103874
375.981,8.875,335,0.105749
375.981,9,335,0.107625
375.981,9.125,335,0.109501
375.981,9.25,335,0.111377
375.981,9.375,335,0.113252
375.981,9.5,335,0.115128
375.981,9.625,335,0.116872
375.981,9.75,335,0.118447
375.981,9.875,335,0.120022
375.981,10,335,0.121597
375.981,10.125,335,0.123173
375.981,10.25,335,0.124748
375.981,10.375,335,0.126323
375.981,10.5,335,0.127898
375.981,10.625,335,0.129473
375.981,10.75,335,0.131048
375.981,10.875,335,0.132623
375.981,11,335,0.13355
375.981,11.125,335,0.135185
375.981,11.25,335,0.13682
375.981,11.375,335,0.138455
375.981,11.5,335,0.14009
375.981,11.625,335,0.141725
375.981,11.75,335,0.143361
375.981,11.875,335,0.144996
375.981,12,335,0.146631
375.981,12.125,335,0.148266
375.981,12.25,335,0.149901
375.981,12.375,335,0.151536
375.981,12.5,335,0.153172
375.981,12.625,335,0.154807
375.981,12.75,335,0.156442
375.981,12.875,335,0.158077
375.981,13,335,0.159712
375.981,13.125,335,0.161348
375.981,13.25,335,0.162983
375.981,13.375,335,0.164618
375.981,13.5,335,0.166253
375.981,13.625,335,0.167888
375.981,13.75,335,0.169552
375.981,13.875,335,0.171232
375.981,14,335,0.172912
375.981,14.125,335,0.174592
375.981,14.25,335,0.176272
375.981,14.375,335,0.177952
375.981,14.5,335,0.179633
375.981,14.625,335,0.181313
375.981,14.75,335,0.182993
375.981,14.875,335,0.184673
375.981,15,335,0.186353
375.981,15.125,335,0.188034
375.981,15.25,335,0.189714
375.981,15.375,335,0.191394
375.981,15.5,335,0.193074
375.981,15.625,335,0.194754
375.981,15.75,335,0.196435
375.981,15.875,335,0.198115
375.981,16,335,0.199795
375.981,16.125,335,0.201475
375.981,16.25,335,0.203155
375.981,16.375,335,0.204836
375.981,16.5,335,0.206516
375.981,16.625,335,0.208196
375.981,16.75,335,0.209876
375.981,16.875,335,0.211556
375.981,17,335,0.213237
375.981,17.125,335,0.214917
375.981,17.25,335,0.216597
375.981,17.375,335,0.218277
375.981,17.5,335,0.219957
375.981,17.625,335,0.221637
375.981,17.75,335,0.223318
375.981,17.875,335,0.224998
375.981,18,335,0.226678
375.981,18.125,335,0.228358
375.981,18.25,335,0.230038
375.981,18.375,335,0.231719
375.981,18.5,335,0.233399
375.981,18.625,335,0.235079
375.981,18.75,335,0.236759
375.981,18.875,335,0.238439
375.981,19,335,0.24012
375.981,19.125,335,0.2418
375.981,19.25,335,0.242891
375.981,19.375,335,0.243898
375.981,19.5,335,0.244905
375.981,19.625,335,0.245913
375.981,19.75,335,0.24692
375.981,19.875,335,0.247927
375.981,20,335,0.248934
