x,y,z,b
375.981,0,335,0.044033
375.981,0.125,335,0.0446161
375.981,0.25,335,0.0451993
375.981,0.375,335,0.0457824
375.981,0.5,335,0.0463655
375.981,0.625,335,0.0469486
375.981,0.75,335,0.0475317
375.981,0.875,335,0.0481149
375.981,1,335,0.048698
375.981,1.125,335,0.0492811
375.981,1.25,335,0.0498642
375.981,1.375,335,0.0504838
375.981,1.5,335,0.05165
375.981,1.625,335,0.0528163
375.981,1.75,335,0.0539825
375.981,1.875,335,0.0551488
375.981,2,335,0.056315
375.981,2.125,335,0.0574812
375.981,2.25,335,0.0586475
375.981,2.375,335,0.0598137
375.981,2.5,335,0.06098
375.981,2.625,335,0.0621462
375.981,2.75,335,0.0633124
375.981,2.875,335,0.0644787
375.981,3,335,0.0656449
375.981,3.125,335,0.0668112
375.981,3.25,335,0.0679774
375.981,3.375,335,0.0691437
375.981,3.5,335,0.0703099
375.981,3.625,335,0.0714761
375.981,3.75,335,0.0726424
375.981,3.875,335,0.0738086
375.981,4,335,0.0749749
375.981,4.125,335,0.0760582
375.981,4.25,335,0.0767824
375.981,4.375,335,0.0775065
375.981,4.5,335,0.0782306
375.981,4.625,335,0.0789548
375.981,4.75,335,0.0796789
375.981,4.875,335,0.0804031
375.981,5,335,0.0811272
375.981,5.125,335,0.0818513
375.981,5.25,335,0.0825755
375.981,5.375,335,0.0832996
375.981,5.5,335,0.0840238
375.981,5.625,335,0.0847479
375.981,5.75,335,0.085472
375.981,5.875,335,0.0861962
375.981,6,335,0.0869203
375.981,6.125,335,0.0876445
375.981,6.25,335,0.0883686
375.981,6.375,335,0.0890927
375.981,6.5,335,0.0898169
375.981,6.625,335,0.090541
375.981,6.75,335,0.0912652
375.981,6.875,335,0.0921041
375.981,7,335,0.0931954
375.981,7.125,335,0.0942868
375.981,7.25,335,0.0953781
375.981,7.375,335,0.0964695
375.981,7.5,335,0.0975608
375.981,7.625,335,0.0986521
375.981,7.75,335,0.0997435
375.981,7.875,335,0.100835
375.981,8,335,0.101926
375.981,8.125,335,0.103018
375.981,8.25,335,0.104109
375.981,8.375,335,0.1052
375.981,8.5,335,0.106292
375.981,8.625,335,0.107383
375.981,8.75,335,0.108474
375.981,8.875,335,0.109566
375.981,9,335,0.110657
375.981,9.125,335,0.111748
375.981,9.25,335,0.11284
375.981,9.375,335,0.113931
375.981,9.5,335,0.115022
375.981,9.625,335,0.116051
375.981,9.75,335,0.117
375.981,9.875,335,0.117948
375.981,10,335,0.118897
375.981,10.125,335,0.119845
375.981,10.25,335,0.120794
375.981,10.375,335,0.121742
375.981,10.5,335,0.122691
375.981,10.625,335,0.123639
375.981,10.75,335,0.124588
375.981,10.875,335,0.125536
375.981,11,335,0.126485
375.981,11.125,335,0.127433
375.981,11.25,335,0.128382
375.981,11.375,335,0.12933
375.981,11.5,335,0.130279
375.981,11.625,335,0.131227
375.981,11.75,335,0.132176
375.981,11.875,335,0.133124
375.981,12,335,0.134073
375.981,12.125,335,0.135021
375.981,12.25,335,0.13597
375.981,12.375,335,0.13712
375.981,12.5,335,0.138428
375.981,12.625,335,0.139735
375.981,12.75,335,0.141042
375.981,12.875,335,0.14235
375.981,13,335,0.143657
375.981,13.125,335,0.144964
375.981,13.25,335,0.146271
375.981,13.375,335,0.147579
375.981,13.5,335,0.148886
375.981,13.625,335,0.150193
375.981,13.75,335,0.151501
375.981,13.875,335,0.152808
375.981,14,335,0.154115
375.981,14.125,335,0.155423
375.981,14.25,335,0.15673
375.981,14.375,335,0.158037
375.981,14.5,335,0.159345
375.981,14.625,335,0.160652
375.981,14.75,335,0.161959
375.981,14.875,335,0.163267
375.981,15,335,0.164574
375.981,15.125,335,0.166137
375.981,15.25,335,0.167817
375.981,15.375,335,0.169497
375.981,15.5,335,0.171176
375.981,15.625,335,0.172856
375.981,15.75,335,0.174536
375.981,15.875,335,0.176215
375.981,16,335,0.177895
375.981,16.125,335,0.179575
375.981,16.25,335,0.181254
375.981,16.375,335,0.182934
375.981,16.5,335,0.185404
375.981,16.625,335,0.187005
375.981,16.75,335,0.188607
375.981,16.875,335,0.190209
375.981,17,335,0.191811
375.981,17.125,335,0.193412
375.981,17.25,335,0.195014
375.981,17.375,335,0.196616
375.981,17.5,335,0.198218
375.981,17.625,335,0.199819
375.981,17.75,335,0.201421
375.981,17.875,335,0.203023
375.981,18,335,0.204624
375.981,18.125,335,0.206226
375.981,18.25,335,0.207828
375.981,18.375,335,0.20943
375.981,18.5,335,0.211031
375.981,18.625,335,0.212633
375.981,18.75,335,0.214235
375.981,18.875,335,0.215836
375.981,19,335,0.217438
375.981,19.125,335,0.21904
375.981,19.25,335,0.220604
375.981,19.375,335,0.222164
375.981,19.5,335,0.223723
375.981,19.625,335,0.225282
375.981,19.75,335,0.226841
375.981,19.875,335,0.2284
375.981,20,335,0.229959
