x,y,z,b
375.981,0,335,0.0337274
375.981,0.125,335,0.0341751
375.981,0.25,335,0.0346227
375.981,0.375,335,0.0350704
375.981,0.5,335,0.0355181
375.981,0.625,335,0.0359658
375.981,0.75,335,0.0364135
375.981,0.875,335,0.0368611
375.981,1,335,0.0373088
375.981,1.125,335,0.0377565
375.981,1.25,335,0.0382042
375.981,1.375,335,0.0386798
375.981,1.5,335,0.0395752
375.981,1.625,335,0.0404706
375.981,1.75,335,0.0413659
375.981,1.875,335,0.0422613
375.981,2,335,0.0431566
375.981,2.125,335,0.044052
375.981,2.25,335,0.0449474
375.981,2.375,335,0.0458427
375.981,2.5,335,0.0467381
375.981,2.625,335,0.0476334
375.981,2.75,335,0.0485288
375.981,2.875,335,0.0494241
375.981,3,335,0.0503195
375.981,3.125,335,0.0512149
375.981,3.25,335,0.0521102
375.981,3.375,335,0.0530056
375.981,3.5,335,0.0539009
375.981,3.625,335,0.0547963
375.981,3.75,335,0.0556917
375.981,3.875,335,0.056587
375.981,4,335,0.0574824
375.981,4.125,335,0.0582351
375.981,4.25,335,0.0583698
375.981,4.375,335,0.0585045
375.981,4.5,335,0.0586391
375.981,4.625,335,0.0587738
375.981,4.75,335,0.0589085
375.981,4.875,335,0.0590432
375.981,5,335,0.0591779
375.981,5.125,335,0.0593126
375.981,5.25,335,0.0594472
375.981,5.375,335,0.0595819
375.981,5.5,335,0.0597166
375.981,5.625,335,0.0598513
375.981,5.75,335,0.059986
375.981,5.875,335,0.0601206
375.981,6,335,0.0602553
375.981,6.125,335,0.06039
375.981,6.25,335,0.0605247
375.981,6.375,335,0.0606594
375.981,6.5,335,0.0607941
375.981,6.625,335,0.0609287
375.981,6.75,335,0.0610634
375.981,6.875,335,0.0614943
375.981,7,335,0.062577
375.981,7.125,335,0.0636596
375.981,7.25,335,0.0647423
375.981,7.375,335,0.0658249
375.981,7.5,335,0.0669075
375.981,7.625,335,0.0679902
375.981,7.75,335,0.0690728
375.981,7.875,335,0.0701555
375.981,8,335,0.0712381
375.981,8.125,335,0.0723207
375.981,8.25,335,0.0734034
375.981,8.375,335,0.074486
375.981,8.5,335,0.0755687
375.981,8.625,335,0.0766513
375.981,8.75,335,0.0777339
375.981,8.875,335,0.0788166
375.981,9,335,0.0798992
375.981,9.125,335,0.0809819
375.981,9.25,335,0.0820645
375.981,9.375,335,0.0831471
375.981,9.5,335,0.0842298
375.981,9.625,335,0.0857622
375.981,9.75,335,0.087873
375.981,9.875,335,0.0899837
375.981,10,335,0.0920945
375.981,10.125,335,0.0942052
375.981,10.25,335,0.096316
375.981,10.375,335,0.0984268
375.981,10.5,335,0.100538
375.981,10.625,335,0.102648
375.981,10.75,335,0.104759
375.981,10.875,335,0.10687
375.981,11,335,0.112945
375.981,11.125,335,0.114676
375.981,11.25,335,0.116406
375.981,11.375,335,0.118136
375.981,11.5,335,0.119866
375.981,11.625,335,0.121597
375.981,11.75,335,0.123327
375.981,11.875,335,0.125057
375.981,12,335,0.126787
375.981,12.125,335,0.128518
375.981,12.25,335,0.130248
375.981,12.375,335,0.131978
375.981,12.5,335,0.133708
375.981,12.625,335,0.135438
375.981,12.75,335,0.137169
375.981,12.875,335,0.138899
375.981,13,335,0.140629
375.981,13.125,335,0.142359
375.981,13.25,335,0.14409
375.981,13.375,335,0.14582
375.981,13.5,335,0.14755
375.981,13.625,335,0.14928
375.981,13.75,335,0.150975
375.981,13.875,335,0.152648
375.981,14,335,0.154321
375.981,14.125,335,0.155995
375.981,14.25,335,0.157668
375.981,14.375,335,0.159341
375.981,14.5,335,0.161015
375.981,14.625,335,0.162688
375.981,14.75,335,0.164361
375.981,14.875,335,0.166034
375.981,15,335,0.167708
375.981,15.125,335,0.169381
375.981,15.25,335,0.171054
375.981,15.375,335,0.172727
375.981,15.5,335,0.174401
375.981,15.625,335,0.176074
375.981,15.75,335,0.177747
375.981,15.875,335,0.17942
375.981,16,335,0.181094
375.981,16.125,335,0.182767
375.981,16.25,335,0.18444
375.981,16.375,335,0.186114
375.981,16.5,335,0.187787
375.981,16.625,335,0.18946
375.981,16.75,335,0.191133
375.981,16.875,335,0.192807
375.981,17,335,0.19448
375.981,17.125,335,0.196153
375.981,17.25,335,0.197826
375.981,17.375,335,0.1995
375.981,17.5,335,0.201173
375.981,17.625,335,0.202846
375.981,17.75,335,0.204519
375.981,17.875,335,0.206193
375.981,18,335,0.207866
375.981,18.125,335,0.209539
375.981,18.25,335,0.211212
375.981,18.375,335,0.212886
375.981,18.5,335,0.214559
375.981,18.625,335,0.216232
375.981,18.75,335,0.217906
375.981,18.875,335,0.219579
375.981,19,335,0.221252
375.981,19.125,335,0.222925
375.981,19.25,335,0.224211
375.981,19.375,335,0.22544
375.981,19.5,335,0.22667
375.981,19.625,335,0.2279
375.981,19.75,335,0.22913
375.981,19.875,335,0.23036
375.981,20,335,0.23159
