x,y,z,b
375.981,0,335,0.0386301
375.981,0.125,335,0.0386396
375.981,0.25,335,0.0386491
375.981,0.375,335,0.0386586
375.981,0.5,335,0.0386681
375.981,0.625,335,0.0386776
375.981,0.75,335,0.0386921
375.981,0.875,335,0.0387111
375.981,1,335,0.03873
375.981,1.125,335,0.038749
375.981,1.25,335,0.038768
375.981,1.375,335,0.038787
375.981,1.5,335,0.0388059
375.981,1.625,335,0.0388249
375.981,1.75,335,0.0388439
375.981,1.875,335,0.0388629
375.981,2,335,0.0388819
375.981,2.125,335,0.0389488
375.981,2.25,335,0.0390486
375.981,2.375,335,0.0391484
375.981,2.5,335,0.0392481
375.981,2.625,335,0.0393479
375.981,2.75,335,0.0394477
375.981,2.875,335,0.0395475
375.981,3,335,0.0396473
375.981,3.125,335,0.039747
375.981,3.25,335,0.0398468
375.981,3.375,335,0.0399466
375.981,3.5,335,0.041763
375.981,3.625,335,0.0444786
375.981,3.75,335,0.0471942
375.981,3.875,335,0.0499098
375.981,4,335,0.0526255
375.981,4.125,335,0.0553411
375.981,4.25,335,0.0580567
375.981,4.375,335,0.0607723
375.981,4.5,335,0.0634879
375.981,4.625,335,0.0662035
375.981,4.75,335,0.0689191
375.981,4.875,335,0.0700262
375.981,5,335,0.070504
375.981,5.125,335,0.0709817
375.981,5.25,335,0.0714595
375.981,5.375,335,0.0719372
375.981,5.5,335,0.0685016
375.981,5.625,335,0.0697162
375.981,5.75,335,0.0709307
375.981,5.875,335,0.0721452
375.981,6,335,0.0733597
375.981,6.125,335,0.0745743
375.981,6.25,335,0.0757888
375.981,6.375,335,0.0770033
375.981,6.5,335,0.0782178
375.981,6.625,335,0.0794323
375.981,6.75,335,0.0806469
375.981,6.875,335,0.08152
375.981,7,335,0.0816421
375.981,7.125,335,0.0817642
375.981,7.25,335,0.0818863
375.981,7.375,335,0.0820084
375.981,7.5,335,0.0821305
375.981,7.625,335,0.0822526
375.981,7.75,335,0.0823747
375.981,7.875,335,0.0824968
375.981,8,335,0.0826189
375.981,8.125,335,0.082741
375.981,8.25,335,0.0822292
375.981,8.375,335,0.0822693
375.981,8.5,335,0.0823095
375.981,8.625,335,0.0823496
375.981,8.75,335,0.0823898
375.981,8.875,335,0.0824299
375.981,9,335,0.08271
375.981,9.125,335,0.0830148
375.981,9.25,335,0.0833196
375.981,9.375,335,0.0836244
375.981,9.5,335,0.0839293
375.981,9.625,335,0.0842341
375.981,9.75,335,0.0845389
375.981,9.875,335,0.0848437
375.981,10,335,0.0851486
375.981,10.125,335,0.0854534
375.981,10.25,335,0.0857582
375.981,10.375,335,0.0887803
375.981,10.5,335,0.0918899
375.981,10.625,335,0.0949996
375.981,10.75,335,0.0981093
375.981,10.875,335,0.101219
375.981,11,335,0.107754
375.981,11.125,335,0.109817
375.981,11.25,335,0.111881
375.981,11.375,335,0.113944
375.981,11.5,335,0.116008
375.981,11.625,335,0.118071
375.981,11.75,335,0.120135
375.981,11.875,335,0.122198
375.981,12,335,0.124262
375.981,12.125,335,0.126325
375.981,12.25,335,0.128389
375.981,12.375,335,0.130392
375.981,12.5,335,0.132348
375.981,12.625,335,0.134304
375.981,12.75,335,0.136261
375.981,12.875,335,0.138217
375.981,13,335,0.140173
375.981,13.125,335,0.14213
375.981,13.25,335,0.144086
375.981,13.375,335,0.146042
375.981,13.5,335,0.147998
375.981,13.625,335,0.149955
375.981,13.75,335,0.151911
375.981,13.875,335,0.153867
375.981,14,335,0.155824
375.981,14.125,335,0.15778
375.981,14.25,335,0.159736
375.981,14.375,335,0.161692
375.981,14.5,335,0.163649
375.981,14.625,335,0.165605
375.981,14.75,335,0.167561
375.981,14.875,335,0.169518
375.981,15,335,0.171474
375.981,15.125,335,0.173066
375.981,15.25,335,0.174492
375.981,15.375,335,0.175918
375.981,15.5,335,0.177344
375.981,15.625,335,0.17877
375.981,15.75,335,0.180196
375.981,15.875,335,0.181622
375.981,16,335,0.183048
375.981,16.125,335,0.184474
375.981,16.25,335,0.1859
375.981,16.375,335,0.187326
375.981,16.5,335,0.188232
375.981,16.625,335,0.18971
375.981,16.75,335,0.191189
375.981,16.875,335,0.192667
375.981,17,335,0.194146
375.981,17.125,335,0.195624
375.981,17.25,335,0.197102
375.981,17.375,335,0.198581
375.981,17.5,335,0.200059
375.981,17.625,335,0.201538
375.981,17.75,335,0.203016
375.981,17.875,335,0.204495
375.981,18,335,0.205973
375.981,18.125,335,0.207452
375.981,18.25,335,0.20893
375.981,18.375,335,0.210409
375.981,18.5,335,0.211887
375.981,18.625,335,0.213365
375.981,18.75,335,0.214844
375.981,18.875,335,0.216322
375.981,19,335,0.217801
375.981,19.125,335,0.219279
375.981,19.25,335,0.220383
375.981,19.375,335,0.221433
375.981,19.5,335,0.222483
375.981,19.625,335,0.223533
375.981,19.75,335,0.224583
375.981,19.875,335,0.225633
375.981,20,335,0.226683
