x,y,z,b
375.981,0,335,0.0454741
375.981,0.125,335,0.0458483
375.981,0.25,335,0.0462225
375.981,0.375,335,0.0465967
375.981,0.5,335,0.0469709
375.981,0.625,335,0.0473452
375.981,0.75,335,0.0477194
375.981,0.875,335,0.0480936
375.981,1,335,0.0484678
375.981,1.125,335,0.048842
375.981,1.25,335,0.0492162
375.981,1.375,335,0.0496138
375.981,1.5,335,0.0503622
375.981,1.625,335,0.0511106
375.981,1.75,335,0.051859
375.981,1.875,335,0.0526074
375.981,2,335,0.0533558
375.981,2.125,335,0.0541042
375.981,2.25,335,0.0548526
375.981,2.375,335,0.055601
375.981,2.5,335,0.0563494
375.981,2.625,335,0.0570978
375.981,2.75,335,0.0578462
375.981,2.875,335,0.0585946
375.981,3,335,0.059343
375.981,3.125,335,0.0600914
375.981,3.25,335,0.0608398
375.981,3.375,335,0.0615882
375.981,3.5,335,0.0623366
375.981,3.625,335,0.063085
375.981,3.75,335,0.0638335
375.981,3.875,335,0.0645819
375.981,4,335,0.0653303
375.981,4.125,335,0.0661263
375.981,4.25,335,0.0671288
375.981,4.375,335,0.0681313
375.981,4.5,335,0.0691337
375.981,4.625,335,0.0701362
375.981,4.75,335,0.0711387
375.981,4.875,335,0.0721412
375.981,5,335,0.0731437
375.981,5.125,335,0.0741461
375.981,5.25,335,0.0751486
375.981,5.375,335,0.0761511
375.981,5.5,335,0.0780217
375.981,5.625,335,0.0789449
375.981,5.75,335,0.0798682
375.981,5.875,335,0.0807915
375.981,6,335,0.0817147
375.981,6.125,335,0.082638
375.981,6.25,335,0.0835612
375.981,6.375,335,0.0844845
375.981,6.5,335,0.0854078
375.981,6.625,335,0.086331
375.981,6.75,335,0.0872543
375.981,6.875,335,0.0881775
375.981,7,335,0.0891008
375.981,7.125,335,0.090024
375.981,7.25,335,0.0909473
375.981,7.375,335,0.0918706
375.981,7.5,335,0.0927938
375.981,7.625,335,0.0937171
375.981,7.75,335,0.0946403
375.981,7.875,335,0.0955636
375.981,8,335,0.0964869
375.981,8.125,335,0.0974101
375.981,8.25,335,0.0984671
375.981,8.375,335,0.099747
375.981,8.5,335,0.101027
375.981,8.625,335,0.102307
375.981,8.75,335,0.103587
375.981,8.875,335,0.104867
375.981,9,335,0.106147
375.981,9.125,335,0.107426
375.981,9.25,335,0.108706
375.981,9.375,335,0.109986
375.981,9.5,335,0.111266
375.981,9.625,335,0.112546
375.981,9.75,335,0.113826
375.981,9.875,335,0.115106
375.981,10,335,0.116386
375.981,10.125,335,0.117666
375.981,10.25,335,0.118946
375.981,10.375,335,0.120226
375.981,10.5,335,0.121505
375.981,10.625,335,0.122785
375.981,10.75,335,0.124065
375.981,10.875,335,0.125345
375.981,11,335,0.126625
375.981,11.125,335,0.127905
375.981,11.25,335,0.129185
375.981,11.375,335,0.130465
375.981,11.5,335,0.131745
375.981,11.625,335,0.133025
375.981,11.75,335,0.134305
375.981,11.875,335,0.135584
375.981,12,335,0.136864
375.981,12.125,335,0.138144
375.981,12.25,335,0.139424
375.981,12.375,335,0.140704
375.981,12.5,335,0.141984
375.981,12.625,335,0.143264
375.981,12.75,335,0.144544
375.981,12.875,335,0.145824
375.981,13,335,0.147104
375.981,13.125,335,0.148384
375.981,13.25,335,0.149663
375.981,13.375,335,0.150943
375.981,13.5,335,0.152223
375.981,13.625,335,0.153503
375.981,13.75,335,0.154914
375.981,13.875,335,0.156404
375.981,14,335,0.157894
375.981,14.125,335,0.159384
375.981,14.25,335,0.160874
375.981,14.375,335,0.162364
375.981,14.5,335,0.163853
375.981,14.625,335,0.165343
375.981,14.75,335,0.166833
375.981,14.875,335,0.168323
375.981,15,335,0.169813
375.981,15.125,335,0.171303
375.981,15.25,335,0.172792
375.981,15.375,335,0.174282
375.981,15.5,335,0.175772
375.981,15.625,335,0.177262
375.981,15.75,335,0.178752
375.981,15.875,335,0.180242
375.981,16,335,0.181732
375.981,16.125,335,0.183221
375.981,16.25,335,0.184711
375.981,16.375,335,0.186201
375.981,16.5,335,0.187691
375.981,16.625,335,0.189181
375.981,16.75,335,0.190671
375.981,16.875,335,0.19216
375.981,17,335,0.19365
375.981,17.125,335,0.19514
375.981,17.25,335,0.19663
375.981,17.375,335,0.19812
375.981,17.5,335,0.19961
375.981,17.625,335,0.2011
375.981,17.75,335,0.202589
375.981,17.875,335,0.204079
375.981,18,335,0.205569
375.981,18.125,335,0.207059
375.981,18.25,335,0.208549
375.981,18.375,335,0.210039
375.981,18.5,335,0.211528
375.981,18.625,335,0.213018
375.981,18.75,335,0.214508
375.981,18.875,335,0.215998
375.981,19,335,0.217488
375.981,19.125,335,0.218978
375.981,19.25,335,0.220329
375.981,19.375,335,0.221661
375.981,19.5,335,0.222993
375.981,19.625,335,0.224325
375.981,19.75,335,0.225656
375.981,19.875,335,0.226988
375.981,20,335,0.22832
