x,y,z,b
375.981,0,335,0.0433132
375.981,0.125,335,0.0435125
375.981,0.25,335,0.0437119
375.981,0.375,335,0.0439113
375.981,0.5,335,0.0441106
375.981,0.625,335,0.04431
375.981,0.75,335,0.0446152
375.981,0.875,335,0.045014
375.981,1,335,0.0454127
375.981,1.125,335,0.0458114
375.981,1.25,335,0.0462101
375.981,1.375,335,0.0466088
375.981,1.5,335,0.0470075
375.981,1.625,335,0.0474063
375.981,1.75,335,0.047805
375.981,1.875,335,0.0482037
375.981,2,335,0.0486024
375.981,2.125,335,0.0494483
375.981,2.25,335,0.0506001
375.981,2.375,335,0.0517519
375.981,2.5,335,0.0529037
375.981,2.625,335,0.0540555
375.981,2.75,335,0.0564731
375.981,2.875,335,0.0573674
375.981,3,335,0.0582617
375.981,3.125,335,0.059156
375.981,3.25,335,0.0600503
375.981,3.375,335,0.0609446
375.981,3.5,335,0.0618389
375.981,3.625,335,0.0627332
375.981,3.75,335,0.0636275
375.981,3.875,335,0.0645218
375.981,4,335,0.0654161
375.981,4.125,335,0.0663283
375.981,4.25,335,0.0673182
375.981,4.375,335,0.0683081
375.981,4.5,335,0.0692979
375.981,4.625,335,0.0702878
375.981,4.75,335,0.0712777
375.981,4.875,335,0.0722676
375.981,5,335,0.0732575
375.981,5.125,335,0.0742473
375.981,5.25,335,0.0752372
375.981,5.375,335,0.0762271
375.981,5.5,335,0.0775279
375.981,5.625,335,0.0784866
375.981,5.75,335,0.0794453
375.981,5.875,335,0.0804039
375.981,6,335,0.0813626
375.981,6.125,335,0.0823212
375.981,6.25,335,0.0832799
375.981,6.375,335,0.0842385
375.981,6.5,335,0.0851972
375.981,6.625,335,0.0861559
375.981,6.75,335,0.0871145
375.981,6.875,335,0.0880732
375.981,7,335,0.0890318
375.981,7.125,335,0.0899905
375.981,7.25,335,0.0909492
375.981,7.375,335,0.0919078
375.981,7.5,335,0.0928665
375.981,7.625,335,0.0938251
375.981,7.75,335,0.0947838
375.981,7.875,335,0.0957424
375.981,8,335,0.0967011
375.981,8.125,335,0.0976598
375.981,8.25,335,0.0988163
375.981,8.375,335,0.100303
375.981,8.5,335,0.101789
375.981,8.625,335,0.103275
375.981,8.75,335,0.104761
375.981,8.875,335,0.106247
375.981,9,335,0.107734
375.981,9.125,335,0.10922
375.981,9.25,335,0.110706
375.981,9.375,335,0.112192
375.981,9.5,335,0.113679
375.981,9.625,335,0.115165
375.981,9.75,335,0.116651
375.981,9.875,335,0.118137
375.981,10,335,0.119624
375.981,10.125,335,0.12111
375.981,10.25,335,0.122596
375.981,10.375,335,0.124082
375.981,10.5,335,0.125569
375.981,10.625,335,0.127055
375.981,10.75,335,0.128541
375.981,10.875,335,0.130027
375.981,11,335,0.131514
375.981,11.125,335,0.133
375.981,11.25,335,0.134486
375.981,11.375,335,0.135972
375.981,11.5,335,0.137459
375.981,11.625,335,0.138945
375.981,11.75,335,0.140431
375.981,11.875,335,0.141917
375.981,12,335,0.143404
375.981,12.125,335,0.14489
375.981,12.25,335,0.146376
375.981,12.375,335,0.147862
375.981,12.5,335,0.149349
375.981,12.625,335,0.150835
375.981,12.75,335,0.152321
375.981,12.875,335,0.153807
375.981,13,335,0.155294
375.981,13.125,335,0.15678
375.981,13.25,335,0.158266
375.981,13.375,335,0.159752
375.981,13.5,335,0.161238
375.981,13.625,335,0.162725
375.981,13.75,335,0.164172
375.981,13.875,335,0.165597
375.981,14,335,0.167022
375.981,14.125,335,0.168446
375.981,14.25,335,0.169871
375.981,14.375,335,0.171295
375.981,14.5,335,0.17272
375.981,14.625,335,0.174145
375.981,14.75,335,0.175569
375.981,14.875,335,0.176994
375.981,15,335,0.178418
375.981,15.125,335,0.179843
375.981,15.25,335,0.181268
375.981,15.375,335,0.182692
375.981,15.5,335,0.184117
375.981,15.625,335,0.185541
375.981,15.75,335,0.186966
375.981,15.875,335,0.188391
375.981,16,335,0.189815
375.981,16.125,335,0.19124
375.981,16.25,335,0.192664
375.981,16.375,335,0.194089
375.981,16.5,335,0.195513
375.981,16.625,335,0.196938
375.981,16.75,335,0.198363
375.981,16.875,335,0.199787
375.981,17,335,0.201212
375.981,17.125,335,0.202636
375.981,17.25,335,0.204061
375.981,17.375,335,0.205486
375.981,17.5,335,0.20691
375.981,17.625,335,0.208335
375.981,17.75,335,0.209759
375.981,17.875,335,0.211184
375.981,18,335,0.212609
375.981,18.125,335,0.214033
375.981,18.25,335,0.215458
375.981,18.375,335,0.216882
375.981,18.5,335,0.218307
375.981,18.625,335,0.219732
375.981,18.75,335,0.221156
375.981,18.875,335,0.222581
375.981,19,335,0.224005
375.981,19.125,335,0.22543
375.981,19.25,335,0.226772
375.981,19.375,335,0.228102
375.981,19.5,335,0.229432
375.981,19.625,335,0.230762
375.981,19.75,335,0.232092
375.981,19.875,335,0.233422
375.981,20,335,0.234753
