x,y,z,b
375.981,0,335,0.0337024
375.981,0.125,335,0.0341213
375.981,0.25,335,0.0345403
375.981,0.375,335,0.0349592
375.981,0.5,335,0.0353782
375.981,0.625,335,0.0357971
375.981,0.75,335,0.0362161
375.981,0.875,335,0.0366351
375.981,1,335,0.037054
375.981,1.125,335,0.037473
375.981,1.25,335,0.0378919
375.981,1.375,335,0.0383371
375.981,1.5,335,0.039175
375.981,1.625,335,0.0400129
375.981,1.75,335,0.0408508
375.981,1.875,335,0.0416887
375.981,2,335,0.0425266
375.981,2.125,335,0.0433645
375.981,2.25,335,0.0442024
375.981,2.375,335,0.0450403
375.981,2.5,335,0.0458782
375.981,2.625,335,0.0467162
375.981,2.75,335,0.0475541
375.981,2.875,335,0.048392
375.981,3,335,0.0492299
375.981,3.125,335,0.0500678
375.981,3.25,335,0.0509057
375.981,3.375,335,0.0517436
375.981,3.5,335,0.0525815
375.981,3.625,335,0.0534194
375.981,3.75,335,0.0542573
375.981,3.875,335,0.0550953
375.981,4,335,0.0559332
375.981,4.125,335,0.0567873
375.981,4.25,335,0.0577118
375.981,4.375,335,0.0586364
375.981,4.5,335,0.0595609
375.981,4.625,335,0.0604854
375.981,4.75,335,0.0614099
375.981,4.875,335,0.0623344
375.981,5,335,0.063259
375.981,5.125,335,0.0641835
375.981,5.25,335,0.065108
375.981,5.375,335,0.0660325
375.981,5.5,335,0.0670502
375.981,5.625,335,0.0679652
375.981,5.75,335,0.0688802
375.981,5.875,335,0.0697953
375.981,6,335,0.0707103
375.981,6.125,335,0.0716253
375.981,6.25,335,0.0725404
375.981,6.375,335,0.0734554
375.981,6.5,335,0.0743704
375.981,6.625,335,0.0752855
375.981,6.75,335,0.0762005
375.981,6.875,335,0.0771155
375.981,7,335,0.0780305
375.981,7.125,335,0.0789456
375.981,7.25,335,0.0798606
375.981,7.375,335,0.0807756
375.981,7.5,335,0.0816907
375.981,7.625,335,0.0826057
375.981,7.75,335,0.0835207
375.981,7.875,335,0.0844358
375.981,8,335,0.0853508
375.981,8.125,335,0.0862658
375.981,8.25,335,0.0873275
375.981,8.375,335,0.0886335
375.981,8.5,335,0.0899395
375.981,8.625,335,0.0912456
375.981,8.75,335,0.0925516
375.981,8.875,335,0.0938576
375.981,9,335,0.0951636
375.981,9.125,335,0.0964696
375.981,9.25,335,0.0977757
375.981,9.375,335,0.0990817
375.981,9.5,335,0.100388
375.981,9.625,335,0.101694
375.981,9.75,335,0.103
375.981,9.875,335,0.104306
375.981,10,335,0.105612
375.981,10.125,335,0.106918
375.981,10.25,335,0.108224
375.981,10.375,335,0.10953
375.981,10.5,335,0.110836
375.981,10.625,335,0.112142
375.981,10.75,335,0.113448
375.981,10.875,335,0.114754
375.981,11,335,0.11606
375.981,11.125,335,0.117366
375.981,11.25,335,0.118672
375.981,11.375,335,0.119978
375.981,11.5,335,0.121284
375.981,11.625,335,0.12259
375.981,11.75,335,0.123896
375.981,11.875,335,0.125202
375.981,12,335,0.126508
375.981,12.125,335,0.127814
375.981,12.25,335,0.12912
375.981,12.375,335,0.130426
375.981,12.5,335,0.131732
375.981,12.625,335,0.133038
375.981,12.75,335,0.134344
375.981,12.875,335,0.13565
375.981,13,335,0.136956
375.981,13.125,335,0.138262
375.981,13.25,335,0.139568
375.981,13.375,335,0.140874
375.981,13.5,335,0.14218
375.981,13.625,335,0.143486
375.981,13.75,335,0.144785
375.981,13.875,335,0.146079
375.981,14,335,0.147373
375.981,14.125,335,0.148667
375.981,14.25,335,0.149962
375.981,14.375,335,0.151256
375.981,14.5,335,0.15255
375.981,14.625,335,0.153844
375.981,14.75,335,0.155138
375.981,14.875,335,0.156432
375.981,15,335,0.157727
375.981,15.125,335,0.159021
375.981,15.25,335,0.160315
375.981,15.375,335,0.161609
375.981,15.5,335,0.162903
375.981,15.625,335,0.164197
375.981,15.75,335,0.165492
375.981,15.875,335,0.166786
375.981,16,335,0.16808
375.981,16.125,335,0.169374
375.981,16.25,335,0.170668
375.981,16.375,335,0.171962
375.981,16.5,335,0.173256
375.981,16.625,335,0.174551
375.981,16.75,335,0.175845
375.981,16.875,335,0.177139
375.981,17,335,0.178433
375.981,17.125,335,0.179727
375.981,17.25,335,0.181021
375.981,17.375,335,0.182316
375.981,17.5,335,0.18361
375.981,17.625,335,0.184904
375.981,17.75,335,0.186198
375.981,17.875,335,0.187492
375.981,18,335,0.188786
375.981,18.125,335,0.19008
375.981,18.25,335,0.191375
375.981,18.375,335,0.192669
375.981,18.5,335,0.193963
375.981,18.625,335,0.195257
375.981,18.75,335,0.196551
375.981,18.875,335,0.197845
375.981,19,335,0.19914
375.981,19.125,335,0.200434
375.981,19.25,335,0.201841
375.981,19.375,335,0.203265
375.981,19.5,335,0.204689
375.981,19.625,335,0.206113
375.981,19.75,335,0.207537
375.981,19.875,335,0.208961
375.981,20,335,0.210385
