x,y,z,b
375.981,0,335,0.00816972
375.981,0.125,335,0.00883525
375.981,0.25,335,0.00950078
375.981,0.375,335,0.0101663
375.981,0.5,335,0.0108318
375.981,0.625,335,0.0114974
375.981,0.75,335,0.0121629
375.981,0.875,335,0.0128284
375.981,1,335,0.013494
375.981,1.125,335,0.0141595
375.981,1.25,335,0.014825
375.981,1.375,335,0.0155321
375.981,1.5,335,0.0168632
375.981,1.625,335,0.0181943
375.981,1.75,335,0.0195253
375.981,1.875,335,0.0208564
375.981,2,335,0.0221875
375.981,2.125,335,0.0235185
375.981,2.25,335,0.0248496
375.981,2.375,335,0.0261806
375.981,2.5,335,0.0275117
375.981,2.625,335,0.0288428
375.981,2.75,335,0.0301738
375.981,2.875,335,0.0315049
375.981,3,335,0.0328359
375.981,3.125,335,0.034167
375.981,3.25,335,0.0354981
375.981,3.375,335,0.0368291
375.981,3.5,335,0.0381602
375.981,3.625,335,0.0394913
375.981,3.75,335,0.0408223
375.981,3.875,335,0.0421534
375.981,4,335,0.0434844
375.981,4.125,335,0.0448755
375.981,4.25,335,0.0465269
375.981,4.375,335,0.0481782
375.981,4.5,335,0.0498295
375.981,4.625,335,0.0514808
375.981,4.75,335,0.0531321
375.981,4.875,335,0.0547834
375.981,5,335,0.0564348
375.981,5.125,335,0.0580861
375.981,5.25,335,0.0597374
375.981,5.375,335,0.0613887
375.981,5.5,335,0.0644027
375.981,5.625,335,0.0659262
375.981,5.75,335,0.0674497
375.981,5.875,335,0.0689732
375.981,6,335,0.0704967
375.981,6.125,335,0.0720201
375.981,6.25,335,0.0735436
375.981,6.375,335,0.0750671
375.981,6.5,335,0.0765906
375.981,6.625,335,0.0781141
375.981,6.75,335,0.0796375
375.981,6.875,335,0.081161
375.981,7,335,0.0826845
375.981,7.125,335,0.084208
375.981,7.25,335,0.0857315
375.981,7.375,335,0.087255
375.981,7.5,335,0.0887784
375.981,7.625,335,0.0903019
375.981,7.75,335,0.0918254
375.981,7.875,335,0.0933489
375.981,8,335,0.0948724
375.981,8.125,335,0.0963958
375.981,8.25,335,0.0979075
375.981,8.375,335,0.0993995
375.981,8.5,335,0.100891
375.981,8.625,335,0.102383
375.981,8.75,335,0.103875
375.981,8.875,335,0.105367
375.981,9,335,0.106859
375.981,9.125,335,0.108351
375.981,9.25,335,0.109843
375.981,9.375,335,0.111335
375.981,9.5,335,0.112827
375.981,9.625,335,0.114319
375.981,9.75,335,0.115811
375.981,9.875,335,0.117303
375.981,10,335,0.118795
375.981,10.125,335,0.120287
375.981,10.25,335,0.121779
375.981,10.375,335,0.123271
375.981,10.5,335,0.124763
375.981,10.625,335,0.126255
375.981,10.75,335,0.127747
375.981,10.875,335,0.129239
375.981,11,335,0.130385
375.981,11.125,335,0.131884
375.981,11.25,335,0.133382
375.981,11.375,335,0.134881
375.981,11.5,335,0.13638
375.981,11.625,335,0.137878
375.981,11.75,335,0.139377
375.981,11.875,335,0.140876
375.981,12,335,0.142374
375.981,12.125,335,0.143873
375.981,12.25,335,0.145372
375.981,12.375,335,0.146871
375.981,12.5,335,0.148369
375.981,12.625,335,0.149868
375.981,12.75,335,0.151367
375.981,12.875,335,0.152865
375.981,13,335,0.154364
375.981,13.125,335,0.155863
375.981,13.25,335,0.157362
375.981,13.375,335,0.15886
375.981,13.5,335,0.160359
375.981,13.625,335,0.161858
375.981,13.75,335,0.163356
375.981,13.875,335,0.164855
375.981,14,335,0.166354
375.981,14.125,335,0.167852
375.981,14.25,335,0.169351
375.981,14.375,335,0.17085
375.981,14.5,335,0.172349
375.981,14.625,335,0.173847
375.981,14.75,335,0.175346
375.981,14.875,335,0.176845
375.981,15,335,0.178343
375.981,15.125,335,0.179842
375.981,15.25,335,0.181341
375.981,15.375,335,0.18284
375.981,15.5,335,0.184338
375.981,15.625,335,0.185837
375.981,15.75,335,0.187336
375.981,15.875,335,0.188834
375.981,16,335,0.190333
375.981,16.125,335,0.191832
375.981,16.25,335,0.19333
375.981,16.375,335,0.194829
375.981,16.5,335,0.196166
375.981,16.625,335,0.19745
375.981,16.75,335,0.198733
375.981,16.875,335,0.200016
375.981,17,335,0.2013
375.981,17.125,335,0.202583
375.981,17.25,335,0.203866
375.981,17.375,335,0.20515
375.981,17.5,335,0.206433
375.981,17.625,335,0.207716
375.981,17.75,335,0.208999
375.981,17.875,335,0.210283
375.981,18,335,0.211566
375.981,18.125,335,0.212849
375.981,18.25,335,0.214133
375.981,18.375,335,0.215416
375.981,18.5,335,0.216699
375.981,18.625,335,0.217983
375.981,18.75,335,0.219266
375.981,18.875,335,0.220549
375.981,19,335,0.221833
375.981,19.125,335,0.223116
375.981,19.25,335,0.224399
375.981,19.375,335,0.225682
375.981,19.5,335,0.226966
375.981,19.625,335,0.228249
375.981,19.75,335,0.229532
375.981,19.875,335,0.230816
375.981,20,335,0.232099
