x,y,z,b
375.981,0,335,0.0123367
375.981,0.125,335,0.0130364
375.981,0.25,335,0.013736
375.981,0.375,335,0.0144356
375.981,0.5,335,0.0151353
375.981,0.625,335,0.0158349
375.981,0.75,335,0.0169062
375.981,0.875,335,0.0183055
375.981,1,335,0.0197048
375.981,1.125,335,0.021104
375.981,1.25,335,0.0225033
375.981,1.375,335,0.0239026
375.981,1.5,335,0.0253018
375.981,1.625,335,0.0267011
375.981,1.75,335,0.0281004
375.981,1.875,335,0.0294996
375.981,2,335,0.0308989
375.981,2.125,335,0.0322343
375.981,2.25,335,0.0335259
375.981,2.375,335,0.0348175
375.981,2.5,335,0.0361091
375.981,2.625,335,0.0374007
375.981,2.75,335,0.0384791
375.981,2.875,335,0.0398039
375.981,3,335,0.0411287
375.981,3.125,335,0.0424534
375.981,3.25,335,0.0437782
375.981,3.375,335,0.045103
375.981,3.5,335,0.0464278
375.981,3.625,335,0.0477525
375.981,3.75,335,0.0490773
375.981,3.875,335,0.0504021
375.981,4,335,0.0517268
375.981,4.125,335,0.0530236
375.981,4.25,335,0.0541991
375.981,4.375,335,0.0553746
375.981,4.5,335,0.0565501
375.981,4.625,335,0.0577256
375.981,4.75,335,0.058901
375.981,4.875,335,0.0600765
375.981,5,335,0.061252
375.981,5.125,335,0.0624275
375.981,5.25,335,0.063603
375.981,5.375,335,0.0647785
375.981,5.5,335,0.0655146
375.981,5.625,335,0.0667314
375.981,5.75,335,0.0679483
375.981,5.875,335,0.0691651
375.981,6,335,0.070382
375.981,6.125,335,0.0715988
375.981,6.25,335,0.0728157
375.981,6.375,335,0.0740325
375.981,6.5,335,0.0752493
375.981,6.625,335,0.0764662
375.981,6.75,335,0.077683
375.981,6.875,335,0.0788999
375.981,7,335,0.0801167
375.981,7.125,335,0.0813336
375.981,7.25,335,0.0825504
375.981,7.375,335,0.0837673
375.981,7.5,335,0.0849841
375.981,7.625,335,0.0862009
375.981,7.75,335,0.0874178
375.981,7.875,335,0.0886346
375.981,8,335,0.0898515
375.981,8.125,335,0.0910683
375.981,8.25,335,0.0924341
375.981,8.375,335,0.0940482
375.981,8.5,335,0.0956622
375.981,8.625,335,0.0972762
375.981,8.75,335,0.0988903
375.981,8.875,335,0.100504
375.981,9,335,0.102118
375.981,9.125,335,0.103732
375.981,9.25,335,0.105346
375.981,9.375,335,0.10696
375.981,9.5,335,0.108575
375.981,9.625,335,0.110189
375.981,9.75,335,0.111803
375.981,9.875,335,0.113417
375.981,10,335,0.115031
375.981,10.125,335,0.116645
375.981,10.25,335,0.118259
375.981,10.375,335,0.119873
375.981,10.5,335,0.121487
375.981,10.625,335,0.123101
375.981,10.75,335,0.124715
375.981,10.875,335,0.126329
375.981,11,335,0.127943
375.981,11.125,335,0.129557
375.981,11.25,335,0.131171
375.981,11.375,335,0.132785
375.981,11.5,335,0.134399
375.981,11.625,335,0.136013
375.981,11.75,335,0.137627
375.981,11.875,335,0.139241
375.981,12,335,0.140855
375.981,12.125,335,0.142469
375.981,12.25,335,0.144083
375.981,12.375,335,0.145697
375.981,12.5,335,0.147312
375.981,12.625,335,0.148926
375.981,12.75,335,0.15054
375.981,12.875,335,0.152154
375.981,13,335,0.153768
375.981,13.125,335,0.155382
375.981,13.25,335,0.156996
375.981,13.375,335,0.15861
375.981,13.5,335,0.160224
375.981,13.625,335,0.161838
375.981,13.75,335,0.163398
375.981,13.875,335,0.164926
375.981,14,335,0.166454
375.981,14.125,335,0.167982
375.981,14.25,335,0.16951
375.981,14.375,335,0.171039
375.981,14.5,335,0.172567
375.981,14.625,335,0.174095
375.981,14.75,335,0.175623
375.981,14.875,335,0.177151
375.981,15,335,0.178679
375.981,15.125,335,0.180207
375.981,15.25,335,0.181735
375.981,15.375,335,0.183263
375.981,15.5,335,0.184791
375.981,15.625,335,0.186319
375.981,15.75,335,0.187847
375.981,15.875,335,0.189375
375.981,16,335,0.190903
375.981,16.125,335,0.192432
375.981,16.25,335,0.19396
375.981,16.375,335,0.195488
375.981,16.5,335,0.197016
375.981,16.625,335,0.198544
375.981,16.75,335,0.200072
375.981,16.875,335,0.2016
375.981,17,335,0.203128
375.981,17.125,335,0.204656
375.981,17.25,335,0.206184
375.981,17.375,335,0.207712
375.981,17.5,335,0.20924
375.981,17.625,335,0.210768
375.981,17.75,335,0.212297
375.981,17.875,335,0.213825
375.981,18,335,0.215353
375.981,18.125,335,0.216881
375.981,18.25,335,0.218409
375.981,18.375,335,0.219937
375.981,18.5,335,0.221465
375.981,18.625,335,0.222993
375.981,18.75,335,0.224521
375.981,18.875,335,0.226049
375.981,19,335,0.227577
375.981,19.125,335,0.229105
375.981,19.25,335,0.230432
375.981,19.375,335,0.231729
375.981,19.5,335,0.233027
375.981,19.625,335,0.234324
375.981,19.75,335,0.235622
375.981,19.875,335,0.236919
375.981,20,335,0.238217
