x,y,z,b
375.981,0,335,0.0376173
375.981,0.125,335,0.038039
375.981,0.25,335,0.0384606
375.981,0.375,335,0.0388823
375.981,0.5,335,0.039304
375.981,0.625,335,0.0397256
375.981,0.75,335,0.0401473
375.981,0.875,335,0.0405689
375.981,1,335,0.0409906
375.981,1.125,335,0.0414123
375.981,1.25,335,0.0418339
375.981,1.375,335,0.0422819
375.981,1.5,335,0.0431252
375.981,1.625,335,0.0439686
375.981,1.75,335,0.0448119
375.981,1.875,335,0.0456552
375.981,2,335,0.0464985
375.981,2.125,335,0.0473418
375.981,2.25,335,0.0481851
375.981,2.375,335,0.0490285
375.981,2.5,335,0.0498718
375.981,2.625,335,0.0507151
375.981,2.75,335,0.0515584
375.981,2.875,335,0.0524017
375.981,3,335,0.053245
375.981,3.125,335,0.0540884
375.981,3.25,335,0.0549317
375.981,3.375,335,0.055775
375.981,3.5,335,0.0566183
375.981,3.625,335,0.0574616
375.981,3.75,335,0.0583049
375.981,3.875,335,0.0591483
375.981,4,335,0.0599916
375.981,4.125,335,0.0609268
375.981,4.25,335,0.0622603
375.981,4.375,335,0.0635937
375.981,4.5,335,0.0649272
375.981,4.625,335,0.0662607
375.981,4.75,335,0.0675941
375.981,4.875,335,0.0689276
375.981,5,335,0.0702611
375.981,5.125,335,0.0715945
375.981,5.25,335,0.072928
375.981,5.375,335,0.0742615
375.981,5.5,335,0.0755949
375.981,5.625,335,0.0769284
375.981,5.75,335,0.0782619
375.981,5.875,335,0.0795953
375.981,6,335,0.0809288
375.981,6.125,335,0.0822623
375.981,6.25,335,0.0835957
375.981,6.375,335,0.0849292
375.981,6.5,335,0.0862627
375.981,6.625,335,0.0875961
375.981,6.75,335,0.0889296
375.981,6.875,335,0.090331
375.981,7,335,0.0918819
375.981,7.125,335,0.0934328
375.981,7.25,335,0.0949837
375.981,7.375,335,0.0965345
375.981,7.5,335,0.0980854
375.981,7.625,335,0.0996363
375.981,7.75,335,0.101187
375.981,7.875,335,0.102738
375.981,8,335,0.104289
375.981,8.125,335,0.10584
375.981,8.25,335,0.107391
375.981,8.375,335,0.108942
375.981,8.5,335,0.110493
375.981,8.625,335,0.112043
375.981,8.75,335,0.113594
375.981,8.875,335,0.115145
375.981,9,335,0.116696
375.981,9.125,335,0.118247
375.981,9.25,335,0.119798
375.981,9.375,335,0.121349
375.981,9.5,335,0.1229
375.981,9.625,335,0.124678
375.981,9.75,335,0.126749
375.981,9.875,335,0.128819
375.981,10,335,0.13089
375.981,10.125,335,0.132961
375.981,10.25,335,0.135031
375.981,10.375,335,0.137102
375.981,10.5,335,0.139173
375.981,10.625,335,0.141243
375.981,10.75,335,0.143314
375.981,10.875,335,0.145385
375.981,11,335,0.147455
375.981,11.125,335,0.149526
375.981,11.25,335,0.151597
375.981,11.375,335,0.153668
375.981,11.5,335,0.155738
375.981,11.625,335,0.157809
375.981,11.75,335,0.15988
375.981,11.875,335,0.16195
375.981,12,335,0.164021
375.981,12.125,335,0.166092
375.981,12.25,335,0.168162
375.981,12.375,335,0.16994
375.981,12.5,335,0.171491
375.981,12.625,335,0.173042
375.981,12.75,335,0.174593
375.981,12.875,335,0.176143
375.981,13,335,0.177694
375.981,13.125,335,0.179245
375.981,13.25,335,0.180795
375.981,13.375,335,0.182346
375.981,13.5,335,0.183897
375.981,13.625,335,0.185448
375.981,13.75,335,0.186998
375.981,13.875,335,0.188549
375.981,14,335,0.1901
375.981,14.125,335,0.19165
375.981,14.25,335,0.193201
375.981,14.375,335,0.194752
375.981,14.5,335,0.196303
375.981,14.625,335,0.197853
375.981,14.75,335,0.199404
375.981,14.875,335,0.200955
375.981,15,335,0.202505
375.981,15.125,335,0.203709
375.981,15.25,335,0.204755
375.981,15.375,335,0.205801
375.981,15.5,335,0.206847
375.981,15.625,335,0.207892
375.981,15.75,335,0.208938
375.981,15.875,335,0.209984
375.981,16,335,0.21103
375.981,16.125,335,0.212076
375.981,16.25,335,0.213121
375.981,16.375,335,0.214167
375.981,16.5,335,0.213342
375.981,16.625,335,0.214573
375.981,16.75,335,0.215803
375.981,16.875,335,0.217034
375.981,17,335,0.218264
375.981,17.125,335,0.219495
375.981,17.25,335,0.220725
375.981,17.375,335,0.221956
375.981,17.5,335,0.223186
375.981,17.625,335,0.224417
375.981,17.75,335,0.225647
375.981,17.875,335,0.226878
375.981,18,335,0.228108
375.981,18.125,335,0.229339
375.981,18.25,335,0.230569
375.981,18.375,335,0.2318
375.981,18.5,335,0.233031
375.981,18.625,335,0.234261
375.981,18.75,335,0.235492
375.981,18.875,335,0.236722
375.981,19,335,0.237953
375.981,19.125,335,0.239183
375.981,19.25,335,0.240317
375.981,19.375,335,0.241437
375.981,19.5,335,0.242557
375.981,19.625,335,0.243676
375.981,19.75,335,0.244796
375.981,19.875,335,0.245916
375.981,20,335,0.247036
