x,y,z,b
375.981,0,335,0.0208475
375.981,0.125,335,0.0213167
375.981,0.25,335,0.021786
375.981,0.375,335,0.0222553
375.981,0.5,335,0.0227246
375.981,0.625,335,0.0231939
375.981,0.75,335,0.0236632
375.981,0.875,335,0.0241325
375.981,1,335,0.0246018
375.981,1.125,335,0.0250711
375.981,1.25,335,0.0255404
375.981,1.375,335,0.026039
375.981,1.5,335,0.0269776
375.981,1.625,335,0.0279161
375.981,1.75,335,0.0288547
375.981,1.875,335,0.0297933
375.981,2,335,0.0307319
375.981,2.125,335,0.0316705
375.981,2.25,335,0.0326091
375.981,2.375,335,0.0335476
375.981,2.5,335,0.0344862
375.981,2.625,335,0.0354248
375.981,2.75,335,0.0363634
375.981,2.875,335,0.037302
375.981,3,335,0.0382406
375.981,3.125,335,0.0391791
375.981,3.25,335,0.0401177
375.981,3.375,335,0.0410563
375.981,3.5,335,0.0419949
375.981,3.625,335,0.0429335
375.981,3.75,335,0.043872
375.981,3.875,335,0.0448106
375.981,4,335,0.0457492
375.981,4.125,335,0.0468099
375.981,4.25,335,0.0483996
375.981,4.375,335,0.0499893
375.981,4.5,335,0.0515789
375.981,4.625,335,0.0531686
375.981,4.75,335,0.0547583
375.981,4.875,335,0.056348
375.981,5,335,0.0579377
375.981,5.125,335,0.0595274
375.981,5.25,335,0.0611171
375.981,5.375,335,0.0627068
375.981,5.5,335,0.0670518
375.981,5.625,335,0.0683827
375.981,5.75,335,0.0697137
375.981,5.875,335,0.0710446
375.981,6,335,0.0723755
375.981,6.125,335,0.0737065
375.981,6.25,335,0.0750374
375.981,6.375,335,0.0763684
375.981,6.5,335,0.0776993
375.981,6.625,335,0.0790303
375.981,6.75,335,0.0803612
375.981,6.875,335,0.0816921
375.981,7,335,0.0830231
375.981,7.125,335,0.084354
375.981,7.25,335,0.085685
375.981,7.375,335,0.0870159
375.981,7.5,335,0.0883468
375.981,7.625,335,0.0896778
375.981,7.75,335,0.0910087
375.981,7.875,335,0.0923397
375.981,8,335,0.0936706
375.981,8.125,335,0.0950016
375.981,8.25,335,0.0964356
375.981,8.375,335,0.0980413
375.981,8.5,335,0.0996471
375.981,8.625,335,0.101253
375.981,8.75,335,0.102859
375.981,8.875,335,0.104464
375.981,9,335,0.10607
375.981,9.125,335,0.107676
375.981,9.25,335,0.109282
375.981,9.375,335,0.110888
375.981,9.5,335,0.112493
375.981,9.625,335,0.114099
375.981,9.75,335,0.115705
375.981,9.875,335,0.117311
375.981,10,335,0.118917
375.981,10.125,335,0.120522
375.981,10.25,335,0.122128
375.981,10.375,335,0.123734
375.981,10.5,335,0.12534
375.981,10.625,335,0.126945
375.981,10.75,335,0.128551
375.981,10.875,335,0.130157
375.981,11,335,0.133955
375.981,11.125,335,0.13545
375.981,11.25,335,0.136945
375.981,11.375,335,0.13844
375.981,11.5,335,0.139935
375.981,11.625,335,0.14143
375.981,11.75,335,0.142925
375.981,11.875,335,0.14442
375.981,12,335,0.145915
375.981,12.125,335,0.14741
375.981,12.25,335,0.148905
375.981,12.375,335,0.1504
375.981,12.5,335,0.151895
375.981,12.625,335,0.15339
375.981,12.75,335,0.154885
375.981,12.875,335,0.15638
375.981,13,335,0.157875
375.981,13.125,335,0.15937
375.981,13.25,335,0.160865
375.981,13.375,335,0.16236
375.981,13.5,335,0.163855
375.981,13.625,335,0.16535
375.981,13.75,335,0.166845
375.981,13.875,335,0.16834
375.981,14,335,0.169835
375.981,14.125,335,0.17133
375.981,14.25,335,0.172825
375.981,14.375,335,0.17432
375.981,14.5,335,0.175815
375.981,14.625,335,0.17731
375.981,14.75,335,0.178805
375.981,14.875,335,0.1803
375.981,15,335,0.181795
375.981,15.125,335,0.18329
375.981,15.25,335,0.184785
375.981,15.375,335,0.18628
375.981,15.5,335,0.187775
375.981,15.625,335,0.18927
375.981,15.75,335,0.190765
375.981,15.875,335,0.19226
375.981,16,335,0.193755
375.981,16.125,335,0.19525
375.981,16.25,335,0.196745
375.981,16.375,335,0.19824
375.981,16.5,335,0.199639
375.981,16.625,335,0.201006
375.981,16.75,335,0.202373
375.981,16.875,335,0.20374
375.981,17,335,0.205108
375.981,17.125,335,0.206475
375.981,17.25,335,0.207842
375.981,17.375,335,0.209209
375.981,17.5,335,0.210577
375.981,17.625,335,0.211944
375.981,17.75,335,0.213311
375.981,17.875,335,0.214678
375.981,18,335,0.216046
375.981,18.125,335,0.217413
375.981,18.25,335,0.21878
375.981,18.375,335,0.220147
375.981,18.5,335,0.221515
375.981,18.625,335,0.222882
375.981,18.75,335,0.224249
375.981,18.875,335,0.225616
375.981,19,335,0.226984
375.981,19.125,335,0.228351
375.981,19.25,335,0.229718
375.981,19.375,335,0.231085
375.981,19.5,335,0.232453
375.981,19.625,335,0.23382
375.981,19.75,335,0.235187
375.981,19.875,335,0.236554
375.981,20,335,0.237921
