x,y,z,b
375.981,0,335,0.0171509
375.981,0.125,335,0.0177717
375.981,0.25,335,0.0183924
375.981,0.375,335,0.0190131
375.981,0.5,335,0.0196339
375.981,0.625,335,0.0202546
375.981,0.75,335,0.0212051
375.981,0.875,335,0.0224466
375.981,1,335,0.0236881
375.981,1.125,335,0.0249295
375.981,1.25,335,0.026171
375.981,1.375,335,0.0274125
375.981,1.5,335,0.0286539
375.981,1.625,335,0.0298954
375.981,1.75,335,0.0311369
375.981,1.875,335,0.0323784
375.981,2,335,0.0336198
375.981,2.125,335,0.0351295
375.981,2.25,335,0.0368226
375.981,2.375,335,0.0385157
375.981,2.5,335,0.0402088
375.981,2.625,335,0.0419019
375.981,2.75,335,0.0443244
375.981,2.875,335,0.045857
375.981,3,335,0.0473896
375.981,3.125,335,0.0489223
375.981,3.25,335,0.0504549
375.981,3.375,335,0.0519875
375.981,3.5,335,0.0535202
375.981,3.625,335,0.0550528
375.981,3.75,335,0.0565855
375.981,3.875,335,0.0581181
375.981,4,335,0.0596507
375.981,4.125,335,0.0612259
375.981,4.25,335,0.0629851
375.981,4.375,335,0.0647443
375.981,4.5,335,0.0665036
375.981,4.625,335,0.0682628
375.981,4.75,335,0.070022
375.981,4.875,335,0.0717813
375.981,5,335,0.0735405
375.981,5.125,335,0.0752997
375.981,5.25,335,0.077059
375.981,5.375,335,0.0788182
375.981,5.5,335,0.0816651
375.981,5.625,335,0.0833228
375.981,5.75,335,0.0849804
375.981,5.875,335,0.0866381
375.981,6,335,0.0882957
375.981,6.125,335,0.0899534
375.981,6.25,335,0.091611
375.981,6.375,335,0.0932687
375.981,6.5,335,0.0949263
375.981,6.625,335,0.096584
375.981,6.75,335,0.0982416
375.981,6.875,335,0.0998993
375.981,7,335,0.101557
375.981,7.125,335,0.103215
375.981,7.25,335,0.104872
375.981,7.375,335,0.10653
375.981,7.5,335,0.108188
375.981,7.625,335,0.109845
375.981,7.75,335,0.111503
375.981,7.875,335,0.113161
375.981,8,335,0.114818
375.981,8.125,335,0.116476
375.981,8.25,335,0.118082
375.981,8.375,335,0.119602
375.981,8.5,335,0.121122
375.981,8.625,335,0.122643
375.981,8.75,335,0.124163
375.981,8.875,335,0.125683
375.981,9,335,0.127203
375.981,9.125,335,0.128724
375.981,9.25,335,0.130244
375.981,9.375,335,0.131764
375.981,9.5,335,0.133284
375.981,9.625,335,0.134805
375.981,9.75,335,0.136325
375.981,9.875,335,0.137845
375.981,10,335,0.139365
375.981,10.125,335,0.140885
375.981,10.25,335,0.142406
375.981,10.375,335,0.143926
375.981,10.5,335,0.145446
375.981,10.625,335,0.146966
375.981,10.75,335,0.148487
375.981,10.875,335,0.150007
375.981,11,335,0.151527
375.981,11.125,335,0.153047
375.981,11.25,335,0.154568
375.981,11.375,335,0.156088
375.981,11.5,335,0.157608
375.981,11.625,335,0.159128
375.981,11.75,335,0.160648
375.981,11.875,335,0.162169
375.981,12,335,0.163689
375.981,12.125,335,0.165209
375.981,12.25,335,0.166729
375.981,12.375,335,0.16825
375.981,12.5,335,0.16977
375.981,12.625,335,0.17129
375.981,12.75,335,0.17281
375.981,12.875,335,0.174331
375.981,13,335,0.175851
375.981,13.125,335,0.177371
375.981,13.25,335,0.178891
375.981,13.375,335,0.180411
375.981,13.5,335,0.181932
375.981,13.625,335,0.183452
375.981,13.75,335,0.184858
375.981,13.875,335,0.186196
375.981,14,335,0.187533
375.981,14.125,335,0.188871
375.981,14.25,335,0.190208
375.981,14.375,335,0.191546
375.981,14.5,335,0.192883
375.981,14.625,335,0.194221
375.981,14.75,335,0.195558
375.981,14.875,335,0.196896
375.981,15,335,0.198233
375.981,15.125,335,0.199571
375.981,15.25,335,0.200908
375.981,15.375,335,0.202246
375.981,15.5,335,0.203583
375.981,15.625,335,0.204921
375.981,15.75,335,0.206258
375.981,15.875,335,0.207596
375.981,16,335,0.208934
375.981,16.125,335,0.210271
375.981,16.25,335,0.211609
375.981,16.375,335,0.212946
375.981,16.5,335,0.214284
375.981,16.625,335,0.215621
375.981,16.75,335,0.216959
375.981,16.875,335,0.218296
375.981,17,335,0.219634
375.981,17.125,335,0.220971
375.981,17.25,335,0.222309
375.981,17.375,335,0.223646
375.981,17.5,335,0.224984
375.981,17.625,335,0.226321
375.981,17.75,335,0.227659
375.981,17.875,335,0.228997
375.981,18,335,0.230334
375.981,18.125,335,0.231672
375.981,18.25,335,0.233009
375.981,18.375,335,0.234347
375.981,18.5,335,0.235684
375.981,18.625,335,0.237022
375.981,18.75,335,0.238359
375.981,18.875,335,0.239697
375.981,19,335,0.241034
375.981,19.125,335,0.242372
375.981,19.25,335,0.243512
375.981,19.375,335,0.244625
375.981,19.5,335,0.245737
375.981,19.625,335,0.24685
375.981,19.75,335,0.247962
375.981,19.875,335,0.249075
375.981,20,335,0.250188
