x,y,z,b
375.981,0,335,0.0137498
375.981,0.125,335,0.0153328
375.981,0.25,335,0.0169159
375.981,0.375,335,0.0184989
375.981,0.5,335,0.020082
375.981,0.625,335,0.021665
375.981,0.75,335,0.0240891
375.981,0.875,335,0.0272552
375.981,1,335,0.0304213
375.981,1.125,335,0.0335874
375.981,1.25,335,0.0367535
375.981,1.375,335,0.0399197
375.981,1.5,335,0.0430858
375.981,1.625,335,0.0462519
375.981,1.75,335,0.049418
375.981,1.875,335,0.0525841
375.981,2,335,0.0557502
375.981,2.125,335,0.058524
375.981,2.25,335,0.0610293
375.981,2.375,335,0.0635347
375.981,2.5,335,0.06604
375.981,2.625,335,0.0685454
375.981,2.75,335,0.0710507
375.981,2.875,335,0.0735561
375.981,3,335,0.0760614
375.981,3.125,335,0.0785668
375.981,3.25,335,0.0810721
375.981,3.375,335,0.0835775
375.981,3.5,335,0.0851012
375.981,3.625,335,0.0861107
375.981,3.75,335,0.0871203
375.981,3.875,335,0.0881298
375.981,4,335,0.0891393
375.981,4.125,335,0.0901489
375.981,4.25,335,0.0911584
375.981,4.375,335,0.0921679
375.981,4.5,335,0.0931775
375.981,4.625,335,0.094187
375.981,4.75,335,0.0951965
375.981,4.875,335,0.0958909
375.981,5,335,0.0964618
375.981,5.125,335,0.0970328
375.981,5.25,335,0.0976038
375.981,5.375,335,0.0981748
375.981,5.5,335,0.0967183
375.981,5.625,335,0.097332
375.981,5.75,335,0.0979458
375.981,5.875,335,0.0985596
375.981,6,335,0.0991733
375.981,6.125,335,0.0997871
375.981,6.25,335,0.100401
375.981,6.375,335,0.101015
375.981,6.5,335,0.101628
375.981,6.625,335,0.102242
375.981,6.75,335,0.102856
375.981,6.875,335,0.103658
375.981,7,335,0.104873
375.981,7.125,335,0.106088
375.981,7.25,335,0.107303
375.981,7.375,335,0.108518
375.981,7.5,335,0.109733
375.981,7.625,335,0.110947
375.981,7.75,335,0.112162
375.981,7.875,335,0.113377
375.981,8,335,0.114592
375.981,8.125,335,0.115807
375.981,8.25,335,0.117022
375.981,8.375,335,0.118237
375.981,8.5,335,0.119452
375.981,8.625,335,0.120667
375.981,8.75,335,0.121882
375.981,8.875,335,0.123097
375.981,9,335,0.124312
375.981,9.125,335,0.125527
375.981,9.25,335,0.126742
375.981,9.375,335,0.127957
375.981,9.5,335,0.129172
375.981,9.625,335,0.130537
375.981,9.75,335,0.132096
375.981,9.875,335,0.133654
375.981,10,335,0.135213
375.981,10.125,335,0.136771
375.981,10.25,335,0.13833
375.981,10.375,335,0.139888
375.981,10.5,335,0.141447
375.981,10.625,335,0.143006
375.981,10.75,335,0.144564
375.981,10.875,335,0.146123
375.981,11,335,0.147681
375.981,11.125,335,0.14924
375.981,11.25,335,0.150798
375.981,11.375,335,0.152357
375.981,11.5,335,0.153915
375.981,11.625,335,0.155474
375.981,11.75,335,0.157032
375.981,11.875,335,0.158591
375.981,12,335,0.160149
375.981,12.125,335,0.161708
375.981,12.25,335,0.163266
375.981,12.375,335,0.163722
375.981,12.5,335,0.16332
375.981,12.625,335,0.162917
375.981,12.75,335,0.162515
375.981,12.875,335,0.162113
375.981,13,335,0.161711
375.981,13.125,335,0.161309
375.981,13.25,335,0.160906
375.981,13.375,335,0.160504
375.981,13.5,335,0.160102
375.981,13.625,335,0.1597
375.981,13.75,335,0.161395
375.981,13.875,335,0.161456
375.981,14,335,0.161517
375.981,14.125,335,0.161578
375.981,14.25,335,0.161638
375.981,14.375,335,0.161502
375.981,14.5,335,0.160299
375.981,14.625,335,0.159096
375.981,14.75,335,0.157893
375.981,14.875,335,0.15669
375.981,15,335,0.155487
375.981,15.125,335,0.154284
375.981,15.25,335,0.153081
375.981,15.375,335,0.151878
375.981,15.5,335,0.150675
375.981,15.625,335,0.149472
375.981,15.75,335,0.148419
375.981,15.875,335,0.147905
375.981,16,335,0.14739
375.981,16.125,335,0.146875
375.981,16.25,335,0.14636
375.981,16.375,335,0.145845
375.981,16.5,335,0.14533
375.981,16.625,335,0.144815
375.981,16.75,335,0.1443
375.981,16.875,335,0.143785
375.981,17,335,0.143271
375.981,17.125,335,0.143364
375.981,17.25,335,0.145013
375.981,17.375,335,0.146662
375.981,17.5,335,0.14831
375.981,17.625,335,0.149959
375.981,17.75,335,0.151607
375.981,17.875,335,0.153256
375.981,18,335,0.154905
375.981,18.125,335,0.156553
375.981,18.25,335,0.158202
375.981,18.375,335,0.159851
375.981,18.5,335,0.161999
375.981,18.625,335,0.1651
375.981,18.75,335,0.168201
375.981,18.875,335,0.171303
375.981,19,335,0.174404
375.981,19.125,335,0.177505
375.981,19.25,335,0.181144
375.981,19.375,335,0.183612
375.981,19.5,335,0.18608
375.981,19.625,335,0.188548
375.981,19.75,335,0.191016
375.981,19.875,335,0.193484
375.981,20,335,0.195952
