x,y,z,b
375.981,0,335,0.0400059
375.981,0.125,335,0.0403294
375.981,0.25,335,0.0406529
375.981,0.375,335,0.0409765
375.981,0.5,335,0.0413
375.981,0.625,335,0.0416235
375.981,0.75,335,0.0421189
375.981,0.875,335,0.042766
375.981,1,335,0.0434131
375.981,1.125,335,0.0440602
375.981,1.25,335,0.0447072
375.981,1.375,335,0.0453543
375.981,1.5,335,0.0460014
375.981,1.625,335,0.0466484
375.981,1.75,335,0.0472955
375.981,1.875,335,0.0479426
375.981,2,335,0.0485896
375.981,2.125,335,0.0494932
375.981,2.25,335,0.0505722
375.981,2.375,335,0.0516512
375.981,2.5,335,0.0527303
375.981,2.625,335,0.0538093
375.981,2.75,335,0.0554781
375.981,2.875,335,0.0563942
375.981,3,335,0.0573103
375.981,3.125,335,0.0582264
375.981,3.25,335,0.0591425
375.981,3.375,335,0.0600586
375.981,3.5,335,0.0609747
375.981,3.625,335,0.0618908
375.981,3.75,335,0.0628069
375.981,3.875,335,0.063723
375.981,4,335,0.0646391
375.981,4.125,335,0.0655747
375.981,4.25,335,0.0665946
375.981,4.375,335,0.0676145
375.981,4.5,335,0.0686344
375.981,4.625,335,0.0696543
375.981,4.75,335,0.0706742
375.981,4.875,335,0.0716942
375.981,5,335,0.0727141
375.981,5.125,335,0.073734
375.981,5.25,335,0.0747539
375.981,5.375,335,0.0757738
375.981,5.5,335,0.0773138
375.981,5.625,335,0.0782828
375.981,5.75,335,0.0792518
375.981,5.875,335,0.0802208
375.981,6,335,0.0811897
375.981,6.125,335,0.0821587
375.981,6.25,335,0.0831277
375.981,6.375,335,0.0840967
375.981,6.5,335,0.0850656
375.981,6.625,335,0.0860346
375.981,6.75,335,0.0870036
375.981,6.875,335,0.0879726
375.981,7,335,0.0889415
375.981,7.125,335,0.0899105
375.981,7.25,335,0.0908795
375.981,7.375,335,0.0918485
375.981,7.5,335,0.0928174
375.981,7.625,335,0.0937864
375.981,7.75,335,0.0947554
375.981,7.875,335,0.0957244
375.981,8,335,0.0966933
375.981,8.125,335,0.0976623
375.981,8.25,335,0.0988427
375.981,8.375,335,0.100375
375.981,8.5,335,0.101908
375.981,8.625,335,0.103441
375.981,8.75,335,0.104973
375.981,8.875,335,0.106506
375.981,9,335,0.108039
375.981,9.125,335,0.109571
375.981,9.25,335,0.111104
375.981,9.375,335,0.112637
375.981,9.5,335,0.114169
375.981,9.625,335,0.115702
375.981,9.75,335,0.117235
375.981,9.875,335,0.118767
375.981,10,335,0.1203
375.981,10.125,335,0.121833
375.981,10.25,335,0.123365
375.981,10.375,335,0.124898
375.981,10.5,335,0.126431
375.981,10.625,335,0.127963
375.981,10.75,335,0.129496
375.981,10.875,335,0.131029
375.981,11,335,0.136916
375.981,11.125,335,0.138239
375.981,11.25,335,0.139562
375.981,11.375,335,0.140886
375.981,11.5,335,0.142209
375.981,11.625,335,0.143532
375.981,11.75,335,0.144856
375.981,11.875,335,0.146179
375.981,12,335,0.147502
375.981,12.125,335,0.148825
375.981,12.25,335,0.150149
375.981,12.375,335,0.151472
375.981,12.5,335,0.152795
375.981,12.625,335,0.154119
375.981,12.75,335,0.155442
375.981,12.875,335,0.156765
375.981,13,335,0.158089
375.981,13.125,335,0.159412
375.981,13.25,335,0.160735
375.981,13.375,335,0.162059
375.981,13.5,335,0.163382
375.981,13.625,335,0.164705
375.981,13.75,335,0.166029
375.981,13.875,335,0.167352
375.981,14,335,0.168675
375.981,14.125,335,0.169998
375.981,14.25,335,0.171322
375.981,14.375,335,0.172645
375.981,14.5,335,0.173968
375.981,14.625,335,0.175292
375.981,14.75,335,0.176615
375.981,14.875,335,0.177938
375.981,15,335,0.179262
375.981,15.125,335,0.180585
375.981,15.25,335,0.181908
375.981,15.375,335,0.183232
375.981,15.5,335,0.184555
375.981,15.625,335,0.185878
375.981,15.75,335,0.187201
375.981,15.875,335,0.188525
375.981,16,335,0.189848
375.981,16.125,335,0.191171
375.981,16.25,335,0.192495
375.981,16.375,335,0.193818
375.981,16.5,335,0.195172
375.981,16.625,335,0.196537
375.981,16.75,335,0.197902
375.981,16.875,335,0.199266
375.981,17,335,0.200631
375.981,17.125,335,0.201996
375.981,17.25,335,0.20336
375.981,17.375,335,0.204725
375.981,17.5,335,0.206089
375.981,17.625,335,0.207454
375.981,17.75,335,0.208819
375.981,17.875,335,0.210183
375.981,18,335,0.211548
375.981,18.125,335,0.212913
375.981,18.25,335,0.214277
375.981,18.375,335,0.215642
375.981,18.5,335,0.217007
375.981,18.625,335,0.218371
375.981,18.75,335,0.219736
375.981,18.875,335,0.221101
375.981,19,335,0.222465
375.981,19.125,335,0.22383
375.981,19.25,335,0.225194
375.981,19.375,335,0.226559
375.981,19.5,335,0.227924
375.981,19.625,335,0.229288
375.981,19.75,335,0.230653
375.981,19.875,335,0.232018
375.981,20,335,0.233382
