x,y,z,b
375.981,0,335,0.0354699
375.981,0.125,335,0.036038
375.981,0.25,335,0.0366061
375.981,0.375,335,0.0371742
375.981,0.5,335,0.0377423
375.981,0.625,335,0.0383104
375.981,0.75,335,0.0388784
375.981,0.875,335,0.0394465
375.981,1,335,0.0400146
375.981,1.125,335,0.0405827
375.981,1.25,335,0.0411508
375.981,1.375,335,0.0417544
375.981,1.5,335,0.0428905
375.981,1.625,335,0.0440267
375.981,1.75,335,0.0451629
375.981,1.875,335,0.046299
375.981,2,335,0.0474352
375.981,2.125,335,0.0485714
375.981,2.25,335,0.0497075
375.981,2.375,335,0.0508437
375.981,2.5,335,0.0519799
375.981,2.625,335,0.053116
375.981,2.75,335,0.0542522
375.981,2.875,335,0.0553884
375.981,3,335,0.0565245
375.981,3.125,335,0.0576607
375.981,3.25,335,0.0587969
375.981,3.375,335,0.059933
375.981,3.5,335,0.0610692
375.981,3.625,335,0.0622054
375.981,3.75,335,0.0633415
375.981,3.875,335,0.0644777
375.981,4,335,0.0656139
375.981,4.125,335,0.0668481
375.981,4.25,335,0.0685073
375.981,4.375,335,0.0701666
375.981,4.5,335,0.0718258
375.981,4.625,335,0.0734851
375.981,4.75,335,0.0751443
375.981,4.875,335,0.0768035
375.981,5,335,0.0784628
375.981,5.125,335,0.080122
375.981,5.25,335,0.0817813
375.981,5.375,335,0.0834405
375.981,5.5,335,0.0850997
375.981,5.625,335,0.086759
375.981,5.75,335,0.0884182
375.981,5.875,335,0.0900775
375.981,6,335,0.0917367
375.981,6.125,335,0.0933959
375.981,6.25,335,0.0950552
375.981,6.375,335,0.0967144
375.981,6.5,335,0.0983737
375.981,6.625,335,0.100033
375.981,6.75,335,0.101692
375.981,6.875,335,0.10335
375.981,7,335,0.105006
375.981,7.125,335,0.106661
375.981,7.25,335,0.108317
375.981,7.375,335,0.109973
375.981,7.5,335,0.111628
375.981,7.625,335,0.113284
375.981,7.75,335,0.114939
375.981,7.875,335,0.116595
375.981,8,335,0.118251
375.981,8.125,335,0.119906
375.981,8.25,335,0.121562
375.981,8.375,335,0.123217
375.981,8.5,335,0.124873
375.981,8.625,335,0.126529
375.981,8.75,335,0.128184
375.981,8.875,335,0.12984
375.981,9,335,0.131495
375.981,9.125,335,0.133151
375.981,9.25,335,0.134807
375.981,9.375,335,0.136462
375.981,9.5,335,0.138118
375.981,9.625,335,0.139815
375.981,9.75,335,0.141565
375.981,9.875,335,0.143314
375.981,10,335,0.145064
375.981,10.125,335,0.146814
375.981,10.25,335,0.148564
375.981,10.375,335,0.150314
375.981,10.5,335,0.152064
375.981,10.625,335,0.153813
375.981,10.75,335,0.155563
375.981,10.875,335,0.157313
375.981,11,335,0.159063
375.981,11.125,335,0.160813
375.981,11.25,335,0.162563
375.981,11.375,335,0.164313
375.981,11.5,335,0.166062
375.981,11.625,335,0.167812
375.981,11.75,335,0.169562
375.981,11.875,335,0.171312
375.981,12,335,0.173062
375.981,12.125,335,0.174812
375.981,12.25,335,0.176561
375.981,12.375,335,0.178088
375.981,12.5,335,0.179442
375.981,12.625,335,0.180795
375.981,12.75,335,0.182149
375.981,12.875,335,0.183503
375.981,13,335,0.184856
375.981,13.125,335,0.18621
375.981,13.25,335,0.187563
375.981,13.375,335,0.188917
375.981,13.5,335,0.19027
375.981,13.625,335,0.191624
375.981,13.75,335,0.192977
375.981,13.875,335,0.194331
375.981,14,335,0.195684
375.981,14.125,335,0.197038
375.981,14.25,335,0.198391
375.981,14.375,335,0.199745
375.981,14.5,335,0.201098
375.981,14.625,335,0.202452
375.981,14.75,335,0.203805
375.981,14.875,335,0.205159
375.981,15,335,0.206513
375.981,15.125,335,0.20762
375.981,15.25,335,0.208616
375.981,15.375,335,0.209612
375.981,15.5,335,0.210608
375.981,15.625,335,0.211603
375.981,15.75,335,0.212599
375.981,15.875,335,0.213595
375.981,16,335,0.214591
375.981,16.125,335,0.215587
375.981,16.25,335,0.216583
375.981,16.375,335,0.217578
375.981,16.5,335,0.217397
375.981,16.625,335,0.21851
375.981,16.75,335,0.219623
375.981,16.875,335,0.220737
375.981,17,335,0.22185
375.981,17.125,335,0.222964
375.981,17.25,335,0.224077
375.981,17.375,335,0.22519
375.981,17.5,335,0.226304
375.981,17.625,335,0.227417
375.981,17.75,335,0.228531
375.981,17.875,335,0.229644
375.981,18,335,0.230757
375.981,18.125,335,0.231871
375.981,18.25,335,0.232984
375.981,18.375,335,0.234098
375.981,18.5,335,0.235211
375.981,18.625,335,0.236324
375.981,18.75,335,0.237438
375.981,18.875,335,0.238551
375.981,19,335,0.239665
375.981,19.125,335,0.240778
375.981,19.25,335,0.241849
375.981,19.375,335,0.242914
375.981,19.5,335,0.24398
375.981,19.625,335,0.245045
375.981,19.75,335,0.24611
375.981,19.875,335,0.247175
375.981,20,335,0.24824
