x,y,z,b
375.981,0,335,0.0373824
375.981,0.125,335,0.037846
375.981,0.25,335,0.0383095
375.981,0.375,335,0.038773
375.981,0.5,335,0.0392365
375.981,0.625,335,0.0397
375.981,0.75,335,0.0401635
375.981,0.875,335,0.0406271
375.981,1,335,0.0410906
375.981,1.125,335,0.0415541
375.981,1.25,335,0.0420176
375.981,1.375,335,0.0424811
375.981,1.5,335,0.0429447
375.981,1.625,335,0.0434082
375.981,1.75,335,0.0438717
375.981,1.875,335,0.0443352
375.981,2,335,0.0447987
375.981,2.125,335,0.0452622
375.981,2.25,335,0.0457258
375.981,2.375,335,0.0461893
375.981,2.5,335,0.0466528
375.981,2.625,335,0.0471163
375.981,2.75,335,0.0476378
375.981,2.875,335,0.0485648
375.981,3,335,0.0494919
375.981,3.125,335,0.0504189
375.981,3.25,335,0.0513459
375.981,3.375,335,0.052273
375.981,3.5,335,0.0532
375.981,3.625,335,0.054127
375.981,3.75,335,0.0550541
375.981,3.875,335,0.0559811
375.981,4,335,0.0569081
375.981,4.125,335,0.0578352
375.981,4.25,335,0.0587622
375.981,4.375,335,0.0596893
375.981,4.5,335,0.0606163
375.981,4.625,335,0.0615433
375.981,4.75,335,0.0624704
375.981,4.875,335,0.0633974
375.981,5,335,0.0643244
375.981,5.125,335,0.0652515
375.981,5.25,335,0.0661785
375.981,5.375,335,0.0671055
375.981,5.5,335,0.0680326
375.981,5.625,335,0.0689596
375.981,5.75,335,0.0698867
375.981,5.875,335,0.0708137
375.981,6,335,0.0717407
375.981,6.125,335,0.0726678
375.981,6.25,335,0.0735948
375.981,6.375,335,0.0745218
375.981,6.5,335,0.0754489
375.981,6.625,335,0.0763759
375.981,6.75,335,0.0773029
375.981,6.875,335,0.07823
375.981,7,335,0.079157
375.981,7.125,335,0.0800841
375.981,7.25,335,0.0810111
375.981,7.375,335,0.0819381
375.981,7.5,335,0.0828652
375.981,7.625,335,0.0837922
375.981,7.75,335,0.0847192
375.981,7.875,335,0.0856463
375.981,8,335,0.0865733
375.981,8.125,335,0.0875003
375.981,8.25,335,0.0886265
375.981,8.375,335,0.0900844
375.981,8.5,335,0.0915423
375.981,8.625,335,0.0930002
375.981,8.75,335,0.0944582
375.981,8.875,335,0.0959161
375.981,9,335,0.097374
375.981,9.125,335,0.098832
375.981,9.25,335,0.10029
375.981,9.375,335,0.101748
375.981,9.5,335,0.103206
375.981,9.625,335,0.104664
375.981,9.75,335,0.106122
375.981,9.875,335,0.10758
375.981,10,335,0.109037
375.981,10.125,335,0.110495
375.981,10.25,335,0.111953
375.981,10.375,335,0.113411
375.981,10.5,335,0.114869
375.981,10.625,335,0.116327
375.981,10.75,335,0.117785
375.981,10.875,335,0.119243
375.981,11,335,0.120701
375.981,11.125,335,0.122159
375.981,11.25,335,0.123617
375.981,11.375,335,0.125075
375.981,11.5,335,0.126533
375.981,11.625,335,0.127991
375.981,11.75,335,0.129448
375.981,11.875,335,0.130906
375.981,12,335,0.132364
375.981,12.125,335,0.133822
375.981,12.25,335,0.13528
375.981,12.375,335,0.136738
375.981,12.5,335,0.138196
375.981,12.625,335,0.139654
375.981,12.75,335,0.141112
375.981,12.875,335,0.14257
375.981,13,335,0.144028
375.981,13.125,335,0.145486
375.981,13.25,335,0.146944
375.981,13.375,335,0.148402
375.981,13.5,335,0.149859
375.981,13.625,335,0.151317
375.981,13.75,335,0.15269
375.981,13.875,335,0.154011
375.981,14,335,0.155333
375.981,14.125,335,0.156654
375.981,14.25,335,0.157975
375.981,14.375,335,0.159297
375.981,14.5,335,0.160618
375.981,14.625,335,0.16194
375.981,14.75,335,0.163261
375.981,14.875,335,0.164582
375.981,15,335,0.165904
375.981,15.125,335,0.167225
375.981,15.25,335,0.168547
375.981,15.375,335,0.169868
375.981,15.5,335,0.171189
375.981,15.625,335,0.172511
375.981,15.75,335,0.173832
375.981,15.875,335,0.175153
375.981,16,335,0.176475
375.981,16.125,335,0.177796
375.981,16.25,335,0.179118
375.981,16.375,335,0.180439
375.981,16.5,335,0.18176
375.981,16.625,335,0.183082
375.981,16.75,335,0.184403
375.981,16.875,335,0.185724
375.981,17,335,0.187046
375.981,17.125,335,0.188367
375.981,17.25,335,0.189689
375.981,17.375,335,0.19101
375.981,17.5,335,0.192331
375.981,17.625,335,0.193653
375.981,17.75,335,0.194974
375.981,17.875,335,0.196295
375.981,18,335,0.197617
375.981,18.125,335,0.198938
375.981,18.25,335,0.20026
375.981,18.375,335,0.201581
375.981,18.5,335,0.202902
375.981,18.625,335,0.204224
375.981,18.75,335,0.205545
375.981,18.875,335,0.206867
375.981,19,335,0.208188
375.981,19.125,335,0.209509
375.981,19.25,335,0.210877
375.981,19.375,335,0.212252
375.981,19.5,335,0.213626
375.981,19.625,335,0.215001
375.981,19.75,335,0.216376
375.981,19.875,335,0.21775
375.981,20,335,0.219125
