x,y,z,b
375.981,0,335,0.0082148
375.981,0.125,335,0.00889515
375.981,0.25,335,0.00957549
375.981,0.375,335,0.0102558
375.981,0.5,335,0.0109362
375.981,0.625,335,0.0116165
375.981,0.75,335,0.0122969
375.981,0.875,335,0.0129772
375.981,1,335,0.0136575
375.981,1.125,335,0.0143379
375.981,1.25,335,0.0150182
375.981,1.375,335,0.0157411
375.981,1.5,335,0.0171018
375.981,1.625,335,0.0184624
375.981,1.75,335,0.0198231
375.981,1.875,335,0.0211838
375.981,2,335,0.0225445
375.981,2.125,335,0.0239052
375.981,2.25,335,0.0252659
375.981,2.375,335,0.0266265
375.981,2.5,335,0.0279872
375.981,2.625,335,0.0293479
375.981,2.75,335,0.0307086
375.981,2.875,335,0.0320693
375.981,3,335,0.03343
375.981,3.125,335,0.0347906
375.981,3.25,335,0.0361513
375.981,3.375,335,0.037512
375.981,3.5,335,0.0388727
375.981,3.625,335,0.0402334
375.981,3.75,335,0.0415941
375.981,3.875,335,0.0429547
375.981,4,335,0.0443154
375.981,4.125,335,0.0457237
375.981,4.25,335,0.0473383
375.981,4.375,335,0.0489528
375.981,4.5,335,0.0505674
375.981,4.625,335,0.0521819
375.981,4.75,335,0.0537965
375.981,4.875,335,0.055411
375.981,5,335,0.0570256
375.981,5.125,335,0.0586402
375.981,5.25,335,0.0602547
375.981,5.375,335,0.0618693
375.981,5.5,335,0.0646029
375.981,5.625,335,0.0661126
375.981,5.75,335,0.0676223
375.981,5.875,335,0.069132
375.981,6,335,0.0706417
375.981,6.125,335,0.0721514
375.981,6.25,335,0.0736611
375.981,6.375,335,0.0751707
375.981,6.5,335,0.0766804
375.981,6.625,335,0.0781901
375.981,6.75,335,0.0796998
375.981,6.875,335,0.0812095
375.981,7,335,0.0827192
375.981,7.125,335,0.0842289
375.981,7.25,335,0.0857386
375.981,7.375,335,0.0872482
375.981,7.5,335,0.0887579
375.981,7.625,335,0.0902676
375.981,7.75,335,0.0917773
375.981,7.875,335,0.093287
375.981,8,335,0.0947967
375.981,8.125,335,0.0963064
375.981,8.25,335,0.0978045
375.981,8.375,335,0.0992834
375.981,8.5,335,0.100762
375.981,8.625,335,0.102241
375.981,8.75,335,0.10372
375.981,8.875,335,0.105199
375.981,9,335,0.106678
375.981,9.125,335,0.108157
375.981,9.25,335,0.109636
375.981,9.375,335,0.111115
375.981,9.5,335,0.112594
375.981,9.625,335,0.114073
375.981,9.75,335,0.115551
375.981,9.875,335,0.11703
375.981,10,335,0.118509
375.981,10.125,335,0.119988
375.981,10.25,335,0.121467
375.981,10.375,335,0.122946
375.981,10.5,335,0.124425
375.981,10.625,335,0.125904
375.981,10.75,335,0.127383
375.981,10.875,335,0.128862
375.981,11,335,0.129939
375.981,11.125,335,0.131425
375.981,11.25,335,0.132912
375.981,11.375,335,0.134398
375.981,11.5,335,0.135884
375.981,11.625,335,0.137371
375.981,11.75,335,0.138857
375.981,11.875,335,0.140343
375.981,12,335,0.14183
375.981,12.125,335,0.143316
375.981,12.25,335,0.144802
375.981,12.375,335,0.146289
375.981,12.5,335,0.147775
375.981,12.625,335,0.149261
375.981,12.75,335,0.150747
375.981,12.875,335,0.152234
375.981,13,335,0.15372
375.981,13.125,335,0.155206
375.981,13.25,335,0.156693
375.981,13.375,335,0.158179
375.981,13.5,335,0.159665
375.981,13.625,335,0.161152
375.981,13.75,335,0.162638
375.981,13.875,335,0.164124
375.981,14,335,0.165611
375.981,14.125,335,0.167097
375.981,14.25,335,0.168583
375.981,14.375,335,0.17007
375.981,14.5,335,0.171556
375.981,14.625,335,0.173042
375.981,14.75,335,0.174529
375.981,14.875,335,0.176015
375.981,15,335,0.177501
375.981,15.125,335,0.178988
375.981,15.25,335,0.180474
375.981,15.375,335,0.18196
375.981,15.5,335,0.183447
375.981,15.625,335,0.184933
375.981,15.75,335,0.186419
375.981,15.875,335,0.187905
375.981,16,335,0.189392
375.981,16.125,335,0.190878
375.981,16.25,335,0.192364
375.981,16.375,335,0.193851
375.981,16.5,335,0.195188
375.981,16.625,335,0.196476
375.981,16.75,335,0.197764
375.981,16.875,335,0.199051
375.981,17,335,0.200339
375.981,17.125,335,0.201627
375.981,17.25,335,0.202914
375.981,17.375,335,0.204202
375.981,17.5,335,0.20549
375.981,17.625,335,0.206778
375.981,17.75,335,0.208065
375.981,17.875,335,0.209353
375.981,18,335,0.210641
375.981,18.125,335,0.211928
375.981,18.25,335,0.213216
375.981,18.375,335,0.214504
375.981,18.5,335,0.215792
375.981,18.625,335,0.217079
375.981,18.75,335,0.218367
375.981,18.875,335,0.219655
375.981,19,335,0.220943
375.981,19.125,335,0.22223
375.981,19.25,335,0.223518
375.981,19.375,335,0.224806
375.981,19.5,335,0.226093
375.981,19.625,335,0.227381
375.981,19.75,335,0.228669
375.981,19.875,335,0.229957
375.981,20,335,0.231244
