x,y,z,b
375.981,0,335,0.0231132
375.981,0.125,335,0.0246235
375.981,0.25,335,0.0261339
375.981,0.375,335,0.0276442
375.981,0.5,335,0.0291545
375.981,0.625,335,0.0306648
375.981,0.75,335,0.0329775
375.981,0.875,335,0.0359982
375.981,1,335,0.0390188
375.981,1.125,335,0.0420394
375.981,1.25,335,0.0450601
375.981,1.375,335,0.0480807
375.981,1.5,335,0.0511014
375.981,1.625,335,0.054122
375.981,1.75,335,0.0571427
375.981,1.875,335,0.0601633
375.981,2,335,0.063184
375.981,2.125,335,0.065021
375.981,2.25,335,0.0660483
375.981,2.375,335,0.0670755
375.981,2.5,335,0.0681028
375.981,2.625,335,0.06913
375.981,2.75,335,0.0701572
375.981,2.875,335,0.0711845
375.981,3,335,0.0722117
375.981,3.125,335,0.073239
375.981,3.25,335,0.0742662
375.981,3.375,335,0.0752935
375.981,3.5,335,0.0764065
375.981,3.625,335,0.0775646
375.981,3.75,335,0.0787226
375.981,3.875,335,0.0798806
375.981,4,335,0.0810386
375.981,4.125,335,0.0821966
375.981,4.25,335,0.0833546
375.981,4.375,335,0.0845127
375.981,4.5,335,0.0856707
375.981,4.625,335,0.0868287
375.981,4.75,335,0.0879867
375.981,4.875,335,0.0895511
375.981,5,335,0.0912746
375.981,5.125,335,0.0929981
375.981,5.25,335,0.0947215
375.981,5.375,335,0.096445
375.981,5.5,335,0.0999118
375.981,5.625,335,0.101511
375.981,5.75,335,0.103111
375.981,5.875,335,0.104711
375.981,6,335,0.10631
375.981,6.125,335,0.10791
375.981,6.25,335,0.10951
375.981,6.375,335,0.111109
375.981,6.5,335,0.112709
375.981,6.625,335,0.114309
375.981,6.75,335,0.115908
375.981,6.875,335,0.11741
375.981,7,335,0.118697
375.981,7.125,335,0.119984
375.981,7.25,335,0.121271
375.981,7.375,335,0.122557
375.981,7.5,335,0.123844
375.981,7.625,335,0.125131
375.981,7.75,335,0.126418
375.981,7.875,335,0.127704
375.981,8,335,0.128991
375.981,8.125,335,0.130278
375.981,8.25,335,0.131565
375.981,8.375,335,0.132851
375.981,8.5,335,0.134138
375.981,8.625,335,0.135425
375.981,8.75,335,0.136712
375.981,8.875,335,0.137998
375.981,9,335,0.139285
375.981,9.125,335,0.140572
375.981,9.25,335,0.141859
375.981,9.375,335,0.143145
375.981,9.5,335,0.144432
375.981,9.625,335,0.145519
375.981,9.75,335,0.14635
375.981,9.875,335,0.14718
375.981,10,335,0.148011
375.981,10.125,335,0.148841
375.981,10.25,335,0.149672
375.981,10.375,335,0.150502
375.981,10.5,335,0.151332
375.981,10.625,335,0.152163
375.981,10.75,335,0.152993
375.981,10.875,335,0.153824
375.981,11,335,0.156494
375.981,11.125,335,0.158063
375.981,11.25,335,0.159632
375.981,11.375,335,0.161201
375.981,11.5,335,0.16277
375.981,11.625,335,0.164285
375.981,11.75,335,0.164119
375.981,11.875,335,0.163953
375.981,12,335,0.163787
375.981,12.125,335,0.16362
375.981,12.25,335,0.163454
375.981,12.375,335,0.163288
375.981,12.5,335,0.163122
375.981,12.625,335,0.162956
375.981,12.75,335,0.162789
375.981,12.875,335,0.162623
375.981,13,335,0.162387
375.981,13.125,335,0.16147
375.981,13.25,335,0.160553
375.981,13.375,335,0.159636
375.981,13.5,335,0.158719
375.981,13.625,335,0.157802
375.981,13.75,335,0.156885
375.981,13.875,335,0.155968
375.981,14,335,0.155051
375.981,14.125,335,0.154134
375.981,14.25,335,0.153217
375.981,14.375,335,0.152412
375.981,14.5,335,0.152206
375.981,14.625,335,0.152
375.981,14.75,335,0.151794
375.981,14.875,335,0.151588
375.981,15,335,0.151383
375.981,15.125,335,0.151177
375.981,15.25,335,0.150971
375.981,15.375,335,0.150765
375.981,15.5,335,0.15056
375.981,15.625,335,0.150354
375.981,15.75,335,0.150253
375.981,15.875,335,0.150525
375.981,16,335,0.150797
375.981,16.125,335,0.151069
375.981,16.25,335,0.151342
375.981,16.375,335,0.151614
375.981,16.5,335,0.151886
375.981,16.625,335,0.152158
375.981,16.75,335,0.152431
375.981,16.875,335,0.152703
375.981,17,335,0.152975
375.981,17.125,335,0.153602
375.981,17.25,335,0.155133
375.981,17.375,335,0.156665
375.981,17.5,335,0.158197
375.981,17.625,335,0.159729
375.981,17.75,335,0.161261
375.981,17.875,335,0.162793
375.981,18,335,0.164325
375.981,18.125,335,0.165857
375.981,18.25,335,0.167389
375.981,18.375,335,0.168921
375.981,18.5,335,0.170763
375.981,18.625,335,0.1732
375.981,18.75,335,0.175636
375.981,18.875,335,0.178072
375.981,19,335,0.180508
375.981,19.125,335,0.182945
375.981,19.25,335,0.185832
375.981,19.375,335,0.187886
375.981,19.5,335,0.189939
375.981,19.625,335,0.191992
375.981,19.75,335,0.194046
375.981,19.875,335,0.196099
375.981,20,335,0.198152
