x,y,z,b
375.981,0,335,0.0252456
375.981,0.125,335,0.0259701
375.981,0.25,335,0.0266946
375.981,0.375,335,0.0274191
375.981,0.5,335,0.0281436
375.981,0.625,335,0.0288681
375.981,0.75,335,0.0295925
375.981,0.875,335,0.030317
375.981,1,335,0.0310415
375.981,1.125,335,0.031766
375.981,1.25,335,0.0324905
375.981,1.375,335,0.0332603
375.981,1.5,335,0.0347092
375.981,1.625,335,0.0361582
375.981,1.75,335,0.0376072
375.981,1.875,335,0.0390562
375.981,2,335,0.0405051
375.981,2.125,335,0.0419541
375.981,2.25,335,0.0434031
375.981,2.375,335,0.0448521
375.981,2.5,335,0.0463011
375.981,2.625,335,0.04775
375.981,2.75,335,0.049199
375.981,2.875,335,0.050648
375.981,3,335,0.052097
375.981,3.125,335,0.0535459
375.981,3.25,335,0.0549949
375.981,3.375,335,0.0564439
375.981,3.5,335,0.0578929
375.981,3.625,335,0.0593418
375.981,3.75,335,0.0607908
375.981,3.875,335,0.0622398
375.981,4,335,0.0636888
375.981,4.125,335,0.0651763
375.981,4.25,335,0.0668306
375.981,4.375,335,0.068485
375.981,4.5,335,0.0701394
375.981,4.625,335,0.0717938
375.981,4.75,335,0.0734482
375.981,4.875,335,0.0751026
375.981,5,335,0.076757
375.981,5.125,335,0.0784113
375.981,5.25,335,0.0800657
375.981,5.375,335,0.0817201
375.981,5.5,335,0.0833745
375.981,5.625,335,0.0850289
375.981,5.75,335,0.0866833
375.981,5.875,335,0.0883376
375.981,6,335,0.089992
375.981,6.125,335,0.0916464
375.981,6.25,335,0.0933008
375.981,6.375,335,0.0949552
375.981,6.5,335,0.0966096
375.981,6.625,335,0.098264
375.981,6.75,335,0.0999183
375.981,6.875,335,0.101677
375.981,7,335,0.103666
375.981,7.125,335,0.105654
375.981,7.25,335,0.107643
375.981,7.375,335,0.109631
375.981,7.5,335,0.11162
375.981,7.625,335,0.113609
375.981,7.75,335,0.115597
375.981,7.875,335,0.117586
375.981,8,335,0.119574
375.981,8.125,335,0.121563
375.981,8.25,335,0.123551
375.981,8.375,335,0.12554
375.981,8.5,335,0.127529
375.981,8.625,335,0.129517
375.981,8.75,335,0.131506
375.981,8.875,335,0.133494
375.981,9,335,0.135483
375.981,9.125,335,0.137471
375.981,9.25,335,0.13946
375.981,9.375,335,0.141449
375.981,9.5,335,0.143437
375.981,9.625,335,0.145283
375.981,9.75,335,0.146944
375.981,9.875,335,0.148605
375.981,10,335,0.150266
375.981,10.125,335,0.151928
375.981,10.25,335,0.153589
375.981,10.375,335,0.15525
375.981,10.5,335,0.156912
375.981,10.625,335,0.158573
375.981,10.75,335,0.160234
375.981,10.875,335,0.161895
375.981,11,335,0.163557
375.981,11.125,335,0.165218
375.981,11.25,335,0.166879
375.981,11.375,335,0.16854
375.981,11.5,335,0.170202
375.981,11.625,335,0.171863
375.981,11.75,335,0.173524
375.981,11.875,335,0.175186
375.981,12,335,0.176847
375.981,12.125,335,0.178508
375.981,12.25,335,0.180169
375.981,12.375,335,0.181612
375.981,12.5,335,0.182884
375.981,12.625,335,0.184157
375.981,12.75,335,0.185429
375.981,12.875,335,0.186701
375.981,13,335,0.187973
375.981,13.125,335,0.189246
375.981,13.25,335,0.190518
375.981,13.375,335,0.19179
375.981,13.5,335,0.193062
375.981,13.625,335,0.194335
375.981,13.75,335,0.196054
375.981,13.875,335,0.197975
375.981,14,335,0.199896
375.981,14.125,335,0.201817
375.981,14.25,335,0.203738
375.981,14.375,335,0.205463
375.981,14.5,335,0.206133
375.981,14.625,335,0.206804
375.981,14.75,335,0.207474
375.981,14.875,335,0.208144
375.981,15,335,0.208814
375.981,15.125,335,0.209485
375.981,15.25,335,0.210155
375.981,15.375,335,0.210825
375.981,15.5,335,0.211495
375.981,15.625,335,0.212166
375.981,15.75,335,0.212742
375.981,15.875,335,0.212983
375.981,16,335,0.213225
375.981,16.125,335,0.213466
375.981,16.25,335,0.213707
375.981,16.375,335,0.213949
375.981,16.5,335,0.214138
375.981,16.625,335,0.214601
375.981,16.75,335,0.215064
375.981,16.875,335,0.215527
375.981,17,335,0.21599
375.981,17.125,335,0.216453
375.981,17.25,335,0.216916
375.981,17.375,335,0.217378
375.981,17.5,335,0.217841
375.981,17.625,335,0.218304
375.981,17.75,335,0.218767
375.981,17.875,335,0.219515
375.981,18,335,0.22033
375.981,18.125,335,0.221144
375.981,18.25,335,0.221958
375.981,18.375,335,0.222772
375.981,18.5,335,0.223586
375.981,18.625,335,0.2244
375.981,18.75,335,0.225214
375.981,18.875,335,0.226028
375.981,19,335,0.226842
375.981,19.125,335,0.227656
375.981,19.25,335,0.22847
375.981,19.375,335,0.229284
375.981,19.5,335,0.230098
375.981,19.625,335,0.230912
375.981,19.75,335,0.231727
375.981,19.875,335,0.232541
375.981,20,335,0.233355
