x,y,z,b
375.981,0,335,0.00806489
375.981,0.125,335,0.00871332
375.981,0.25,335,0.00936175
375.981,0.375,335,0.0100102
375.981,0.5,335,0.0106586
375.981,0.625,335,0.0113071
375.981,0.75,335,0.0119555
375.981,0.875,335,0.0126039
375.981,1,335,0.0132523
375.981,1.125,335,0.0139008
375.981,1.25,335,0.0145492
375.981,1.375,335,0.0152382
375.981,1.5,335,0.016535
375.981,1.625,335,0.0178319
375.981,1.75,335,0.0191288
375.981,1.875,335,0.0204256
375.981,2,335,0.0217225
375.981,2.125,335,0.0230194
375.981,2.25,335,0.0243162
375.981,2.375,335,0.0256131
375.981,2.5,335,0.02691
375.981,2.625,335,0.0282068
375.981,2.75,335,0.0295037
375.981,2.875,335,0.0308006
375.981,3,335,0.0320974
375.981,3.125,335,0.0333943
375.981,3.25,335,0.0346912
375.981,3.375,335,0.035988
375.981,3.5,335,0.0372849
375.981,3.625,335,0.0385818
375.981,3.75,335,0.0398786
375.981,3.875,335,0.0411755
375.981,4,335,0.0424724
375.981,4.125,335,0.0438448
375.981,4.25,335,0.0455451
375.981,4.375,335,0.0472453
375.981,4.5,335,0.0489455
375.981,4.625,335,0.0506457
375.981,4.75,335,0.0523459
375.981,4.875,335,0.0540461
375.981,5,335,0.0557463
375.981,5.125,335,0.0574465
375.981,5.25,335,0.0591467
375.981,5.375,335,0.060847
375.981,5.5,335,0.0641846
375.981,5.625,335,0.065731
375.981,5.75,335,0.0672775
375.981,5.875,335,0.0688239
375.981,6,335,0.0703704
375.981,6.125,335,0.0719168
375.981,6.25,335,0.0734633
375.981,6.375,335,0.0750097
375.981,6.5,335,0.0765562
375.981,6.625,335,0.0781026
375.981,6.75,335,0.079649
375.981,6.875,335,0.0811955
375.981,7,335,0.0827419
375.981,7.125,335,0.0842884
375.981,7.25,335,0.0858348
375.981,7.375,335,0.0873813
375.981,7.5,335,0.0889277
375.981,7.625,335,0.0904742
375.981,7.75,335,0.0920206
375.981,7.875,335,0.0935671
375.981,8,335,0.0951135
375.981,8.125,335,0.09666
375.981,8.25,335,0.0981951
375.981,8.375,335,0.0997115
375.981,8.5,335,0.101228
375.981,8.625,335,0.102744
375.981,8.75,335,0.104261
375.981,8.875,335,0.105777
375.981,9,335,0.107293
375.981,9.125,335,0.10881
375.981,9.25,335,0.110326
375.981,9.375,335,0.111842
375.981,9.5,335,0.113359
375.981,9.625,335,0.114875
375.981,9.75,335,0.116391
375.981,9.875,335,0.117908
375.981,10,335,0.119424
375.981,10.125,335,0.12094
375.981,10.25,335,0.122457
375.981,10.375,335,0.123973
375.981,10.5,335,0.12549
375.981,10.625,335,0.127006
375.981,10.75,335,0.128522
375.981,10.875,335,0.130039
375.981,11,335,0.131194
375.981,11.125,335,0.13271
375.981,11.25,335,0.134226
375.981,11.375,335,0.135742
375.981,11.5,335,0.137258
375.981,11.625,335,0.138775
375.981,11.75,335,0.140291
375.981,11.875,335,0.141807
375.981,12,335,0.143323
375.981,12.125,335,0.144839
375.981,12.25,335,0.146355
375.981,12.375,335,0.147871
375.981,12.5,335,0.149387
375.981,12.625,335,0.150903
375.981,12.75,335,0.152419
375.981,12.875,335,0.153935
375.981,13,335,0.155451
375.981,13.125,335,0.156967
375.981,13.25,335,0.158483
375.981,13.375,335,0.159999
375.981,13.5,335,0.161515
375.981,13.625,335,0.163031
375.981,13.75,335,0.164548
375.981,13.875,335,0.166064
375.981,14,335,0.16758
375.981,14.125,335,0.169096
375.981,14.25,335,0.170612
375.981,14.375,335,0.172128
375.981,14.5,335,0.173644
375.981,14.625,335,0.17516
375.981,14.75,335,0.176676
375.981,14.875,335,0.178192
375.981,15,335,0.179708
375.981,15.125,335,0.181224
375.981,15.25,335,0.18274
375.981,15.375,335,0.184256
375.981,15.5,335,0.185772
375.981,15.625,335,0.187288
375.981,15.75,335,0.188804
375.981,15.875,335,0.19032
375.981,16,335,0.191837
375.981,16.125,335,0.193353
375.981,16.25,335,0.194869
375.981,16.375,335,0.196385
375.981,16.5,335,0.197724
375.981,16.625,335,0.199005
375.981,16.75,335,0.200286
375.981,16.875,335,0.201567
375.981,17,335,0.202848
375.981,17.125,335,0.204129
375.981,17.25,335,0.205409
375.981,17.375,335,0.20669
375.981,17.5,335,0.207971
375.981,17.625,335,0.209252
375.981,17.75,335,0.210533
375.981,17.875,335,0.211814
375.981,18,335,0.213095
375.981,18.125,335,0.214375
375.981,18.25,335,0.215656
375.981,18.375,335,0.216937
375.981,18.5,335,0.218218
375.981,18.625,335,0.219499
375.981,18.75,335,0.22078
375.981,18.875,335,0.222061
375.981,19,335,0.223341
375.981,19.125,335,0.224622
375.981,19.25,335,0.225903
375.981,19.375,335,0.227184
375.981,19.5,335,0.228465
375.981,19.625,335,0.229746
375.981,19.75,335,0.231026
375.981,19.875,335,0.232307
375.981,20,335,0.233588
