x,y,z,b
375.981,0,335,0.0552294
375.981,0.125,335,0.0552691
375.981,0.25,335,0.0553087
375.981,0.375,335,0.0553484
375.981,0.5,335,0.055388
375.981,0.625,335,0.0554277
375.981,0.75,335,0.0554884
375.981,0.875,335,0.0555677
375.981,1,335,0.055647
375.981,1.125,335,0.0557263
375.981,1.25,335,0.0558056
375.981,1.375,335,0.0558849
375.981,1.5,335,0.0559642
375.981,1.625,335,0.0560435
375.981,1.75,335,0.0561228
375.981,1.875,335,0.0562021
375.981,2,335,0.0562814
375.981,2.125,335,0.0564314
375.981,2.25,335,0.0566297
375.981,2.375,335,0.056828
375.981,2.5,335,0.0570262
375.981,2.625,335,0.0572245
375.981,2.75,335,0.0572853
375.981,2.875,335,0.0574193
375.981,3,335,0.0575532
375.981,3.125,335,0.0576872
375.981,3.25,335,0.0578212
375.981,3.375,335,0.0579552
375.981,3.5,335,0.0580892
375.981,3.625,335,0.0582231
375.981,3.75,335,0.0583571
375.981,3.875,335,0.0584911
375.981,4,335,0.0586251
375.981,4.125,335,0.0587921
375.981,4.25,335,0.0591021
375.981,4.375,335,0.0594122
375.981,4.5,335,0.0597222
375.981,4.625,335,0.0600323
375.981,4.75,335,0.0603424
375.981,4.875,335,0.0606524
375.981,5,335,0.0609625
375.981,5.125,335,0.0612725
375.981,5.25,335,0.0615826
375.981,5.375,335,0.0618927
375.981,5.5,335,0.0622027
375.981,5.625,335,0.0625128
375.981,5.75,335,0.0628229
375.981,5.875,335,0.0631329
375.981,6,335,0.063443
375.981,6.125,335,0.063753
375.981,6.25,335,0.0640631
375.981,6.375,335,0.0643732
375.981,6.5,335,0.0646832
375.981,6.625,335,0.0649933
375.981,6.75,335,0.0653033
375.981,6.875,335,0.065778
375.981,7,335,0.0666147
375.981,7.125,335,0.0674515
375.981,7.25,335,0.0682882
375.981,7.375,335,0.069125
375.981,7.5,335,0.0699617
375.981,7.625,335,0.0707984
375.981,7.75,335,0.0716352
375.981,7.875,335,0.0724719
375.981,8,335,0.0733087
375.981,8.125,335,0.0741454
375.981,8.25,335,0.0749822
375.981,8.375,335,0.0758189
375.981,8.5,335,0.0766556
375.981,8.625,335,0.0774924
375.981,8.75,335,0.0783291
375.981,8.875,335,0.0791659
375.981,9,335,0.0800026
375.981,9.125,335,0.0808394
375.981,9.25,335,0.0816761
375.981,9.375,335,0.0825128
375.981,9.5,335,0.0833496
375.981,9.625,335,0.0846588
375.981,9.75,335,0.0865755
375.981,9.875,335,0.0884923
375.981,10,335,0.090409
375.981,10.125,335,0.0923257
375.981,10.25,335,0.0942424
375.981,10.375,335,0.0961591
375.981,10.5,335,0.0980758
375.981,10.625,335,0.0999926
375.981,10.75,335,0.101909
375.981,10.875,335,0.103826
375.981,11,335,0.105743
375.981,11.125,335,0.107659
375.981,11.25,335,0.109576
375.981,11.375,335,0.111493
375.981,11.5,335,0.11341
375.981,11.625,335,0.115326
375.981,11.75,335,0.117243
375.981,11.875,335,0.11916
375.981,12,335,0.121076
375.981,12.125,335,0.122993
375.981,12.25,335,0.12491
375.981,12.375,335,0.126814
375.981,12.5,335,0.128708
375.981,12.625,335,0.130601
375.981,12.75,335,0.132495
375.981,12.875,335,0.134389
375.981,13,335,0.136283
375.981,13.125,335,0.138177
375.981,13.25,335,0.140071
375.981,13.375,335,0.141965
375.981,13.5,335,0.143858
375.981,13.625,335,0.145752
375.981,13.75,335,0.147646
375.981,13.875,335,0.14954
375.981,14,335,0.151434
375.981,14.125,335,0.153328
375.981,14.25,335,0.155222
375.981,14.375,335,0.157115
375.981,14.5,335,0.159009
375.981,14.625,335,0.160903
375.981,14.75,335,0.162797
375.981,14.875,335,0.164691
375.981,15,335,0.166585
375.981,15.125,335,0.168382
375.981,15.25,335,0.170135
375.981,15.375,335,0.171887
375.981,15.5,335,0.17364
375.981,15.625,335,0.175393
375.981,15.75,335,0.177146
375.981,15.875,335,0.178899
375.981,16,335,0.180652
375.981,16.125,335,0.182405
375.981,16.25,335,0.184158
375.981,16.375,335,0.185911
375.981,16.5,335,0.188053
375.981,16.625,335,0.189768
375.981,16.75,335,0.191483
375.981,16.875,335,0.193197
375.981,17,335,0.194912
375.981,17.125,335,0.196627
375.981,17.25,335,0.198342
375.981,17.375,335,0.200057
375.981,17.5,335,0.201771
375.981,17.625,335,0.203486
375.981,17.75,335,0.205201
375.981,17.875,335,0.206916
375.981,18,335,0.208631
375.981,18.125,335,0.210346
375.981,18.25,335,0.21206
375.981,18.375,335,0.213775
375.981,18.5,335,0.21549
375.981,18.625,335,0.217205
375.981,18.75,335,0.21892
375.981,18.875,335,0.220634
375.981,19,335,0.222349
375.981,19.125,335,0.224064
375.981,19.25,335,0.225256
375.981,19.375,335,0.226373
375.981,19.5,335,0.22749
375.981,19.625,335,0.228607
375.981,19.75,335,0.229724
375.981,19.875,335,0.230841
375.981,20,335,0.231958
