x,v,vx,vy,vz
220.096,425,0.580711,0.580674,0.00339375,-0.00566925
220.962,424.5,0.579465,0.579441,0.00265225,-0.00457723
221.828,424,0.578412,0.578398,0.00192403,-0.00350302
222.694,423.5,0.577551,0.577545,0.00120863,-0.00245119
223.56,423,0.576819,0.576817,0.000674576,-0.00135224
224.426,422.5,0.576245,0.576245,0.000248581,-0.000236344
225.292,422,0.576562,0.57656,0.000898254,0.000944292
226.158,421.5,0.576906,0.576899,0.00170822,0.00210685
227.024,421,0.577219,0.577204,0.00250364,0.00325897
227.89,420.5,0.577508,0.577482,0.00324006,0.00440108
228.756,420,0.577853,0.577813,0.00392921,0.00551326
229.622,419.5,0.578433,0.578376,0.00417229,0.0068944
230.488,419,0.579308,0.579229,0.00400827,0.00864167
231.355,418.5,0.58035,0.580243,0.00391094,0.010406
232.221,418,0.581569,0.581429,0.0038262,0.0121904
233.087,417.5,0.582841,0.58266,0.00379826,0.0140206
233.953,417,0.584212,0.583983,0.00378806,0.015887
234.819,416.5,0.585547,0.585284,0.00322552,0.0172354
235.685,416,0.58678,0.586482,0.00260257,0.0185012
236.551,415.5,0.587915,0.587582,0.00192569,0.0196839
237.417,415,0.588976,0.588616,0.00122122,0.0205579
238.283,414.5,0.589813,0.589426,0.000488397,0.0213701
239.149,414,0.590076,0.589668,2.28574e-05,0.0219427
240.015,413.5,0.590113,0.589701,-0.000280426,0.0220284
240.881,413,0.590129,0.589714,-0.000628494,0.0221027
241.747,412.5,0.590095,0.589676,-0.0010087,0.0222069
242.613,412,0.590209,0.589787,-0.00139978,0.0222722
243.479,411.5,0.590373,0.589948,-0.00181353,0.0223374
244.345,411,0.590453,0.590022,-0.00218753,0.0224505
245.211,410.5,0.590617,0.590183,-0.00251408,0.0224924
246.077,410,0.590828,0.590393,-0.00279936,0.0224714
246.943,409.5,0.591015,0.590582,-0.00309236,0.0224046
247.809,409,0.591237,0.590807,-0.00334736,0.0222958
248.675,408.5,0.591298,0.590868,-0.00359172,0.0222615
249.541,408,0.591162,0.590729,-0.00389897,0.0222893
250.407,407.5,0.591035,0.5906,-0.00419177,0.0223032
251.273,407,0.591006,0.590569,-0.00436323,0.0222937
252.139,406.5,0.590948,0.590511,-0.00454656,0.0222689
253.005,406,0.590896,0.59046,-0.00474301,0.0221919
253.871,405.5,0.591153,0.59073,-0.00491077,0.021814
254.737,405,0.591454,0.591042,-0.00505705,0.0214614
255.603,404.5,0.591797,0.591397,-0.00518188,0.0211342
256.469,404,0.592328,0.591941,-0.00516282,0.0207609
257.335,403.5,0.592913,0.592538,-0.0051322,0.0204433
258.201,403,0.593857,0.593486,-0.00522118,0.0203355
259.067,402.5,0.595232,0.594858,-0.00534873,0.0203921
259.933,402,0.596762,0.596383,-0.00546706,0.0205536
260.799,401.5,0.598409,0.598021,-0.00558701,0.0208241
261.665,401,0.600107,0.599709,-0.00570037,0.0210947
262.531,400.5,0.601819,0.601412,-0.00575389,0.0213725
263.397,400,0.603464,0.60305,-0.00565526,0.021622
264.263,399.5,0.604998,0.60458,-0.00556948,0.0217771
265.13,399,0.606381,0.605963,-0.00548542,0.0218238
265.996,398.5,0.607721,0.607301,-0.00540502,0.0219363
266.862,398,0.608878,0.608457,-0.00539601,0.0219742
267.728,397.5,0.608919,0.608509,-0.00525035,0.0217045
268.594,397,0.608481,0.608084,-0.00499575,0.0213955
269.46,396.5,0.607745,0.607365,-0.00478236,0.0209596
270.326,396,0.606119,0.605773,-0.00471584,0.0199227
271.192,395.5,0.604207,0.603898,-0.00470365,0.0187422
272.058,395,0.601806,0.601539,-0.00467289,0.0173006
272.924,394.5,0.597278,0.597089,-0.00410209,0.0144392
273.79,394,0.592232,0.592116,-0.00346319,0.0111814
274.656,393.5,0.58669,0.586635,-0.00276046,0.00753825
275.522,393,0.579445,0.579436,-0.00161481,0.00259653
276.388,392.5,0.571485,0.571477,-0.000406958,-0.0030348
277.254,392,0.563112,0.563032,0.000382575,-0.00952287
278.12,391.5,0.553861,0.55359,0.000758378,-0.0173027
278.986,391,0.544404,0.543797,0.000900979,-0.0256966
279.852,390.5,0.535141,0.53404,0.000915097,-0.0343072
280.718,390,0.526891,0.525133,0.00116031,-0.0429829
281.584,389.5,0.520156,0.5176,0.00147153,-0.0514896
282.45,389,0.514653,0.511175,0.00152726,-0.0597151
283.316,388.5,0.510197,0.505769,0.00164411,-0.0670524
284.182,388,0.506991,0.501697,0.00182036,-0.0730516
285.048,387.5,0.504447,0.498256,0.00176942,-0.078774
285.914,387,0.502736,0.495704,0.00157035,-0.0837809
286.78,386.5,0.50377,0.496292,0.00178795,-0.0864588
287.646,386,0.505423,0.497477,0.00194799,-0.0892457
288.512,385.5,0.507326,0.49887,0.00200725,-0.0922196
289.378,385,0.508161,0.499269,0.00214252,-0.0946203
290.244,384.5,0.509645,0.500235,0.00219968,-0.0974605
291.11,384,0.512233,0.502227,0.00223815,-0.100726
291.976,383.5,0.5148,0.504399,0.000831883,-0.102959
292.842,383,0.517673,0.506853,-0.000658287,-0.105285
293.708,382.5,0.521034,0.509739,-0.00202617,-0.107884
294.574,382,0.525022,0.513652,-0.00281524,-0.108634
295.44,381.5,0.528933,0.517753,-0.00314236,-0.10813
296.306,381,0.536552,0.525592,-0.00391224,-0.107821
297.172,380.5,0.544974,0.533625,-0.0053727,-0.110508
298.038,380,0.552536,0.540353,-0.00792902,-0.11512
298.905,379.5,0.559443,0.546358,-0.0109594,-0.119789
299.771,379,0.565854,0.551737,-0.012818,-0.124948
300.637,378.5,0.573756,0.558468,-0.0115572,-0.131061
301.503,378,0.583492,0.567992,-0.0108054,-0.133159
302.369,377.5,0.596035,0.581068,-0.012977,-0.132098
303.235,377,0.621248,0.605938,-0.0200974,-0.135589
304.101,376.5,0.652838,0.637091,-0.0267443,-0.139992
304.967,376,0.689201,0.673203,-0.0339868,-0.143668
305.833,375.5,0.70638,0.693455,-0.0418922,-0.127822
306.699,375,0.722197,0.711871,-0.0410664,-0.114552
307.565,374.5,0.73682,0.728731,-0.03178,-0.104137
308.431,374,0.76071,0.753617,-0.0114053,-0.10301
309.297,373.5,0.781911,0.775297,0.00810814,-0.101164
310.163,373,0.796841,0.790429,0.0190995,-0.0990619
311.029,372.5,0.794676,0.788092,0.016821,-0.100684
311.895,372,0.792439,0.785834,0.0147343,-0.101034
312.761,371.5,0.794145,0.787838,0.0147009,-0.0987981
313.627,371,0.799805,0.794034,0.0157613,-0.0946031
314.493,370.5,0.805529,0.80003,0.0155629,-0.0926604
315.359,370,0.79963,0.793877,0.012809,-0.0948812
316.225,369.5,0.792507,0.786635,0.0112519,-0.0956361
317.091,369,0.783841,0.77788,0.0115868,-0.0957836
317.957,368.5,0.775157,0.768874,0.0118376,-0.0977776
318.823,368,0.766211,0.759213,0.0131711,-0.102479
319.689,367.5,0.748082,0.739814,0.013916,-0.110032
320.555,367,0.724045,0.714541,0.0101152,-0.116489
321.421,366.5,0.703157,0.692674,0.0028958,-0.12093
322.287,366,0.689936,0.680293,-0.00785301,-0.114677
323.153,365.5,0.677646,0.669828,-0.0127604,-0.101842
324.019,365,0.666872,0.661565,-0.0120557,-0.0831003
324.885,364.5,0.65873,0.653474,-0.0150727,-0.0816623
325.751,364,0.651143,0.646442,-0.0159959,-0.0764526
326.617,363.5,0.644195,0.640489,-0.0148023,-0.0674023
327.483,363,0.643527,0.641134,-0.00969284,-0.0545884
328.349,362.5,0.639147,0.637546,-0.00804836,-0.0444981
329.215,362,0.632515,0.631487,-0.00664054,-0.0354146
330.081,361.5,0.61697,0.616439,-0.00226346,-0.0254798
330.947,361,0.591295,0.590925,0.00989872,-0.0184218
331.813,360.5,0.559079,0.557988,0.0318482,-0.0142988
332.679,360,0.523821,0.520739,0.0505925,-0.0256778
333.546,359.5,0.490363,0.484752,0.0551343,-0.0493079
334.412,359,0.486833,0.478524,0.0438714,-0.0780795
335.278,358.5,0.491909,0.48062,0.0305532,-0.10023
336.144,358,0.509831,0.497831,0.0152183,-0.108906
337.01,357.5,0.525277,0.513897,0.0025176,-0.108718
337.876,357,0.544476,0.534628,-0.00744373,-0.102814
338.742,356.5,0.621169,0.611793,-0.0116004,-0.106891
339.608,356,0.712399,0.70414,-0.0121909,-0.107473
340.474,355.5,0.800378,0.794072,-0.011345,-0.0996279
341.34,355,0.901746,0.899936,-0.00181162,-0.0570812
342.206,354.5,0.994257,0.994141,0.0106985,-0.0107953
343.072,354,1.07112,1.07022,0.0233386,0.0371345
343.938,353.5,1.1128,1.11175,0.0353896,0.0330131
344.804,353,1.17714,1.17329,0.0783841,0.0538707
345.67,352.5,1.19029,1.18352,0.109315,0.0640727
346.536,352,1.15407,1.14479,0.134106,0.0579841
347.402,351.5,1.11737,1.09254,0.229596,0.0463907
348.268,351,1.05868,1.00596,0.328979,0.0251574
349.134,350.5,0.951421,0.860326,0.40621,-0.00589664
350,350,0.746355,0.629293,0.401023,0.0146885
350.866,349.5,0.531161,0.412397,0.330357,0.0540797
351.732,349,0.375516,0.295689,0.201511,0.113904
352.598,348.5,0.33909,0.261603,0.135708,0.167717
353.464,348,0.372525,0.280806,0.106839,0.220246
354.33,347.5,0.419662,0.337421,0.0622587,0.241634
355.196,347,0.455306,0.378579,0.015324,0.252482
356.062,346.5,0.493237,0.424347,0.00335646,0.251399
356.928,346,0.529973,0.462063,0.007164,0.259457
357.794,345.5,0.610869,0.547742,-0.00629475,0.270369
358.66,345,0.695853,0.638167,-0.0211467,0.276598
359.526,344.5,0.78031,0.727337,-0.0307886,0.280919
360.392,344,0.820496,0.780866,-0.0310099,0.250001
361.258,343.5,0.858454,0.830683,-0.0268892,0.214908
362.124,343,0.879419,0.860728,-0.0172088,0.179527
362.99,342.5,0.897059,0.881959,-0.00197347,0.163886
363.856,342,0.91983,0.908635,0.0144828,0.142337
364.722,341.5,0.940413,0.933447,0.0316596,0.109777
365.588,341,0.892951,0.888625,0.0350117,0.0805018
366.454,340.5,0.797976,0.795208,0.0173607,0.0640961
367.321,340,0.780098,0.778819,0.0188035,0.0405017
368.187,339.5,0.767764,0.767288,0.0204029,0.0177183
369.053,339,0.74169,0.741225,-0.0183319,0.0188289
369.919,338.5,0.767647,0.766973,-0.0276464,-0.0164298
370.785,338,0.791714,0.789167,-0.0343142,-0.0533802
371.651,337.5,0.804719,0.800759,-0.0256898,-0.075483
372.517,337,0.807849,0.804687,-0.00316499,-0.07133
373.383,336.5,0.81927,0.817397,0.013771,-0.053625
374.249,336,0.862337,0.861205,0.0318138,-0.0306585
375.115,335.5,0.907115,0.905868,0.0411656,-0.0238135
375.981,335,0.95242,0.950929,0.041822,-0.0329972
376.847,334.5,0.890842,0.88876,0.0442688,-0.0417678
377.713,334,0.887192,0.884745,0.0233755,-0.0615659
378.579,333.5,0.8608,0.856563,0.0461043,-0.0717703
379.445,333,0.894522,0.888469,0.040482,-0.0956738
380.311,332.5,0.922868,0.915253,0.0268601,-0.115219
381.177,332,0.932443,0.924292,0.00770319,-0.12278
382.043,331.5,0.931102,0.921495,-0.00141621,-0.133404
382.909,331,0.927665,0.914004,-0.0022823,-0.158595
383.775,330.5,0.922585,0.901322,0.00308834,-0.196909
384.641,330,0.933435,0.900778,0.0108394,-0.244505
385.507,329.5,0.956842,0.912415,0.0160441,-0.287729
386.373,329,0.944717,0.893954,-0.000746749,-0.30551
387.239,328.5,0.927001,0.871283,-0.0115982,-0.316326
388.105,328,0.909674,0.850193,-0.017019,-0.323094
388.971,327.5,0.903179,0.836626,-0.0188585,-0.339756
389.837,327,0.90468,0.828907,-0.0188032,-0.361947
390.703,326.5,0.899332,0.819611,-0.0237245,-0.369422
391.569,326,0.89768,0.814021,-0.0290409,-0.377301
392.435,325.5,0.901049,0.81306,-0.0340715,-0.386863
393.301,325,0.884884,0.802436,-0.02985,-0.371786
394.167,324.5,0.874262,0.792484,-0.0207606,-0.368608
395.033,324,0.867575,0.782322,-0.00753858,-0.37497
395.899,323.5,0.826447,0.755487,-0.0111047,-0.33486
396.765,323,0.791204,0.731571,-0.0156761,-0.300936
397.631,322.5,0.890119,0.815289,-0.041744,-0.354787
398.497,322,0.897372,0.819295,-0.0370843,-0.36422
399.363,321.5,0.902672,0.821251,-0.0309396,-0.373372
400.229,321,0.906064,0.821156,-0.0233097,-0.382245
401.095,320.5,0.907598,0.819011,-0.0141947,-0.390837
401.962,320,0.907325,0.814824,-0.00375165,-0.399106
402.828,319.5,0.890566,0.806081,-0.00810727,-0.378518
403.694,319,0.874479,0.799053,-0.0109915,-0.355115
404.56,318.5,0.861948,0.794737,-0.0123761,-0.333456
405.426,318,0.849351,0.797926,-0.0389141,-0.288441
406.292,317.5,0.880607,0.825068,-0.0385738,-0.30536
407.158,317,0.876217,0.816333,-0.0248145,-0.317398
408.024,316.5,0.883893,0.820822,-0.0108816,-0.327721
408.89,316,0.900317,0.836721,0.00156312,-0.332362
409.756,315.5,0.892293,0.840366,0.00639657,-0.299884
410.622,315,0.886482,0.841794,0.0203252,-0.277163
411.488,314.5,0.88626,0.843087,0.041587,-0.270057
412.354,314,0.894953,0.855449,0.0660172,-0.254538
413.22,313.5,0.915384,0.878858,0.0902406,-0.239569
414.086,313,0.943029,0.910239,0.10862,-0.22129
414.952,312.5,0.913239,0.893117,0.0858225,-0.170241
415.818,312,0.885714,0.874081,0.063004,-0.128461
416.684,311.5,0.870193,0.863278,0.0438657,-0.100316
417.55,311,0.861437,0.854619,0.0361385,-0.101953
418.416,310.5,0.843431,0.83352,0.0382189,-0.123125
419.282,310,0.816643,0.803048,0.0462301,-0.141005
420.148,309.5,0.798469,0.786989,0.0403899,-0.128722
421.014,309,0.791498,0.78477,0.0262614,-0.0995752
421.88,308.5,0.789885,0.785772,0.0123188,-0.079557
422.746,308,0.791798,0.788228,-0.000675462,-0.0751045
423.612,307.5,0.794179,0.7894,-0.0138792,-0.0858835
424.478,307,0.784659,0.780543,-0.0207643,-0.0775358
425.344,306.5,0.775262,0.772012,-0.0209237,-0.0677546
426.21,306,0.78389,0.780802,-0.0246712,-0.0649841
427.076,305.5,0.756245,0.752247,-0.00888804,-0.0771552
427.942,305,0.762719,0.757223,-0.018106,-0.0895846
428.808,304.5,0.781886,0.774506,0.021502,-0.104994
429.674,304,0.812135,0.800666,0.0617099,-0.121201
430.54,303.5,0.853423,0.836546,0.097047,-0.138215
431.406,303,0.833934,0.820663,0.0869775,-0.119966
432.272,302.5,0.894631,0.884179,0.0398427,-0.130398
433.138,302,0.919785,0.908981,0.0386622,-0.135141
434.004,301.5,0.942474,0.931075,0.0388193,-0.140886
434.87,301,0.961078,0.948597,0.0402825,-0.149035
435.737,300.5,0.886955,0.875489,0.0629346,-0.127464
436.603,300,0.92298,0.908791,0.0694057,-0.145515
437.469,299.5,0.961665,0.944426,0.073049,-0.165902
438.335,299,0.980464,0.962908,0.0633603,-0.173498
439.201,298.5,0.999132,0.9814,0.0531544,-0.179702
440.067,298,1.01992,1.00255,0.0454382,-0.181818
440.933,297.5,1.03319,1.01845,0.0350887,-0.170299
441.799,297,1.04312,1.03259,0.0233352,-0.145976
442.665,296.5,1.06224,1.05372,0.0228711,-0.132313
443.531,296,1.07949,1.06949,0.0272378,-0.144054
444.397,295.5,1.09443,1.08278,0.0293315,-0.156482
445.263,295,1.10921,1.09519,0.0359317,-0.172109
446.129,294.5,1.12636,1.11037,0.0354716,-0.18576
446.995,294,1.14581,1.12832,0.0279511,-0.197434
447.861,293.5,1.10762,1.09068,0.0446418,-0.187725
448.727,293,1.063,1.04582,0.0654156,-0.178792
449.593,292.5,1.01946,1.00091,0.0868874,-0.172976
450.459,292,0.969101,0.944468,0.103631,-0.190783
451.325,291.5,0.9362,0.901832,0.112507,-0.224747
452.191,291,0.913257,0.873184,0.107171,-0.24516
453.057,290.5,0.87317,0.841594,0.0850355,-0.216598
453.923,290,0.831195,0.808494,0.0623274,-0.18259
454.789,289.5,0.847137,0.83185,0.0401467,-0.155094
455.655,289,0.842366,0.825321,0.0302575,-0.165861
456.521,288.5,0.842516,0.82259,0.0208897,-0.180949
457.387,288,0.848161,0.825335,0.0266035,-0.19363
458.253,287.5,0.859114,0.832084,0.034252,-0.211046
459.119,287,0.877127,0.845363,0.0398068,-0.230496
459.985,286.5,0.902423,0.869248,0.0379148,-0.239451
460.851,286,0.926786,0.891748,0.0336498,-0.250172
461.717,285.5,0.950283,0.912863,0.0270119,-0.262658
462.583,285,0.952018,0.91365,0.0184885,-0.266908
463.449,284.5,0.94161,0.902879,0.0108116,-0.267061
464.315,284,0.927542,0.890131,-0.0246748,-0.259599
465.181,283.5,0.979259,0.940718,-0.0241496,-0.270952
466.047,283,1.01676,0.978355,-0.0104786,-0.276593
466.913,282.5,1.02448,0.978978,-0.00587493,-0.301874
467.779,282,1.03447,0.978868,-0.0114126,-0.334394
468.645,281.5,1.04741,0.980186,-0.026266,-0.368247
469.512,281,1.05194,0.978109,-0.0518094,-0.38367
470.378,280.5,1.05625,0.977384,-0.0754893,-0.393297
471.244,280,1.06529,0.980556,-0.0862002,-0.407333
472.11,279.5,1.07667,0.982627,-0.0761589,-0.433423
472.976,279,1.09004,0.982573,-0.056116,-0.468595
473.842,278.5,1.10929,0.98669,-0.0394672,-0.50537
474.708,278,1.12818,0.990521,-0.0277462,-0.539344
475.574,277.5,1.1362,0.987584,-0.0176878,-0.561538
476.44,277,1.1549,0.994981,-0.00462377,-0.586324
477.306,276.5,1.19252,1.01863,0.00284431,-0.620063
478.172,276,1.22341,1.036,-0.00774099,-0.650667
479.038,275.5,1.24495,1.05076,-0.0193962,-0.667409
