x,v,vx,vy,vz
220.096,425,0.654363,0.654363,9.66765e-07,2.90669e-06
220.962,424.5,0.654362,0.654362,9.4977e-07,2.86592e-06
221.828,424,0.654362,0.654362,9.32681e-07,2.8254e-06
222.694,423.5,0.654362,0.654362,9.15416e-07,2.78511e-06
223.56,423,0.654361,0.654361,9.02829e-07,2.74518e-06
224.426,422.5,0.654361,0.654361,8.9152e-07,2.70565e-06
225.292,422,0.654361,0.654361,8.79904e-07,2.66697e-06
226.158,421.5,0.65436,0.65436,8.66488e-07,2.62868e-06
227.024,421,0.65436,0.65436,8.52301e-07,2.59073e-06
227.89,420.5,0.65436,0.65436,8.38152e-07,2.55308e-06
228.756,420,0.654359,0.654359,8.24803e-07,2.51565e-06
229.622,419.5,0.654359,0.654359,8.12226e-07,2.47848e-06
230.488,419,0.654359,0.654359,7.99912e-07,2.4417e-06
231.355,418.5,0.654359,0.654359,7.86685e-07,2.40526e-06
232.221,418,0.654358,0.654358,7.71222e-07,2.36915e-06
233.087,417.5,0.654358,0.654358,7.55588e-07,2.33338e-06
233.953,417,0.654358,0.654358,7.40811e-07,2.29792e-06
234.819,416.5,0.654358,0.654358,7.30387e-07,2.26282e-06
235.685,416,0.654357,0.654357,7.19818e-07,2.22802e-06
236.551,415.5,0.654357,0.654357,7.09072e-07,2.19352e-06
237.417,415,0.654357,0.654357,6.97398e-07,2.15939e-06
238.283,414.5,0.654357,0.654357,6.85997e-07,2.12555e-06
239.149,414,0.654357,0.654357,6.74693e-07,2.09207e-06
240.015,413.5,0.654356,0.654356,6.66794e-07,2.0591e-06
240.881,413,0.654356,0.654356,6.59538e-07,2.02636e-06
241.747,412.5,0.654356,0.654356,6.52419e-07,1.99385e-06
242.613,412,0.654356,0.654356,6.44521e-07,1.96159e-06
243.479,411.5,0.654356,0.654356,6.36066e-07,1.92958e-06
244.345,411,0.654355,0.654355,6.27788e-07,1.89804e-06
245.211,410.5,0.654355,0.654355,6.21449e-07,1.86678e-06
246.077,410,0.654355,0.654355,6.1622e-07,1.83581e-06
246.943,409.5,0.654355,0.654355,6.10697e-07,1.80508e-06
247.809,409,0.654355,0.654355,6.05567e-07,1.77459e-06
248.675,408.5,0.654355,0.654355,6.01451e-07,1.74437e-06
249.541,408,0.654354,0.654354,5.97234e-07,1.7144e-06
250.407,407.5,0.654354,0.654354,5.93911e-07,1.68466e-06
251.273,407,0.654354,0.654354,5.93962e-07,1.6552e-06
252.139,406.5,0.654354,0.654354,5.94164e-07,1.62604e-06
253.005,406,0.654354,0.654354,5.94576e-07,1.59721e-06
253.871,405.5,0.654354,0.654354,5.95797e-07,1.56874e-06
254.737,405,0.654353,0.654353,5.97049e-07,1.54053e-06
255.603,404.5,0.654353,0.654353,5.98333e-07,1.51259e-06
256.469,404,0.654353,0.654353,5.94803e-07,1.48481e-06
257.335,403.5,0.654353,0.654353,5.9086e-07,1.4573e-06
258.201,403,0.654353,0.654353,5.87047e-07,1.43002e-06
259.067,402.5,0.654353,0.654353,5.8691e-07,1.40296e-06
259.933,402,0.654352,0.654352,5.87677e-07,1.37621e-06
260.799,401.5,0.654352,0.654352,5.88294e-07,1.34977e-06
261.665,401,0.654352,0.654352,5.88872e-07,1.32359e-06
262.531,400.5,0.654352,0.654352,5.89641e-07,1.29763e-06
263.397,400,0.654352,0.654352,5.90407e-07,1.27197e-06
264.263,399.5,0.654352,0.654352,5.92058e-07,1.24661e-06
265.13,399,0.654352,0.654352,5.95042e-07,1.22155e-06
265.996,398.5,0.654351,0.654351,5.98304e-07,1.19677e-06
266.862,398,0.654351,0.654351,5.9975e-07,1.17232e-06
267.728,397.5,0.654351,0.654351,5.96068e-07,1.14825e-06
268.594,397,0.654351,0.654351,5.92382e-07,1.12443e-06
269.46,396.5,0.654351,0.654351,5.88621e-07,1.10083e-06
270.326,396,0.654351,0.654351,5.83594e-07,1.07743e-06
271.192,395.5,0.65435,0.65435,5.78411e-07,1.05427e-06
272.058,395,0.65435,0.65435,5.73191e-07,1.03132e-06
272.924,394.5,0.65435,0.65435,5.72077e-07,1.00866e-06
273.79,394,0.65435,0.65435,5.70787e-07,9.86262e-07
274.656,393.5,0.65435,0.65435,5.69265e-07,9.64128e-07
275.522,393,0.65435,0.65435,5.67626e-07,9.42212e-07
276.388,392.5,0.654349,0.654349,5.65998e-07,9.20535e-07
277.254,392,0.654349,0.654349,5.64328e-07,8.9901e-07
278.12,391.5,0.654349,0.654349,5.58839e-07,8.77678e-07
278.986,391,0.654349,0.654349,5.51633e-07,8.56626e-07
279.852,390.5,0.654349,0.654349,5.44575e-07,8.35875e-07
280.718,390,0.654349,0.654349,5.37651e-07,8.15454e-07
281.584,389.5,0.654348,0.654348,5.30638e-07,7.95338e-07
282.45,389,0.654348,0.654348,5.2353e-07,7.75465e-07
283.316,388.5,0.654348,0.654348,5.16575e-07,7.5584e-07
284.182,388,0.654348,0.654348,5.09848e-07,7.36438e-07
285.048,387.5,0.654348,0.654348,5.03067e-07,7.17281e-07
285.914,387,0.654348,0.654348,4.9624e-07,6.98373e-07
286.78,386.5,0.654348,0.654348,4.89568e-07,6.79682e-07
287.646,386,0.654347,0.654347,4.82842e-07,6.61263e-07
288.512,385.5,0.654347,0.654347,4.75892e-07,6.43128e-07
289.378,385,0.654347,0.654347,4.65675e-07,6.2529e-07
290.244,384.5,0.654347,0.654347,4.55572e-07,6.07667e-07
291.11,384,0.654347,0.654347,4.45523e-07,5.90248e-07
291.976,383.5,0.654347,0.654347,4.34086e-07,5.73131e-07
292.842,383,0.654347,0.654347,4.22608e-07,5.56273e-07
293.708,382.5,0.654346,0.654346,4.11268e-07,5.39664e-07
294.574,382,0.654346,0.654346,4.00322e-07,5.2341e-07
295.44,381.5,0.654346,0.654346,3.89363e-07,5.07456e-07
296.306,381,0.654346,0.654346,3.78346e-07,4.91733e-07
297.172,380.5,0.654346,0.654346,3.67051e-07,4.76264e-07
298.038,380,0.654346,0.654346,3.55418e-07,4.61041e-07
298.905,379.5,0.654346,0.654346,3.43671e-07,4.46044e-07
299.771,379,0.654346,0.654346,3.33249e-07,4.31299e-07
300.637,378.5,0.654345,0.654345,3.24953e-07,4.16827e-07
301.503,378,0.654345,0.654345,3.16659e-07,4.02575e-07
302.369,377.5,0.654345,0.654345,3.07987e-07,3.8856e-07
303.235,377,0.654345,0.654345,2.98505e-07,3.74778e-07
304.101,376.5,0.654345,0.654345,2.89044e-07,3.61225e-07
304.967,376,0.654345,0.654345,2.80044e-07,3.479e-07
305.833,375.5,0.654345,0.654345,2.7521e-07,3.34773e-07
306.699,375,0.654345,0.654345,2.70442e-07,3.219e-07
307.565,374.5,0.654345,0.654345,2.65737e-07,3.09283e-07
308.431,374,0.654345,0.654345,2.59735e-07,2.9696e-07
309.297,373.5,0.654344,0.654344,2.53571e-07,2.84908e-07
310.163,373,0.654344,0.654344,2.4735e-07,2.73148e-07
311.029,372.5,0.654344,0.654344,2.41187e-07,2.61639e-07
311.895,372,0.654344,0.654344,2.35024e-07,2.50369e-07
312.761,371.5,0.654344,0.654344,2.28848e-07,2.39345e-07
313.627,371,0.654344,0.654344,2.21714e-07,2.28555e-07
314.493,370.5,0.654344,0.654344,2.14138e-07,2.17995e-07
315.359,370,0.654344,0.654344,2.06506e-07,2.07752e-07
316.225,369.5,0.654344,0.654344,1.99456e-07,1.97778e-07
317.091,369,0.654344,0.654344,1.93165e-07,1.88049e-07
317.957,368.5,0.654344,0.654344,1.86945e-07,1.78544e-07
318.823,368,0.654344,0.654344,1.80422e-07,1.69272e-07
319.689,367.5,0.654344,0.654344,1.73028e-07,1.60254e-07
320.555,367,0.654344,0.654344,1.65669e-07,1.51482e-07
321.421,366.5,0.654344,0.654344,1.58572e-07,1.42962e-07
322.287,366,0.654343,0.654343,1.52445e-07,1.34741e-07
323.153,365.5,0.654343,0.654343,1.46244e-07,1.26777e-07
324.019,365,0.654343,0.654343,1.39975e-07,1.19067e-07
324.885,364.5,0.654343,0.654343,1.33034e-07,1.11557e-07
325.751,364,0.654343,0.654343,1.26042e-07,1.04282e-07
326.617,363.5,0.654343,0.654343,1.18999e-07,9.72414e-08
327.483,363,0.654343,0.654343,1.13108e-07,9.04344e-08
328.349,362.5,0.654343,0.654343,1.07483e-07,8.3869e-08
329.215,362,0.654343,0.654343,1.01929e-07,7.75343e-08
330.081,361.5,0.654343,0.654343,9.63491e-08,7.1431e-08
330.947,361,0.654343,0.654343,9.07586e-08,6.55581e-08
331.813,360.5,0.654343,0.654343,8.5172e-08,5.99153e-08
332.679,360,0.654343,0.654343,7.97863e-08,5.4491e-08
333.546,359.5,0.654343,0.654343,7.45593e-08,4.9289e-08
334.412,359,0.654343,0.654343,6.93007e-08,4.43096e-08
335.278,358.5,0.654343,0.654343,6.45831e-08,3.95756e-08
336.144,358,0.654343,0.654343,6.07496e-08,3.50947e-08
337.01,357.5,0.654343,0.654343,5.68969e-08,3.08657e-08
337.876,357,0.654343,0.654343,5.35102e-08,2.68855e-08
338.742,356.5,0.654343,0.654343,5.19301e-08,2.30994e-08
339.608,356,0.654343,0.654343,5.03278e-08,1.95369e-08
340.474,355.5,0.654343,0.654343,4.87942e-08,1.62164e-08
341.34,355,0.654343,0.654343,4.86928e-08,1.31295e-08
342.206,354.5,0.654343,0.654343,4.86251e-08,1.02757e-08
343.072,354,0.654343,0.654343,4.85998e-08,7.65173e-09
343.938,353.5,0.654343,0.654343,4.58304e-08,5.2723e-09
344.804,353,0.654343,0.654343,4.27329e-08,3.12971e-09
345.67,352.5,0.654343,0.654343,3.96405e-08,1.22148e-09
346.536,352,0.654343,0.654343,3.85419e-08,-4.54036e-10
347.402,351.5,0.654343,0.654343,3.81454e-08,-1.88349e-09
348.268,351,0.654343,0.654343,3.77882e-08,-3.017e-09
349.134,350.5,0.654343,0.654343,3.80211e-08,-3.90394e-09
350,350,0.654343,0.654343,3.86697e-08,-4.54581e-09
350.866,349.5,0.654343,0.654343,3.93173e-08,-4.93262e-09
351.732,349,0.654343,0.654343,4.08003e-08,-5.06936e-09
352.598,348.5,0.654343,0.654343,4.34146e-08,-4.94456e-09
353.464,348,0.654343,0.654343,4.59842e-08,-4.51522e-09
354.33,347.5,0.654343,0.654343,4.74512e-08,-3.83496e-09
355.196,347,0.654343,0.654343,4.58435e-08,-2.91749e-09
356.062,346.5,0.654343,0.654343,4.42291e-08,-1.76302e-09
356.928,346,0.654343,0.654343,4.23352e-08,-3.70847e-10
357.794,345.5,0.654343,0.654343,3.81123e-08,1.2576e-09
358.66,345,0.654343,0.654343,3.38856e-08,3.12355e-09
359.526,344.5,0.654343,0.654343,2.96657e-08,5.22922e-09
360.392,344,0.654343,0.654343,2.65286e-08,7.57524e-09
361.258,343.5,0.654343,0.654343,2.34602e-08,1.01613e-08
362.124,343,0.654343,0.654343,2.03954e-08,1.29661e-08
362.99,342.5,0.654343,0.654343,1.66195e-08,1.59307e-08
363.856,342,0.654343,0.654343,1.26936e-08,1.9123e-08
364.722,341.5,0.654343,0.654343,8.80441e-09,2.2551e-08
365.588,341,0.654343,0.654343,3.7012e-09,2.62181e-08
366.454,340.5,0.654343,0.654343,-2.13589e-09,3.01295e-08
367.321,340,0.654343,0.654343,-7.91246e-09,3.43037e-08
368.187,339.5,0.654343,0.654343,-1.3564e-08,3.87252e-08
369.053,339,0.654343,0.654343,-1.91601e-08,4.33807e-08
369.919,338.5,0.654343,0.654343,-2.48334e-08,4.82638e-08
370.785,338,0.654343,0.654343,-3.04043e-08,5.33719e-08
371.651,337.5,0.654343,0.654343,-3.55941e-08,5.87102e-08
372.517,337,0.654343,0.654343,-4.08081e-08,6.4289e-08
373.383,336.5,0.654343,0.654343,-4.63279e-08,7.0111e-08
374.249,336,0.654343,0.654343,-5.31995e-08,7.61813e-08
375.115,335.5,0.654343,0.654343,-6.00351e-08,8.2498e-08
375.981,335,0.654343,0.654343,-6.68455e-08,8.90609e-08
376.847,334.5,0.654343,0.654343,-7.59132e-08,9.57148e-08
377.713,334,0.654343,0.654343,-8.49204e-08,1.02602e-07
378.579,333.5,0.654343,0.654343,-9.38582e-08,1.09731e-07
379.445,333,0.654343,0.654343,-1.05291e-07,1.17125e-07
380.311,332.5,0.654343,0.654343,-1.17197e-07,1.2476e-07
381.177,332,0.654343,0.654343,-1.29066e-07,1.32645e-07
382.043,331.5,0.654343,0.654343,-1.40834e-07,1.40847e-07
382.909,331,0.654343,0.654343,-1.52649e-07,1.49288e-07
383.775,330.5,0.654343,0.654343,-1.64529e-07,1.57942e-07
384.641,330,0.654343,0.654343,-1.7736e-07,1.66846e-07
385.507,329.5,0.654343,0.654343,-1.90945e-07,1.76012e-07
386.373,329,0.654343,0.654343,-2.04476e-07,1.8551e-07
387.239,328.5,0.654343,0.654343,-2.16033e-07,1.95279e-07
388.105,328,0.654343,0.654343,-2.24258e-07,2.05344e-07
388.971,327.5,0.654343,0.654343,-2.32432e-07,2.15646e-07
389.837,327,0.654343,0.654343,-2.40818e-07,2.26177e-07
390.703,326.5,0.654343,0.654343,-2.50214e-07,2.36932e-07
391.569,326,0.654343,0.654343,-2.59614e-07,2.4793e-07
392.435,325.5,0.654344,0.654344,-2.68621e-07,2.59144e-07
393.301,325,0.654344,0.654344,-2.7267e-07,2.70602e-07
394.167,324.5,0.654344,0.654344,-2.76782e-07,2.82313e-07
395.033,324,0.654344,0.654344,-2.80955e-07,2.94278e-07
395.899,323.5,0.654344,0.654344,-2.85756e-07,3.06485e-07
396.765,323,0.654344,0.654344,-2.90769e-07,3.18942e-07
397.631,322.5,0.654344,0.654344,-2.95933e-07,3.31648e-07
398.497,322,0.654344,0.654344,-3.01341e-07,3.44578e-07
399.363,321.5,0.654344,0.654344,-3.0669e-07,3.57759e-07
400.229,321,0.654344,0.654344,-3.11956e-07,3.71169e-07
401.095,320.5,0.654344,0.654344,-3.1849e-07,3.84813e-07
401.962,320,0.654344,0.654344,-3.25804e-07,3.98713e-07
402.828,319.5,0.654345,0.654345,-3.33032e-07,4.12874e-07
403.694,319,0.654345,0.654345,-3.39771e-07,4.27269e-07
404.56,318.5,0.654345,0.654345,-3.45994e-07,4.41844e-07
405.426,318,0.654345,0.654345,-3.52117e-07,4.56607e-07
406.292,317.5,0.654345,0.654345,-3.58439e-07,4.71634e-07
407.158,317,0.654345,0.654345,-3.6565e-07,4.86937e-07
408.024,316.5,0.654345,0.654345,-3.72876e-07,5.02486e-07
408.89,316,0.654345,0.654345,-3.80108e-07,5.18298e-07
409.756,315.5,0.654345,0.654345,-3.87305e-07,5.34488e-07
410.622,315,0.654346,0.654346,-3.94612e-07,5.50916e-07
411.488,314.5,0.654346,0.654346,-4.02026e-07,5.67567e-07
412.354,314,0.654346,0.654346,-4.09961e-07,5.84527e-07
413.22,313.5,0.654346,0.654346,-4.17803e-07,6.01722e-07
414.086,313,0.654346,0.654346,-4.25539e-07,6.19156e-07
414.952,312.5,0.654346,0.654346,-4.31919e-07,6.36987e-07
415.818,312,0.654346,0.654346,-4.37916e-07,6.55083e-07
416.684,311.5,0.654347,0.654347,-4.4386e-07,6.73416e-07
417.55,311,0.654347,0.654347,-4.48746e-07,6.91998e-07
418.416,310.5,0.654347,0.654347,-4.53267e-07,7.1081e-07
419.282,310,0.654347,0.654347,-4.57833e-07,7.29814e-07
420.148,309.5,0.654347,0.654347,-4.61755e-07,7.49035e-07
421.014,309,0.654347,0.654347,-4.65256e-07,7.68529e-07
421.88,308.5,0.654347,0.654347,-4.68897e-07,7.88292e-07
422.746,308,0.654348,0.654348,-4.70691e-07,8.08365e-07
423.612,307.5,0.654348,0.654348,-4.68424e-07,8.28793e-07
424.478,307,0.654348,0.654348,-4.66361e-07,8.4945e-07
425.344,306.5,0.654348,0.654348,-4.63987e-07,8.70336e-07
426.21,306,0.654348,0.654348,-4.58562e-07,8.91414e-07
427.076,305.5,0.654348,0.654348,-4.52953e-07,9.12748e-07
427.942,305,0.654349,0.654349,-4.47103e-07,9.34338e-07
428.808,304.5,0.654349,0.654349,-4.37459e-07,9.56206e-07
429.674,304,0.654349,0.654349,-4.27721e-07,9.78376e-07
430.54,303.5,0.654349,0.654349,-4.1787e-07,1.00085e-06
431.406,303,0.654349,0.654349,-4.16373e-07,1.02354e-06
432.272,302.5,0.654349,0.654349,-4.16409e-07,1.04642e-06
433.138,302,0.654349,0.654349,-4.16522e-07,1.06946e-06
434.004,301.5,0.65435,0.65435,-4.13978e-07,1.09274e-06
434.87,301,0.65435,0.65435,-4.10399e-07,1.1163e-06
435.737,300.5,0.65435,0.65435,-4.06859e-07,1.14011e-06
436.603,300,0.65435,0.65435,-4.04344e-07,1.16431e-06
437.469,299.5,0.65435,0.65435,-4.02597e-07,1.18888e-06
438.335,299,0.65435,0.65435,-4.00911e-07,1.21379e-06
439.201,298.5,0.65435,0.65435,-3.99276e-07,1.23894e-06
440.067,298,0.654351,0.654351,-3.97365e-07,1.26434e-06
440.933,297.5,0.654351,0.654351,-3.95324e-07,1.28998e-06
441.799,297,0.654351,0.654351,-3.94994e-07,1.31589e-06
442.665,296.5,0.654351,0.654351,-4.00959e-07,1.34224e-06
443.531,296,0.654351,0.654351,-4.06877e-07,1.36892e-06
444.397,295.5,0.654351,0.654351,-4.12968e-07,1.39586e-06
445.263,295,0.654351,0.654351,-4.23053e-07,1.42299e-06
446.129,294.5,0.654351,0.654351,-4.3335e-07,1.45038e-06
446.995,294,0.654351,0.654351,-4.4386e-07,1.47803e-06
447.861,293.5,0.654352,0.654352,-4.51942e-07,1.50575e-06
448.727,293,0.654352,0.654352,-4.59923e-07,1.53378e-06
449.593,292.5,0.654352,0.654352,-4.68061e-07,1.56215e-06
450.459,292,0.654352,0.654352,-4.7619e-07,1.59081e-06
451.325,291.5,0.654352,0.654352,-4.84106e-07,1.61979e-06
452.191,291,0.654352,0.654352,-4.91983e-07,1.64909e-06
453.057,290.5,0.654352,0.654352,-5.01311e-07,1.67851e-06
453.923,290,0.654353,0.654353,-5.11203e-07,1.70812e-06
454.789,289.5,0.654353,0.654353,-5.20834e-07,1.73803e-06
455.655,289,0.654353,0.654353,-5.30141e-07,1.76821e-06
456.521,288.5,0.654353,0.654353,-5.39309e-07,1.79864e-06
457.387,288,0.654353,0.654353,-5.48501e-07,1.8295e-06
458.253,287.5,0.654353,0.654353,-5.5685e-07,1.8607e-06
459.119,287,0.654353,0.654353,-5.6357e-07,1.89213e-06
459.985,286.5,0.654353,0.654353,-5.7043e-07,1.92376e-06
460.851,286,0.654354,0.654354,-5.78007e-07,1.95557e-06
461.717,285.5,0.654354,0.654354,-5.89421e-07,1.98765e-06
462.583,285,0.654354,0.654354,-6.00684e-07,2.02007e-06
463.449,284.5,0.654354,0.654354,-6.11955e-07,2.05278e-06
464.315,284,0.654354,0.654354,-6.2887e-07,2.08599e-06
465.181,283.5,0.654354,0.654354,-6.4585e-07,2.1195e-06
466.047,283,0.654355,0.654355,-6.62714e-07,2.15331e-06
466.913,282.5,0.654355,0.654355,-6.88825e-07,2.18764e-06
467.779,282,0.654355,0.654355,-7.16815e-07,2.22221e-06
468.645,281.5,0.654355,0.654355,-7.44569e-07,2.257e-06
469.512,281,0.654355,0.654355,-7.72621e-07,2.29213e-06
470.378,280.5,0.654355,0.654355,-8.01112e-07,2.32767e-06
471.244,280,0.654356,0.654356,-8.29696e-07,2.36373e-06
472.11,279.5,0.654356,0.654356,-8.61917e-07,2.40019e-06
472.976,279,0.654356,0.654356,-8.98265e-07,2.43689e-06
473.842,278.5,0.654356,0.654356,-9.34998e-07,2.47383e-06
474.708,278,0.654357,0.654357,-9.67057e-07,2.51094e-06
475.574,277.5,0.654357,0.654357,-9.89132e-07,2.5482e-06
476.44,277,0.654357,0.654357,-1.01077e-06,2.5861e-06
477.306,276.5,0.654357,0.654357,-1.03309e-06,2.62438e-06
478.172,276,0.654358,0.654358,-1.05746e-06,2.66307e-06
479.038,275.5,0.654358,0.654358,-1.08161e-06,2.70212e-06
