x,v,vx,vy,vz
220.096,425,0.496837,0.496773,0.00139629,0.00780575
220.962,424.5,0.498083,0.498035,0.00286543,0.00630373
221.828,424,0.498637,0.49859,0.00442873,0.00517008
222.694,423.5,0.498479,0.498422,0.00608177,0.00440121
223.56,423,0.497921,0.497844,0.00769402,0.00417707
224.426,422.5,0.496852,0.496749,0.00910183,0.00439103
225.292,422,0.497191,0.497093,0.00709767,0.00688495
226.158,421.5,0.498557,0.498442,0.00492766,0.00951047
227.024,421,0.500424,0.500271,0.00309692,0.0120182
227.89,420.5,0.502678,0.502469,0.00169857,0.0143865
228.756,420,0.505261,0.504987,0.000889444,0.016627
229.622,419.5,0.505417,0.505086,0.00123952,0.0182543
230.488,419,0.502164,0.501789,0.00208941,0.0193066
231.355,418.5,0.498367,0.497943,0.00256272,0.0203928
232.221,418,0.494193,0.493713,0.00276841,0.02159
233.087,417.5,0.489831,0.489291,0.00263655,0.0228302
233.953,417,0.485378,0.484775,0.00216186,0.0240854
234.819,416.5,0.488477,0.487831,0.0013932,0.0250689
235.685,416,0.491441,0.490743,0.000854458,0.0261775
236.551,415.5,0.494174,0.493413,0.000561152,0.02742
237.417,415,0.497173,0.496328,0.000770263,0.0289562
238.283,414.5,0.499858,0.498918,0.00101842,0.0306234
239.149,414,0.499659,0.498635,0.00103818,0.0319531
240.015,413.5,0.49661,0.495522,0.00116587,0.0328331
240.881,413,0.493505,0.49235,0.00129957,0.0337169
241.747,412.5,0.490388,0.489163,0.00138184,0.0346096
242.613,412,0.487106,0.485795,0.00151326,0.0356816
243.479,411.5,0.484046,0.482638,0.00173218,0.0368613
244.345,411,0.485527,0.483995,0.00329599,0.0383933
245.211,410.5,0.486577,0.484905,0.0046433,0.0400357
246.077,410,0.487141,0.48531,0.00583538,0.0417903
246.943,409.5,0.48733,0.485325,0.00708879,0.0435806
247.809,409,0.487056,0.484858,0.00818105,0.045488
248.675,408.5,0.485336,0.482958,0.00830855,0.047263
249.541,408,0.482647,0.480111,0.00792607,0.0487712
250.407,407.5,0.479633,0.476931,0.00753499,0.0502805
251.273,407,0.476236,0.473341,0.00721354,0.0519385
252.139,406.5,0.472557,0.469467,0.00683228,0.0535208
253.005,406,0.468708,0.465412,0.0065461,0.0550967
253.871,405.5,0.465364,0.461751,0.00788963,0.0573395
254.737,405,0.461597,0.457629,0.00972088,0.0596075
255.603,404.5,0.457414,0.453046,0.0120399,0.0619007
256.469,404,0.452695,0.447917,0.013217,0.0642519
257.335,403.5,0.447647,0.442445,0.0142088,0.0665472
258.201,403,0.441596,0.436075,0.0143006,0.0681213
259.067,402.5,0.435775,0.429976,0.0140125,0.0694537
259.933,402,0.430009,0.423931,0.0139011,0.0706897
260.799,401.5,0.424042,0.417698,0.0139797,0.0717219
261.665,401,0.416149,0.409521,0.0153199,0.0723716
262.531,400.5,0.406435,0.399477,0.0175383,0.0728044
263.397,400,0.394452,0.387075,0.0197139,0.0733244
264.263,399.5,0.381441,0.373249,0.0225713,0.0753198
265.13,399,0.367848,0.358277,0.0261602,0.0791556
265.996,398.5,0.354326,0.343213,0.0288682,0.0831764
266.862,398,0.338891,0.32619,0.0305665,0.0866796
267.728,397.5,0.316715,0.302814,0.0325134,0.086922
268.594,397,0.292959,0.277721,0.0343864,0.0866819
269.46,396.5,0.269938,0.252388,0.035268,0.08901
270.326,396,0.257731,0.232265,0.0311744,0.107267
271.192,395.5,0.249944,0.212311,0.0249506,0.129513
272.058,395,0.247354,0.191316,0.0157917,0.155991
272.924,394.5,0.261424,0.168085,-0.00680537,0.200109
273.79,394,0.284538,0.134717,-0.0315527,0.248631
274.656,393.5,0.320192,0.0911029,-0.0583262,0.301366
275.522,393,0.389332,0.034514,-0.112809,0.371029
276.388,392.5,0.486893,-0.0468786,-0.183082,0.448719
277.254,392,0.57659,-0.164281,-0.249687,0.493077
278.12,391.5,0.596147,-0.267559,-0.273135,0.457384
278.986,391,0.68074,-0.458183,-0.270645,0.42453
279.852,390.5,0.70114,-0.581851,-0.173819,0.350475
280.718,390,0.70043,-0.631434,0.0645301,0.296191
281.584,389.5,0.829304,-0.692998,0.309173,0.33453
282.45,389,1.0266,-0.756392,0.540586,0.435377
283.316,388.5,1.03788,-0.731749,0.554763,0.483703
284.182,388,1.08417,-0.777096,0.512593,0.555696
285.048,387.5,1.12553,-0.821058,0.443468,0.629293
285.914,387,0.981918,-0.704557,0.342201,0.592165
286.78,386.5,0.935286,-0.631026,0.264847,0.637512
287.646,386,0.867691,-0.509931,0.214934,0.668328
288.512,385.5,0.672476,-0.227361,0.160476,0.612191
289.378,385,0.6872,-0.113653,0.085376,0.672338
290.244,384.5,0.728497,-0.0162684,0.0124452,0.728209
291.11,384,0.747521,0.0813022,-0.047434,0.741571
291.976,383.5,0.694846,0.202419,-0.0569645,0.662263
292.842,383,0.663667,0.303336,-0.0575167,0.58748
293.708,382.5,0.648275,0.382522,-0.0529283,0.520708
294.574,382,0.627216,0.431009,-0.0333512,0.454443
295.44,381.5,0.649453,0.478368,0.0327066,0.438045
296.306,381,0.715925,0.577678,0.0607425,0.418506
297.172,380.5,0.741026,0.62739,0.052752,0.390793
298.038,380,0.749871,0.657304,0.0412529,0.358548
298.905,379.5,0.771129,0.701305,0.0118851,0.320422
299.771,379,0.778329,0.733981,-0.0204791,0.258164
300.637,378.5,0.687777,0.671585,-0.0233994,0.146501
301.503,378,0.572731,0.571977,-0.0193336,0.0221413
302.369,377.5,0.569225,0.566593,-0.0242106,-0.0490217
303.235,377,0.651705,0.630293,-0.0660515,-0.151945
304.101,376.5,0.617294,0.58159,-0.114344,-0.172423
304.967,376,0.685859,0.621432,-0.168267,-0.236454
305.833,375.5,0.646307,0.573274,-0.187123,-0.232498
306.699,375,0.627313,0.540534,-0.217653,-0.232319
307.565,374.5,0.634445,0.52752,-0.261083,-0.236808
308.431,374,0.660752,0.569405,-0.258944,-0.212884
309.297,373.5,0.697643,0.624073,-0.251827,-0.183907
310.163,373,0.70344,0.642483,-0.245522,-0.147521
311.029,372.5,0.648528,0.586737,-0.23629,-0.143162
311.895,372,0.589869,0.52966,-0.206319,-0.157603
312.761,371.5,0.535598,0.479242,-0.154132,-0.182855
313.627,371,0.479385,0.416962,-0.0848312,-0.220809
314.493,370.5,0.43233,0.344341,0.00283252,-0.261402
315.359,370,0.400189,0.317317,0.0515133,-0.238344
316.225,369.5,0.380334,0.336019,0.0631741,-0.166596
317.091,369,0.406309,0.396963,0.0533098,-0.0683087
317.957,368.5,0.468546,0.466072,0.0443735,0.0185262
318.823,368,0.533982,0.525596,0.0389344,0.0858494
319.689,367.5,0.558645,0.544979,0.0379527,0.116796
320.555,367,0.592515,0.573974,0.0354141,0.142736
321.421,366.5,0.631208,0.607566,0.0309647,0.168311
322.287,366,0.60538,0.584047,0.0108519,0.158922
323.153,365.5,0.555513,0.515219,-0.039712,0.203881
324.019,365,0.57028,0.515076,-0.0515279,0.239292
324.885,364.5,0.588055,0.514735,-0.0623419,0.277434
325.751,364,0.594675,0.507075,-0.0728626,0.302002
326.617,363.5,0.577418,0.496732,-0.0858827,0.281589
327.483,363,0.558601,0.500398,-0.103772,0.225541
328.349,362.5,0.43363,0.38534,-0.119688,0.158816
329.215,362,0.411651,0.346386,-0.126224,0.183142
330.081,361.5,0.432277,0.374929,-0.131118,0.170588
330.947,361,0.475141,0.42395,-0.151839,0.151561
331.813,360.5,0.521489,0.465759,-0.189341,0.138453
332.679,360,0.544581,0.49714,-0.183204,0.125923
333.546,359.5,0.546183,0.519887,-0.110588,0.125709
334.412,359,0.608651,0.597545,-0.0637787,0.0965885
335.278,358.5,0.649443,0.648704,-0.0161609,0.0264208
336.144,358,0.646196,0.638393,0.0676219,-0.0738272
337.01,357.5,0.648003,0.602405,0.180234,-0.156625
337.876,357,0.663854,0.552417,0.293587,-0.222134
338.742,356.5,0.635619,0.500933,0.278436,-0.274864
339.608,356,0.601508,0.450281,0.232012,-0.324391
340.474,355.5,0.584053,0.421084,0.16533,-0.369422
341.34,355,0.629539,0.463585,0.0454999,-0.423483
342.206,354.5,0.720167,0.526077,-0.0655384,-0.487431
343.072,354,0.831009,0.596936,-0.157263,-0.556339
343.938,353.5,0.854678,0.605197,-0.148228,-0.585013
344.804,353,0.881626,0.620028,-0.126905,-0.613779
345.67,352.5,1.00146,0.651911,-0.064287,-0.757497
346.536,352,1.05142,0.673772,0.0145403,-0.80703
347.402,351.5,1.03098,0.677893,0.109573,-0.769002
348.268,351,0.983227,0.664718,0.185801,-0.70026
349.134,350.5,0.887936,0.631278,0.231088,-0.580101
350,350,0.756763,0.582622,0.219373,-0.430253
350.866,349.5,0.618884,0.520353,0.180119,-0.282502
351.732,349,0.540937,0.490324,0.113773,-0.198117
352.598,348.5,0.512354,0.48351,0.0734616,-0.152736
353.464,348,0.465684,0.443308,0.0611753,-0.12883
354.33,347.5,0.480024,0.453505,0.00982413,-0.157033
355.196,347,0.507015,0.47823,-0.0315359,-0.165427
356.062,346.5,0.573449,0.553164,-0.0567596,-0.140112
356.928,346,0.624233,0.611425,-0.0653244,-0.107511
357.794,345.5,0.713488,0.710645,-0.0602571,-0.0204367
358.66,345,0.803378,0.79898,-0.0583149,0.0603819
359.526,344.5,0.88339,0.870501,-0.0625732,0.136712
360.392,344,0.94087,0.911725,-0.0625221,0.223796
361.258,343.5,0.985574,0.940185,-0.0589442,0.289713
362.124,343,1.00744,0.950377,-0.0506335,0.330371
362.99,342.5,0.98496,0.921157,-0.0428296,0.346096
363.856,342,0.959008,0.889132,-0.0338386,0.357764
364.722,341.5,0.935703,0.860082,-0.0222906,0.367833
365.588,341,0.912162,0.832709,-0.00680576,0.372274
366.454,340.5,0.892574,0.809906,0.00930061,0.375038
367.321,340,0.893979,0.804598,0.0227767,0.388976
368.187,339.5,0.906856,0.812344,0.0312024,0.401885
369.053,339,0.927456,0.829906,0.0340144,0.412642
369.919,338.5,0.953805,0.852511,0.0334577,0.426437
370.785,338,0.984436,0.87843,0.0297073,0.443388
371.651,337.5,1.00868,0.898773,0.023088,0.457282
372.517,337,1.02313,0.911325,0.0131519,0.464864
373.383,336.5,1.0303,0.918536,0.0032517,0.46668
374.249,336,1.02198,0.914264,-0.0020093,0.456677
375.115,335.5,1.01098,0.908315,-0.00609414,0.443852
375.981,335,0.99735,0.900698,-0.00900622,0.428218
376.847,334.5,0.97652,0.884443,-0.0102727,0.413821
377.713,334,0.957231,0.869474,-0.012421,0.40019
378.579,333.5,0.940308,0.856691,-0.0156381,0.387317
379.445,333,0.927469,0.84549,-0.02046,0.380693
380.311,332.5,0.915319,0.834492,-0.0257945,0.375189
381.177,332,0.900313,0.819488,-0.0284621,0.371743
382.043,331.5,0.886403,0.802434,-0.0228336,0.375884
382.909,331,0.877032,0.788748,-0.0150719,0.38319
383.775,330.5,0.87068,0.777388,-0.00760363,0.39204
384.641,330,0.865455,0.768532,-0.00556562,0.397921
385.507,329.5,0.861572,0.763382,-0.00892816,0.399341
386.373,329,0.869978,0.770092,-0.00763503,0.404675
387.239,328.5,0.87898,0.776497,0.00281454,0.411886
388.105,328,0.888363,0.785431,0.0166612,0.41474
388.971,327.5,0.895628,0.794584,0.0233372,0.412603
389.837,327,0.899825,0.802736,0.0243288,0.405841
390.703,326.5,0.90331,0.807956,0.0268987,0.403055
391.569,326,0.909963,0.814579,0.0270512,0.404675
392.435,325.5,0.917547,0.822617,0.025848,0.405618
393.301,325,0.921847,0.829671,0.0243086,0.401071
394.167,324.5,0.925846,0.838418,0.0232497,0.392054
395.033,324,0.929301,0.848394,0.0229098,0.378555
395.899,323.5,0.917685,0.84105,0.014655,0.366832
396.765,323,0.904288,0.833914,0.00552551,0.349707
397.631,322.5,0.890009,0.827982,-0.00308241,0.326423
398.497,322,0.876574,0.822198,-0.00735782,0.303842
399.363,321.5,0.860141,0.811453,-0.0122676,0.28502
400.229,321,0.837003,0.792358,-0.0173363,0.269153
401.095,320.5,0.820016,0.777245,-0.0166633,0.260845
401.962,320,0.809736,0.76795,-0.0122453,0.256465
402.828,319.5,0.801432,0.761094,-0.00645166,0.250974
403.694,319,0.795246,0.758528,-0.00781138,0.238725
404.56,318.5,0.792777,0.761711,-0.0261796,0.21819
405.426,318,0.780245,0.751159,-0.0463248,0.205903
406.292,317.5,0.763735,0.734814,-0.0558633,0.200548
407.158,317,0.738849,0.711529,-0.0471004,0.193407
408.024,316.5,0.719938,0.695806,-0.04547,0.179159
408.89,316,0.707286,0.687581,-0.0485982,0.158504
409.756,315.5,0.695817,0.67954,-0.030485,0.146483
410.622,315,0.688477,0.673741,-0.0128705,0.141097
411.488,314.5,0.687689,0.673444,0.00118453,0.139242
412.354,314,0.674735,0.661917,0.0125007,0.130295
413.22,313.5,0.666685,0.654908,0.0188642,0.123325
414.086,313,0.660775,0.649745,0.0232087,0.117967
414.952,312.5,0.643418,0.634484,0.0331238,0.101588
415.818,312,0.624227,0.617453,0.0407775,0.0821504
416.684,311.5,0.602351,0.597295,0.0475102,0.0617054
417.55,311,0.577903,0.572826,0.0579089,0.0498855
418.416,310.5,0.550574,0.544314,0.0711759,0.0422883
419.282,310,0.554692,0.547065,0.0870082,0.0288617
420.148,309.5,0.56793,0.560811,0.0880934,0.0165914
421.014,309,0.574473,0.569467,0.0751609,0.00878389
421.88,308.5,0.584233,0.580864,0.062549,0.00349061
422.746,308,0.599449,0.597354,0.0494396,0.00793315
423.612,307.5,0.620181,0.618404,0.0314047,0.0348584
424.478,307,0.642292,0.639124,0.0185915,0.0609436
425.344,306.5,0.667741,0.662219,0.0117906,0.0848797
426.21,306,0.694265,0.685729,0.0171239,0.107169
427.076,305.5,0.715562,0.703967,0.0162979,0.127257
427.942,305,0.731715,0.717068,0.00943754,0.145366
428.808,304.5,0.757911,0.734295,0.0133472,0.187247
429.674,304,0.785399,0.750179,0.0178985,0.231869
430.54,303.5,0.814353,0.765683,0.0214288,0.27648
431.406,303,0.839707,0.776367,0.0254059,0.318928
432.272,302.5,0.862,0.783633,0.0293949,0.357909
433.138,302,0.880418,0.786336,0.0331601,0.394604
434.004,301.5,0.889705,0.782266,0.0343617,0.422438
434.87,301,0.895169,0.775893,0.036989,0.444916
435.737,300.5,0.899474,0.767827,0.0427221,0.466551
436.603,300,0.895168,0.760828,0.04003,0.469962
437.469,299.5,0.880248,0.753896,0.0252985,0.453693
438.335,299,0.832953,0.714782,-0.00862788,0.427578
439.201,298.5,0.769669,0.660616,-0.0402392,0.392885
440.067,298,0.698171,0.601644,-0.062789,0.348604
440.933,297.5,0.623824,0.540549,-0.0797048,0.301015
441.799,297,0.550587,0.479626,-0.0912565,0.254513
442.665,296.5,0.49826,0.435933,-0.0952492,0.221705
443.531,296,0.456628,0.405604,-0.0866099,0.191032
444.397,295.5,0.416057,0.374857,-0.0746123,0.164374
445.263,295,0.409877,0.371206,-0.0471897,0.167267
446.129,294.5,0.372319,0.337542,-0.0397586,0.152009
446.995,294,0.342783,0.307523,-0.02877,0.148666
447.861,293.5,0.314946,0.278113,-0.0169237,0.146826
448.727,293,0.289191,0.24931,-0.00421975,0.146487
449.593,292.5,0.27084,0.226857,0.00867474,0.147698
450.459,292,0.279,0.234092,0.0184381,0.150672
451.325,291.5,0.288473,0.241232,0.0282111,0.155654
452.191,291,0.307615,0.257539,0.0355299,0.164434
453.057,290.5,0.324472,0.270492,0.0399734,0.174696
453.923,290,0.339022,0.280091,0.0415415,0.186439
454.789,289.5,0.351387,0.286337,0.0402343,0.199663
455.655,289,0.361811,0.289229,0.0360518,0.214368
456.521,288.5,0.370652,0.288767,0.0289938,0.230555
457.387,288,0.365098,0.273924,0.0245721,0.240121
458.253,287.5,0.35717,0.252982,0.0253051,0.25086
459.119,287,0.356472,0.24224,0.0307849,0.2597
459.985,286.5,0.381531,0.28333,0.0372404,0.252792
460.851,286,0.410225,0.32669,0.0425431,0.244434
461.717,285.5,0.442554,0.372322,0.046693,0.234628
462.583,285,0.484431,0.428886,0.0479718,0.220066
463.449,284.5,0.534664,0.49148,0.0475861,0.205058
464.315,284,0.648146,0.625051,0.0534923,0.16292
465.181,283.5,0.639467,0.610268,0.0468848,0.185185
466.047,283,0.691995,0.666462,0.0465691,0.180321
466.913,282.5,0.743827,0.720524,0.0462768,0.178838
467.779,282,0.780384,0.759169,0.0479701,0.174244
468.645,281.5,0.749674,0.73286,0.0583827,0.146696
469.512,281,0.690295,0.676582,0.0689136,0.118302
470.378,280.5,0.641715,0.630364,0.0773319,0.0919777
471.244,280,0.603872,0.594205,0.0836379,0.0677221
472.11,279.5,0.576656,0.568106,0.0878313,0.0455355
472.976,279,0.559917,0.552066,0.0899123,0.0254179
473.842,278.5,0.546689,0.543113,0.0518577,-0.0347545
474.708,278,0.576861,0.573464,0.0357148,-0.0513034
475.574,277.5,0.623135,0.622137,0.0242317,-0.0255969
476.44,277,0.689902,0.68856,0.0264513,0.0339105
477.306,276.5,0.761805,0.756689,0.0299884,0.0828758
478.172,276,0.824529,0.813827,0.0367092,0.127226
479.038,275.5,0.885046,0.868905,0.0410092,0.163184
