x,v,vx,vy,vz
220.096,425,0.61793,0.617761,0.00666802,0.0127953
220.962,424.5,0.617125,0.616931,0.00739559,0.0136002
221.828,424,0.616248,0.616027,0.0081153,0.0143822
222.694,423.5,0.615307,0.615057,0.00882672,0.015144
223.56,423,0.613906,0.613631,0.00943644,0.0157401
224.426,422.5,0.612373,0.612075,0.0100038,0.0162484
225.292,422,0.611261,0.610944,0.0103096,0.0167681
226.158,421.5,0.609942,0.609615,0.0102246,0.017168
227.024,421,0.608548,0.608215,0.00994642,0.017503
227.89,420.5,0.607225,0.606886,0.00965308,0.0178367
228.756,420,0.606038,0.605698,0.0091856,0.0181014
229.622,419.5,0.604639,0.604301,0.00854138,0.0183105
230.488,419,0.602846,0.602512,0.0078475,0.0184896
231.355,418.5,0.601025,0.600696,0.00709081,0.0185753
232.221,418,0.59917,0.59885,0.00623164,0.0185853
233.087,417.5,0.597375,0.597061,0.00530957,0.0186087
233.953,417,0.595785,0.595478,0.00436639,0.0186099
234.819,416.5,0.594996,0.594699,0.00344483,0.0184545
235.685,416,0.594173,0.593884,0.00249896,0.0183527
236.551,415.5,0.593322,0.593038,0.00154388,0.0183004
237.417,415,0.592815,0.592536,0.00097688,0.0181609
238.283,414.5,0.592528,0.592252,0.000399491,0.0180951
239.149,414,0.592319,0.592042,-6.79028e-05,0.0181042
240.015,413.5,0.59205,0.591764,-0.000181044,0.0184053
240.881,413,0.591831,0.591534,-0.000272552,0.0187442
241.747,412.5,0.591667,0.591359,-0.000377726,0.0190901
242.613,412,0.591464,0.591147,-0.000255485,0.0193628
243.479,411.5,0.591223,0.590894,-2.17847e-05,0.0197291
244.345,411,0.59099,0.590636,0.000461774,0.0204433
245.211,410.5,0.590629,0.590249,0.000866507,0.021178
246.077,410,0.590103,0.589695,0.00119046,0.0219062
246.943,409.5,0.589548,0.589111,0.00148348,0.0226469
247.809,409,0.589053,0.588582,0.00172909,0.0234771
248.675,408.5,0.58863,0.588113,0.00198671,0.0245837
249.541,408,0.588243,0.587672,0.00232341,0.0258233
250.407,407.5,0.58794,0.587311,0.00288783,0.0270419
251.273,407,0.587542,0.586864,0.00401716,0.0279296
252.139,406.5,0.586926,0.586201,0.00516681,0.0287197
253.005,406,0.586013,0.585245,0.00635835,0.029302
253.871,405.5,0.584155,0.5834,0.00769086,0.0286863
254.737,405,0.582114,0.581378,0.00889968,0.0278637
255.603,404.5,0.579888,0.579181,0.00998481,0.0268342
256.469,404,0.577498,0.576863,0.0106515,0.0248994
257.335,403.5,0.57497,0.574416,0.0111767,0.0226459
258.201,403,0.572091,0.571615,0.0115688,0.0202466
259.067,402.5,0.569305,0.568902,0.0122007,0.0176083
259.933,402,0.566573,0.566235,0.0128868,0.0147363
260.799,401.5,0.563821,0.563538,0.0135419,0.0116648
261.665,401,0.560942,0.56069,0.0144126,0.00865488
262.531,400.5,0.557945,0.557704,0.0154212,0.00553571
263.397,400,0.554603,0.554356,0.0164068,0.00206084
264.263,399.5,0.551268,0.550995,0.017297,-0.00107422
265.13,399,0.547893,0.547583,0.0180675,-0.00372797
265.996,398.5,0.544546,0.544182,0.0188583,-0.00640984
266.862,398,0.541276,0.540871,0.0191241,-0.00851558
267.728,397.5,0.537599,0.537213,0.0181324,-0.00925945
268.594,397,0.533756,0.533388,0.0171218,-0.00998558
269.46,396.5,0.530143,0.529805,0.0157954,-0.010435
270.326,396,0.527409,0.527171,0.0127131,-0.00942181
271.192,395.5,0.524533,0.524379,0.00963976,-0.008272
272.058,395,0.521397,0.521313,0.006319,-0.00688649
272.924,394.5,0.519278,0.51926,0.00182461,-0.0039632
273.79,394,0.517256,0.517249,-0.0023627,-0.000903504
274.656,393.5,0.515303,0.515261,-0.00623579,0.0022763
275.522,393,0.513704,0.513598,-0.00897605,0.00531372
276.388,392.5,0.511667,0.511477,-0.0111795,0.0082969
277.254,392,0.509976,0.509689,-0.0131478,0.0109185
278.12,391.5,0.509093,0.508685,-0.0147151,0.0140974
278.986,391,0.508424,0.507862,-0.0161617,0.0176145
279.852,390.5,0.507615,0.506867,-0.0177059,0.0210898
280.718,390,0.507192,0.50629,-0.0182208,0.0241243
281.584,389.5,0.507104,0.506099,-0.0176998,0.0265479
282.45,389,0.506684,0.505592,-0.0171602,0.0284809
283.316,388.5,0.50482,0.503637,-0.0164459,0.0303744
284.182,388,0.500992,0.49971,-0.0149396,0.0325539
285.048,387.5,0.496748,0.49538,-0.0132872,0.0343664
285.914,387,0.491556,0.490152,-0.0116494,0.0352471
286.78,386.5,0.488508,0.48732,-0.0111992,0.0321537
287.646,386,0.486537,0.48562,-0.0109393,0.0277958
288.512,385.5,0.484659,0.484012,-0.0108203,0.0225814
289.378,385,0.481834,0.481184,-0.0126453,0.0215885
290.244,384.5,0.479158,0.478447,-0.0147799,0.0215067
291.11,384,0.477822,0.47701,-0.0164728,0.0224576
291.976,383.5,0.482303,0.481601,-0.0191984,0.0175422
292.842,383,0.489159,0.488537,-0.0220964,0.010932
293.708,382.5,0.498053,0.497424,-0.0247887,0.00338406
294.574,382,0.508414,0.507849,-0.0239426,-0.000891323
295.44,381.5,0.520299,0.519839,-0.0216895,-0.00283687
296.306,381,0.545232,0.544604,-0.0256801,0.00497006
297.172,380.5,0.57656,0.575439,-0.0316842,0.0169495
298.038,380,0.611441,0.609406,-0.0390923,0.0309174
298.905,379.5,0.647834,0.644511,-0.0473433,0.0453105
299.771,379,0.684608,0.679716,-0.0561634,0.059328
300.637,378.5,0.713009,0.7072,-0.0594247,0.0686946
301.503,378,0.731171,0.725535,-0.0540196,0.0727411
302.369,377.5,0.748069,0.742759,-0.0475677,0.075186
303.235,377,0.763488,0.758653,-0.039782,0.076012
304.101,376.5,0.778545,0.77415,-0.0316382,0.0763118
304.967,376,0.793398,0.789388,-0.0227878,0.076331
305.833,375.5,0.803946,0.799601,-0.0163469,0.0818567
306.699,375,0.815776,0.810795,-0.0113877,0.0892842
307.565,374.5,0.829213,0.823308,-0.00765363,0.098489
308.431,374,0.842043,0.834913,-0.00313361,0.109299
309.297,373.5,0.854,0.845383,0.000166683,0.121011
310.163,373,0.863358,0.853148,0.000899154,0.132379
311.029,372.5,0.865009,0.853939,-0.00208747,0.137931
311.895,372,0.864671,0.853094,-0.00605397,0.140894
312.761,371.5,0.863571,0.851688,-0.0105295,0.142378
313.627,371,0.857353,0.845768,-0.0188914,0.139189
314.493,370.5,0.845889,0.83469,-0.0284193,0.134211
315.359,370,0.825156,0.816005,-0.0376662,0.116623
316.225,369.5,0.795139,0.788661,-0.0471147,0.0896675
317.091,369,0.756503,0.75232,-0.057495,0.0548252
317.957,368.5,0.711831,0.708246,-0.0690266,0.0180398
318.823,368,0.670264,0.664782,-0.0829111,-0.0210765
319.689,367.5,0.653733,0.644592,-0.0942439,-0.0546499
320.555,367,0.640238,0.628412,-0.09853,-0.0727671
321.421,366.5,0.624417,0.611594,-0.0988763,-0.0779339
322.287,366,0.611657,0.600008,-0.0881241,-0.0796807
323.153,365.5,0.600507,0.588816,-0.0832822,-0.0834797
324.019,365,0.59274,0.579887,-0.0836849,-0.0898248
324.885,364.5,0.618468,0.605035,-0.0906402,-0.0906601
325.751,364,0.64393,0.628532,-0.10402,-0.0936681
326.617,363.5,0.66934,0.650316,-0.123781,-0.0989135
327.483,363,0.687576,0.669168,-0.11432,-0.109116
328.349,362.5,0.701607,0.684905,-0.0958054,-0.118233
329.215,362,0.719213,0.704948,-0.0618752,-0.128399
330.081,361.5,0.751199,0.737772,-0.0367344,-0.13654
330.947,361,0.783935,0.772422,-0.0252103,-0.131461
331.813,360.5,0.813133,0.804867,-0.0207222,-0.113776
332.679,360,0.826655,0.819036,-0.00593813,-0.111818
333.546,359.5,0.829829,0.818364,0.020813,-0.135878
334.412,359,0.830117,0.811728,0.0292695,-0.171272
335.278,358.5,0.831314,0.807408,0.0269406,-0.196084
336.144,358,0.838678,0.811247,0.0169039,-0.21207
337.01,357.5,0.845248,0.814029,0.00721883,-0.227483
337.876,357,0.852525,0.816902,0.00152503,-0.243861
338.742,356.5,0.860726,0.817677,0.00523722,-0.268748
339.608,356,0.865044,0.814878,9.56287e-05,-0.290302
340.474,355.5,0.867282,0.811247,-0.0119553,-0.306452
341.34,355,0.873103,0.809744,-0.0273953,-0.325383
342.206,354.5,0.878772,0.80905,-0.0513643,-0.339175
343.072,354,0.882255,0.80741,-0.0705535,-0.348548
343.938,353.5,0.889375,0.809008,-0.0312498,-0.368128
344.804,353,0.899677,0.813106,0.00813416,-0.384981
345.67,352.5,0.911295,0.818626,0.0463548,-0.397694
346.536,352,0.915698,0.797957,0.117821,-0.433458
347.402,351.5,0.926323,0.763459,0.209568,-0.480921
348.268,351,0.94069,0.731244,0.294992,-0.512991
349.134,350.5,0.919284,0.689893,0.304587,-0.525697
350,350,0.873301,0.639108,0.263811,-0.533478
350.866,349.5,0.834573,0.592925,0.22556,-0.542287
351.732,349,0.811716,0.558938,0.198115,-0.554276
352.598,348.5,0.798452,0.527982,0.171282,-0.573955
353.464,348,0.843966,0.564831,0.11513,-0.616433
354.33,347.5,0.840746,0.533967,0.082955,-0.64409
355.196,347,0.85079,0.519236,0.0784444,-0.669391
356.062,346.5,0.868334,0.514706,0.0819426,-0.694527
356.928,346,0.865668,0.506274,0.0795286,-0.69767
357.794,345.5,0.864023,0.507781,0.0885938,-0.69343
358.66,345,0.852172,0.489549,0.109468,-0.688881
359.526,344.5,0.793037,0.417514,0.134223,-0.660737
360.392,344,0.754394,0.422521,0.138799,-0.609362
361.258,343.5,0.722583,0.426791,0.149621,-0.56355
362.124,343,0.696773,0.433379,0.154775,-0.523183
362.99,342.5,0.664721,0.445432,0.122864,-0.477859
363.856,342,0.646991,0.447676,0.0859601,-0.459124
364.722,341.5,0.638644,0.464933,0.0686918,-0.432417
365.588,341,0.641609,0.472199,0.0485194,-0.431666
366.454,340.5,0.652338,0.487189,0.0375826,-0.43218
367.321,340,0.647783,0.49572,0.0317985,-0.41578
368.187,339.5,0.628769,0.495502,0.037835,-0.385223
369.053,339,0.604131,0.488383,0.0568365,-0.351036
369.919,338.5,0.591283,0.484884,0.0808389,-0.328584
370.785,338,0.576741,0.468936,0.106729,-0.318337
371.651,337.5,0.542529,0.40986,0.128265,-0.331511
372.517,337,0.524516,0.339549,0.154848,-0.368573
373.383,336.5,0.526566,0.266381,0.18808,-0.413447
374.249,336,0.54644,0.168167,0.234605,-0.46398
375.115,335.5,0.645747,-0.0498044,0.308682,-0.564999
375.981,335,0.68963,-0.152623,0.336292,-0.582411
376.847,334.5,0.622255,-0.177704,0.350718,-0.482306
377.713,334,0.418258,-0.0740191,0.338727,-0.233934
378.579,333.5,0.361622,0.0875663,0.348666,-0.0391679
379.445,333,0.377463,0.136286,0.342337,0.0819141
380.311,332.5,0.502828,0.162117,0.34415,0.328808
381.177,332,0.502124,0.0966091,0.350546,0.346284
382.043,331.5,0.458332,-0.000715756,0.349144,0.296928
382.909,331,0.268663,0.160204,0.200781,0.0787499
383.775,330.5,0.239218,0.191549,0.140696,0.0271776
384.641,330,0.26397,0.257549,0.0577255,-0.00410132
385.507,329.5,0.339953,0.336198,-0.0312375,-0.0395346
386.373,329,0.479847,0.458882,-0.105729,-0.0922061
387.239,328.5,0.626042,0.588762,-0.174143,-0.122318
388.105,328,0.775241,0.721665,-0.246946,-0.138621
388.971,327.5,0.905769,0.836494,-0.300654,-0.174077
389.837,327,1.0146,0.931753,-0.334243,-0.222549
390.703,326.5,1.09161,1.00051,-0.35471,-0.254498
391.569,326,1.15138,1.04899,-0.368904,-0.298654
392.435,325.5,1.20128,1.08177,-0.378339,-0.36012
393.301,325,1.29087,1.18916,-0.41384,-0.284568
394.167,324.5,1.32058,1.2201,-0.420688,-0.279818
395.033,324,1.35357,1.25341,-0.423611,-0.28578
395.899,323.5,1.38076,1.27706,-0.44258,-0.282355
396.765,323,1.43963,1.33208,-0.477938,-0.263967
397.631,322.5,1.51669,1.40534,-0.511997,-0.251413
398.497,322,1.59184,1.47335,-0.553865,-0.237538
399.363,321.5,1.68758,1.56899,-0.576906,-0.231036
400.229,321,1.78229,1.66281,-0.597978,-0.232438
401.095,320.5,1.88269,1.76057,-0.625919,-0.230524
401.962,320,1.99083,1.87978,-0.606727,-0.248425
402.828,319.5,2.0793,1.97301,-0.597272,-0.271995
403.694,319,2.19323,2.09265,-0.572428,-0.321556
404.56,318.5,2.32233,2.21974,-0.535255,-0.423657
405.426,318,2.45908,2.33867,-0.533034,-0.541813
406.292,317.5,2.55083,2.43829,-0.417233,-0.622384
407.158,317,2.63219,2.5189,-0.346536,-0.680792
408.024,316.5,2.6878,2.59045,-0.286343,-0.657147
408.89,316,2.69841,2.62974,-0.121042,-0.592655
409.756,315.5,2.6861,2.63712,-0.0489715,-0.508226
410.622,315,2.64604,2.6099,-0.0718946,-0.429829
411.488,314.5,2.71088,2.66778,-0.0103549,-0.481365
412.354,314,2.81755,2.74747,0.2063,-0.589431
413.22,313.5,2.92598,2.74778,0.584759,-0.817998
414.086,313,2.97278,2.62202,0.894167,-1.07839
414.952,312.5,2.92037,2.3391,1.20297,-1.26887
415.818,312,2.9267,2.168,1.08016,-1.64274
416.684,311.5,2.93144,1.89475,0.948669,-2.02566
417.55,311,3.04611,1.53203,0.818861,-2.50223
418.416,310.5,3.1383,1.17798,0.724057,-2.81727
419.282,310,3.09059,0.915428,0.728459,-2.8606
420.148,309.5,2.76878,0.920227,0.696343,-2.51683
421.014,309,2.56566,1.02715,0.418112,-2.3136
421.88,308.5,2.50981,1.06002,0.0919851,-2.27311
422.746,308,2.76012,1.15447,-0.331123,-2.48513
423.612,307.5,2.93145,1.36701,-0.670812,-2.50493
424.478,307,3.02702,1.65068,-0.927231,-2.36186
425.344,306.5,2.9254,1.95666,-0.875589,-1.99067
426.21,306,2.8108,2.17978,-0.69001,-1.63494
427.076,305.5,2.66747,2.28497,-0.350448,-1.33097
427.942,305,2.48462,2.22566,0.0874746,-1.10098
428.808,304.5,2.27809,2.04987,0.433982,-0.894075
429.674,304,1.54113,1.38207,0.283745,-0.62005
430.54,303.5,1.34055,1.18652,0.370826,-0.501721
431.406,303,1.18079,1.0669,0.316697,-0.394561
432.272,302.5,1.01468,0.951191,0.230907,-0.267376
433.138,302,0.848152,0.829449,0.135481,-0.114114
434.004,301.5,0.803657,0.795676,0.0996226,0.0532856
434.87,301,0.83623,0.793175,0.0953365,0.247113
435.737,300.5,0.92379,0.785936,0.100454,0.474975
436.603,300,1.03518,0.800845,0.110013,0.646633
437.469,299.5,1.13113,0.830805,0.11292,0.759254
438.335,299,1.24486,0.879968,0.104765,0.874277
439.201,298.5,1.31252,0.915578,0.0852321,0.93657
440.067,298,1.31169,0.945641,0.0700802,0.906295
440.933,297.5,1.29959,0.961436,0.0498355,0.872978
441.799,297,1.27701,0.964703,0.0289663,0.836225
442.665,296.5,1.24359,0.963405,0.0202645,0.786095
443.531,296,1.19721,0.955159,0.0105879,0.721709
444.397,295.5,1.15024,0.940597,0.00474851,0.662041
445.263,295,1.11784,0.924362,0.00084404,0.628582
446.129,294.5,1.08587,0.906362,-0.0027763,0.598005
446.995,294,1.0542,0.886596,-0.00611252,0.570307
447.861,293.5,1.04644,0.881835,-0.00902242,0.563323
448.727,293,1.0363,0.876237,-0.0144253,0.55309
449.593,292.5,1.02132,0.868206,-0.022506,0.53741
450.459,292,1.00224,0.858403,-0.0290798,0.51651
451.325,291.5,0.990003,0.851452,-0.0354086,0.503866
452.191,291,0.982988,0.844707,-0.0357819,0.501454
453.057,290.5,0.959948,0.823825,-0.0249082,0.492131
453.923,290,0.929704,0.798446,-0.0195607,0.475869
454.789,289.5,0.900422,0.774885,-0.0213849,0.458101
455.655,289,0.882713,0.757759,-0.0165642,0.452448
456.521,288.5,0.875478,0.745995,0.00757123,0.458144
457.387,288,0.864582,0.738525,0.0332007,0.448309
458.253,287.5,0.830594,0.719228,0.0581847,0.411354
459.119,287,0.74967,0.669048,0.0811702,0.328314
459.985,286.5,0.678037,0.622624,0.102016,0.248327
460.851,286,0.618134,0.580102,0.118783,0.177377
461.717,285.5,0.570674,0.537499,0.113443,0.154578
462.583,285,0.527663,0.499768,0.0982693,0.137853
463.449,284.5,0.494616,0.472521,0.080912,0.121746
464.315,284,0.537476,0.512368,0.0363951,0.158226
465.181,283.5,0.524449,0.498612,0.017358,0.16165
466.047,283,0.51473,0.487584,-0.00158674,0.164941
466.913,282.5,0.508318,0.479283,-0.0204393,0.168099
467.779,282,0.517578,0.486264,-0.0402804,0.172661
468.645,281.5,0.569751,0.534781,-0.0576568,0.187887
469.512,281,0.622175,0.580803,-0.0661072,0.213071
470.378,280.5,0.672969,0.62462,-0.0755825,0.238797
471.244,280,0.722175,0.666233,-0.0860826,0.265067
472.11,279.5,0.769837,0.70564,-0.0976074,0.29188
472.976,279,0.816003,0.742842,-0.110157,0.319235
473.842,278.5,0.841533,0.769112,-0.112405,0.322506
474.708,278,0.86483,0.793869,-0.114094,0.323552
475.574,277.5,0.887638,0.81796,-0.116216,0.324557
476.44,277,0.909944,0.841384,-0.11877,0.325523
477.306,276.5,0.931736,0.864141,-0.121757,0.326449
478.172,276,0.944947,0.878778,-0.122641,0.325011
479.038,275.5,0.944893,0.880607,-0.114532,0.322857
