x,v,vx,vy,vz
220.096,425,0.507304,0.507272,-0.00243828,-0.0051888
220.962,424.5,0.508041,0.508008,-0.000876561,-0.00569718
221.828,424,0.508341,0.508306,0.000451656,-0.00588015
222.694,423.5,0.508193,0.508158,0.0015373,-0.00573914
223.56,423,0.507952,0.507921,0.00243705,-0.0050852
224.426,422.5,0.507607,0.507582,0.0029955,-0.00414443
225.292,422,0.511045,0.511039,0.00146603,-0.00206597
226.158,421.5,0.514778,0.514778,0.000253547,-4.41185e-05
227.024,421,0.518425,0.518421,-0.000468872,0.00182362
227.89,420.5,0.522033,0.52202,-0.000722934,0.00353104
228.756,420,0.525388,0.525363,-0.000475112,0.00512185
229.622,419.5,0.525319,0.525282,4.27034e-05,0.00619735
230.488,419,0.521577,0.521533,0.000258388,0.00675918
231.355,418.5,0.51776,0.517708,0.000162762,0.00737574
232.221,418,0.513872,0.513808,-0.000110395,0.00809953
233.087,417.5,0.510128,0.51005,-0.000566354,0.00887949
233.953,417,0.506569,0.506475,-0.00120051,0.00972649
234.819,416.5,0.509779,0.509656,-0.000724524,0.0111679
235.685,416,0.512797,0.512642,-0.000102214,0.0125992
236.551,415.5,0.515515,0.515324,0.000652222,0.0140173
237.417,415,0.517844,0.517608,0.00159162,0.0155623
238.283,414.5,0.519813,0.519527,0.00256329,0.0170551
239.149,414,0.519255,0.51893,0.00281641,0.0181535
240.015,413.5,0.516742,0.516383,0.00237915,0.0190965
240.881,413,0.514435,0.514037,0.00195142,0.0201311
241.747,412.5,0.512333,0.51189,0.00153047,0.0212389
242.613,412,0.510469,0.509973,0.001075,0.0224502
243.479,411.5,0.509002,0.508448,0.000755394,0.0237449
244.345,411,0.510418,0.50978,0.00199536,0.0254411
245.211,410.5,0.511272,0.510543,0.00298716,0.0271289
246.077,410,0.51161,0.510785,0.00375657,0.028801
246.943,409.5,0.511521,0.510595,0.00444889,0.0304406
247.809,409,0.510902,0.509871,0.00504011,0.0320487
248.675,408.5,0.50955,0.50844,0.00498668,0.0332392
249.541,408,0.507954,0.506786,0.0046595,0.0341167
250.407,407.5,0.506129,0.504899,0.00441125,0.0349875
251.273,407,0.50365,0.502353,0.0040536,0.0358927
252.139,406.5,0.501041,0.499675,0.00383046,0.0367744
253.005,406,0.498284,0.496842,0.00383815,0.0376868
253.871,405.5,0.494973,0.493406,0.0048047,0.039061
254.737,405,0.491326,0.489628,0.00578506,0.0404006
255.603,404.5,0.487343,0.485508,0.00677921,0.0417056
256.469,404,0.481937,0.479925,0.00815799,0.0432286
257.335,403.5,0.476104,0.473904,0.00950133,0.0447098
258.201,403,0.4699,0.467546,0.0107703,0.0457179
259.067,402.5,0.462648,0.460111,0.0125123,0.0467323
259.933,402,0.454882,0.452135,0.0144482,0.0477774
260.799,401.5,0.446826,0.443852,0.0164567,0.048766
261.665,401,0.438095,0.434787,0.0195099,0.0500673
262.531,400.5,0.428582,0.42483,0.0231724,0.0516285
263.397,400,0.417452,0.413186,0.0265113,0.053298
264.263,399.5,0.405298,0.400426,0.0297809,0.0551239
265.13,399,0.391965,0.386361,0.0330854,0.0571551
265.996,398.5,0.378195,0.371784,0.036375,0.0590376
266.862,398,0.363764,0.356541,0.0384897,0.0610021
267.728,397.5,0.347281,0.339432,0.0380071,0.0628137
268.594,397,0.330316,0.321776,0.0374984,0.0645181
269.46,396.5,0.313724,0.304309,0.0367897,0.0668235
270.326,396,0.299328,0.288344,0.0353527,0.0721453
271.192,395.5,0.285351,0.272327,0.0339012,0.0781928
272.058,395,0.272537,0.256838,0.0325917,0.0851399
272.924,394.5,0.262708,0.242128,0.0345001,0.0959139
273.79,394,0.253138,0.226581,0.0352133,0.107239
274.656,393.5,0.244067,0.210208,0.0346816,0.119075
275.522,393,0.237842,0.192139,0.0364371,0.135365
276.388,392.5,0.235976,0.17479,0.0385946,0.153765
277.254,392,0.23536,0.1533,0.0410731,0.173801
278.12,391.5,0.235777,0.127973,0.0416934,0.193585
278.986,391,0.24294,0.100469,0.0406485,0.217425
279.852,390.5,0.260101,0.0710313,0.0386435,0.247212
280.718,390,0.298689,0.0480729,0.0248435,0.293747
281.584,389.5,0.362985,0.021386,-0.00527487,0.362316
282.45,389,0.454886,-0.0442139,-0.0515489,0.449787
283.316,388.5,0.56675,-0.105127,-0.100339,0.547801
284.182,388,0.670569,-0.154448,-0.135052,0.638412
285.048,387.5,1.06888,-0.146079,-0.431133,0.967099
285.914,387,1.04981,-0.383404,-0.322583,0.922524
286.78,386.5,1.13631,-0.699399,-0.121136,0.887336
287.646,386,1.33748,-1.00115,0.106267,0.880481
288.512,385.5,1.51445,-1.20108,0.254027,0.886809
289.378,385,1.67434,-1.3338,0.363223,0.944694
290.244,384.5,1.72817,-1.32618,0.388552,1.0377
291.11,384,1.72012,-1.27855,0.338638,1.09975
291.976,383.5,1.67965,-1.22036,0.263976,1.12351
292.842,383,1.69282,-1.27599,0.185108,1.09692
293.708,382.5,1.73203,-1.3597,0.156104,1.06149
294.574,382,1.7599,-1.42175,0.178732,1.02174
295.44,381.5,1.72615,-1.41667,0.177228,0.970173
296.306,381,1.64072,-1.36084,0.151775,0.903894
297.172,380.5,1.53735,-1.29543,0.0773406,0.824215
298.038,380,1.44652,-1.25389,-0.00293468,0.72124
298.905,379.5,1.3454,-1.20495,-0.051437,0.596274
299.771,379,1.29674,-1.19031,-0.106693,0.50332
300.637,378.5,1.28109,-1.21926,-0.0607127,0.388483
301.503,378,1.28669,-1.26068,0.0550337,0.251452
302.369,377.5,1.22663,-1.18017,0.217903,0.253633
303.235,377,1.19793,-1.0748,0.366653,0.381319
304.101,376.5,1.12193,-0.897133,0.377641,0.557915
304.967,376,0.902431,-0.605216,0.164134,0.648965
305.833,375.5,0.805174,-0.33406,-0.0426061,0.731364
306.699,375,0.776869,-0.0573113,-0.222362,0.742156
307.565,374.5,0.796213,0.185992,-0.429784,0.643931
308.431,374,0.869316,0.349321,-0.613698,0.507012
309.297,373.5,0.74793,0.328899,-0.432114,0.514298
310.163,373,0.790365,0.409975,-0.164103,0.65549
311.029,372.5,1.07157,0.516597,0.0696582,0.936236
311.895,372,0.998043,0.415211,0.161604,0.89307
312.761,371.5,0.765978,0.239115,0.249148,0.683719
313.627,371,0.451445,0.0155718,0.321741,0.316296
314.493,370.5,0.420754,-0.202654,0.29492,0.221331
315.359,370,0.482973,-0.326403,0.208704,0.288386
316.225,369.5,0.57633,-0.317114,0.159094,0.454185
317.091,369,0.655156,-0.229977,0.112573,0.603048
317.957,368.5,0.766258,-0.140931,0.0313985,0.752532
318.823,368,0.749319,-0.0246059,-0.15359,0.732997
319.689,367.5,0.697514,0.108441,-0.295402,0.622498
320.555,367,0.638969,0.229656,-0.372837,0.46533
321.421,366.5,0.594907,0.29947,-0.413484,0.30539
322.287,366,0.565512,0.346751,-0.423553,0.142021
323.153,365.5,0.591645,0.405642,-0.427546,-0.0519827
324.019,365,0.673082,0.437979,-0.491699,-0.13945
324.885,364.5,0.676282,0.427438,-0.462278,-0.246886
325.751,364,0.814997,0.351977,-0.610212,-0.409847
326.617,363.5,0.865013,0.299428,-0.604612,-0.541327
327.483,363,0.87561,0.195909,-0.503356,-0.689163
328.349,362.5,0.651939,0.103462,-0.124455,-0.631531
329.215,362,0.740638,-0.0213877,-0.0264476,-0.739856
330.081,361.5,0.784822,-0.0867834,-0.076762,-0.776222
330.947,361,0.820843,-0.10208,-0.180584,-0.7942
331.813,360.5,0.871739,-0.0896963,-0.304126,-0.812029
332.679,360,0.905314,-0.0481807,-0.377363,-0.821504
333.546,359.5,0.923263,0.0189987,-0.378382,-0.841951
334.412,359,0.963735,0.126082,-0.391827,-0.871412
335.278,358.5,1.01882,0.233947,-0.412788,-0.901594
336.144,358,1.17446,0.349566,-0.439431,-1.03153
337.01,357.5,1.28292,0.444059,-0.441786,-1.11961
337.876,357,1.33106,0.483107,-0.416741,-1.16819
338.742,356.5,1.36922,0.528362,-0.392872,-1.20052
339.608,356,1.391,0.568222,-0.342427,-1.2226
340.474,355.5,1.40464,0.589587,-0.25218,-1.24973
341.34,355,1.41511,0.615025,-0.178169,-1.26195
342.206,354.5,1.37099,0.624856,-0.124188,-1.21398
343.072,354,1.28133,0.620436,-0.0893703,-1.11754
343.938,353.5,1.18494,0.608969,-0.0681183,-1.0142
344.804,353,1.05866,0.548782,-0.0352308,-0.904634
345.67,352.5,0.961072,0.478162,0.019665,-0.833446
346.536,352,0.908025,0.427112,0.0963986,-0.795482
347.402,351.5,0.896262,0.474227,0.152751,-0.745025
348.268,351,0.879361,0.539828,0.184208,-0.669275
349.134,350.5,0.901787,0.7146,0.17568,-0.521251
350,350,0.859646,0.772363,0.23455,-0.295691
350.866,349.5,1.13419,1.10709,0.212243,-0.125202
351.732,349,1.16349,1.13836,0.237792,0.036088
352.598,348.5,1.02624,0.990204,0.230521,0.139712
353.464,348,0.928443,0.870336,0.171523,0.274045
354.33,347.5,0.905756,0.836046,0.10206,0.333174
355.196,347,0.902442,0.831138,0.0469266,0.348438
356.062,346.5,0.910836,0.835094,0.00559774,0.363604
356.928,346,0.929485,0.848916,-0.0215562,0.377914
357.794,345.5,0.952783,0.866908,-0.0284292,0.394282
358.66,345,0.962917,0.871355,-0.0310869,0.408634
359.526,344.5,0.959653,0.863018,-0.0319581,0.418464
360.392,344,0.943881,0.851269,-0.0233536,0.407072
361.258,343.5,0.926198,0.840349,-0.00697233,0.389368
362.124,343,0.907051,0.830091,0.0093962,0.365515
362.99,342.5,0.88621,0.811356,0.000940001,0.356466
363.856,342,0.870527,0.796035,0.00215836,0.352338
364.722,341.5,0.860741,0.786715,0.0167684,0.348819
365.588,341,0.849465,0.778012,0.0241234,0.340157
366.454,340.5,0.832129,0.762786,0.0172211,0.332113
367.321,340,0.823869,0.755882,0.00131152,0.32772
368.187,339.5,0.828208,0.762594,-0.00212608,0.323069
369.053,339,0.837352,0.774638,0.0016716,0.317949
369.919,338.5,0.846014,0.785538,0.00633306,0.314053
370.785,338,0.854699,0.795546,0.0124966,0.312186
371.651,337.5,0.863899,0.805113,0.0173693,0.312752
372.517,337,0.876042,0.817727,0.0178648,0.313773
373.383,336.5,0.891768,0.833816,0.0181473,0.315709
374.249,336,0.910793,0.85239,0.0169681,0.320449
375.115,335.5,0.930773,0.87222,0.0163382,0.324506
375.981,335,0.951686,0.893282,0.0162358,0.327857
376.847,334.5,0.95626,0.899094,0.00785401,0.32558
377.713,334,0.959573,0.903844,-5.27635e-05,0.322255
378.579,333.5,0.962501,0.908459,-0.00710099,0.317899
379.445,333,0.964382,0.912543,-0.012368,0.311681
380.311,332.5,0.966756,0.917371,-0.0159283,0.304622
381.177,332,0.964515,0.916854,-0.0174154,0.29894
382.043,331.5,0.956827,0.909629,-0.0196331,0.296153
382.909,331,0.950259,0.904143,-0.0232006,0.291512
383.775,330.5,0.944977,0.900604,-0.0274799,0.284851
384.641,330,0.939561,0.896655,-0.0309717,0.278972
385.507,329.5,0.933209,0.891312,-0.0320504,0.274619
386.373,329,0.916563,0.875933,-0.0277024,0.268443
387.239,328.5,0.897841,0.859047,-0.0211578,0.260211
388.105,328,0.877751,0.841449,-0.0125048,0.249506
388.971,327.5,0.859333,0.825635,-0.00581538,0.238216
389.837,327,0.842792,0.811751,-0.00201703,0.226615
390.703,326.5,0.837288,0.807837,-0.00165091,0.220108
391.569,326,0.840611,0.81183,-0.000340762,0.218079
392.435,325.5,0.845491,0.817079,0.000974251,0.217339
393.301,325,0.852162,0.823171,0.00337386,0.220358
394.167,324.5,0.860211,0.830594,0.00571734,0.223706
395.033,324,0.869133,0.838874,0.00799531,0.227201
395.899,323.5,0.865466,0.835707,0.00920459,0.224812
396.765,323,0.859806,0.830539,0.0104184,0.222178
397.631,322.5,0.852352,0.823509,0.0117355,0.219543
398.497,322,0.841198,0.813823,0.0112624,0.212557
399.363,321.5,0.828573,0.803443,0.0100015,0.202271
400.229,321,0.822697,0.800926,0.00832813,0.187829
401.095,320.5,0.820134,0.801987,0.0086878,0.17135
401.962,320,0.817333,0.802468,0.0105916,0.154807
402.828,319.5,0.814032,0.802188,0.0126916,0.13777
403.694,319,0.81293,0.803899,0.0101273,0.120409
404.56,318.5,0.81598,0.809368,-0.00233052,0.103646
405.426,318,0.812738,0.807729,-0.0102725,0.0895065
406.292,317.5,0.806497,0.803069,0.000290638,0.0742825
407.158,317,0.796935,0.7948,0.0302833,0.0498116
408.024,316.5,0.799553,0.797377,0.0555662,0.0196709
408.89,316,0.808543,0.80476,0.0765874,-0.0154298
409.756,315.5,0.767847,0.760789,0.0963868,-0.0387137
410.622,315,0.736103,0.725989,0.107224,-0.0573699
411.488,314.5,0.720851,0.708182,0.109886,-0.077659
412.354,314,0.741518,0.730219,0.0966302,-0.0853955
413.22,313.5,0.769478,0.759047,0.0866817,-0.0918179
414.086,313,0.793695,0.78334,0.0832109,-0.0969816
414.952,312.5,0.742344,0.731445,0.095732,-0.0830502
415.818,312,0.680638,0.669332,0.104021,-0.0666592
416.684,311.5,0.615215,0.603592,0.107193,-0.0517313
417.55,311,0.554452,0.542914,0.106907,-0.0350958
418.416,310.5,0.497525,0.484997,0.109505,-0.0178262
419.282,310,0.478603,0.466946,0.104198,-0.0128503
420.148,309.5,0.477835,0.469638,0.0877359,-0.00828268
421.014,309,0.481141,0.476965,0.0624256,0.0101935
421.88,308.5,0.493262,0.490048,0.0302598,0.047377
422.746,308,0.531945,0.522835,0.00297537,0.0979819
423.612,307.5,0.607016,0.589873,0.00773593,0.143034
424.478,307,0.674007,0.649263,0.0299797,0.178447
425.344,306.5,0.724355,0.692118,0.039937,0.209921
426.21,306,0.75137,0.711935,0.0317359,0.238114
427.076,305.5,0.78426,0.735885,0.0218332,0.270294
427.942,305,0.823116,0.763955,0.0103052,0.306246
428.808,304.5,0.846685,0.781476,0.0113583,0.32564
429.674,304,0.867279,0.796034,0.0104046,0.344086
430.54,303.5,0.888387,0.811013,0.00417389,0.36259
431.406,303,0.898039,0.82258,-0.00188781,0.360324
432.272,302.5,0.901421,0.830208,-0.0146771,0.350855
433.138,302,0.898248,0.832167,-0.0343083,0.336407
434.004,301.5,0.888571,0.82713,-0.0405329,0.322135
434.87,301,0.876615,0.820594,-0.0409852,0.305615
435.737,300.5,0.862878,0.813466,-0.0419407,0.284734
436.603,300,0.84263,0.802794,-0.0475911,0.25156
437.469,299.5,0.815083,0.78597,-0.0573916,0.20813
438.335,299,0.784259,0.763348,-0.0655677,0.167517
439.201,298.5,0.764693,0.747582,-0.0728947,0.143398
440.067,298,0.75503,0.739121,-0.0667794,0.138969
440.933,297.5,0.742943,0.729156,-0.051942,0.132659
441.799,297,0.72868,0.717501,-0.037085,0.121624
442.665,296.5,0.698005,0.689021,-0.052,0.0987798
443.531,296,0.650883,0.643143,-0.0644917,0.0765202
444.397,295.5,0.613158,0.60635,-0.0684919,0.0600937
445.263,295,0.57978,0.575759,-0.0501363,0.0461798
446.129,294.5,0.546067,0.544173,-0.0290074,0.0349863
446.995,294,0.512303,0.511591,-0.00510521,0.0265132
447.861,293.5,0.478035,0.476926,0.0177224,0.0272839
448.727,293,0.444635,0.441951,0.0325476,0.0363452
449.593,292.5,0.412214,0.406893,0.039208,0.0531115
450.459,292,0.384813,0.376609,0.035867,0.0704331
451.325,291.5,0.36483,0.352546,0.0255711,0.0903239
452.191,291,0.35823,0.341427,0.0128809,0.10766
453.057,290.5,0.36007,0.340627,0.0278128,0.113357
453.923,290,0.343951,0.321011,0.0518764,0.112084
454.789,289.5,0.304118,0.277297,0.0687545,0.104246
455.655,289,0.25291,0.221268,0.0701613,0.100405
456.521,288.5,0.223388,0.179728,0.0628159,0.116852
457.387,288,0.267493,0.216931,0.0619258,0.143732
458.253,287.5,0.307011,0.250895,0.0600377,0.166443
459.119,287,0.327543,0.267029,0.0597747,0.18002
459.985,286.5,0.342928,0.275568,0.0606658,0.194889
460.851,286,0.354132,0.278189,0.0622915,0.210096
461.717,285.5,0.368124,0.299808,0.0601977,0.204956
462.583,285,0.384402,0.333135,0.0579341,0.182838
463.449,284.5,0.401032,0.363559,0.0573452,0.15926
464.315,284,0.480619,0.45755,0.0708446,0.128932
465.181,283.5,0.504176,0.485145,0.0733387,0.115973
466.047,283,0.526703,0.511118,0.0756584,0.102225
466.913,282.5,0.548152,0.535471,0.0778035,0.0876863
467.779,282,0.56546,0.555043,0.0786632,0.0740549
468.645,281.5,0.564933,0.556083,0.073832,0.0668609
469.512,281,0.554745,0.547406,0.0657088,0.0614022
470.378,280.5,0.505523,0.501222,0.0483548,0.0446326
471.244,280,0.508912,0.504608,0.0462999,0.0471071
472.11,279.5,0.512654,0.50881,0.043689,0.0449255
472.976,279,0.521512,0.518054,0.0413407,0.0434348
473.842,278.5,0.535226,0.532097,0.0372156,0.0442128
474.708,278,0.556788,0.553616,0.0321901,0.0498538
475.574,277.5,0.593004,0.588837,0.028571,0.064092
476.44,277,0.666821,0.659787,0.0195608,0.0945993
477.306,276.5,0.737505,0.726675,0.00976606,0.125544
478.172,276,0.800836,0.785591,0.00336887,0.155481
479.038,275.5,0.858993,0.839541,-0.00270576,0.181752
