x,v,vx,vy,vz
220.096,425,0.638795,0.638713,0.00650181,0.00796091
220.962,424.5,0.637811,0.637725,0.00666023,0.00801832
221.828,424,0.636803,0.636716,0.00681638,0.00804863
222.694,423.5,0.635777,0.635688,0.00697133,0.00805174
223.56,423,0.634542,0.634451,0.0071141,0.00804657
224.426,422.5,0.633244,0.633152,0.00725472,0.00801337
225.292,422,0.632038,0.631945,0.00736114,0.00795016
226.158,421.5,0.630637,0.630544,0.00739599,0.00790172
227.024,421,0.629116,0.629023,0.00739039,0.00785596
227.89,420.5,0.627564,0.627472,0.00737668,0.00779547
228.756,420,0.625933,0.625843,0.00722476,0.00777023
229.622,419.5,0.624131,0.624044,0.00695383,0.00774068
230.488,419,0.622179,0.622096,0.00668567,0.00765556
231.355,418.5,0.62018,0.620101,0.00638493,0.00761231
232.221,418,0.618132,0.618055,0.00603278,0.00765272
233.087,417.5,0.616055,0.615981,0.00567116,0.00769786
233.953,417,0.613929,0.613857,0.00532024,0.00777331
234.819,416.5,0.611748,0.611675,0.00501902,0.00804411
235.685,416,0.609581,0.609506,0.00475175,0.00832111
236.551,415.5,0.607421,0.607344,0.00452584,0.00860664
237.417,415,0.605081,0.604997,0.0045481,0.00900806
238.283,414.5,0.602753,0.602662,0.00462402,0.00941427
239.149,414,0.600469,0.60037,0.00470439,0.00987034
240.015,413.5,0.59811,0.597998,0.00492571,0.0104634
240.881,413,0.595782,0.595657,0.00517714,0.0110585
241.747,412.5,0.593505,0.593366,0.00543387,0.0116419
242.613,412,0.591126,0.590969,0.00604472,0.0122126
243.479,411.5,0.588739,0.588561,0.00681209,0.0127583
244.345,411,0.586204,0.586002,0.00766162,0.0133592
245.211,410.5,0.583494,0.583265,0.00854625,0.0139035
246.077,410,0.580648,0.580393,0.00943576,0.014378
246.943,409.5,0.577797,0.577516,0.0103042,0.0148044
247.809,409,0.574946,0.574636,0.0112842,0.0151261
248.675,408.5,0.571952,0.571612,0.0124472,0.0153101
249.541,408,0.568875,0.568504,0.0136038,0.0154114
250.407,407.5,0.565754,0.565349,0.0148861,0.0153523
251.273,407,0.562429,0.561985,0.0165852,0.0149785
252.139,406.5,0.559159,0.558673,0.0182785,0.0144521
253.005,406,0.555905,0.555376,0.0199673,0.0137733
253.871,405.5,0.552353,0.551779,0.0216205,0.0129023
254.737,405,0.548867,0.548246,0.0232362,0.0119052
255.603,404.5,0.545447,0.544776,0.0248143,0.0107822
256.469,404,0.542006,0.541337,0.0253388,0.00906102
257.335,403.5,0.538629,0.537963,0.0258017,0.00715646
258.201,403,0.535494,0.534829,0.0261744,0.00512767
259.067,402.5,0.533,0.532374,0.0257021,0.0026885
259.933,402,0.53071,0.530123,0.024964,0.000114791
260.799,401.5,0.528475,0.527916,0.0241825,-0.00249374
261.665,401,0.526498,0.52598,0.0227546,-0.00524838
262.531,400.5,0.524692,0.524214,0.020882,-0.00808306
263.397,400,0.522737,0.522276,0.0189964,-0.0109956
264.263,399.5,0.521483,0.521032,0.0168898,-0.0136072
265.13,399,0.521045,0.520601,0.0145173,-0.015844
265.996,398.5,0.520622,0.520167,0.0122684,-0.0179954
266.862,398,0.520414,0.519942,0.00992286,-0.0197984
267.728,397.5,0.520981,0.520518,0.00678919,-0.0208878
268.594,397,0.521821,0.521349,0.00354179,-0.0219137
269.46,396.5,0.523072,0.522577,0.00037832,-0.0227337
270.326,396,0.526017,0.525522,-0.00240575,-0.0226939
271.192,395.5,0.529187,0.528672,-0.00515885,-0.0227536
272.058,395,0.532491,0.531946,-0.00774729,-0.0228037
272.924,394.5,0.534831,0.534307,-0.0093735,-0.0217424
273.79,394,0.537175,0.536656,-0.0112411,-0.0207762
274.656,393.5,0.539536,0.539002,-0.0133595,-0.0199177
275.522,393,0.542506,0.541946,-0.0148919,-0.0196336
276.388,392.5,0.545316,0.544712,-0.0165579,-0.0196017
277.254,392,0.549128,0.548451,-0.0182641,-0.0202473
278.12,391.5,0.552666,0.551916,-0.0201696,-0.0205328
278.986,391,0.555966,0.555138,-0.0223719,-0.02047
279.852,390.5,0.559407,0.558485,-0.0248163,-0.0203589
280.718,390,0.563698,0.562664,-0.0271123,-0.0207202
281.584,389.5,0.568625,0.567473,-0.029286,-0.0212276
282.45,389,0.572986,0.571704,-0.0317633,-0.0214232
283.316,388.5,0.576649,0.575266,-0.0339161,-0.0210469
284.182,388,0.579015,0.577633,-0.0349388,-0.0194252
285.048,387.5,0.58109,0.579729,-0.0354845,-0.0179287
285.914,387,0.582708,0.581373,-0.0354688,-0.0172331
286.78,386.5,0.587315,0.585876,-0.0360767,-0.0196724
287.646,386,0.592737,0.591163,-0.0378414,-0.0207638
288.512,385.5,0.598226,0.596502,-0.0405795,-0.0203351
289.378,385,0.604363,0.602503,-0.0430527,-0.0197601
290.244,384.5,0.610093,0.608083,-0.0452318,-0.0200665
291.11,384,0.614053,0.611931,-0.0462689,-0.0214629
291.976,383.5,0.616897,0.614657,-0.0473542,-0.0227198
292.842,383,0.621147,0.618734,-0.0484959,-0.025298
293.708,382.5,0.626706,0.624059,-0.0495125,-0.0293117
294.574,382,0.630732,0.628007,-0.0525093,-0.0259291
295.44,381.5,0.635087,0.632331,-0.0575744,-0.0133172
296.306,381,0.650383,0.647653,-0.0595236,0.000623396
297.172,380.5,0.671221,0.668481,-0.0590584,0.0134943
298.038,380,0.691977,0.688652,-0.0608335,0.0298142
298.905,379.5,0.710407,0.705801,-0.0642171,0.048982
299.771,379,0.727629,0.723254,-0.0569758,0.0556942
300.637,378.5,0.73756,0.735834,-0.0344877,0.0367887
301.503,378,0.740782,0.740257,-0.0208661,0.0184945
302.369,377.5,0.743953,0.74365,-0.0188301,0.00982423
303.235,377,0.751788,0.751473,-0.0155908,0.015187
304.101,376.5,0.764738,0.764547,-0.00490555,0.0163783
304.967,376,0.780857,0.780672,0.00977308,0.0139076
305.833,375.5,0.769798,0.76954,-0.00457617,0.019433
306.699,375,0.762941,0.762293,-0.0136929,0.028287
307.565,374.5,0.760741,0.759472,-0.0174438,0.0403054
308.431,374,0.762994,0.761063,-0.0118646,0.052933
309.297,373.5,0.763072,0.760228,-0.0070162,0.0654428
310.163,373,0.765586,0.761593,-0.00639541,0.0778284
311.029,372.5,0.780066,0.774794,-0.00996515,0.0899909
311.895,372,0.797428,0.790551,-0.0126194,0.103735
312.761,371.5,0.816139,0.807219,-0.0140415,0.119509
313.627,371,0.835579,0.824953,-0.015341,0.131944
314.493,370.5,0.853927,0.841935,-0.0168884,0.141602
315.359,370,0.864768,0.851721,-0.0163224,0.148754
316.225,369.5,0.87328,0.859445,-0.0171357,0.15388
317.091,369,0.878938,0.864922,-0.019856,0.155075
317.957,368.5,0.881485,0.867408,-0.0234414,0.155146
318.823,368,0.879748,0.866279,-0.0281024,0.150754
319.689,367.5,0.86942,0.85882,-0.0355395,0.130601
320.555,367,0.855117,0.847732,-0.0429524,0.10359
321.421,366.5,0.839883,0.835126,-0.0486947,0.0748096
322.287,366,0.825003,0.821943,-0.0532376,0.0469691
323.153,365.5,0.810458,0.808095,-0.0582503,0.0207954
324.019,365,0.795665,0.793188,-0.0626382,-0.00343464
324.885,364.5,0.781267,0.779439,-0.0485164,-0.0223468
325.751,364,0.76748,0.765751,-0.0321846,-0.0401973
326.617,363.5,0.754375,0.752095,-0.0136652,-0.0569903
327.483,363,0.744127,0.740389,0.021023,-0.0714593
328.349,362.5,0.736857,0.7295,0.0587913,-0.0856248
329.215,362,0.716251,0.7063,0.083519,-0.0847351
330.081,361.5,0.687799,0.677829,0.0963051,-0.0658754
330.947,361,0.666313,0.657213,0.100812,-0.0433708
331.813,360.5,0.652772,0.645519,0.0950491,-0.0195341
332.679,360,0.643721,0.639429,0.0741574,0.00285317
333.546,359.5,0.636929,0.634336,0.0543736,0.018459
334.412,359,0.635265,0.633256,0.0403336,0.0303664
335.278,358.5,0.63412,0.632518,0.0237812,0.0382546
336.144,358,0.626682,0.624963,0.0137571,0.044298
337.01,357.5,0.612113,0.609502,0.0120691,0.0551668
337.876,357,0.592378,0.587907,0.0201168,0.0698028
338.742,356.5,0.579963,0.574492,0.0455743,0.0651059
339.608,356,0.56399,0.558074,0.068133,0.0446829
340.474,355.5,0.540699,0.533694,0.0851233,0.0167571
341.34,355,0.510859,0.500174,0.103158,-0.0127045
342.206,354.5,0.465751,0.449591,0.118721,-0.0264083
343.072,354,0.413878,0.391748,0.130573,-0.0279067
343.938,353.5,0.405079,0.377563,0.140986,-0.0407146
344.804,353,0.389271,0.351282,0.158427,-0.0550817
345.67,352.5,0.367256,0.3107,0.182583,-0.0707478
346.536,352,0.327585,0.24132,0.218133,-0.0386622
347.402,351.5,0.286454,0.18839,0.209456,0.0518985
348.268,351,0.303291,0.140549,0.227022,0.143848
349.134,350.5,0.352369,0.0558483,0.261472,0.229515
350,350,0.370609,0.0105699,0.260082,0.263811
350.866,349.5,0.365655,-0.0232409,0.240573,0.274387
351.732,349,0.287328,-0.0494646,0.245284,0.141232
352.598,348.5,0.27511,-0.0447912,0.269984,-0.0280721
353.464,348,0.385696,-0.0549924,0.322875,-0.203689
354.33,347.5,0.405254,-0.052802,0.288065,-0.28011
355.196,347,0.425533,-0.0325408,0.244814,-0.346534
356.062,346.5,0.43045,-0.00613097,0.200234,-0.380993
356.928,346,0.50116,0.0154802,0.214672,-0.45259
357.794,345.5,0.546012,0.0116137,0.20282,-0.506812
358.66,345,0.59266,0.00765495,0.195205,-0.559537
359.526,344.5,0.644479,0.013139,0.194367,-0.614331
360.392,344,0.654809,0.0219914,0.197426,-0.623951
361.258,343.5,0.668994,0.0370115,0.206094,-0.63538
362.124,343,0.678494,0.0654969,0.20596,-0.643152
362.99,342.5,0.675371,0.114957,0.192736,-0.636996
363.856,342,0.680748,0.163823,0.185937,-0.634041
364.722,341.5,0.693021,0.210667,0.182527,-0.634493
365.588,341,0.683749,0.239568,0.190595,-0.611386
366.454,340.5,0.665809,0.263727,0.20868,-0.574633
367.321,340,0.655237,0.294279,0.204201,-0.548669
368.187,339.5,0.636873,0.321307,0.191271,-0.515543
369.053,339,0.605368,0.343165,0.175067,-0.466969
369.919,338.5,0.578284,0.366672,0.157848,-0.418388
370.785,338,0.544635,0.391398,0.131585,-0.355134
371.651,337.5,0.502814,0.416743,0.0924337,-0.265714
372.517,337,0.497514,0.452147,0.0732128,-0.194224
373.383,336.5,0.512924,0.488548,0.0672789,-0.141017
374.249,336,0.520077,0.497943,0.0536382,-0.140202
375.115,335.5,0.487789,0.465486,-0.00437372,-0.145743
375.981,335,0.458749,0.438039,-0.0168088,-0.135241
376.847,334.5,0.441192,0.431152,-0.0268999,-0.0896373
377.713,334,0.502453,0.497319,0.00757687,-0.0712407
378.579,333.5,0.508912,0.506558,0.00674291,-0.048434
379.445,333,0.506384,0.506287,0.00905385,-0.00395092
380.311,332.5,0.509545,0.507294,0.017002,0.0447146
381.177,332,0.519241,0.510161,0.0302449,0.0918282
382.043,331.5,0.521863,0.500805,0.0504815,0.137795
382.909,331,0.528726,0.486155,0.076841,0.193132
383.775,330.5,0.564203,0.466223,0.134308,0.287963
384.641,330,0.562137,0.448178,0.161801,0.298253
385.507,329.5,0.52373,0.444673,0.148804,0.233273
386.373,329,0.48429,0.435779,0.138333,0.15968
387.239,328.5,0.473796,0.444678,0.131668,0.0969951
388.105,328,0.485483,0.472546,0.111046,0.00792646
388.971,327.5,0.506368,0.494099,0.0659076,-0.0890541
389.837,327,0.573775,0.558307,0.0083587,-0.132063
390.703,326.5,0.632253,0.597276,-0.0468951,-0.202008
391.569,326,0.666502,0.595076,-0.0994536,-0.283229
392.435,325.5,0.727348,0.640442,-0.133926,-0.317701
393.301,325,0.834548,0.74922,-0.177228,-0.32207
394.167,324.5,0.846609,0.74208,-0.155896,-0.376512
395.033,324,0.89795,0.776599,-0.168939,-0.417933
395.899,323.5,0.912796,0.798232,-0.161253,-0.412334
396.765,323,0.932453,0.821153,-0.152166,-0.414755
397.631,322.5,0.962112,0.848149,-0.143685,-0.430879
398.497,322,0.981497,0.863395,-0.12408,-0.44999
399.363,321.5,1.00979,0.89197,-0.106019,-0.46134
400.229,321,1.04005,0.924173,-0.0940673,-0.467723
401.095,320.5,1.05763,0.933132,-0.0750088,-0.492155
401.962,320,1.12672,0.994522,-0.0618448,-0.525921
402.828,319.5,1.09394,0.9497,-0.0294056,-0.542125
403.694,319,1.11782,0.966909,-0.00765892,-0.56084
404.56,318.5,1.14173,0.980732,0.0218815,-0.584156
405.426,318,1.13181,0.980729,0.0604189,-0.561704
406.292,317.5,1.08462,0.918783,0.0954925,-0.568432
407.158,317,1.04473,0.858554,0.114715,-0.584106
408.024,316.5,1.01165,0.802214,0.117786,-0.60499
408.89,316,1.02825,0.793877,0.0936756,-0.646749
409.756,315.5,1.05335,0.800844,0.0486367,-0.682516
410.622,315,1.09171,0.83261,-0.016472,-0.705915
411.488,314.5,1.12363,0.873347,-0.0721346,-0.703282
412.354,314,1.14008,0.906942,-0.10553,-0.682724
413.22,313.5,1.12533,0.925494,-0.0902424,-0.633781
414.086,313,1.08583,0.933459,-0.0379226,-0.553397
414.952,312.5,1.03796,0.938403,0.0347778,-0.442206
415.818,312,1.00839,0.960036,0.0756285,-0.299118
416.684,311.5,1.00141,0.984031,0.0871662,-0.164058
417.55,311,1.01203,1.00757,0.0791941,-0.0521833
418.416,310.5,1.03016,1.02846,0.0588198,0.00691806
419.282,310,1.05146,1.04943,0.0357041,0.0546576
420.148,309.5,1.06879,1.06516,0.0029647,0.0879514
421.014,309,1.09863,1.09487,-0.0374701,0.0827127
421.88,308.5,1.12175,1.1179,-0.0699527,0.061101
422.746,308,1.11067,1.10422,-0.119475,0.00158319
423.612,307.5,1.07904,1.05859,-0.182543,-0.101971
424.478,307,1.04242,0.98054,-0.241621,-0.258475
425.344,306.5,1.06388,0.888367,-0.372107,-0.451854
426.21,306,1.12461,0.940466,-0.306289,-0.535225
427.076,305.5,1.2095,0.766892,-0.491912,-0.795489
427.942,305,1.33864,0.797175,-0.480198,-0.962232
428.808,304.5,1.48589,0.844763,-0.4994,-1.11573
429.674,304,1.5991,0.958705,-0.488734,-1.18285
430.54,303.5,1.67409,1.07632,-0.490007,-1.18491
431.406,303,1.77181,1.20427,-0.524497,-1.18909
432.272,302.5,1.8448,1.34499,-0.520646,-1.15032
433.138,302,1.93922,1.48247,-0.54467,-1.12525
434.004,301.5,2.08451,1.6358,-0.615549,-1.13597
434.87,301,2.17276,1.75987,-0.591524,-1.12865
435.737,300.5,2.28138,1.88027,-0.604299,-1.14198
436.603,300,2.40917,2.01121,-0.604548,-1.18052
437.469,299.5,2.42629,2.07034,-0.486029,-1.16805
438.335,299,2.46226,2.13367,-0.400105,-1.16193
439.201,298.5,2.41968,2.10713,-0.210492,-1.17069
440.067,298,2.37686,1.95048,-0.0431697,-1.35767
440.933,297.5,2.34706,1.6991,0.0733108,-1.61752
441.799,297,2.41514,1.35943,0.0624742,-1.99523
442.665,296.5,2.39605,1.1562,0.0661158,-2.09758
443.531,296,2.18343,1.06466,0.149104,-1.90042
444.397,295.5,1.89107,1.07285,0.281188,-1.5317
445.263,295,1.58279,1.0532,0.408464,-1.10867
446.129,294.5,1.23244,0.909786,0.336018,-0.760448
446.995,294,0.99137,0.811611,0.390542,-0.41422
447.861,293.5,0.853007,0.772789,0.279595,-0.228568
448.727,293,0.772619,0.753376,0.16127,-0.0579345
449.593,292.5,0.75629,0.745855,0.053143,0.113361
450.459,292,0.791763,0.767835,-0.00955763,0.192942
451.325,291.5,0.832057,0.794566,-0.0467674,0.242483
452.191,291,0.868279,0.817201,-0.0656665,0.285971
453.057,290.5,0.866233,0.814599,-0.0562645,0.289176
453.923,290,0.839367,0.793061,-0.0410179,0.271864
454.789,289.5,0.803797,0.761208,-0.0268869,0.256768
455.655,289,0.768163,0.729101,-0.0183613,0.241144
456.521,288.5,0.7408,0.705618,-0.0175236,0.224905
457.387,288,0.705991,0.67376,-0.0126949,0.210498
458.253,287.5,0.677279,0.646674,-0.0106594,0.201013
459.119,287,0.65997,0.630281,-0.00618018,0.19562
459.985,286.5,0.645417,0.615678,-0.00176286,0.193651
460.851,286,0.633726,0.603045,0.00199722,0.194784
461.717,285.5,0.625444,0.593441,0.00158072,0.1975
462.583,285,0.620178,0.58608,0.00245395,0.202792
463.449,284.5,0.617295,0.580801,0.00639176,0.209005
464.315,284,0.621472,0.582491,2.94134e-05,0.216637
465.181,283.5,0.62722,0.58541,-0.00488201,0.225112
466.047,283,0.63436,0.589387,-0.00804411,0.23446
466.913,282.5,0.647877,0.599637,-0.0203114,0.244476
467.779,282,0.663935,0.612928,-0.030733,0.253345
468.645,281.5,0.681591,0.628215,-0.0384248,0.261604
469.512,281,0.694895,0.64171,-0.037001,0.264044
470.378,280.5,0.705113,0.653965,-0.0305403,0.261881
471.244,280,0.71758,0.669069,-0.0226566,0.258371
472.11,279.5,0.727448,0.680906,-0.0148256,0.255592
472.976,279,0.731454,0.686165,-0.00936258,0.253209
473.842,278.5,0.734,0.690275,-0.00482631,0.249505
474.708,278,0.73566,0.693675,-0.00350796,0.244945
475.574,277.5,0.738049,0.697779,-0.00824446,0.240318
476.44,277,0.741714,0.703495,-0.0155483,0.234506
477.306,276.5,0.744805,0.708698,-0.0208254,0.228139
478.172,276,0.747037,0.712928,-0.0201356,0.222246
479.038,275.5,0.749208,0.717094,-0.0193778,0.216131
