x,v,vx,vy,vz
220.096,425,0.654392,0.654392,1.14045e-06,3.91424e-06
220.962,424.5,0.654391,0.654391,1.11979e-06,3.85988e-06
221.828,424,0.654391,0.654391,1.09913e-06,3.80584e-06
222.694,423.5,0.654391,0.654391,1.0783e-06,3.75212e-06
223.56,423,0.65439,0.65439,1.06178e-06,3.69884e-06
224.426,422.5,0.65439,0.65439,1.0465e-06,3.64605e-06
225.292,422,0.654389,0.654389,1.03076e-06,3.59443e-06
226.158,421.5,0.654389,0.654389,1.01466e-06,3.54336e-06
227.024,421,0.654389,0.654389,9.9855e-07,3.49273e-06
227.89,420.5,0.654388,0.654388,9.82492e-07,3.44251e-06
228.756,420,0.654388,0.654388,9.68853e-07,3.3926e-06
229.622,419.5,0.654388,0.654388,9.57608e-07,3.34307e-06
230.488,419,0.654387,0.654387,9.46681e-07,3.29408e-06
231.355,418.5,0.654387,0.654387,9.34841e-07,3.24551e-06
232.221,418,0.654387,0.654387,9.20705e-07,3.19735e-06
233.087,417.5,0.654386,0.654386,9.0638e-07,3.14964e-06
233.953,417,0.654386,0.654386,8.9273e-07,3.10233e-06
234.819,416.5,0.654386,0.654386,8.82714e-07,3.05555e-06
235.685,416,0.654386,0.654386,8.72536e-07,3.00916e-06
236.551,415.5,0.654385,0.654385,8.62119e-07,2.96315e-06
237.417,415,0.654385,0.654385,8.49459e-07,2.91761e-06
238.283,414.5,0.654385,0.654385,8.37075e-07,2.87245e-06
239.149,414,0.654384,0.654384,8.24782e-07,2.8277e-06
240.015,413.5,0.654384,0.654384,8.18828e-07,2.7835e-06
240.881,413,0.654384,0.654384,8.13954e-07,2.73963e-06
241.747,412.5,0.654384,0.654384,8.0923e-07,2.69606e-06
242.613,412,0.654383,0.654383,8.034e-07,2.65283e-06
243.479,411.5,0.654383,0.654383,7.96855e-07,2.60995e-06
244.345,411,0.654383,0.654383,7.90551e-07,2.56776e-06
245.211,410.5,0.654383,0.654383,7.86223e-07,2.52594e-06
246.077,410,0.654383,0.654383,7.82988e-07,2.4845e-06
246.943,409.5,0.654382,0.654382,7.79425e-07,2.44339e-06
247.809,409,0.654382,0.654382,7.76491e-07,2.4026e-06
248.675,408.5,0.654382,0.654382,7.74949e-07,2.36217e-06
249.541,408,0.654382,0.654382,7.73277e-07,2.32211e-06
250.407,407.5,0.654381,0.654381,7.7272e-07,2.28237e-06
251.273,407,0.654381,0.654381,7.76296e-07,2.24297e-06
252.139,406.5,0.654381,0.654381,7.80036e-07,2.20396e-06
253.005,406,0.654381,0.654381,7.84019e-07,2.16537e-06
253.871,405.5,0.654381,0.654381,7.89031e-07,2.12725e-06
254.737,405,0.65438,0.65438,7.94069e-07,2.08949e-06
255.603,404.5,0.65438,0.65438,7.99132e-07,2.05207e-06
256.469,404,0.65438,0.65438,7.97319e-07,2.01489e-06
257.335,403.5,0.65438,0.65438,7.94936e-07,1.97808e-06
258.201,403,0.65438,0.65438,7.92756e-07,1.94154e-06
259.067,402.5,0.654379,0.654379,7.94077e-07,1.90528e-06
259.933,402,0.654379,0.654379,7.96219e-07,1.86942e-06
260.799,401.5,0.654379,0.654379,7.9819e-07,1.83397e-06
261.665,401,0.654379,0.654379,7.99949e-07,1.79887e-06
262.531,400.5,0.654379,0.654379,8.01834e-07,1.76409e-06
263.397,400,0.654378,0.654378,8.03771e-07,1.72976e-06
264.263,399.5,0.654378,0.654378,8.06257e-07,1.69582e-06
265.13,399,0.654378,0.654378,8.09705e-07,1.66226e-06
265.996,398.5,0.654378,0.654378,8.13461e-07,1.62908e-06
266.862,398,0.654378,0.654378,8.14931e-07,1.59631e-06
267.728,397.5,0.654377,0.654377,8.10005e-07,1.56403e-06
268.594,397,0.654377,0.654377,8.05043e-07,1.53206e-06
269.46,396.5,0.654377,0.654377,7.99716e-07,1.5004e-06
270.326,396,0.654377,0.654377,7.91311e-07,1.46902e-06
271.192,395.5,0.654377,0.654377,7.82734e-07,1.43795e-06
272.058,395,0.654376,0.654376,7.74111e-07,1.40715e-06
272.924,394.5,0.654376,0.654376,7.69952e-07,1.37666e-06
273.79,394,0.654376,0.654376,7.65605e-07,1.34651e-06
274.656,393.5,0.654376,0.654376,7.61008e-07,1.31671e-06
275.522,393,0.654375,0.654375,7.56369e-07,1.28721e-06
276.388,392.5,0.654375,0.654375,7.51767e-07,1.25803e-06
277.254,392,0.654375,0.654375,7.47117e-07,1.22898e-06
278.12,391.5,0.654375,0.654375,7.38261e-07,1.20017e-06
278.986,391,0.654375,0.654375,7.27522e-07,1.17173e-06
279.852,390.5,0.654374,0.654374,7.16953e-07,1.14369e-06
280.718,390,0.654374,0.654374,7.06916e-07,1.11606e-06
281.584,389.5,0.654374,0.654374,6.97158e-07,1.08883e-06
282.45,389,0.654374,0.654374,6.87349e-07,1.06194e-06
283.316,388.5,0.654374,0.654374,6.77815e-07,1.03539e-06
284.182,388,0.654373,0.654373,6.68728e-07,1.00915e-06
285.048,387.5,0.654373,0.654373,6.59577e-07,9.83238e-07
285.914,387,0.654373,0.654373,6.50385e-07,9.57667e-07
286.78,386.5,0.654373,0.654373,6.41384e-07,9.32398e-07
287.646,386,0.654373,0.654373,6.32314e-07,9.07491e-07
288.512,385.5,0.654372,0.654372,6.22955e-07,8.82959e-07
289.378,385,0.654372,0.654372,6.09004e-07,8.58823e-07
290.244,384.5,0.654372,0.654372,5.95182e-07,8.34985e-07
291.11,384,0.654372,0.654372,5.81419e-07,8.11416e-07
291.976,383.5,0.654372,0.654372,5.64924e-07,7.88213e-07
292.842,383,0.654372,0.654372,5.48215e-07,7.65357e-07
293.708,382.5,0.654371,0.654371,5.31647e-07,7.42835e-07
294.574,382,0.654371,0.654371,5.16048e-07,7.20763e-07
295.44,381.5,0.654371,0.654371,5.00625e-07,6.9908e-07
296.306,381,0.654371,0.654371,4.8516e-07,6.77691e-07
297.172,380.5,0.654371,0.654371,4.69047e-07,6.56658e-07
298.038,380,0.654371,0.654371,4.52303e-07,6.3597e-07
298.905,379.5,0.65437,0.65437,4.35431e-07,6.15587e-07
299.771,379,0.65437,0.65437,4.20298e-07,5.95546e-07
300.637,378.5,0.65437,0.65437,4.07926e-07,5.75876e-07
301.503,378,0.65437,0.65437,3.95572e-07,5.56505e-07
302.369,377.5,0.65437,0.65437,3.8299e-07,5.37453e-07
303.235,377,0.65437,0.65437,3.70092e-07,5.18721e-07
304.101,376.5,0.65437,0.65437,3.57222e-07,5.00296e-07
304.967,376,0.654369,0.654369,3.45045e-07,4.82173e-07
305.833,375.5,0.654369,0.654369,3.391e-07,4.64345e-07
306.699,375,0.654369,0.654369,3.33226e-07,4.46845e-07
307.565,374.5,0.654369,0.654369,3.27423e-07,4.29671e-07
308.431,374,0.654369,0.654369,3.20519e-07,4.12875e-07
309.297,373.5,0.654369,0.654369,3.13453e-07,3.96435e-07
310.163,373,0.654369,0.654369,3.06296e-07,3.80369e-07
311.029,372.5,0.654369,0.654369,2.98972e-07,3.64647e-07
311.895,372,0.654369,0.654369,2.91594e-07,3.49251e-07
312.761,371.5,0.654368,0.654368,2.84206e-07,3.34184e-07
313.627,371,0.654368,0.654368,2.75779e-07,3.19436e-07
314.493,370.5,0.654368,0.654368,2.66884e-07,3.05002e-07
315.359,370,0.654368,0.654368,2.57956e-07,2.90967e-07
316.225,369.5,0.654368,0.654368,2.50203e-07,2.77286e-07
317.091,369,0.654368,0.654368,2.43897e-07,2.63934e-07
317.957,368.5,0.654368,0.654368,2.37673e-07,2.50883e-07
318.823,368,0.654368,0.654368,2.31004e-07,2.38146e-07
319.689,367.5,0.654368,0.654368,2.23134e-07,2.25756e-07
320.555,367,0.654368,0.654368,2.15313e-07,2.13699e-07
321.421,366.5,0.654368,0.654368,2.07718e-07,2.01977e-07
322.287,366,0.654368,0.654368,2.00813e-07,1.90644e-07
323.153,365.5,0.654368,0.654368,1.93828e-07,1.7965e-07
324.019,365,0.654367,0.654367,1.86767e-07,1.68994e-07
324.885,364.5,0.654367,0.654367,1.78346e-07,1.5864e-07
325.751,364,0.654367,0.654367,1.69862e-07,1.48601e-07
326.617,363.5,0.654367,0.654367,1.61322e-07,1.38875e-07
327.483,363,0.654367,0.654367,1.54724e-07,1.29465e-07
328.349,362.5,0.654367,0.654367,1.48552e-07,1.20378e-07
329.215,362,0.654367,0.654367,1.4246e-07,1.116e-07
330.081,361.5,0.654367,0.654367,1.36127e-07,1.03132e-07
330.947,361,0.654367,0.654367,1.29684e-07,9.49727e-08
331.813,360.5,0.654367,0.654367,1.23248e-07,8.71234e-08
332.679,360,0.654367,0.654367,1.17e-07,7.95696e-08
333.546,359.5,0.654367,0.654367,1.10895e-07,7.23155e-08
334.412,359,0.654367,0.654367,1.04749e-07,6.53643e-08
335.278,358.5,0.654367,0.654367,9.92926e-08,5.87389e-08
336.144,358,0.654367,0.654367,9.49705e-08,5.24473e-08
337.01,357.5,0.654367,0.654367,9.06268e-08,4.64889e-08
337.876,357,0.654367,0.654367,8.69359e-08,4.08601e-08
338.742,356.5,0.654367,0.654367,8.57676e-08,3.55033e-08
339.608,356,0.654367,0.654367,8.45715e-08,3.04517e-08
340.474,355.5,0.654367,0.654367,8.34761e-08,2.57235e-08
341.34,355,0.654367,0.654367,8.44909e-08,2.13089e-08
342.206,354.5,0.654367,0.654367,8.55416e-08,1.72077e-08
343.072,354,0.654367,0.654367,8.66353e-08,1.34182e-08
343.938,353.5,0.654367,0.654367,8.39421e-08,9.96179e-09
344.804,353,0.654367,0.654367,8.07974e-08,6.82313e-09
345.67,352.5,0.654367,0.654367,7.76578e-08,3.99946e-09
346.536,352,0.654367,0.654367,7.67956e-08,1.48938e-09
347.402,351.5,0.654367,0.654367,7.67351e-08,-6.91601e-10
348.268,351,0.654367,0.654367,7.67013e-08,-2.50322e-09
349.134,350.5,0.654367,0.654367,7.75368e-08,-3.98892e-09
350,350,0.654367,0.654367,7.89964e-08,-5.14606e-09
350.866,349.5,0.654367,0.654367,8.04575e-08,-5.96524e-09
351.732,349,0.654367,0.654367,8.29599e-08,-6.4544e-09
352.598,348.5,0.654367,0.654367,8.68761e-08,-6.60548e-09
353.464,348,0.654367,0.654367,9.07541e-08,-6.37512e-09
354.33,347.5,0.654367,0.654367,9.34066e-08,-5.81057e-09
355.196,347,0.654367,0.654367,9.26459e-08,-4.92626e-09
356.062,346.5,0.654367,0.654367,9.18765e-08,-3.72297e-09
356.928,346,0.654367,0.654367,9.06359e-08,-2.19895e-09
357.794,345.5,0.654367,0.654367,8.54828e-08,-3.45884e-10
358.66,345,0.654367,0.654367,8.03305e-08,1.82559e-09
359.526,344.5,0.654367,0.654367,7.51883e-08,4.31691e-09
360.392,344,0.654367,0.654367,7.01004e-08,7.13659e-09
361.258,343.5,0.654366,0.654366,6.50308e-08,1.02801e-08
362.124,343,0.654366,0.654366,5.99699e-08,1.37252e-08
362.99,342.5,0.654366,0.654366,5.39204e-08,1.73908e-08
363.856,342,0.654366,0.654366,4.7645e-08,2.13596e-08
364.722,341.5,0.654366,0.654366,4.14038e-08,2.5645e-08
365.588,341,0.654366,0.654366,3.3048e-08,3.02468e-08
366.454,340.5,0.654366,0.654366,2.34365e-08,3.51714e-08
367.321,340,0.654366,0.654366,1.39209e-08,4.04539e-08
368.187,339.5,0.654366,0.654366,4.91843e-09,4.60646e-08
369.053,339,0.654366,0.654366,-3.62912e-09,5.19747e-08
369.919,338.5,0.654366,0.654366,-1.22742e-08,5.81803e-08
370.785,338,0.654366,0.654366,-2.04373e-08,6.46745e-08
371.651,337.5,0.654366,0.654366,-2.73767e-08,7.14751e-08
372.517,337,0.654366,0.654366,-3.43461e-08,7.86264e-08
373.383,336.5,0.654366,0.654366,-4.17897e-08,8.61206e-08
374.249,336,0.654366,0.654366,-5.14173e-08,9.39616e-08
375.115,335.5,0.654366,0.654366,-6.1007e-08,1.0213e-07
375.981,335,0.654366,0.654366,-7.05751e-08,1.10624e-07
376.847,334.5,0.654366,0.654366,-8.35464e-08,1.19265e-07
377.713,334,0.654366,0.654366,-9.64441e-08,1.28216e-07
378.579,333.5,0.654366,0.654366,-1.09259e-07,1.37489e-07
379.445,333,0.654367,0.654367,-1.2583e-07,1.47107e-07
380.311,332.5,0.654367,0.654367,-1.43107e-07,1.57045e-07
381.177,332,0.654367,0.654367,-1.60353e-07,1.67321e-07
382.043,331.5,0.654367,0.654367,-1.77499e-07,1.78017e-07
382.909,331,0.654367,0.654367,-1.94697e-07,1.89035e-07
383.775,330.5,0.654367,0.654367,-2.11969e-07,2.00346e-07
384.641,330,0.654367,0.654367,-2.30785e-07,2.11989e-07
385.507,329.5,0.654367,0.654367,-2.50863e-07,2.23972e-07
386.373,329,0.654367,0.654367,-2.70912e-07,2.36368e-07
387.239,328.5,0.654367,0.654367,-2.88309e-07,2.49127e-07
388.105,328,0.654367,0.654367,-3.01228e-07,2.62285e-07
388.971,327.5,0.654367,0.654367,-3.14095e-07,2.75759e-07
389.837,327,0.654367,0.654367,-3.27005e-07,2.89546e-07
390.703,326.5,0.654367,0.654367,-3.40313e-07,3.03652e-07
391.569,326,0.654367,0.654367,-3.53602e-07,3.18074e-07
392.435,325.5,0.654367,0.654367,-3.66333e-07,3.3278e-07
393.301,325,0.654367,0.654367,-3.71738e-07,3.47799e-07
394.167,324.5,0.654368,0.654368,-3.77213e-07,3.6314e-07
395.033,324,0.654368,0.654368,-3.82754e-07,3.78801e-07
395.899,323.5,0.654368,0.654368,-3.8652e-07,3.94799e-07
396.765,323,0.654368,0.654368,-3.9026e-07,4.11126e-07
397.631,322.5,0.654368,0.654368,-3.94165e-07,4.27781e-07
398.497,322,0.654368,0.654368,-3.97832e-07,4.44735e-07
399.363,321.5,0.654368,0.654368,-4.01255e-07,4.62023e-07
400.229,321,0.654368,0.654368,-4.04597e-07,4.79628e-07
401.095,320.5,0.654368,0.654368,-4.09903e-07,4.97551e-07
401.962,320,0.654369,0.654369,-4.16458e-07,5.15817e-07
402.828,319.5,0.654369,0.654369,-4.22917e-07,5.34429e-07
403.694,319,0.654369,0.654369,-4.28719e-07,5.5336e-07
404.56,318.5,0.654369,0.654369,-4.33796e-07,5.72549e-07
405.426,318,0.654369,0.654369,-4.3876e-07,5.92001e-07
406.292,317.5,0.654369,0.654369,-4.44127e-07,6.11801e-07
407.158,317,0.654369,0.654369,-4.50992e-07,6.31961e-07
408.024,316.5,0.654369,0.654369,-4.57864e-07,6.5245e-07
408.89,316,0.65437,0.65437,-4.64783e-07,6.73285e-07
409.756,315.5,0.65437,0.65437,-4.72048e-07,6.94588e-07
410.622,315,0.65437,0.65437,-4.79438e-07,7.16207e-07
411.488,314.5,0.65437,0.65437,-4.86944e-07,7.38129e-07
412.354,314,0.65437,0.65437,-4.9562e-07,7.60457e-07
413.22,313.5,0.65437,0.65437,-5.04218e-07,7.83102e-07
414.086,313,0.654371,0.654371,-5.12695e-07,8.06073e-07
414.952,312.5,0.654371,0.654371,-5.18778e-07,8.29565e-07
415.818,312,0.654371,0.654371,-5.24218e-07,8.53412e-07
416.684,311.5,0.654371,0.654371,-5.29598e-07,8.77581e-07
417.55,311,0.654371,0.654371,-5.33758e-07,9.02085e-07
418.416,310.5,0.654371,0.654371,-5.3749e-07,9.26901e-07
419.282,310,0.654372,0.654372,-5.41305e-07,9.51989e-07
420.148,309.5,0.654372,0.654372,-5.4416e-07,9.77373e-07
421.014,309,0.654372,0.654372,-5.46274e-07,1.00311e-06
421.88,308.5,0.654372,0.654372,-5.4854e-07,1.02919e-06
422.746,308,0.654372,0.654372,-5.48647e-07,1.05567e-06
423.612,307.5,0.654372,0.654372,-5.44031e-07,1.08259e-06
424.478,307,0.654373,0.654373,-5.39684e-07,1.10976e-06
425.344,306.5,0.654373,0.654373,-5.3468e-07,1.13724e-06
426.21,306,0.654373,0.654373,-5.24663e-07,1.16501e-06
427.076,305.5,0.654373,0.654373,-5.14433e-07,1.19312e-06
427.942,305,0.654373,0.654373,-5.03885e-07,1.22157e-06
428.808,304.5,0.654374,0.654374,-4.86083e-07,1.25029e-06
429.674,304,0.654374,0.654374,-4.68176e-07,1.27939e-06
430.54,303.5,0.654374,0.654374,-4.50153e-07,1.3089e-06
431.406,303,0.654374,0.654374,-4.43096e-07,1.33873e-06
432.272,302.5,0.654374,0.654374,-4.38023e-07,1.36883e-06
433.138,302,0.654374,0.654374,-4.33009e-07,1.3992e-06
434.004,301.5,0.654375,0.654375,-4.26275e-07,1.42986e-06
434.87,301,0.654375,0.654375,-4.1895e-07,1.46088e-06
435.737,300.5,0.654375,0.654375,-4.11673e-07,1.49223e-06
436.603,300,0.654375,0.654375,-4.06547e-07,1.52406e-06
437.469,299.5,0.654375,0.654375,-4.03131e-07,1.55638e-06
438.335,299,0.654375,0.654375,-3.998e-07,1.58918e-06
439.201,298.5,0.654376,0.654376,-3.9773e-07,1.62233e-06
440.067,298,0.654376,0.654376,-3.97277e-07,1.65581e-06
440.933,297.5,0.654376,0.654376,-3.96685e-07,1.68961e-06
441.799,297,0.654376,0.654376,-3.98545e-07,1.72375e-06
442.665,296.5,0.654376,0.654376,-4.09289e-07,1.75844e-06
443.531,296,0.654376,0.654376,-4.20049e-07,1.79352e-06
444.397,295.5,0.654376,0.654376,-4.31223e-07,1.82896e-06
445.263,295,0.654377,0.654377,-4.49618e-07,1.86472e-06
446.129,294.5,0.654377,0.654377,-4.68217e-07,1.90081e-06
446.995,294,0.654377,0.654377,-4.8702e-07,1.93725e-06
447.861,293.5,0.654377,0.654377,-5.03952e-07,1.97387e-06
448.727,293,0.654377,0.654377,-5.20849e-07,2.01087e-06
449.593,292.5,0.654377,0.654377,-5.37918e-07,2.04828e-06
450.459,292,0.654377,0.654377,-5.5509e-07,2.08604e-06
451.325,291.5,0.654378,0.654378,-5.7206e-07,2.12421e-06
452.191,291,0.654378,0.654378,-5.88974e-07,2.16279e-06
453.057,290.5,0.654378,0.654378,-6.06642e-07,2.20156e-06
453.923,290,0.654378,0.654378,-6.24362e-07,2.2406e-06
454.789,289.5,0.654378,0.654378,-6.41785e-07,2.28002e-06
455.655,289,0.654378,0.654378,-6.57897e-07,2.31979e-06
456.521,288.5,0.654379,0.654379,-6.72657e-07,2.35987e-06
457.387,288,0.654379,0.654379,-6.87497e-07,2.40053e-06
458.253,287.5,0.654379,0.654379,-7.01177e-07,2.44165e-06
459.119,287,0.654379,0.654379,-7.12473e-07,2.48311e-06
459.985,286.5,0.654379,0.654379,-7.23926e-07,2.52487e-06
460.851,286,0.654379,0.654379,-7.36198e-07,2.56692e-06
461.717,285.5,0.65438,0.65438,-7.52883e-07,2.60929e-06
462.583,285,0.65438,0.65438,-7.69389e-07,2.65206e-06
463.449,284.5,0.65438,0.65438,-7.85883e-07,2.69522e-06
464.315,284,0.65438,0.65438,-8.105e-07,2.73899e-06
465.181,283.5,0.65438,0.65438,-8.35242e-07,2.78315e-06
466.047,283,0.654381,0.654381,-8.5985e-07,2.82771e-06
466.913,282.5,0.654381,0.654381,-8.9692e-07,2.87297e-06
467.779,282,0.654381,0.654381,-9.36584e-07,2.91855e-06
468.645,281.5,0.654381,0.654381,-9.75979e-07,2.96443e-06
469.512,281,0.654382,0.654382,-1.01511e-06,3.01074e-06
470.378,280.5,0.654382,0.654382,-1.05442e-06,3.05756e-06
471.244,280,0.654382,0.654382,-1.09383e-06,3.10505e-06
472.11,279.5,0.654382,0.654382,-1.13787e-06,3.15309e-06
472.976,279,0.654383,0.654383,-1.18711e-06,3.20149e-06
473.842,278.5,0.654383,0.654383,-1.23677e-06,3.25021e-06
474.708,278,0.654383,0.654383,-1.28116e-06,3.29918e-06
475.574,277.5,0.654383,0.654383,-1.31431e-06,3.34839e-06
476.44,277,0.654384,0.654384,-1.34692e-06,3.3985e-06
477.306,276.5,0.654384,0.654384,-1.37984e-06,3.44908e-06
478.172,276,0.654384,0.654384,-1.41302e-06,3.50015e-06
479.038,275.5,0.654385,0.654385,-1.44593e-06,3.5517e-06
