x,v,vx,vy,vz
220.096,425,0.654692,0.654692,5.30958e-08,1.77328e-05
220.962,424.5,0.654692,0.654692,-5.81554e-08,1.75095e-05
221.828,424,0.654692,0.654692,-1.69395e-07,1.72874e-05
222.694,423.5,0.654692,0.654692,-2.80799e-07,1.70666e-05
223.56,423,0.654692,0.654692,-3.77757e-07,1.68465e-05
224.426,422.5,0.654692,0.654692,-4.71178e-07,1.66281e-05
225.292,422,0.654692,0.654692,-5.64384e-07,1.64164e-05
226.158,421.5,0.654692,0.654692,-6.51287e-07,1.62061e-05
227.024,421,0.654692,0.654692,-7.34864e-07,1.59968e-05
227.89,420.5,0.654692,0.654692,-8.18437e-07,1.57888e-05
228.756,420,0.654692,0.654692,-8.87198e-07,1.55813e-05
229.622,419.5,0.654692,0.654692,-9.41241e-07,1.53737e-05
230.488,419,0.654692,0.654692,-9.94787e-07,1.51673e-05
231.355,418.5,0.654692,0.654692,-1.0415e-06,1.49623e-05
232.221,418,0.654692,0.654692,-1.0759e-06,1.47588e-05
233.087,417.5,0.654692,0.654692,-1.11048e-06,1.4557e-05
233.953,417,0.654692,0.654692,-1.1383e-06,1.43569e-05
234.819,416.5,0.654692,0.654692,-1.13657e-06,1.41587e-05
235.685,416,0.654693,0.654693,-1.135e-06,1.39619e-05
236.551,415.5,0.654693,0.654693,-1.13308e-06,1.37666e-05
237.417,415,0.654693,0.654693,-1.11591e-06,1.35721e-05
238.283,414.5,0.654693,0.654693,-1.09827e-06,1.33792e-05
239.149,414,0.654693,0.654693,-1.08005e-06,1.31859e-05
240.015,413.5,0.654693,0.654693,-1.03068e-06,1.2992e-05
240.881,413,0.654693,0.654693,-9.76674e-07,1.27994e-05
241.747,412.5,0.654693,0.654693,-9.22481e-07,1.26081e-05
242.613,412,0.654693,0.654693,-8.60712e-07,1.2418e-05
243.479,411.5,0.654693,0.654693,-7.9631e-07,1.22294e-05
244.345,411,0.654693,0.654693,-7.30607e-07,1.20459e-05
245.211,410.5,0.654693,0.654693,-6.66113e-07,1.18636e-05
246.077,410,0.654694,0.654694,-6.03189e-07,1.16825e-05
246.943,409.5,0.654694,0.654694,-5.40647e-07,1.15027e-05
247.809,409,0.654694,0.654694,-4.74912e-07,1.1324e-05
248.675,408.5,0.654694,0.654694,-4.04448e-07,1.11468e-05
249.541,408,0.654694,0.654694,-3.34567e-07,1.09714e-05
250.407,407.5,0.654694,0.654694,-2.5981e-07,1.07969e-05
251.273,407,0.654693,0.654693,-1.69048e-07,1.06233e-05
252.139,406.5,0.654693,0.654693,-7.80263e-08,1.04513e-05
253.005,406,0.654693,0.654693,1.56214e-08,1.02809e-05
253.871,405.5,0.654693,0.654693,1.34581e-07,1.0113e-05
254.737,405,0.654693,0.654693,2.53531e-07,9.94651e-06
255.603,404.5,0.654693,0.654693,3.72472e-07,9.7813e-06
256.469,404,0.654693,0.654693,4.73268e-07,9.61672e-06
257.335,403.5,0.654693,0.654693,5.72524e-07,9.45343e-06
258.201,403,0.654692,0.654692,6.72791e-07,9.29094e-06
259.067,402.5,0.654692,0.654692,7.62577e-07,9.12912e-06
259.933,402,0.654692,0.654692,8.48826e-07,8.96865e-06
260.799,401.5,0.654692,0.654692,9.34806e-07,8.80964e-06
261.665,401,0.654691,0.654691,1.02394e-06,8.65195e-06
262.531,400.5,0.654691,0.654691,1.11558e-06,8.49604e-06
263.397,400,0.654691,0.654691,1.20795e-06,8.34373e-06
264.263,399.5,0.654691,0.654691,1.30089e-06,8.19285e-06
265.13,399,0.65469,0.65469,1.39503e-06,8.04338e-06
265.996,398.5,0.65469,0.65469,1.48963e-06,7.89538e-06
266.862,398,0.654689,0.654689,1.57418e-06,7.74884e-06
267.728,397.5,0.654689,0.654689,1.63348e-06,7.60395e-06
268.594,397,0.654689,0.654689,1.69256e-06,7.46053e-06
269.46,396.5,0.654688,0.654688,1.74829e-06,7.31846e-06
270.326,396,0.654688,0.654688,1.78283e-06,7.17757e-06
271.192,395.5,0.654687,0.654687,1.81711e-06,7.03806e-06
272.058,395,0.654687,0.654687,1.8514e-06,6.90008e-06
272.924,394.5,0.654686,0.654686,1.87793e-06,6.76416e-06
273.79,394,0.654686,0.654686,1.90405e-06,6.62969e-06
274.656,393.5,0.654685,0.654685,1.92989e-06,6.49665e-06
275.522,393,0.654685,0.654685,1.93851e-06,6.36497e-06
276.388,392.5,0.654684,0.654684,1.94363e-06,6.23471e-06
277.254,392,0.654684,0.654684,1.94821e-06,6.10527e-06
278.12,391.5,0.654684,0.654684,1.93766e-06,5.9766e-06
278.986,391,0.654683,0.654683,1.92005e-06,5.84916e-06
279.852,390.5,0.654683,0.654683,1.90276e-06,5.7232e-06
280.718,390,0.654682,0.654682,1.88026e-06,5.59838e-06
281.584,389.5,0.654682,0.654682,1.85259e-06,5.4749e-06
282.45,389,0.654681,0.654681,1.82506e-06,5.35332e-06
283.316,388.5,0.654681,0.654681,1.79644e-06,5.23293e-06
284.182,388,0.65468,0.65468,1.76582e-06,5.11358e-06
285.048,387.5,0.65468,0.65468,1.73507e-06,4.99561e-06
285.914,387,0.65468,0.65468,1.70348e-06,4.879e-06
286.78,386.5,0.654679,0.654679,1.66862e-06,4.76405e-06
287.646,386,0.654679,0.654679,1.63358e-06,4.65061e-06
288.512,385.5,0.654678,0.654678,1.5979e-06,4.5386e-06
289.378,385,0.654678,0.654678,1.55012e-06,4.428e-06
290.244,384.5,0.654678,0.654678,1.50249e-06,4.31872e-06
291.11,384,0.654677,0.654677,1.45487e-06,4.2108e-06
291.976,383.5,0.654677,0.654677,1.38429e-06,4.10446e-06
292.842,383,0.654676,0.654676,1.31086e-06,3.99952e-06
293.708,382.5,0.654676,0.654676,1.23759e-06,3.89594e-06
294.574,382,0.654676,0.654676,1.16091e-06,3.79386e-06
295.44,381.5,0.654675,0.654675,1.08268e-06,3.6932e-06
296.306,381,0.654675,0.654675,1.00446e-06,3.59425e-06
297.172,380.5,0.654675,0.654675,9.20426e-07,3.49666e-06
298.038,380,0.654674,0.654674,8.31773e-07,3.40038e-06
298.905,379.5,0.654674,0.654674,7.42887e-07,3.30538e-06
299.771,379,0.654674,0.654674,6.63842e-07,3.2117e-06
300.637,378.5,0.654674,0.654674,5.99356e-07,3.11943e-06
301.503,378,0.654673,0.654673,5.35006e-07,3.02856e-06
302.369,377.5,0.654673,0.654673,4.73609e-07,2.93897e-06
303.235,377,0.654673,0.654673,4.21341e-07,2.8506e-06
304.101,376.5,0.654673,0.654673,3.69059e-07,2.76349e-06
304.967,376,0.654673,0.654673,3.18923e-07,2.67763e-06
305.833,375.5,0.654673,0.654673,2.88635e-07,2.59343e-06
306.699,375,0.654672,0.654672,2.58426e-07,2.51055e-06
307.565,374.5,0.654672,0.654672,2.28312e-07,2.42897e-06
308.431,374,0.654672,0.654672,2.01714e-07,2.34867e-06
309.297,373.5,0.654672,0.654672,1.75205e-07,2.26964e-06
310.163,373,0.654672,0.654672,1.48398e-07,2.19154e-06
311.029,372.5,0.654672,0.654672,1.22098e-07,2.11431e-06
311.895,372,0.654672,0.654672,9.59389e-08,2.03833e-06
312.761,371.5,0.654671,0.654671,6.97137e-08,1.96361e-06
313.627,371,0.654671,0.654671,3.88063e-08,1.89004e-06
314.493,370.5,0.654671,0.654671,5.33531e-09,1.81769e-06
315.359,370,0.654671,0.654671,-2.78298e-08,1.74643e-06
316.225,369.5,0.654671,0.654671,-5.1941e-08,1.67657e-06
317.091,369,0.654671,0.654671,-6.55793e-08,1.60801e-06
317.957,368.5,0.654671,0.654671,-7.91211e-08,1.54068e-06
318.823,368,0.654671,0.654671,-9.20341e-08,1.47462e-06
319.689,367.5,0.654671,0.654671,-1.03604e-07,1.41007e-06
320.555,367,0.65467,0.65467,-1.14961e-07,1.34695e-06
321.421,366.5,0.65467,0.65467,-1.254e-07,1.28517e-06
322.287,366,0.65467,0.65467,-1.31422e-07,1.22498e-06
323.153,365.5,0.65467,0.65467,-1.37534e-07,1.1661e-06
324.019,365,0.65467,0.65467,-1.43743e-07,1.10857e-06
324.885,364.5,0.65467,0.65467,-1.46482e-07,1.05286e-06
325.751,364,0.65467,0.65467,-1.49298e-07,9.98453e-07
326.617,363.5,0.65467,0.65467,-1.52209e-07,9.45338e-07
327.483,363,0.65467,0.65467,-1.36186e-07,8.935e-07
328.349,362.5,0.65467,0.65467,-1.16436e-07,8.42978e-07
329.215,362,0.65467,0.65467,-9.67459e-08,7.9356e-07
330.081,361.5,0.65467,0.65467,-7.23432e-08,7.45277e-07
330.947,361,0.65467,0.65467,-4.5728e-08,6.98236e-07
331.813,360.5,0.65467,0.65467,-1.91763e-08,6.52439e-07
332.679,360,0.65467,0.65467,4.20654e-09,6.07898e-07
333.546,359.5,0.65467,0.65467,2.47761e-08,5.64671e-07
334.412,359,0.65467,0.65467,4.54942e-08,5.22832e-07
335.278,358.5,0.65467,0.65467,6.55224e-08,4.82323e-07
336.144,358,0.65467,0.65467,8.42936e-08,4.43147e-07
337.01,357.5,0.65467,0.65467,1.03038e-07,4.05245e-07
337.876,357,0.65467,0.65467,1.27044e-07,3.68612e-07
338.742,356.5,0.654669,0.654669,1.71139e-07,3.33236e-07
339.608,356,0.654669,0.654669,2.15225e-07,2.99164e-07
340.474,355.5,0.654669,0.654669,2.60142e-07,2.66391e-07
341.34,355,0.654669,0.654669,3.2078e-07,2.34875e-07
342.206,354.5,0.654669,0.654669,3.81464e-07,2.04639e-07
343.072,354,0.654669,0.654669,4.42149e-07,1.7572e-07
343.938,353.5,0.654669,0.654669,4.88353e-07,1.4821e-07
344.804,353,0.654669,0.654669,5.3285e-07,1.21978e-07
345.67,352.5,0.654669,0.654669,5.77349e-07,9.70266e-08
346.536,352,0.654669,0.654669,6.21593e-07,7.33354e-08
347.402,351.5,0.654669,0.654669,6.65729e-07,5.09497e-08
348.268,351,0.654668,0.654668,7.09769e-07,2.97238e-08
349.134,350.5,0.654668,0.654668,7.59407e-07,9.72003e-09
350,350,0.654668,0.654668,8.13144e-07,-8.97023e-09
350.866,349.5,0.654668,0.654668,8.66878e-07,-2.63203e-08
351.732,349,0.654668,0.654668,9.2201e-07,-4.23228e-08
352.598,348.5,0.654668,0.654668,9.79073e-07,-5.69947e-08
353.464,348,0.654667,0.654667,1.0362e-06,-7.03638e-08
354.33,347.5,0.654667,0.654667,1.08677e-06,-8.23817e-08
355.196,347,0.654667,0.654667,1.11908e-06,-9.30432e-08
356.062,346.5,0.654667,0.654667,1.15136e-06,-1.02397e-07
356.928,346,0.654667,0.654667,1.18124e-06,-1.1044e-07
357.794,345.5,0.654666,0.654666,1.19136e-06,-1.17169e-07
358.66,345,0.654666,0.654666,1.20153e-06,-1.22585e-07
359.526,344.5,0.654666,0.654666,1.21172e-06,-1.26682e-07
360.392,344,0.654666,0.654666,1.22458e-06,-1.29476e-07
361.258,343.5,0.654665,0.654665,1.23763e-06,-1.30959e-07
362.124,343,0.654665,0.654665,1.25072e-06,-1.31161e-07
362.99,342.5,0.654665,0.654665,1.24432e-06,-1.30269e-07
363.856,342,0.654665,0.654665,1.23286e-06,-1.28147e-07
364.722,341.5,0.654665,0.654665,1.22149e-06,-1.24763e-07
365.588,341,0.654664,0.654664,1.19201e-06,-1.20191e-07
366.454,340.5,0.654664,0.654664,1.15203e-06,-1.14392e-07
367.321,340,0.654664,0.654664,1.11211e-06,-1.07145e-07
368.187,339.5,0.654664,0.654664,1.06832e-06,-9.86476e-08
369.053,339,0.654664,0.654664,1.02012e-06,-8.89391e-08
369.919,338.5,0.654663,0.654663,9.71757e-07,-7.79794e-08
370.785,338,0.654663,0.654663,9.24495e-07,-6.5812e-08
371.651,337.5,0.654663,0.654663,8.79863e-07,-5.24354e-08
372.517,337,0.654663,0.654663,8.35147e-07,-3.77422e-08
373.383,336.5,0.654663,0.654663,7.88783e-07,-2.17709e-08
374.249,336,0.654663,0.654663,7.34445e-07,-4.4133e-09
375.115,335.5,0.654663,0.654663,6.8016e-07,1.42965e-08
375.981,335,0.654663,0.654663,6.25821e-07,3.43581e-08
376.847,334.5,0.654663,0.654663,5.49327e-07,5.56241e-08
377.713,334,0.654663,0.654663,4.72935e-07,7.8181e-08
378.579,333.5,0.654662,0.654662,3.96666e-07,1.02029e-07
379.445,333,0.654662,0.654662,2.82319e-07,1.27281e-07
380.311,332.5,0.654662,0.654662,1.61109e-07,1.53804e-07
381.177,332,0.654662,0.654662,3.996e-08,1.81624e-07
382.043,331.5,0.654662,0.654662,-7.26123e-08,2.1108e-07
382.909,331,0.654662,0.654662,-1.8154e-07,2.42001e-07
383.775,330.5,0.654662,0.654662,-2.90656e-07,2.74281e-07
384.641,330,0.654662,0.654662,-3.96691e-07,3.07754e-07
385.507,329.5,0.654663,0.654663,-4.99858e-07,3.42363e-07
386.373,329,0.654663,0.654663,-6.02775e-07,3.78322e-07
387.239,328.5,0.654663,0.654663,-7.01423e-07,4.15676e-07
388.105,328,0.654663,0.654663,-7.92996e-07,4.54515e-07
388.971,327.5,0.654663,0.654663,-8.84618e-07,4.9463e-07
389.837,327,0.654663,0.654663,-9.77535e-07,5.36115e-07
390.703,326.5,0.654663,0.654663,-1.0751e-06,5.79356e-07
391.569,326,0.654664,0.654664,-1.17258e-06,6.23974e-07
392.435,325.5,0.654664,0.654664,-1.26822e-06,6.69844e-07
393.301,325,0.654664,0.654664,-1.33835e-06,7.17241e-07
394.167,324.5,0.654664,0.654664,-1.40853e-06,7.65859e-07
395.033,324,0.654664,0.654664,-1.47874e-06,8.15694e-07
395.899,323.5,0.654665,0.654665,-1.52458e-06,8.66748e-07
396.765,323,0.654665,0.654665,-1.56813e-06,9.18996e-07
397.631,322.5,0.654665,0.654665,-1.61195e-06,9.72429e-07
398.497,322,0.654665,0.654665,-1.63428e-06,1.02702e-06
399.363,321.5,0.654666,0.654666,-1.64905e-06,1.08284e-06
400.229,321,0.654666,0.654666,-1.66373e-06,1.14004e-06
401.095,320.5,0.654666,0.654666,-1.66345e-06,1.19854e-06
401.962,320,0.654667,0.654667,-1.65251e-06,1.25829e-06
402.828,319.5,0.654667,0.654667,-1.64142e-06,1.3193e-06
403.694,319,0.654667,0.654667,-1.61561e-06,1.38152e-06
404.56,318.5,0.654667,0.654667,-1.5706e-06,1.44487e-06
405.426,318,0.654668,0.654668,-1.52553e-06,1.50951e-06
406.292,317.5,0.654668,0.654668,-1.47856e-06,1.57546e-06
407.158,317,0.654668,0.654668,-1.42715e-06,1.64273e-06
408.024,316.5,0.654668,0.654668,-1.37571e-06,1.7113e-06
408.89,316,0.654669,0.654669,-1.32441e-06,1.7812e-06
409.756,315.5,0.654669,0.654669,-1.27436e-06,1.85277e-06
410.622,315,0.654669,0.654669,-1.22445e-06,1.92574e-06
411.488,314.5,0.65467,0.65467,-1.17471e-06,2.00001e-06
412.354,314,0.65467,0.65467,-1.12675e-06,2.07574e-06
413.22,313.5,0.65467,0.65467,-1.07868e-06,2.15278e-06
414.086,313,0.65467,0.65467,-1.03043e-06,2.23118e-06
414.952,312.5,0.654671,0.654671,-9.69476e-07,2.31144e-06
415.818,312,0.654671,0.654671,-9.05331e-07,2.39313e-06
416.684,311.5,0.654671,0.654671,-8.41119e-07,2.47617e-06
417.55,311,0.654671,0.654671,-7.68388e-07,2.56064e-06
418.416,310.5,0.654672,0.654672,-6.91399e-07,2.64649e-06
419.282,310,0.654672,0.654672,-6.14758e-07,2.73388e-06
420.148,309.5,0.654672,0.654672,-5.40201e-07,2.82268e-06
421.014,309,0.654672,0.654672,-4.68206e-07,2.91286e-06
421.88,308.5,0.654672,0.654672,-3.96471e-07,3.00446e-06
422.746,308,0.654673,0.654673,-3.1722e-07,3.09751e-06
423.612,307.5,0.654673,0.654673,-2.22127e-07,3.19201e-06
424.478,307,0.654673,0.654673,-1.27514e-07,3.28753e-06
425.344,306.5,0.654673,0.654673,-2.6566e-08,3.38432e-06
426.21,306,0.654673,0.654673,1.08243e-07,3.48219e-06
427.076,305.5,0.654673,0.654673,2.43212e-07,3.58144e-06
427.942,305,0.654674,0.654674,3.79525e-07,3.68205e-06
428.808,304.5,0.654674,0.654674,5.96447e-07,3.78384e-06
429.674,304,0.654674,0.654674,8.13476e-07,3.88707e-06
430.54,303.5,0.654674,0.654674,1.03056e-06,3.99175e-06
431.406,303,0.654674,0.654674,1.25632e-06,4.09773e-06
432.272,302.5,0.654674,0.654674,1.4832e-06,4.20504e-06
433.138,302,0.654674,0.654674,1.70992e-06,4.3137e-06
434.004,301.5,0.654674,0.654674,1.90868e-06,4.42391e-06
434.87,301,0.654674,0.654674,2.09529e-06,4.53561e-06
435.737,300.5,0.654674,0.654674,2.2819e-06,4.64876e-06
436.603,300,0.654674,0.654674,2.42845e-06,4.76373e-06
437.469,299.5,0.654674,0.654674,2.54143e-06,4.88048e-06
438.335,299,0.654673,0.654673,2.65427e-06,4.99995e-06
439.201,298.5,0.654673,0.654673,2.72438e-06,5.12125e-06
440.067,298,0.654673,0.654673,2.72685e-06,5.24413e-06
440.933,297.5,0.654673,0.654673,2.72957e-06,5.36845e-06
441.799,297,0.654673,0.654673,2.70997e-06,5.49425e-06
442.665,296.5,0.654673,0.654673,2.61346e-06,5.62144e-06
443.531,296,0.654673,0.654673,2.51658e-06,5.74964e-06
444.397,295.5,0.654673,0.654673,2.41502e-06,5.87936e-06
445.263,295,0.654673,0.654673,2.2504e-06,6.01043e-06
446.129,294.5,0.654672,0.654672,2.08541e-06,6.143e-06
446.995,294,0.654672,0.654672,1.92005e-06,6.27705e-06
447.861,293.5,0.654672,0.654672,1.74567e-06,6.41287e-06
448.727,293,0.654672,0.654672,1.57029e-06,6.55023e-06
449.593,292.5,0.654672,0.654672,1.39473e-06,6.6891e-06
450.459,292,0.654672,0.654672,1.223e-06,6.82918e-06
451.325,291.5,0.654672,0.654672,1.05292e-06,6.97067e-06
452.191,291,0.654672,0.654672,8.83201e-07,7.11356e-06
453.057,290.5,0.654672,0.654672,7.33761e-07,7.25736e-06
453.923,290,0.654672,0.654672,5.98329e-07,7.40241e-06
454.789,289.5,0.654672,0.654672,4.63162e-07,7.54897e-06
455.655,289,0.654672,0.654672,3.35473e-07,7.69667e-06
456.521,288.5,0.654672,0.654672,2.17427e-07,7.84513e-06
457.387,288,0.654672,0.654672,9.8779e-08,7.99628e-06
458.253,287.5,0.654673,0.654673,-8.88564e-09,8.14893e-06
459.119,287,0.654673,0.654673,-8.8449e-08,8.30295e-06
459.985,286.5,0.654673,0.654673,-1.6874e-07,8.45874e-06
460.851,286,0.654673,0.654673,-2.49706e-07,8.61633e-06
461.717,285.5,0.654673,0.654673,-3.29726e-07,8.77461e-06
462.583,285,0.654673,0.654673,-4.09558e-07,8.93336e-06
463.449,284.5,0.654673,0.654673,-4.89942e-07,9.09363e-06
464.315,284,0.654674,0.654674,-6.31002e-07,9.25562e-06
465.181,283.5,0.654674,0.654674,-7.73467e-07,9.41909e-06
466.047,283,0.654674,0.654674,-9.15372e-07,9.58406e-06
466.913,282.5,0.654674,0.654674,-1.10429e-06,9.75154e-06
467.779,282,0.654675,0.654675,-1.30384e-06,9.92055e-06
468.645,281.5,0.654675,0.654675,-1.50307e-06,1.0091e-05
469.512,281,0.654675,0.654675,-1.69458e-06,1.02635e-05
470.378,280.5,0.654676,0.654676,-1.88253e-06,1.0438e-05
471.244,280,0.654676,0.654676,-2.07051e-06,1.06143e-05
472.11,279.5,0.654676,0.654676,-2.2723e-06,1.07927e-05
472.976,279,0.654677,0.654677,-2.48893e-06,1.09734e-05
473.842,278.5,0.654677,0.654677,-2.7061e-06,1.11557e-05
474.708,278,0.654678,0.654678,-2.91788e-06,1.13397e-05
475.574,277.5,0.654679,0.654679,-3.11777e-06,1.15255e-05
476.44,277,0.654679,0.654679,-3.31712e-06,1.17156e-05
477.306,276.5,0.65468,0.65468,-3.51499e-06,1.19073e-05
478.172,276,0.65468,0.65468,-3.70538e-06,1.21002e-05
479.038,275.5,0.654681,0.654681,-3.89523e-06,1.22948e-05
