x,v,vx,vy,vz
220.096,425,0.596172,0.595993,0.00110534,0.0145983
220.962,424.5,0.593386,0.593249,0.00107538,0.0127292
221.828,424,0.590648,0.590549,0.000892233,0.0107741
222.694,423.5,0.587976,0.587911,0.000555491,0.00874664
223.56,423,0.584895,0.584858,0.000132595,0.00650806
224.426,422.5,0.58188,0.581865,-0.000379403,0.00419138
225.292,422,0.576922,0.576921,6.79136e-05,0.00112622
226.158,421.5,0.57125,0.571246,0.00052655,-0.00215864
227.024,421,0.565337,0.565307,0.00083689,-0.00581157
227.89,420.5,0.559388,0.559299,0.000978379,-0.00992271
228.756,420,0.553572,0.55339,0.000994452,-0.014143
229.622,419.5,0.549786,0.549521,0.000746527,-0.0170661
230.488,419,0.548579,0.548285,0.000174955,-0.0179502
231.355,418.5,0.548238,0.547955,-0.000460713,-0.0176123
232.221,418,0.548929,0.548702,-0.00113993,-0.0157432
233.087,417.5,0.550342,0.550173,-0.00203627,-0.0134842
233.953,417,0.552467,0.552356,-0.00304334,-0.0106318
234.819,416.5,0.553286,0.553199,-0.00192975,-0.00961882
235.685,416,0.553397,0.553324,-0.000642224,-0.00892481
236.551,415.5,0.552799,0.552733,0.000808017,-0.00849628
237.417,415,0.55106,0.550997,0.00268885,-0.00790042
238.283,414.5,0.548869,0.548803,0.00434696,-0.00733142
239.149,414,0.546832,0.54678,0.00482442,-0.00578874
240.015,413.5,0.545446,0.54542,0.00432642,-0.00316299
240.881,413,0.544447,0.544432,0.00407363,-0.000708931
241.747,412.5,0.543847,0.543829,0.00408441,0.00153289
242.613,412,0.544011,0.543978,0.00470924,0.00371179
243.479,411.5,0.544673,0.544609,0.00589964,0.00585377
244.345,411,0.544272,0.544148,0.00739751,0.00893581
245.211,410.5,0.544088,0.543888,0.00816943,0.0122483
246.077,410,0.544136,0.54385,0.00837412,0.0154993
246.943,409.5,0.544686,0.5443,0.00825714,0.0187658
247.809,409,0.545585,0.545093,0.00793558,0.0217614
248.675,408.5,0.546192,0.545612,0.008924,0.0235287
249.541,408,0.545886,0.545232,0.0109508,0.0243636
250.407,407.5,0.544366,0.543656,0.0131013,0.0245119
251.273,407,0.540913,0.540172,0.0152905,0.0238175
252.139,406.5,0.536707,0.535938,0.0174609,0.0228062
253.005,406,0.5315,0.530713,0.0192767,0.0215562
253.871,405.5,0.524256,0.523525,0.0183134,0.0207459
254.737,405,0.51749,0.516825,0.0172232,0.0197839
255.603,404.5,0.511205,0.510613,0.0160061,0.0186703
256.469,404,0.50406,0.503648,0.0132647,0.0154732
257.335,403.5,0.497135,0.496879,0.0102578,0.0121978
258.201,403,0.489484,0.489321,0.00922782,0.00859989
259.067,402.5,0.484835,0.484684,0.0111083,0.00482745
259.933,402,0.48139,0.4812,0.0134679,0.0014542
260.799,401.5,0.478113,0.47785,0.0157946,-0.00143941
261.665,401,0.473417,0.473094,0.0165667,-0.0055577
262.531,400.5,0.46911,0.46875,0.0154941,-0.00989535
263.397,400,0.470526,0.470214,0.0115026,-0.0126778
264.263,399.5,0.477305,0.477057,0.00853321,-0.0127827
265.13,399,0.491712,0.491555,0.00713323,-0.0101619
265.996,398.5,0.507813,0.507718,0.00626312,-0.00760868
266.862,398,0.520088,0.520034,0.00299302,-0.00683454
267.728,397.5,0.513211,0.513084,-0.00634448,-0.00948709
268.594,397,0.504615,0.504262,-0.0160401,-0.00992533
269.46,396.5,0.501836,0.501133,-0.0255517,-0.00725754
270.326,396,0.528356,0.527521,-0.0296798,-0.000472877
271.192,395.5,0.555779,0.554746,-0.0336794,0.00360728
272.058,395,0.584437,0.583255,-0.0366904,0.0058197
272.924,394.5,0.570237,0.568887,-0.0386948,0.00634532
273.79,394,0.602609,0.599756,-0.0571721,0.0127212
274.656,393.5,0.623833,0.620054,-0.0635914,0.0256456
275.522,393,0.645144,0.639953,-0.06934,0.043153
276.388,392.5,0.660469,0.653534,-0.0718156,0.0628873
277.254,392,0.656947,0.649317,-0.0667797,0.0742104
278.12,391.5,0.653413,0.64538,-0.0626605,0.0806685
278.986,391,0.64943,0.6415,-0.0594077,0.0819065
279.852,390.5,0.637273,0.630972,-0.0550614,0.0704223
280.718,390,0.625703,0.62073,-0.0507655,0.0601815
281.584,389.5,0.614676,0.610773,-0.04652,0.0511841
282.45,389,0.60998,0.606555,-0.0430676,0.0480869
283.316,388.5,0.605003,0.602058,-0.0395411,0.0446195
284.182,388,0.576136,0.574591,-0.0225744,0.0356107
285.048,387.5,0.589622,0.588531,-0.0198834,0.0298307
285.914,387,0.601843,0.601167,-0.0164852,0.0232736
286.78,386.5,0.593196,0.592517,-0.0172477,0.0225186
287.646,386,0.582013,0.581333,-0.0186875,0.0210168
288.512,385.5,0.572217,0.571563,-0.0200344,0.0186265
289.378,385,0.562839,0.562167,-0.0264527,0.0074802
290.244,384.5,0.553658,0.5526,-0.033832,-0.00501642
291.11,384,0.548455,0.546529,-0.0430119,-0.0161038
291.976,383.5,0.563958,0.561697,-0.0492076,-0.0111238
292.842,383,0.590635,0.588065,-0.0550169,-0.0018258
293.708,382.5,0.627343,0.624263,-0.0611925,0.0104956
294.574,382,0.65484,0.651782,-0.0600311,0.0197882
295.44,381.5,0.674845,0.672587,-0.0500617,0.0231557
296.306,381,0.679838,0.678628,-0.0316049,0.0254049
297.172,380.5,0.681597,0.680653,-0.0190902,0.0303513
298.038,380,0.684331,0.683376,-0.0116552,0.0342017
298.905,379.5,0.690362,0.689407,-0.00751175,0.0355187
299.771,379,0.696729,0.695858,-0.00804266,0.0338892
300.637,378.5,0.697538,0.696877,-0.0100063,0.0286503
301.503,378,0.697867,0.697412,-0.0112384,0.0225718
302.369,377.5,0.701702,0.701374,-0.0118617,0.017871
303.235,377,0.710785,0.710593,-0.00976589,0.013292
304.101,376.5,0.721383,0.721337,-0.00472221,0.00659095
304.967,376,0.733748,0.733744,0.00235909,-0.00102547
305.833,375.5,0.743296,0.743176,0.00344736,0.0128884
306.699,375,0.755055,0.754543,0.00543016,0.0272655
307.565,374.5,0.769318,0.76815,0.00827376,0.0415583
308.431,374,0.787796,0.785484,-0.000460453,0.0603043
309.297,373.5,0.806721,0.802695,-0.0111433,0.0797232
310.163,373,0.819938,0.814053,-0.0242366,0.0950186
311.029,372.5,0.817223,0.811337,-0.0339772,0.0918215
311.895,372,0.806408,0.800717,-0.044616,0.084585
312.761,371.5,0.78958,0.783695,-0.0580852,0.0767073
313.627,371,0.771539,0.767047,-0.0579313,0.0596185
314.493,370.5,0.755411,0.752897,-0.046461,0.0404028
315.359,370,0.750735,0.749769,-0.0282252,0.025562
316.225,369.5,0.749011,0.748727,-0.0144752,0.0146936
317.091,369,0.748519,0.748483,-0.00223044,0.00689475
317.957,368.5,0.745893,0.74585,0.00750262,0.00298906
318.823,368,0.742273,0.742122,0.0144918,0.00361126
319.689,367.5,0.738485,0.738039,0.0253028,0.00418783
320.555,367,0.732005,0.731071,0.0367338,0.00418048
321.421,366.5,0.72359,0.722219,0.0440489,0.00654702
322.287,366,0.708724,0.706981,0.0489112,0.00866769
323.153,365.5,0.687721,0.685371,0.0544559,0.0161605
324.019,365,0.663035,0.659625,0.0609341,0.0282319
324.885,364.5,0.670352,0.666322,0.0728281,0.00914746
325.751,364,0.671456,0.666311,0.0822604,-0.0107554
326.617,363.5,0.666276,0.659531,0.0892143,-0.0313605
327.483,363,0.648288,0.640747,0.0893517,-0.0416889
328.349,362.5,0.631282,0.623939,0.0838456,-0.0467673
329.215,362,0.628139,0.620672,0.0794799,-0.0548409
330.081,361.5,0.63419,0.624309,0.0805993,-0.0770651
330.947,361,0.638909,0.625311,0.079186,-0.1045
331.813,360.5,0.637274,0.618878,0.0748193,-0.132325
332.679,360,0.622858,0.598972,0.0709883,-0.155388
333.546,359.5,0.603086,0.572336,0.0657738,-0.178376
334.412,359,0.578579,0.53536,0.0644113,-0.209749
335.278,358.5,0.550864,0.491648,0.0668869,-0.239289
336.144,358,0.520688,0.44206,0.0754061,-0.264599
337.01,357.5,0.493441,0.390034,0.0845381,-0.290191
337.876,357,0.467955,0.336653,0.0944109,-0.311019
338.742,356.5,0.447405,0.310388,0.103454,-0.305168
339.608,356,0.434801,0.303149,0.108921,-0.292043
340.474,355.5,0.425036,0.305618,0.111782,-0.27342
341.34,355,0.431888,0.330432,0.127045,-0.24739
342.206,354.5,0.455533,0.36604,0.150896,-0.22529
343.072,354,0.491526,0.411544,0.179111,-0.200371
343.938,353.5,0.495504,0.423354,0.172945,-0.190751
344.804,353,0.506187,0.432131,0.179372,-0.193168
345.67,352.5,0.526699,0.442064,0.201687,-0.203257
346.536,352,0.545122,0.461,0.205237,-0.206189
347.402,351.5,0.595989,0.518579,0.190387,-0.223679
348.268,351,0.629343,0.555873,0.199245,-0.217668
349.134,350.5,0.551179,0.494621,0.207169,-0.127391
350,350,0.523704,0.485353,0.153023,-0.123623
350.866,349.5,0.478571,0.434405,0.123422,-0.158399
351.732,349,0.296505,0.235289,-0.0499625,-0.173373
352.598,348.5,0.265499,0.201917,0.0295004,-0.169851
353.464,348,0.381665,0.231377,0.180845,-0.243779
354.33,347.5,0.373076,0.251061,0.129389,-0.243747
355.196,347,0.398675,0.313407,0.0518766,-0.240887
356.062,346.5,0.437485,0.370434,0.0108668,-0.232493
356.928,346,0.458071,0.416811,-0.0670408,-0.177772
357.794,345.5,0.534303,0.514405,-0.0815055,-0.119261
358.66,345,0.651224,0.634635,-0.0884589,-0.116213
359.526,344.5,0.727201,0.709238,-0.097906,-0.127348
360.392,344,0.824916,0.805249,-0.109055,-0.142014
361.258,343.5,0.867501,0.851954,-0.114329,-0.116883
362.124,343,0.86533,0.855279,-0.0997438,-0.0857008
362.99,342.5,0.872832,0.86631,-0.0872546,-0.0610717
363.856,342,0.855545,0.844038,-0.0841318,-0.111709
364.722,341.5,0.847226,0.830085,-0.100947,-0.136233
365.588,341,0.868346,0.847455,-0.121578,-0.145137
366.454,340.5,0.871952,0.852416,-0.0915903,-0.159058
367.321,340,0.868813,0.845946,-0.0648743,-0.187092
368.187,339.5,0.885741,0.853914,-0.00777903,-0.235173
369.053,339,0.934431,0.887088,0.0292731,-0.292197
369.919,338.5,0.991497,0.933357,0.0823044,-0.324248
370.785,338,1.03927,0.950347,0.145106,-0.394805
371.651,337.5,1.09154,0.968342,0.173299,-0.473001
372.517,337,1.1494,0.99831,0.178602,-0.540915
373.383,336.5,1.19149,1.00331,0.150447,-0.624804
374.249,336,1.24874,1.02664,0.153153,-0.694199
375.115,335.5,1.31773,1.05166,0.190116,-0.770893
375.981,335,1.40424,1.09087,0.21758,-0.85706
376.847,334.5,1.4733,1.11528,0.279912,-0.92109
377.713,334,1.55765,1.17582,0.314895,-0.971885
378.579,333.5,1.67434,1.26223,0.316169,-1.05367
379.445,333,1.75747,1.30532,0.343215,-1.12562
380.311,332.5,1.95748,1.42465,0.298241,-1.30886
381.177,332,2.11586,1.49878,0.283193,-1.4664
382.043,331.5,2.27657,1.56055,0.27273,-1.63496
382.909,331,2.49631,1.68863,0.19806,-1.8278
383.775,330.5,2.67221,1.75463,0.171714,-2.00811
384.641,330,2.88447,1.85051,0.126452,-2.20902
385.507,329.5,3.10309,1.98263,0.0611423,-2.38633
386.373,329,3.32412,2.09549,0.0228832,-2.58035
387.239,328.5,3.5673,2.29848,-0.0768881,-2.72703
388.105,328,3.79865,2.52446,-0.201038,-2.83132
388.971,327.5,4.10077,2.79249,-0.326289,-2.98527
389.837,327,4.30523,3.05685,-0.492219,-2.99138
390.703,326.5,4.57315,3.36399,-0.655087,-3.02789
391.569,326,4.91266,3.71599,-0.804786,-3.11094
392.435,325.5,5.08553,3.94285,-0.930545,-3.0742
393.301,325,5.37288,4.25435,-1.01955,-3.11911
394.167,324.5,5.64465,4.52177,-1.08813,-3.1987
395.033,324,5.75671,4.66728,-1.09223,-3.18799
395.899,323.5,6.02485,4.92617,-1.06249,-3.30194
396.765,323,6.05728,4.99232,-0.976962,-3.28829
397.631,322.5,5.95217,4.94954,-0.816697,-3.20366
398.497,322,5.94349,4.95214,-0.676361,-3.2162
399.363,321.5,5.17321,4.36302,-0.474529,-2.73879
400.229,321,4.3383,3.67403,-0.366183,-2.27777
401.095,320.5,3.18681,2.68949,-0.356213,-1.67198
401.962,320,2.08236,1.61117,-0.255107,-1.29433
402.828,319.5,1.25861,0.778358,-0.0914644,-0.984836
403.694,319,0.781837,0.328329,0.194121,-0.682486
404.56,318.5,0.508682,0.0891318,0.334659,-0.37258
405.426,318,0.381066,-0.0343908,0.37919,-0.0155898
406.292,317.5,0.420173,0.0527499,0.326842,0.258722
407.158,317,0.57958,0.16724,0.241975,0.499391
408.024,316.5,0.72564,0.246961,0.168002,0.661316
408.89,316,0.798211,0.443453,0.156688,0.644934
409.756,315.5,0.812892,0.505196,0.158241,0.61687
410.622,315,0.711823,0.619513,0.0938742,0.337763
411.488,314.5,0.679432,0.531814,0.0984173,0.411237
412.354,314,0.757483,0.594276,0.0286958,0.468821
413.22,313.5,0.664989,0.550425,0.0473139,0.370141
414.086,313,0.644405,0.540868,0.0145283,0.350013
414.952,312.5,0.629276,0.524635,-0.0161082,0.347112
415.818,312,0.616005,0.50401,-0.0288456,0.352993
416.684,311.5,0.59777,0.47457,-0.0286762,0.36234
417.55,311,0.60095,0.464118,-0.0313298,0.380465
418.416,310.5,0.618301,0.465246,-0.0374617,0.405511
419.282,310,0.625738,0.455682,-0.0369291,0.427245
420.148,309.5,0.641288,0.452956,-0.0344438,0.452654
421.014,309,0.666979,0.462817,-0.0315176,0.479237
421.88,308.5,0.703138,0.481127,-0.0276847,0.512009
422.746,308,0.745914,0.506715,-0.0242333,0.546846
423.612,307.5,0.789258,0.534853,-0.0243661,0.579886
424.478,307,0.839536,0.567316,-0.0269888,0.61826
425.344,306.5,0.880535,0.599294,-0.027824,0.644527
426.21,306,0.893851,0.613699,-0.0301094,0.649181
427.076,305.5,0.902166,0.625647,-0.0315742,0.649209
427.942,305,0.905674,0.635179,-0.0321692,0.644793
428.808,304.5,0.923471,0.654458,-0.0304213,0.650814
429.674,304,0.945985,0.676327,-0.0306337,0.660706
430.54,303.5,0.971684,0.698218,-0.0326209,0.674979
431.406,303,0.988954,0.72769,-0.0360529,0.668729
432.272,302.5,1.00515,0.758113,-0.041354,0.658702
433.138,302,1.02014,0.787261,-0.0482464,0.646976
434.004,301.5,1.02078,0.806653,-0.0498503,0.62356
434.87,301,1.01759,0.825768,-0.0445923,0.59296
435.737,300.5,1.01499,0.847347,-0.0340323,0.557721
436.603,300,1.01497,0.862684,-0.0266534,0.534073
437.469,299.5,1.01504,0.866778,-0.0246353,0.527631
438.335,299,1.00764,0.857489,-0.030478,0.528324
439.201,298.5,1.01114,0.860986,-0.031381,0.529266
440.067,298,1.01329,0.863905,-0.0339485,0.528457
440.933,297.5,1.01349,0.862729,-0.0362339,0.530616
441.799,297,1.01187,0.86076,-0.0394716,0.530476
442.665,296.5,1.00961,0.869126,-0.044771,0.511795
443.531,296,1.00458,0.876088,-0.0452197,0.489504
444.397,295.5,0.993466,0.878914,-0.0466897,0.460767
445.263,295,0.975108,0.868185,-0.0477724,0.44137
446.129,294.5,0.957408,0.859386,-0.0540953,0.418521
446.995,294,0.940707,0.852516,-0.0656582,0.392219
447.861,293.5,0.928763,0.839062,-0.0592729,0.393778
448.727,293,0.924034,0.832143,-0.0529501,0.39821
449.593,292.5,0.92659,0.833171,-0.0488954,0.4025
450.459,292,0.942508,0.840846,-0.056807,0.421986
451.325,291.5,0.964977,0.85075,-0.0675836,0.450375
452.191,291,0.995966,0.867862,-0.0745622,0.482913
453.057,290.5,1.01378,0.887339,-0.0721298,0.48495
453.923,290,1.02169,0.906122,-0.0675828,0.46715
454.789,289.5,1.03274,0.927681,-0.0622125,0.449541
455.655,289,1.04682,0.948119,-0.0563141,0.440154
456.521,288.5,1.06103,0.965819,-0.0540645,0.435942
457.387,288,1.05226,0.960065,-0.0542528,0.427285
458.253,287.5,1.04285,0.953785,-0.0511195,0.418598
459.119,287,1.03208,0.946614,-0.0410995,0.409173
459.985,286.5,1.02233,0.940663,-0.0323796,0.399086
460.851,286,1.01221,0.934692,-0.0246029,0.387714
461.717,285.5,0.991514,0.920117,-0.016297,0.369079
462.583,285,0.967405,0.903486,-0.00881571,0.345699
463.449,284.5,0.939973,0.884641,-0.00202698,0.317733
464.315,284,0.90685,0.860085,0.00386745,0.287428
465.181,283.5,0.878026,0.839453,0.00831426,0.257255
466.047,283,0.854004,0.823103,0.0112985,0.227367
466.913,282.5,0.860263,0.829326,0.0103369,0.228393
467.779,282,0.872433,0.840181,0.00811131,0.234879
468.645,281.5,0.88701,0.853336,0.00512222,0.242031
469.512,281,0.903166,0.866562,-0.000465444,0.254517
470.378,280.5,0.91899,0.878906,-0.00706773,0.268359
471.244,280,0.933208,0.890217,-0.0125302,0.279702
472.11,279.5,0.945925,0.900366,-0.0139281,0.289691
472.976,279,0.958589,0.910887,-0.0119867,0.298383
473.842,278.5,0.969949,0.920776,-0.00914214,0.304779
474.708,278,0.971591,0.921698,-0.00746918,0.307257
475.574,277.5,0.954146,0.903547,-0.00959995,0.306438
476.44,277,0.93488,0.883004,-0.0132689,0.306804
477.306,276.5,0.924126,0.870313,-0.0160682,0.310332
478.172,276,0.937386,0.884416,-0.0169851,0.310181
479.038,275.5,0.944734,0.894335,-0.0198594,0.303796
