x,v,vx,vy,vz
220.096,425,0.545039,0.544695,0.00268883,0.0191762
220.962,424.5,0.542023,0.541671,0.00232447,0.0193895
221.828,424,0.538923,0.538572,0.00224925,0.0193194
222.694,423.5,0.535746,0.535405,0.00246321,0.0189528
223.56,423,0.532254,0.531927,0.00295115,0.0184203
224.426,422.5,0.528513,0.528207,0.00374969,0.0175728
225.292,422,0.521042,0.520794,0.00445601,0.0154134
226.158,421.5,0.514371,0.514155,0.00488823,0.0140777
227.024,421,0.508712,0.508498,0.00515,0.0138397
227.89,420.5,0.503845,0.503608,0.0053168,0.0145317
228.756,420,0.500065,0.499776,0.00509112,0.0162329
229.622,419.5,0.50064,0.500255,0.00476368,0.0190549
230.488,419,0.505112,0.504599,0.00503909,0.0221833
231.355,418.5,0.509087,0.508453,0.00558579,0.0247822
232.221,418,0.512487,0.511749,0.00620798,0.0267904
233.087,417.5,0.515138,0.514288,0.0071246,0.0287114
233.953,417,0.516995,0.516031,0.00826284,0.0304457
234.819,416.5,0.513288,0.512265,0.008359,0.0312872
235.685,416,0.509423,0.508332,0.0083306,0.0322681
236.551,415.5,0.505483,0.504314,0.00819023,0.0333805
237.417,415,0.501661,0.500436,0.00798143,0.0341129
238.283,414.5,0.497872,0.496585,0.00776001,0.034927
239.149,414,0.495455,0.494102,0.00796271,0.0357146
240.015,413.5,0.49464,0.493217,0.00892844,0.0364113
240.881,413,0.493644,0.492132,0.00998042,0.0373
241.747,412.5,0.492402,0.490777,0.0110724,0.0384041
242.613,412,0.491239,0.489455,0.0126505,0.039874
243.479,411.5,0.489999,0.488012,0.0143521,0.0416831
244.345,411,0.491223,0.489104,0.0137614,0.0434501
245.211,410.5,0.492743,0.490513,0.0134218,0.0448629
246.077,410,0.494435,0.4921,0.0133658,0.0460957
246.943,409.5,0.496174,0.493718,0.0134978,0.0474173
247.809,409,0.498295,0.495744,0.0141196,0.0483337
248.675,408.5,0.498811,0.49617,0.0167407,0.0484557
249.541,408,0.497284,0.494482,0.020328,0.0486393
250.407,407.5,0.494801,0.491878,0.0235686,0.0482503
251.273,407,0.490638,0.487842,0.025753,0.0455185
252.139,406.5,0.485689,0.482994,0.027842,0.042845
253.005,406,0.480151,0.477568,0.0296028,0.0399625
253.871,405.5,0.476211,0.474034,0.0291972,0.0348681
254.737,405,0.472417,0.47056,0.0289435,0.0302316
255.603,404.5,0.468758,0.467144,0.0288418,0.0260527
256.469,404,0.464052,0.462866,0.0253477,0.0213599
257.335,403.5,0.459474,0.458659,0.0212412,0.0172407
258.201,403,0.453966,0.453432,0.0165754,0.0144784
259.067,402.5,0.452851,0.452524,0.00931242,0.0144691
259.933,402,0.453731,0.453464,0.000917718,0.015525
260.799,401.5,0.455255,0.45486,-0.00801394,0.0171666
261.665,401,0.455169,0.454483,-0.0165881,0.0186755
262.531,400.5,0.454369,0.453263,-0.0247048,0.0198394
263.397,400,0.454645,0.453047,-0.0319888,0.0206607
264.263,399.5,0.456334,0.454358,-0.0359031,0.0225967
265.13,399,0.460007,0.457912,-0.0354372,0.0258188
265.996,398.5,0.463389,0.461172,-0.034552,0.0292649
266.862,398,0.463733,0.46131,-0.0348326,0.0320724
267.728,397.5,0.457357,0.454586,-0.0391069,0.031584
268.594,397,0.450861,0.447732,-0.0436435,0.0301182
269.46,396.5,0.446462,0.443026,-0.0470865,0.0289734
270.326,396,0.456938,0.453838,-0.0432913,0.0308181
271.192,395.5,0.468944,0.466331,-0.0394359,0.0298143
272.058,395,0.482416,0.480345,-0.0349768,0.0277588
272.924,394.5,0.468655,0.466887,-0.0280842,0.0294194
273.79,394,0.488307,0.486298,-0.0251135,0.0364219
274.656,393.5,0.505758,0.503936,-0.0256104,0.0344172
275.522,393,0.526032,0.524359,-0.0273406,0.0317732
276.388,392.5,0.54414,0.5425,-0.0291953,0.0304914
277.254,392,0.548653,0.546887,-0.0289073,0.033143
278.12,391.5,0.553784,0.552006,-0.0297907,0.0328297
278.986,391,0.559086,0.557393,-0.0316531,0.0298105
279.852,390.5,0.550593,0.548982,-0.0276811,0.031706
280.718,390,0.542321,0.540988,-0.0228541,0.0303604
281.584,389.5,0.534312,0.533413,-0.0171721,0.0257738
282.45,389,0.531296,0.529939,-0.0221739,0.0307947
283.316,388.5,0.530873,0.528971,-0.0273948,0.0355596
284.182,388,0.532729,0.530315,-0.0320365,0.03924
285.048,387.5,0.53682,0.533969,-0.036099,0.0418358
285.914,387,0.543116,0.539934,-0.0395823,0.0433471
286.78,386.5,0.551594,0.54821,-0.0424864,0.0437738
287.646,386,0.546655,0.54396,-0.0352287,0.0412077
288.512,385.5,0.534045,0.532333,-0.020384,0.0375593
289.378,385,0.528228,0.526718,-0.0119611,0.0380884
290.244,384.5,0.526393,0.525047,-0.00512468,0.0372746
291.11,384,0.528488,0.52732,0.000125227,0.0351179
291.976,383.5,0.534486,0.533537,0.00378862,0.0316182
292.842,383,0.544045,0.543448,0.00466152,0.0250398
293.708,382.5,0.533123,0.532746,0.0128641,-0.0153778
294.574,382,0.563416,0.562331,0.0129197,-0.0324739
295.44,381.5,0.597953,0.595935,0.00883493,-0.048275
296.306,381,0.625535,0.624079,-0.00441367,-0.0424228
297.172,380.5,0.657027,0.656016,-0.0200585,-0.030401
298.038,380,0.692269,0.691144,-0.0351243,-0.0179629
298.905,379.5,0.730408,0.728779,-0.0481401,-0.0076703
299.771,379,0.770166,0.767907,-0.0589223,-0.00134522
300.637,378.5,0.800694,0.798164,-0.0635264,-0.00312925
301.503,378,0.816876,0.814404,-0.0623185,-0.0122255
302.369,377.5,0.8336,0.830932,-0.0627383,-0.0224706
303.235,377,0.853477,0.85012,-0.0677292,-0.0336487
304.101,376.5,0.873153,0.868812,-0.0757818,-0.042646
304.967,376,0.892392,0.886797,-0.0870081,-0.0488241
305.833,375.5,0.899261,0.896071,-0.0660659,-0.0369166
306.699,375,0.900896,0.899571,-0.0400363,-0.0279972
307.565,374.5,0.897825,0.897476,-0.0105335,-0.0227118
308.431,374,0.889904,0.889266,0.0145326,-0.0303896
309.297,373.5,0.879618,0.877831,0.0360375,-0.0429202
310.163,373,0.872188,0.869298,0.0420199,-0.0571611
311.029,372.5,0.872859,0.870071,0.0304332,-0.0627111
311.895,372,0.873515,0.870484,0.0212072,-0.0695364
312.761,371.5,0.873834,0.87005,0.0164393,-0.0795514
313.627,371,0.876691,0.872451,0.0277771,-0.0815161
314.493,370.5,0.882129,0.876888,0.0517048,-0.080899
315.359,370,0.888238,0.880754,0.064816,-0.0950687
316.225,369.5,0.860952,0.850576,0.0912831,-0.0970825
317.091,369,0.790149,0.774866,0.123643,-0.0929022
317.957,368.5,0.719667,0.695882,0.152616,-0.101865
318.823,368,0.649906,0.617541,0.168016,-0.1131
319.689,367.5,0.600682,0.573875,0.153069,-0.0897558
320.555,367,0.58941,0.57132,0.131079,-0.0617681
321.421,366.5,0.599412,0.587919,0.109774,-0.0399473
322.287,366,0.59752,0.588905,0.0892393,-0.0475096
323.153,365.5,0.643777,0.631284,0.0774216,-0.0996755
324.019,365,0.644083,0.631684,0.0741794,-0.101568
324.885,364.5,0.643714,0.631565,0.0733359,-0.100573
325.751,364,0.645307,0.632379,0.0740198,-0.105069
326.617,363.5,0.636522,0.620529,0.0744813,-0.120654
327.483,363,0.610598,0.590479,0.0742337,-0.136578
328.349,362.5,0.577574,0.559674,0.0559447,-0.131253
329.215,362,0.609809,0.585229,0.0638204,-0.159062
330.081,361.5,0.606134,0.575158,0.0707192,-0.177737
330.947,361,0.590804,0.553154,0.0775442,-0.192502
331.813,360.5,0.574758,0.529549,0.0843281,-0.206914
332.679,360,0.556116,0.506622,0.0934565,-0.20944
333.546,359.5,0.531765,0.483204,0.110151,-0.192757
334.412,359,0.520518,0.479993,0.121811,-0.160334
335.278,358.5,0.509922,0.47682,0.128418,-0.12717
336.144,358,0.492101,0.461508,0.136891,-0.10215
337.01,357.5,0.466579,0.43416,0.151413,-0.0792142
337.876,357,0.44205,0.402806,0.170472,-0.0639882
338.742,356.5,0.479042,0.435813,0.189052,-0.0617059
339.608,356,0.521729,0.470616,0.220719,-0.0447834
340.474,355.5,0.553643,0.485674,0.265258,-0.0167106
341.34,355,0.576229,0.501888,0.282099,-0.0238422
342.206,354.5,0.593415,0.513337,0.294983,-0.0401412
343.072,354,0.604048,0.520233,0.299747,-0.0662125
343.938,353.5,0.569283,0.488519,0.274773,-0.0996604
344.804,353,0.547596,0.464991,0.257348,-0.13197
345.67,352.5,0.543673,0.454796,0.249515,-0.162736
346.536,352,0.531728,0.419763,0.277437,-0.171938
347.402,351.5,0.51013,0.353203,0.325374,-0.172081
348.268,351,0.483184,0.282525,0.349404,-0.177662
349.134,350.5,0.383066,0.233971,0.272426,-0.133347
350,350,0.24353,0.188519,0.146728,-0.0473095
350.866,349.5,0.178988,0.125813,0.116431,-0.0514934
351.732,349,0.204189,0.191142,-0.0699914,-0.0161007
352.598,348.5,0.275144,0.261932,-0.0699821,-0.0468857
353.464,348,0.352285,0.345796,0.00597377,-0.0670388
354.33,347.5,0.259872,0.253024,0.00492522,-0.0590613
355.196,347,0.257338,0.25078,-0.0427398,-0.0387999
356.062,346.5,0.299851,0.269391,-0.131605,-0.00438129
356.928,346,0.325973,0.26894,-0.183244,-0.0187513
357.794,345.5,0.362795,0.309659,-0.183653,-0.0447548
358.66,345,0.408334,0.355899,-0.190048,-0.0628836
359.526,344.5,0.455388,0.399685,-0.206255,-0.0713321
360.392,344,0.467148,0.410896,-0.216279,-0.0511361
361.258,343.5,0.452755,0.394594,-0.218173,-0.0410299
362.124,343,0.41352,0.351025,-0.21424,-0.0433665
362.99,342.5,0.392639,0.339717,-0.194415,-0.0309927
363.856,342,0.354296,0.314981,-0.161753,-0.01219
364.722,341.5,0.291265,0.26477,-0.121053,0.00882401
365.588,341,0.234533,0.224211,-0.0643291,0.024439
366.454,340.5,0.213462,0.209408,0.001844,0.0413633
367.321,340,0.231423,0.206694,0.0631881,0.0827131
368.187,339.5,0.250771,0.195674,0.0941292,0.125449
369.053,339,0.263376,0.184454,0.0991513,0.159726
369.919,338.5,0.282245,0.177158,0.104398,0.193334
370.785,338,0.308039,0.176805,0.105623,0.229068
371.651,337.5,0.333283,0.182314,0.0873669,0.264965
372.517,337,0.353425,0.188752,0.0538537,0.293907
373.383,336.5,0.381048,0.199035,0.0189971,0.324379
374.249,336,0.408915,0.213537,-0.00847506,0.348628
375.115,335.5,0.437849,0.225583,-0.0333714,0.373779
375.981,335,0.467118,0.235147,-0.05567,0.399758
376.847,334.5,0.4617,0.231479,-0.0674611,0.393742
377.713,334,0.459336,0.232667,-0.0773196,0.388429
378.579,333.5,0.51449,0.268807,-0.0924115,0.428839
379.445,333,0.563855,0.326304,-0.105593,0.447558
380.311,332.5,0.475434,0.291317,-0.0803347,0.367039
381.177,332,0.48864,0.319153,-0.0729245,0.362758
382.043,331.5,0.479456,0.321093,-0.0693163,0.349245
382.909,331,0.470071,0.318365,-0.0683811,0.33902
383.775,330.5,0.471024,0.321397,-0.0676519,0.337626
384.641,330,0.496096,0.349109,-0.0652735,0.346372
385.507,329.5,0.536992,0.394307,-0.0624394,0.359143
386.373,329,0.567755,0.432228,-0.0636809,0.362587
387.239,328.5,0.587545,0.453434,-0.0682876,0.367348
388.105,328,0.606814,0.459346,-0.0757346,0.389216
388.971,327.5,0.641777,0.470583,-0.0808623,0.428825
389.837,327,0.697979,0.493397,-0.0829533,0.486675
390.703,326.5,0.764617,0.543203,-0.0833047,0.531629
391.569,326,0.795776,0.577933,-0.0870747,0.540066
392.435,325.5,0.801192,0.592653,-0.0930843,0.531043
393.301,325,0.747852,0.556243,-0.0980819,0.490159
394.167,324.5,0.697682,0.51445,-0.102024,0.460101
395.033,324,0.652182,0.468435,-0.104378,0.441605
395.899,323.5,0.648572,0.489936,-0.0870991,0.415959
396.765,323,0.642976,0.507358,-0.0704758,0.388638
397.631,322.5,0.632557,0.515324,-0.0554883,0.362617
398.497,322,0.62087,0.505007,-0.0465998,0.358156
399.363,321.5,0.626267,0.500729,-0.0438277,0.373577
400.229,321,0.649363,0.517641,-0.0456321,0.389407
401.095,320.5,0.673673,0.547715,-0.0430685,0.389857
401.962,320,0.695432,0.577702,-0.0376324,0.385319
402.828,319.5,0.713379,0.603749,-0.0333509,0.37853
403.694,319,0.719581,0.618786,-0.0320668,0.365885
404.56,318.5,0.717376,0.623899,-0.033306,0.352517
405.426,318,0.725239,0.63218,-0.030916,0.354069
406.292,317.5,0.742,0.64731,-0.0283007,0.361598
407.158,317,0.784466,0.686653,-0.0216112,0.378717
408.024,316.5,0.830456,0.728134,-0.0148691,0.39907
408.89,316,0.87041,0.763118,-0.00886242,0.418553
409.756,315.5,0.827775,0.728142,-0.010113,0.393598
410.622,315,0.898787,0.779798,-0.0234473,0.446299
411.488,314.5,0.930651,0.803695,-0.0277439,0.468419
412.354,314,0.951482,0.822904,-0.0319974,0.476575
413.22,313.5,0.944931,0.820808,-0.0336639,0.466943
414.086,313,0.907155,0.79388,-0.0317353,0.437811
414.952,312.5,0.877953,0.774176,-0.0301078,0.412972
415.818,312,0.857326,0.761696,-0.0287815,0.392428
416.684,311.5,0.8188,0.735826,-0.0346813,0.357479
417.55,311,0.87237,0.788399,-0.0308968,0.372159
418.416,310.5,0.930304,0.845737,-0.0171978,0.387169
419.282,310,0.942697,0.862618,-0.00588698,0.380175
420.148,309.5,0.926857,0.849577,-0.00792576,0.370434
421.014,309,0.910627,0.831982,-0.0125637,0.369986
421.88,308.5,0.901999,0.82071,-0.00835147,0.374121
422.746,308,0.896425,0.814499,0.00223295,0.374386
423.612,307.5,0.882819,0.808418,0.00942092,0.354601
424.478,307,0.872504,0.809356,0.00231084,0.325885
425.344,306.5,0.864348,0.81016,-0.00819005,0.301115
426.21,306,0.862306,0.816682,-0.0119985,0.276509
427.076,305.5,0.871904,0.830481,-0.0203779,0.264769
427.942,305,0.892952,0.851766,-0.0332693,0.265991
428.808,304.5,0.919028,0.876365,-0.0287985,0.275259
429.674,304,0.935958,0.891696,-0.0215333,0.283606
430.54,303.5,0.948368,0.901872,-0.0164715,0.292844
431.406,303,0.95853,0.906094,-0.00811906,0.312581
432.272,302.5,0.971398,0.910642,0.0017099,0.338143
433.138,302,0.991345,0.920631,0.0117291,0.367513
434.004,301.5,1.00995,0.935725,0.0115062,0.379843
434.87,301,1.02131,0.946663,0.0105403,0.383127
435.737,300.5,1.0301,0.955504,0.0129138,0.384656
436.603,300,1.03276,0.960613,0.0137694,0.37897
437.469,299.5,1.0296,0.961896,0.0173696,0.366793
438.335,299,1.02471,0.960042,0.0188751,0.357758
439.201,298.5,1.02481,0.961941,0.0192783,0.352891
440.067,298,1.03158,0.972596,0.00845016,0.343719
440.933,297.5,1.04201,0.987811,-0.0036764,0.331655
441.799,297,1.05309,1.00296,-0.0138411,0.320733
442.665,296.5,1.04487,0.994621,-0.0112784,0.319921
443.531,296,1.02731,0.978348,-0.00543172,0.313338
444.397,295.5,1.01391,0.967654,0.00296199,0.302721
445.263,295,1.00784,0.970488,0.0191736,0.271176
446.129,294.5,0.996593,0.967674,0.0302399,0.236413
446.995,294,0.980188,0.959211,0.0361608,0.198432
447.861,293.5,0.930877,0.914223,0.0429551,0.16995
448.727,293,0.887721,0.873648,0.0480645,0.149926
449.593,292.5,0.854124,0.841457,0.051017,0.137391
450.459,292,0.850732,0.836723,0.0497319,0.145484
451.325,291.5,0.855872,0.839271,0.048569,0.160569
452.191,291,0.8615,0.842886,0.0493867,0.171137
453.057,290.5,0.857414,0.838074,0.0457125,0.175218
453.923,290,0.848338,0.828631,0.0369373,0.177999
454.789,289.5,0.841564,0.822201,0.0273889,0.177388
455.655,289,0.834232,0.81556,0.0182762,0.174562
456.521,288.5,0.821282,0.803179,0.009307,0.171234
457.387,288,0.814301,0.793928,0.00162487,0.181003
458.253,287.5,0.815725,0.79178,-0.00361577,0.19616
459.119,287,0.829578,0.80074,-0.00771134,0.216694
459.985,286.5,0.847005,0.813243,-0.0106098,0.236517
460.851,286,0.866538,0.828142,-0.0116359,0.25482
461.717,285.5,0.876136,0.83484,-0.00755224,0.265705
462.583,285,0.88238,0.838744,-0.00509329,0.274001
463.449,284.5,0.887352,0.841878,-0.00459832,0.280383
464.315,284,0.886936,0.840738,-0.00614669,0.282448
465.181,283.5,0.88776,0.84118,-0.007748,0.283677
466.047,283,0.889988,0.843321,-0.00939489,0.284253
466.913,282.5,0.89118,0.843627,-0.00954516,0.287062
467.779,282,0.891966,0.843988,-0.0102227,0.288415
468.645,281.5,0.892677,0.844554,-0.0123031,0.288875
469.512,281,0.891513,0.842668,-0.0169591,0.290548
470.378,280.5,0.889065,0.839571,-0.0231033,0.291589
471.244,280,0.881615,0.832659,-0.028517,0.28829
472.11,279.5,0.868667,0.822155,-0.031085,0.278706
472.976,279,0.853672,0.810888,-0.0312393,0.265028
473.842,278.5,0.837876,0.799209,-0.0305478,0.249736
474.708,278,0.819447,0.784733,-0.0293095,0.234153
475.574,277.5,0.795717,0.764674,-0.0276114,0.218349
476.44,277,0.770414,0.743576,-0.0260403,0.199888
477.306,276.5,0.744853,0.722913,-0.0244858,0.177771
478.172,276,0.717214,0.701259,-0.0215882,0.148881
479.038,275.5,0.692766,0.682217,-0.0195249,0.118843
