x,v,vx,vy,vz
220.096,425,0.654734,0.654734,-6.79839e-07,2.04664e-05
220.962,424.5,0.654734,0.654734,-7.84659e-07,2.02166e-05
221.828,424,0.654735,0.654735,-8.89462e-07,1.99676e-05
222.694,423.5,0.654735,0.654735,-9.94616e-07,1.97195e-05
223.56,423,0.654735,0.654735,-1.07398e-06,1.94705e-05
224.426,422.5,0.654736,0.654736,-1.14729e-06,1.92227e-05
225.292,422,0.654736,0.654736,-1.21988e-06,1.89815e-05
226.158,421.5,0.654736,0.654736,-1.28799e-06,1.87418e-05
227.024,421,0.654736,0.654736,-1.35366e-06,1.85034e-05
227.89,420.5,0.654737,0.654737,-1.41924e-06,1.82667e-05
228.756,420,0.654737,0.654737,-1.47862e-06,1.8031e-05
229.622,419.5,0.654737,0.654737,-1.53161e-06,1.77957e-05
230.488,419,0.654738,0.654738,-1.58381e-06,1.75612e-05
231.355,418.5,0.654738,0.654738,-1.63402e-06,1.73277e-05
232.221,418,0.654738,0.654738,-1.68108e-06,1.70949e-05
233.087,417.5,0.654739,0.654739,-1.72837e-06,1.68638e-05
233.953,417,0.654739,0.654739,-1.76811e-06,1.66342e-05
234.819,416.5,0.654739,0.654739,-1.77418e-06,1.64069e-05
235.685,416,0.65474,0.65474,-1.78048e-06,1.61813e-05
236.551,415.5,0.65474,0.65474,-1.78652e-06,1.59572e-05
237.417,415,0.65474,0.65474,-1.77779e-06,1.57343e-05
238.283,414.5,0.654741,0.654741,-1.76868e-06,1.55129e-05
239.149,414,0.654741,0.654741,-1.75909e-06,1.52909e-05
240.015,413.5,0.654741,0.654741,-1.72097e-06,1.50679e-05
240.881,413,0.654742,0.654742,-1.67851e-06,1.48462e-05
241.747,412.5,0.654742,0.654742,-1.63579e-06,1.4626e-05
242.613,412,0.654742,0.654742,-1.58032e-06,1.44068e-05
243.479,411.5,0.654743,0.654743,-1.52014e-06,1.41892e-05
244.345,411,0.654743,0.654743,-1.45915e-06,1.39773e-05
245.211,410.5,0.654743,0.654743,-1.38683e-06,1.37667e-05
246.077,410,0.654744,0.654744,-1.30604e-06,1.35574e-05
246.943,409.5,0.654744,0.654744,-1.22557e-06,1.33496e-05
247.809,409,0.654744,0.654744,-1.13706e-06,1.31431e-05
248.675,408.5,0.654744,0.654744,-1.0363e-06,1.29386e-05
249.541,408,0.654744,0.654744,-9.35915e-07,1.2736e-05
250.407,407.5,0.654745,0.654745,-8.29013e-07,1.25346e-05
251.273,407,0.654745,0.654745,-7.00905e-07,1.23342e-05
252.139,406.5,0.654745,0.654745,-5.72572e-07,1.21353e-05
253.005,406,0.654745,0.654745,-4.43885e-07,1.1938e-05
253.871,405.5,0.654745,0.654745,-3.13101e-07,1.17437e-05
254.737,405,0.654745,0.654745,-1.82011e-07,1.1551e-05
255.603,404.5,0.654745,0.654745,-5.06141e-08,1.13599e-05
256.469,404,0.654745,0.654745,3.97352e-08,1.11693e-05
257.335,403.5,0.654745,0.654745,1.26761e-07,1.09801e-05
258.201,403,0.654745,0.654745,2.14801e-07,1.07918e-05
259.067,402.5,0.654745,0.654745,3.04804e-07,1.0604e-05
259.933,402,0.654745,0.654745,3.94914e-07,1.04175e-05
260.799,401.5,0.654745,0.654745,4.84737e-07,1.02323e-05
261.665,401,0.654745,0.654745,5.79404e-07,1.0049e-05
262.531,400.5,0.654745,0.654745,6.7759e-07,9.86809e-06
263.397,400,0.654744,0.654744,7.76712e-07,9.69192e-06
264.263,399.5,0.654744,0.654744,8.74124e-07,9.51749e-06
265.13,399,0.654744,0.654744,9.69852e-07,9.34478e-06
265.996,398.5,0.654744,0.654744,1.06586e-06,9.17369e-06
266.862,398,0.654744,0.654744,1.15236e-06,9.0041e-06
267.728,397.5,0.654743,0.654743,1.21558e-06,8.83634e-06
268.594,397,0.654743,0.654743,1.27876e-06,8.6703e-06
269.46,396.5,0.654743,0.654743,1.33903e-06,8.50565e-06
270.326,396,0.654743,0.654743,1.38061e-06,8.34208e-06
271.192,395.5,0.654742,0.654742,1.42194e-06,8.18003e-06
272.058,395,0.654742,0.654742,1.46329e-06,8.01988e-06
272.924,394.5,0.654742,0.654742,1.49435e-06,7.86239e-06
273.79,394,0.654741,0.654741,1.52506e-06,7.70648e-06
274.656,393.5,0.654741,0.654741,1.55557e-06,7.55215e-06
275.522,393,0.654741,0.654741,1.57277e-06,7.39944e-06
276.388,392.5,0.65474,0.65474,1.58736e-06,7.24833e-06
277.254,392,0.65474,0.65474,1.60119e-06,7.09886e-06
278.12,391.5,0.65474,0.65474,1.6061e-06,6.9509e-06
278.986,391,0.654739,0.654739,1.60703e-06,6.80451e-06
279.852,390.5,0.654739,0.654739,1.60825e-06,6.65974e-06
280.718,390,0.654739,0.654739,1.60461e-06,6.51636e-06
281.584,389.5,0.654738,0.654738,1.59608e-06,6.37475e-06
282.45,389,0.654738,0.654738,1.58758e-06,6.23552e-06
283.316,388.5,0.654738,0.654738,1.57474e-06,6.09753e-06
284.182,388,0.654737,0.654737,1.55375e-06,5.96055e-06
285.048,387.5,0.654737,0.654737,1.53259e-06,5.82513e-06
285.914,387,0.654737,0.654737,1.50908e-06,5.69115e-06
286.78,386.5,0.654736,0.654736,1.47653e-06,5.55889e-06
287.646,386,0.654736,0.654736,1.44378e-06,5.42835e-06
288.512,385.5,0.654736,0.654736,1.41042e-06,5.29941e-06
289.378,385,0.654735,0.654735,1.36627e-06,5.17183e-06
290.244,384.5,0.654735,0.654735,1.32229e-06,5.04579e-06
291.11,384,0.654735,0.654735,1.27835e-06,4.92144e-06
291.976,383.5,0.654735,0.654735,1.21309e-06,4.79901e-06
292.842,383,0.654734,0.654734,1.14516e-06,4.67814e-06
293.708,382.5,0.654734,0.654734,1.07733e-06,4.55882e-06
294.574,382,0.654734,0.654734,1.00503e-06,4.44114e-06
295.44,381.5,0.654734,0.654734,9.308e-07,4.32504e-06
296.306,381,0.654733,0.654733,8.56481e-07,4.21111e-06
297.172,380.5,0.654733,0.654733,7.72789e-07,4.09876e-06
298.038,380,0.654733,0.654733,6.81765e-07,3.98792e-06
298.905,379.5,0.654733,0.654733,5.90499e-07,3.87855e-06
299.771,379,0.654733,0.654733,5.08783e-07,3.77066e-06
300.637,378.5,0.654732,0.654732,4.41086e-07,3.66433e-06
301.503,378,0.654732,0.654732,3.73353e-07,3.5596e-06
302.369,377.5,0.654732,0.654732,3.07725e-07,3.4563e-06
303.235,377,0.654732,0.654732,2.48733e-07,3.35438e-06
304.101,376.5,0.654732,0.654732,1.898e-07,3.2539e-06
304.967,376,0.654732,0.654732,1.33187e-07,3.15486e-06
305.833,375.5,0.654732,0.654732,9.73544e-08,3.05772e-06
306.699,375,0.654732,0.654732,6.15993e-08,2.96204e-06
307.565,374.5,0.654732,0.654732,2.59396e-08,2.86779e-06
308.431,374,0.654732,0.654732,-7.04148e-09,2.77495e-06
309.297,373.5,0.654731,0.654731,-4.00027e-08,2.68357e-06
310.163,373,0.654731,0.654731,-7.32767e-08,2.5932e-06
311.029,372.5,0.654731,0.654731,-1.03617e-07,2.50375e-06
311.895,372,0.654731,0.654731,-1.33142e-07,2.41574e-06
312.761,371.5,0.654731,0.654731,-1.62733e-07,2.32917e-06
313.627,371,0.654731,0.654731,-1.98572e-07,2.2439e-06
314.493,370.5,0.654731,0.654731,-2.37949e-07,2.15997e-06
315.359,370,0.654731,0.654731,-2.77064e-07,2.07706e-06
316.225,369.5,0.654731,0.654731,-3.05731e-07,1.99564e-06
317.091,369,0.654731,0.654731,-3.22313e-07,1.91568e-06
317.957,368.5,0.654731,0.654731,-3.38796e-07,1.83718e-06
318.823,368,0.654731,0.654731,-3.555e-07,1.76013e-06
319.689,367.5,0.654731,0.654731,-3.72739e-07,1.68465e-06
320.555,367,0.654731,0.654731,-3.89724e-07,1.61074e-06
321.421,366.5,0.654731,0.654731,-4.04757e-07,1.53835e-06
322.287,366,0.654731,0.654731,-4.09762e-07,1.46759e-06
323.153,365.5,0.654731,0.654731,-4.14967e-07,1.3983e-06
324.019,365,0.654731,0.654731,-4.20374e-07,1.33053e-06
324.885,364.5,0.654731,0.654731,-4.21863e-07,1.26484e-06
325.751,364,0.654731,0.654731,-4.23451e-07,1.2006e-06
326.617,363.5,0.654731,0.654731,-4.25157e-07,1.1378e-06
327.483,363,0.654731,0.654731,-4.02508e-07,1.07655e-06
328.349,362.5,0.654731,0.654731,-3.75066e-07,1.01675e-06
329.215,362,0.654731,0.654731,-3.4759e-07,9.58244e-07
330.081,361.5,0.654731,0.654731,-3.14231e-07,9.01131e-07
330.947,361,0.654731,0.654731,-2.7807e-07,8.45476e-07
331.813,360.5,0.654731,0.654731,-2.41873e-07,7.91269e-07
332.679,360,0.654731,0.654731,-2.0331e-07,7.38487e-07
333.546,359.5,0.654731,0.654731,-1.62704e-07,6.87148e-07
334.412,359,0.654731,0.654731,-1.22078e-07,6.37419e-07
335.278,358.5,0.654731,0.654731,-8.25631e-08,5.89201e-07
336.144,358,0.654731,0.654731,-4.51032e-08,5.42475e-07
337.01,357.5,0.654731,0.654731,-7.68462e-09,4.97212e-07
337.876,357,0.654731,0.654731,3.22433e-08,4.53407e-07
338.742,356.5,0.654731,0.654731,8.18526e-08,4.11008e-07
339.608,356,0.654731,0.654731,1.31428e-07,3.70061e-07
340.474,355.5,0.654731,0.654731,1.81835e-07,3.30574e-07
341.34,355,0.654731,0.654731,2.48445e-07,2.92562e-07
342.206,354.5,0.654731,0.654731,3.15104e-07,2.55992e-07
343.072,354,0.654731,0.654731,3.81763e-07,2.20916e-07
343.938,353.5,0.654731,0.654731,4.41977e-07,1.87527e-07
344.804,353,0.654731,0.654731,5.01467e-07,1.55582e-07
345.67,352.5,0.654731,0.654731,5.60983e-07,1.25074e-07
346.536,352,0.654731,0.654731,6.16825e-07,9.60102e-08
347.402,351.5,0.654731,0.654731,6.71328e-07,6.8419e-08
348.268,351,0.65473,0.65473,7.25805e-07,4.21472e-08
349.134,350.5,0.65473,0.65473,7.84441e-07,1.73041e-08
350,350,0.65473,0.65473,8.46084e-07,-6.03212e-09
350.866,349.5,0.65473,0.65473,9.07701e-07,-2.78551e-08
351.732,349,0.65473,0.65473,9.7002e-07,-4.81669e-08
352.598,348.5,0.65473,0.65473,1.03332e-06,-6.69708e-08
353.464,348,0.654729,0.654729,1.09661e-06,-8.426e-08
354.33,347.5,0.654729,0.654729,1.15424e-06,-1.0003e-07
355.196,347,0.654729,0.654729,1.1961e-06,-1.14278e-07
356.062,346.5,0.654729,0.654729,1.23794e-06,-1.2704e-07
356.928,346,0.654729,0.654729,1.27687e-06,-1.38309e-07
357.794,345.5,0.654728,0.654728,1.29171e-06,-1.48074e-07
358.66,345,0.654728,0.654728,1.30659e-06,-1.56353e-07
359.526,344.5,0.654728,0.654728,1.32149e-06,-1.63137e-07
360.392,344,0.654728,0.654728,1.33986e-06,-1.68393e-07
361.258,343.5,0.654727,0.654727,1.35846e-06,-1.72155e-07
362.124,343,0.654727,0.654727,1.37711e-06,-1.74447e-07
362.99,342.5,0.654727,0.654727,1.37926e-06,-1.75499e-07
363.856,342,0.654727,0.654727,1.37712e-06,-1.75172e-07
364.722,341.5,0.654727,0.654727,1.37505e-06,-1.7342e-07
365.588,341,0.654726,0.654726,1.35461e-06,-1.70375e-07
366.454,340.5,0.654726,0.654726,1.32352e-06,-1.65976e-07
367.321,340,0.654726,0.654726,1.29239e-06,-1.59971e-07
368.187,339.5,0.654726,0.654726,1.25169e-06,-1.52558e-07
369.053,339,0.654726,0.654726,1.20036e-06,-1.43772e-07
369.919,338.5,0.654725,0.654725,1.14892e-06,-1.33579e-07
370.785,338,0.654725,0.654725,1.09839e-06,-1.21995e-07
371.651,337.5,0.654725,0.654725,1.05e-06,-1.08985e-07
372.517,337,0.654725,0.654725,1.00151e-06,-9.45058e-08
373.383,336.5,0.654725,0.654725,9.51096e-07,-7.8599e-08
374.249,336,0.654725,0.654725,8.91332e-07,-6.11291e-08
375.115,335.5,0.654725,0.654725,8.31611e-07,-4.21485e-08
375.981,335,0.654724,0.654724,7.71855e-07,-2.1657e-08
376.847,334.5,0.654724,0.654724,6.95685e-07,4.83555e-10
377.713,334,0.654724,0.654724,6.19658e-07,2.41246e-08
378.579,333.5,0.654724,0.654724,5.43795e-07,4.92605e-08
379.445,333,0.654724,0.654724,4.22578e-07,7.59503e-08
380.311,332.5,0.654724,0.654724,2.9318e-07,1.04102e-07
381.177,332,0.654724,0.654724,1.63818e-07,1.33705e-07
382.043,331.5,0.654724,0.654724,3.32211e-08,1.64959e-07
382.909,331,0.654724,0.654724,-9.80889e-08,1.9782e-07
383.775,330.5,0.654724,0.654724,-2.29539e-07,2.32224e-07
384.641,330,0.654724,0.654724,-3.56569e-07,2.68222e-07
385.507,329.5,0.654724,0.654724,-4.79607e-07,3.0581e-07
386.373,329,0.654724,0.654724,-6.02617e-07,3.45048e-07
387.239,328.5,0.654725,0.654725,-7.17152e-07,3.85721e-07
388.105,328,0.654725,0.654725,-8.17583e-07,4.2779e-07
388.971,327.5,0.654725,0.654725,-9.17948e-07,4.71311e-07
389.837,327,0.654725,0.654725,-1.02031e-06,5.1632e-07
390.703,326.5,0.654725,0.654725,-1.13026e-06,5.63053e-07
391.569,326,0.654725,0.654725,-1.2402e-06,6.11417e-07
392.435,325.5,0.654726,0.654726,-1.34843e-06,6.61309e-07
393.301,325,0.654726,0.654726,-1.43244e-06,7.13075e-07
394.167,324.5,0.654726,0.654726,-1.51646e-06,7.6626e-07
395.033,324,0.654726,0.654726,-1.60049e-06,8.20862e-07
395.899,323.5,0.654727,0.654727,-1.6635e-06,8.7695e-07
396.765,323,0.654727,0.654727,-1.72454e-06,9.34384e-07
397.631,322.5,0.654727,0.654727,-1.78579e-06,9.93147e-07
398.497,322,0.654727,0.654727,-1.82147e-06,1.05327e-06
399.363,321.5,0.654728,0.654728,-1.84826e-06,1.11479e-06
400.229,321,0.654728,0.654728,-1.87498e-06,1.17783e-06
401.095,320.5,0.654728,0.654728,-1.88383e-06,1.24242e-06
401.962,320,0.654728,0.654728,-1.88e-06,1.30843e-06
402.828,319.5,0.654729,0.654729,-1.87605e-06,1.37586e-06
403.694,319,0.654729,0.654729,-1.85413e-06,1.44468e-06
404.56,318.5,0.654729,0.654729,-1.8087e-06,1.51489e-06
405.426,318,0.65473,0.65473,-1.76326e-06,1.58655e-06
406.292,317.5,0.65473,0.65473,-1.71506e-06,1.6597e-06
407.158,317,0.65473,0.65473,-1.6601e-06,1.73434e-06
408.024,316.5,0.65473,0.65473,-1.60513e-06,1.81046e-06
408.89,316,0.654731,0.654731,-1.54915e-06,1.88809e-06
409.756,315.5,0.654731,0.654731,-1.48538e-06,1.96749e-06
410.622,315,0.654731,0.654731,-1.42169e-06,2.04849e-06
411.488,314.5,0.654731,0.654731,-1.35814e-06,2.13096e-06
412.354,314,0.654732,0.654732,-1.29164e-06,2.21501e-06
413.22,313.5,0.654732,0.654732,-1.22484e-06,2.30057e-06
414.086,313,0.654732,0.654732,-1.1579e-06,2.38769e-06
414.952,312.5,0.654732,0.654732,-1.07711e-06,2.47678e-06
415.818,312,0.654733,0.654733,-9.92762e-07,2.56746e-06
416.684,311.5,0.654733,0.654733,-9.08284e-07,2.65971e-06
417.55,311,0.654733,0.654733,-8.13892e-07,2.75358e-06
418.416,310.5,0.654733,0.654733,-7.14394e-07,2.84902e-06
419.282,310,0.654734,0.654734,-6.15196e-07,2.94628e-06
420.148,309.5,0.654734,0.654734,-5.14985e-07,3.04518e-06
421.014,309,0.654734,0.654734,-4.14022e-07,3.14565e-06
421.88,308.5,0.654734,0.654734,-3.13279e-07,3.24774e-06
422.746,308,0.654734,0.654734,-2.02909e-07,3.35149e-06
423.612,307.5,0.654734,0.654734,-7.2431e-08,3.45686e-06
424.478,307,0.654734,0.654734,5.77879e-08,3.56353e-06
425.344,306.5,0.654735,0.654735,1.95487e-07,3.67171e-06
426.21,306,0.654735,0.654735,3.71848e-07,3.78121e-06
427.076,305.5,0.654735,0.654735,5.48306e-07,3.89229e-06
427.942,305,0.654735,0.654735,7.26038e-07,4.00496e-06
428.808,304.5,0.654735,0.654735,9.83502e-07,4.11912e-06
429.674,304,0.654735,0.654735,1.24103e-06,4.23496e-06
430.54,303.5,0.654735,0.654735,1.49861e-06,4.35246e-06
431.406,303,0.654735,0.654735,1.76584e-06,4.47175e-06
432.272,302.5,0.654735,0.654735,2.03439e-06,4.59271e-06
433.138,302,0.654734,0.654734,2.30275e-06,4.71532e-06
434.004,301.5,0.654734,0.654734,2.54236e-06,4.83968e-06
434.87,301,0.654734,0.654734,2.76941e-06,4.96576e-06
435.737,300.5,0.654734,0.654734,2.99633e-06,5.09353e-06
436.603,300,0.654734,0.654734,3.17323e-06,5.22321e-06
437.469,299.5,0.654734,0.654734,3.30823e-06,5.35482e-06
438.335,299,0.654734,0.654734,3.44331e-06,5.48955e-06
439.201,298.5,0.654733,0.654733,3.52372e-06,5.62642e-06
440.067,298,0.654733,0.654733,3.5174e-06,5.76514e-06
440.933,297.5,0.654733,0.654733,3.51137e-06,5.90554e-06
441.799,297,0.654733,0.654733,3.47971e-06,6.04765e-06
442.665,296.5,0.654733,0.654733,3.35985e-06,6.19128e-06
443.531,296,0.654732,0.654732,3.23953e-06,6.33602e-06
444.397,295.5,0.654732,0.654732,3.11371e-06,6.48254e-06
445.263,295,0.654732,0.654732,2.91344e-06,6.63085e-06
446.129,294.5,0.654732,0.654732,2.71283e-06,6.78087e-06
446.995,294,0.654732,0.654732,2.51189e-06,6.93261e-06
447.861,293.5,0.654731,0.654731,2.30974e-06,7.08661e-06
448.727,293,0.654731,0.654731,2.10726e-06,7.24236e-06
449.593,292.5,0.654731,0.654731,1.90447e-06,7.39979e-06
450.459,292,0.654731,0.654731,1.71113e-06,7.55868e-06
451.325,291.5,0.654731,0.654731,1.52122e-06,7.71926e-06
452.191,291,0.654731,0.654731,1.33181e-06,7.88131e-06
453.057,290.5,0.654731,0.654731,1.17022e-06,8.04386e-06
453.923,290,0.654731,0.654731,1.0272e-06,8.20765e-06
454.789,289.5,0.654731,0.654731,8.84196e-07,8.37314e-06
455.655,289,0.654731,0.654731,7.62551e-07,8.54022e-06
456.521,288.5,0.654731,0.654731,6.68621e-07,8.70836e-06
457.387,288,0.654731,0.654731,5.72649e-07,8.87978e-06
458.253,287.5,0.654731,0.654731,4.85305e-07,9.05279e-06
459.119,287,0.654731,0.654731,4.21751e-07,9.22738e-06
459.985,286.5,0.654731,0.654731,3.57521e-07,9.40382e-06
460.851,286,0.654731,0.654731,2.8508e-07,9.5822e-06
461.717,285.5,0.654731,0.654731,1.62401e-07,9.76208e-06
462.583,285,0.654731,0.654731,3.95781e-08,9.94267e-06
463.449,284.5,0.654731,0.654731,-8.54894e-08,1.01251e-05
464.315,284,0.654731,0.654731,-2.52734e-07,1.03091e-05
465.181,283.5,0.654731,0.654731,-4.21141e-07,1.04947e-05
466.047,283,0.654731,0.654731,-5.89316e-07,1.06822e-05
466.913,282.5,0.654732,0.654732,-7.8887e-07,1.08711e-05
467.779,282,0.654732,0.654732,-9.96937e-07,1.1062e-05
468.645,281.5,0.654732,0.654732,-1.20536e-06,1.12548e-05
469.512,281,0.654732,0.654732,-1.42563e-06,1.14498e-05
470.378,280.5,0.654733,0.654733,-1.65287e-06,1.16469e-05
471.244,280,0.654733,0.654733,-1.88105e-06,1.18458e-05
472.11,279.5,0.654733,0.654733,-2.11873e-06,1.20471e-05
472.976,279,0.654734,0.654734,-2.36666e-06,1.22508e-05
473.842,278.5,0.654734,0.654734,-2.61501e-06,1.24563e-05
474.708,278,0.654735,0.654735,-2.85296e-06,1.2664e-05
475.574,277.5,0.654735,0.654735,-3.06959e-06,1.28746e-05
476.44,277,0.654736,0.654736,-3.28622e-06,1.30898e-05
477.306,276.5,0.654736,0.654736,-3.50285e-06,1.33071e-05
478.172,276,0.654737,0.654737,-3.71853e-06,1.35265e-05
479.038,275.5,0.654737,0.654737,-3.93353e-06,1.37477e-05
