x,v,vx,vy,vz
220.096,425,0.63032,0.630264,-0.00648452,-0.00529445
220.962,424.5,0.631062,0.631003,-0.00657315,-0.00554265
221.828,424,0.631816,0.631755,-0.00665634,-0.00576916
222.694,423.5,0.632581,0.632517,-0.00673812,-0.00597427
223.56,423,0.633324,0.633259,-0.00669376,-0.00615754
224.426,422.5,0.63407,0.634004,-0.00662119,-0.00632585
225.292,422,0.634815,0.634747,-0.00654194,-0.00652035
226.158,421.5,0.635526,0.635458,-0.00642485,-0.00672218
227.024,421,0.636226,0.636157,-0.0062887,-0.00692636
227.89,420.5,0.636935,0.636866,-0.00615365,-0.0071303
228.756,420,0.637599,0.637529,-0.00596838,-0.00734283
229.622,419.5,0.638222,0.638152,-0.00571723,-0.0075568
230.488,419,0.63885,0.63878,-0.00545002,-0.00776213
231.355,418.5,0.63942,0.639349,-0.0051757,-0.0079762
232.221,418,0.639883,0.639812,-0.00488622,-0.00820808
233.087,417.5,0.640349,0.640276,-0.00460149,-0.00844353
233.953,417,0.640791,0.640718,-0.00432811,-0.00868806
234.819,416.5,0.641166,0.64109,-0.0040862,-0.00901468
235.685,416,0.641537,0.641458,-0.00384563,-0.00934411
236.551,415.5,0.641899,0.641816,-0.00360729,-0.00967606
237.417,415,0.642147,0.64206,-0.00339277,-0.0100279
238.283,414.5,0.642389,0.642298,-0.00316889,-0.0103812
239.149,414,0.642619,0.642523,-0.00293067,-0.0107354
240.015,413.5,0.642731,0.64263,-0.00268314,-0.0110931
240.881,413,0.642827,0.642721,-0.00242935,-0.0114474
241.747,412.5,0.642922,0.64281,-0.00216915,-0.0117973
242.613,412,0.642926,0.642808,-0.00193399,-0.0121401
243.479,411.5,0.642891,0.642768,-0.00170606,-0.0124784
244.345,411,0.642866,0.642736,-0.00147393,-0.0128268
245.211,410.5,0.642773,0.642637,-0.00124012,-0.0131656
246.077,410,0.642625,0.642483,-0.00100682,-0.0134968
246.943,409.5,0.642473,0.642324,-0.000770921,-0.0138236
247.809,409,0.642259,0.642103,-0.000544804,-0.0141418
248.675,408.5,0.641962,0.641799,-0.000335385,-0.0144403
249.541,408,0.641667,0.641498,-0.000124054,-0.0147272
250.407,407.5,0.641355,0.641179,7.25816e-05,-0.0150095
251.273,407,0.64099,0.640808,0.000220986,-0.0152867
252.139,406.5,0.640627,0.640438,0.000369666,-0.0155601
253.005,406,0.640261,0.640065,0.00051653,-0.0158333
253.871,405.5,0.639851,0.639647,0.000633063,-0.016142
254.737,405,0.639446,0.639234,0.000741375,-0.0164572
255.603,404.5,0.639046,0.638825,0.000841465,-0.0167789
256.469,404,0.638569,0.638338,0.00103172,-0.0171522
257.335,403.5,0.638091,0.637849,0.00122739,-0.0175465
258.201,403,0.637631,0.637377,0.00140863,-0.0179284
259.067,402.5,0.636958,0.636692,0.00170126,-0.0183399
259.933,402,0.636221,0.63594,0.00202966,-0.0187927
260.799,401.5,0.635487,0.63519,0.00235935,-0.0192797
261.665,401,0.634558,0.634243,0.002607,-0.0198319
262.531,400.5,0.633513,0.633177,0.00279903,-0.020455
263.397,400,0.632506,0.632144,0.00297855,-0.0211725
264.263,399.5,0.631359,0.630969,0.00324108,-0.0219594
265.13,399,0.630043,0.62962,0.00360641,-0.0228227
265.996,398.5,0.628729,0.628269,0.0039917,-0.0237334
266.862,398,0.627292,0.62679,0.00439323,-0.0247029
267.728,397.5,0.625567,0.625018,0.00477842,-0.0257588
268.594,397,0.623845,0.623245,0.00516027,-0.0268728
269.46,396.5,0.622075,0.621418,0.00552132,-0.0280415
270.326,396,0.619997,0.619279,0.00573839,-0.0292639
271.192,395.5,0.617921,0.617137,0.00595258,-0.0305449
272.058,395,0.615853,0.614997,0.00614849,-0.0318632
272.924,394.5,0.613717,0.61279,0.00631519,-0.0331252
273.79,394,0.611617,0.610613,0.00647719,-0.0344344
274.656,393.5,0.609556,0.608468,0.0066341,-0.0357914
275.522,393,0.607289,0.606112,0.00680063,-0.0371713
276.388,392.5,0.605016,0.603744,0.0069645,-0.0385995
277.254,392,0.602866,0.601495,0.0071299,-0.0400071
278.12,391.5,0.60068,0.599207,0.00728486,-0.041414
278.986,391,0.598504,0.596921,0.00743251,-0.0428635
279.852,390.5,0.596394,0.594693,0.00757481,-0.0443705
280.718,390,0.594096,0.592262,0.00800594,-0.0459482
281.584,389.5,0.591661,0.58968,0.00870509,-0.0475881
282.45,389,0.58935,0.587213,0.0093861,-0.0492542
283.316,388.5,0.586745,0.584438,0.010039,-0.0510019
284.182,388,0.583549,0.581052,0.0107043,-0.0528562
285.048,387.5,0.580439,0.577732,0.0113864,-0.0548143
285.914,387,0.57718,0.574241,0.0121792,-0.0568864
286.78,386.5,0.57321,0.569997,0.0134164,-0.0591041
287.646,386,0.569397,0.565878,0.0146413,-0.0614836
288.512,385.5,0.565669,0.561809,0.0158461,-0.0640393
289.378,385,0.561063,0.556785,0.0171444,-0.0669954
290.244,384.5,0.556637,0.55188,0.0184711,-0.0702245
291.11,384,0.552531,0.547252,0.0198381,-0.0735628
291.976,383.5,0.547986,0.542107,0.0214888,-0.0771177
292.842,383,0.54368,0.537115,0.02334,-0.0809373
293.708,382.5,0.539746,0.532409,0.0253696,-0.0849847
294.574,382,0.535858,0.527602,0.027466,-0.0895866
295.44,381.5,0.53227,0.522976,0.029406,-0.0945668
296.306,381,0.529081,0.518747,0.0310321,-0.0993234
297.172,380.5,0.5259,0.514398,0.0318316,-0.104651
298.038,380,0.522928,0.510137,0.0318937,-0.110439
298.905,379.5,0.520528,0.506356,0.031814,-0.116362
299.771,379,0.518833,0.503042,0.0315945,-0.123037
300.637,378.5,0.517957,0.500306,0.031315,-0.130355
301.503,378,0.517662,0.498194,0.0307091,-0.137238
302.369,377.5,0.517812,0.496319,0.0304144,-0.144469
303.235,377,0.518333,0.494285,0.0317588,-0.152785
304.101,376.5,0.519729,0.493092,0.032868,-0.16093
304.967,376,0.521889,0.49253,0.0340821,-0.169177
305.833,375.5,0.523405,0.490348,0.0384253,-0.178981
306.699,375,0.525647,0.489028,0.0425443,-0.188005
307.565,374.5,0.528589,0.488597,0.0464315,-0.196274
308.431,374,0.531131,0.486988,0.0481439,-0.206458
309.297,373.5,0.534533,0.486518,0.0495586,-0.2158
310.163,373,0.538464,0.486984,0.0505112,-0.224139
311.029,372.5,0.545294,0.489956,0.047818,-0.234524
311.895,372,0.553202,0.494131,0.0460889,-0.244424
312.761,371.5,0.561348,0.498958,0.0464555,-0.252973
313.627,371,0.571718,0.505862,0.0485852,-0.261924
314.493,370.5,0.581733,0.512796,0.0505874,-0.269991
315.359,370,0.590668,0.519185,0.0506998,-0.277066
316.225,369.5,0.601536,0.528965,0.0483005,-0.282326
317.091,369,0.614432,0.541912,0.0417893,-0.286552
317.957,368.5,0.626577,0.55429,0.0334034,-0.290252
318.823,368,0.639615,0.567208,0.0225741,-0.294741
319.689,367.5,0.655577,0.581837,0.0118419,-0.301839
320.555,367,0.669262,0.593833,0.00312845,-0.308649
321.421,366.5,0.682193,0.605197,-0.0035929,-0.314819
322.287,366,0.699794,0.623348,-0.000941645,-0.318037
323.153,365.5,0.717258,0.643417,0.000868316,-0.316975
324.019,365,0.735009,0.665354,0.00197221,-0.31231
324.885,364.5,0.747817,0.672588,-0.0124999,-0.326648
325.751,364,0.756411,0.67663,-0.0292184,-0.336863
326.617,363.5,0.760887,0.677546,-0.0481065,-0.34288
327.483,363,0.80614,0.72452,-0.0576918,-0.348717
328.349,362.5,0.859687,0.783669,-0.0578429,-0.348683
329.215,362,0.915161,0.844296,-0.0534755,-0.349034
330.081,361.5,0.956132,0.885529,-0.0757608,-0.352544
330.947,361,1.01831,0.946696,-0.103426,-0.360599
331.813,360.5,1.01198,0.941656,-0.136286,-0.344702
332.679,360,1.04858,0.983554,-0.162132,-0.325339
333.546,359.5,1.11017,1.04779,-0.171178,-0.324493
334.412,359,1.22291,1.17118,-0.151127,-0.317803
335.278,358.5,1.27611,1.2326,-0.156861,-0.290767
336.144,358,1.23865,1.20665,-0.182327,-0.212156
337.01,357.5,1.34005,1.31075,-0.156645,-0.230486
337.876,357,1.39298,1.3744,-0.113735,-0.196178
338.742,356.5,1.43644,1.42702,-0.076273,-0.145416
339.608,356,1.46437,1.46078,-0.045131,-0.0919356
340.474,355.5,1.43788,1.43766,0.000595694,-0.0254045
341.34,355,1.40316,1.40175,0.0502745,0.0377314
342.206,354.5,1.37321,1.36517,0.111875,0.0973989
343.072,354,1.32481,1.30642,0.166843,0.143315
343.938,353.5,1.26998,1.2386,0.21293,0.182688
344.804,353,1.19026,1.14593,0.249976,0.20271
345.67,352.5,1.11698,1.0632,0.268375,0.212664
346.536,352,1.05331,0.991296,0.282402,0.216881
347.402,351.5,0.98523,0.908456,0.313809,0.216587
348.268,351,0.928277,0.83467,0.34788,0.20977
349.134,350.5,0.887288,0.762205,0.405462,0.204751
350,350,0.808051,0.66988,0.393353,0.222442
350.866,349.5,0.703144,0.571479,0.32065,0.254964
351.732,349,0.608366,0.489304,0.196917,0.303173
352.598,348.5,0.57956,0.451621,0.118488,0.34335
353.464,348,0.583268,0.444249,0.0604158,0.373088
354.33,347.5,0.58713,0.449612,0.0102618,0.377446
355.196,347,0.600711,0.466267,-0.0282715,0.377689
356.062,346.5,0.621208,0.493949,-0.0515549,0.37317
356.928,346,0.641654,0.524057,-0.0603421,0.365299
357.794,345.5,0.657848,0.551504,-0.068945,0.351929
358.66,345,0.665348,0.567979,-0.07638,0.338014
359.526,344.5,0.667524,0.578067,-0.0812621,0.323765
360.392,344,0.664049,0.583496,-0.0746,0.308104
361.258,343.5,0.658133,0.585678,-0.067586,0.292493
362.124,343,0.655216,0.589989,-0.0617913,0.278213
362.99,342.5,0.665995,0.6054,-0.052654,0.272519
363.856,342,0.677134,0.620371,-0.0429114,0.267971
364.722,341.5,0.687703,0.6345,-0.0341423,0.263021
365.588,341,0.696268,0.64554,-0.026103,0.259587
366.454,340.5,0.705071,0.655365,-0.0178043,0.259432
367.321,340,0.715358,0.666083,-0.00962858,0.260724
368.187,339.5,0.724231,0.676126,-0.00406787,0.259514
369.053,339,0.730896,0.684495,-0.000803089,0.256273
369.919,338.5,0.735871,0.691226,0.00247078,0.252402
370.785,338,0.739247,0.696397,0.0054032,0.247966
371.651,337.5,0.740156,0.698297,0.00708833,0.24528
372.517,337,0.738005,0.695814,0.00868127,0.245804
373.383,336.5,0.735266,0.692665,0.0108774,0.246401
374.249,336,0.73139,0.688432,0.0142252,0.246556
375.115,335.5,0.727313,0.683915,0.0173629,0.246867
375.981,335,0.723034,0.679112,0.0202804,0.247333
376.847,334.5,0.712638,0.669508,0.0179345,0.243495
377.713,334,0.70161,0.659339,0.0153749,0.239357
378.579,333.5,0.690414,0.648969,0.0128634,0.235256
379.445,333,0.678787,0.638464,0.0100093,0.230252
380.311,332.5,0.667065,0.627895,0.00760343,0.22509
381.177,332,0.658557,0.620481,0.00681804,0.220576
382.043,331.5,0.654151,0.61747,0.00808127,0.215819
382.909,331,0.650054,0.614898,0.00962995,0.21066
383.775,330.5,0.646311,0.612643,0.0112839,0.205568
384.641,330,0.643208,0.611166,0.0128724,0.200069
385.507,329.5,0.640889,0.610526,0.0142093,0.194411
386.373,329,0.64354,0.614608,0.013612,0.190302
387.239,328.5,0.647806,0.620088,0.0127473,0.187035
388.105,328,0.654038,0.627266,0.0116266,0.184843
388.971,327.5,0.660889,0.634865,0.010371,0.183336
389.837,327,0.668676,0.643154,0.00898806,0.182757
390.703,326.5,0.674589,0.649218,0.00716811,0.183125
391.569,326,0.676995,0.65173,0.00506708,0.183151
392.435,325.5,0.678915,0.653742,0.00308305,0.183132
393.301,325,0.680362,0.655209,0.00167076,0.183277
394.167,324.5,0.681253,0.656187,0.000290521,0.183096
395.033,324,0.681385,0.656475,-0.00102832,0.182553
395.899,323.5,0.676031,0.651439,-0.00109588,0.180676
396.765,323,0.67059,0.646376,-0.00101819,0.17857
397.631,322.5,0.665183,0.641402,-0.000858834,0.176271
398.497,322,0.659288,0.636106,-0.000415473,0.173292
399.363,321.5,0.653285,0.630778,3.579e-05,0.170001
400.229,321,0.647903,0.626021,0.000682716,0.166959
401.095,320.5,0.643075,0.621861,0.00164854,0.163805
401.962,320,0.638444,0.617956,0.00262891,0.160419
402.828,319.5,0.634067,0.614296,0.00344818,0.157067
403.694,319,0.629882,0.610855,0.00408511,0.153593
404.56,318.5,0.626284,0.608028,0.00448337,0.150045
405.426,318,0.624412,0.606662,0.0042287,0.147763
406.292,317.5,0.622936,0.605601,0.00388544,0.145883
407.158,317,0.621862,0.604849,0.00351035,0.144423
408.024,316.5,0.621096,0.604404,0.00320448,0.14299
408.89,316,0.620586,0.604212,0.00293542,0.141588
409.756,315.5,0.619694,0.603621,0.00262994,0.140198
410.622,315,0.618596,0.602857,0.00239053,0.138632
411.488,314.5,0.617377,0.602017,0.00213496,0.136838
412.354,314,0.615524,0.600642,0.00190485,0.134521
413.22,313.5,0.613655,0.5993,0.00176231,0.131939
414.086,313,0.611647,0.597865,0.00176298,0.129102
414.952,312.5,0.608584,0.595411,0.00186315,0.125923
415.818,312,0.605559,0.59301,0.00190584,0.122628
416.684,311.5,0.602677,0.590756,0.00193846,0.119261
417.55,311,0.59995,0.588674,0.0018068,0.11576
418.416,310.5,0.597441,0.586802,0.00161175,0.112236
419.282,310,0.594029,0.583976,0.00174381,0.108807
420.148,309.5,0.590335,0.580852,0.00202156,0.105363
421.014,309,0.58678,0.577864,0.00233221,0.101873
421.88,308.5,0.583285,0.574907,0.0027143,0.0984646
422.746,308,0.579894,0.572049,0.00312722,0.0950119
423.612,307.5,0.576565,0.569276,0.00353993,0.0913158
424.478,307,0.572915,0.566176,0.00415614,0.0875144
425.344,306.5,0.569214,0.563,0.00475317,0.0837441
426.21,306,0.565729,0.560042,0.00507254,0.0798566
427.076,305.5,0.562184,0.556993,0.00530773,0.0760377
427.942,305,0.558589,0.553865,0.00545352,0.0722892
428.808,304.5,0.557397,0.553105,0.00484838,0.0688673
429.674,304,0.556889,0.552979,0.00416359,0.0657434
430.54,303.5,0.55655,0.552974,0.00350487,0.0628945
431.406,303,0.557069,0.553727,0.00283746,0.0608614
432.272,302.5,0.557846,0.554702,0.00218879,0.0591089
433.138,302,0.558909,0.555935,0.00153969,0.057563
434.004,301.5,0.560558,0.557708,0.00106952,0.0564421
434.87,301,0.562208,0.559468,0.000746391,0.0554358
435.737,300.5,0.563761,0.561128,0.000488826,0.0544262
436.603,300,0.565188,0.562656,0.000465087,0.0534394
437.469,299.5,0.566484,0.564055,0.000662214,0.0524006
438.335,299,0.56808,0.565745,0.00073084,0.0514506
439.201,298.5,0.569602,0.56736,0.000808968,0.0504872
440.067,298,0.570976,0.568829,0.000957108,0.0494555
440.933,297.5,0.572297,0.570251,0.00107509,0.0483421
441.799,297,0.573549,0.571606,0.00115528,0.0471651
442.665,296.5,0.574874,0.573034,0.00113447,0.0459476
443.531,296,0.576449,0.574717,0.00102293,0.0446426
444.397,295.5,0.578,0.576371,0.000905565,0.0433509
445.263,295,0.579585,0.578044,0.000652399,0.0422381
446.129,294.5,0.58113,0.579674,0.000447651,0.0411074
446.995,294,0.582632,0.58126,0.000291321,0.0399588
447.861,293.5,0.583449,0.582155,0.000123644,0.0388374
448.727,293,0.584179,0.582962,8.22342e-08,0.0376823
449.593,292.5,0.584901,0.583762,-7.65893e-05,0.03649
450.459,292,0.585662,0.584598,-0.000172429,0.0352891
451.325,291.5,0.58638,0.585388,-0.000252493,0.0341063
452.191,291,0.587049,0.586122,-0.000337674,0.0329775
453.057,290.5,0.58783,0.586963,-0.000459137,0.0319243
453.923,290,0.588659,0.587846,-0.00057072,0.0309139
454.789,289.5,0.589461,0.5887,-0.000666897,0.0299364
455.655,289,0.590316,0.589602,-0.000734846,0.0290225
456.521,288.5,0.591247,0.590574,-0.000793458,0.0281862
457.387,288,0.591338,0.590705,-0.00085697,0.0273468
458.253,287.5,0.591439,0.590842,-0.000877373,0.0265521
459.119,287,0.591649,0.591083,-0.000867509,0.0258433
459.985,286.5,0.591867,0.591331,-0.000847277,0.0251743
460.851,286,0.592119,0.591609,-0.000826179,0.0245539
461.717,285.5,0.592249,0.59176,-0.000779382,0.0240571
462.583,285,0.592049,0.591578,-0.000604487,0.0236007
463.449,284.5,0.591818,0.591364,-0.00038302,0.0231537
464.315,284,0.591645,0.59121,-0.000260072,0.0226819
465.181,283.5,0.591405,0.590988,-0.000168542,0.0222156
466.047,283,0.591109,0.590709,-0.000108063,0.021754
466.913,282.5,0.591897,0.591519,-0.000439442,0.0211619
467.779,282,0.592689,0.592331,-0.000816904,0.0205878
468.645,281.5,0.593429,0.593089,-0.00119931,0.0200372
469.512,281,0.594196,0.593874,-0.00163622,0.0194702
470.378,280.5,0.594955,0.594652,-0.00210539,0.0188697
471.244,280,0.59576,0.595476,-0.00257162,0.0182281
472.11,279.5,0.596741,0.596473,-0.00307259,0.0176115
472.976,279,0.597813,0.597559,-0.00359098,0.0170435
473.842,278.5,0.598836,0.598595,-0.00411614,0.0164817
474.708,278,0.599882,0.599653,-0.0045953,0.0159272
475.574,277.5,0.601034,0.600817,-0.004976,0.0153767
476.44,277,0.602264,0.602058,-0.00533902,0.0148065
477.306,276.5,0.603482,0.603287,-0.00567821,0.0142398
478.172,276,0.60475,0.604567,-0.00589693,0.013678
479.038,275.5,0.605997,0.605824,-0.0061218,0.0131258
