x,v,vx,vy,vz
220.096,425,0.60356,0.603457,-0.000928058,0.0111082
220.962,424.5,0.602996,0.602896,-0.000738443,0.0109783
221.828,424,0.602424,0.602326,-0.000551688,0.0108561
222.694,423.5,0.60185,0.601754,-0.000369063,0.0107417
223.56,423,0.601035,0.600941,-0.000143587,0.0106427
224.426,422.5,0.600168,0.600075,9.13578e-05,0.0105514
225.292,422,0.599348,0.599257,0.000363092,0.010471
226.158,421.5,0.598306,0.598216,0.000660381,0.0104016
227.024,421,0.597141,0.597051,0.000975445,0.0103455
227.89,420.5,0.595962,0.595871,0.00129979,0.0103003
228.756,420,0.594589,0.594498,0.00165634,0.0102861
229.622,419.5,0.593034,0.592941,0.00202678,0.0102941
230.488,419,0.591495,0.591401,0.00238941,0.0103045
231.355,418.5,0.589828,0.589731,0.00276823,0.0103334
232.221,418,0.587914,0.587813,0.00316971,0.0103833
233.087,417.5,0.58599,0.585886,0.00358716,0.010447
233.953,417,0.584011,0.583902,0.00401285,0.0105317
234.819,416.5,0.581866,0.581752,0.00449833,0.0106164
235.685,416,0.579699,0.579579,0.004977,0.0106848
236.551,415.5,0.577502,0.577377,0.0054477,0.0107375
237.417,415,0.575021,0.57489,0.00590454,0.0107762
238.283,414.5,0.572508,0.572371,0.00632683,0.0107915
239.149,414,0.569989,0.569848,0.00668843,0.0107845
240.015,413.5,0.567456,0.56731,0.00706111,0.0107685
240.881,413,0.564893,0.564742,0.00743128,0.0107206
241.747,412.5,0.562302,0.562148,0.00779163,0.0106382
242.613,412,0.559583,0.55942,0.00838591,0.0105673
243.479,411.5,0.556791,0.556619,0.00906392,0.0104658
244.345,411,0.553999,0.553818,0.00972806,0.0102725
245.211,410.5,0.551095,0.550899,0.0106965,0.0100889
246.077,410,0.548094,0.547876,0.0118958,0.00987929
246.943,409.5,0.545064,0.544822,0.0130843,0.00959535
247.809,409,0.541771,0.541497,0.0145092,0.00927519
248.675,408.5,0.538244,0.537923,0.0163386,0.00890605
249.541,408,0.534842,0.534466,0.018197,0.00840705
250.407,407.5,0.531241,0.530812,0.0198806,0.00777552
251.273,407,0.526949,0.526484,0.020983,0.00697761
252.139,406.5,0.522665,0.522162,0.022101,0.00605975
253.005,406,0.518353,0.517811,0.0231417,0.00501861
253.871,405.5,0.513664,0.513126,0.0231946,0.00380444
254.737,405,0.509094,0.508559,0.0231951,0.00250694
255.603,404.5,0.504645,0.504113,0.0231432,0.00112611
256.469,404,0.499278,0.498767,0.022565,-0.0009434
257.335,403.5,0.493941,0.493441,0.0219946,-0.00321212
258.201,403,0.488899,0.488394,0.0214979,-0.00558031
259.067,402.5,0.483329,0.482831,0.0203821,-0.00812365
259.933,402,0.477784,0.477279,0.0190755,-0.0109026
260.799,401.5,0.47251,0.47197,0.0177714,-0.0139039
261.665,401,0.467214,0.466601,0.0159558,-0.017808
262.531,400.5,0.462036,0.461294,0.0138209,-0.0222233
263.397,400,0.457435,0.456537,0.0118514,-0.0260866
264.263,399.5,0.453891,0.452755,0.010038,-0.0304792
265.13,399,0.451644,0.45016,0.00855641,-0.0355671
265.996,398.5,0.450032,0.448105,0.00729486,-0.0409619
266.862,398,0.44882,0.446246,0.00617682,-0.0476009
267.728,397.5,0.44803,0.444516,0.00470765,-0.0558044
268.594,397,0.448147,0.443585,0.00328037,-0.0637013
269.46,396.5,0.449485,0.443725,0.00229586,-0.0716906
270.326,396,0.454378,0.447302,0.00319621,-0.0798131
271.192,395.5,0.46092,0.452444,0.00464615,-0.0878653
272.058,395,0.468852,0.458992,0.00689676,-0.0953973
272.924,394.5,0.474025,0.461391,0.00198629,-0.108694
273.79,394,0.479378,0.463851,-0.00130092,-0.121013
274.656,393.5,0.48483,0.466439,-0.0028279,-0.132237
275.522,393,0.502531,0.482828,-0.00446862,-0.139266
276.388,392.5,0.523966,0.503317,-0.00601278,-0.145523
277.254,392,0.543776,0.522703,-0.00980111,-0.149595
278.12,391.5,0.558384,0.535825,-0.0284129,-0.15452
278.986,391,0.573875,0.549892,-0.0514828,-0.155886
279.852,390.5,0.592751,0.568386,-0.0715943,-0.1522
280.718,390,0.63595,0.607942,-0.0788533,-0.169179
281.584,389.5,0.690843,0.654564,-0.077215,-0.206996
282.45,389,0.735661,0.691589,-0.0711257,-0.240504
283.316,388.5,0.763616,0.720348,-0.0555059,-0.24724
284.182,388,0.776655,0.743425,-0.02869,-0.222908
285.048,387.5,0.79607,0.767738,-0.00697249,-0.210375
285.914,387,0.815679,0.789607,0.00699541,-0.204464
286.78,386.5,0.81158,0.790778,-0.00183448,-0.182565
287.646,386,0.812472,0.794274,-0.0116,-0.170606
288.512,385.5,0.819165,0.801304,-0.0195764,-0.168998
289.378,385,0.81355,0.798649,-0.0124328,-0.154498
290.244,384.5,0.815171,0.8024,-0.000445326,-0.143727
291.11,384,0.822971,0.812295,0.0215984,-0.130352
291.976,383.5,0.819974,0.810842,0.0515306,-0.110619
292.842,383,0.825619,0.817926,0.0705443,-0.0875647
293.708,382.5,0.841833,0.835965,0.078386,-0.0608453
294.574,382,0.853378,0.849185,0.07742,-0.0338385
295.44,381.5,0.862085,0.858624,0.0747814,-0.0190446
296.306,381,0.861141,0.859031,0.0601414,-0.00370565
297.172,380.5,0.877947,0.876928,0.0272886,0.0322886
298.038,380,0.911122,0.907617,-0.0121633,0.0789148
298.905,379.5,0.952519,0.94388,-0.0460578,0.119417
299.771,379,0.990746,0.975561,-0.0622182,0.161207
300.637,378.5,1.00901,0.986126,-0.0462829,0.208585
301.503,378,1.01277,0.981037,-0.026292,0.250161
302.369,377.5,1.01753,0.979417,-0.015233,0.275475
303.235,377,1.01895,0.982295,-0.0164967,0.270356
304.101,376.5,1.02332,0.987631,-0.0205914,0.267119
304.967,376,1.02664,0.992078,-0.0262015,0.26285
305.833,375.5,0.946503,0.919295,-0.00533679,0.22525
306.699,375,0.926925,0.903999,0.00419916,0.204835
307.565,374.5,0.801733,0.78561,0.0193373,0.158803
308.431,374,0.647243,0.637479,0.0318814,0.107362
309.297,373.5,0.587047,0.570328,-0.0617748,0.124634
310.163,373,0.548263,0.51785,-0.136856,0.117023
311.029,372.5,0.507789,0.468015,-0.129585,0.148388
311.895,372,0.477942,0.429808,-0.0831089,0.191798
312.761,371.5,0.471828,0.404951,-0.016123,0.241613
313.627,371,0.446266,0.360133,0.0701615,0.254036
314.493,370.5,0.398017,0.275631,0.159292,0.238895
315.359,370,0.377991,0.264956,0.166466,0.212048
316.225,369.5,0.357927,0.266434,0.15499,0.181943
317.091,369,0.338708,0.263241,0.145661,0.155596
317.957,368.5,0.329479,0.233009,0.157517,0.171614
318.823,368,0.326827,0.196312,0.171146,0.19745
319.689,367.5,0.297848,0.249108,0.132208,0.0958124
320.555,367,0.339035,0.327263,0.0864402,-0.0192802
321.421,366.5,0.394834,0.383052,0.0460038,-0.0839573
322.287,366,0.459953,0.438352,-0.00999085,-0.138943
323.153,365.5,0.503955,0.462702,-0.034947,-0.196613
324.019,365,0.522447,0.453072,-0.0292811,-0.258496
324.885,364.5,0.547591,0.429807,-0.0461477,-0.336142
325.751,364,0.568907,0.410341,-0.0497536,-0.390896
326.617,363.5,0.579577,0.3945,-0.0399114,-0.422713
327.483,363,0.573809,0.39087,-0.0171148,-0.419744
328.349,362.5,0.571436,0.39043,0.0137526,-0.41703
329.215,362,0.572288,0.382854,0.0374435,-0.423715
330.081,361.5,0.568737,0.36131,0.0515445,-0.436187
330.947,361,0.581422,0.339688,0.073089,-0.466178
331.813,360.5,0.618947,0.323187,0.104129,-0.517497
332.679,360,0.646512,0.299337,0.129408,-0.558237
333.546,359.5,0.633983,0.263356,0.138159,-0.559902
334.412,359,0.58748,0.243513,0.126842,-0.51937
335.278,358.5,0.550836,0.230904,0.119466,-0.485625
336.144,358,0.567859,0.221104,0.151982,-0.500478
337.01,357.5,0.569656,0.211509,0.145211,-0.508612
337.876,357,0.527214,0.168762,0.126116,-0.483289
338.742,356.5,0.45903,0.183713,0.0911667,-0.410666
339.608,356,0.418869,0.282423,0.02491,-0.30833
340.474,355.5,0.430949,0.340252,-0.00453432,-0.264433
341.34,355,0.481885,0.422863,-0.0411473,-0.227392
342.206,354.5,0.554028,0.510904,-0.0768297,-0.200053
343.072,354,0.638362,0.602013,-0.106038,-0.183964
343.938,353.5,0.667921,0.64133,-0.0649544,-0.174912
344.804,353,0.689362,0.668487,-0.0152551,-0.167668
345.67,352.5,0.745789,0.72899,0.0430812,-0.151386
346.536,352,0.765679,0.744158,0.0938586,-0.153894
347.402,351.5,0.748988,0.727916,0.119911,-0.129393
348.268,351,0.698617,0.679353,0.147117,-0.0700106
349.134,350.5,0.628233,0.609603,0.150124,0.0228755
350,350,0.546429,0.537468,0.0985344,-0.00184742
350.866,349.5,0.44872,0.431218,0.0620557,-0.107471
351.732,349,0.409693,0.249012,0.027649,-0.324155
352.598,348.5,0.457618,0.142483,-0.0049349,-0.434843
353.464,348,0.449775,0.0899831,-0.063834,-0.436034
354.33,347.5,0.368636,0.106872,-0.110472,-0.335062
355.196,347,0.328771,0.183627,-0.158009,-0.222272
356.062,346.5,0.374491,0.29067,-0.197101,-0.130023
356.928,346,0.439982,0.387876,-0.205693,-0.0287517
357.794,345.5,0.536668,0.499486,-0.185275,0.0648018
358.66,345,0.635131,0.605671,-0.116287,0.151762
359.526,344.5,0.735649,0.695343,-0.0481228,0.235292
360.392,344,0.8367,0.777614,-0.00904992,0.308709
361.258,343.5,0.887209,0.810762,0.0147325,0.359982
362.124,343,0.920221,0.832081,0.025071,0.392199
362.99,342.5,0.935331,0.842214,0.0284037,0.405847
363.856,342,0.906472,0.806138,0.0228212,0.413899
364.722,341.5,0.890724,0.790781,0.0238477,0.40925
365.588,341,0.860235,0.762794,0.0231152,0.397008
366.454,340.5,0.825273,0.734748,0.0220983,0.375145
367.321,340,0.79797,0.714828,0.0201477,0.354078
368.187,339.5,0.779791,0.700468,0.0156949,0.342304
369.053,339,0.769597,0.692263,0.00998498,0.336083
369.919,338.5,0.763884,0.68844,0.0043059,0.330984
370.785,338,0.763543,0.689791,-0.000261775,0.327392
371.651,337.5,0.767694,0.695793,-0.00173337,0.32438
372.517,337,0.772645,0.702564,-0.00108624,0.321532
373.383,336.5,0.777586,0.708644,-0.000169538,0.320097
374.249,336,0.782449,0.71395,0.000880344,0.320158
375.115,335.5,0.786954,0.718655,0.00119098,0.320672
375.981,335,0.791095,0.72276,0.000761291,0.321635
376.847,334.5,0.787764,0.719836,-0.00095904,0.320012
377.713,334,0.78396,0.716315,-0.00352242,0.318549
378.579,333.5,0.780285,0.712772,-0.00690351,0.317416
379.445,333,0.777557,0.710268,-0.00983795,0.316255
380.311,332.5,0.775071,0.707869,-0.0123858,0.31544
381.177,332,0.77251,0.70523,-0.014216,0.314993
382.043,331.5,0.768994,0.701998,-0.0140303,0.313614
382.909,331,0.764915,0.698419,-0.0131536,0.31166
383.775,330.5,0.760564,0.694639,-0.0120906,0.309496
384.641,330,0.755484,0.690403,-0.0107999,0.306567
385.507,329.5,0.749796,0.685739,-0.00931894,0.303099
386.373,329,0.74582,0.682714,-0.00856544,0.300127
387.239,328.5,0.741943,0.679848,-0.00815265,0.297017
388.105,328,0.738091,0.677147,-0.00818777,0.293569
388.971,327.5,0.734471,0.67465,-0.00807863,0.290222
389.837,327,0.731129,0.672478,-0.00789278,0.286811
390.703,326.5,0.728628,0.671474,-0.00817072,0.282763
391.569,326,0.726634,0.670918,-0.00859692,0.278913
392.435,325.5,0.724631,0.670197,-0.00891493,0.275401
393.301,325,0.722957,0.66968,-0.00904327,0.272236
394.167,324.5,0.72122,0.669013,-0.00904862,0.269256
395.033,324,0.719419,0.668201,-0.00895434,0.266441
395.899,323.5,0.717862,0.667771,-0.00900314,0.263302
396.765,323,0.716156,0.667154,-0.00897971,0.260198
397.631,322.5,0.714256,0.666307,-0.00891066,0.257135
398.497,322,0.712401,0.665448,-0.00902469,0.25419
399.363,321.5,0.710429,0.664392,-0.00929716,0.251407
400.229,321,0.707913,0.662624,-0.00931238,0.248965
401.095,320.5,0.70522,0.660648,-0.00909214,0.24657
401.962,320,0.702523,0.658696,-0.00889396,0.244086
402.828,319.5,0.699677,0.656582,-0.00870445,0.241606
403.694,319,0.696759,0.654391,-0.00836688,0.239113
404.56,318.5,0.693837,0.652235,-0.00790733,0.236511
405.426,318,0.691226,0.650554,-0.00752674,0.233486
406.292,317.5,0.688481,0.64873,-0.00714874,0.230443
407.158,317,0.685574,0.646742,-0.00679146,0.227354
408.024,316.5,0.682582,0.644666,-0.00652673,0.224235
408.89,316,0.679525,0.642521,-0.00637109,0.221091
409.756,315.5,0.677462,0.641437,-0.00627705,0.217886
410.622,315,0.675839,0.640832,-0.00611568,0.214606
411.488,314.5,0.674147,0.640152,-0.00594965,0.211293
412.354,314,0.672613,0.63958,-0.00564068,0.208119
413.22,313.5,0.670985,0.638902,-0.00531979,0.204931
414.086,313,0.669323,0.638188,-0.00497661,0.201706
414.952,312.5,0.667884,0.637674,-0.00436987,0.198548
415.818,312,0.666293,0.637003,-0.00368338,0.195348
416.684,311.5,0.664549,0.636185,-0.00295778,0.192057
417.55,311,0.662509,0.635048,-0.00216478,0.188751
418.416,310.5,0.66017,0.6336,-0.00131584,0.185401
419.282,310,0.656921,0.631171,-0.00045563,0.182119
420.148,309.5,0.653091,0.628162,0.000283006,0.178718
421.014,309,0.649004,0.624923,0.000913597,0.175144
421.88,308.5,0.644847,0.62164,0.00157477,0.17143
422.746,308,0.640563,0.618259,0.00214491,0.167548
423.612,307.5,0.635652,0.614204,0.00240977,0.16371
424.478,307,0.629407,0.60859,0.00242557,0.160515
425.344,306.5,0.623445,0.603272,0.00251417,0.157291
426.21,306,0.617829,0.598344,0.00265338,0.153914
427.076,305.5,0.612425,0.593641,0.0027783,0.150491
427.942,305,0.607236,0.589163,0.0028873,0.147017
428.808,304.5,0.601938,0.584499,0.00264843,0.143817
429.674,304,0.596679,0.579823,0.00233583,0.140804
430.54,303.5,0.591537,0.575266,0.00201842,0.137772
431.406,303,0.586784,0.57113,0.00174413,0.134623
432.272,302.5,0.582285,0.567263,0.00144422,0.131399
433.138,302,0.578015,0.563621,0.000982396,0.128184
434.004,301.5,0.574286,0.560413,0.000199677,0.125463
434.87,301,0.571099,0.557684,-0.000612586,0.123051
435.737,300.5,0.568364,0.555366,-0.00146348,0.120847
436.603,300,0.566438,0.553769,-0.00233695,0.119109
437.469,299.5,0.565248,0.552834,-0.00315122,0.117772
438.335,299,0.565006,0.552799,-0.00365931,0.116752
439.201,298.5,0.565126,0.553102,-0.00404249,0.115882
440.067,298,0.565484,0.553624,-0.00433189,0.115125
440.933,297.5,0.565893,0.554193,-0.00459123,0.114384
441.799,297,0.566344,0.554806,-0.00481248,0.113635
442.665,296.5,0.567064,0.555717,-0.00496005,0.112763
443.531,296,0.568228,0.557092,-0.00504108,0.11183
444.397,295.5,0.569335,0.558403,-0.00511755,0.110918
445.263,295,0.570373,0.559649,-0.00532278,0.109956
446.129,294.5,0.571382,0.560856,-0.00556825,0.109028
446.995,294,0.572362,0.562024,-0.00585396,0.108133
447.861,293.5,0.573496,0.563386,-0.00619579,0.107033
448.727,293,0.574619,0.564727,-0.00654791,0.105961
449.593,292.5,0.57571,0.566022,-0.00690657,0.104945
450.459,292,0.576884,0.567401,-0.00730321,0.103916
451.325,291.5,0.578087,0.568803,-0.00771569,0.102899
452.191,291,0.578929,0.56984,-0.00809327,0.101861
453.057,290.5,0.579346,0.570463,-0.00834432,0.100718
453.923,290,0.579779,0.571104,-0.00854014,0.0995569
454.789,289.5,0.580153,0.571676,-0.00871633,0.0984306
455.655,289,0.580486,0.572215,-0.00877109,0.0972514
456.521,288.5,0.580805,0.572755,-0.00868915,0.0959773
457.387,288,0.580705,0.572915,-0.00830668,0.0944345
458.253,287.5,0.580367,0.572835,-0.00792129,0.0928613
459.119,287,0.579798,0.572537,-0.00756638,0.0911619
459.985,286.5,0.579084,0.57208,-0.007246,0.0894999
460.851,286,0.578225,0.57147,-0.00695303,0.0878531
461.717,285.5,0.577855,0.571388,-0.00658094,0.0859592
462.583,285,0.577992,0.571825,-0.00615201,0.0839869
463.449,284.5,0.577983,0.572096,-0.00573068,0.0820813
464.315,284,0.577842,0.572237,-0.00531792,0.0801104
465.181,283.5,0.577595,0.572258,-0.00493146,0.0781859
466.047,283,0.577261,0.572177,-0.00457389,0.0763089
466.913,282.5,0.578075,0.573266,-0.00441883,0.0742812
467.779,282,0.578896,0.574346,-0.00430132,0.0723128
468.645,281.5,0.579713,0.575405,-0.00421484,0.0704146
469.512,281,0.580629,0.576545,-0.00421421,0.068617
470.378,280.5,0.581615,0.577739,-0.00425731,0.0668978
471.244,280,0.582457,0.57877,-0.00431058,0.0652947
472.11,279.5,0.583285,0.579761,-0.00441672,0.0638659
472.976,279,0.584242,0.580866,-0.00457611,0.0625494
473.842,278.5,0.585239,0.582002,-0.00475521,0.0612829
474.708,278,0.58631,0.583201,-0.00493308,0.0600995
475.574,277.5,0.587433,0.584438,-0.00508649,0.0590237
476.44,277,0.588032,0.585136,-0.00524646,0.0580454
477.306,276.5,0.588656,0.585854,-0.00540709,0.0571145
478.172,276,0.589314,0.586596,-0.00551528,0.0562706
479.038,275.5,0.590008,0.58737,-0.00562792,0.0554466
