x,v,vx,vy,vz
220.096,425,0.594717,0.594568,0.00249178,0.0131152
220.962,424.5,0.591689,0.591581,0.00236657,0.011039
221.828,424,0.588749,0.588677,0.00209583,0.00894237
222.694,423.5,0.585916,0.585873,0.00167984,0.00683535
223.56,423,0.582763,0.582742,0.00120779,0.00481214
224.426,422.5,0.579712,0.579705,0.000748668,0.00277542
225.292,422,0.574007,0.574005,0.00132616,-0.000628124
226.158,421.5,0.567412,0.567393,0.00191524,-0.00420599
227.024,421,0.560719,0.560656,0.00233354,-0.00807531
227.89,420.5,0.554242,0.554097,0.00252719,-0.0124199
228.756,420,0.548143,0.547887,0.00268238,-0.0165286
229.622,419.5,0.544781,0.544467,0.00276025,-0.0182664
230.488,419,0.544584,0.5443,0.00249232,-0.0173849
231.355,418.5,0.545173,0.544953,0.00205403,-0.0153537
232.221,418,0.546609,0.546477,0.00152154,-0.0118978
233.087,417.5,0.548549,0.548486,0.000847285,-0.00829437
233.953,417,0.550904,0.550886,0.000195759,-0.00450134
234.819,416.5,0.549548,0.54953,0.00219981,-0.00380289
235.685,416,0.547436,0.547412,0.00404697,-0.00313304
236.551,415.5,0.544613,0.544578,0.00571014,-0.00243445
237.417,415,0.541184,0.541135,0.00718837,-0.00140252
238.283,414.5,0.53744,0.537379,0.00814534,-4.66415e-05
239.149,414,0.534972,0.534905,0.00822392,0.00212997
240.015,413.5,0.534135,0.534054,0.00810489,0.00455884
240.881,413,0.533521,0.533412,0.00834679,0.00679157
241.747,412.5,0.533127,0.532978,0.00895051,0.0088455
242.613,412,0.533246,0.533044,0.00996419,0.0107652
243.479,411.5,0.533588,0.533316,0.0112364,0.0127882
244.345,411,0.53297,0.532599,0.0116609,0.0161288
245.211,410.5,0.532626,0.532148,0.0116035,0.0193432
246.077,410,0.532405,0.531824,0.0111656,0.0222177
246.943,409.5,0.53259,0.531902,0.0105478,0.0249212
247.809,409,0.533037,0.532245,0.00984257,0.0273322
248.675,408.5,0.532653,0.531774,0.0106321,0.0286889
249.541,408,0.531062,0.530106,0.0125033,0.0292954
250.407,407.5,0.528461,0.527442,0.0144225,0.0294641
251.273,407,0.524331,0.523273,0.0163423,0.0290034
252.139,406.5,0.519478,0.518384,0.0181487,0.0283777
253.005,406,0.513779,0.512668,0.0195257,0.0275625
253.871,405.5,0.507161,0.506146,0.0183528,0.0262951
254.737,405,0.500979,0.500064,0.0171968,0.0249109
255.603,404.5,0.495235,0.49442,0.0160575,0.0234098
256.469,404,0.489022,0.488443,0.0138196,0.0193688
257.335,403.5,0.482975,0.482596,0.0114724,0.0153086
258.201,403,0.475986,0.475729,0.0109622,0.0111838
259.067,402.5,0.472325,0.472082,0.0133714,0.00710117
259.933,402,0.470095,0.469804,0.0161385,0.00357923
260.799,401.5,0.46817,0.467797,0.0186888,0.000693792
261.665,401,0.464884,0.464487,0.0190064,-0.00278328
262.531,400.5,0.462011,0.461645,0.0172981,-0.00617897
263.397,400,0.464262,0.463985,0.0136558,-0.00841018
264.263,399.5,0.471077,0.47089,0.0106177,-0.00793704
265.13,399,0.484589,0.484491,0.00853852,-0.0047119
265.996,398.5,0.499461,0.499411,0.00688579,-0.00151159
266.862,398,0.510192,0.510185,0.0026793,0.000112153
267.728,397.5,0.502503,0.502431,-0.00840115,-0.0013414
268.594,397,0.493689,0.4933,-0.0195812,-0.000627124
269.46,396.5,0.490573,0.489637,-0.0301425,0.00290543
270.326,396,0.514109,0.512779,-0.0359424,0.00857848
271.192,395.5,0.537859,0.536149,-0.0413541,0.0112335
272.058,395,0.561751,0.559781,-0.0455099,0.0117529
272.924,394.5,0.546917,0.544962,-0.0446796,0.011741
273.79,394,0.579504,0.575856,-0.0621486,0.01878
274.656,393.5,0.599772,0.594957,-0.0691086,0.031252
275.522,393,0.620418,0.613926,-0.0753977,0.0482576
276.388,392.5,0.635954,0.627607,-0.0778864,0.0669413
277.254,392,0.634978,0.626386,-0.0716482,0.0755244
278.12,391.5,0.634741,0.626243,-0.0669215,0.0789743
278.986,391,0.634851,0.626943,-0.0636183,0.0770186
279.852,390.5,0.626629,0.62059,-0.0580261,0.0645431
280.718,390,0.618071,0.613617,-0.0518779,0.0528719
281.584,389.5,0.609155,0.606024,-0.0451736,0.042005
282.45,389,0.604641,0.601968,-0.0392519,0.0410346
283.316,388.5,0.600123,0.597856,-0.0339107,0.0395667
284.182,388,0.572727,0.571763,-0.0206142,0.0260477
285.048,387.5,0.587751,0.587144,-0.0185288,0.0192304
285.914,387,0.601697,0.601361,-0.0160175,0.0121783
286.78,386.5,0.59464,0.594249,-0.0142692,0.0161549
287.646,386,0.584026,0.583626,-0.0123439,0.0177404
288.512,385.5,0.57338,0.573067,-0.00987731,0.0161552
289.378,385,0.558814,0.558544,-0.0149547,0.00886662
290.244,384.5,0.543866,0.543411,-0.022221,-0.00125571
291.11,384,0.533301,0.532252,-0.0314861,-0.011231
291.976,383.5,0.543509,0.542469,-0.0332571,-0.00488384
292.842,383,0.564218,0.563019,-0.0356973,0.00874037
293.708,382.5,0.594813,0.592786,-0.0399426,0.0284795
294.574,382,0.623002,0.62016,-0.0420871,0.0419639
295.44,381.5,0.647117,0.644007,-0.0404975,0.0487342
296.306,381,0.656527,0.653892,-0.0317969,0.049411
297.172,380.5,0.661833,0.65964,-0.0241333,0.0481272
298.038,380,0.665553,0.66381,-0.0179585,0.0446701
298.905,379.5,0.66867,0.667379,-0.0127723,0.0395333
299.771,379,0.675788,0.674744,-0.0102675,0.0361235
300.637,378.5,0.690595,0.689538,-0.00939572,0.037019
301.503,378,0.705017,0.70407,-0.00605096,0.0360334
302.369,377.5,0.714209,0.713322,-0.00230477,0.0354982
303.235,377,0.717094,0.716031,-0.00167779,0.0389904
304.101,376.5,0.725091,0.723629,0.0017964,0.0459782
304.967,376,0.739376,0.737187,0.00673126,0.0564493
305.833,375.5,0.763045,0.759479,-0.00310706,0.073612
306.699,375,0.78803,0.782884,-0.0180019,0.0880879
307.565,374.5,0.814597,0.807599,-0.0379211,0.0995659
308.431,374,0.823598,0.81744,-0.0435786,0.090585
309.297,373.5,0.912553,0.908487,-0.0477749,0.0715673
310.163,373,0.932794,0.92971,-0.0402567,0.0642037
311.029,372.5,0.956243,0.954781,-0.0304568,0.0432038
311.895,372,0.811895,0.811629,-0.0140255,0.0153376
312.761,371.5,0.942317,0.942148,0.00131454,0.0178009
313.627,371,0.994821,0.994187,0.0276877,0.0222636
314.493,370.5,0.79467,0.7918,0.0616662,-0.0273925
315.359,370,0.798553,0.794106,0.0749512,-0.0382799
316.225,369.5,0.795211,0.790667,0.0755375,-0.0387381
317.091,369,0.788008,0.784221,0.0697631,-0.0329799
317.957,368.5,0.783247,0.779705,0.0695841,-0.0263575
318.823,368,0.78067,0.776695,0.0766253,-0.017828
319.689,367.5,0.772916,0.767708,0.0891026,-0.00920847
320.555,367,0.760115,0.753758,0.0980976,-0.000684415
321.421,366.5,0.746139,0.73893,0.103062,0.00916862
322.287,366,0.726289,0.719574,0.0971848,0.0162545
323.153,365.5,0.702824,0.694713,0.101463,0.0322562
324.019,365,0.67768,0.665732,0.114483,0.05426
324.885,364.5,0.678498,0.668058,0.116556,0.0217188
325.751,364,0.681652,0.671962,0.11407,-0.010198
326.617,363.5,0.687007,0.67736,0.107007,-0.0413715
327.483,363,0.643419,0.635209,0.080141,-0.0638394
328.349,362.5,0.649571,0.638731,0.0735649,-0.0924837
329.215,362,0.64416,0.630034,0.0676201,-0.115874
330.081,361.5,0.63515,0.61662,0.0612825,-0.139423
330.947,361,0.620957,0.596777,0.0556915,-0.162306
331.813,360.5,0.573128,0.549646,0.0368352,-0.158139
332.679,360,0.575413,0.543892,0.0386874,-0.183807
333.546,359.5,0.572254,0.526565,0.0468767,-0.219103
334.412,359,0.543919,0.477684,0.0643899,-0.252032
335.278,358.5,0.510785,0.423289,0.0783721,-0.274927
336.144,358,0.472341,0.363934,0.0884967,-0.287794
337.01,357.5,0.43882,0.3049,0.0996568,-0.299446
337.876,357,0.408442,0.25138,0.112207,-0.301732
338.742,356.5,0.385755,0.258599,0.121737,-0.259063
339.608,356,0.38778,0.296068,0.132701,-0.212386
340.474,355.5,0.411595,0.345513,0.147651,-0.168017
341.34,355,0.43209,0.37296,0.157433,-0.151055
342.206,354.5,0.457006,0.398772,0.171942,-0.142379
343.072,354,0.483619,0.425036,0.18702,-0.135111
343.938,353.5,0.502159,0.454342,0.182931,-0.110783
344.804,353,0.536972,0.492506,0.191022,-0.0963717
345.67,352.5,0.588295,0.540868,0.212507,-0.0916196
346.536,352,0.617903,0.572363,0.211323,-0.0977131
347.402,351.5,0.656722,0.615859,0.192574,-0.122133
348.268,351,0.659828,0.616859,0.189756,-0.137299
349.134,350.5,0.565861,0.532122,0.179143,-0.0703698
350,350,0.510308,0.49494,0.0821185,-0.0933004
350.866,349.5,0.455194,0.419788,-0.0385412,-0.171737
351.732,349,0.346907,0.285444,-0.143839,-0.134821
352.598,348.5,0.349366,0.311372,0.0693997,-0.142436
353.464,348,0.429087,0.30443,0.228742,-0.197776
354.33,347.5,0.378403,0.300454,0.126892,-0.19187
355.196,347,0.388502,0.344431,0.0427948,-0.174555
356.062,346.5,0.486188,0.457424,-0.0170777,-0.163864
356.928,346,0.533622,0.513182,-0.107822,-0.0988488
357.794,345.5,0.613324,0.595008,-0.141638,-0.0455014
358.66,345,0.706288,0.687958,-0.15597,-0.0350632
359.526,344.5,0.78026,0.753751,-0.195585,-0.0491064
360.392,344,0.852704,0.818945,-0.226198,-0.0725796
361.258,343.5,0.854091,0.817725,-0.223678,-0.103755
362.124,343,0.844997,0.806923,-0.208955,-0.138682
362.99,342.5,0.848218,0.807352,-0.181404,-0.186411
363.856,342,0.84045,0.787197,-0.17879,-0.233905
364.722,341.5,0.836855,0.775587,-0.150859,-0.275741
365.588,341,0.848979,0.776912,-0.103331,-0.326337
366.454,340.5,0.878989,0.787233,-0.0862909,-0.381366
367.321,340,0.912168,0.785158,-0.0546212,-0.461078
368.187,339.5,0.951134,0.772743,-0.043834,-0.552814
369.053,339,0.990683,0.777193,-0.039438,-0.613081
369.919,338.5,1.03665,0.782191,-0.0108854,-0.680221
370.785,338,1.1028,0.804905,-0.00807899,-0.75381
371.651,337.5,1.16695,0.813354,0.00722627,-0.836762
372.517,337,1.26189,0.827837,0.0314019,-0.951876
373.383,336.5,1.32616,0.903339,0.0304125,-0.970438
374.249,336,1.40246,0.976509,0.0196068,-1.00644
375.115,335.5,1.49859,1.06391,-0.0236065,-1.05513
375.981,335,1.56715,1.11106,-0.091087,-1.10145
376.847,334.5,1.68532,1.17237,-0.167892,-1.19903
377.713,334,1.83931,1.27278,-0.223557,-1.30886
378.579,333.5,1.8741,1.28057,-0.267498,-1.34196
379.445,333,1.93084,1.30044,-0.338376,-1.38654
380.311,332.5,1.8065,1.23869,-0.387881,-1.25644
381.177,332,1.7189,1.19137,-0.456266,-1.15199
382.043,331.5,1.62161,1.14103,-0.536873,-1.01954
382.909,331,1.33492,0.971594,-0.494917,-0.770121
383.775,330.5,1.11563,0.840469,-0.463323,-0.56884
384.641,330,0.850896,0.659244,-0.383971,-0.376812
385.507,329.5,0.647585,0.504389,-0.284223,-0.29013
386.373,329,0.434609,0.340929,-0.19445,-0.186658
387.239,328.5,0.234634,0.177181,-0.108747,-0.108784
388.105,328,0.125087,0.0752709,-0.0943119,-0.0329589
388.971,327.5,0.165146,-0.0333551,-0.107316,0.121012
389.837,327,0.193401,-0.0392974,-0.07264,0.174881
390.703,326.5,0.301757,-0.055202,-0.0640806,0.289662
391.569,326,0.371948,0.00782711,-0.0958503,0.3593
392.435,325.5,0.426352,0.0578001,-0.0988691,0.410683
393.301,325,0.488159,0.0880282,-0.0842912,0.4727
394.167,324.5,0.495794,0.157283,-0.0940838,0.460676
395.033,324,0.499921,0.218182,-0.0860089,0.441497
395.899,323.5,0.479817,0.253752,-0.0695519,0.401245
396.765,323,0.442071,0.332924,-0.040594,0.287993
397.631,322.5,0.448363,0.290029,-0.0528791,0.337811
398.497,322,0.447798,0.253429,-0.0620532,0.363931
399.363,321.5,0.390508,0.287699,-0.0244179,0.262924
400.229,321,0.35967,0.285017,-0.0238683,0.218079
401.095,320.5,0.335132,0.271858,-0.0277859,0.193996
401.962,320,0.319491,0.257882,-0.0312435,0.185998
402.828,319.5,0.30112,0.239895,-0.0292305,0.179637
403.694,319,0.295552,0.230772,-0.0258518,0.182831
404.56,318.5,0.311717,0.236938,-0.0252418,0.200975
405.426,318,0.333589,0.239635,-0.0249113,0.23073
406.292,317.5,0.362025,0.246766,-0.0240327,0.263802
407.158,317,0.390814,0.263802,-0.0227154,0.287451
408.024,316.5,0.420331,0.283261,-0.0216658,0.309794
408.89,316,0.448518,0.303937,-0.0203752,0.329204
409.756,315.5,0.462576,0.316326,-0.017008,0.337084
410.622,315,0.478964,0.331287,-0.0167876,0.345504
411.488,314.5,0.497316,0.349565,-0.0190992,0.353218
412.354,314,0.533275,0.376596,-0.0234412,0.376841
413.22,313.5,0.574619,0.407602,-0.0298341,0.403927
414.086,313,0.62071,0.442618,-0.0387301,0.43344
414.952,312.5,0.667959,0.481029,-0.046256,0.46113
415.818,312,0.711728,0.516038,-0.0525653,0.487338
416.684,311.5,0.751662,0.547094,-0.0588398,0.512075
417.55,311,0.787042,0.57463,-0.0635528,0.534037
418.416,310.5,0.81801,0.598164,-0.0669038,0.553952
419.282,310,0.838418,0.61312,-0.0657174,0.568075
420.148,309.5,0.853139,0.623588,-0.0629667,0.578808
421.014,309,0.867372,0.633736,-0.0610761,0.589052
421.88,308.5,0.882823,0.642929,-0.0594018,0.602071
422.746,308,0.897902,0.652935,-0.0580482,0.613624
423.612,307.5,0.912184,0.668264,-0.0579486,0.618178
424.478,307,0.928962,0.686621,-0.0584297,0.622984
425.344,306.5,0.94348,0.70398,-0.0579635,0.625465
426.21,306,0.940861,0.719687,-0.0531216,0.603695
427.076,305.5,0.938169,0.735559,-0.0473351,0.580407
427.942,305,0.935572,0.751615,-0.0405259,0.555633
428.808,304.5,0.939831,0.764929,-0.0357852,0.544871
429.674,304,0.940059,0.768914,-0.0360043,0.539617
430.54,303.5,0.934102,0.763877,-0.039085,0.5362
431.406,303,0.917857,0.757632,-0.0520329,0.515507
432.272,302.5,0.898432,0.754458,-0.065186,0.48345
433.138,302,0.880431,0.758437,-0.074132,0.440951
434.004,301.5,0.897387,0.780658,-0.0670147,0.437475
434.87,301,0.924238,0.803074,-0.0512243,0.454604
435.737,300.5,0.952175,0.824042,-0.0302688,0.476104
436.603,300,0.977696,0.85081,-0.0190142,0.4813
437.469,299.5,1.00227,0.886468,-0.0207929,0.46722
438.335,299,1.01985,0.912777,-0.0362162,0.453445
439.201,298.5,1.02402,0.921955,-0.0476269,0.44312
440.067,298,1.01338,0.911159,-0.0479941,0.440931
440.933,297.5,0.997924,0.897602,-0.0497907,0.433225
441.799,297,0.981947,0.884042,-0.0504251,0.424436
442.665,296.5,0.990119,0.892404,-0.0354516,0.427427
443.531,296,1.00464,0.911607,-0.0215783,0.421671
444.397,295.5,1.01023,0.922473,-0.0171583,0.411467
445.263,295,1.00202,0.919719,-0.0366813,0.395997
446.129,294.5,0.993576,0.913251,-0.0552929,0.387438
446.995,294,0.984734,0.903071,-0.0729929,0.385791
447.861,293.5,0.986561,0.906073,-0.0790369,0.382214
448.727,293,0.990018,0.910267,-0.0847865,0.379947
449.593,292.5,0.994101,0.91426,-0.0915006,0.379466
450.459,292,0.994384,0.911956,-0.0935874,0.385198
451.325,291.5,0.993298,0.906922,-0.0938463,0.394113
452.191,291,0.974755,0.888409,-0.0859886,0.39177
453.057,290.5,0.931777,0.851857,-0.0662491,0.371696
453.923,290,0.888672,0.815589,-0.0488294,0.349524
454.789,289.5,0.956224,0.874473,-0.0404255,0.384743
455.655,289,0.953643,0.874332,-0.0389985,0.378758
456.521,288.5,0.951785,0.87581,-0.0394414,0.370533
457.387,288,0.938652,0.867215,-0.0347143,0.357492
458.253,287.5,0.925528,0.85827,-0.0282944,0.345217
459.119,287,0.913727,0.850603,-0.0202562,0.333108
459.985,286.5,0.90008,0.842709,-0.00966803,0.316057
460.851,286,0.886246,0.834861,-0.000484004,0.297387
461.717,285.5,0.872274,0.827058,0.00729585,0.277099
462.583,285,0.861901,0.821697,0.00863113,0.260023
463.449,284.5,0.855566,0.818553,0.00543547,0.248867
464.315,284,0.858191,0.826885,0.00624987,0.229596
465.181,283.5,0.897083,0.860476,0.00187624,0.253645
466.047,283,0.91037,0.868477,-0.00118471,0.272983
466.913,282.5,0.900695,0.860224,-0.00640093,0.266881
467.779,282,0.895321,0.856043,-0.0106181,0.262061
468.645,281.5,0.895627,0.856072,-0.0147145,0.262815
469.512,281,0.903747,0.862006,-0.0202827,0.270726
470.378,280.5,0.91399,0.86925,-0.026143,0.281247
471.244,280,0.925204,0.877632,-0.0299246,0.291324
472.11,279.5,0.935457,0.886011,-0.0294281,0.298661
472.976,279,0.944418,0.893684,-0.0258964,0.304276
473.842,278.5,0.951655,0.899817,-0.0218654,0.309029
474.708,278,0.95013,0.897555,-0.0194123,0.311073
475.574,277.5,0.932031,0.878649,-0.0212988,0.310168
476.44,277,0.913021,0.858457,-0.0250904,0.309886
477.306,276.5,0.900802,0.844473,-0.027197,0.312361
478.172,276,0.909208,0.854577,-0.0241293,0.309476
479.038,275.5,0.911991,0.860662,-0.0225339,0.300802
