x,v,vx,vy,vz
220.096,425,0.582996,0.58091,-0.00376362,-0.0491278
220.962,424.5,0.580709,0.578745,-0.00352536,-0.0475929
221.828,424,0.578313,0.576459,-0.00337416,-0.0461424
222.694,423.5,0.575817,0.574064,-0.00331184,-0.0447831
223.56,423,0.572805,0.571149,-0.00329582,-0.0433943
224.426,422.5,0.569612,0.568044,-0.00334006,-0.0421043
225.292,422,0.565041,0.563517,-0.00333704,-0.0413327
226.158,421.5,0.559557,0.558064,-0.00332821,-0.0407217
227.024,421,0.553509,0.552032,-0.00331232,-0.0402698
227.89,420.5,0.547098,0.545625,-0.00328295,-0.0399832
228.756,420,0.540163,0.538679,-0.00313009,-0.0398822
229.622,419.5,0.533999,0.532483,-0.00278866,-0.0401217
230.488,419,0.529007,0.52744,-0.00236467,-0.0406162
231.355,418.5,0.523628,0.522003,-0.0018983,-0.0411856
232.221,418,0.51791,0.516214,-0.00136541,-0.0418628
233.087,417.5,0.512099,0.510319,-0.000864932,-0.0426411
233.953,417,0.506233,0.504358,-0.000401477,-0.0435231
234.819,416.5,0.50706,0.505111,-0.000179399,-0.0444123
235.685,416,0.507993,0.505976,-3.63788e-05,-0.0452292
236.551,415.5,0.508935,0.506855,3.61392e-05,-0.045969
237.417,415,0.510223,0.5081,0.000143832,-0.046498
238.283,414.5,0.51175,0.509588,3.34432e-05,-0.0469957
239.149,414,0.515267,0.513109,-0.000248248,-0.0471074
240.015,413.5,0.520701,0.518642,-0.000275517,-0.0462591
240.881,413,0.526057,0.524111,-0.000296731,-0.0452038
241.747,412.5,0.531285,0.529459,-0.000353206,-0.044013
242.613,412,0.53635,0.534693,-5.13054e-05,-0.0421295
243.479,411.5,0.54122,0.539737,0.000504162,-0.0400279
244.345,411,0.544497,0.543098,0.00169505,-0.0389752
245.211,410.5,0.546968,0.545667,0.00294407,-0.0375867
246.077,410,0.54858,0.547378,0.00427577,-0.0360388
246.943,409.5,0.549561,0.548437,0.00571439,-0.0346705
247.809,409,0.549604,0.548542,0.00727436,-0.0333678
248.675,408.5,0.547508,0.546488,0.00877471,-0.0322247
249.541,408,0.544464,0.543464,0.010178,-0.0313818
250.407,407.5,0.540969,0.539976,0.0115223,-0.0306691
251.273,407,0.536305,0.535321,0.0126311,-0.0299133
252.139,406.5,0.531585,0.530601,0.0137177,-0.0292813
253.005,406,0.526524,0.525535,0.0147618,-0.0286742
253.871,405.5,0.518909,0.517957,0.0156958,-0.0272242
254.737,405,0.51134,0.510416,0.0167796,-0.0257483
255.603,404.5,0.50382,0.502914,0.0180133,-0.0242466
256.469,404,0.495216,0.494371,0.0184164,-0.0222963
257.335,403.5,0.486513,0.485727,0.0187392,-0.0203188
258.201,403,0.477611,0.476867,0.0187904,-0.0189052
259.067,402.5,0.468147,0.46745,0.0182374,-0.0178645
259.933,402,0.45847,0.45782,0.0175636,-0.0169336
260.799,401.5,0.448696,0.448087,0.0169094,-0.0161332
261.665,401,0.438145,0.437527,0.0174525,-0.0153859
262.531,400.5,0.427164,0.426502,0.0187576,-0.0146017
263.397,400,0.417144,0.416433,0.0201161,-0.0136981
264.263,399.5,0.406337,0.405534,0.0222605,-0.0124847
265.13,399,0.394522,0.393575,0.0251394,-0.0107163
265.996,398.5,0.382891,0.381769,0.0278949,-0.00895224
266.862,398,0.371212,0.369984,0.0293572,-0.00692237
267.728,397.5,0.360742,0.359665,0.0276278,-0.00348998
268.594,397,0.351072,0.350128,0.0257281,0.000446739
269.46,396.5,0.342166,0.341308,0.0237351,0.00485085
270.326,396,0.337057,0.336197,0.0214358,0.010909
271.192,395.5,0.331847,0.330833,0.0191563,0.0174517
272.058,395,0.326429,0.325107,0.0169217,0.0239785
272.924,394.5,0.317085,0.315355,0.0180833,0.0277052
273.79,394,0.306236,0.304064,0.0185998,0.0312953
274.656,393.5,0.293923,0.291278,0.0184172,0.0347681
275.522,393,0.281682,0.2774,0.0174308,0.0457218
276.388,392.5,0.270142,0.262962,0.0151116,0.0599931
277.254,392,0.257532,0.247074,0.00954994,0.0720152
278.12,391.5,0.234383,0.218765,-0.0148688,0.0828033
278.986,391,0.208536,0.17757,-0.0577156,0.09287
279.852,390.5,0.197963,0.127096,-0.112513,0.101867
280.718,390,0.254158,0.0881539,-0.156727,0.179616
281.584,389.5,0.383943,0.068593,-0.170143,0.337281
282.45,389,0.623999,-0.104075,-0.12577,0.602266
283.316,388.5,0.809405,-0.104364,0.0793586,0.798715
284.182,388,1.05294,-0.158769,0.207246,1.02006
285.048,387.5,1.31374,-0.280329,0.294565,1.24922
285.914,387,1.16137,-0.298792,0.280009,1.08678
286.78,386.5,0.999987,-0.351541,0.249768,0.902225
287.646,386,0.629008,-0.209467,0.226356,0.548213
288.512,385.5,0.67546,-0.464537,0.173249,0.458733
289.378,385,0.641684,-0.569213,0.134282,0.264052
290.244,384.5,0.574283,-0.531907,0.154918,0.151247
291.11,384,0.54378,-0.488128,0.179581,0.158675
291.976,383.5,0.553621,-0.468796,0.204598,0.211816
292.842,383,0.505007,-0.415471,0.176227,0.226627
293.708,382.5,0.520557,-0.434523,0.0917464,0.271573
294.574,382,0.526755,-0.439764,-0.0400522,0.287184
295.44,381.5,0.561726,-0.452429,-0.139749,0.302182
296.306,381,0.590347,-0.463487,-0.230997,0.283426
297.172,380.5,0.520387,-0.40619,-0.222537,0.237255
298.038,380,0.436446,-0.349999,-0.161355,0.204817
298.905,379.5,0.330023,-0.262719,-0.105039,0.169885
299.771,379,0.262814,-0.220778,-0.00348632,0.142534
300.637,378.5,0.230432,-0.145083,0.128858,0.124279
301.503,378,0.252505,-0.0744979,0.201054,0.133364
302.369,377.5,0.282581,-0.0434073,0.228263,0.160822
303.235,377,0.281338,-0.0842938,0.191031,0.188554
304.101,376.5,0.533937,-0.213919,0.2603,0.414211
304.967,376,0.412275,-0.261541,0.0971084,0.303542
305.833,375.5,0.346439,-0.259977,-0.0889997,0.210977
306.699,375,0.331035,-0.152465,-0.246888,0.159326
307.565,374.5,0.330383,0.0564927,-0.295416,0.136714
308.431,374,0.449884,0.204894,-0.369551,0.154424
309.297,373.5,0.566843,0.35124,-0.415967,0.157839
310.163,373,0.655097,0.474215,-0.42791,0.145479
311.029,372.5,0.687052,0.530794,-0.405551,0.160705
311.895,372,0.702167,0.572796,-0.366176,0.175668
312.761,371.5,0.710241,0.611436,-0.313376,0.179955
313.627,371,0.696425,0.627069,-0.260359,0.154939
314.493,370.5,0.670184,0.620924,-0.222104,0.11946
315.359,370,0.64101,0.599439,-0.195891,0.114866
316.225,369.5,0.645048,0.60879,-0.176249,0.119991
317.091,369,0.680783,0.648179,-0.165196,0.126645
317.957,368.5,0.730655,0.700124,-0.15932,0.135278
318.823,368,0.757727,0.734439,-0.15504,0.103496
319.689,367.5,0.720559,0.704244,-0.146796,-0.0412038
320.555,367,0.720157,0.676617,-0.143992,-0.200201
321.421,366.5,0.757978,0.64863,-0.143694,-0.364914
322.287,366,0.793379,0.571903,-0.127895,-0.534809
323.153,365.5,1.01329,0.520595,-0.23204,-0.837795
324.019,365,1.03704,0.489385,-0.145261,-0.902694
324.885,364.5,1.02538,0.501514,-0.0480824,-0.89307
325.751,364,0.930805,0.375176,-0.00988274,-0.851788
326.617,363.5,0.920998,0.357971,0.00975761,-0.848527
327.483,363,0.889797,0.374788,-0.0273886,-0.806549
328.349,362.5,0.854302,0.399683,-0.0623593,-0.752461
329.215,362,0.798685,0.420614,-0.086345,-0.673443
330.081,361.5,0.761817,0.456234,-0.107012,-0.600637
330.947,361,0.743425,0.485761,-0.109311,-0.552058
331.813,360.5,0.726638,0.497073,-0.0910692,-0.522137
332.679,360,0.721652,0.496988,-0.0767098,-0.517591
333.546,359.5,0.71908,0.486017,-0.0840067,-0.523265
334.412,359,0.689874,0.436128,-0.104959,-0.52412
335.278,358.5,0.674769,0.395955,-0.124098,-0.532102
336.144,358,0.678202,0.389001,-0.12482,-0.541346
337.01,357.5,0.68638,0.395932,-0.128437,-0.545764
337.876,357,0.702278,0.419329,-0.128217,-0.54856
338.742,356.5,0.739209,0.474315,-0.116329,-0.554908
339.608,356,0.783309,0.541749,-0.111971,-0.554565
340.474,355.5,0.832363,0.614667,-0.108709,-0.550632
341.34,355,0.829128,0.637284,-0.0883988,-0.52298
342.206,354.5,0.914592,0.719969,-0.0546493,-0.561371
343.072,354,0.944868,0.76144,-0.0268828,-0.558804
343.938,353.5,0.964643,0.785617,0.000610171,-0.559768
344.804,353,0.937729,0.756563,0.0287976,-0.55328
345.67,352.5,0.910126,0.723621,0.0459979,-0.550077
346.536,352,0.867327,0.667052,0.0573823,-0.551367
347.402,351.5,0.781952,0.554324,0.0802682,-0.545647
348.268,351,0.712066,0.419224,0.104868,-0.565944
349.134,350.5,0.690013,0.227273,0.12089,-0.640196
350,350,0.73664,-0.0112783,0.0626923,-0.73388
350.866,349.5,0.787634,-0.213079,0.0106143,-0.75819
351.732,349,0.604092,-0.119913,0.0592904,-0.589094
352.598,348.5,0.399776,0.109181,0.161914,-0.348833
353.464,348,0.417414,0.343081,0.228645,-0.0652032
354.33,347.5,0.60874,0.565304,0.159302,0.16006
355.196,347,0.839718,0.757147,0.0904735,0.351668
356.062,346.5,1.01698,0.888809,0.0323199,0.493172
356.928,346,1.15069,0.984786,-0.0313592,0.594386
357.794,345.5,1.17475,1.01578,-0.0388931,0.588825
358.66,345,1.17074,1.02245,-0.0395216,0.568923
359.526,344.5,1.15295,1.01491,-0.0358892,0.545861
360.392,344,1.13678,1.00954,-0.0270346,0.521903
361.258,343.5,1.12482,1.00807,-0.0168482,0.498738
362.124,343,1.11607,1.0086,-0.0106403,0.477743
362.99,342.5,1.09477,0.988927,-0.0191028,0.469227
363.856,342,1.06862,0.961115,-0.0290218,0.466232
364.722,341.5,1.0409,0.929386,-0.0397962,0.467046
365.588,341,1.02528,0.911729,-0.0560851,0.465627
366.454,340.5,1.02268,0.909744,-0.0735198,0.461334
367.321,340,1.02076,0.915633,-0.0742216,0.445037
368.187,339.5,1.0134,0.918817,-0.0689931,0.421901
369.053,339,1.00458,0.920263,-0.063427,0.397827
369.919,338.5,0.999769,0.922569,-0.0607003,0.38042
370.785,338,0.998931,0.925672,-0.0581393,0.370963
371.651,337.5,1.00325,0.932272,-0.0495626,0.367319
372.517,337,1.0069,0.9377,-0.0415554,0.36447
373.383,336.5,1.00718,0.938856,-0.0360659,0.362859
374.249,336,1.00746,0.938955,-0.0334596,0.363624
375.115,335.5,1.00785,0.93863,-0.0316479,0.36569
375.981,335,1.00836,0.937892,-0.030634,0.369056
376.847,334.5,1.01492,0.943079,-0.0247577,0.374231
377.713,334,1.02323,0.949773,-0.0182561,0.380262
378.579,333.5,1.033,0.95768,-0.0116227,0.387046
379.445,333,1.03629,0.960451,-0.011849,0.388958
380.311,332.5,1.03373,0.957635,-0.0159872,0.388944
381.177,332,1.0197,0.943795,-0.0235846,0.385325
382.043,331.5,1.00612,0.931881,-0.0280103,0.378266
382.909,331,0.993689,0.921292,-0.0248317,0.371512
383.775,330.5,0.977677,0.90653,-0.0148979,0.365832
384.641,330,0.950904,0.883064,-0.00498572,0.352691
385.507,329.5,0.916164,0.854216,-0.00203893,0.331161
386.373,329,0.893201,0.837817,-0.00855688,0.309514
387.239,328.5,0.874695,0.82321,-0.0184429,0.295088
388.105,328,0.862436,0.812217,-0.0277065,0.288672
388.971,327.5,0.84504,0.795193,-0.0317068,0.284175
389.837,327,0.822027,0.773464,-0.0307225,0.276653
390.703,326.5,0.808611,0.768914,-0.0328606,0.248081
391.569,326,0.806263,0.772824,-0.0412167,0.226063
392.435,325.5,0.802744,0.771345,-0.0533997,0.215806
393.301,325,0.775941,0.746828,-0.0378369,0.207124
394.167,324.5,0.74109,0.715785,-0.0168297,0.191266
395.033,324,0.699504,0.67898,0.0089668,0.167965
395.899,323.5,0.694611,0.676973,0.0104813,0.155185
396.765,323,0.684191,0.668826,0.0217351,0.142536
397.631,322.5,0.665703,0.651775,0.0446844,0.127878
398.497,322,0.638772,0.62685,0.056529,0.109052
399.363,321.5,0.60915,0.599625,0.057262,0.0907495
400.229,321,0.588943,0.582031,0.0457869,0.0774392
401.095,320.5,0.58803,0.58194,0.0325352,0.0778836
401.962,320,0.60356,0.59654,0.0250572,0.0882949
402.828,319.5,0.628532,0.619745,0.0242728,0.101879
403.694,319,0.655028,0.642478,0.024044,0.125324
404.56,318.5,0.668155,0.648352,0.0177238,0.160492
405.426,318,0.675471,0.644951,0.0140015,0.200257
406.292,317.5,0.697973,0.654388,0.0174162,0.242156
407.158,317,0.724009,0.668781,0.0267875,0.276049
408.024,316.5,0.744954,0.676834,0.0352061,0.309213
408.89,316,0.760396,0.679156,0.0422629,0.339356
409.756,315.5,0.766941,0.681351,0.0322097,0.350602
410.622,315,0.769155,0.682024,0.0122795,0.355376
411.488,314.5,0.76763,0.681701,-0.0105234,0.352745
412.354,314,0.764785,0.684362,-0.0399061,0.339045
413.22,313.5,0.767762,0.690543,-0.0652899,0.32916
414.086,313,0.776367,0.700867,-0.0861651,0.322656
414.952,312.5,0.792632,0.712773,-0.0671887,0.340156
415.818,312,0.80962,0.727385,-0.0404734,0.35321
416.684,311.5,0.825899,0.746073,-0.0158021,0.353885
417.55,311,0.833964,0.7553,-0.0047258,0.353547
418.416,310.5,0.834806,0.753052,-0.00317315,0.360283
419.282,310,0.831662,0.74001,0.011358,0.379366
420.148,309.5,0.826713,0.724728,0.0293402,0.39669
421.014,309,0.816426,0.706755,0.0429688,0.406452
421.88,308.5,0.802393,0.68625,0.052798,0.412441
422.746,308,0.782552,0.660786,0.058681,0.415098
423.612,307.5,0.76584,0.636066,0.0675421,0.421152
424.478,307,0.759531,0.617486,0.0808464,0.434812
425.344,306.5,0.759004,0.604224,0.0890238,0.450639
426.21,306,0.723493,0.574765,0.0676366,0.434181
427.076,305.5,0.694017,0.556335,0.0426874,0.41271
427.942,305,0.678882,0.541605,0.0393547,0.407426
428.808,304.5,0.661998,0.526655,0.0362729,0.399451
429.674,304,0.632034,0.497952,0.0354889,0.387622
430.54,303.5,0.583745,0.446338,0.0370906,0.374386
431.406,303,0.544868,0.409901,0.036458,0.357117
432.272,302.5,0.505409,0.373832,0.0355465,0.338267
433.138,302,0.46533,0.338129,0.0343559,0.317837
434.004,301.5,0.424592,0.302792,0.0328862,0.295827
434.87,301,0.386641,0.273758,0.0296333,0.271421
435.737,300.5,0.375433,0.28715,0.0147227,0.241409
436.603,300,0.367285,0.299079,-0.00128638,0.213187
437.469,299.5,0.361986,0.309545,-0.018394,0.186756
438.335,299,0.359296,0.318548,-0.0366002,0.162114
439.201,298.5,0.358961,0.326088,-0.055905,0.139263
440.067,298,0.361275,0.33235,-0.0760686,0.119484
440.933,297.5,0.37451,0.342555,-0.0766431,0.130536
441.799,297,0.391329,0.356761,-0.0729936,0.143291
442.665,296.5,0.410736,0.37468,-0.0693488,0.153331
443.531,296,0.432655,0.396311,-0.0657086,0.160656
444.397,295.5,0.45712,0.421655,-0.062073,0.165265
445.263,295,0.484251,0.450713,-0.0584421,0.167159
446.129,294.5,0.499663,0.469691,-0.049634,0.163062
446.995,294,0.50277,0.477033,-0.0362811,0.154599
447.861,293.5,0.50856,0.486634,-0.0240195,0.145751
448.727,293,0.472762,0.461494,-0.0127187,0.101808
449.593,292.5,0.515992,0.504461,-0.00952602,0.108053
450.459,292,0.546858,0.531729,-0.00259067,0.127716
451.325,291.5,0.575028,0.555488,0.00301494,0.148597
452.191,291,0.602776,0.57984,0.0117143,0.164276
453.057,290.5,0.622598,0.599422,0.0109531,0.167935
453.923,290,0.635981,0.614064,-0.00289825,0.165494
454.789,289.5,0.644694,0.624043,-0.0181635,0.160843
455.655,289,0.653998,0.634379,-0.02657,0.156752
456.521,288.5,0.664525,0.645389,-0.0293352,0.15558
457.387,288,0.67928,0.659851,-0.0405882,0.156113
458.253,287.5,0.696346,0.676328,-0.0517819,0.15747
459.119,287,0.71638,0.697198,-0.0589999,0.153735
459.985,286.5,0.734803,0.716515,-0.065566,0.149142
460.851,286,0.752046,0.734635,-0.0700864,0.144815
461.717,285.5,0.769839,0.753127,-0.0580529,0.1486
462.583,285,0.782715,0.766762,-0.0417376,0.15158
463.449,284.5,0.792625,0.777242,-0.0271925,0.153001
464.315,284,0.787362,0.772503,-0.0135587,0.15164
465.181,283.5,0.777702,0.763696,-0.00446323,0.146864
466.047,283,0.763703,0.751001,-3.99489e-06,0.138709
466.913,282.5,0.737304,0.724626,-0.0079874,0.135906
467.779,282,0.712189,0.699672,-0.0162624,0.131939
468.645,281.5,0.687997,0.676111,-0.0227226,0.125288
469.512,281,0.668847,0.658471,-0.0290338,0.113707
470.378,280.5,0.652813,0.643619,-0.0357057,0.103177
471.244,280,0.643958,0.635298,-0.0410615,0.0969106
472.11,279.5,0.647632,0.639328,-0.0414834,0.0946886
472.976,279,0.658212,0.649686,-0.0403764,0.0975739
473.842,278.5,0.670164,0.660499,-0.0426795,0.10507
474.708,278,0.688109,0.675795,-0.0460253,0.121148
475.574,277.5,0.711507,0.694416,-0.0477579,0.147473
476.44,277,0.729161,0.706542,-0.046514,0.1741
477.306,276.5,0.749491,0.720147,-0.0451411,0.202698
478.172,276,0.769527,0.734749,-0.0370016,0.225713
479.038,275.5,0.789182,0.74803,-0.0298007,0.249744
