x,v,vx,vy,vz
220.096,425,0.590652,0.590624,0.00576973,-0.000256094
220.962,424.5,0.591111,0.591085,0.00539035,0.000932717
221.828,424,0.591541,0.591515,0.00503686,0.00226455
222.694,423.5,0.591931,0.591901,0.00470737,0.00373937
223.56,423,0.592472,0.592432,0.00447187,0.00524711
224.426,422.5,0.592989,0.592934,0.00426683,0.00682449
225.292,422,0.593955,0.593888,0.00395066,0.00805124
226.158,421.5,0.5949,0.594819,0.00357727,0.009125
227.024,421,0.59576,0.595666,0.00315311,0.0101458
227.89,420.5,0.596515,0.596404,0.00269219,0.0111952
228.756,420,0.597211,0.597083,0.00218113,0.0121403
229.622,419.5,0.597743,0.597599,0.00174603,0.0129883
230.488,419,0.597975,0.597813,0.00143987,0.0138366
231.355,418.5,0.598061,0.597882,0.00113479,0.0145771
232.221,418,0.598047,0.597855,0.000850887,0.0151358
233.087,417.5,0.597871,0.597666,0.000528753,0.0156493
233.953,417,0.597555,0.597338,0.000174132,0.0160921
234.819,416.5,0.596849,0.596634,-0.000178873,0.016048
235.685,416,0.596109,0.595894,-0.000572897,0.0160306
236.551,415.5,0.595344,0.595127,-0.00100395,0.0160425
237.417,415,0.594672,0.594455,-0.00132366,0.0159922
238.283,414.5,0.594032,0.593815,-0.00164223,0.015983
239.149,414,0.593415,0.593193,-0.00199185,0.0161006
240.015,413.5,0.592936,0.592709,-0.00218345,0.0162413
240.881,413,0.592543,0.59231,-0.00235983,0.0164355
241.747,412.5,0.592224,0.591983,-0.00255007,0.0166992
242.613,412,0.592048,0.5918,-0.00252664,0.0169564
243.479,411.5,0.591993,0.591737,-0.00242197,0.017265
244.345,411,0.591982,0.591717,-0.00233882,0.0175382
245.211,410.5,0.591993,0.591722,-0.00227281,0.0177503
246.077,410,0.592027,0.591751,-0.0022199,0.0179436
246.943,409.5,0.592093,0.591809,-0.00215276,0.0182297
247.809,409,0.592248,0.591954,-0.00206882,0.0185463
248.675,408.5,0.592247,0.591943,-0.00190525,0.018878
249.541,408,0.592141,0.591823,-0.00169458,0.0193182
250.407,407.5,0.592137,0.591804,-0.00142502,0.0198088
251.273,407,0.592208,0.591863,-0.000959824,0.0202082
252.139,406.5,0.592376,0.592015,-0.000496033,0.0206722
253.005,406,0.592616,0.592237,2.6374e-06,0.0212015
253.871,405.5,0.592629,0.59223,0.000814623,0.0217464
254.737,405,0.592669,0.592243,0.00158521,0.0224047
255.603,404.5,0.592734,0.592277,0.00231439,0.0231764
256.469,404,0.593077,0.592572,0.0029413,0.024284
257.335,403.5,0.593631,0.593075,0.00362894,0.0254368
258.201,403,0.593398,0.592791,0.00433152,0.0264779
259.067,402.5,0.591878,0.591242,0.00525496,0.0269227
259.933,402,0.590002,0.589353,0.00617953,0.0269685
260.799,401.5,0.587943,0.587293,0.00702901,0.0267141
261.665,401,0.585152,0.584535,0.00786091,0.0257024
262.531,400.5,0.581741,0.581177,0.0086439,0.0241069
263.397,400,0.577775,0.577282,0.00914349,0.0220196
264.263,399.5,0.573416,0.573007,0.00975397,0.0193231
265.13,399,0.568653,0.568331,0.0105437,0.0159758
265.996,398.5,0.563798,0.563549,0.0113354,0.0123464
266.862,398,0.558713,0.558519,0.0121565,0.00829237
267.728,397.5,0.55211,0.551944,0.0131491,0.0032213
268.594,397,0.544944,0.544755,0.0141708,-0.00229039
269.46,396.5,0.537771,0.537505,0.0149611,-0.00792321
270.326,396,0.531236,0.530887,0.0143817,-0.0128112
271.192,395.5,0.52494,0.52446,0.013726,-0.0177425
272.058,395,0.518642,0.517987,0.0129574,-0.0226076
272.924,394.5,0.513248,0.512561,0.0102765,-0.0244645
273.79,394,0.508328,0.507606,0.00746888,-0.026021
274.656,393.5,0.503862,0.5031,0.00455967,-0.0273141
275.522,393,0.501154,0.500416,0.00121124,-0.0271646
276.388,392.5,0.499046,0.49833,-0.00227173,-0.0266249
277.254,392,0.498843,0.498137,-0.00574961,-0.0259115
278.12,391.5,0.498836,0.498142,-0.00851113,-0.0248953
278.986,391,0.49851,0.497818,-0.0108837,-0.0239032
279.852,390.5,0.497963,0.49725,-0.0131709,-0.023151
280.718,390,0.497341,0.496629,-0.0143178,-0.0224199
281.584,389.5,0.497315,0.496632,-0.0144369,-0.0216752
282.45,389,0.498508,0.497845,-0.014555,-0.0211882
283.316,388.5,0.498994,0.498376,-0.0143844,-0.0202466
284.182,388,0.498227,0.497692,-0.0137061,-0.018572
285.048,387.5,0.496899,0.496442,-0.0129132,-0.0169687
285.914,387,0.494987,0.494605,-0.0119438,-0.0153261
286.78,386.5,0.495518,0.495192,-0.0111164,-0.0141164
287.646,386,0.497043,0.496752,-0.0102645,-0.0135652
288.512,385.5,0.498853,0.498579,-0.00935135,-0.0136056
289.378,385,0.497885,0.497533,-0.0103665,-0.0155666
290.244,384.5,0.497331,0.496864,-0.011753,-0.0180566
291.11,384,0.49635,0.495742,-0.0130474,-0.0208036
291.976,383.5,0.493437,0.492907,-0.0123804,-0.0192183
292.842,383,0.489447,0.489043,-0.0100294,-0.0171528
293.708,382.5,0.48436,0.484084,-0.00606302,-0.0151829
294.574,382,0.485091,0.484725,-0.00517707,-0.0181099
295.44,381.5,0.490428,0.489878,-0.00607322,-0.0224051
296.306,381,0.513436,0.512865,-0.0146082,-0.0193095
297.172,380.5,0.539352,0.538674,-0.0240307,-0.0123991
298.038,380,0.565061,0.56413,-0.0321684,-0.00395133
298.905,379.5,0.590864,0.589526,-0.039449,0.00482473
299.771,379,0.618376,0.616508,-0.0461637,0.0132289
300.637,378.5,0.648099,0.646036,-0.0477244,0.0198046
301.503,378,0.677614,0.675815,-0.0422514,0.0254863
302.369,377.5,0.70676,0.705143,-0.0357132,0.0317411
303.235,377,0.734962,0.733462,-0.0284807,0.037301
304.101,376.5,0.763081,0.761558,-0.0213374,0.0432074
304.967,376,0.790906,0.789232,-0.0140781,0.0494562
305.833,375.5,0.803457,0.801425,-0.00799527,0.0565456
306.699,375,0.815048,0.812683,-0.00185307,0.0620097
307.565,374.5,0.826297,0.823663,0.00450377,0.0657737
308.431,374,0.830912,0.828032,0.0108176,0.0682713
309.297,373.5,0.83256,0.829476,0.0170739,0.0695289
310.163,373,0.830437,0.827393,0.0193162,0.0683686
311.029,372.5,0.827174,0.824741,0.0137236,0.0618956
311.895,372,0.826963,0.825177,0.00642568,0.0539401
312.761,371.5,0.830153,0.828904,-0.00176956,0.0454835
313.627,371,0.837623,0.836633,-0.00926017,0.0396628
314.493,370.5,0.848413,0.847478,-0.0158614,0.036541
315.359,370,0.859264,0.858097,-0.0183633,0.0408216
316.225,369.5,0.873018,0.871693,-0.0206157,0.0434268
317.091,369,0.889169,0.8878,-0.0230214,0.0436186
317.957,368.5,0.907603,0.906225,-0.0257835,0.042833
318.823,368,0.92723,0.925875,-0.0291845,0.0407236
319.689,367.5,0.934655,0.933406,-0.0312352,0.0368267
320.555,367,0.932245,0.931206,-0.0303083,0.031881
321.421,366.5,0.92829,0.927524,-0.027759,0.0255208
322.287,366,0.918576,0.918161,-0.0228597,0.015506
323.153,365.5,0.907472,0.90732,-0.0165857,0.0010986
324.019,365,0.893488,0.89327,-0.00886472,-0.0176564
324.885,364.5,0.856519,0.855882,-0.0101602,-0.0314303
325.751,364,0.824492,0.823041,-0.0140742,-0.0468303
326.617,363.5,0.7976,0.794771,-0.0205627,-0.0638919
327.483,363,0.774991,0.769502,-0.0355958,-0.0849168
328.349,362.5,0.758935,0.749089,-0.0511309,-0.110604
329.215,362,0.758831,0.744507,-0.0679946,-0.130039
330.081,361.5,0.763548,0.747101,-0.0727386,-0.139838
330.947,361,0.768493,0.751461,-0.0665424,-0.146489
331.813,360.5,0.778055,0.760979,-0.054737,-0.152594
332.679,360,0.797204,0.779854,-0.0391266,-0.160717
333.546,359.5,0.827233,0.808187,-0.0256066,-0.17462
334.412,359,0.854376,0.833235,-0.0221031,-0.187588
335.278,358.5,0.871716,0.849947,-0.0213154,-0.192417
336.144,358,0.882923,0.861763,-0.0211442,-0.19097
337.01,357.5,0.899883,0.87962,-0.0198286,-0.188855
337.876,357,0.923717,0.904328,-0.0170655,-0.187492
338.742,356.5,0.953767,0.932963,-0.00683336,-0.198004
339.608,356,0.983217,0.958669,0.0014874,-0.218328
340.474,355.5,1.01268,0.982394,0.0045821,-0.245785
341.34,355,1.04358,1.00941,0.015209,-0.264429
342.206,354.5,1.08411,1.04412,0.0285973,-0.290344
343.072,354,1.12179,1.07637,0.0477829,-0.312368
343.938,353.5,1.08057,1.03712,0.065694,-0.296155
344.804,353,1.05126,1.00508,0.0782893,-0.298045
345.67,352.5,1.03905,0.985085,0.0870465,-0.31882
346.536,352,1.04001,0.96737,0.127494,-0.359949
347.402,351.5,1.04661,0.947646,0.189167,-0.401951
348.268,351,1.02954,0.909984,0.248194,-0.412656
349.134,350.5,0.985918,0.858488,0.256284,-0.411522
350,350,0.943481,0.811348,0.242052,-0.416271
350.866,349.5,0.928818,0.79892,0.20864,-0.425323
351.732,349,0.919559,0.786287,0.192065,-0.436409
352.598,348.5,0.88515,0.745994,0.171718,-0.444405
353.464,348,0.882321,0.717386,0.184165,-0.479511
354.33,347.5,0.845091,0.673572,0.163416,-0.483503
355.196,347,0.779815,0.613249,0.104077,-0.470324
356.062,346.5,0.775935,0.594955,0.0947116,-0.489013
356.928,346,0.779559,0.583754,0.0807006,-0.510324
357.794,345.5,0.769442,0.57673,0.0742427,-0.503895
358.66,345,0.77196,0.582776,0.0606886,-0.502604
359.526,344.5,0.786327,0.600661,0.0402714,-0.50586
360.392,344,0.776565,0.606306,0.00206728,-0.485224
361.258,343.5,0.789719,0.627882,-0.039949,-0.47731
362.124,343,0.821781,0.664051,-0.0759736,-0.47811
362.99,342.5,0.817814,0.686138,-0.0916439,-0.435472
363.856,342,0.819215,0.70626,-0.104523,-0.401727
364.722,341.5,0.833699,0.728418,-0.115164,-0.388843
365.588,341,0.838607,0.747501,-0.112379,-0.363147
366.454,340.5,0.846326,0.774333,-0.104158,-0.325312
367.321,340,0.808859,0.754641,-0.0965948,-0.274664
368.187,339.5,0.762111,0.723541,-0.0972277,-0.218743
369.053,339,0.717826,0.689925,-0.107686,-0.166378
369.919,338.5,0.677145,0.654374,-0.126968,-0.119157
370.785,338,0.636789,0.615318,-0.142589,-0.0809474
371.651,337.5,0.601313,0.586317,-0.12144,-0.0553331
372.517,337,0.615106,0.608084,-0.0913752,-0.0154784
373.383,336.5,0.626789,0.619463,-0.0934139,0.0200921
374.249,336,0.631713,0.621839,-0.0929302,0.0611705
375.115,335.5,0.622111,0.610767,-0.0917241,0.0746426
375.981,335,0.605511,0.595026,-0.0911005,0.0654868
376.847,334.5,0.590156,0.580714,-0.0901949,0.0540407
377.713,334,0.606943,0.592345,-0.106657,0.0783015
378.579,333.5,0.6189,0.602057,-0.121402,0.0763351
379.445,333,0.600283,0.586088,-0.125202,0.0341294
380.311,332.5,0.572867,0.559913,-0.119091,-0.0221826
381.177,332,0.540504,0.524638,-0.101533,-0.0811834
382.043,331.5,0.511596,0.498138,-0.0728389,-0.0910094
382.909,331,0.489087,0.480129,-0.0452596,-0.0814481
383.775,330.5,0.472952,0.466996,-0.0213824,-0.0717033
384.641,330,0.459141,0.456764,0.00848015,-0.045878
385.507,329.5,0.454877,0.45288,0.0418338,-0.00790203
386.373,329,0.467763,0.46292,0.0570658,0.0353738
387.239,328.5,0.472862,0.463472,0.0595328,0.0724431
388.105,328,0.456892,0.442995,0.0542699,0.0977757
388.971,327.5,0.44261,0.422306,0.0535807,0.121207
389.837,327,0.430703,0.407511,0.0491865,0.130461
390.703,326.5,0.426894,0.416593,0.0200803,0.0910244
391.569,326,0.430133,0.427305,-0.00375659,0.0491012
392.435,325.5,0.439645,0.439083,-0.0194666,0.0107048
393.301,325,0.493211,0.490053,-0.0387998,-0.0399966
394.167,324.5,0.551611,0.543956,-0.0436445,-0.080508
395.033,324,0.612095,0.601139,-0.0342151,-0.110097
395.899,323.5,0.681511,0.670618,-0.0246861,-0.118826
396.765,323,0.748341,0.73679,-0.00516628,-0.130876
397.631,322.5,0.812742,0.799034,0.0252355,-0.146481
398.497,322,0.862773,0.84665,0.0369546,-0.16185
399.363,321.5,0.902183,0.883823,0.0319879,-0.178233
400.229,321,0.913821,0.894451,0.0128384,-0.186712
401.095,320.5,0.915653,0.896456,-0.0118016,-0.186135
401.962,320,0.927802,0.906022,-0.0361302,-0.196558
402.828,319.5,0.948629,0.920851,-0.0574943,-0.220509
403.694,319,0.969354,0.935286,-0.0670175,-0.245753
404.56,318.5,0.981687,0.943881,-0.0666166,-0.261455
405.426,318,0.982842,0.940392,-0.0616997,-0.27899
406.292,317.5,0.977031,0.928146,-0.0597204,-0.299279
407.158,317,0.958009,0.906706,-0.0625749,-0.302903
408.024,316.5,0.936636,0.884007,-0.0768961,-0.299844
408.89,316,0.915167,0.860752,-0.098654,-0.294794
409.756,315.5,0.917206,0.854647,-0.0841684,-0.32212
410.622,315,0.92321,0.852374,-0.0732732,-0.346996
411.488,314.5,0.927555,0.847606,-0.0738706,-0.369412
412.354,314,0.919991,0.825756,-0.041341,-0.403488
413.22,313.5,0.917578,0.804494,-0.00306768,-0.441281
414.086,313,0.923158,0.785332,0.0379891,-0.483768
414.952,312.5,0.896051,0.740174,0.060301,-0.501412
415.818,312,0.9596,0.748954,0.0949611,-0.592353
416.684,311.5,0.937693,0.686553,0.118315,-0.627627
417.55,311,0.913878,0.604356,0.140705,-0.670916
418.416,310.5,0.909877,0.515216,0.163854,-0.731834
419.282,310,0.948489,0.438667,0.199167,-0.817028
420.148,309.5,1.01492,0.401176,0.223329,-0.905123
421.014,309,1.04061,0.377106,0.218889,-0.944852
421.88,308.5,1.11735,0.384894,0.238706,-1.02144
422.746,308,1.17834,0.383671,0.277272,-1.07908
423.612,307.5,1.24211,0.389667,0.342345,-1.12862
424.478,307,1.31345,0.401741,0.423956,-1.17645
425.344,306.5,1.32764,0.457188,0.447674,-1.16327
426.21,306,1.3358,0.531388,0.457278,-1.13705
427.076,305.5,1.34295,0.629912,0.443812,-1.09989
427.942,305,1.3401,0.75049,0.36722,-1.04776
428.808,304.5,1.34964,0.860724,0.299591,-0.995452
429.674,304,1.34262,0.957948,0.244658,-0.908347
430.54,303.5,1.20823,1.03663,0.215815,-0.581927
431.406,303,1.23918,1.10466,0.208773,-0.52126
432.272,302.5,1.27332,1.16739,0.210008,-0.463078
433.138,302,1.30265,1.21796,0.212013,-0.410513
434.004,301.5,1.2989,1.23292,0.189996,-0.361895
434.87,301,1.29513,1.24352,0.165379,-0.321985
435.737,300.5,1.29407,1.25267,0.143306,-0.29137
436.603,300,1.29054,1.25018,0.133316,-0.291147
437.469,299.5,1.28609,1.23769,0.140152,-0.32017
438.335,299,1.26522,1.20042,0.15475,-0.368528
439.201,298.5,1.23865,1.15601,0.157483,-0.416036
440.067,298,1.22887,1.133,0.142241,-0.454104
440.933,297.5,1.2353,1.12803,0.123784,-0.488046
441.799,297,1.25106,1.13659,0.0945522,-0.514184
442.665,296.5,1.25127,1.13244,0.0470238,-0.530131
443.531,296,1.32681,1.2,-0.00756836,-0.566009
444.397,295.5,1.38354,1.22041,-0.0473044,-0.650025
445.263,295,1.45215,1.24978,-0.0831345,-0.734769
446.129,294.5,1.51849,1.27898,-0.109306,-0.811223
446.995,294,1.55241,1.28231,-0.121507,-0.866538
447.861,293.5,1.59101,1.29585,-0.129643,-0.913937
448.727,293,1.59079,1.29522,-0.132148,-0.914089
449.593,292.5,1.58876,1.30264,-0.147884,-0.897456
450.459,292,1.59663,1.31896,-0.167875,-0.883965
451.325,291.5,1.61163,1.33311,-0.193056,-0.884818
452.191,291,1.64891,1.34521,-0.222525,-0.927239
453.057,290.5,1.69535,1.3436,-0.249571,-1.00333
453.923,290,1.72683,1.32013,-0.243949,-1.08613
454.789,289.5,1.76656,1.3065,-0.223796,-1.16779
455.655,289,1.82173,1.31313,-0.183131,-1.24934
456.521,288.5,1.9037,1.32915,-0.131074,-1.35656
457.387,288,2.00278,1.33975,-0.0822586,-1.48641
458.253,287.5,2.06565,1.28549,-0.0341189,-1.61655
459.119,287,2.10715,1.18678,0.00940454,-1.74113
459.985,286.5,2.12841,1.0486,0.0478199,-1.85157
460.851,286,2.08094,0.870059,0.0904657,-1.88816
461.717,285.5,1.94975,0.725769,0.0999109,-1.80688
462.583,285,1.69859,0.66518,0.0884398,-1.56042
463.449,284.5,1.56636,0.696732,0.00525833,-1.40286
464.315,284,1.46684,0.762491,-0.088379,-1.24997
465.181,283.5,1.35869,0.957979,-0.143154,-0.9528
466.047,283,1.36359,1.06416,-0.207553,-0.826955
466.913,282.5,1.41172,1.19515,-0.211209,-0.721095
467.779,282,1.46439,1.31066,-0.206617,-0.619619
468.645,281.5,1.60217,1.46209,-0.216451,-0.618372
469.512,281,1.6941,1.58147,-0.227786,-0.563085
470.378,280.5,1.73328,1.6585,-0.203755,-0.460563
471.244,280,1.751,1.71293,-0.137932,-0.335958
472.11,279.5,1.72991,1.71742,-0.00770097,-0.207326
472.976,279,1.50881,1.50021,0.0972403,-0.128062
473.842,278.5,1.23917,1.22351,0.155692,-0.119716
474.708,278,1.11501,1.0945,0.16376,-0.135953
475.574,277.5,1.00792,0.988292,0.140365,-0.139579
476.44,277,0.928055,0.916191,0.099476,-0.109477
477.306,276.5,0.883678,0.878226,0.0598583,-0.077612
478.172,276,0.885803,0.88431,0.0298575,-0.0418494
479.038,275.5,0.892923,0.892848,0.00701594,-0.00919333
