x,v,vx,vy,vz
220.096,425,0.638675,0.638577,0.006635,0.00899408
220.962,424.5,0.637535,0.637434,0.00675032,0.0090551
221.828,424,0.636376,0.636274,0.00686973,0.00908446
222.694,423.5,0.635204,0.635101,0.00699427,0.00908177
223.56,423,0.633801,0.633696,0.00712166,0.00907417
224.426,422.5,0.632333,0.632227,0.00725282,0.00903717
225.292,422,0.630934,0.630827,0.0073796,0.00899156
226.158,421.5,0.62931,0.629202,0.00742798,0.00897215
227.024,421,0.627554,0.627446,0.00743275,0.00896199
227.89,420.5,0.625769,0.625661,0.00743381,0.00894038
228.756,420,0.623884,0.623777,0.00729783,0.00895873
229.622,419.5,0.62181,0.621705,0.00704669,0.00899056
230.488,419,0.619589,0.619487,0.00680415,0.00898759
231.355,418.5,0.617302,0.617201,0.00655212,0.00902149
232.221,418,0.614929,0.61483,0.00628684,0.00912527
233.087,417.5,0.612528,0.612428,0.00602324,0.00923807
233.953,417,0.610072,0.609973,0.00577905,0.00938208
234.819,416.5,0.607544,0.607441,0.00566209,0.00968143
235.685,416,0.605017,0.604909,0.00558458,0.00998645
236.551,415.5,0.602486,0.602372,0.00555367,0.0102982
237.417,415,0.599819,0.599696,0.00580763,0.0106722
238.283,414.5,0.597161,0.597027,0.00611947,0.0110511
239.149,414,0.594584,0.594439,0.00638811,0.0114695
240.015,413.5,0.592009,0.591849,0.0068179,0.011959
240.881,413,0.589477,0.5893,0.00729362,0.0124394
241.747,412.5,0.587001,0.586808,0.00778094,0.0129047
242.613,412,0.584467,0.584251,0.00860291,0.0133307
243.479,411.5,0.581936,0.581695,0.00956793,0.0137194
244.345,411,0.579203,0.578933,0.0106079,0.0141754
245.211,410.5,0.576307,0.576005,0.0116522,0.014565
246.077,410,0.573286,0.572953,0.0126687,0.0148723
246.943,409.5,0.570265,0.569901,0.0136466,0.0151207
247.809,409,0.567263,0.566867,0.0146984,0.0152655
248.675,408.5,0.564187,0.563756,0.0158927,0.015297
249.541,408,0.561067,0.560601,0.017068,0.0152355
250.407,407.5,0.557898,0.557395,0.0183187,0.0150015
251.273,407,0.554498,0.553953,0.0198615,0.0144796
252.139,406.5,0.55117,0.550581,0.0214085,0.0137854
253.005,406,0.547869,0.547236,0.0229347,0.0129241
253.871,405.5,0.544217,0.54355,0.0241794,0.0118908
254.737,405,0.540643,0.539939,0.0254143,0.0107192
255.603,404.5,0.537146,0.536403,0.0266392,0.00940922
256.469,404,0.53364,0.532911,0.0268624,0.00747498
257.335,403.5,0.530179,0.52946,0.0270644,0.00534662
258.201,403,0.526936,0.526226,0.0271727,0.00315986
259.067,402.5,0.52433,0.523671,0.026267,0.00069166
259.933,402,0.521921,0.521317,0.0250324,-0.00187691
260.799,401.5,0.519564,0.519003,0.0237342,-0.00446745
261.665,401,0.517704,0.517201,0.0217118,-0.00698104
262.531,400.5,0.516183,0.515738,0.0192348,-0.00944137
263.397,400,0.514418,0.514,0.0169087,-0.011995
264.263,399.5,0.513441,0.513039,0.0144581,-0.0142396
265.13,399,0.513376,0.512988,0.0118052,-0.0160953
265.996,398.5,0.513304,0.51291,0.0092227,-0.0178719
266.862,398,0.513432,0.513032,0.00647962,-0.0192088
267.728,397.5,0.514552,0.51417,0.00289069,-0.0196273
268.594,397,0.516036,0.515647,-0.000782995,-0.0200144
269.46,396.5,0.517965,0.517553,-0.00426833,-0.0202128
270.326,396,0.521688,0.521278,-0.006904,-0.019503
271.192,395.5,0.525459,0.525033,-0.00951038,-0.0188806
272.058,395,0.529149,0.528696,-0.0120593,-0.0182718
272.924,394.5,0.530839,0.530379,-0.0142721,-0.0168722
273.79,394,0.532442,0.531952,-0.016664,-0.015601
274.656,393.5,0.53398,0.533437,-0.01924,-0.0144678
275.522,393,0.536141,0.535552,-0.0207236,-0.0142137
276.388,392.5,0.537972,0.537326,-0.0221527,-0.0142823
277.254,392,0.54095,0.540232,-0.023545,-0.0149143
278.12,391.5,0.543145,0.542376,-0.0249448,-0.0145774
278.986,391,0.544828,0.54401,-0.0265017,-0.0137515
279.852,390.5,0.54664,0.545754,-0.0282654,-0.0129855
280.718,390,0.549455,0.548504,-0.0295788,-0.0130039
281.584,389.5,0.552993,0.551996,-0.0304309,-0.0132468
282.45,389,0.555552,0.554507,-0.0313225,-0.0133786
283.316,388.5,0.557179,0.556103,-0.0321139,-0.0129174
284.182,388,0.55788,0.556838,-0.032265,-0.0109953
285.048,387.5,0.558537,0.557558,-0.0317487,-0.00916957
285.914,387,0.559007,0.558111,-0.0305481,-0.00825892
286.78,386.5,0.562628,0.561686,-0.0307328,-0.010745
287.646,386,0.56788,0.566861,-0.0316411,-0.012446
288.512,385.5,0.574044,0.572938,-0.0330589,-0.0132148
289.378,385,0.580101,0.578766,-0.0374939,-0.0119196
290.244,384.5,0.584517,0.582838,-0.0429332,-0.0108276
291.11,384,0.586076,0.584057,-0.0469955,-0.0124167
291.976,383.5,0.588571,0.586719,-0.0430415,-0.0179829
292.842,383,0.593508,0.591813,-0.041445,-0.0170853
293.708,382.5,0.600571,0.598963,-0.0428736,-0.00949626
294.574,382,0.612808,0.610978,-0.0473224,0.000441012
295.44,381.5,0.62962,0.627598,-0.0487742,0.012774
296.306,381,0.654132,0.651808,-0.0499163,0.0233078
297.172,380.5,0.676558,0.673515,-0.0545038,0.0337208
298.038,380,0.697227,0.693671,-0.0548742,0.0439937
298.905,379.5,0.713703,0.70996,-0.0490866,0.0540397
299.771,379,0.724034,0.720511,-0.0416177,0.0579402
300.637,378.5,0.726956,0.723897,-0.0433279,0.0506055
301.503,378,0.730122,0.727482,-0.0443927,0.0433348
302.369,377.5,0.737635,0.735188,-0.0442509,0.0405727
303.235,377,0.752822,0.749724,-0.0503633,0.0460204
304.101,376.5,0.768156,0.764058,-0.0592669,0.0525996
304.967,376,0.783513,0.778199,-0.0680905,0.0605203
305.833,375.5,0.788264,0.783481,-0.0477002,0.0723967
306.699,375,0.791108,0.786058,-0.032283,0.0832077
307.565,374.5,0.792086,0.786314,-0.0221397,0.0928441
308.431,374,0.792581,0.786063,-0.021629,0.0991013
309.297,373.5,0.797314,0.790043,-0.0206812,0.105424
310.163,373,0.80932,0.800948,-0.0197743,0.114411
311.029,372.5,0.825476,0.815701,-0.0208314,0.124935
311.895,372,0.841712,0.83062,-0.0228496,0.13427
312.761,371.5,0.858152,0.845806,-0.0256125,0.142764
313.627,371,0.873639,0.860327,-0.0304567,0.148843
314.493,370.5,0.88842,0.87419,-0.0369411,0.154004
315.359,370,0.893896,0.879642,-0.0429033,0.153101
316.225,369.5,0.895462,0.882117,-0.0489726,0.146022
317.091,369,0.891786,0.880275,-0.0543693,0.132072
317.957,368.5,0.884346,0.874772,-0.0599448,0.115107
318.823,368,0.872992,0.86546,-0.0648572,0.0942779
319.689,367.5,0.8591,0.853999,-0.0671112,0.0650715
320.555,367,0.845848,0.842614,-0.0667994,0.0315931
321.421,366.5,0.833367,0.830938,-0.0635702,-0.00138232
322.287,366,0.822116,0.819757,-0.0567159,-0.0256012
323.153,365.5,0.811169,0.808386,-0.0486764,-0.0462356
324.019,365,0.79983,0.796407,-0.0383737,-0.063183
324.885,364.5,0.786834,0.782851,-0.0110618,-0.0782963
325.751,364,0.775601,0.76996,0.0174251,-0.0917355
326.617,363.5,0.766201,0.757719,0.0470717,-0.103492
327.483,363,0.760754,0.749178,0.0792174,-0.10585
328.349,362.5,0.757374,0.741793,0.11228,-0.103688
329.215,362,0.745741,0.72933,0.12867,-0.0874715
330.081,361.5,0.730672,0.718304,0.111661,-0.0738421
330.947,361,0.719858,0.710796,0.0927998,-0.065971
331.813,360.5,0.714006,0.706702,0.0824223,-0.0598693
332.679,360,0.714149,0.707091,0.0779781,-0.0628575
333.546,359.5,0.71629,0.708826,0.0745366,-0.0712855
334.412,359,0.714796,0.709306,0.0567915,-0.0677732
335.278,358.5,0.719714,0.715636,0.0437717,-0.0627529
336.144,358,0.716339,0.712077,0.0463847,-0.0627391
337.01,357.5,0.695882,0.689086,0.06043,-0.0758946
337.876,357,0.658832,0.646301,0.0868512,-0.0938658
338.742,356.5,0.625909,0.609472,0.116247,-0.0824177
339.608,356,0.602161,0.580989,0.13774,-0.0779607
340.474,355.5,0.579213,0.552417,0.154154,-0.0809877
341.34,355,0.53583,0.504988,0.159422,-0.0817665
342.206,354.5,0.481083,0.445237,0.166018,-0.0751217
343.072,354,0.423222,0.381363,0.172542,-0.0625194
343.938,353.5,0.402119,0.355628,0.16742,-0.0848477
344.804,353,0.378391,0.319319,0.169464,-0.111792
345.67,352.5,0.35364,0.270633,0.179831,-0.139571
346.536,352,0.314384,0.191166,0.217075,-0.123172
347.402,351.5,0.241532,0.103935,0.209946,-0.0588034
348.268,351,0.24501,0.027374,0.243408,0.00576155
349.134,350.5,0.336438,-0.0343218,0.318718,0.102134
350,350,0.356737,-0.123614,0.303502,0.140952
350.866,349.5,0.340883,-0.231477,0.236316,0.0823071
351.732,349,0.281845,-0.194008,0.201752,-0.0330676
352.598,348.5,0.322352,-0.154666,0.234671,-0.157856
353.464,348,0.399875,-0.138852,0.26677,-0.263542
354.33,347.5,0.422108,-0.166243,0.218813,-0.320405
355.196,347,0.446604,-0.179375,0.193267,-0.360455
356.062,346.5,0.484705,-0.181157,0.217027,-0.393726
356.928,346,0.519153,-0.166257,0.211823,-0.443857
357.794,345.5,0.546968,-0.148401,0.20373,-0.485433
358.66,345,0.539675,-0.118837,0.155956,-0.502797
359.526,344.5,0.552838,-0.0873684,0.155629,-0.523237
360.392,344,0.55902,-0.0598457,0.159402,-0.532459
361.258,343.5,0.564359,-0.0124257,0.162733,-0.540245
362.124,343,0.567787,0.0589581,0.153918,-0.543337
362.99,342.5,0.585389,0.112553,0.144561,-0.555981
363.856,342,0.607768,0.156299,0.14388,-0.569431
364.722,341.5,0.628252,0.198003,0.146222,-0.578026
365.588,341,0.612587,0.233851,0.157506,-0.543846
366.454,340.5,0.577883,0.268022,0.171544,-0.482375
367.321,340,0.573378,0.305855,0.181053,-0.449928
368.187,339.5,0.563613,0.341,0.185936,-0.40842
369.053,339,0.535608,0.367892,0.17933,-0.345502
369.919,338.5,0.555296,0.443407,0.185297,-0.278225
370.785,338,0.508411,0.419442,0.164977,-0.23523
371.651,337.5,0.44612,0.361358,0.138871,-0.221716
372.517,337,0.386126,0.277161,0.117508,-0.2418
373.383,336.5,0.347052,0.225929,0.136711,-0.225192
374.249,336,0.333476,0.211765,0.157675,-0.203716
375.115,335.5,0.352573,0.264061,0.154687,-0.175076
375.981,335,0.342509,0.280312,0.142018,-0.136265
376.847,334.5,0.330377,0.273857,0.141963,-0.118314
377.713,334,0.427683,0.385432,0.119404,-0.141766
378.579,333.5,0.429895,0.390778,0.111434,-0.140301
379.445,333,0.420995,0.397804,0.121246,-0.0654813
380.311,332.5,0.425371,0.40327,0.131904,0.0302585
381.177,332,0.448857,0.407028,0.142854,0.124071
382.043,331.5,0.455765,0.415691,0.153911,0.10599
382.909,331,0.459526,0.428404,0.160037,0.0449676
383.775,330.5,0.471309,0.442486,0.161657,-0.014321
384.641,330,0.484486,0.454964,0.129537,-0.104663
385.507,329.5,0.513125,0.453692,0.0760677,-0.227321
386.373,329,0.5645,0.459362,0.0253769,-0.327111
387.239,328.5,0.636402,0.492117,-0.0288826,-0.402485
388.105,328,0.743022,0.575878,-0.0781402,-0.46297
388.971,327.5,0.812335,0.618106,-0.136898,-0.50901
389.837,327,0.902318,0.681426,-0.173575,-0.565427
390.703,326.5,0.963306,0.746616,-0.194377,-0.576836
391.569,326,1.02296,0.807269,-0.212751,-0.59118
392.435,325.5,1.08201,0.862625,-0.227087,-0.612424
393.301,325,1.09264,0.892079,-0.200394,-0.598242
394.167,324.5,1.11649,0.93698,-0.171468,-0.582415
395.033,324,1.15349,0.995561,-0.141446,-0.565152
395.899,323.5,1.15024,0.999928,-0.121423,-0.555385
396.765,323,1.17119,1.03682,-0.097242,-0.535961
397.631,322.5,1.13942,1.0177,-0.0702802,-0.507567
398.497,322,1.0839,0.973266,-0.0420336,-0.475202
399.363,321.5,1.02682,0.933172,-0.0207856,-0.427922
400.229,321,0.966085,0.887112,-0.00233514,-0.382555
401.095,320.5,0.910128,0.843242,0.00996759,-0.342311
401.962,320,0.887623,0.829041,-0.00848692,-0.317008
402.828,319.5,0.861104,0.808582,-0.0546098,-0.291054
403.694,319,0.85151,0.787629,-0.144477,-0.289545
404.56,318.5,0.908189,0.816427,-0.221473,-0.33046
405.426,318,0.973394,0.848117,-0.254304,-0.404379
406.292,317.5,0.992879,0.86376,-0.276726,-0.403919
407.158,317,1.03525,0.915583,-0.302962,-0.376389
408.024,316.5,1.04004,0.948128,-0.282189,-0.321115
408.89,316,1.05672,0.984467,-0.245749,-0.295121
409.756,315.5,1.05223,0.99636,-0.222163,-0.25516
410.622,315,1.04739,1.00733,-0.231,-0.170155
411.488,314.5,1.07581,1.04252,-0.261197,-0.0479047
412.354,314,1.09354,1.05536,-0.279011,0.0647292
413.22,313.5,1.13471,1.06972,-0.338898,0.168566
414.086,313,1.19774,1.11409,-0.378847,0.223294
414.952,312.5,1.23286,1.12095,-0.444446,0.256685
415.818,312,1.25306,1.1343,-0.480225,0.230015
416.684,311.5,1.23177,1.13078,-0.473736,0.118966
417.55,311,1.2168,1.1387,-0.424855,-0.0587861
418.416,310.5,1.20546,1.07986,-0.334691,-0.418355
419.282,310,1.34955,1.05952,-0.281376,-0.787092
420.148,309.5,1.63111,1.01744,-0.323534,-1.23315
421.014,309,1.99611,1.02098,-0.435503,-1.65903
421.88,308.5,2.41113,1.05397,-0.553756,-2.09667
422.746,308,2.78458,1.23447,-0.573907,-2.42911
423.612,307.5,3.08285,1.49179,-0.550587,-2.6411
424.478,307,3.37048,1.77424,-0.641069,-2.79307
425.344,306.5,3.46226,2.00165,-0.652843,-2.74854
426.21,306,3.50849,2.1398,-0.689284,-2.69364
427.076,305.5,3.46777,2.21817,-0.680762,-2.57716
427.942,305,3.36445,2.34438,-0.44103,-2.37253
428.808,304.5,3.2988,2.47823,-0.167015,-2.17084
429.674,304,3.32445,2.62355,0.0561284,-2.04104
430.54,303.5,3.41006,2.70637,0.139859,-2.06991
431.406,303,3.53499,2.74306,0.106241,-2.22721
432.272,302.5,3.5397,2.60958,-0.0689802,-2.39056
433.138,302,3.42371,2.3198,-0.235077,-2.50699
434.004,301.5,3.25209,1.91752,-0.364027,-2.60129
434.87,301,2.73331,1.48977,-0.364262,-2.2625
435.737,300.5,2.18844,1.23252,-0.302755,-1.78284
436.603,300,1.62574,1.18074,-0.151428,-1.10724
437.469,299.5,1.38032,1.24582,-0.0407234,-0.592935
438.335,299,1.32296,1.3083,0.126636,-0.150211
439.201,298.5,1.30998,1.28405,0.254281,0.0510183
440.067,298,1.13959,1.12916,0.117624,0.0991995
440.933,297.5,1.08771,1.06494,0.124429,0.183118
441.799,297,1.0272,0.986561,0.127882,0.255885
442.665,296.5,0.952611,0.91303,0.11319,0.247049
443.531,296,0.880079,0.842008,0.0949377,0.237801
444.397,295.5,0.819397,0.778604,0.073477,0.244516
445.263,295,0.815779,0.771947,0.0478122,0.259436
446.129,294.5,0.815998,0.765402,0.0224793,0.281972
446.995,294,0.820645,0.758967,-0.00252148,0.312124
447.861,293.5,0.808018,0.748095,-0.0032317,0.305347
448.727,293,0.790898,0.733725,-0.00288328,0.295228
449.593,292.5,0.771128,0.716155,-0.00394761,0.28591
450.459,292,0.752019,0.700761,-0.00303478,0.272867
451.325,291.5,0.735121,0.687156,0.000603717,0.261189
452.191,291,0.718203,0.672797,0.00455757,0.251274
453.057,290.5,0.703119,0.66048,0.000605709,0.241128
453.923,290,0.691281,0.65128,-0.00342369,0.231715
454.789,289.5,0.680802,0.643108,-0.00233496,0.22338
455.655,289,0.674272,0.637708,-0.00338334,0.218996
456.521,288.5,0.671269,0.634504,-0.0127708,0.218735
457.387,288,0.66801,0.628968,-0.0240909,0.223732
458.253,287.5,0.669082,0.627571,-0.0324288,0.229727
459.119,287,0.675005,0.632215,-0.0379781,0.233438
459.985,286.5,0.681497,0.638165,-0.0427129,0.235287
460.851,286,0.688189,0.644874,-0.0454599,0.235955
461.717,285.5,0.694916,0.650379,-0.0399218,0.241498
462.583,285,0.703295,0.657447,-0.03575,0.247203
463.449,284.5,0.711123,0.664212,-0.0339904,0.251721
464.315,284,0.716535,0.669606,-0.0308035,0.253184
465.181,283.5,0.722795,0.676051,-0.029502,0.254001
466.047,283,0.729995,0.683616,-0.0301957,0.254262
466.913,282.5,0.733478,0.68749,-0.0263913,0.254266
467.779,282,0.735786,0.690379,-0.0219047,0.253531
468.645,281.5,0.738108,0.693444,-0.017919,0.252225
469.512,281,0.738446,0.695024,-0.0140449,0.249093
470.378,280.5,0.737768,0.695837,-0.00990056,0.244978
471.244,280,0.738386,0.698292,-0.00561544,0.23994
472.11,279.5,0.737905,0.699872,-0.00214977,0.233835
472.976,279,0.735044,0.699019,0.00117016,0.227292
473.842,278.5,0.731829,0.697704,0.00523193,0.220805
474.708,278,0.728159,0.695809,0.00868323,0.214455
475.574,277.5,0.723985,0.693315,0.00978461,0.208261
476.44,277,0.720317,0.691379,0.010593,0.201841
477.306,276.5,0.716685,0.68937,0.0112539,0.195651
478.172,276,0.713634,0.687731,0.0103475,0.190244
479.038,275.5,0.710439,0.685913,0.00941857,0.184819
