x,v,vx,vy,vz
220.096,425,0.654424,0.654424,1.27629e-06,5.08362e-06
220.962,424.5,0.654424,0.654424,1.24716e-06,5.01373e-06
221.828,424,0.654423,0.654423,1.21801e-06,4.94428e-06
222.694,423.5,0.654423,0.654423,1.18865e-06,4.87527e-06
223.56,423,0.654422,0.654422,1.16583e-06,4.80674e-06
224.426,422.5,0.654422,0.654422,1.14479e-06,4.73878e-06
225.292,422,0.654422,0.654422,1.12317e-06,4.67237e-06
226.158,421.5,0.654421,0.654421,1.10286e-06,4.60665e-06
227.024,421,0.654421,0.654421,1.08341e-06,4.54148e-06
227.89,420.5,0.65442,0.65442,1.06401e-06,4.47685e-06
228.756,420,0.65442,0.65442,1.04916e-06,4.41263e-06
229.622,419.5,0.65442,0.65442,1.03882e-06,4.34892e-06
230.488,419,0.654419,0.654419,1.02886e-06,4.28589e-06
231.355,418.5,0.654419,0.654419,1.01841e-06,4.2234e-06
232.221,418,0.654418,0.654418,1.00637e-06,4.16143e-06
233.087,417.5,0.654418,0.654418,9.9413e-07,4.10001e-06
233.953,417,0.654418,0.654418,9.82557e-07,4.03911e-06
234.819,416.5,0.654417,0.654417,9.74655e-07,3.97891e-06
235.685,416,0.654417,0.654417,9.66586e-07,3.91922e-06
236.551,415.5,0.654417,0.654417,9.58242e-07,3.86002e-06
237.417,415,0.654416,0.654416,9.4669e-07,3.80139e-06
238.283,414.5,0.654416,0.654416,9.35437e-07,3.74324e-06
239.149,414,0.654416,0.654416,9.24273e-07,3.68554e-06
240.015,413.5,0.654415,0.654415,9.23646e-07,3.62842e-06
240.881,413,0.654415,0.654415,9.24722e-07,3.57171e-06
241.747,412.5,0.654415,0.654415,9.25965e-07,3.51542e-06
242.613,412,0.654415,0.654415,9.2619e-07,3.45953e-06
243.479,411.5,0.654414,0.654414,9.25704e-07,3.4041e-06
244.345,411,0.654414,0.654414,9.25543e-07,3.34966e-06
245.211,410.5,0.654414,0.654414,9.26564e-07,3.29567e-06
246.077,410,0.654413,0.654413,9.28002e-07,3.24214e-06
246.943,409.5,0.654413,0.654413,9.29083e-07,3.18906e-06
247.809,409,0.654413,0.654413,9.30862e-07,3.13636e-06
248.675,408.5,0.654413,0.654413,9.34153e-07,3.08416e-06
249.541,408,0.654412,0.654412,9.3728e-07,3.03246e-06
250.407,407.5,0.654412,0.654412,9.41927e-07,2.98116e-06
251.273,407,0.654412,0.654412,9.52029e-07,2.9303e-06
252.139,406.5,0.654412,0.654412,9.62309e-07,2.87993e-06
253.005,406,0.654411,0.654411,9.72806e-07,2.83007e-06
253.871,405.5,0.654411,0.654411,9.83967e-07,2.78083e-06
254.737,405,0.654411,0.654411,9.95142e-07,2.73203e-06
255.603,404.5,0.654411,0.654411,1.00633e-06,2.68368e-06
256.469,404,0.65441,0.65441,1.00794e-06,2.63566e-06
257.335,403.5,0.65441,0.65441,1.00875e-06,2.5881e-06
258.201,403,0.65441,0.65441,1.00985e-06,2.54089e-06
259.067,402.5,0.65441,0.65441,1.01426e-06,2.49401e-06
259.933,402,0.654409,0.654409,1.01939e-06,2.44765e-06
260.799,401.5,0.654409,0.654409,1.02433e-06,2.4018e-06
261.665,401,0.654409,0.654409,1.02918e-06,2.35641e-06
262.531,400.5,0.654409,0.654409,1.03429e-06,2.31145e-06
263.397,400,0.654408,0.654408,1.03951e-06,2.26715e-06
264.263,399.5,0.654408,0.654408,1.04447e-06,2.22333e-06
265.13,399,0.654408,0.654408,1.04947e-06,2.18e-06
265.996,398.5,0.654408,0.654408,1.05482e-06,2.13713e-06
266.862,398,0.654407,0.654407,1.05717e-06,2.09479e-06
267.728,397.5,0.654407,0.654407,1.05127e-06,2.05303e-06
268.594,397,0.654407,0.654407,1.04529e-06,2.01169e-06
269.46,396.5,0.654406,0.654406,1.03857e-06,1.97074e-06
270.326,396,0.654406,0.654406,1.02638e-06,1.93015e-06
271.192,395.5,0.654406,0.654406,1.01401e-06,1.88996e-06
272.058,395,0.654406,0.654406,1.00158e-06,1.85011e-06
272.924,394.5,0.654405,0.654405,9.93191e-07,1.81057e-06
273.79,394,0.654405,0.654405,9.84591e-07,1.77148e-06
274.656,393.5,0.654405,0.654405,9.75723e-07,1.73283e-06
275.522,393,0.654405,0.654405,9.66529e-07,1.69456e-06
276.388,392.5,0.654404,0.654404,9.57327e-07,1.6567e-06
277.254,392,0.654404,0.654404,9.48096e-07,1.61895e-06
278.12,391.5,0.654404,0.654404,9.34614e-07,1.58148e-06
278.986,391,0.654404,0.654404,9.19247e-07,1.54448e-06
279.852,390.5,0.654403,0.654403,9.04073e-07,1.50798e-06
280.718,390,0.654403,0.654403,8.90041e-07,1.47201e-06
281.584,389.5,0.654403,0.654403,8.76872e-07,1.43654e-06
282.45,389,0.654403,0.654403,8.63707e-07,1.40152e-06
283.316,388.5,0.654402,0.654402,8.50936e-07,1.36694e-06
284.182,388,0.654402,0.654402,8.38825e-07,1.33276e-06
285.048,387.5,0.654402,0.654402,8.26637e-07,1.29902e-06
285.914,387,0.654402,0.654402,8.14363e-07,1.26571e-06
286.78,386.5,0.654401,0.654401,8.02097e-07,1.23282e-06
287.646,386,0.654401,0.654401,7.89745e-07,1.2004e-06
288.512,385.5,0.654401,0.654401,7.77041e-07,1.16846e-06
289.378,385,0.654401,0.654401,7.58449e-07,1.137e-06
290.244,384.5,0.654401,0.654401,7.4e-07,1.10594e-06
291.11,384,0.6544,0.6544,7.21611e-07,1.07523e-06
291.976,383.5,0.6544,0.6544,6.98626e-07,1.04498e-06
292.842,383,0.6544,0.6544,6.75196e-07,1.01517e-06
293.708,382.5,0.6544,0.6544,6.51917e-07,9.85797e-07
294.574,382,0.654399,0.654399,6.30084e-07,9.56958e-07
295.44,381.5,0.654399,0.654399,6.08576e-07,9.28602e-07
296.306,381,0.654399,0.654399,5.87049e-07,9.00612e-07
297.172,380.5,0.654399,0.654399,5.64914e-07,8.7308e-07
298.038,380,0.654399,0.654399,5.42152e-07,8.45996e-07
298.905,379.5,0.654398,0.654398,5.19231e-07,8.19314e-07
299.771,379,0.654398,0.654398,4.98741e-07,7.93103e-07
300.637,378.5,0.654398,0.654398,4.82076e-07,7.67404e-07
301.503,378,0.654398,0.654398,4.65472e-07,7.42098e-07
302.369,377.5,0.654398,0.654398,4.48767e-07,7.1719e-07
303.235,377,0.654398,0.654398,4.32129e-07,6.92673e-07
304.101,376.5,0.654397,0.654397,4.15523e-07,6.68547e-07
304.967,376,0.654397,0.654397,3.99851e-07,6.44808e-07
305.833,375.5,0.654397,0.654397,3.92604e-07,6.2147e-07
306.699,375,0.654397,0.654397,3.85439e-07,5.9855e-07
307.565,374.5,0.654397,0.654397,3.78357e-07,5.76044e-07
308.431,374,0.654397,0.654397,3.70577e-07,5.54003e-07
309.297,373.5,0.654397,0.654397,3.62645e-07,5.32404e-07
310.163,373,0.654396,0.654396,3.54582e-07,5.11259e-07
311.029,372.5,0.654396,0.654396,3.4626e-07,4.90554e-07
311.895,372,0.654396,0.654396,3.37865e-07,4.70271e-07
312.761,371.5,0.654396,0.654396,3.29456e-07,4.50412e-07
313.627,371,0.654396,0.654396,3.2014e-07,4.30973e-07
314.493,370.5,0.654396,0.654396,3.10465e-07,4.11945e-07
315.359,370,0.654396,0.654396,3.008e-07,3.93407e-07
316.225,369.5,0.654396,0.654396,2.93054e-07,3.75321e-07
317.091,369,0.654396,0.654396,2.87617e-07,3.57658e-07
317.957,368.5,0.654395,0.654395,2.82273e-07,3.40385e-07
318.823,368,0.654395,0.654395,2.7623e-07,3.23517e-07
319.689,367.5,0.654395,0.654395,2.68416e-07,3.07107e-07
320.555,367,0.654395,0.654395,2.60673e-07,2.91132e-07
321.421,366.5,0.654395,0.654395,2.5313e-07,2.75586e-07
322.287,366,0.654395,0.654395,2.46069e-07,2.60532e-07
323.153,365.5,0.654395,0.654395,2.3892e-07,2.45911e-07
324.019,365,0.654395,0.654395,2.31683e-07,2.31721e-07
324.885,364.5,0.654395,0.654395,2.22333e-07,2.17952e-07
325.751,364,0.654395,0.654395,2.1291e-07,2.04586e-07
326.617,363.5,0.654395,0.654395,2.03424e-07,1.91622e-07
327.483,363,0.654395,0.654395,1.9705e-07,1.79067e-07
328.349,362.5,0.654395,0.654395,1.91335e-07,1.66927e-07
329.215,362,0.654394,0.654394,1.85701e-07,1.55184e-07
330.081,361.5,0.654394,0.654394,1.79699e-07,1.4384e-07
330.947,361,0.654394,0.654394,1.73534e-07,1.32896e-07
331.813,360.5,0.654394,0.654394,1.67379e-07,1.2235e-07
332.679,360,0.654394,0.654394,1.61272e-07,1.12186e-07
333.546,359.5,0.654394,0.654394,1.55176e-07,1.0241e-07
334.412,359,0.654394,0.654394,1.49039e-07,9.30308e-08
335.278,358.5,0.654394,0.654394,1.43695e-07,8.4067e-08
336.144,358,0.654394,0.654394,1.39657e-07,7.55262e-08
337.01,357.5,0.654394,0.654394,1.35595e-07,6.74103e-08
337.876,357,0.654394,0.654394,1.32391e-07,5.97144e-08
338.742,356.5,0.654394,0.654394,1.32503e-07,5.23759e-08
339.608,356,0.654394,0.654394,1.32585e-07,4.54345e-08
340.474,355.5,0.654394,0.654394,1.32791e-07,3.89086e-08
341.34,355,0.654394,0.654394,1.35566e-07,3.27863e-08
342.206,354.5,0.654394,0.654394,1.38379e-07,2.70681e-08
343.072,354,0.654394,0.654394,1.41231e-07,2.17552e-08
343.938,353.5,0.654394,0.654394,1.39344e-07,1.68798e-08
344.804,353,0.654394,0.654394,1.36894e-07,1.24124e-08
345.67,352.5,0.654394,0.654394,1.3445e-07,8.35009e-09
346.536,352,0.654394,0.654394,1.34325e-07,4.69084e-09
347.402,351.5,0.654394,0.654394,1.35013e-07,1.45321e-09
348.268,351,0.654394,0.654394,1.35709e-07,-1.33895e-09
349.134,350.5,0.654394,0.654394,1.37673e-07,-3.71721e-09
350,350,0.654394,0.654394,1.40556e-07,-5.67178e-09
350.866,349.5,0.654394,0.654394,1.4344e-07,-7.1943e-09
351.732,349,0.654394,0.654394,1.47269e-07,-8.2946e-09
352.598,348.5,0.654394,0.654394,1.52387e-07,-8.9707e-09
353.464,348,0.654394,0.654394,1.57482e-07,-9.18417e-09
354.33,347.5,0.654394,0.654394,1.61386e-07,-8.96981e-09
355.196,347,0.654394,0.654394,1.61979e-07,-8.34171e-09
356.062,346.5,0.654394,0.654394,1.62562e-07,-7.30212e-09
356.928,346,0.654394,0.654394,1.62555e-07,-5.84847e-09
357.794,345.5,0.654393,0.654393,1.57678e-07,-3.96246e-09
358.66,345,0.654393,0.654393,1.52807e-07,-1.66469e-09
359.526,344.5,0.654393,0.654393,1.47949e-07,1.04523e-09
360.392,344,0.654393,0.654393,1.40565e-07,4.17405e-09
361.258,343.5,0.654393,0.654393,1.33067e-07,7.71598e-09
362.124,343,0.654393,0.654393,1.25585e-07,1.16484e-08
362.99,342.5,0.654393,0.654393,1.15609e-07,1.58901e-08
363.856,342,0.654393,0.654393,1.05018e-07,2.05229e-08
364.722,341.5,0.654393,0.654393,9.44722e-08,2.55602e-08
365.588,341,0.654393,0.654393,8.2556e-08,3.0985e-08
366.454,340.5,0.654393,0.654393,6.98068e-08,3.68085e-08
367.321,340,0.654393,0.654393,5.71598e-08,4.30905e-08
368.187,339.5,0.654393,0.654393,4.46975e-08,4.97956e-08
369.053,339,0.654393,0.654393,3.23188e-08,5.6899e-08
369.919,338.5,0.654393,0.654393,1.98325e-08,6.43987e-08
370.785,338,0.654393,0.654393,7.72856e-09,7.22827e-08
371.651,337.5,0.654393,0.654393,-3.3494e-09,8.05411e-08
372.517,337,0.654393,0.654393,-1.4468e-08,8.92255e-08
373.383,336.5,0.654393,0.654393,-2.5823e-08,9.835e-08
374.249,336,0.654393,0.654393,-3.81011e-08,1.07923e-07
375.115,335.5,0.654393,0.654393,-5.0338e-08,1.17933e-07
375.981,335,0.654393,0.654393,-6.25618e-08,1.2838e-07
376.847,334.5,0.654393,0.654393,-8.05807e-08,1.39048e-07
377.713,334,0.654393,0.654393,-9.85129e-08,1.50117e-07
378.579,333.5,0.654393,0.654393,-1.16348e-07,1.61598e-07
379.445,333,0.654393,0.654393,-1.39928e-07,1.73514e-07
380.311,332.5,0.654393,0.654393,-1.64573e-07,1.8584e-07
381.177,332,0.654393,0.654393,-1.89198e-07,1.98605e-07
382.043,331.5,0.654393,0.654393,-2.13311e-07,2.11904e-07
382.909,331,0.654393,0.654393,-2.37298e-07,2.2562e-07
383.775,330.5,0.654393,0.654393,-2.61367e-07,2.39721e-07
384.641,330,0.654393,0.654393,-2.87542e-07,2.54251e-07
385.507,329.5,0.654394,0.654394,-3.1546e-07,2.69215e-07
386.373,329,0.654394,0.654394,-3.43372e-07,2.84678e-07
387.239,328.5,0.654394,0.654394,-3.68089e-07,3.00602e-07
388.105,328,0.654394,0.654394,-3.87407e-07,3.17028e-07
388.971,327.5,0.654394,0.654394,-4.06676e-07,3.3386e-07
389.837,327,0.654394,0.654394,-4.25746e-07,3.51098e-07
390.703,326.5,0.654394,0.654394,-4.44317e-07,3.68763e-07
391.569,326,0.654394,0.654394,-4.6284e-07,3.86832e-07
392.435,325.5,0.654394,0.654394,-4.80618e-07,4.0527e-07
393.301,325,0.654394,0.654394,-4.88381e-07,4.24104e-07
394.167,324.5,0.654394,0.654394,-4.9622e-07,4.43337e-07
395.033,324,0.654395,0.654395,-5.04129e-07,4.62969e-07
395.899,323.5,0.654395,0.654395,-5.07399e-07,4.83019e-07
396.765,323,0.654395,0.654395,-5.10363e-07,5.03488e-07
397.631,322.5,0.654395,0.654395,-5.1352e-07,5.24373e-07
398.497,322,0.654395,0.654395,-5.14528e-07,5.45642e-07
399.363,321.5,0.654395,0.654395,-5.1463e-07,5.67336e-07
400.229,321,0.654395,0.654395,-5.14651e-07,5.89447e-07
401.095,320.5,0.654395,0.654395,-5.16691e-07,6.11972e-07
401.962,320,0.654396,0.654396,-5.20003e-07,6.34929e-07
402.828,319.5,0.654396,0.654396,-5.23213e-07,6.58325e-07
403.694,319,0.654396,0.654396,-5.25567e-07,6.82132e-07
404.56,318.5,0.654396,0.654396,-5.2695e-07,7.06292e-07
405.426,318,0.654396,0.654396,-5.28232e-07,7.30806e-07
406.292,317.5,0.654396,0.654396,-5.30254e-07,7.55764e-07
407.158,317,0.654397,0.654397,-5.34726e-07,7.8118e-07
408.024,316.5,0.654397,0.654397,-5.39194e-07,8.07019e-07
408.89,316,0.654397,0.654397,-5.43798e-07,8.33299e-07
409.756,315.5,0.654397,0.654397,-5.49504e-07,8.60151e-07
410.622,315,0.654397,0.654397,-5.55345e-07,8.87408e-07
411.488,314.5,0.654397,0.654397,-5.61314e-07,9.1506e-07
412.354,314,0.654398,0.654398,-5.6937e-07,9.43221e-07
413.22,313.5,0.654398,0.654398,-5.77371e-07,9.71794e-07
414.086,313,0.654398,0.654398,-5.85236e-07,1.00079e-06
414.952,312.5,0.654398,0.654398,-5.89415e-07,1.03045e-06
415.818,312,0.654398,0.654398,-5.92624e-07,1.06056e-06
416.684,311.5,0.654398,0.654398,-5.95765e-07,1.09109e-06
417.55,311,0.654399,0.654399,-5.97528e-07,1.12205e-06
418.416,310.5,0.654399,0.654399,-5.98804e-07,1.15341e-06
419.282,310,0.654399,0.654399,-6.00207e-07,1.18515e-06
420.148,309.5,0.654399,0.654399,-6.00489e-07,1.21727e-06
421.014,309,0.654399,0.654399,-5.99878e-07,1.24983e-06
421.88,308.5,0.6544,0.6544,-5.99435e-07,1.28284e-06
422.746,308,0.6544,0.6544,-5.96387e-07,1.31633e-06
423.612,307.5,0.6544,0.6544,-5.87684e-07,1.35032e-06
424.478,307,0.6544,0.6544,-5.79306e-07,1.38458e-06
425.344,306.5,0.654401,0.654401,-5.70078e-07,1.41926e-06
426.21,306,0.654401,0.654401,-5.54594e-07,1.45433e-06
427.076,305.5,0.654401,0.654401,-5.38881e-07,1.48983e-06
427.942,305,0.654401,0.654401,-5.22766e-07,1.52576e-06
428.808,304.5,0.654401,0.654401,-4.94668e-07,1.56201e-06
429.674,304,0.654402,0.654402,-4.66449e-07,1.59871e-06
430.54,303.5,0.654402,0.654402,-4.38106e-07,1.6359e-06
431.406,303,0.654402,0.654402,-4.21266e-07,1.6735e-06
432.272,302.5,0.654402,0.654402,-4.0652e-07,1.7115e-06
433.138,302,0.654402,0.654402,-3.91829e-07,1.74988e-06
434.004,301.5,0.654402,0.654402,-3.7693e-07,1.78865e-06
434.87,301,0.654403,0.654403,-3.6211e-07,1.82788e-06
435.737,300.5,0.654403,0.654403,-3.4733e-07,1.86754e-06
436.603,300,0.654403,0.654403,-3.35999e-07,1.90778e-06
437.469,299.5,0.654403,0.654403,-3.2748e-07,1.94861e-06
438.335,299,0.654403,0.654403,-3.19079e-07,1.99011e-06
439.201,298.5,0.654404,0.654404,-3.13957e-07,2.03208e-06
440.067,298,0.654404,0.654404,-3.13631e-07,2.0745e-06
440.933,297.5,0.654404,0.654404,-3.13152e-07,2.11732e-06
441.799,297,0.654404,0.654404,-3.16511e-07,2.16058e-06
442.665,296.5,0.654404,0.654404,-3.33541e-07,2.20447e-06
443.531,296,0.654404,0.654404,-3.50661e-07,2.24883e-06
444.397,295.5,0.654404,0.654404,-3.68585e-07,2.29365e-06
445.263,295,0.654405,0.654405,-3.98742e-07,2.33889e-06
446.129,294.5,0.654405,0.654405,-4.29114e-07,2.38456e-06
446.995,294,0.654405,0.654405,-4.59701e-07,2.43068e-06
447.861,293.5,0.654405,0.654405,-4.89395e-07,2.47715e-06
448.727,293,0.654405,0.654405,-5.19159e-07,2.52409e-06
449.593,292.5,0.654405,0.654405,-5.4911e-07,2.57151e-06
450.459,292,0.654406,0.654406,-5.79442e-07,2.61935e-06
451.325,291.5,0.654406,0.654406,-6.09631e-07,2.66769e-06
452.191,291,0.654406,0.654406,-6.39743e-07,2.71651e-06
453.057,290.5,0.654406,0.654406,-6.69394e-07,2.76563e-06
453.923,290,0.654406,0.654406,-6.9823e-07,2.8151e-06
454.789,289.5,0.654406,0.654406,-7.26729e-07,2.86506e-06
455.655,289,0.654407,0.654407,-7.52479e-07,2.91545e-06
456.521,288.5,0.654407,0.654407,-7.751e-07,2.96624e-06
457.387,288,0.654407,0.654407,-7.97864e-07,3.01776e-06
458.253,287.5,0.654407,0.654407,-8.19062e-07,3.06984e-06
459.119,287,0.654408,0.654408,-8.36907e-07,3.1224e-06
459.985,286.5,0.654408,0.654408,-8.54933e-07,3.17535e-06
460.851,286,0.654408,0.654408,-8.73925e-07,3.22871e-06
461.717,285.5,0.654408,0.654408,-8.98186e-07,3.28249e-06
462.583,285,0.654408,0.654408,-9.22257e-07,3.33675e-06
463.449,284.5,0.654409,0.654409,-9.46283e-07,3.3915e-06
464.315,284,0.654409,0.654409,-9.80929e-07,3.44699e-06
465.181,283.5,0.654409,0.654409,-1.01574e-06,3.50297e-06
466.047,283,0.654409,0.654409,-1.05038e-06,3.55946e-06
466.913,282.5,0.65441,0.65441,-1.10125e-06,3.61682e-06
467.779,282,0.65441,0.65441,-1.15555e-06,3.67461e-06
468.645,281.5,0.65441,0.65441,-1.20955e-06,3.73281e-06
469.512,281,0.65441,0.65441,-1.263e-06,3.79155e-06
470.378,280.5,0.654411,0.654411,-1.31653e-06,3.85093e-06
471.244,280,0.654411,0.654411,-1.37015e-06,3.91113e-06
472.11,279.5,0.654411,0.654411,-1.4291e-06,3.97202e-06
472.976,279,0.654412,0.654412,-1.49401e-06,4.03338e-06
473.842,278.5,0.654412,0.654412,-1.5594e-06,4.09516e-06
474.708,278,0.654412,0.654412,-1.61877e-06,4.15728e-06
475.574,277.5,0.654413,0.654413,-1.66531e-06,4.21976e-06
476.44,277,0.654413,0.654413,-1.71121e-06,4.28348e-06
477.306,276.5,0.654413,0.654413,-1.75709e-06,4.34776e-06
478.172,276,0.654414,0.654414,-1.80163e-06,4.41262e-06
479.038,275.5,0.654414,0.654414,-1.84587e-06,4.47805e-06
