x,v,vx,vy,vz
220.096,425,0.578149,0.576544,-0.00322411,-0.0429188
220.962,424.5,0.576308,0.574803,-0.00285346,-0.0415275
221.828,424,0.574405,0.572991,-0.0025521,-0.0402052
222.694,423.5,0.572448,0.571116,-0.00232256,-0.0389594
223.56,423,0.570067,0.568822,-0.00216438,-0.0375931
224.426,422.5,0.567546,0.566384,-0.00208511,-0.0362515
225.292,422,0.563907,0.562802,-0.0020011,-0.0352189
226.158,421.5,0.559416,0.558363,-0.00192333,-0.0342647
227.024,421,0.554348,0.553336,-0.00183766,-0.0334281
227.89,420.5,0.548876,0.547896,-0.00172822,-0.0327366
228.756,420,0.542775,0.541814,-0.00148138,-0.0322425
229.622,419.5,0.53704,0.536075,-0.00104352,-0.0321622
230.488,419,0.532029,0.531041,-0.000528741,-0.032402
231.355,418.5,0.526415,0.525395,4.12592e-05,-0.0327607
232.221,418,0.52017,0.519101,0.000719708,-0.0333191
233.087,417.5,0.513622,0.512494,0.00139997,-0.034
233.953,417,0.506801,0.505599,0.00206924,-0.034827
234.819,416.5,0.506378,0.505083,0.00251975,-0.036103
235.685,416,0.505952,0.504569,0.00288318,-0.0372714
236.551,415.5,0.50543,0.503964,0.00316898,-0.0383287
237.417,415,0.505199,0.503651,0.00354756,-0.0393594
238.283,414.5,0.505131,0.503505,0.00373468,-0.0403239
239.149,414,0.507497,0.505839,0.00367175,-0.0408268
240.015,413.5,0.512334,0.510725,0.00356198,-0.0404106
240.881,413,0.517126,0.515587,0.00341461,-0.0397179
241.747,412.5,0.521818,0.520364,0.00321794,-0.0387965
242.613,412,0.526613,0.525294,0.00322872,-0.0371023
243.479,411.5,0.53137,0.530198,0.00341855,-0.0351088
244.345,411,0.534835,0.533733,0.00428697,-0.0340477
245.211,410.5,0.537659,0.536646,0.00537878,-0.0325539
246.077,410,0.539759,0.538834,0.0066868,-0.0308688
246.943,409.5,0.541265,0.540407,0.00812368,-0.0293611
247.809,409,0.541876,0.54107,0.00971047,-0.0279088
248.675,408.5,0.539986,0.53921,0.011243,-0.0266692
249.541,408,0.5369,0.536128,0.0126598,-0.0258348
250.407,407.5,0.533468,0.532685,0.0140323,-0.025256
251.273,407,0.529085,0.528282,0.0152686,-0.0248153
252.139,406.5,0.52464,0.523801,0.0165562,-0.024605
253.005,406,0.519843,0.518959,0.017828,-0.0245116
253.871,405.5,0.512489,0.511613,0.0185834,-0.0235067
254.737,405,0.505242,0.504366,0.0194153,-0.0225224
255.603,404.5,0.498102,0.49722,0.0203238,-0.0215586
256.469,404,0.489887,0.48905,0.02037,-0.0201063
257.335,403.5,0.481588,0.480795,0.0204057,-0.0186159
258.201,403,0.473154,0.472385,0.0204407,-0.0175933
259.067,402.5,0.464404,0.463686,0.0197524,-0.0166027
259.933,402,0.455467,0.454804,0.0188836,-0.0156977
260.799,401.5,0.44639,0.445772,0.0180554,-0.0149987
261.665,401,0.436516,0.435928,0.0174848,-0.0144111
262.531,400.5,0.426201,0.425642,0.016901,-0.013806
263.397,400,0.416962,0.416451,0.0160037,-0.0130069
264.263,399.5,0.407818,0.407332,0.0158569,-0.0120522
265.13,399,0.39872,0.398222,0.0167462,-0.0107678
265.996,398.5,0.389973,0.38945,0.0177003,-0.00973142
266.862,398,0.38098,0.380413,0.0188226,-0.00876452
267.728,397.5,0.372249,0.371648,0.020112,-0.00652232
268.594,397,0.364435,0.363805,0.0211072,-0.0036474
269.46,396.5,0.357382,0.356728,0.0216024,-0.000277958
270.326,396,0.353209,0.352604,0.0201917,0.00439594
271.192,395.5,0.349754,0.349139,0.0186584,0.00904486
272.058,395,0.346932,0.346275,0.0166121,0.0133777
272.924,394.5,0.340028,0.33956,0.00764779,0.0161226
273.79,394,0.335219,0.334744,-0.000368725,0.017821
274.656,393.5,0.332495,0.3319,-0.00734855,0.0184735
275.522,393,0.323636,0.322845,-0.0117627,0.019316
276.388,392.5,0.307745,0.306548,-0.0172591,0.0209203
277.254,392,0.295432,0.293653,-0.024091,0.0216236
278.12,391.5,0.292824,0.28833,-0.0473284,0.0192788
278.986,391,0.284096,0.271243,-0.0837735,0.0109541
279.852,390.5,0.269875,0.238269,-0.126697,-0.00288945
280.718,390,0.259751,0.200171,-0.153951,0.0608368
281.584,389.5,0.314657,0.186525,-0.152955,0.202045
282.45,389,0.412562,0.196387,-0.120863,0.342099
283.316,388.5,0.498293,0.131238,-0.0668651,0.476027
284.182,388,0.556273,0.0996704,-0.0494115,0.545035
285.048,387.5,0.787821,-0.073947,0.0235054,0.78399
285.914,387,0.80641,-0.158894,0.053363,0.788798
286.78,386.5,0.806854,-0.241781,0.0862941,0.764924
287.646,386,0.605033,-0.20069,0.103904,0.561241
288.512,385.5,0.676899,-0.347274,0.188256,0.549684
289.378,385,0.635798,-0.417997,0.239146,0.415123
290.244,384.5,0.530314,-0.391742,0.253925,0.251582
291.11,384,0.474437,-0.368463,0.255919,0.154375
291.976,383.5,0.448005,-0.358586,0.245691,0.108446
292.842,383,0.346193,-0.280166,0.184191,0.0861987
293.708,382.5,0.31468,-0.263644,0.150653,0.0825766
294.574,382,0.30162,-0.242042,0.121771,0.132521
295.44,381.5,0.289851,-0.2117,0.0812098,0.180558
296.306,381,0.267742,-0.163735,0.0713374,0.199469
297.172,380.5,0.249989,-0.131206,0.0521796,0.206292
298.038,380,0.219826,-0.104679,0.030754,0.190841
298.905,379.5,0.185167,-0.0815598,0.0216783,0.164817
299.771,379,0.152379,-0.0555019,0.0469906,0.133906
300.637,378.5,0.146529,-0.00593861,0.098689,0.108148
301.503,378,0.165048,0.0577021,0.121404,0.0957717
302.369,377.5,0.201523,0.111691,0.135826,0.0984284
303.235,377,0.210905,0.122112,0.140292,0.0994367
304.101,376.5,0.189859,0.109489,0.130881,0.0832394
304.967,376,0.139016,0.0753566,0.10558,0.0499985
305.833,375.5,0.0832864,0.0790177,0.0263201,-0.000273245
306.699,375,0.119962,0.0978196,-0.058069,-0.0380823
307.565,374.5,0.205777,0.13044,-0.146319,-0.0626138
308.431,374,0.326034,0.214401,-0.23633,-0.0669214
309.297,373.5,0.449539,0.313967,-0.31546,-0.063203
310.163,373,0.558079,0.41336,-0.371038,-0.0540047
311.029,372.5,0.627628,0.501374,-0.376856,-0.0228232
311.895,372,0.68297,0.582718,-0.35616,0.00616866
312.761,371.5,0.729583,0.657169,-0.315801,0.0262541
313.627,371,0.750039,0.699324,-0.269964,0.0249776
314.493,370.5,0.746693,0.709774,-0.231302,0.0164696
315.359,370,0.721918,0.692111,-0.204844,0.0136865
316.225,369.5,0.705208,0.683046,-0.175147,0.00949842
317.091,369,0.693664,0.679093,-0.141404,0.00270951
317.957,368.5,0.690108,0.682242,-0.103828,-0.00394331
318.823,368,0.695138,0.690742,-0.0777567,-0.00673514
319.689,367.5,0.717902,0.709966,-0.10643,0.00208167
320.555,367,0.749642,0.736082,-0.141865,0.00465137
321.421,366.5,0.772847,0.754131,-0.168211,-0.0168376
322.287,366,0.752607,0.720765,-0.175034,-0.127586
323.153,365.5,0.761116,0.697771,-0.192718,-0.235104
324.019,365,0.794728,0.683377,-0.22032,-0.340658
324.885,364.5,0.796034,0.622803,-0.142621,-0.474811
325.751,364,0.942759,0.642176,-0.181308,-0.665982
326.617,363.5,0.989604,0.609643,-0.0636578,-0.776917
327.483,363,0.99487,0.531757,0.0800734,-0.837012
328.349,362.5,0.884432,0.455959,0.0838366,-0.753188
329.215,362,0.881779,0.430015,0.128866,-0.758957
330.081,361.5,0.846108,0.404808,0.13225,-0.731123
330.947,361,0.788335,0.382406,0.116959,-0.679381
331.813,360.5,0.724517,0.365931,0.101948,-0.616949
332.679,360,0.685425,0.381901,0.0655775,-0.565384
333.546,359.5,0.653192,0.401351,0.0255822,-0.514707
334.412,359,0.628079,0.398601,0.0126418,-0.485222
335.278,358.5,0.601933,0.382223,0.0175744,-0.464672
336.144,358,0.58117,0.363389,0.0245418,-0.452885
337.01,357.5,0.55519,0.335624,0.0314739,-0.441136
337.876,357,0.533075,0.306554,0.0427549,-0.434011
338.742,356.5,0.524882,0.298316,0.0411226,-0.429905
339.608,356,0.516147,0.30682,0.0164744,-0.414727
340.474,355.5,0.521381,0.338385,-0.0184638,-0.396224
341.34,355,0.594341,0.4195,-0.0419806,-0.418926
342.206,354.5,0.730811,0.531498,-0.047661,-0.499323
343.072,354,0.825001,0.622858,-0.0573086,-0.53795
343.938,353.5,0.924592,0.713663,-0.0671885,-0.583987
344.804,353,0.963245,0.756594,-0.0281131,-0.595498
345.67,352.5,0.999386,0.794669,0.0252019,-0.605508
346.536,352,1.0297,0.824782,0.0893974,-0.609939
347.402,351.5,1.00482,0.79523,0.186193,-0.585321
348.268,351,0.959171,0.736416,0.25944,-0.557129
349.134,350.5,0.852072,0.607977,0.294786,-0.519127
350,350,0.707125,0.445687,0.192186,-0.514251
350.866,349.5,0.623719,0.288702,0.187822,-0.52
351.732,349,0.596686,0.151237,0.167352,-0.552408
352.598,348.5,0.600014,0.0837458,0.12715,-0.580376
353.464,348,0.658666,-0.14977,0.0608239,-0.638522
354.33,347.5,0.556959,-0.0203798,0.0581291,-0.553542
355.196,347,0.369316,0.146932,0.064119,-0.332707
356.062,346.5,0.373746,0.366161,0.0749078,-0.000944727
356.928,346,0.694782,0.62573,0.0521875,0.297423
357.794,345.5,0.948957,0.800609,0.0159081,0.509207
358.66,345,1.06803,0.889689,-0.0070979,0.590838
359.526,344.5,1.16538,0.969366,-0.0267211,0.646322
360.392,344,1.16571,0.985627,-0.0411944,0.621072
361.258,343.5,1.14277,0.982543,-0.0486715,0.581514
362.124,343,1.1019,0.96226,-0.0507491,0.534483
362.99,342.5,1.08314,0.954328,-0.0488677,0.509953
363.856,342,1.06865,0.948405,-0.0480372,0.490129
364.722,341.5,1.05209,0.939675,-0.0498568,0.470547
365.588,341,1.03441,0.9277,-0.0616952,0.453409
366.454,340.5,1.02345,0.920827,-0.0774065,0.43993
367.321,340,1.01772,0.919579,-0.0847816,0.427716
368.187,339.5,1.01214,0.917855,-0.0839375,0.418231
369.053,339,1.00512,0.915345,-0.0770287,0.408015
369.919,338.5,0.998039,0.91311,-0.0712126,0.396535
370.785,338,0.990323,0.910042,-0.0649652,0.385152
371.651,337.5,0.982634,0.905008,-0.0505219,0.379442
372.517,337,0.97417,0.897118,-0.0284253,0.378654
373.383,336.5,0.964548,0.886976,-0.00750667,0.378908
374.249,336,0.96373,0.887693,0.00127464,0.375202
375.115,335.5,0.96585,0.89172,0.00763607,0.371002
375.981,335,0.970888,0.899044,0.0116312,0.366343
376.847,334.5,0.965354,0.8928,0.0215793,0.36654
377.713,334,0.95813,0.885629,0.0283521,0.364514
378.579,333.5,0.95014,0.878564,0.0321609,0.360357
379.445,333,0.940482,0.869025,0.0243551,0.358761
380.311,332.5,0.930615,0.8588,0.0147449,0.358176
381.177,332,0.928125,0.854551,0.00711007,0.362087
382.043,331.5,0.929944,0.854746,0.00903793,0.36623
382.909,331,0.927685,0.851766,0.0150195,0.367243
383.775,330.5,0.922288,0.845912,0.0237406,0.366723
384.641,330,0.915187,0.837745,0.0311727,0.367123
385.507,329.5,0.906215,0.826269,0.0354759,0.370469
386.373,329,0.909242,0.833993,0.0357295,0.360415
387.239,328.5,0.906161,0.836315,0.0366018,0.346938
388.105,328,0.895045,0.829778,0.030408,0.33414
388.971,327.5,0.880093,0.817431,0.0232911,0.325314
389.837,327,0.865687,0.804226,0.0161469,0.319958
390.703,326.5,0.870399,0.811772,0.00858325,0.313923
391.569,326,0.873399,0.818377,0.00249781,0.305088
392.435,325.5,0.867417,0.816227,0.000753272,0.293574
393.301,325,0.839668,0.796804,0.00765277,0.264742
394.167,324.5,0.815742,0.780547,0.0110519,0.236769
395.033,324,0.794941,0.766677,0.0101537,0.209844
395.899,323.5,0.764219,0.740304,0.0161346,0.188995
396.765,323,0.730507,0.711944,0.0312315,0.160629
397.631,322.5,0.694594,0.681338,0.0530831,0.124185
398.497,322,0.665183,0.654898,0.0515105,0.104517
399.363,321.5,0.650598,0.641236,0.0469537,0.0994524
400.229,321,0.648748,0.639148,0.0398621,0.103806
401.095,320.5,0.646354,0.637113,0.0241086,0.106199
401.962,320,0.644522,0.635898,0.0102251,0.104584
402.828,319.5,0.646824,0.639079,0.00212606,0.0997754
403.694,319,0.653739,0.646466,-0.0028255,0.0972007
404.56,318.5,0.660984,0.651735,-0.00640079,0.110005
405.426,318,0.655391,0.64246,0.00555722,0.129428
406.292,317.5,0.66666,0.647697,0.0303144,0.154938
407.158,317,0.694141,0.665395,0.0567879,0.189357
408.024,316.5,0.725269,0.683951,0.0749573,0.229364
408.89,316,0.757493,0.701728,0.083806,0.272674
409.756,315.5,0.761242,0.697754,0.0609948,0.298175
410.622,315,0.756265,0.686784,0.0310963,0.315114
411.488,314.5,0.746788,0.673367,0.00535318,0.322862
412.354,314,0.743131,0.665499,-0.0173482,0.330233
413.22,313.5,0.740788,0.660348,-0.0340715,0.333986
414.086,313,0.742939,0.66159,-0.0420104,0.335399
414.952,312.5,0.763397,0.688825,-0.043732,0.326165
415.818,312,0.785146,0.715834,-0.0532061,0.318127
416.684,311.5,0.808339,0.740891,-0.0685971,0.315889
417.55,311,0.817003,0.748968,-0.0679774,0.31925
418.416,310.5,0.814247,0.747675,-0.057228,0.317342
419.282,310,0.804179,0.742333,-0.0366465,0.307088
420.148,309.5,0.801785,0.741072,-0.0156506,0.305658
421.014,309,0.800919,0.738652,-0.000599663,0.30962
421.88,308.5,0.790956,0.728759,0.0116793,0.307224
422.746,308,0.771231,0.708689,0.0212848,0.303487
423.612,307.5,0.75187,0.685838,0.0254528,0.307061
424.478,307,0.744381,0.672601,0.0306194,0.317448
425.344,306.5,0.739028,0.660703,0.0402175,0.328658
426.21,306,0.729245,0.640321,0.052248,0.345047
427.076,305.5,0.716095,0.617778,0.0641186,0.356415
427.942,305,0.699222,0.592886,0.0757581,0.362847
428.808,304.5,0.681206,0.569646,0.0789611,0.365116
429.674,304,0.672342,0.557687,0.0803315,0.366845
430.54,303.5,0.670591,0.552955,0.0808631,0.370667
431.406,303,0.626113,0.529673,0.0795541,0.324245
432.272,302.5,0.599488,0.494306,0.0986689,0.324518
433.138,302,0.584883,0.484987,0.0975634,0.312021
434.004,301.5,0.570043,0.478757,0.0930348,0.295103
434.87,301,0.554543,0.476044,0.0822828,0.272267
435.737,300.5,0.533994,0.474905,0.0525328,0.238443
436.603,300,0.513388,0.468597,0.0278342,0.207869
437.469,299.5,0.491551,0.45712,0.00818705,0.180545
438.335,299,0.467485,0.440474,-0.00640862,0.156472
439.201,298.5,0.440376,0.418659,-0.0159528,0.135649
440.067,298,0.410129,0.391869,-0.0208247,0.119208
440.933,297.5,0.420072,0.400922,-0.0330679,0.120949
441.799,297,0.439176,0.419012,-0.0455612,0.123405
442.665,296.5,0.45867,0.43763,-0.056757,0.125046
443.531,296,0.478466,0.456774,-0.0666555,0.125873
444.397,295.5,0.498509,0.476446,-0.0752565,0.125886
445.263,295,0.518766,0.496644,-0.0825602,0.125086
446.129,294.5,0.530709,0.510517,-0.0771418,0.122776
446.995,294,0.540243,0.523834,-0.0603424,0.117555
447.861,293.5,0.558424,0.545731,-0.0445705,0.109671
448.727,293,0.585433,0.576209,-0.0298259,0.0991247
449.593,292.5,0.618669,0.612258,-0.016126,0.0873546
450.459,292,0.640839,0.635588,-0.00371396,0.0817882
451.325,291.5,0.659976,0.655371,0.00470835,0.0776886
452.191,291,0.665859,0.660571,0.00115821,0.0837399
453.057,290.5,0.67396,0.66793,-0.000666429,0.0899492
453.923,290,0.654166,0.647371,-0.00186649,0.0940259
454.789,289.5,0.708716,0.698321,0.0111865,0.120418
455.655,289,0.746833,0.734512,0.0280888,0.132144
456.521,288.5,0.75859,0.747733,0.0341447,0.123239
457.387,288,0.761532,0.751987,0.0202082,0.118483
458.253,287.5,0.767955,0.758789,0.00876674,0.117972
459.119,287,0.782544,0.772799,-0.00942551,0.12275
459.985,286.5,0.79473,0.784281,-0.0291453,0.125098
460.851,286,0.80443,0.793223,-0.0490036,0.124516
461.717,285.5,0.805856,0.794872,-0.0580372,0.119221
462.583,285,0.80265,0.792193,-0.0610421,0.113803
463.449,284.5,0.801227,0.791871,-0.0584153,0.107203
464.315,284,0.80452,0.796064,-0.0500791,0.105002
465.181,283.5,0.80641,0.798805,-0.040935,0.102626
466.047,283,0.806542,0.799719,-0.0312039,0.0999266
466.913,282.5,0.787118,0.780089,-0.0307737,0.100346
467.779,282,0.767622,0.760732,-0.0308762,0.0978557
468.645,281.5,0.749167,0.742887,-0.0313779,0.0915773
469.512,281,0.727181,0.721965,-0.0298896,0.0816403
470.378,280.5,0.704867,0.700825,-0.0286265,0.069733
471.244,280,0.689715,0.686622,-0.0273556,0.0592324
472.11,279.5,0.682604,0.680041,-0.026852,0.0526428
472.976,279,0.677835,0.675339,-0.0290198,0.0503512
473.842,278.5,0.673862,0.671262,-0.0318605,0.0498185
474.708,278,0.672824,0.669802,-0.0358584,0.0526459
475.574,277.5,0.672156,0.668145,-0.0423651,0.059842
476.44,277,0.670042,0.664664,-0.0499415,0.0684453
477.306,276.5,0.675991,0.668413,-0.0567166,0.0834945
478.172,276,0.691454,0.680733,-0.0565666,0.107292
479.038,275.5,0.706732,0.692607,-0.0547434,0.129495
