x,v,vx,vy,vz
220.096,425,0.623713,0.623651,-0.00686984,-0.00553257
220.962,424.5,0.624494,0.624426,-0.00709528,-0.00586035
221.828,424,0.62529,0.625217,-0.00731725,-0.00616517
222.694,423.5,0.626101,0.626022,-0.00753816,-0.00644693
223.56,423,0.626927,0.626846,-0.00756559,-0.00670229
224.426,422.5,0.627765,0.627681,-0.00754839,-0.00693668
225.292,422,0.628598,0.628512,-0.00751811,-0.00717958
226.158,421.5,0.62938,0.629293,-0.00739587,-0.00742021
227.024,421,0.630141,0.630053,-0.00722775,-0.00765806
227.89,420.5,0.63091,0.630821,-0.00706115,-0.00789433
228.756,420,0.631642,0.631552,-0.00686658,-0.00813004
229.622,419.5,0.632343,0.632253,-0.0066294,-0.00835645
230.488,419,0.633053,0.632963,-0.00637615,-0.00857015
231.355,418.5,0.633713,0.633622,-0.00611225,-0.00878692
232.221,418,0.634283,0.634192,-0.00582691,-0.00901379
233.087,417.5,0.63485,0.634758,-0.00554537,-0.00924298
233.953,417,0.635383,0.63529,-0.00525572,-0.00947835
234.819,416.5,0.635847,0.635753,-0.00491226,-0.00979667
235.685,416,0.636299,0.636202,-0.00457212,-0.0101201
236.551,415.5,0.63673,0.63663,-0.00423481,-0.0104482
237.417,415,0.636954,0.636851,-0.00387955,-0.0107976
238.283,414.5,0.637167,0.637059,-0.00352139,-0.0111506
239.149,414,0.637356,0.637244,-0.00315457,-0.0115103
240.015,413.5,0.637339,0.637223,-0.0027543,-0.011885
240.881,413,0.637292,0.63717,-0.00234788,-0.0122607
241.747,412.5,0.637242,0.637114,-0.00193905,-0.012636
242.613,412,0.637012,0.636877,-0.00151853,-0.0130195
243.479,411.5,0.636708,0.636566,-0.0010888,-0.0134092
244.345,411,0.636417,0.636266,-0.00065284,-0.013823
245.211,410.5,0.635965,0.635805,-0.000261468,-0.014228
246.077,410,0.635391,0.635222,9.58676e-05,-0.0146254
246.943,409.5,0.634819,0.634641,0.000457903,-0.0150215
247.809,409,0.634146,0.633958,0.000805099,-0.0154124
248.675,408.5,0.633327,0.633129,0.00112812,-0.0157922
249.541,408,0.632511,0.632303,0.00145614,-0.0161677
250.407,407.5,0.631639,0.63142,0.00179043,-0.0165451
251.273,407,0.630602,0.630371,0.00213362,-0.0169313
252.139,406.5,0.629564,0.629321,0.00247923,-0.0173165
253.005,406,0.628504,0.628249,0.00282844,-0.0177038
253.871,405.5,0.62723,0.62696,0.00318265,-0.0181215
254.737,405,0.62596,0.625675,0.00352978,-0.0185473
255.603,404.5,0.624695,0.624395,0.00386983,-0.0189813
256.469,404,0.623283,0.622965,0.00418135,-0.0194628
257.335,403.5,0.621863,0.621526,0.00449127,-0.0199682
258.201,403,0.620469,0.620113,0.00478871,-0.0204639
259.067,402.5,0.618912,0.618535,0.00509774,-0.0210016
259.933,402,0.617311,0.616909,0.00541052,-0.021586
260.799,401.5,0.615718,0.615291,0.00572166,-0.0222067
261.665,401,0.613998,0.613541,0.00592144,-0.0229146
262.531,400.5,0.612208,0.611719,0.00604965,-0.0237109
263.397,400,0.610474,0.609947,0.00616426,-0.0245959
264.263,399.5,0.608656,0.608085,0.00626702,-0.0255805
265.13,399,0.606727,0.606107,0.00636025,-0.0266792
265.996,398.5,0.604814,0.604138,0.00647149,-0.0278393
266.862,398,0.602792,0.602053,0.00662332,-0.029097
267.728,397.5,0.600527,0.599712,0.00681616,-0.0305217
268.594,397,0.598288,0.597389,0.00700407,-0.0320401
269.46,396.5,0.595967,0.594972,0.00721228,-0.0336623
270.326,396,0.593104,0.591996,0.00753555,-0.0354439
271.192,395.5,0.590278,0.589046,0.00784258,-0.037314
272.058,395,0.587484,0.586116,0.00811711,-0.0392355
272.924,394.5,0.584239,0.582731,0.0083136,-0.0411211
273.79,394,0.581071,0.579411,0.00848686,-0.0430574
274.656,393.5,0.577988,0.576165,0.00863697,-0.045044
275.522,393,0.574565,0.572558,0.00890956,-0.0471456
276.388,392.5,0.571158,0.56895,0.0092043,-0.0493144
277.254,392,0.567898,0.565487,0.00951186,-0.0513991
278.12,391.5,0.564593,0.561963,0.00985607,-0.0535312
278.986,391,0.561324,0.558458,0.01021,-0.05572
279.852,390.5,0.558171,0.555055,0.0105557,-0.0579359
280.718,390,0.555013,0.55162,0.0112339,-0.0602413
281.584,389.5,0.551887,0.54819,0.0122035,-0.0625943
282.45,389,0.548898,0.544889,0.0130531,-0.064919
283.316,388.5,0.545809,0.541455,0.0141194,-0.0673353
284.182,388,0.542432,0.537683,0.0157698,-0.0698574
285.048,387.5,0.539184,0.534019,0.0175003,-0.0723693
285.914,387,0.535852,0.530242,0.0193106,-0.074892
286.78,386.5,0.531703,0.525595,0.0211537,-0.0775319
287.646,386,0.527598,0.520959,0.0230086,-0.0801995
288.512,385.5,0.523493,0.516294,0.0248179,-0.0828797
289.378,385,0.518182,0.51047,0.0252137,-0.0854289
290.244,384.5,0.512925,0.504649,0.0256173,-0.088121
291.11,384,0.507842,0.498933,0.0260594,-0.09105
291.976,383.5,0.501772,0.492124,0.0279603,-0.0938502
292.842,383,0.49537,0.484871,0.0301274,-0.0968706
293.708,382.5,0.488802,0.477328,0.0323949,-0.10018
294.574,382,0.479726,0.467209,0.0354944,-0.10292
295.44,381.5,0.469524,0.455857,0.0382178,-0.105766
296.306,381,0.460673,0.445393,0.0407335,-0.110389
297.172,380.5,0.449843,0.432409,0.0432738,-0.116226
298.038,380,0.437747,0.417472,0.0457613,-0.123473
298.905,379.5,0.426506,0.402646,0.048049,-0.132192
299.771,379,0.414253,0.385573,0.0508082,-0.14268
300.637,378.5,0.401982,0.367002,0.0551579,-0.154456
301.503,378,0.393905,0.352161,0.0595345,-0.166131
302.369,377.5,0.387415,0.336812,0.0639221,-0.18045
303.235,377,0.383269,0.318871,0.0709003,-0.200473
304.101,376.5,0.386161,0.305939,0.077342,-0.222575
304.967,376,0.3961,0.297059,0.0838675,-0.248229
305.833,375.5,0.406161,0.280136,0.0934862,-0.278838
306.699,375,0.418258,0.267376,0.101461,-0.305214
307.565,374.5,0.431429,0.25897,0.107877,-0.327763
308.431,374,0.45412,0.247573,0.120425,-0.361151
309.297,373.5,0.482897,0.247808,0.132708,-0.392644
310.163,373,0.510705,0.250883,0.142261,-0.421473
311.029,372.5,0.542251,0.25244,0.144195,-0.457731
311.895,372,0.572537,0.260961,0.146992,-0.487946
312.761,371.5,0.598056,0.275797,0.152025,-0.508424
313.627,371,0.607548,0.292074,0.154275,-0.509908
314.493,370.5,0.603924,0.282933,0.145035,-0.513457
315.359,370,0.61072,0.277072,0.143354,-0.525033
316.225,369.5,0.619267,0.261268,0.153098,-0.540177
317.091,369,0.653293,0.248044,0.163894,-0.581725
317.957,368.5,0.718588,0.259915,0.163112,-0.649775
318.823,368,0.786647,0.27573,0.142438,-0.722841
319.689,367.5,0.850503,0.304554,0.134576,-0.782618
320.555,367,1.02234,0.385385,0.152228,-0.934607
321.421,366.5,1.10028,0.539075,0.109443,-0.95291
322.287,366,1.12513,0.638108,0.08578,-0.922702
323.153,365.5,1.23401,0.763322,0.135269,-0.960115
324.019,365,1.11123,0.716321,0.0802574,-0.845741
324.885,364.5,1.15878,0.785843,0.0402677,-0.850652
325.751,364,1.05834,0.722437,-0.0507863,-0.771741
326.617,363.5,0.845364,0.586845,-0.193705,-0.576829
327.483,363,1.08352,0.765615,-0.181531,-0.744918
328.349,362.5,0.820759,0.585389,-0.429692,-0.382532
329.215,362,0.900301,0.657214,-0.543242,-0.288965
330.081,361.5,1.06652,0.795031,-0.654699,-0.27705
330.947,361,1.10014,0.787882,-0.766394,0.0466892
331.813,360.5,1.27064,1.00899,-0.769285,0.0683816
332.679,360,1.41423,1.18817,-0.739048,0.205212
333.546,359.5,1.54216,1.39229,-0.608078,0.264651
334.412,359,1.72469,1.63961,-0.471352,0.253091
335.278,358.5,1.82143,1.78335,-0.239205,0.282919
336.144,358,1.90887,1.89152,-0.0184105,0.25606
337.01,357.5,1.99976,1.97608,0.171135,0.254748
337.876,357,1.94956,1.90975,0.308017,0.242379
338.742,356.5,1.88282,1.82823,0.366597,0.261146
339.608,356,1.78638,1.71609,0.392059,0.304106
340.474,355.5,1.67943,1.58885,0.420688,0.345057
341.34,355,1.56577,1.45554,0.430953,0.383825
342.206,354.5,1.37627,1.26287,0.392219,0.381383
343.072,354,1.23702,1.12686,0.348662,0.372606
343.938,353.5,1.13543,1.02524,0.324567,0.364343
344.804,353,1.05035,0.945362,0.314645,0.332462
345.67,352.5,0.9951,0.894653,0.307392,0.308756
346.536,352,0.958754,0.859607,0.30768,0.292605
347.402,351.5,0.923522,0.828598,0.301049,0.275116
348.268,351,0.915096,0.80358,0.357697,0.252413
349.134,350.5,0.91879,0.76192,0.457171,0.233769
350,350,0.834344,0.666818,0.445505,0.230238
350.866,349.5,0.714114,0.555903,0.376008,0.244026
351.732,349,0.592949,0.450617,0.247148,0.295719
352.598,348.5,0.560086,0.408995,0.160834,0.347206
353.464,348,0.569237,0.406391,0.0934274,0.387491
354.33,347.5,0.588383,0.413914,0.0339771,0.416791
355.196,347,0.612117,0.445655,-0.00473689,0.419591
356.062,346.5,0.643085,0.483423,-0.0386497,0.422335
356.928,346,0.662258,0.514587,-0.0543893,0.413313
357.794,345.5,0.666988,0.533569,-0.0595306,0.395768
358.66,345,0.667455,0.545227,-0.0647073,0.379522
359.526,344.5,0.666214,0.554296,-0.0690177,0.36309
360.392,344,0.663586,0.565741,-0.065742,0.340532
361.258,343.5,0.659919,0.574351,-0.061242,0.319161
362.124,343,0.657615,0.58332,-0.0559989,0.298427
362.99,342.5,0.665636,0.601477,-0.0498061,0.280742
363.856,342,0.674871,0.618915,-0.0433175,0.265555
364.722,341.5,0.683729,0.634524,-0.0367682,0.252017
365.588,341,0.694103,0.649149,-0.0317422,0.243672
366.454,340.5,0.705566,0.663193,-0.0266335,0.239351
367.321,340,0.719433,0.678466,-0.0218237,0.238309
368.187,339.5,0.733515,0.693471,-0.0166362,0.238465
369.053,339,0.746505,0.707017,-0.0109611,0.239328
369.919,338.5,0.757061,0.718273,-0.00432937,0.239179
370.785,338,0.764708,0.726459,0.00351233,0.238795
371.651,337.5,0.766802,0.727933,0.00941805,0.240853
372.517,337,0.763891,0.723778,0.0108551,0.244045
373.383,336.5,0.759792,0.718619,0.011901,0.246435
374.249,336,0.753224,0.711084,0.0126205,0.248086
375.115,335.5,0.746036,0.703004,0.013409,0.249352
375.981,335,0.73822,0.69437,0.0142636,0.25023
376.847,334.5,0.727519,0.683797,0.0132201,0.248054
377.713,334,0.717002,0.673578,0.0120084,0.24544
378.579,333.5,0.706778,0.66375,0.0107398,0.242602
379.445,333,0.696319,0.654108,0.00824001,0.23861
380.311,332.5,0.686147,0.644816,0.00543915,0.234479
381.177,332,0.679802,0.6393,0.00392339,0.231106
382.043,331.5,0.6784,0.638971,0.00462157,0.227862
382.909,331,0.677685,0.639466,0.00563565,0.224294
383.775,330.5,0.67759,0.640596,0.00676349,0.220725
384.641,330,0.677796,0.642268,0.00808579,0.216412
385.507,329.5,0.678268,0.644342,0.0094251,0.211617
386.373,329,0.67869,0.645923,0.00997832,0.208096
387.239,328.5,0.679939,0.648348,0.00996031,0.204604
388.105,328,0.682421,0.651998,0.00933975,0.201271
388.971,327.5,0.685425,0.656014,0.00842957,0.198451
389.837,327,0.689307,0.66072,0.00728788,0.196318
390.703,326.5,0.691253,0.663129,0.00599374,0.195077
391.569,326,0.689736,0.661942,0.00458405,0.193771
392.435,325.5,0.68806,0.660578,0.00329304,0.192489
393.301,325,0.686458,0.659215,0.00217723,0.191456
394.167,324.5,0.684674,0.657667,0.00110217,0.1904
395.033,324,0.682602,0.655824,6.31292e-05,0.189313
395.899,323.5,0.67833,0.651726,-0.000643021,0.188109
396.765,323,0.674001,0.647623,-0.00119038,0.186709
397.631,322.5,0.669605,0.643512,-0.00161581,0.185097
398.497,322,0.664488,0.6388,-0.00167347,0.182966
399.363,321.5,0.659161,0.63394,-0.00157216,0.180586
400.229,321,0.654809,0.630072,-0.00122299,0.178277
401.095,320.5,0.650945,0.626748,-0.000634972,0.175829
401.962,320,0.64699,0.623357,-0.000116028,0.173268
402.828,319.5,0.643108,0.620024,0.000208765,0.17076
403.694,319,0.639306,0.616827,0.000441052,0.168036
404.56,318.5,0.635835,0.614025,0.000550197,0.165105
405.426,318,0.634113,0.612859,0.000160552,0.162796
406.292,317.5,0.632601,0.611859,-0.000287948,0.160664
407.158,317,0.631399,0.611144,-0.000684809,0.158644
408.024,316.5,0.630367,0.610547,-0.00119642,0.156824
408.89,316,0.629521,0.610087,-0.00181774,0.155202
409.756,315.5,0.628828,0.609755,-0.00200137,0.153687
410.622,315,0.627971,0.609263,-0.0019538,0.152127
411.488,314.5,0.626974,0.608641,-0.00193864,0.150497
412.354,314,0.625445,0.607582,-0.00176282,0.148398
413.22,313.5,0.623707,0.60635,-0.00163337,0.146106
414.086,313,0.621562,0.604744,-0.00144949,0.143602
414.952,312.5,0.617944,0.60176,-0.000833863,0.140495
415.818,312,0.614291,0.598748,-0.00027021,0.13731
416.684,311.5,0.610693,0.59578,0.000252948,0.134134
417.55,311,0.60707,0.592803,0.00075159,0.130835
418.416,310.5,0.603525,0.58991,0.00122874,0.127464
419.282,310,0.59924,0.586273,0.00201893,0.123969
420.148,309.5,0.594511,0.582207,0.00290508,0.120291
421.014,309,0.5897,0.578066,0.00374849,0.116499
421.88,308.5,0.584862,0.573866,0.00458646,0.112785
422.746,308,0.580034,0.569666,0.00531188,0.109046
423.612,307.5,0.575486,0.565767,0.00582356,0.105154
424.478,307,0.571474,0.562393,0.00641522,0.101271
425.344,306.5,0.567402,0.558928,0.00702014,0.0974488
426.21,306,0.563527,0.555656,0.00737187,0.0935688
427.076,305.5,0.559532,0.552224,0.00774929,0.0898078
427.942,305,0.555426,0.548641,0.00814661,0.0861654
428.808,304.5,0.553693,0.547444,0.0075735,0.0826058
429.674,304,0.552606,0.546843,0.00685606,0.0793084
430.54,303.5,0.551638,0.546302,0.00617729,0.0762919
431.406,303,0.551558,0.546551,0.00545555,0.0739497
432.272,302.5,0.551729,0.547004,0.0047471,0.071898
433.138,302,0.552263,0.54778,0.00400416,0.0701102
434.004,301.5,0.553784,0.549471,0.0032725,0.0689049
434.87,301,0.555406,0.551234,0.00263591,0.0679024
435.737,300.5,0.556965,0.552921,0.00204469,0.0669649
436.603,300,0.558515,0.554586,0.00164181,0.0661108
437.469,299.5,0.560006,0.556191,0.00141959,0.065237
438.335,299,0.561669,0.557968,0.00115953,0.0643682
439.201,298.5,0.563266,0.559678,0.000989532,0.063466
440.067,298,0.564733,0.561269,0.000962607,0.062445
440.933,297.5,0.566121,0.562783,0.000917694,0.061374
441.799,297,0.567408,0.564202,0.000865894,0.0602308
442.665,296.5,0.568639,0.565581,0.000801357,0.058887
443.531,296,0.569938,0.567039,0.00066333,0.05741
444.397,295.5,0.571204,0.568458,0.000492443,0.0559402
445.263,295,0.572469,0.569866,0.000148047,0.0545298
446.129,294.5,0.573712,0.571249,-0.000215659,0.0531083
446.995,294,0.574934,0.572606,-0.000598675,0.0516757
447.861,293.5,0.575705,0.5735,-0.000793236,0.0503388
448.727,293,0.576403,0.574319,-0.000939672,0.04896
449.593,292.5,0.577085,0.575124,-0.00106294,0.0475281
450.459,292,0.577738,0.575895,-0.00117373,0.0461012
451.325,291.5,0.578366,0.576639,-0.00126654,0.0446535
452.191,291,0.578949,0.577332,-0.00133856,0.0432281
453.057,290.5,0.579608,0.578089,-0.00140987,0.0419174
453.923,290,0.580337,0.578911,-0.00147634,0.0406396
454.789,289.5,0.581074,0.579737,-0.0015259,0.0393562
455.655,289,0.581899,0.580648,-0.00154836,0.0381076
456.521,288.5,0.582817,0.581643,-0.00154759,0.0369355
457.387,288,0.582711,0.581608,-0.00151478,0.0358032
458.253,287.5,0.58263,0.581594,-0.00146294,0.0346997
459.119,287,0.582681,0.581706,-0.00141653,0.0336755
459.985,286.5,0.582741,0.581822,-0.00134304,0.0326859
460.851,286,0.582841,0.581975,-0.00125519,0.0317403
461.717,285.5,0.582813,0.581989,-0.00117473,0.0309511
462.583,285,0.582408,0.581621,-0.000990255,0.0302481
463.449,284.5,0.581983,0.581231,-0.000761877,0.0295693
464.315,284,0.581668,0.58095,-0.000623176,0.0289022
465.181,283.5,0.581305,0.580618,-0.000494868,0.0282483
466.047,283,0.580907,0.580251,-0.000377009,0.0276065
466.913,282.5,0.581934,0.581311,-0.000657125,0.0268957
467.779,282,0.582956,0.582365,-0.000979854,0.0262171
468.645,281.5,0.583912,0.58335,-0.00130623,0.0255712
469.512,281,0.5849,0.584366,-0.00169821,0.0249326
470.378,280.5,0.585876,0.585369,-0.00212597,0.0242682
471.244,280,0.58691,0.586432,-0.00257056,0.0235396
472.11,279.5,0.588125,0.587674,-0.00307043,0.0228134
472.976,279,0.589423,0.588996,-0.00359671,0.0221343
473.842,278.5,0.590662,0.590257,-0.00413699,0.0214665
474.708,278,0.591917,0.591532,-0.00464421,0.0208209
475.574,277.5,0.59328,0.592914,-0.00506911,0.0202051
476.44,277,0.594687,0.594339,-0.00548209,0.0195823
477.306,276.5,0.596071,0.59574,-0.00587258,0.0189655
478.172,276,0.597503,0.59719,-0.00615678,0.0183565
479.038,275.5,0.5989,0.598603,-0.00644882,0.0177482
