x,v,vx,vy,vz
220.096,425,0.511667,0.510905,0.00546511,0.0273659
220.962,424.5,0.511458,0.510753,0.00623136,0.0261125
221.828,424,0.510858,0.510209,0.00727002,0.024693
222.694,423.5,0.509861,0.509264,0.0085832,0.0231174
223.56,423,0.508477,0.507925,0.00977708,0.0215782
224.426,422.5,0.506585,0.506057,0.0110926,0.0202956
225.292,422,0.500854,0.500271,0.010906,0.0215647
226.158,421.5,0.496123,0.495475,0.00956849,0.0234795
227.024,421,0.492546,0.491814,0.00765287,0.0257225
227.89,420.5,0.48994,0.489092,0.00554126,0.0282663
228.756,420,0.488544,0.487551,0.00347451,0.0309402
229.622,419.5,0.489597,0.488476,0.00271202,0.0330073
230.488,419,0.491901,0.490689,0.00335641,0.0343497
231.355,418.5,0.493131,0.491835,0.00428964,0.0354783
232.221,418,0.493226,0.491863,0.00550084,0.036235
233.087,417.5,0.492302,0.490879,0.00656906,0.0368173
233.953,417,0.490528,0.489054,0.0074816,0.0372576
234.819,416.5,0.491217,0.48974,0.00631256,0.037544
235.685,416,0.492242,0.490754,0.00529595,0.0378724
236.551,415.5,0.493576,0.492071,0.00449727,0.0382505
237.417,415,0.495391,0.493849,0.00487636,0.0387479
238.283,414.5,0.497396,0.49582,0.00540397,0.0391937
239.149,414,0.497336,0.495701,0.00671742,0.0397262
240.015,413.5,0.494439,0.492705,0.00866867,0.0404451
240.881,413,0.491291,0.489444,0.0105068,0.0412456
241.747,412.5,0.487982,0.486007,0.0122133,0.0421305
242.613,412,0.484063,0.48198,0.0136768,0.0427258
243.479,411.5,0.480083,0.477902,0.0149497,0.0432003
244.345,411,0.481424,0.479189,0.0159899,0.0434902
245.211,410.5,0.482134,0.479882,0.0165801,0.0434933
246.077,410,0.482143,0.479909,0.0167854,0.0432179
246.943,409.5,0.48191,0.479687,0.0172089,0.0429092
247.809,409,0.481242,0.479078,0.0168297,0.0423586
248.675,408.5,0.477924,0.47589,0.0149895,0.0414131
249.541,408,0.472832,0.470931,0.0128652,0.0403462
250.407,407.5,0.467597,0.465838,0.0104787,0.03914
251.273,407,0.462538,0.460925,0.00804016,0.0377373
252.139,406.5,0.457381,0.455927,0.00524624,0.0360619
253.005,406,0.452277,0.45096,0.00228104,0.0344141
253.871,405.5,0.448491,0.447064,0.00102028,0.0357309
254.737,405,0.445124,0.443565,-0.000385577,0.037222
255.603,404.5,0.442179,0.440462,-0.00193653,0.0388874
256.469,404,0.439653,0.437647,-0.00338298,0.0418143
257.335,403.5,0.436865,0.434535,-0.00493756,0.0447787
258.201,403,0.432365,0.429676,-0.00663571,0.0476919
259.067,402.5,0.428235,0.425214,-0.00712652,0.0502771
259.933,402,0.424344,0.421023,-0.00733401,0.0524727
260.799,401.5,0.420324,0.416741,-0.00763884,0.0542332
261.665,401,0.416248,0.412497,-0.00636833,0.0553938
262.531,400.5,0.412151,0.40832,-0.00416979,0.0559087
263.397,400,0.406265,0.402403,-0.00133869,0.0558666
264.263,399.5,0.398915,0.394961,0.00205057,0.0559902
265.13,399,0.390042,0.385888,0.0069045,0.0563512
265.996,398.5,0.381047,0.376715,0.0121216,0.0559993
266.862,398,0.371562,0.366886,0.0176438,0.0560555
267.728,397.5,0.364823,0.359567,0.0214861,0.0578428
268.594,397,0.360793,0.35536,0.0237475,0.0576796
269.46,396.5,0.356222,0.350837,0.0227802,0.0573506
270.326,396,0.342312,0.335667,0.00495334,0.0669369
271.192,395.5,0.330219,0.320745,-0.0153005,0.0770238
272.058,395,0.322274,0.307857,-0.0380725,0.0873792
272.924,394.5,0.321745,0.304207,-0.0423802,0.0958225
273.79,394,0.302385,0.266794,-0.0554906,0.131066
274.656,393.5,0.282251,0.242747,-0.0667878,0.127588
275.522,393,0.255843,0.214208,-0.078221,0.115984
276.388,392.5,0.223585,0.18181,-0.0859643,0.0977014
277.254,392,0.188475,0.148905,-0.0797972,0.0835611
278.12,391.5,0.153345,0.114828,-0.0697159,0.0739523
278.986,391,0.116144,0.0875475,-0.0321607,0.0692134
279.852,390.5,0.0705634,0.037306,-0.0139603,0.0582457
280.718,390,0.0594469,0.0323352,-0.0012956,0.0498668
281.584,389.5,0.0887498,0.0639252,-0.00898912,0.0609039
282.45,389,0.13557,0.109563,-0.0275764,0.0749314
283.316,388.5,0.175715,0.149649,-0.0378614,0.0839496
284.182,388,0.208361,0.184364,-0.0427057,0.0871795
285.048,387.5,0.241248,0.220148,-0.0611903,0.0774044
285.914,387,0.277136,0.25424,-0.0896954,0.0641978
286.78,386.5,0.307348,0.273865,-0.0984402,0.0988444
287.646,386,0.345981,0.306833,-0.10635,0.119357
288.512,385.5,0.391293,0.354643,-0.114307,0.119467
289.378,385,0.406757,0.391744,-0.0848993,0.0691399
290.244,384.5,0.430555,0.417455,0.010971,0.104826
291.11,384,0.470001,0.456627,0.0355568,0.105489
291.976,383.5,0.512691,0.498965,0.0557138,0.103837
292.842,383,0.561647,0.549706,0.0616481,0.0973131
293.708,382.5,0.627408,0.626286,0.0245354,0.0283585
294.574,382,0.698911,0.698419,0.00804538,0.024969
295.44,381.5,0.768259,0.767511,-0.0202256,0.0272037
296.306,381,0.806349,0.803247,-0.0553252,0.0439479
297.172,380.5,0.862547,0.854979,-0.0872534,0.0733796
298.038,380,0.932809,0.919034,-0.115544,0.110263
298.905,379.5,1.00255,0.981213,-0.144883,0.146073
299.771,379,1.06189,1.03475,-0.161007,0.176037
300.637,378.5,1.07744,1.04801,-0.147733,0.201796
301.503,378,1.05789,1.02453,-0.118634,0.235357
302.369,377.5,1.03754,1.00013,-0.0857462,0.262442
303.235,377,0.999028,0.96557,-0.0460413,0.252214
304.101,376.5,0.944254,0.915122,0.00172101,0.232732
304.967,376,0.87528,0.849897,0.0544588,0.202053
305.833,375.5,0.796236,0.77636,0.084958,0.155045
306.699,375,0.718541,0.70017,0.113079,0.115222
307.565,374.5,0.642433,0.621866,0.138593,0.0824251
308.431,374,0.583004,0.561258,0.147403,0.056176
309.297,373.5,0.532156,0.508618,0.154121,0.0272923
310.163,373,0.474426,0.448587,0.154376,0.00411212
311.029,372.5,0.408754,0.381191,0.147407,0.00668725
311.895,372,0.348262,0.321743,0.132667,0.0129257
312.761,371.5,0.26607,0.234983,0.123562,0.017569
313.627,371,0.231744,0.202802,0.11178,0.0090549
314.493,370.5,0.198058,0.185099,0.0661047,0.0244027
315.359,370,0.162593,0.160878,0.0182833,0.0148512
316.225,369.5,0.170358,0.168419,-0.00825452,-0.02427
317.091,369,0.233162,0.224954,-0.0240141,-0.0564242
317.957,368.5,0.256372,0.242607,-0.0302767,-0.0771464
318.823,368,0.27883,0.260306,-0.0309085,-0.0950358
319.689,367.5,0.335986,0.31344,-0.032139,-0.116656
320.555,367,0.415813,0.387773,-0.0425301,-0.143957
321.421,366.5,0.486058,0.453455,-0.0517023,-0.167205
322.287,366,0.533513,0.496817,-0.0585217,-0.185428
323.153,365.5,0.576841,0.537131,-0.0610323,-0.201274
324.019,365,0.618663,0.57692,-0.0597697,-0.215255
324.885,364.5,0.680463,0.640104,-0.0643613,-0.22171
325.751,364,0.734711,0.694363,-0.0671841,-0.230536
326.617,363.5,0.781203,0.7397,-0.0682256,-0.241798
327.483,363,0.805935,0.76157,-0.0732673,-0.253327
328.349,362.5,0.823764,0.775519,-0.0754154,-0.26734
329.215,362,0.831,0.779336,-0.0668542,-0.280581
330.081,361.5,0.834413,0.784811,-0.0504273,-0.278878
330.947,361,0.833607,0.784536,-0.0304835,-0.280134
331.813,360.5,0.826775,0.773998,-0.00876305,-0.29053
332.679,360,0.801075,0.74461,0.00681669,-0.295347
333.546,359.5,0.770788,0.713864,0.00983383,-0.290543
334.412,359,0.770316,0.715332,-0.00285844,-0.285794
335.278,358.5,0.787436,0.731907,-0.0215176,-0.289662
336.144,358,0.812513,0.753253,-0.0473341,-0.30091
337.01,357.5,0.843577,0.779525,-0.0733616,-0.313976
337.876,357,0.884479,0.814798,-0.0988023,-0.329614
338.742,356.5,0.924228,0.854562,-0.110061,-0.334375
339.608,356,0.953512,0.887087,-0.112809,-0.330963
340.474,355.5,0.982728,0.920364,-0.110455,-0.326319
341.34,355,1.01518,0.957197,-0.0774017,-0.329204
342.206,354.5,1.05688,1.00154,-0.0440556,-0.334599
343.072,354,1.09563,1.04028,-0.00687702,-0.34377
343.938,353.5,1.05892,0.994009,0.0356551,-0.363289
344.804,353,1.03687,0.960591,0.0830779,-0.381403
345.67,352.5,1.03442,0.945033,0.136925,-0.397732
346.536,352,0.995587,0.890762,0.208113,-0.39297
347.402,351.5,0.989317,0.837673,0.301645,-0.431348
348.268,351,0.92194,0.74593,0.369691,-0.396095
349.134,350.5,0.817493,0.654451,0.375185,-0.315001
350,350,0.699591,0.56554,0.293743,-0.288631
350.866,349.5,0.612902,0.486893,0.253608,-0.27252
351.732,349,0.516269,0.433,0.201492,-0.196075
352.598,348.5,0.46203,0.431584,0.160642,-0.0374308
353.464,348,0.475321,0.439384,0.12968,0.126706
354.33,347.5,0.523851,0.437436,0.0895298,0.27396
355.196,347,0.684268,0.51508,0.00570376,0.450425
356.062,346.5,0.619052,0.413878,-0.0260876,0.459619
356.928,346,0.648741,0.391954,-0.0779652,0.511037
357.794,345.5,0.640456,0.398856,-0.0949071,0.492027
358.66,345,0.631796,0.407541,-0.0971604,0.472902
359.526,344.5,0.622337,0.415958,-0.086306,0.45479
360.392,344,0.617617,0.433031,-0.0615247,0.436061
361.258,343.5,0.614029,0.453245,-0.0357286,0.412704
362.124,343,0.605751,0.464866,-0.0174902,0.387979
362.99,342.5,0.585642,0.453193,-0.0259651,0.370025
363.856,342,0.569258,0.445565,-0.0367742,0.352383
364.722,341.5,0.556857,0.442584,-0.047639,0.334573
365.588,341,0.555028,0.444864,-0.0556178,0.327199
366.454,340.5,0.558662,0.450484,-0.0624796,0.324444
367.321,340,0.568951,0.461091,-0.0604628,0.327788
368.187,339.5,0.586357,0.471947,-0.0553874,0.343531
369.053,339,0.61229,0.48311,-0.0496517,0.372877
369.919,338.5,0.64089,0.495419,-0.045173,0.404053
370.785,338,0.673793,0.510967,-0.0403335,0.437359
371.651,337.5,0.717782,0.539304,-0.0343039,0.472426
372.517,337,0.766734,0.574963,-0.0311062,0.506291
373.383,336.5,0.813881,0.607884,-0.0295095,0.540377
374.249,336,0.846486,0.628664,-0.027435,0.566188
375.115,335.5,0.872813,0.642829,-0.0230116,0.589952
375.981,335,0.892903,0.650334,-0.0162686,0.611619
376.847,334.5,0.892188,0.649067,-0.0132115,0.611993
377.713,334,0.893487,0.649396,-0.00766555,0.613633
378.579,333.5,0.897227,0.651021,0.000379693,0.617405
379.445,333,0.8978,0.646491,0.0119095,0.622859
380.311,332.5,0.897114,0.636382,0.0266698,0.631759
381.177,332,0.900084,0.63051,0.0383978,0.641198
382.043,331.5,0.902894,0.63807,0.0378739,0.63769
382.909,331,0.90137,0.643877,0.0336815,0.629886
383.775,330.5,0.89773,0.645871,0.0279232,0.622889
384.641,330,0.891291,0.635157,0.0218463,0.624899
385.507,329.5,0.884497,0.615111,0.0160742,0.635385
386.373,329,0.835529,0.586073,0.010528,0.595413
387.239,328.5,0.806164,0.583756,0.00906591,0.55592
388.105,328,0.879459,0.680331,0.00292647,0.557306
388.971,327.5,0.887566,0.694964,-0.004403,0.552068
389.837,327,0.891448,0.70513,-0.0130569,0.545252
390.703,326.5,0.891082,0.710829,-0.0230352,0.536859
391.569,326,0.879997,0.7015,-0.0306476,0.530427
392.435,325.5,0.864979,0.68222,-0.0343,0.53065
393.301,325,0.855101,0.667805,-0.030709,0.53319
394.167,324.5,0.783208,0.615777,-0.0157954,0.48372
395.033,324,0.847514,0.650353,-0.0081867,0.543373
395.899,323.5,0.886566,0.673554,-0.00852246,0.576412
396.765,323,0.908213,0.680353,-0.0040541,0.601626
397.631,322.5,0.91605,0.673654,0.00610709,0.620726
398.497,322,0.911183,0.658158,0.0233622,0.629711
399.363,321.5,0.904343,0.637111,0.0443624,0.640279
400.229,321,0.893954,0.615611,0.0561659,0.645772
401.095,320.5,0.867141,0.589954,0.0462851,0.633834
401.962,320,0.847149,0.568741,0.0356767,0.626836
402.828,319.5,0.846498,0.559615,0.0361429,0.634101
403.694,319,0.860065,0.563332,0.0453206,0.648316
404.56,318.5,0.872763,0.564814,0.0480194,0.663622
405.426,318,0.846436,0.549526,0.0394635,0.642586
406.292,317.5,0.795,0.52793,0.0239765,0.593919
407.158,317,0.855056,0.614539,-0.00346466,0.594518
408.024,316.5,0.86236,0.629413,-0.021705,0.589095
408.89,316,0.85612,0.630079,-0.0395646,0.578253
409.756,315.5,0.843954,0.6217,-0.0563278,0.567957
410.622,315,0.82579,0.604278,-0.0719948,0.558206
411.488,314.5,0.801724,0.577811,-0.0865654,0.549002
412.354,314,0.748102,0.527495,-0.0851241,0.523601
413.22,313.5,0.700445,0.492891,-0.0786793,0.491418
414.086,313,0.671287,0.485808,-0.0692959,0.458055
414.952,312.5,0.64446,0.4784,-0.0597238,0.427663
415.818,312,0.619849,0.470664,-0.049963,0.40024
416.684,311.5,0.504592,0.38442,0.00862667,0.326741
417.55,311,0.493227,0.372068,0.0301151,0.322384
418.416,310.5,0.486743,0.368601,0.0496515,0.313986
419.282,310,0.490925,0.386124,0.0424034,0.300196
420.148,309.5,0.507547,0.414721,0.0203157,0.291886
421.014,309,0.531214,0.446495,-4.72918e-05,0.287802
421.88,308.5,0.556549,0.476879,-0.0135851,0.286616
422.746,308,0.578054,0.501069,-0.0242273,0.28721
423.612,307.5,0.579147,0.505395,-0.0378036,0.280283
424.478,307,0.57207,0.504473,-0.034312,0.267571
425.344,306.5,0.569536,0.506293,-0.0279796,0.259338
426.21,306,0.585131,0.520134,-0.0384201,0.265261
427.076,305.5,0.603898,0.534656,-0.054398,0.275455
427.942,305,0.626295,0.549956,-0.0752821,0.290046
428.808,304.5,0.664164,0.581245,-0.040099,0.318842
429.674,304,0.707215,0.613832,-0.00293328,0.351219
430.54,303.5,0.752133,0.644579,0.0309104,0.386349
431.406,303,0.782635,0.662333,0.0474356,0.414225
432.272,302.5,0.805638,0.673443,0.0596558,0.438142
433.138,302,0.818535,0.677644,0.0627717,0.454817
434.004,301.5,0.800853,0.662951,0.0437895,0.447152
434.87,301,0.764848,0.632163,0.0229047,0.429928
435.737,300.5,0.715672,0.5882,0.00169904,0.407682
436.603,300,0.653794,0.526849,-0.00152833,0.387136
437.469,299.5,0.582823,0.451136,0.0167987,0.368615
438.335,299,0.506393,0.380236,0.032584,0.332857
439.201,298.5,0.440975,0.319225,0.0265006,0.30307
440.067,298,0.396148,0.261349,0.00298046,0.297693
440.933,297.5,0.375632,0.211604,-0.014362,0.310027
441.799,297,0.37849,0.183019,-0.0209229,0.330638
442.665,296.5,0.386563,0.203938,-0.00831023,0.328286
443.531,296,0.516789,0.265229,0.0124919,0.443361
444.397,295.5,0.546168,0.275504,0.00771203,0.471527
445.263,295,0.57257,0.287957,-0.000279288,0.494892
446.129,294.5,0.584129,0.305792,-0.00760271,0.497634
446.995,294,0.580075,0.320956,-0.00786808,0.483128
447.861,293.5,0.572009,0.32735,-0.0029553,0.469072
448.727,293,0.55956,0.324973,0.00713563,0.455466
449.593,292.5,0.545676,0.319652,0.0217908,0.441713
450.459,292,0.54797,0.343513,0.0343591,0.425546
451.325,291.5,0.551637,0.369841,0.043544,0.406971
452.191,291,0.548626,0.398008,0.0438653,0.375042
453.057,290.5,0.552628,0.427613,0.0439687,0.347292
453.923,290,0.563102,0.458656,0.043854,0.32372
454.789,289.5,0.579418,0.491138,0.0435214,0.304327
455.655,289,0.600931,0.525057,0.0429707,0.289113
456.521,288.5,0.627035,0.560415,0.0422021,0.278077
457.387,288,0.649436,0.585587,0.0389615,0.278095
458.253,287.5,0.665376,0.603989,0.0345528,0.277
459.119,287,0.669169,0.610965,0.0296306,0.271349
459.985,286.5,0.652076,0.598091,0.0257021,0.258514
460.851,286,0.641222,0.591518,0.0219728,0.246554
461.717,285.5,0.63668,0.591248,0.0184429,0.235471
462.583,285,0.647276,0.604181,0.0150355,0.231745
463.449,284.5,0.668045,0.625701,0.0117611,0.233761
464.315,284,0.705905,0.674126,0.0235114,0.208097
465.181,283.5,0.765386,0.72974,0.0257963,0.229413
466.047,283,0.825187,0.784594,0.0280842,0.254079
466.913,282.5,0.829312,0.789878,0.0190174,0.251969
467.779,282,0.831303,0.793304,0.00984842,0.248267
468.645,281.5,0.830382,0.793347,-7.86709e-05,0.245223
469.512,281,0.823164,0.785731,-0.00720087,0.245303
470.378,280.5,0.815141,0.774805,-0.0109397,0.253008
471.244,280,0.805432,0.761361,-0.00709652,0.262677
472.11,279.5,0.789325,0.744761,0.0056402,0.261407
472.976,279,0.764662,0.721371,0.0229447,0.252596
473.842,278.5,0.730687,0.688597,0.0395973,0.241184
474.708,278,0.683896,0.641428,0.0533748,0.23116
475.574,277.5,0.624058,0.578068,0.0650537,0.225953
476.44,277,0.567236,0.518964,0.0762111,0.215927
477.306,276.5,0.520696,0.470349,0.0852444,0.206469
478.172,276,0.486761,0.438421,0.0903502,0.191207
479.038,275.5,0.463654,0.41482,0.0937812,0.184675
