x,v,vx,vy,vz
220.096,425,0.599706,0.59936,-0.00647009,-0.0193007
220.962,424.5,0.600523,0.600156,-0.00661234,-0.0199336
221.828,424,0.601386,0.600996,-0.00675527,-0.0205675
222.694,423.5,0.60229,0.601877,-0.00690393,-0.0212042
223.56,423,0.603247,0.602818,-0.00685082,-0.0217164
224.426,422.5,0.604251,0.603806,-0.00675368,-0.0221923
225.292,422,0.605514,0.605054,-0.00656105,-0.0226789
226.158,421.5,0.606793,0.606323,-0.00630536,-0.0230233
227.024,421,0.608068,0.607593,-0.00602074,-0.0232769
227.89,420.5,0.609347,0.608867,-0.00573197,-0.0235054
228.756,420,0.6106,0.610119,-0.00541215,-0.023623
229.622,419.5,0.61182,0.611345,-0.00508,-0.0235812
230.488,419,0.613044,0.612576,-0.004772,-0.0234666
231.355,418.5,0.614216,0.613757,-0.00445738,-0.0233178
232.221,418,0.615279,0.61483,-0.00412598,-0.0231203
233.087,417.5,0.616339,0.615901,-0.00379802,-0.0229205
233.953,417,0.617359,0.616932,-0.003474,-0.0227162
234.819,416.5,0.618127,0.617711,-0.00318332,-0.0224597
235.685,416,0.618849,0.618444,-0.00291515,-0.0222097
236.551,415.5,0.61952,0.619125,-0.00266914,-0.0219671
237.417,415,0.619949,0.619563,-0.00244075,-0.0217444
238.283,414.5,0.62034,0.619962,-0.00222986,-0.0215311
239.149,414,0.620689,0.620317,-0.00200741,-0.0213793
240.015,413.5,0.620795,0.620427,-0.00174978,-0.021292
240.881,413,0.620834,0.620469,-0.00150435,-0.021226
241.747,412.5,0.620834,0.620471,-0.00127459,-0.0211815
242.613,412,0.620607,0.620244,-0.00107187,-0.0211949
243.479,411.5,0.620261,0.619896,-0.000886574,-0.0212436
244.345,411,0.619722,0.619355,-0.000709477,-0.0212949
245.211,410.5,0.619051,0.61868,-0.000563391,-0.0214152
246.077,410,0.61828,0.617902,-0.000434831,-0.0215889
246.943,409.5,0.617504,0.617119,-0.000303205,-0.0217794
247.809,409,0.616647,0.616254,-0.000160415,-0.0220168
248.675,408.5,0.615559,0.615154,-2.10463e-05,-0.0223377
249.541,408,0.61439,0.613971,0.000107465,-0.0226952
250.407,407.5,0.613203,0.612768,0.000240141,-0.0230879
251.273,407,0.611938,0.611485,0.000381623,-0.0235435
252.139,406.5,0.610672,0.6102,0.000529692,-0.0240007
253.005,406,0.609402,0.60891,0.000675236,-0.0244646
253.871,405.5,0.608095,0.607581,0.000732175,-0.0249839
254.737,405,0.606816,0.606279,0.00078,-0.0255016
255.603,404.5,0.605566,0.605006,0.00081871,-0.0260178
256.469,404,0.604362,0.603777,0.000941047,-0.0265559
257.335,403.5,0.603221,0.602611,0.00106593,-0.0270873
258.201,403,0.602157,0.601527,0.00117481,-0.0275166
259.067,402.5,0.60099,0.600345,0.00140163,-0.0278194
259.933,402,0.599835,0.599175,0.00165625,-0.0280825
260.799,401.5,0.598739,0.598066,0.00189996,-0.0283202
261.665,401,0.597544,0.596861,0.00196889,-0.0285024
262.531,400.5,0.5963,0.595609,0.00193367,-0.0286423
263.397,400,0.595067,0.594366,0.00193721,-0.0288189
264.263,399.5,0.593768,0.593057,0.00196302,-0.028971
265.13,399,0.592382,0.591664,0.00202775,-0.0291047
265.996,398.5,0.59102,0.590293,0.00210708,-0.0292258
266.862,398,0.589579,0.588844,0.0022066,-0.0293417
267.728,397.5,0.587855,0.587116,0.00223247,-0.0293751
268.594,397,0.586107,0.585366,0.0022128,-0.0293636
269.46,396.5,0.58431,0.583568,0.00216624,-0.0293649
270.326,396,0.5822,0.581449,0.0019996,-0.0294862
271.192,395.5,0.580064,0.579304,0.00181498,-0.0296266
272.058,395,0.577739,0.576962,0.00164635,-0.0298894
272.924,394.5,0.574714,0.573875,0.00175371,-0.0309837
273.79,394,0.571476,0.570568,0.00181234,-0.0321538
274.656,393.5,0.568026,0.567041,0.00181934,-0.0333932
275.522,393,0.564122,0.563016,0.00192211,-0.0352604
276.388,392.5,0.559981,0.558737,0.0019473,-0.0372687
277.254,392,0.557034,0.555611,0.00185542,-0.0397403
278.12,391.5,0.554518,0.552836,0.00157374,-0.0431281
278.986,391,0.552042,0.550046,0.00126519,-0.0468822
279.852,390.5,0.549608,0.547268,0.00101421,-0.0506489
280.718,390,0.54704,0.544246,0.00116385,-0.0552066
281.584,389.5,0.544422,0.541046,0.00166736,-0.0605151
282.45,389,0.542418,0.538391,0.00218636,-0.0659352
283.316,388.5,0.540513,0.535696,0.00276179,-0.0719484
284.182,388,0.538636,0.532809,0.00343191,-0.0789381
285.048,387.5,0.537178,0.530245,0.0041082,-0.0859284
285.914,387,0.535913,0.527732,0.00495008,-0.0931523
286.78,386.5,0.534264,0.52463,0.00634955,-0.100801
287.646,386,0.533231,0.522069,0.00763224,-0.108267
288.512,385.5,0.532762,0.519975,0.00879477,-0.115693
289.378,385,0.531961,0.517207,0.00957985,-0.124048
290.244,384.5,0.531873,0.514996,0.0103699,-0.132516
291.11,384,0.53249,0.513388,0.0112486,-0.140895
291.976,383.5,0.533475,0.511956,0.0113832,-0.149556
292.842,383,0.535169,0.511183,0.0116066,-0.157999
293.708,382.5,0.537593,0.511141,0.0120469,-0.166121
294.574,382,0.541789,0.512544,0.0122787,-0.175166
295.44,381.5,0.547073,0.5149,0.0120237,-0.184452
296.306,381,0.552103,0.517263,0.0116971,-0.192664
297.172,380.5,0.559116,0.521443,0.0126826,-0.201365
298.038,380,0.568928,0.528558,0.0136561,-0.210045
298.905,379.5,0.580659,0.538045,0.0135972,-0.217916
299.771,379,0.594471,0.550691,0.0110316,-0.223636
300.637,378.5,0.60884,0.565971,0.00458105,-0.224372
301.503,378,0.623669,0.581105,0.00237314,-0.226437
302.369,377.5,0.640414,0.59655,0.00608156,-0.232853
303.235,377,0.658904,0.613009,0.0125002,-0.241285
304.101,376.5,0.680325,0.632494,0.0204569,-0.249747
304.967,376,0.704141,0.654502,0.0294547,-0.258019
305.833,375.5,0.720854,0.672215,0.0324023,-0.258277
306.699,375,0.730872,0.682274,0.0356802,-0.259621
307.565,374.5,0.73416,0.684543,0.0393983,-0.262371
308.431,374,0.759172,0.704511,0.0551578,-0.277424
309.297,373.5,0.799248,0.734127,0.0775003,-0.306346
310.163,373,0.835898,0.75868,0.0949645,-0.337804
311.029,372.5,0.806572,0.733472,0.0813545,-0.325512
311.895,372,0.774833,0.70538,0.0714035,-0.31258
312.761,371.5,0.753849,0.683876,0.0712364,-0.309074
313.627,371,0.738781,0.65938,0.0815781,-0.323049
314.493,370.5,0.727704,0.632065,0.0936144,-0.348258
315.359,370,0.727596,0.62037,0.0969536,-0.36761
316.225,369.5,0.730651,0.607639,0.0934044,-0.394844
317.091,369,0.742114,0.596502,0.0838195,-0.433466
317.957,368.5,0.763445,0.59253,0.0756888,-0.475424
318.823,368,0.800673,0.592664,0.0740742,-0.533235
319.689,367.5,0.857296,0.597519,0.0887226,-0.608322
320.555,367,0.907869,0.608563,0.103977,-0.665632
321.421,366.5,0.963571,0.634667,0.117448,-0.715453
322.287,366,1.04462,0.697545,0.119038,-0.768432
323.153,365.5,1.11061,0.763503,0.126725,-0.796529
324.019,365,1.1625,0.829314,0.138811,-0.80273
324.885,364.5,1.17466,0.862214,0.124664,-0.78796
325.751,364,1.19851,0.909365,0.133397,-0.769211
326.617,363.5,1.18972,0.918298,0.088274,-0.751244
327.483,363,1.07886,0.856414,-0.00269927,-0.656119
328.349,362.5,1.24569,0.9895,-0.00258792,-0.756721
329.215,362,1.32208,1.05751,-0.0343368,-0.792711
330.081,361.5,1.4191,1.14061,-0.0724806,-0.841198
330.947,361,1.48144,1.22758,-0.125893,-0.819686
331.813,360.5,1.54635,1.3322,-0.14899,-0.77087
332.679,360,1.63305,1.45783,-0.142763,-0.721927
333.546,359.5,1.64666,1.53546,-0.156408,-0.573912
334.412,359,1.71401,1.63044,-0.129917,-0.512451
335.278,358.5,1.71258,1.6632,-0.120742,-0.390043
336.144,358,1.68992,1.66279,-0.075923,-0.291883
337.01,357.5,1.69493,1.67539,-0.0276003,-0.255161
337.876,357,1.66837,1.65992,0.0305367,-0.164862
338.742,356.5,1.65492,1.65008,0.046791,-0.117564
339.608,356,1.64591,1.64348,0.0559146,-0.0695842
340.474,355.5,1.62246,1.61857,0.112157,-0.0025453
341.34,355,1.59904,1.58996,0.163027,0.0490046
342.206,354.5,1.50353,1.49051,0.187054,0.0633275
343.072,354,1.43777,1.42354,0.189365,0.0698082
343.938,353.5,1.40144,1.38524,0.19831,0.0763949
344.804,353,1.37678,1.355,0.234195,0.0681188
345.67,352.5,1.41163,1.387,0.253993,0.0665043
346.536,352,1.50158,1.47542,0.268284,0.0766543
347.402,351.5,1.43949,1.41378,0.244181,0.117131
348.268,351,1.39338,1.3675,0.215803,0.157715
349.134,350.5,1.38197,1.34815,0.23556,0.191938
350,350,1.33585,1.28291,0.26346,0.263088
350.866,349.5,1.19758,1.12295,0.227927,0.348207
351.732,349,1.13482,1.04077,0.213924,0.398552
352.598,348.5,1.07691,0.974471,0.141022,0.436183
353.464,348,1.03143,0.923696,0.0450456,0.456729
354.33,347.5,1.0059,0.891216,-0.0340496,0.465205
355.196,347,0.994022,0.885187,-0.0704972,0.446714
356.062,346.5,0.974027,0.874047,-0.094258,0.419388
356.928,346,0.9464,0.858704,-0.107073,0.383192
357.794,345.5,0.934226,0.857269,-0.118704,0.351822
358.66,345,0.929442,0.861298,-0.123426,0.326792
359.526,344.5,0.929691,0.869077,-0.122952,0.306452
360.392,344,0.934629,0.880866,-0.108502,0.292974
361.258,343.5,0.937981,0.890714,-0.0932046,0.278838
362.124,343,0.938955,0.897558,-0.0777468,0.264542
362.99,342.5,0.939547,0.903009,-0.0630374,0.251695
363.856,342,0.941916,0.909369,-0.0502142,0.240274
364.722,341.5,0.945661,0.916318,-0.0393918,0.230402
365.588,341,0.953771,0.925197,-0.0307643,0.229657
366.454,340.5,0.964186,0.934989,-0.0222574,0.234424
367.321,340,0.986438,0.955967,-0.0233963,0.242155
368.187,339.5,1.01212,0.981018,-0.0260337,0.247613
369.053,339,1.03725,1.00608,-0.0276198,0.250844
369.919,338.5,1.06059,1.02951,-0.0280585,0.253344
370.785,338,1.07957,1.04988,-0.0253261,0.250158
371.651,337.5,1.09881,1.07233,-0.0193079,0.239004
372.517,337,1.12121,1.09666,-0.0132001,0.232976
373.383,336.5,1.14529,1.12187,-0.0100562,0.230227
374.249,336,1.17062,1.14726,-0.0102462,0.232512
375.115,335.5,1.19176,1.16884,-0.00909615,0.232424
375.981,335,1.20869,1.18659,-0.00660596,0.229983
376.847,334.5,1.19099,1.16893,-0.00355681,0.228162
377.713,334,1.1721,1.15023,-0.00181385,0.22537
378.579,333.5,1.15417,1.13267,-0.00141311,0.221747
379.445,333,1.13536,1.11459,-0.00387265,0.216178
380.311,332.5,1.11655,1.09679,-0.00751953,0.208987
381.177,332,1.10045,1.08183,-0.009165,0.201391
382.043,331.5,1.08759,1.0703,-0.00621781,0.193099
382.909,331,1.07645,1.06041,-0.00173802,0.185099
383.775,330.5,1.06755,1.05256,0.00409516,0.178253
384.641,330,1.06048,1.04608,0.0108083,0.173812
385.507,329.5,1.05359,1.03955,0.0178534,0.170536
386.373,329,1.04647,1.03273,0.0219527,0.167562
387.239,328.5,1.03813,1.0249,0.0253584,0.163256
388.105,328,1.0273,1.0147,0.0270083,0.158135
388.971,327.5,1.01481,1.00265,0.0285822,0.154041
389.837,327,1.0017,0.989877,0.0294391,0.150622
390.703,326.5,0.995261,0.984327,0.0250231,0.144973
391.569,326,0.990418,0.980471,0.018767,0.138756
392.435,325.5,0.983715,0.974551,0.013748,0.133253
393.301,325,0.973744,0.96531,0.013995,0.127121
394.167,324.5,0.961535,0.953933,0.0134979,0.11992
395.033,324,0.947047,0.940374,0.01221,0.111558
395.899,323.5,0.934107,0.92931,0.0165876,0.0930773
396.765,323,0.921784,0.918386,0.0202493,0.0764408
397.631,322.5,0.909553,0.907119,0.0223759,0.0626152
398.497,322,0.897155,0.895521,0.0221638,0.0493742
399.363,321.5,0.88778,0.886823,0.0218603,0.0349335
400.229,321,0.883724,0.883239,0.0223906,0.0188835
401.095,320.5,0.882515,0.882275,0.0205264,0.00186757
401.962,320,0.881389,0.881052,0.0189359,-0.0153147
402.828,319.5,0.880554,0.879721,0.020138,-0.032576
403.694,319,0.880616,0.878827,0.0215996,-0.0517815
404.56,318.5,0.881281,0.878002,0.0206415,-0.0730925
405.426,318,0.873659,0.868779,0.0171915,-0.0905978
406.292,317.5,0.868042,0.861196,0.0144169,-0.107839
407.158,317,0.867671,0.85836,0.0126852,-0.126133
408.024,316.5,0.869358,0.857522,0.0106106,-0.14257
408.89,316,0.872925,0.858682,0.00914514,-0.156776
409.756,315.5,0.877579,0.861001,0.0171455,-0.168903
410.622,315,0.881815,0.862605,0.0263654,-0.18115
411.488,314.5,0.885436,0.863534,0.0355465,-0.192461
412.354,314,0.886188,0.861934,0.0416777,-0.201646
413.22,313.5,0.88642,0.859252,0.0484357,-0.212321
414.086,313,0.886268,0.855714,0.0546728,-0.224131
414.952,312.5,0.877876,0.842791,0.0481853,-0.240934
415.818,312,0.870212,0.829466,0.0369235,-0.260558
416.684,311.5,0.865653,0.81831,0.0222152,-0.281479
417.55,311,0.871439,0.814767,0.00632855,-0.309065
418.416,310.5,0.882436,0.816011,-0.013999,-0.335595
419.282,310,0.900331,0.822488,-0.0271441,-0.365203
420.148,309.5,0.923958,0.837194,-0.0362575,-0.389218
421.014,309,0.949545,0.858346,-0.0428789,-0.403781
421.88,308.5,0.97541,0.880749,-0.0471891,-0.41651
422.746,308,1.00059,0.903938,-0.0502645,-0.426086
423.612,307.5,1.01996,0.924357,-0.053022,-0.427857
424.478,307,1.03048,0.937987,-0.0517395,-0.423536
425.344,306.5,1.04193,0.951326,-0.0500257,-0.422006
426.21,306,1.05843,0.967295,-0.0509696,-0.426635
427.076,305.5,1.07609,0.98529,-0.0485326,-0.429893
427.942,305,1.09462,1.00494,-0.0425737,-0.431824
428.808,304.5,1.08671,0.99165,-0.0274603,-0.443649
429.674,304,1.08409,0.981632,-0.0104647,-0.459939
430.54,303.5,1.08989,0.978956,0.00916128,-0.478968
431.406,303,1.10251,0.993727,0.021043,-0.477056
432.272,302.5,1.12764,1.02128,0.03629,-0.47668
433.138,302,1.15804,1.05572,0.0483529,-0.473471
434.004,301.5,1.14814,1.05943,0.0286889,-0.441593
434.87,301,1.13439,1.05767,0.0133042,-0.409863
435.737,300.5,1.12859,1.0611,0.0108841,-0.384269
436.603,300,1.13365,1.07161,0.0182939,-0.369439
437.469,299.5,1.14647,1.08943,0.0230764,-0.356391
438.335,299,1.15058,1.09453,0.0197615,-0.354188
439.201,298.5,1.1608,1.10136,0.0172984,-0.366273
440.067,298,1.16533,1.10092,0.0141137,-0.381808
440.933,297.5,1.15835,1.09118,0.00793485,-0.388633
441.799,297,1.14264,1.07646,0.00249672,-0.383229
442.665,296.5,1.13865,1.07975,0.0112838,-0.361297
443.531,296,1.13437,1.08271,0.0274416,-0.337328
444.397,295.5,1.12345,1.07665,0.0483936,-0.31724
445.263,295,1.08343,1.0394,0.0770325,-0.29589
446.129,294.5,1.05717,1.01473,0.0992239,-0.279417
446.995,294,1.04416,1.00266,0.114968,-0.267819
447.861,293.5,0.996844,0.954085,0.122117,-0.26174
448.727,293,0.950199,0.907786,0.125495,-0.251106
449.593,292.5,0.908571,0.868553,0.125338,-0.235386
450.459,292,0.898161,0.862823,0.119447,-0.219001
451.325,291.5,0.899943,0.868934,0.114648,-0.204222
452.191,291,0.871574,0.842458,0.113791,-0.192243
453.057,290.5,0.769481,0.735788,0.107574,-0.197851
453.923,290,0.663866,0.622021,0.100668,-0.208985
454.789,289.5,0.612129,0.533152,0.130842,-0.270796
455.655,289,0.574397,0.479184,0.136186,-0.285952
456.521,288.5,0.539706,0.424427,0.14274,-0.30128
457.387,288,0.498348,0.379956,0.148228,-0.286378
458.253,287.5,0.451059,0.337757,0.148045,-0.259724
459.119,287,0.403084,0.30669,0.139475,-0.221281
459.985,286.5,0.338385,0.299457,0.103397,-0.118907
460.851,286,0.30362,0.273465,0.0976365,-0.0887086
461.717,285.5,0.302697,0.2815,0.0846509,-0.0722334
462.583,285,0.321049,0.307881,0.0720563,-0.0555884
463.449,284.5,0.340521,0.331987,0.0651291,-0.0386927
464.315,284,0.345521,0.339508,0.0622536,-0.015599
465.181,283.5,0.346327,0.340296,0.0643067,-0.00235164
466.047,283,0.342102,0.334631,0.0710998,0.000664696
466.913,282.5,0.321114,0.317438,0.0482025,-0.00485347
467.779,282,0.29904,0.297829,0.0254208,-0.0087524
468.645,281.5,0.276045,0.275754,0.00724415,-0.0103936
469.512,281,0.255196,0.255124,-0.00486079,0.00359644
470.378,280.5,0.237423,0.235388,-0.0149734,0.0271703
471.244,280,0.248506,0.242531,-0.0249491,0.0480772
472.11,279.5,0.29707,0.288385,-0.0354706,0.0618591
472.976,279,0.351353,0.339787,-0.0460883,0.0766145
473.842,278.5,0.398386,0.382203,-0.0552785,0.0978604
474.708,278,0.438042,0.41851,-0.066672,0.110839
475.574,277.5,0.471234,0.452294,-0.0904902,0.0964563
476.44,277,0.53405,0.518293,-0.0996992,0.0814971
477.306,276.5,0.603965,0.591589,-0.0940313,0.0771636
478.172,276,0.67565,0.665652,-0.0891532,0.0739078
479.038,275.5,0.743198,0.734589,-0.0905386,0.0672634
