x,v,vx,vy,vz
220.096,425,0.577255,0.577205,0.00392469,-0.00656259
220.962,424.5,0.576061,0.576023,0.0033662,-0.00569106
221.828,424,0.575047,0.575019,0.00286144,-0.00479297
222.694,423.5,0.574211,0.574192,0.00241009,-0.00386938
223.56,423,0.573715,0.573704,0.00207982,-0.00288719
224.426,422.5,0.573419,0.573413,0.00184244,-0.00184072
225.292,422,0.574005,0.574,0.00232527,-0.000620266
226.158,421.5,0.574793,0.574786,0.00287759,0.000604177
227.024,421,0.575618,0.575605,0.00340299,0.00183292
227.89,420.5,0.576395,0.576374,0.00388696,0.00307086
228.756,420,0.577298,0.577266,0.00433663,0.00426387
229.622,419.5,0.578317,0.578273,0.00450227,0.0056079
230.488,419,0.579338,0.579276,0.00443945,0.00723315
231.355,418.5,0.580457,0.580373,0.00441317,0.00887267
232.221,418,0.58171,0.581599,0.0043544,0.0104722
233.087,417.5,0.582908,0.582766,0.00431748,0.0121096
233.953,417,0.584108,0.583931,0.00426696,0.0137347
234.819,416.5,0.584978,0.584782,0.00366441,0.0146836
235.685,416,0.585683,0.585468,0.00304061,0.0155585
236.551,415.5,0.586235,0.586002,0.00240147,0.0163591
237.417,415,0.58677,0.586525,0.00173206,0.0168653
238.283,414.5,0.587113,0.586858,0.00104332,0.0172913
239.149,414,0.587078,0.586814,0.00048271,0.017607
240.015,413.5,0.587097,0.586828,-9.2182e-05,0.0177838
240.881,413,0.587122,0.586846,-0.000717582,0.0179835
241.747,412.5,0.587107,0.586823,-0.00137596,0.0182215
242.613,412,0.587327,0.587034,-0.00201064,0.0184535
243.479,411.5,0.587642,0.587339,-0.00265586,0.0186835
244.345,411,0.58803,0.587719,-0.00331518,0.0188287
245.211,410.5,0.588526,0.588208,-0.00385637,0.0189427
246.077,410,0.589099,0.588775,-0.00430053,0.0190421
246.943,409.5,0.589644,0.589314,-0.00475513,0.0191395
247.809,409,0.590233,0.589897,-0.00514208,0.0192264
248.675,408.5,0.590561,0.590217,-0.00541116,0.0193846
249.541,408,0.590607,0.590254,-0.00569943,0.0196074
250.407,407.5,0.590689,0.590326,-0.00599464,0.0198243
251.273,407,0.590957,0.590586,-0.00623378,0.0200061
252.139,406.5,0.591212,0.590831,-0.00646382,0.0202232
253.005,406,0.591512,0.591121,-0.00667557,0.0204506
253.871,405.5,0.592399,0.592004,-0.0067812,0.0205327
254.737,405,0.593372,0.59297,-0.00689137,0.0207366
255.603,404.5,0.594431,0.594016,-0.00700609,0.0210623
256.469,404,0.59581,0.595387,-0.00689111,0.0213727
257.335,403.5,0.597318,0.596882,-0.00678359,0.0218
258.201,403,0.599042,0.598581,-0.00668253,0.0225339
259.067,402.5,0.600867,0.600379,-0.00642752,0.0233342
259.933,402,0.602726,0.60221,-0.00612787,0.0241701
260.799,401.5,0.604624,0.604076,-0.0058235,0.0250828
261.665,401,0.606419,0.605843,-0.00548681,0.0258522
262.531,400.5,0.608107,0.607507,-0.00513026,0.0265307
263.397,400,0.609587,0.608957,-0.0048124,0.027287
264.263,399.5,0.610705,0.610052,-0.00444401,0.0278876
265.13,399,0.61138,0.610715,-0.00401069,0.0282209
265.996,398.5,0.611957,0.611282,-0.00359284,0.0285095
266.862,398,0.612175,0.611498,-0.00324088,0.0285943
267.728,397.5,0.610645,0.609996,-0.00287743,0.0280101
268.594,397,0.608327,0.607716,-0.00248488,0.0271361
269.46,396.5,0.605451,0.60489,-0.00213053,0.025962
270.326,396,0.60118,0.600695,-0.00181837,0.0240505
271.192,395.5,0.596429,0.596027,-0.00155217,0.0218478
272.058,395,0.591049,0.590739,-0.00124324,0.0191063
272.924,394.5,0.583364,0.583198,-0.000289736,0.0139322
273.79,394,0.575272,0.57521,0.000550098,0.00846032
274.656,393.5,0.566802,0.566794,0.00126981,0.00271021
275.522,393,0.557792,0.55777,0.00243631,-0.00432619
276.388,392.5,0.548618,0.548477,0.00344813,-0.0119236
277.254,392,0.539827,0.539427,0.00453976,-0.0202622
278.12,391.5,0.531035,0.530208,0.00553083,-0.0291134
278.986,391,0.522867,0.521457,0.00618959,-0.0378741
279.852,390.5,0.515476,0.51334,0.00655669,-0.0464237
280.718,390,0.510076,0.507278,0.0064603,-0.0529633
281.584,389.5,0.50726,0.504006,0.00579798,-0.0570714
282.45,389,0.506252,0.502596,0.00471259,-0.0605475
283.316,388.5,0.505853,0.501842,0.00364527,-0.0634668
284.182,388,0.505888,0.501609,0.00281024,-0.0655943
285.048,387.5,0.506321,0.501712,0.00195764,-0.068135
285.914,387,0.506923,0.50193,0.00131806,-0.0709651
286.78,386.5,0.508056,0.502779,0.00173628,-0.0730192
287.646,386,0.510152,0.504546,0.00223049,-0.0753878
288.512,385.5,0.512938,0.506939,0.00275824,-0.078172
289.378,385,0.514479,0.508188,0.00262275,-0.0801648
290.244,384.5,0.516486,0.509879,0.00227347,-0.0823112
291.11,384,0.519348,0.512403,0.00183369,-0.0846273
291.976,383.5,0.523452,0.516412,0.000318114,-0.0855617
292.842,383,0.527328,0.520262,-0.00107472,-0.08603
293.708,382.5,0.530934,0.523882,-0.00215814,-0.0862204
294.574,382,0.534718,0.527661,-0.00243414,-0.0865508
295.44,381.5,0.538478,0.531393,-0.00193547,-0.0870399
296.306,381,0.547683,0.540263,-0.00260502,-0.0898089
297.172,380.5,0.556167,0.547668,-0.0052901,-0.0967133
298.038,380,0.563295,0.552896,-0.00930692,-0.107337
298.905,379.5,0.570635,0.557764,-0.0131709,-0.119793
299.771,379,0.579086,0.563995,-0.0173359,-0.130189
300.637,378.5,0.593719,0.578644,-0.025113,-0.13055
301.503,378,0.615824,0.602353,-0.0398454,-0.121747
302.369,377.5,0.644558,0.633014,-0.0544499,-0.108555
303.235,377,0.687854,0.678617,-0.048165,-0.101497
304.101,376.5,0.740702,0.732654,-0.0274709,-0.10537
304.967,376,0.799612,0.790842,0.00372474,-0.118039
305.833,375.5,0.784379,0.777501,-0.00483834,-0.103528
306.699,375,0.774753,0.769565,-0.00968746,-0.0889815
307.565,374.5,0.772642,0.768925,-0.0102522,-0.0749952
308.431,374,0.783705,0.780433,-0.00230896,-0.0715061
309.297,373.5,0.796835,0.793811,0.00750149,-0.0689471
310.163,373,0.806584,0.803747,0.0151545,-0.0658623
311.029,372.5,0.805157,0.802525,0.0143897,-0.0634264
311.895,372,0.802511,0.79999,0.012052,-0.0624007
312.761,371.5,0.800157,0.797659,0.0094888,-0.0624579
313.627,371,0.797176,0.794713,0.00749974,-0.0621634
314.493,370.5,0.793633,0.791245,0.00635606,-0.0611907
315.359,370,0.787076,0.78464,0.00467723,-0.0617003
316.225,369.5,0.780867,0.778591,0.00584118,-0.0592825
317.091,369,0.778384,0.776631,0.00997498,-0.0512464
317.957,368.5,0.780437,0.779275,0.0140561,-0.040192
318.823,368,0.788089,0.787502,0.0189317,-0.0238137
319.689,367.5,0.791723,0.791352,0.0241846,0.00170686
320.555,367,0.785697,0.784803,0.0251647,0.0277828
321.421,366.5,0.777142,0.775097,0.0223184,0.051731
322.287,366,0.765152,0.761821,0.0163683,0.0694171
323.153,365.5,0.753201,0.748236,0.0120433,0.0854939
324.019,365,0.740363,0.73362,0.00921827,0.0992718
324.885,364.5,0.713919,0.707693,0.00207588,0.0940601
325.751,364,0.683263,0.677273,-0.00530444,0.0901201
326.617,363.5,0.648422,0.642361,-0.0129066,0.0875037
327.483,363,0.61376,0.609115,-0.0205541,0.07251
328.349,362.5,0.57766,0.574364,-0.0254366,0.0561302
329.215,362,0.550089,0.548252,-0.020015,0.0402144
330.081,361.5,0.528926,0.528496,-0.00767591,0.0198911
330.947,361,0.510003,0.509968,0.00363008,0.00479693
331.813,360.5,0.532676,0.531632,0.0288741,0.0166353
332.679,360,0.531125,0.529539,0.0325947,0.0249041
333.546,359.5,0.534285,0.531848,0.0345506,0.0374783
334.412,359,0.496096,0.492209,0.0475626,0.0397327
335.278,358.5,0.542445,0.535953,0.0385445,0.074262
336.144,358,0.595728,0.584309,0.0228142,0.113819
337.01,357.5,0.634747,0.615495,0.0064642,0.155006
337.876,357,0.654633,0.629299,-0.00928882,0.180112
338.742,356.5,0.659392,0.65042,-0.00552854,0.108265
339.608,356,0.696591,0.695499,-0.00382767,0.0387975
340.474,355.5,0.75808,0.757923,-0.0109464,-0.0108677
341.34,355,0.785278,0.784641,-0.00570707,-0.0311051
342.206,354.5,0.794872,0.793538,0.00185197,-0.0459852
343.072,354,0.784107,0.781962,0.0147639,-0.0560442
343.938,353.5,0.843226,0.839772,0.0307372,-0.0697696
344.804,353,0.893728,0.888116,0.054779,-0.08366
345.67,352.5,0.924956,0.915554,0.0886352,-0.0972061
346.536,352,0.90376,0.889799,0.113488,-0.110277
347.402,351.5,0.903045,0.885595,0.12671,-0.123106
348.268,351,0.882033,0.859551,0.150487,-0.128483
349.134,350.5,0.833535,0.803998,0.166772,-0.143374
350,350,0.692937,0.638679,0.25042,-0.0976737
350.866,349.5,0.510511,0.404694,0.310788,-0.0159528
351.732,349,0.358673,0.210324,0.280978,0.0739007
352.598,348.5,0.276225,0.150141,0.178214,0.148315
353.464,348,0.276619,0.150572,0.0979414,0.210366
354.33,347.5,0.335545,0.158883,0.0615489,0.289064
355.196,347,0.350045,0.212182,0.0198735,0.277696
356.062,346.5,0.348348,0.250783,0.00772753,0.24165
356.928,346,0.338463,0.27901,0.00699508,0.191472
357.794,345.5,0.343377,0.298335,-0.00462687,0.169949
358.66,345,0.357429,0.323383,-0.0164645,0.151354
359.526,344.5,0.464772,0.449825,-0.0396394,0.109996
360.392,344,0.484873,0.477651,-0.0316217,0.0771466
361.258,343.5,0.495784,0.49318,-0.0214835,0.045967
362.124,343,0.496771,0.496413,-0.00922467,0.0164571
362.99,342.5,0.487508,0.487348,0.00515468,-0.0113831
363.856,342,0.477304,0.475565,0.0171937,-0.0368983
364.722,341.5,0.510888,0.5077,0.00322322,-0.0568933
365.588,341,0.554203,0.549307,-0.0140736,-0.0721425
366.454,340.5,0.596689,0.590183,-0.0276843,-0.0833991
367.321,340,0.637923,0.630326,-0.037609,-0.090663
368.187,339.5,0.677712,0.669737,-0.0438477,-0.0939342
369.053,339,0.721641,0.718825,-0.0303197,-0.0560063
369.919,338.5,0.788064,0.785149,-0.036799,-0.0568537
370.785,338,0.851935,0.84891,-0.0412917,-0.0586538
371.651,337.5,0.895146,0.891204,-0.0346398,-0.0764311
372.517,337,0.914821,0.908813,-0.0247953,-0.1017
373.383,336.5,0.932033,0.922595,-0.0159908,-0.131332
374.249,336,0.9391,0.924209,-0.0107105,-0.166226
375.115,335.5,0.949935,0.927724,-0.00415693,-0.204175
375.981,335,0.964746,0.933082,0.00354214,-0.245114
376.847,334.5,0.948154,0.909794,-0.026718,-0.265626
377.713,334,0.936374,0.888261,-0.0480223,-0.292373
378.579,333.5,0.931182,0.87012,-0.0589191,-0.326375
379.445,333,0.930266,0.857152,-0.0524469,-0.357679
380.311,332.5,0.933039,0.845171,-0.0377747,-0.393471
381.177,332,0.93249,0.827051,-0.0185228,-0.430327
382.043,331.5,0.918353,0.804474,-0.0115201,-0.442786
382.909,331,0.906486,0.7881,-0.0148774,-0.447655
383.775,330.5,0.90108,0.778191,-0.0246398,-0.453604
384.641,330,0.905182,0.782235,-0.0413632,-0.453599
385.507,329.5,0.916618,0.799163,-0.0618724,-0.444632
386.373,329,0.927673,0.817804,-0.0909535,-0.428371
387.239,328.5,0.943336,0.838546,-0.113406,-0.416969
388.105,328,0.95482,0.85108,-0.125673,-0.414185
388.971,327.5,0.962805,0.857918,-0.135171,-0.415572
389.837,327,0.970726,0.8666,-0.136571,-0.415526
390.703,326.5,0.990066,0.898411,-0.116353,-0.399438
391.569,326,1.01707,0.93121,-0.094075,-0.39803
392.435,325.5,1.05582,0.968529,-0.0687512,-0.414703
393.301,325,1.07348,0.97261,-0.0467281,-0.451901
394.167,324.5,1.08406,0.974375,-0.0248157,-0.47451
395.033,324,1.08478,0.972298,-0.00338724,-0.48102
395.899,323.5,1.024,0.91943,-0.00155999,-0.450794
396.765,323,0.957742,0.863671,-0.00283305,-0.413926
397.631,322.5,0.887697,0.806958,-0.00607232,-0.369849
398.497,322,0.781745,0.726336,-0.0174759,-0.28854
399.363,321.5,0.825044,0.774051,-0.0427534,-0.282338
400.229,321,0.803999,0.762127,-0.0482052,-0.251502
401.095,320.5,0.789423,0.75674,-0.0534591,-0.218348
401.962,320,0.781925,0.757968,-0.0584693,-0.182955
402.828,319.5,0.799092,0.779181,-0.0441469,-0.171687
403.694,319,0.815788,0.798556,-0.0273077,-0.164539
404.56,318.5,0.829434,0.814102,-0.0106732,-0.158379
405.426,318,0.846853,0.838519,-0.0121211,-0.117896
406.292,317.5,0.898344,0.888691,0.0108216,-0.130898
407.158,317,0.900029,0.889505,0.0453232,-0.129533
408.024,316.5,0.886072,0.872513,0.0772071,-0.13373
408.89,316,0.854302,0.836177,0.10434,-0.140543
409.756,315.5,0.809549,0.795162,0.0951682,-0.11845
410.622,315,0.780204,0.77018,0.0774407,-0.0976939
411.488,314.5,0.759113,0.752064,0.0608716,-0.0833471
412.354,314,0.747464,0.739038,0.0606152,-0.0940726
413.22,313.5,0.729456,0.719506,0.0652483,-0.100796
414.086,313,0.708191,0.696906,0.0717699,-0.103469
414.952,312.5,0.708153,0.697575,0.0628669,-0.104488
415.818,312,0.724415,0.715126,0.0443864,-0.106784
416.684,311.5,0.758246,0.749735,0.0164953,-0.112082
417.55,311,0.784635,0.774905,0.00950945,-0.122821
418.416,310.5,0.791966,0.780601,0.0291425,-0.130467
419.282,310,0.771143,0.758628,0.0599537,-0.124705
420.148,309.5,0.77109,0.7586,0.0658849,-0.121514
421.014,309,0.7888,0.777101,0.0619506,-0.120342
421.88,308.5,0.805832,0.793915,0.0709073,-0.118479
422.746,308,0.815069,0.801318,0.0883228,-0.120107
423.612,307.5,0.798193,0.780932,0.103226,-0.128846
424.478,307,0.768482,0.748029,0.103838,-0.142248
425.344,306.5,0.751085,0.727285,0.0999299,-0.158742
426.21,306,0.728515,0.70346,0.0968316,-0.162793
427.076,305.5,0.701283,0.676927,0.0985176,-0.154471
427.942,305,0.670345,0.648344,0.104836,-0.134247
428.808,304.5,0.710396,0.686716,0.105212,-0.148371
429.674,304,0.756047,0.729687,0.109871,-0.1646
430.54,303.5,0.799432,0.769877,0.118664,-0.179719
431.406,303,0.830068,0.804036,0.106771,-0.176464
432.272,302.5,0.861024,0.838948,0.0949124,-0.168882
433.138,302,0.893915,0.876721,0.0784627,-0.155847
434.004,301.5,0.933258,0.921698,0.0463522,-0.138905
434.87,301,0.982127,0.972594,0.0274971,-0.133706
435.737,300.5,1.03883,1.02918,0.0229642,-0.139393
436.603,300,1.08939,1.08054,0.022098,-0.136843
437.469,299.5,1.14465,1.13761,0.0158917,-0.125767
438.335,299,1.17721,1.17201,-0.00433802,-0.110429
439.201,298.5,1.19893,1.19479,-0.0205903,-0.0973961
440.067,298,1.21291,1.20919,-0.0247462,-0.0915745
440.933,297.5,1.22743,1.2237,-0.0216037,-0.0930828
441.799,297,1.24434,1.23999,-0.0132316,-0.103167
442.665,296.5,1.25503,1.24918,-0.00944903,-0.120658
443.531,296,1.23619,1.22863,-0.0137446,-0.135823
444.397,295.5,1.21406,1.20493,-0.0213648,-0.147095
445.263,295,1.19911,1.18806,-0.0339668,-0.158812
446.129,294.5,1.20229,1.19015,-0.0376106,-0.166198
446.995,294,1.22339,1.2112,-0.032296,-0.169253
447.861,293.5,1.21707,1.20281,-0.0317409,-0.183051
448.727,293,1.21148,1.19378,-0.0360034,-0.203145
449.593,292.5,1.21126,1.1886,-0.0445776,-0.228869
450.459,292,1.20207,1.17646,-0.0416414,-0.243298
451.325,291.5,1.19112,1.16257,-0.0347912,-0.256897
452.191,291,1.17438,1.14168,-0.0264651,-0.273962
453.057,290.5,1.15229,1.11576,-0.0226246,-0.286937
453.923,290,1.13607,1.09649,-0.0273505,-0.295996
454.789,289.5,1.12584,1.08338,-0.0372839,-0.303973
455.655,289,1.11969,1.07295,-0.0560904,-0.315173
456.521,288.5,1.12195,1.06656,-0.0845962,-0.337729
457.387,288,1.14479,1.07834,-0.115546,-0.366583
458.253,287.5,1.16276,1.0854,-0.139839,-0.392878
459.119,287,1.1692,1.08513,-0.136641,-0.413357
459.985,286.5,1.1908,1.09631,-0.130581,-0.446144
460.851,286,1.22168,1.11365,-0.121716,-0.487327
461.717,285.5,1.20553,1.09154,-0.114442,-0.498727
462.583,285,1.19056,1.07251,-0.106027,-0.505876
463.449,284.5,1.19055,1.06774,-0.096091,-0.517792
464.315,284,1.20311,1.0737,-0.0844155,-0.536203
465.181,283.5,1.22346,1.08838,-0.079232,-0.553164
466.047,283,1.25093,1.11143,-0.0805674,-0.568368
466.913,282.5,1.2701,1.12683,-0.0803319,-0.580481
467.779,282,1.30088,1.15457,-0.0845288,-0.593389
468.645,281.5,1.341,1.19299,-0.093266,-0.605284
469.512,281,1.38675,1.2367,-0.097766,-0.619745
470.378,280.5,1.42967,1.27897,-0.0959015,-0.631658
471.244,280,1.45576,1.3056,-0.0747318,-0.639593
472.11,279.5,1.47145,1.31942,-0.0395182,-0.650174
472.976,279,1.48142,1.32519,-0.0043835,-0.662152
473.842,278.5,1.5953,1.42981,0.00847379,-0.707493
474.708,278,1.5895,1.41422,0.0347275,-0.724774
475.574,277.5,1.62664,1.4344,0.0472368,-0.765659
476.44,277,1.68656,1.4691,0.036715,-0.827558
477.306,276.5,1.65608,1.41024,0.0401799,-0.867314
478.172,276,1.40604,1.17799,0.0487642,-0.766112
479.038,275.5,1.39978,1.1522,0.0403014,-0.79386
