x,v,vx,vy,vz
220.096,425,0.623826,0.622992,-0.00126962,-0.0322289
220.962,424.5,0.625223,0.624484,-0.00109613,-0.0303628
221.828,424,0.626837,0.626187,-0.000836933,-0.0285255
222.694,423.5,0.628665,0.628096,-0.000491455,-0.026725
223.56,423,0.630445,0.629953,-0.000131488,-0.0249141
224.426,422.5,0.632241,0.631816,0.000277638,-0.0231586
225.292,422,0.634997,0.634666,0.000154839,-0.0204918
226.158,421.5,0.637388,0.637131,-7.00782e-05,-0.0180811
227.024,421,0.639491,0.63929,-0.000301759,-0.0160266
227.89,420.5,0.641542,0.641384,-0.00050907,-0.0142574
228.756,420,0.643096,0.642964,-0.000652572,-0.0130062
229.622,419.5,0.643169,0.643038,-0.000563726,-0.0129709
230.488,419,0.641856,0.641702,-0.00040472,-0.0140241
231.355,418.5,0.639992,0.639805,-0.000466507,-0.0154392
232.221,418,0.637499,0.637265,-0.000778284,-0.0172546
233.087,417.5,0.634908,0.634614,-0.00128396,-0.0192983
233.953,417,0.632177,0.631807,-0.00199378,-0.02153
234.819,416.5,0.630536,0.63011,-0.00256979,-0.0230301
235.685,416,0.629152,0.628661,-0.00305205,-0.0246654
236.551,415.5,0.628006,0.62744,-0.00344052,-0.0264384
237.417,415,0.627135,0.626496,-0.00361708,-0.0280688
238.283,414.5,0.626597,0.625876,-0.00368397,-0.0298376
239.149,414,0.625978,0.625168,-0.00391912,-0.0315901
240.015,413.5,0.625205,0.624322,-0.00437304,-0.0329283
240.881,413,0.62483,0.623875,-0.0048112,-0.0342098
241.747,412.5,0.624873,0.623843,-0.00523692,-0.0354727
242.613,412,0.625298,0.624202,-0.00560285,-0.0365857
243.479,411.5,0.626116,0.624958,-0.00586945,-0.0375971
244.345,411,0.626592,0.625405,-0.0054733,-0.0381616
245.211,410.5,0.627006,0.625799,-0.00505266,-0.038564
246.077,410,0.627367,0.626145,-0.00464154,-0.0388555
246.943,409.5,0.627724,0.626487,-0.00422886,-0.0391571
247.809,409,0.62801,0.626765,-0.00390828,-0.0393375
248.675,408.5,0.62833,0.62708,-0.0040376,-0.0394085
249.541,408,0.62884,0.627584,-0.00438917,-0.0394709
250.407,407.5,0.629416,0.628164,-0.00477563,-0.039378
251.273,407,0.629995,0.628766,-0.00532002,-0.0389775
252.139,406.5,0.630653,0.629447,-0.00588047,-0.0385357
253.005,406,0.631126,0.629946,-0.00636256,-0.03805
253.871,405.5,0.629322,0.628175,-0.00604,-0.0375024
254.737,405,0.627294,0.626174,-0.00565865,-0.037025
255.603,404.5,0.62504,0.623944,-0.00521849,-0.036618
256.469,404,0.622316,0.621264,-0.00442339,-0.0359024
257.335,403.5,0.619378,0.618367,-0.00357028,-0.035192
258.201,403,0.617972,0.61703,-0.00349962,-0.0339357
259.067,402.5,0.617448,0.616626,-0.00359756,-0.0316371
259.933,402,0.616774,0.616083,-0.00359794,-0.0289677
260.799,401.5,0.615973,0.61541,-0.00359514,-0.0260853
261.665,401,0.614369,0.613926,-0.00340237,-0.0230827
262.531,400.5,0.611525,0.611172,-0.00279136,-0.0206056
263.397,400,0.605578,0.605211,-0.00100042,-0.0210559
264.263,399.5,0.597812,0.597379,0.000819952,-0.0227226
265.13,399,0.588043,0.587494,0.00254516,-0.0252855
265.996,398.5,0.576995,0.576307,0.00425319,-0.0278537
266.862,398,0.565071,0.564217,0.00561939,-0.0305391
267.728,397.5,0.560153,0.559146,0.00531366,-0.0331562
268.594,397,0.557965,0.556821,0.00505407,-0.0353509
269.46,396.5,0.555902,0.554634,0.00517306,-0.0371739
270.326,396,0.555068,0.553678,0.00532135,-0.0388859
271.192,395.5,0.55392,0.552433,0.00601939,-0.0401138
272.058,395,0.551865,0.550303,0.00700632,-0.040884
272.924,394.5,0.549483,0.547834,0.00691904,-0.0419835
273.79,394,0.547827,0.546114,0.00632301,-0.0428275
274.656,393.5,0.546875,0.545124,0.00522007,-0.0434071
275.522,393,0.547871,0.545986,0.00412957,-0.0452175
276.388,392.5,0.550371,0.548317,0.00291542,-0.0474081
277.254,392,0.554164,0.552097,0.00285383,-0.0477353
278.12,391.5,0.558105,0.556017,0.00345447,-0.0481075
278.986,391,0.562541,0.560352,0.00410433,-0.0494123
279.852,390.5,0.567569,0.565215,0.00471484,-0.0514154
280.718,390,0.572956,0.570397,0.00588317,-0.0537662
281.584,389.5,0.578775,0.575958,0.00708158,-0.0565917
282.45,389,0.585645,0.58258,0.00675806,-0.0594534
283.316,388.5,0.592657,0.58933,0.00575828,-0.0624506
284.182,388,0.599638,0.596019,0.00386764,-0.0656688
285.048,387.5,0.609021,0.604958,0.00131823,-0.0702136
285.914,387,0.620631,0.616076,-0.00180038,-0.0750295
286.78,386.5,0.628295,0.624204,-0.00312673,-0.0715097
287.646,386,0.636451,0.63287,-0.00404005,-0.0672934
288.512,385.5,0.646109,0.642982,-0.00497386,-0.0633002
289.378,385,0.655499,0.652875,-0.00811843,-0.058025
290.244,384.5,0.666333,0.664075,-0.0117448,-0.0535364
291.11,384,0.676146,0.674082,-0.0155743,-0.0504449
291.976,383.5,0.679378,0.67761,-0.0150695,-0.0466052
292.842,383,0.681393,0.6799,-0.0141671,-0.0427977
293.708,382.5,0.682482,0.681214,-0.0133817,-0.0393665
294.574,382,0.683192,0.682045,-0.0126306,-0.0375031
295.44,381.5,0.684683,0.6836,-0.0115438,-0.0367266
296.306,381,0.699634,0.698604,-0.0102137,-0.0365431
297.172,380.5,0.717697,0.716648,-0.0115589,-0.0370374
298.038,380,0.737218,0.736177,-0.0175717,-0.0350098
298.905,379.5,0.758015,0.75699,-0.0264126,-0.029253
299.771,379,0.780056,0.778981,-0.0331401,-0.0240268
300.637,378.5,0.796438,0.795527,-0.0269816,-0.02686
301.503,378,0.800458,0.799639,-0.0197621,-0.0303398
302.369,377.5,0.799454,0.798678,-0.017664,-0.0304668
303.235,377,0.800338,0.799735,-0.0125235,-0.0284125
304.101,376.5,0.801831,0.801321,-0.00796989,-0.027449
304.967,376,0.804195,0.803717,-0.00402244,-0.0274365
305.833,375.5,0.81237,0.812044,-0.000495267,-0.0229968
306.699,375,0.820473,0.820264,0.00638627,-0.0173873
307.565,374.5,0.828467,0.828229,0.0167003,-0.0107592
308.431,374,0.831961,0.831565,0.0248858,-0.00627555
309.297,373.5,0.8322,0.83146,0.0350556,-0.00185709
310.163,373,0.801011,0.799696,0.0458576,-0.00131321
311.029,372.5,0.738967,0.737634,0.042199,-0.0136879
311.895,372,0.681618,0.680402,0.0302508,-0.0272102
312.761,371.5,0.628844,0.627501,0.0130068,-0.0389617
313.627,371,0.587318,0.585434,-0.00947828,-0.0460439
314.493,370.5,0.558693,0.555581,-0.0350476,-0.0473243
315.359,370,0.551578,0.547749,-0.056861,-0.0312474
316.225,369.5,0.53835,0.533225,-0.0706909,-0.0222368
317.091,369,0.516143,0.510485,-0.0734213,-0.0204329
317.957,368.5,0.487383,0.482012,-0.0692345,-0.0203219
318.823,368,0.45529,0.450857,-0.0591243,-0.0228357
319.689,367.5,0.439372,0.435039,-0.0468614,-0.0399109
320.555,367,0.422902,0.417387,-0.0313358,-0.060435
321.421,366.5,0.395572,0.388327,-0.0147438,-0.0739064
322.287,366,0.376597,0.367614,-0.0061785,-0.08153
323.153,365.5,0.362425,0.352559,-0.00176153,-0.0839672
324.019,365,0.355168,0.345463,-0.00206275,-0.0824361
324.885,364.5,0.366978,0.353694,0.000972603,-0.0978376
325.751,364,0.381095,0.365135,0.00617562,-0.108957
326.617,363.5,0.397339,0.379863,0.0134938,-0.115761
327.483,363,0.410783,0.399429,0.0258203,-0.0923713
328.349,362.5,0.412442,0.406843,0.0451145,-0.0505212
329.215,362,0.432163,0.42837,0.0557836,-0.0123277
330.081,361.5,0.478727,0.476217,0.0485099,-0.00667636
330.947,361,0.523502,0.521924,0.0383216,-0.0134687
331.813,360.5,0.693055,0.68881,0.0152723,-0.0750477
332.679,360,0.725155,0.720614,0.013905,-0.0798194
333.546,359.5,0.750384,0.745917,0.0133494,-0.0806597
334.412,359,0.755792,0.75128,0.00244703,-0.0824274
335.278,358.5,0.807507,0.804463,-0.000796952,-0.0700494
336.144,358,0.82435,0.822381,0.00642112,-0.0565834
337.01,357.5,0.835674,0.833729,0.0118406,-0.0557256
337.876,357,0.844198,0.841758,0.014049,-0.0625888
338.742,356.5,0.866783,0.86524,0.016959,-0.0488329
339.608,356,0.893086,0.892194,0.0229825,-0.0326268
340.474,355.5,0.920327,0.919661,0.0298392,-0.0183355
341.34,355,0.933343,0.931736,0.0485897,-0.0252166
342.206,354.5,0.939678,0.936616,0.0701199,-0.0287825
343.072,354,0.937933,0.932717,0.0935761,-0.0316372
343.938,353.5,0.952477,0.946138,0.108119,-0.01857
344.804,353,0.963006,0.953429,0.134838,-0.0131284
345.67,352.5,0.967043,0.950841,0.175268,-0.0188225
346.536,352,0.875996,0.8548,0.185348,-0.0482765
347.402,351.5,0.744192,0.713333,0.203167,-0.060836
348.268,351,0.601276,0.552821,0.218615,-0.0901646
349.134,350.5,0.460945,0.393506,0.208956,-0.118155
350,350,0.400397,0.303188,0.230675,-0.123223
350.866,349.5,0.342281,0.192883,0.256431,-0.119144
351.732,349,0.357772,0.190839,0.294947,-0.0677343
352.598,348.5,0.322461,0.244367,0.209179,0.0225785
353.464,348,0.328994,0.280395,0.134026,0.107946
354.33,347.5,0.397681,0.360214,0.0955345,0.138813
355.196,347,0.486419,0.457234,0.0813221,0.144663
356.062,346.5,0.567195,0.538123,0.0786829,0.161068
356.928,346,0.637,0.603168,0.086258,0.185787
357.794,345.5,0.65185,0.626465,0.0696859,0.166112
358.66,345,0.660233,0.64215,0.0519691,0.144395
359.526,344.5,0.672634,0.659082,0.0381838,0.128798
360.392,344,0.698916,0.687452,0.02404,0.123755
361.258,343.5,0.718769,0.708189,0.0111938,0.122364
362.124,343,0.732229,0.721793,-0.00598718,0.123037
362.99,342.5,0.753883,0.745207,-0.0297369,0.110096
363.856,342,0.773891,0.766754,-0.0492023,0.0926008
364.722,341.5,0.789741,0.783623,-0.0651459,0.073355
365.588,341,0.79909,0.793762,-0.0783144,0.048521
366.454,340.5,0.807293,0.802256,-0.0868017,0.0239324
367.321,340,0.807812,0.803047,-0.0876089,-0.000778206
368.187,339.5,0.810024,0.804254,-0.0931928,-0.0250749
369.053,339,0.813331,0.805359,-0.103066,-0.0477602
369.919,338.5,0.816916,0.806305,-0.108632,-0.0736328
370.785,338,0.822288,0.807948,-0.113292,-0.102675
371.651,337.5,0.830566,0.810203,-0.131224,-0.127241
372.517,337,0.839513,0.814811,-0.145641,-0.140193
373.383,336.5,0.852268,0.825311,-0.15089,-0.149848
374.249,336,0.864444,0.838315,-0.142111,-0.155871
375.115,335.5,0.87813,0.850892,-0.146716,-0.159905
375.981,335,0.893413,0.863057,-0.164528,-0.162019
376.847,334.5,0.906096,0.876769,-0.135291,-0.184348
377.713,334,0.918629,0.888537,-0.113316,-0.203817
378.579,333.5,0.930321,0.898416,-0.100394,-0.219696
379.445,333,0.941179,0.908738,-0.0957985,-0.225466
380.311,332.5,0.957866,0.925083,-0.0899472,-0.231603
381.177,332,0.971581,0.93837,-0.0836842,-0.237546
382.043,331.5,0.977492,0.945439,-0.0801427,-0.234972
382.909,331,0.988145,0.959371,-0.0754403,-0.224381
383.775,330.5,1.00361,0.979252,-0.068843,-0.208727
384.641,330,1.02414,1.00435,-0.0517299,-0.193551
385.507,329.5,1.05289,1.03672,-0.0229848,-0.182384
386.373,329,1.0744,1.06156,0.00610005,-0.165472
387.239,328.5,1.08412,1.07412,0.0145337,-0.146188
388.105,328,1.08686,1.08007,0.00882794,-0.121
388.971,327.5,1.09287,1.08856,0.00842553,-0.0965144
389.837,327,1.10116,1.09843,0.0141202,-0.0762151
390.703,326.5,1.11223,1.10966,0.0117327,-0.0746496
391.569,326,1.13111,1.12846,-0.00415513,-0.0772974
392.435,325.5,1.15313,1.1502,-0.0220533,-0.0791878
393.301,325,1.18042,1.17695,-0.0494503,-0.0756075
394.167,324.5,1.20564,1.20149,-0.0728121,-0.0685614
395.033,324,1.22752,1.22267,-0.0918872,-0.0585731
395.899,323.5,1.22273,1.21703,-0.0951637,-0.069624
396.765,323,1.21719,1.21043,-0.0979871,-0.0825469
397.631,322.5,1.2112,1.20312,-0.101307,-0.096115
398.497,322,1.20282,1.19369,-0.103429,-0.105725
399.363,321.5,1.19288,1.18239,-0.107522,-0.115475
400.229,321,1.18753,1.17672,-0.101247,-0.123776
401.095,320.5,1.19039,1.18022,-0.087308,-0.12842
401.962,320,1.19736,1.18773,-0.0762603,-0.130936
402.828,319.5,1.20719,1.19797,-0.0691551,-0.131883
403.694,319,1.2177,1.20885,-0.0639597,-0.131883
404.56,318.5,1.2247,1.21588,-0.0589348,-0.13437
405.426,318,1.21835,1.20913,-0.0515497,-0.140419
406.292,317.5,1.20299,1.19297,-0.0408333,-0.14947
407.158,317,1.17967,1.16849,-0.0239908,-0.160252
408.024,316.5,1.15422,1.14083,-0.0078849,-0.175166
408.89,316,1.12788,1.11143,0.006586,-0.19182
409.756,315.5,1.13955,1.1255,0.0109635,-0.178033
410.622,315,1.15444,1.14299,0.0150551,-0.161515
411.488,314.5,1.15163,1.14161,0.0204963,-0.150242
412.354,314,1.15312,1.14385,0.0222078,-0.14423
413.22,313.5,1.14466,1.13606,0.0256093,-0.137647
414.086,313,1.12492,1.11687,0.0311179,-0.130715
414.952,312.5,1.11588,1.10696,0.0220442,-0.139119
415.818,312,1.10767,1.09743,0.00366206,-0.150215
416.684,311.5,1.09541,1.0835,-0.0209204,-0.159738
417.55,311,1.07748,1.06241,-0.0381158,-0.17549
418.416,310.5,1.05547,1.03522,-0.0497503,-0.199684
419.282,310,1.02724,0.999618,-0.0537888,-0.230401
420.148,309.5,0.997388,0.962268,-0.0432161,-0.258755
421.014,309,0.967912,0.924843,-0.0215314,-0.284704
421.88,308.5,0.942048,0.888412,-0.00337806,-0.313316
422.746,308,0.917302,0.852202,0.00995342,-0.339257
423.612,307.5,0.887783,0.813714,0.0159336,-0.354647
424.478,307,0.857641,0.776014,0.0215561,-0.364534
425.344,306.5,0.83611,0.74806,0.0192273,-0.372983
426.21,306,0.839596,0.747708,0.002991,-0.381897
427.076,305.5,0.839431,0.745898,-0.0151764,-0.384773
427.942,305,0.842519,0.744694,-0.017175,-0.393667
428.808,304.5,0.860583,0.759285,-0.0196436,-0.404604
429.674,304,0.822405,0.734569,-0.000340137,-0.36981
430.54,303.5,0.826821,0.74001,0.014542,-0.36852
431.406,303,0.825662,0.734735,0.0327042,-0.375249
432.272,302.5,0.83369,0.735641,0.0529819,-0.38867
433.138,302,0.848217,0.741412,0.0679165,-0.406408
434.004,301.5,0.835812,0.722433,0.0661258,-0.41509
434.87,301,0.817367,0.694742,0.0640815,-0.425811
435.737,300.5,0.804529,0.667576,0.0622531,-0.444673
436.603,300,0.797783,0.645977,0.0509679,-0.465375
437.469,299.5,0.795423,0.633178,0.0370906,-0.480007
438.335,299,0.793564,0.627561,0.0311012,-0.484711
439.201,298.5,0.795148,0.626273,0.0263441,-0.489232
440.067,298,0.796038,0.625128,0.0204698,-0.492416
440.933,297.5,0.795122,0.622647,0.0155291,-0.494255
441.799,297,0.78968,0.619129,0.0150318,-0.489946
442.665,296.5,0.780354,0.626613,0.0327574,-0.463936
443.531,296,0.789223,0.659267,0.0535492,-0.43055
444.397,295.5,0.802703,0.696939,0.0665291,-0.39266
445.263,295,0.835093,0.746077,0.0588269,-0.370526
446.129,294.5,0.849711,0.779617,0.047451,-0.334596
446.995,294,0.847527,0.79756,0.0324012,-0.28487
447.861,293.5,0.919408,0.880138,0.0225927,-0.264874
448.727,293,0.984065,0.953885,0.0207132,-0.240954
449.593,292.5,1.03148,1.00984,0.0265611,-0.208473
450.459,292,1.07504,1.05776,0.0483074,-0.185812
451.325,291.5,1.11413,1.09935,0.0694518,-0.167034
452.191,291,1.12543,1.11188,0.0822067,-0.153542
453.057,290.5,1.10877,1.09474,0.0718878,-0.160422
453.923,290,1.09504,1.07864,0.0483112,-0.182533
454.789,289.5,1.0841,1.06252,0.0205522,-0.214265
455.655,289,1.06305,1.03312,-0.000378876,-0.250471
456.521,288.5,1.01865,0.978847,-0.00651234,-0.281899
457.387,288,0.947519,0.896195,-0.00179379,-0.30761
458.253,287.5,0.907164,0.837046,-0.000933933,-0.349712
459.119,287,0.891924,0.80125,0.00161259,-0.391823
459.985,286.5,0.882981,0.772428,-0.000208737,-0.427797
460.851,286,0.880458,0.75184,-0.00732249,-0.458136
461.717,285.5,0.900855,0.758142,-0.018699,-0.486222
462.583,285,0.929749,0.776489,-0.0255229,-0.510731
463.449,284.5,0.959807,0.795981,-0.0329381,-0.535312
464.315,284,0.991672,0.813801,-0.0445997,-0.564935
465.181,283.5,1.0346,0.840302,-0.0562728,-0.600929
466.047,283,1.08839,0.875639,-0.0676502,-0.642866
466.913,282.5,1.12021,0.908421,-0.0671947,-0.652015
467.779,282,1.16109,0.945902,-0.0648788,-0.670225
468.645,281.5,1.21467,0.989487,-0.0606494,-0.701899
469.512,281,1.25686,1.02907,-0.0466668,-0.720097
470.378,280.5,1.29549,1.0695,-0.0295777,-0.730474
471.244,280,1.32183,1.09493,-0.0169208,-0.740314
472.11,279.5,1.33349,1.10904,-0.0258232,-0.739959
472.976,279,1.35301,1.13233,-0.0582944,-0.738296
473.842,278.5,1.39258,1.16795,-0.10538,-0.751035
474.708,278,1.42223,1.19445,-0.149746,-0.757366
475.574,277.5,1.39519,1.1804,-0.165029,-0.725257
476.44,277,1.55572,1.31898,-0.186938,-0.803504
477.306,276.5,1.56835,1.34183,-0.206584,-0.785212
478.172,276,1.58115,1.36306,-0.221892,-0.769971
479.038,275.5,1.58918,1.38378,-0.23052,-0.746666
