x,v,vx,vy,vz
220.096,425,0.638349,0.638211,0.00652464,0.0115997
220.962,424.5,0.636834,0.636694,0.0067436,0.0115322
221.828,424,0.635296,0.635154,0.00697725,0.011424
222.694,423.5,0.633743,0.633601,0.00722759,0.0112749
223.56,423,0.631836,0.631694,0.00742101,0.0111217
224.426,422.5,0.629837,0.629696,0.00761014,0.0109393
225.292,422,0.627878,0.627735,0.00785981,0.0108186
226.158,421.5,0.62564,0.625497,0.00794098,0.0107414
227.024,421,0.62324,0.623098,0.00793749,0.0106808
227.89,420.5,0.620807,0.620665,0.00794581,0.0106145
228.756,420,0.618282,0.618141,0.00788604,0.0105785
229.622,419.5,0.615574,0.615435,0.00776742,0.0105712
230.488,419,0.612717,0.612578,0.00765889,0.01057
231.355,418.5,0.609772,0.609632,0.00758263,0.0106003
232.221,418,0.606705,0.606564,0.00755586,0.0106763
233.087,417.5,0.603607,0.603464,0.00754135,0.0107582
233.953,417,0.600472,0.600326,0.00755008,0.0108683
234.819,416.5,0.597262,0.597108,0.00777953,0.0111411
235.685,416,0.594043,0.593879,0.00802023,0.0114238
236.551,415.5,0.590816,0.590642,0.00827769,0.011717
237.417,415,0.587687,0.587497,0.00879666,0.0120589
238.283,414.5,0.584583,0.584377,0.00932965,0.0124064
239.149,414,0.581635,0.581412,0.00973749,0.012794
240.015,413.5,0.578815,0.578574,0.0102211,0.0132342
240.881,413,0.576039,0.575777,0.0107268,0.0136616
241.747,412.5,0.573311,0.573028,0.0112235,0.0140728
242.613,412,0.570646,0.570335,0.0120248,0.0144972
243.479,411.5,0.568013,0.56767,0.0129486,0.0148962
244.345,411,0.565145,0.564766,0.0138931,0.0153484
245.211,410.5,0.562102,0.561686,0.0148387,0.0157467
246.077,410,0.558923,0.55847,0.0157793,0.0160657
246.943,409.5,0.555748,0.555258,0.016682,0.0163025
247.809,409,0.552584,0.552058,0.0176125,0.016454
248.675,408.5,0.549401,0.548838,0.0186134,0.0165026
249.541,408,0.546248,0.54565,0.0195896,0.0163859
250.407,407.5,0.543075,0.54245,0.0205434,0.0160186
251.273,407,0.539717,0.539075,0.0214552,0.0152719
252.139,406.5,0.53646,0.535802,0.0223625,0.0143403
253.005,406,0.5333,0.532631,0.0232124,0.0132157
253.871,405.5,0.530206,0.529556,0.0234792,0.0117456
254.737,405,0.527185,0.526552,0.0237665,0.0101019
255.603,404.5,0.524237,0.523619,0.0240742,0.00828458
256.469,404,0.521512,0.520948,0.023501,0.00595676
257.335,403.5,0.518829,0.518313,0.0228834,0.00345729
258.201,403,0.516371,0.515898,0.0220684,0.000926255
259.067,402.5,0.514561,0.514149,0.0205098,-0.00169554
259.933,402,0.512996,0.512635,0.0187265,-0.00440021
260.799,401.5,0.511542,0.511213,0.0168875,-0.00716872
261.665,401,0.510569,0.510267,0.0146628,-0.00965619
262.531,400.5,0.509843,0.509556,0.0122552,-0.0119391
263.397,400,0.508604,0.508307,0.0100819,-0.0141849
264.263,399.5,0.507745,0.507435,0.00780328,-0.0159604
265.13,399,0.507282,0.506964,0.00536217,-0.017139
265.996,398.5,0.506768,0.506431,0.00282716,-0.0182595
266.862,398,0.506444,0.506095,-5.90348e-05,-0.0187985
267.728,397.5,0.507364,0.507029,-0.00363095,-0.018076
268.594,397,0.508574,0.508232,-0.00716019,-0.0172378
269.46,396.5,0.50998,0.509617,-0.0104388,-0.0161378
270.326,396,0.512506,0.512155,-0.0125203,-0.014246
271.192,395.5,0.514789,0.514434,-0.0145892,-0.0123733
272.058,395,0.516695,0.516318,-0.0166924,-0.0105058
272.924,394.5,0.516631,0.516252,-0.0179701,-0.00830805
273.79,394,0.516202,0.515811,-0.0191085,-0.00620343
274.656,393.5,0.515422,0.515012,-0.0201211,-0.00419707
275.522,393,0.515284,0.514904,-0.0195536,-0.00315379
276.388,392.5,0.514732,0.514396,-0.0184557,-0.00229701
277.254,392,0.515356,0.515056,-0.0175026,-0.001503
278.12,391.5,0.516086,0.51578,-0.0177834,0.000248693
278.986,391,0.516782,0.51644,-0.0186408,0.00237609
279.852,390.5,0.517591,0.517202,-0.019567,0.00445781
280.718,390,0.520251,0.519828,-0.0202366,0.00554121
281.584,389.5,0.524396,0.523953,-0.0207095,0.0059711
282.45,389,0.527749,0.527293,-0.021135,0.00586753
283.316,388.5,0.530394,0.529915,-0.0217752,0.00587605
284.182,388,0.532238,0.531717,-0.0225584,0.00667331
285.048,387.5,0.533983,0.533433,-0.0230261,0.00749813
285.914,387,0.535662,0.535117,-0.0228739,0.00771749
286.78,386.5,0.540291,0.539774,-0.0228842,0.00583609
287.646,386,0.545036,0.544488,-0.0239285,0.00503835
288.512,385.5,0.549289,0.548654,-0.0258331,0.00539565
289.378,385,0.55386,0.553021,-0.02955,0.00741788
290.244,384.5,0.557325,0.556308,-0.0327246,0.00788386
291.11,384,0.559002,0.557915,-0.0343234,0.00600647
291.976,383.5,0.565082,0.563759,-0.0382621,0.00543875
292.842,383,0.577682,0.57591,-0.0439224,0.0107523
293.708,382.5,0.596619,0.594048,-0.0508273,0.0218808
294.574,382,0.621034,0.616174,-0.0629796,0.0452264
295.44,381.5,0.647796,0.638518,-0.0776175,0.0768757
296.306,381,0.674187,0.661713,-0.0835868,0.098373
297.172,380.5,0.691114,0.679181,-0.0770872,0.102029
298.038,380,0.704415,0.693798,-0.0702905,0.0995239
298.905,379.5,0.718234,0.707988,-0.0685138,0.0995907
299.771,379,0.7306,0.720698,-0.0680469,0.0986958
300.637,378.5,0.736782,0.728232,-0.0650688,0.0910576
301.503,378,0.741438,0.733664,-0.0608856,0.0880973
302.369,377.5,0.749876,0.742255,-0.0581887,0.0893629
303.235,377,0.763683,0.755789,-0.0531031,0.0957901
304.101,376.5,0.778098,0.769106,-0.0511539,0.106281
304.967,376,0.792961,0.782047,-0.0516801,0.120495
305.833,375.5,0.808151,0.796762,-0.0448438,0.127545
306.699,375,0.825511,0.813415,-0.0394967,0.135141
307.565,374.5,0.84494,0.831882,-0.0358046,0.143577
308.431,374,0.862681,0.850573,-0.0355926,0.139558
309.297,373.5,0.881751,0.870588,-0.0375514,0.134725
310.163,373,0.899071,0.888723,-0.0418405,0.129416
311.029,372.5,0.912502,0.902925,-0.0457753,0.123657
311.895,372,0.92457,0.915796,-0.0503348,0.116672
312.761,371.5,0.935458,0.927496,-0.0560971,0.1081
313.627,371,0.942935,0.935327,-0.0620858,0.102146
314.493,370.5,0.945539,0.938415,-0.0623846,0.0976216
315.359,370,0.926685,0.921117,-0.0583857,0.0829467
316.225,369.5,0.90215,0.898465,-0.0555317,0.0595851
317.091,369,0.875871,0.873623,-0.0549598,0.0301989
317.957,368.5,0.851329,0.849385,-0.0574551,0.00229449
318.823,368,0.830396,0.827656,-0.0640106,-0.0211151
319.689,367.5,0.820027,0.815956,-0.0715118,-0.0393155
320.555,367,0.815818,0.810239,-0.0767621,-0.056376
321.421,366.5,0.814318,0.807289,-0.0798773,-0.0708405
322.287,366,0.816971,0.809208,-0.0762946,-0.0824836
323.153,365.5,0.823486,0.815385,-0.070829,-0.0908823
324.019,365,0.8327,0.824771,-0.0616842,-0.0966352
324.885,364.5,0.830934,0.821816,-0.0350105,-0.117659
325.751,364,0.825197,0.814558,-0.0160245,-0.131105
326.617,363.5,0.895126,0.877045,-0.00624895,-0.178896
327.483,363,0.90824,0.885226,-0.0123807,-0.202784
328.349,362.5,0.925039,0.898719,-0.00313272,-0.219071
329.215,362,0.939276,0.906656,0.000410979,-0.245385
330.081,361.5,0.944297,0.906746,0.00333514,-0.263624
330.947,361,0.946725,0.908955,0.0193143,-0.264038
331.813,360.5,0.955759,0.917177,0.040345,-0.26577
332.679,360,0.962675,0.923495,0.0691415,-0.262905
333.546,359.5,0.95788,0.912551,0.104128,-0.271923
334.412,359,0.953271,0.894841,0.142538,-0.296087
335.278,358.5,0.920658,0.853757,0.14684,-0.311686
336.144,358,0.78579,0.726717,0.133779,-0.267304
337.01,357.5,0.731293,0.660524,0.158069,-0.271131
337.876,357,0.668704,0.584194,0.181491,-0.27008
338.742,356.5,0.623107,0.542094,0.189171,-0.242097
339.608,356,0.586325,0.513951,0.190882,-0.207836
340.474,355.5,0.552375,0.489237,0.189665,-0.172606
341.34,355,0.510176,0.447149,0.18089,-0.166184
342.206,354.5,0.460447,0.395251,0.171706,-0.162189
343.072,354,0.404092,0.334299,0.159519,-0.161519
343.938,353.5,0.362262,0.290117,0.130774,-0.173099
344.804,353,0.324195,0.245024,0.106439,-0.183675
345.67,352.5,0.288586,0.19677,0.0874074,-0.192154
346.536,352,0.237522,0.12894,0.116918,-0.161621
347.402,351.5,0.153753,0.0526629,0.116779,-0.0850255
348.268,351,0.194956,-0.0609587,0.185171,-0.00183388
349.134,350.5,0.377052,-0.224292,0.294302,0.0724383
350,350,0.462074,-0.351762,0.28336,0.0973805
350.866,349.5,0.511592,-0.467938,0.187806,0.0865363
351.732,349,0.412575,-0.395443,0.111314,0.0381025
352.598,348.5,0.328249,-0.298441,0.13056,-0.0404262
353.464,348,0.320553,-0.250642,0.152868,-0.128703
354.33,347.5,0.34342,-0.247168,0.172965,-0.164099
355.196,347,0.335273,-0.231277,0.149018,-0.191605
356.062,346.5,0.300119,-0.191426,0.0776335,-0.217716
356.928,346,0.303995,-0.140336,0.049941,-0.264999
357.794,345.5,0.325242,-0.0863596,0.0532206,-0.309018
358.66,345,0.375603,-0.0397362,0.0835666,-0.364026
359.526,344.5,0.408999,0.0110831,0.101374,-0.396082
360.392,344,0.432673,0.0558595,0.127438,-0.40969
361.258,343.5,0.466248,0.080003,0.151512,-0.433625
362.124,343,0.514713,0.111073,0.173705,-0.471612
362.99,342.5,0.562712,0.148441,0.193927,-0.506954
363.856,342,0.582229,0.184205,0.20087,-0.5145
364.722,341.5,0.612085,0.209787,0.209253,-0.535584
365.588,341,0.639641,0.233029,0.231841,-0.548714
366.454,340.5,0.642886,0.237609,0.236883,-0.548389
367.321,340,0.654196,0.233087,0.236463,-0.563674
368.187,339.5,0.681469,0.185311,0.243493,-0.60891
369.053,339,0.724806,0.125592,0.266421,-0.662262
369.919,338.5,0.752825,0.0846617,0.287868,-0.690442
370.785,338,0.724407,0.0763427,0.309653,-0.650425
371.651,337.5,0.701638,0.0765049,0.328746,-0.615117
372.517,337,0.683979,0.0782649,0.345299,-0.585209
373.383,336.5,0.683415,0.109693,0.359945,-0.570494
374.249,336,0.708875,0.145745,0.379829,-0.58051
375.115,335.5,0.767329,0.164065,0.410596,-0.627127
375.981,335,0.852473,0.14512,0.430917,-0.721083
376.847,334.5,0.940127,0.131416,0.44144,-0.819573
377.713,334,0.964965,0.208542,0.41746,-0.844627
378.579,333.5,0.993706,0.336173,0.380786,-0.854074
379.445,333,1.06082,0.507929,0.347607,-0.864006
380.311,332.5,1.18234,0.702277,0.25779,-0.915575
381.177,332,1.32769,0.916782,0.142915,-0.949652
382.043,331.5,1.54201,1.18178,-0.0339284,-0.989975
382.909,331,1.7335,1.39009,-0.22437,-1.0111
383.775,330.5,1.93055,1.57906,-0.426803,-1.0254
384.641,330,2.1239,1.75259,-0.626898,-1.02293
385.507,329.5,2.26135,1.89153,-0.732515,-0.999633
386.373,329,2.34271,1.99915,-0.788828,-0.932441
387.239,328.5,2.31704,2.02207,-0.77127,-0.827676
388.105,328,1.8602,1.64944,-0.617208,-0.598951
388.971,327.5,2.25181,2.05043,-0.640276,-0.675586
389.837,327,2.25113,2.11069,-0.575655,-0.530264
390.703,326.5,2.22899,2.13423,-0.51047,-0.391012
391.569,326,2.19913,2.13065,-0.44847,-0.308839
392.435,325.5,2.23121,2.17907,-0.367193,-0.308439
393.301,325,2.23055,2.1947,-0.274437,-0.288642
394.167,324.5,2.2501,2.22488,-0.196432,-0.272533
395.033,324,2.29433,2.27304,-0.158763,-0.268412
395.899,323.5,2.35303,2.33421,-0.15294,-0.25467
396.765,323,2.49131,2.46966,-0.102123,-0.311424
397.631,322.5,2.66479,2.63262,-0.0926217,-0.402292
398.497,322,2.86968,2.82613,-0.114065,-0.48479
399.363,321.5,3.08279,3.02191,-0.134735,-0.594598
400.229,321,3.25338,3.17931,-0.195666,-0.661998
401.095,320.5,3.39608,3.32056,-0.227983,-0.674715
401.962,320,3.5277,3.45593,-0.202468,-0.67841
402.828,319.5,3.65959,3.59944,-0.184321,-0.634528
403.694,319,3.81703,3.7658,-0.0920378,-0.61642
404.56,318.5,3.99092,3.91855,0.149123,-0.74173
405.426,318,4.16415,4.01399,0.529428,-0.973524
406.292,317.5,4.25669,3.81319,0.976385,-1.62039
407.158,317,4.32595,3.3747,1.30702,-2.37
408.024,316.5,4.43056,2.79244,1.42602,-3.13028
408.89,316,4.29544,2.18616,1.07639,-3.53736
409.756,315.5,4.06951,1.5537,0.552047,-3.72051
410.622,315,3.72074,0.974412,-0.138037,-3.58823
411.488,314.5,3.4757,0.791077,-0.548413,-3.33975
412.354,314,3.35842,0.83631,-0.791612,-3.15483
413.22,313.5,3.38898,1.25027,-0.773817,-3.0534
414.086,313,3.53762,1.81314,-0.736212,-2.94708
414.952,312.5,3.86183,2.50537,-0.666337,-2.86231
415.818,312,4.08576,3.07833,-0.585401,-2.62196
416.684,311.5,4.26633,3.47957,-0.686989,-2.37113
417.55,311,4.38144,3.72673,-0.901424,-2.12035
418.416,310.5,4.16281,3.65978,-0.956235,-1.73799
419.282,310,3.91529,3.60919,-0.850096,-1.25721
420.148,309.5,3.77891,3.71884,-0.375648,-0.556149
421.014,309,3.64756,3.64136,0.202744,0.0640407
421.88,308.5,3.23155,3.14266,0.60796,0.443831
422.746,308,2.32018,2.2287,0.573262,0.295773
423.612,307.5,1.68612,1.62749,0.399445,0.186358
424.478,307,1.31392,1.28446,0.225128,0.160841
425.344,306.5,1.05689,1.03545,0.120877,0.173932
426.21,306,0.956168,0.934741,0.0802647,0.184591
427.076,305.5,0.871167,0.844964,0.0515148,0.205702
427.942,305,0.803152,0.766719,0.0345481,0.236647
428.808,304.5,0.773544,0.734803,0.0217235,0.240753
429.674,304,0.751441,0.708063,0.0101309,0.251412
430.54,303.5,0.737256,0.68749,-0.0012858,0.266274
431.406,303,0.721267,0.669242,-0.00494249,0.268918
432.272,302.5,0.709041,0.656391,-0.00744402,0.268019
433.138,302,0.702652,0.649154,-0.00912847,0.268767
434.004,301.5,0.699674,0.643436,-0.00745851,0.274733
434.87,301,0.698302,0.6404,-0.00417755,0.278381
435.737,300.5,0.699385,0.640954,0.000363006,0.279854
436.603,300,0.701844,0.642232,0.0030033,0.283044
437.469,299.5,0.70518,0.643946,0.000505405,0.287422
438.335,299,0.711453,0.647103,-0.00792855,0.295566
439.201,298.5,0.719595,0.652919,-0.0168092,0.302045
440.067,298,0.727608,0.659523,-0.0242049,0.30636
440.933,297.5,0.737228,0.669314,-0.0302386,0.307586
441.799,297,0.747321,0.680704,-0.0338348,0.30657
442.665,296.5,0.754352,0.687959,-0.0326479,0.307722
443.531,296,0.761264,0.695601,-0.0316014,0.307675
444.397,295.5,0.767993,0.704547,-0.0330716,0.303864
445.263,295,0.772536,0.710092,-0.0332254,0.302452
446.129,294.5,0.777791,0.716852,-0.0359366,0.299651
446.995,294,0.783816,0.724827,-0.0412053,0.29546
447.861,293.5,0.783955,0.725278,-0.0425869,0.294523
448.727,293,0.78229,0.725378,-0.0426844,0.289797
449.593,292.5,0.779493,0.726042,-0.0419179,0.280563
450.459,292,0.777532,0.725297,-0.0378737,0.277607
451.325,291.5,0.777318,0.724719,-0.0319905,0.279253
452.191,291,0.778108,0.724372,-0.0246415,0.283073
453.057,290.5,0.776954,0.723657,-0.019151,0.282154
453.923,290,0.776407,0.725049,-0.0152568,0.27727
454.789,289.5,0.777389,0.728136,-0.0110784,0.272083
455.655,289,0.776701,0.729303,-0.00755121,0.267066
456.521,288.5,0.772115,0.726116,-0.0048933,0.262476
457.387,288,0.766807,0.722139,-0.00195872,0.257883
458.253,287.5,0.761858,0.718559,0.000483505,0.253181
459.119,287,0.758278,0.716406,0.00110712,0.24849
459.985,286.5,0.754611,0.71415,0.00172641,0.243771
460.851,286,0.750872,0.711778,0.00229115,0.239113
461.717,285.5,0.747155,0.709299,0.00243633,0.234798
462.583,285,0.743203,0.706636,0.00253409,0.230239
463.449,284.5,0.73894,0.703615,0.00264287,0.225727
464.315,284,0.735174,0.701,0.00305341,0.221518
465.181,283.5,0.731205,0.698155,0.00348752,0.21732
466.047,283,0.727008,0.69506,0.0039408,0.213114
466.913,282.5,0.722445,0.691728,0.00482611,0.208366
467.779,282,0.717696,0.688172,0.0056771,0.203655
468.645,281.5,0.7128,0.684431,0.00646179,0.198988
469.512,281,0.707532,0.680299,0.00688128,0.194286
470.378,280.5,0.702066,0.675949,0.0071127,0.189577
471.244,280,0.697132,0.672129,0.00748256,0.184879
472.11,279.5,0.69248,0.668538,0.00785531,0.180344
472.976,279,0.687655,0.664701,0.00810517,0.176004
473.842,278.5,0.682805,0.660798,0.00830807,0.171755
474.708,278,0.677942,0.656812,0.00839201,0.167728
475.574,277.5,0.673194,0.65285,0.00828288,0.164039
476.44,277,0.669767,0.650233,0.00822033,0.160366
477.306,276.5,0.666333,0.647566,0.00811405,0.156818
478.172,276,0.663023,0.644939,0.00785858,0.153592
479.038,275.5,0.659659,0.642236,0.00757539,0.150419
