x,v,vx,vy,vz
220.096,425,0.607817,0.607571,-0.00483147,-0.0165859
220.962,424.5,0.608701,0.60845,-0.00492463,-0.0167669
221.828,424,0.609627,0.609372,-0.00501131,-0.016906
222.694,423.5,0.610591,0.610333,-0.00509517,-0.0170065
223.56,423,0.611617,0.611361,-0.00505123,-0.0169607
224.426,422.5,0.612683,0.612431,-0.00497466,-0.0168552
225.292,422,0.61395,0.613702,-0.00479511,-0.0167698
226.158,421.5,0.615136,0.614895,-0.0045519,-0.0166037
227.024,421,0.616246,0.616013,-0.00428117,-0.0163845
227.89,420.5,0.617306,0.617082,-0.00400987,-0.0161406
228.756,420,0.618253,0.618039,-0.00369704,-0.0158605
229.622,419.5,0.619105,0.618902,-0.00335898,-0.0155224
230.488,419,0.619948,0.619755,-0.00303198,-0.015148
231.355,418.5,0.62069,0.620508,-0.00270566,-0.0147787
232.221,418,0.62126,0.621088,-0.00239802,-0.0144213
233.087,417.5,0.621783,0.62162,-0.00209595,-0.0140636
233.953,417,0.622232,0.622078,-0.00182314,-0.0137089
234.819,416.5,0.62228,0.622134,-0.00172896,-0.0133876
235.685,416,0.622275,0.622135,-0.00167669,-0.0130844
236.551,415.5,0.622215,0.622081,-0.00166552,-0.0128019
237.417,415,0.622015,0.621885,-0.00168396,-0.0126219
238.283,414.5,0.621775,0.621647,-0.00172112,-0.0124584
239.149,414,0.621548,0.621423,-0.00174166,-0.012345
240.015,413.5,0.621277,0.621152,-0.00177116,-0.0123509
240.881,413,0.620979,0.620853,-0.00181517,-0.0123744
241.747,412.5,0.620664,0.620538,-0.00186955,-0.0124044
242.613,412,0.620325,0.620196,-0.00191216,-0.0125139
243.479,411.5,0.619973,0.619841,-0.00195841,-0.0126541
244.345,411,0.619639,0.619504,-0.00202892,-0.0128054
245.211,410.5,0.619311,0.619171,-0.00204698,-0.0130133
246.077,410,0.618993,0.618847,-0.00201977,-0.0132606
246.943,409.5,0.618698,0.618548,-0.00198776,-0.0135042
247.809,409,0.618409,0.618253,-0.00193247,-0.0137774
248.675,408.5,0.617907,0.617743,-0.00186777,-0.0141188
249.541,408,0.617272,0.6171,-0.00181802,-0.0144804
250.407,407.5,0.616679,0.616497,-0.00177682,-0.014861
251.273,407,0.616166,0.615974,-0.00176468,-0.0152762
252.139,406.5,0.615675,0.615473,-0.00173717,-0.0156715
253.005,406,0.615222,0.61501,-0.00169541,-0.0160514
253.871,405.5,0.614976,0.614753,-0.00164511,-0.0164498
254.737,405,0.614794,0.614561,-0.0015981,-0.0168231
255.603,404.5,0.614676,0.614434,-0.00155437,-0.0171712
256.469,404,0.614615,0.614365,-0.00133355,-0.0174754
257.335,403.5,0.614605,0.614348,-0.00110724,-0.0177334
258.201,403,0.61465,0.61439,-0.000866668,-0.017839
259.067,402.5,0.614669,0.614411,-0.00053574,-0.017795
259.933,402,0.614707,0.614452,-0.000176231,-0.0177052
260.799,401.5,0.614788,0.614537,0.000189618,-0.017584
261.665,401,0.614725,0.614478,0.000515589,-0.0174277
262.531,400.5,0.614551,0.614309,0.000817775,-0.0172176
263.397,400,0.614358,0.614122,0.00112067,-0.0169753
264.263,399.5,0.614146,0.613917,0.0014308,-0.0167016
265.13,399,0.613876,0.613654,0.00175257,-0.0164097
265.996,398.5,0.61358,0.613366,0.00207034,-0.0160607
266.862,398,0.613129,0.612922,0.00236716,-0.015776
267.728,397.5,0.611965,0.611755,0.00258444,-0.0158001
268.594,397,0.610524,0.610313,0.00274923,-0.0158072
269.46,396.5,0.608911,0.608698,0.00286101,-0.015875
270.326,396,0.606856,0.606624,0.00283589,-0.0165397
271.192,395.5,0.604608,0.604357,0.00270807,-0.0171811
272.058,395,0.602205,0.601934,0.00245772,-0.0179209
272.924,394.5,0.599957,0.599616,0.00231583,-0.0200935
273.79,394,0.597462,0.597045,0.00211792,-0.0222112
274.656,393.5,0.594717,0.59422,0.00186042,-0.024258
275.522,393,0.591525,0.590891,0.00154064,-0.0273472
276.388,392.5,0.588258,0.587454,0.00113847,-0.0307178
277.254,392,0.585894,0.584872,0.000985171,-0.0345828
278.12,391.5,0.584042,0.582708,0.000817052,-0.0394474
278.986,391,0.5824,0.580694,0.000583398,-0.0445392
279.852,390.5,0.580878,0.578774,0.000355358,-0.0493941
280.718,390,0.579938,0.577376,4.77289e-05,-0.0544451
281.584,389.5,0.580058,0.576966,-0.000451209,-0.0598137
282.45,389,0.581123,0.577477,-0.00126609,-0.0649804
283.316,388.5,0.582618,0.578395,-0.00212778,-0.0699911
284.182,388,0.584708,0.579862,-0.00276952,-0.0750707
285.048,387.5,0.587167,0.581643,-0.0032564,-0.0802899
285.914,387,0.589955,0.583679,-0.00368482,-0.085747
286.78,386.5,0.592562,0.585421,-0.00432909,-0.0916136
287.646,386,0.595422,0.587313,-0.0049647,-0.097805
288.512,385.5,0.598626,0.58944,-0.00561362,-0.104319
289.378,385,0.602525,0.592368,-0.00615974,-0.109995
290.244,384.5,0.607237,0.596068,-0.0067598,-0.115729
291.11,384,0.612236,0.600213,-0.00755646,-0.120497
291.976,383.5,0.61649,0.603832,-0.010195,-0.123864
292.842,383,0.620384,0.606784,-0.0127171,-0.128557
293.708,382.5,0.623903,0.609036,-0.0149008,-0.134566
294.574,382,0.632483,0.616793,-0.013109,-0.139391
295.44,381.5,0.645679,0.629396,-0.00825927,-0.143855
296.306,381,0.65927,0.643491,-0.00917726,-0.143081
297.172,380.5,0.667003,0.651198,-0.0212623,-0.142767
298.038,380,0.670679,0.654477,-0.0398144,-0.141014
298.905,379.5,0.673729,0.657246,-0.0580515,-0.136264
299.771,379,0.685882,0.670227,-0.0590654,-0.133198
300.637,378.5,0.719289,0.704261,-0.0227092,-0.144487
301.503,378,0.750026,0.733158,0.012342,-0.157687
302.369,377.5,0.764362,0.746211,0.0266245,-0.163432
303.235,377,0.76348,0.74716,0.0181109,-0.155968
304.101,376.5,0.766808,0.752511,0.012964,-0.146808
304.967,376,0.773805,0.761344,0.0123169,-0.137759
305.833,375.5,0.773937,0.758826,0.0196553,-0.150912
306.699,375,0.774918,0.756915,0.0249862,-0.164171
307.565,374.5,0.776883,0.755859,0.0284693,-0.177242
308.431,374,0.779008,0.756905,0.0284956,-0.182034
309.297,373.5,0.782226,0.759533,0.027818,-0.18497
310.163,373,0.788475,0.765518,0.0278197,-0.186819
311.029,372.5,0.796719,0.772427,0.0285003,-0.193144
311.895,372,0.803272,0.777247,0.0289759,-0.200734
312.761,371.5,0.808055,0.780169,0.0294095,-0.208387
313.627,371,0.811382,0.780568,0.0294344,-0.219519
314.493,370.5,0.813266,0.778897,0.0290565,-0.232111
315.359,370,0.815246,0.776897,0.0275,-0.245563
316.225,369.5,0.818891,0.777125,0.0255101,-0.256922
317.091,369,0.824173,0.779539,0.0233526,-0.266522
317.957,368.5,0.829636,0.782271,0.021216,-0.275494
318.823,368,0.834202,0.784675,0.0201836,-0.282438
319.689,367.5,0.838246,0.787598,0.0217046,-0.286137
320.555,367,0.842544,0.790713,0.0243495,-0.28993
321.421,366.5,0.845828,0.792068,0.0280714,-0.295405
322.287,366,0.847275,0.788241,0.0321174,-0.309061
323.153,365.5,0.847483,0.782311,0.0345765,-0.324071
324.019,365,0.845134,0.772364,0.0351252,-0.341279
324.885,364.5,0.829619,0.751615,0.0220434,-0.350509
325.751,364,0.807114,0.731148,0.0117269,-0.341639
326.617,363.5,0.77746,0.710902,0.00422691,-0.314715
327.483,363,0.76955,0.704835,-0.0114482,-0.30868
328.349,362.5,0.767769,0.702,-0.0319925,-0.30926
329.215,362,0.791186,0.724408,-0.0405124,-0.315543
330.081,361.5,0.84002,0.774112,-0.0218685,-0.325432
330.947,361,0.887228,0.823167,-0.00142214,-0.331009
331.813,360.5,0.922774,0.862219,0.0130056,-0.328511
332.679,360,0.950367,0.893435,0.0189198,-0.32344
333.546,359.5,0.984356,0.928926,0.0198175,-0.325056
334.412,359,1.02254,0.968843,0.0108796,-0.326827
335.278,358.5,1.06287,1.01684,0.00567753,-0.309354
336.144,358,1.12893,1.09376,0.01126,-0.279355
337.01,357.5,1.20507,1.17659,0.026993,-0.259026
337.876,357,1.27473,1.25021,0.0447419,-0.244781
338.742,356.5,1.2525,1.23244,0.0241751,-0.221955
339.608,356,1.29893,1.28505,0.0139944,-0.18882
340.474,355.5,1.29205,1.28156,0.0184295,-0.163244
341.34,355,1.2456,1.23772,0.0262364,-0.137393
342.206,354.5,1.27174,1.26614,0.06118,-0.102349
343.072,354,1.26702,1.26161,0.0925287,-0.0715537
343.938,353.5,1.25144,1.24432,0.122364,-0.0528308
344.804,353,1.24817,1.24315,0.107267,-0.0314014
345.67,352.5,1.22597,1.22248,0.0920473,0.00796483
346.536,352,1.22299,1.21994,0.0735638,0.0451493
347.402,351.5,1.19585,1.18953,0.0948198,0.0781273
348.268,351,1.17263,1.1623,0.105518,0.113894
349.134,350.5,1.16572,1.1468,0.144069,0.151651
350,350,1.16326,1.13105,0.175543,0.207595
350.866,349.5,1.113,1.0751,0.12923,0.257381
351.732,349,1.04319,0.996292,0.0282184,0.307984
352.598,348.5,0.99124,0.934512,-0.0309323,0.329068
353.464,348,0.957702,0.893874,-0.0721608,0.336118
354.33,347.5,0.989893,0.92061,-0.0988796,0.350125
355.196,347,0.968518,0.896729,-0.108881,0.349355
356.062,346.5,0.986603,0.913825,-0.130351,0.348307
356.928,346,1.00215,0.930686,-0.142625,0.343198
357.794,345.5,1.00256,0.934406,-0.129542,0.339444
358.66,345,0.999605,0.934677,-0.111398,0.336422
359.526,344.5,0.996978,0.935278,-0.0905475,0.333198
360.392,344,0.99404,0.936119,-0.064348,0.328109
361.258,343.5,0.988549,0.934485,-0.0406287,0.319868
362.124,343,0.984326,0.933838,-0.0238704,0.310283
362.99,342.5,0.985085,0.936906,-0.00739547,0.30421
363.856,342,0.977038,0.931985,0.0165618,0.292801
364.722,341.5,0.960795,0.919383,0.0457274,0.275266
365.588,341,0.940508,0.905272,0.0605711,0.247727
366.454,340.5,0.9158,0.887242,0.0671663,0.216747
367.321,340,0.920664,0.898045,0.0580572,0.194335
368.187,339.5,0.941233,0.924029,0.0427988,0.173946
369.053,339,0.972633,0.958936,0.0250123,0.160719
369.919,338.5,1.01239,1.00022,0.0100289,0.15618
370.785,338,1.06121,1.04825,-0.00198218,0.165327
371.651,337.5,1.09806,1.0827,-0.00742398,0.182869
372.517,337,1.10753,1.09097,-0.00673701,0.190662
373.383,336.5,1.10994,1.09277,-0.00343038,0.19443
374.249,336,1.09892,1.08177,0.00373773,0.193315
375.115,335.5,1.08282,1.06633,0.0116626,0.187928
375.981,335,1.06172,1.04645,0.0203126,0.178241
376.847,334.5,1.05536,1.04172,0.0156189,0.168398
377.713,334,1.05139,1.03893,0.010714,0.161001
378.579,333.5,1.04871,1.03711,0.00621831,0.155464
379.445,333,1.0502,1.03955,-0.00213879,0.149206
380.311,332.5,1.05182,1.04216,-0.0106726,0.14184
381.177,332,1.04917,1.04059,-0.0169452,0.132832
382.043,331.5,1.04198,1.03465,-0.0178982,0.12207
382.909,331,1.03675,1.03085,-0.0176208,0.109027
383.775,330.5,1.0338,1.02937,-0.0173207,0.093988
384.641,330,1.03169,1.02868,-0.0245975,0.0747916
385.507,329.5,1.03167,1.02942,-0.0445317,0.0515384
386.373,329,1.02313,1.02079,-0.0590709,0.036216
387.239,328.5,1.01172,1.0101,-0.0535059,0.020458
388.105,328,0.998049,0.997556,-0.0312759,-0.00226041
388.971,327.5,0.990895,0.990146,-0.0283829,-0.0260509
389.837,327,0.990311,0.988245,-0.0383433,-0.0511636
390.703,326.5,0.996495,0.99342,-0.0126729,-0.0771859
391.569,326,1.00405,0.998564,0.0238736,-0.102091
392.435,325.5,1.01277,1.00319,0.0545935,-0.127798
393.301,325,1.01439,1.00157,0.0744121,-0.142516
394.167,324.5,1.02612,1.00987,0.0900203,-0.158043
395.033,324,1.04645,1.02697,0.10073,-0.173898
395.899,323.5,1.03864,1.01937,0.0851071,-0.180017
396.765,323,1.0337,1.01429,0.0694765,-0.186871
397.631,322.5,1.0326,1.01263,0.0549664,-0.194512
398.497,322,1.03334,1.0122,0.0400532,-0.204055
399.363,321.5,1.03906,1.01557,0.0303661,-0.217607
400.229,321,1.04407,1.01603,0.0344501,-0.23785
401.095,320.5,1.04038,1.00789,0.041377,-0.254612
401.962,320,1.03611,0.999413,0.0460805,-0.269389
402.828,319.5,1.03569,0.993805,0.0524335,-0.2868
403.694,319,1.03644,0.989159,0.0568073,-0.304202
404.56,318.5,1.03605,0.984238,0.0548791,-0.318853
405.426,318,1.03093,0.977577,0.0416093,-0.32469
406.292,317.5,1.02878,0.972416,0.0321898,-0.3343
407.158,317,1.02989,0.967657,0.0268736,-0.351545
408.024,316.5,1.03682,0.967304,0.0234836,-0.37251
408.89,316,1.04951,0.970559,0.0224623,-0.398734
409.756,315.5,1.06204,0.967366,0.0290222,-0.437356
410.622,315,1.07641,0.964884,0.0375765,-0.475657
411.488,314.5,1.09517,0.965451,0.0466242,-0.514913
412.354,314,1.11473,0.978867,0.0472695,-0.531232
413.22,313.5,1.14545,1.00084,0.0490914,-0.554958
414.086,313,1.18339,1.02845,0.0489034,-0.583378
414.952,312.5,1.16755,1.01901,0.0293872,-0.569149
415.818,312,1.15741,1.01511,0.00905277,-0.555947
416.684,311.5,1.16389,1.02493,-0.0116856,-0.551366
417.55,311,1.16987,1.03508,-0.0294432,-0.54437
418.416,310.5,1.17021,1.03879,-0.0424631,-0.537128
419.282,310,1.16727,1.03801,-0.0367617,-0.532632
420.148,309.5,1.16672,1.03869,-0.0244248,-0.530827
421.014,309,1.16125,1.03459,-0.0117189,-0.527248
421.88,308.5,1.15116,1.02573,-0.00203116,-0.52255
422.746,308,1.1455,1.0216,0.00488009,-0.51816
423.612,307.5,1.16365,1.04285,0.012615,-0.516128
424.478,307,1.18207,1.06803,0.0237088,-0.505999
425.344,306.5,1.19548,1.08857,0.0326788,-0.493072
426.21,306,1.17826,1.08332,0.0288503,-0.462495
427.076,305.5,1.16401,1.08223,0.016941,-0.428263
427.942,305,1.15391,1.0858,-0.00265639,-0.390556
428.808,304.5,1.15985,1.09945,0.0091126,-0.369281
429.674,304,1.14527,1.08968,0.0265088,-0.351479
430.54,303.5,1.11425,1.06152,0.0473895,-0.3354
431.406,303,1.05989,1.00891,0.0667678,-0.317824
432.272,302.5,0.995674,0.948548,0.0772253,-0.292676
433.138,302,0.939539,0.897999,0.0785749,-0.264872
434.004,301.5,0.930362,0.891038,0.0786614,-0.255808
434.87,301,0.912585,0.877488,0.0812663,-0.237111
435.737,300.5,0.879977,0.852101,0.0862504,-0.202101
436.603,300,0.858952,0.837553,0.0809307,-0.172495
437.469,299.5,0.856876,0.839659,0.063952,-0.158494
438.335,299,0.854579,0.834814,0.0547417,-0.174337
439.201,298.5,0.8436,0.817663,0.0546462,-0.200254
440.067,298,0.832409,0.793815,0.0632831,-0.242401
440.933,297.5,0.822816,0.765526,0.0775264,-0.291522
441.799,297,0.802183,0.725084,0.0929944,-0.330309
442.665,296.5,0.740978,0.672857,0.0833661,-0.298936
443.531,296,0.783559,0.717265,0.0584876,-0.309959
444.397,295.5,0.774033,0.70169,0.0582657,-0.321501
445.263,295,0.761603,0.683736,0.0572762,-0.330549
446.129,294.5,0.749286,0.66624,0.051622,-0.338953
446.995,294,0.737852,0.649456,0.0404434,-0.347845
447.861,293.5,0.724429,0.630504,0.0275236,-0.355673
448.727,293,0.709137,0.609384,0.0128628,-0.362438
449.593,292.5,0.690768,0.584732,0.000108233,-0.367762
450.459,292,0.664987,0.552052,0.00805445,-0.370651
451.325,291.5,0.642715,0.524603,0.0223448,-0.370641
452.191,291,0.631676,0.520081,0.0532368,-0.354536
453.057,290.5,0.620861,0.516116,0.0838478,-0.334757
453.923,290,0.610587,0.512707,0.114178,-0.311305
454.789,289.5,0.601258,0.509855,0.144227,-0.28418
455.655,289,0.593373,0.507558,0.173994,-0.253382
456.521,288.5,0.587519,0.505818,0.203481,-0.218911
457.387,288,0.559484,0.483123,0.207479,-0.191226
458.253,287.5,0.520038,0.450796,0.201146,-0.163595
459.119,287,0.476524,0.418437,0.183654,-0.135119
459.985,286.5,0.401033,0.375523,0.121622,-0.0708388
460.851,286,0.358105,0.33475,0.115844,-0.0525492
461.717,285.5,0.334841,0.315331,0.100111,-0.0515974
462.583,285,0.333184,0.316821,0.0824835,-0.0619061
463.449,284.5,0.33048,0.313706,0.0670067,-0.0794699
464.315,284,0.329038,0.312244,0.0751556,-0.0715621
465.181,283.5,0.316196,0.301593,0.0778263,-0.0544465
466.047,283,0.292594,0.28152,0.0742183,-0.0291471
466.913,282.5,0.28002,0.267014,0.0670412,-0.0511872
467.779,282,0.268768,0.253144,0.0522105,-0.0736783
468.645,281.5,0.255253,0.238139,0.0292921,-0.0870964
469.512,281,0.273983,0.249912,0.00755742,-0.112043
470.378,280.5,0.30313,0.271431,-0.0114375,-0.13447
471.244,280,0.335779,0.301978,-0.0227802,-0.145045
472.11,279.5,0.372139,0.33939,-0.0215577,-0.15112
472.976,279,0.405581,0.374947,-0.0174142,-0.153646
473.842,278.5,0.436997,0.408997,-0.0194234,-0.152677
474.708,278,0.470097,0.444069,-0.0293848,-0.151427
475.574,277.5,0.517026,0.49135,-0.044224,-0.15471
476.44,277,0.584851,0.560336,-0.0375582,-0.16329
477.306,276.5,0.643711,0.621679,-0.0275396,-0.164685
478.172,276,0.807194,0.797097,-0.0740844,-0.103489
479.038,275.5,0.888107,0.878444,-0.0945891,-0.0901337
