x,v,vx,vy,vz
220.096,425,0.581121,0.581085,0.00331073,-0.00552059
220.962,424.5,0.579897,0.579875,0.00255811,-0.00443068
221.828,424,0.578866,0.578853,0.00180986,-0.00335838
222.694,423.5,0.578027,0.578022,0.00106555,-0.00230829
223.56,423,0.577316,0.577315,0.000500486,-0.0012069
224.426,422.5,0.576772,0.576772,4.0376e-05,-9.19751e-05
225.292,422,0.57711,0.577109,0.000694888,0.00107257
226.158,421.5,0.577438,0.577432,0.00152332,0.00221651
227.024,421,0.577722,0.577708,0.00233881,0.00334535
227.89,420.5,0.577986,0.577961,0.00309235,0.00445849
228.756,420,0.578298,0.578259,0.00379609,0.00554335
229.622,419.5,0.578847,0.578792,0.0040398,0.00691328
230.488,419,0.579718,0.579641,0.00386588,0.00865899
231.355,418.5,0.580763,0.580657,0.00376443,0.0104196
232.221,418,0.581983,0.581843,0.00368022,0.0122008
233.087,417.5,0.583264,0.583084,0.00365539,0.0140263
233.953,417,0.584652,0.584425,0.00365223,0.0158899
234.819,416.5,0.586042,0.585779,0.00312475,0.0172614
235.685,416,0.587331,0.587033,0.00252982,0.0185502
236.551,415.5,0.588526,0.588191,0.00187324,0.0197565
237.417,415,0.589636,0.589272,0.00117569,0.0206794
238.283,414.5,0.590529,0.590136,0.000448868,0.0215452
239.149,414,0.590846,0.59043,-8.71089e-06,0.0221685
240.015,413.5,0.590911,0.590491,-0.000292185,0.0222806
240.881,413,0.590937,0.590513,-0.000617955,0.0223721
241.747,412.5,0.590895,0.590466,-0.000974315,0.0224861
242.613,412,0.591007,0.590575,-0.00134353,0.022548
243.479,411.5,0.591174,0.590739,-0.00173778,0.0226128
244.345,411,0.591244,0.590802,-0.00210706,0.0227389
245.211,410.5,0.591395,0.590951,-0.00242837,0.0227897
246.077,410,0.591589,0.591144,-0.00270778,0.0227734
246.943,409.5,0.591761,0.591317,-0.0029931,0.0227104
247.809,409,0.591966,0.591526,-0.00323968,0.022601
248.675,408.5,0.592021,0.59158,-0.0034761,0.0225548
249.541,408,0.591887,0.591444,-0.0037748,0.0225693
250.407,407.5,0.591761,0.591317,-0.00405741,0.0225723
251.273,407,0.591728,0.591283,-0.00421741,0.0225544
252.139,406.5,0.591666,0.591221,-0.00438954,0.022521
253.005,406,0.591609,0.591166,-0.00457491,0.0224343
253.871,405.5,0.591847,0.591417,-0.0047281,0.022036
254.737,405,0.592124,0.591708,-0.00486027,0.0216563
255.603,404.5,0.592441,0.592037,-0.00497144,0.0212954
256.469,404,0.59291,0.592522,-0.00491843,0.0208899
257.335,403.5,0.593429,0.593053,-0.00484987,0.0205331
258.201,403,0.594302,0.593932,-0.00490135,0.0203715
259.067,402.5,0.595577,0.595208,-0.00500017,0.0203726
259.933,402,0.59701,0.596637,-0.00509825,0.0204775
260.799,401.5,0.598572,0.598192,-0.00520551,0.0206881
261.665,401,0.600187,0.599799,-0.0053202,0.0209159
262.531,400.5,0.601821,0.601425,-0.00537803,0.0211686
263.397,400,0.603396,0.602994,-0.00526776,0.0213957
264.263,399.5,0.604867,0.604461,-0.00517374,0.0215284
265.13,399,0.606191,0.605786,-0.00508727,0.0215566
265.996,398.5,0.607479,0.607072,-0.00500584,0.0216468
266.862,398,0.608591,0.608185,-0.00499797,0.0216661
267.728,397.5,0.608604,0.608208,-0.0048471,0.0214143
268.594,397,0.60816,0.607775,-0.00458198,0.0211411
269.46,396.5,0.607446,0.607075,-0.00435903,0.0207549
270.326,396,0.605896,0.605557,-0.00430044,0.0197899
271.192,395.5,0.604082,0.603777,-0.00429471,0.0186953
272.058,395,0.601808,0.601543,-0.00427885,0.0173634
272.924,394.5,0.597471,0.597279,-0.00380432,0.0146725
273.79,394,0.592626,0.592503,-0.00325568,0.01161
274.656,393.5,0.587294,0.587231,-0.00263643,0.00818681
275.522,393,0.580293,0.580281,-0.00157697,0.00346242
276.388,392.5,0.572569,0.572565,-0.000435421,-0.00195777
277.254,392,0.564324,0.564263,0.000306679,-0.00828433
278.12,391.5,0.555057,0.554828,0.000650516,-0.0159141
278.986,391,0.545527,0.54499,0.000797001,-0.0241902
279.852,390.5,0.536171,0.53517,0.000850465,-0.0327278
280.718,390,0.527614,0.525978,0.00111797,-0.0414944
281.584,389.5,0.520312,0.517877,0.00137919,-0.0502624
282.45,389,0.514317,0.510941,0.00136008,-0.058819
283.316,388.5,0.509504,0.505138,0.00146097,-0.0665424
284.182,388,0.506076,0.500784,0.00167105,-0.0729739
285.048,387.5,0.503274,0.497018,0.00166408,-0.0790878
285.914,387,0.501298,0.49413,0.00150739,-0.0844602
286.78,386.5,0.50217,0.494479,0.00170005,-0.0875335
287.646,386,0.503657,0.495427,0.00181128,-0.0906614
288.512,385.5,0.505402,0.496597,0.00180317,-0.0939095
289.378,385,0.506271,0.497008,0.00194045,-0.0963836
290.244,384.5,0.507802,0.49799,0.00201285,-0.0993225
291.11,384,0.510418,0.499978,0.00207106,-0.102686
291.976,383.5,0.512848,0.501973,0.000617831,-0.10505
292.842,383,0.515744,0.504389,-0.000880733,-0.107624
293.708,382.5,0.519313,0.507397,-0.00220971,-0.110584
294.574,382,0.523219,0.511161,-0.003169,-0.111636
295.44,381.5,0.52672,0.514814,-0.00392697,-0.111289
296.306,381,0.533927,0.52214,-0.00502202,-0.111457
297.172,380.5,0.542571,0.530335,-0.00624359,-0.114409
298.038,380,0.550523,0.53765,-0.0084982,-0.118053
298.905,379.5,0.557613,0.544252,-0.011553,-0.12078
299.771,379,0.563659,0.549417,-0.014023,-0.125125
300.637,378.5,0.57107,0.554811,-0.0135891,-0.134615
301.503,378,0.582075,0.56417,-0.0146161,-0.142513
302.369,377.5,0.595629,0.577171,-0.0190431,-0.145894
303.235,377,0.615259,0.598006,-0.0258789,-0.142347
304.101,376.5,0.637018,0.621818,-0.0328916,-0.13436
304.967,376,0.661693,0.648914,-0.0404538,-0.122927
305.833,375.5,0.696289,0.684337,-0.0359455,-0.123325
306.699,375,0.726549,0.715835,-0.032082,-0.120104
307.565,374.5,0.752242,0.743121,-0.0296748,-0.112952
308.431,374,0.770015,0.762689,-0.0246239,-0.103064
309.297,373.5,0.781676,0.776416,-0.0182896,-0.0886626
310.163,373,0.784842,0.781064,-0.0137682,-0.0756709
311.029,372.5,0.793361,0.78814,0.00731623,-0.0905766
311.895,372,0.802022,0.794163,0.0265994,-0.108795
312.761,371.5,0.807172,0.796739,0.0380004,-0.123648
313.627,371,0.804381,0.794523,0.0313584,-0.121567
314.493,370.5,0.803817,0.795697,0.0216152,-0.111899
315.359,370,0.801711,0.79459,0.0164472,-0.10534
316.225,369.5,0.796313,0.789386,0.0140608,-0.103859
317.091,369,0.788042,0.780767,0.0143762,-0.105865
317.957,368.5,0.780257,0.772517,0.0145027,-0.10866
318.823,368,0.772833,0.764283,0.0159652,-0.113521
319.689,367.5,0.755416,0.745204,0.0172406,-0.122585
320.555,367,0.73057,0.718573,0.0130936,-0.1312
321.421,366.5,0.708385,0.694813,0.00467756,-0.137918
322.287,366,0.693035,0.680069,-0.00758519,-0.133214
323.153,365.5,0.677822,0.666851,-0.0125759,-0.120805
324.019,365,0.663618,0.655737,-0.0106811,-0.101409
324.885,364.5,0.669407,0.661518,-0.0133186,-0.101599
325.751,364,0.671072,0.663789,-0.0136547,-0.0976443
326.617,363.5,0.668612,0.662496,-0.0116679,-0.0894659
327.483,363,0.660632,0.656443,-0.0102565,-0.0735638
328.349,362.5,0.652275,0.649576,-0.012348,-0.0579829
329.215,362,0.646173,0.644468,-0.0149871,-0.0444552
330.081,361.5,0.634582,0.633479,-0.0117759,-0.035502
330.947,361,0.614538,0.613843,-0.000484525,-0.0292141
331.813,360.5,0.588083,0.587302,0.0190205,-0.023584
332.679,360,0.555097,0.553325,0.0349469,-0.0272423
333.546,359.5,0.52023,0.517133,0.0403437,-0.0398249
334.412,359,0.513206,0.508414,0.0349004,-0.0606387
335.278,358.5,0.514944,0.508094,0.0261971,-0.0795114
336.144,358,0.531385,0.522952,0.0107835,-0.093676
337.01,357.5,0.544509,0.535421,-0.00240976,-0.0990386
337.876,357,0.558956,0.550113,-0.0131844,-0.0981536
338.742,356.5,0.630634,0.621194,-0.020372,-0.106782
339.608,356,0.714891,0.70551,-0.020624,-0.113579
340.474,355.5,0.791621,0.783347,-0.014215,-0.113262
341.34,355,0.900687,0.897501,-0.00765089,-0.0753
342.206,354.5,1.00484,1.00433,0.00102973,-0.0321085
343.072,354,1.09637,1.09624,0.00872188,0.0146601
343.938,353.5,1.13958,1.13906,0.0278121,0.020156
344.804,353,1.19033,1.18733,0.0721745,0.0439025
345.67,352.5,1.21254,1.20474,0.118977,0.0685497
346.536,352,1.19809,1.18323,0.163972,0.0922535
347.402,351.5,1.13817,1.10265,0.261734,0.105317
348.268,351,1.05549,0.986925,0.36123,0.0977207
349.134,350.5,0.938921,0.825618,0.441999,0.0675623
350,350,0.725264,0.585782,0.42336,0.0602838
350.866,349.5,0.520366,0.38694,0.339632,0.0755511
351.732,349,0.381402,0.285579,0.212634,0.136746
352.598,348.5,0.353631,0.258417,0.151805,0.1877
353.464,348,0.387527,0.283262,0.124903,0.233107
354.33,347.5,0.426113,0.338423,0.0735685,0.248254
355.196,347,0.466677,0.386435,0.0114209,0.26139
356.062,346.5,0.503585,0.43261,-0.00455406,0.257733
356.928,346,0.540509,0.469733,-0.00224354,0.267386
357.794,345.5,0.625822,0.562745,-0.0151611,0.273389
358.66,345,0.714729,0.658191,-0.0299412,0.276994
359.526,344.5,0.801576,0.749835,-0.0412333,0.280305
360.392,344,0.837833,0.797623,-0.0424581,0.2529
361.258,343.5,0.869665,0.840634,-0.0407544,0.219066
362.124,343,0.883957,0.864203,-0.0344526,0.182612
362.99,342.5,0.905811,0.888868,-0.0168542,0.17356
363.856,342,0.931756,0.918733,0.00388136,0.155188
364.722,341.5,0.952053,0.944159,0.0258456,0.119583
365.588,341,0.904105,0.899598,0.0309164,0.0847003
366.454,340.5,0.829983,0.826134,0.0113486,0.0790302
367.321,340,0.815207,0.813079,0.0135512,0.0572877
368.187,339.5,0.804577,0.803586,0.0158598,0.0366439
369.053,339,0.760756,0.759222,-0.0175915,0.0449788
369.919,338.5,0.781202,0.780481,-0.0269308,0.0200386
370.785,338,0.798887,0.798053,-0.0350524,-0.0100859
371.651,337.5,0.807683,0.805868,-0.0284411,-0.0460318
372.517,337,0.808192,0.805736,-0.00434203,-0.0628048
373.383,336.5,0.816334,0.813788,0.0171686,-0.0620857
374.249,336,0.850457,0.848533,0.0392182,-0.0415926
375.115,335.5,0.889041,0.887121,0.0513154,-0.0278733
375.981,335,0.930934,0.929163,0.0534584,-0.0209127
376.847,334.5,0.881623,0.879333,0.0528012,-0.035275
377.713,334,0.89798,0.895266,0.028361,-0.0637333
378.579,333.5,0.859288,0.85323,0.0517906,-0.0877044
379.445,333,0.897696,0.888878,0.0507205,-0.11481
380.311,332.5,0.937041,0.926133,0.045383,-0.135145
381.177,332,0.958653,0.94826,0.0334532,-0.13675
382.043,331.5,0.958399,0.949275,0.0174497,-0.130774
382.909,331,0.959324,0.949064,0.00384308,-0.139877
383.775,330.5,0.965022,0.950979,-0.00488156,-0.163962
384.641,330,0.970734,0.949089,-0.00347877,-0.203816
385.507,329.5,0.968195,0.936419,0.00483545,-0.245959
386.373,329,0.931684,0.888981,-0.00219988,-0.278822
387.239,328.5,0.906753,0.854831,-0.009059,-0.302298
388.105,328,0.894776,0.838371,-0.0160068,-0.312253
388.971,327.5,0.887208,0.825551,-0.0173247,-0.324503
389.837,327,0.883408,0.81585,-0.0145602,-0.338507
390.703,326.5,0.876617,0.804728,-0.0168347,-0.347256
391.569,326,0.870069,0.795138,-0.0215724,-0.352576
392.435,325.5,0.868434,0.791092,-0.0270668,-0.357237
393.301,325,0.858334,0.784325,-0.0239942,-0.347844
394.167,324.5,0.857236,0.781376,-0.0145583,-0.352269
395.033,324,0.864023,0.781604,0.000368052,-0.368279
395.899,323.5,0.838671,0.770354,-0.00492409,-0.331513
396.765,323,0.814165,0.757282,-0.0114603,-0.298757
397.631,322.5,0.906662,0.8375,-0.0434418,-0.344592
398.497,322,0.91774,0.846079,-0.0387872,-0.353402
399.363,321.5,0.914458,0.846499,-0.02873,-0.344743
400.229,321,1.03386,0.943877,-0.023472,-0.421198
401.095,320.5,1.05816,0.960415,-0.0132922,-0.443981
401.962,320,1.02779,0.93072,-0.00272098,-0.436
402.828,319.5,1.00501,0.907824,0.0075569,-0.431105
403.694,319,0.979799,0.890374,0.00747031,-0.408882
404.56,318.5,0.941531,0.871441,-0.0076151,-0.356391
405.426,318,0.893026,0.839281,-0.0245801,-0.304137
406.292,317.5,0.865199,0.81854,-0.0303253,-0.278642
407.158,317,0.864998,0.810512,-0.0230877,-0.301261
408.024,316.5,0.870662,0.810223,-0.0138957,-0.318429
408.89,316,0.880224,0.817254,-0.00414935,-0.326913
409.756,315.5,0.879541,0.8257,0.00271676,-0.302992
410.622,315,0.880589,0.833707,0.0174354,-0.28296
411.488,314.5,0.883643,0.840344,0.0368951,-0.270714
412.354,314,0.894129,0.853633,0.0607558,-0.259011
413.22,313.5,0.915553,0.875959,0.0854334,-0.252259
414.086,313,0.943303,0.904712,0.105374,-0.24538
414.952,312.5,0.91853,0.893969,0.0853483,-0.192956
415.818,312,0.897474,0.883496,0.0624676,-0.144885
416.684,311.5,0.889021,0.88158,0.0398865,-0.10763
417.55,311,0.883403,0.876943,0.0304586,-0.102197
418.416,310.5,0.866142,0.856522,0.0355481,-0.123728
419.282,310,0.838661,0.823716,0.0513591,-0.149019
420.148,309.5,0.8159,0.801876,0.0507392,-0.141825
421.014,309,0.802079,0.793115,0.037996,-0.113379
421.88,308.5,0.794203,0.788597,0.0244624,-0.0909715
422.746,308,0.793247,0.789254,0.00882336,-0.0790003
423.612,307.5,0.79958,0.795557,-0.01223,-0.0791755
424.478,307,0.794032,0.791093,-0.0245434,-0.0636941
425.344,306.5,0.784677,0.782781,-0.0265658,-0.0475957
426.21,306,0.787687,0.785899,-0.0217375,-0.0483773
427.076,305.5,0.766826,0.764304,-0.0160195,-0.0600445
427.942,305,0.779314,0.775632,-0.0286205,-0.0700433
428.808,304.5,0.792936,0.788139,0.0193188,-0.0849252
429.674,304,0.815996,0.807073,0.0657715,-0.100778
430.54,303.5,0.848736,0.8341,0.104605,-0.116996
431.406,303,0.883561,0.872472,0.0888483,-0.107601
432.272,302.5,0.916567,0.909527,0.0631136,-0.0941913
433.138,302,0.94775,0.943133,0.0382537,-0.0852442
434.004,301.5,0.966257,0.95959,0.0404409,-0.105847
434.87,301,0.972472,0.962568,0.0516044,-0.128452
435.737,300.5,0.969227,0.956328,0.0637867,-0.144119
436.603,300,0.959059,0.942993,0.0759103,-0.157469
437.469,299.5,0.970358,0.949924,0.0848868,-0.17898
438.335,299,0.990072,0.967796,0.0801879,-0.192827
439.201,298.5,1.00479,0.982317,0.0699478,-0.199388
440.067,298,1.01699,0.996068,0.057659,-0.196965
440.933,297.5,1.0252,1.00707,0.0491436,-0.185534
441.799,297,1.03134,1.01687,0.046977,-0.165609
442.665,296.5,1.04362,1.03007,0.0555286,-0.15816
443.531,296,1.05705,1.04132,0.0577086,-0.172251
444.397,295.5,1.07064,1.05261,0.0566002,-0.187322
445.263,295,1.09288,1.07253,0.051242,-0.203543
446.129,294.5,1.11399,1.09211,0.0382504,-0.216385
446.995,294,1.13419,1.11133,0.0176255,-0.225848
447.861,293.5,1.09467,1.07424,0.0418038,-0.206323
448.727,293,1.04872,1.02896,0.0705552,-0.189906
449.593,292.5,1.00355,0.98242,0.0982191,-0.179784
450.459,292,0.954088,0.926881,0.118853,-0.192484
451.325,291.5,0.916691,0.880093,0.132191,-0.219738
452.191,291,0.887376,0.845785,0.130555,-0.234607
453.057,290.5,0.847735,0.814591,0.106223,-0.209313
453.923,290,0.805561,0.781669,0.0797541,-0.177655
454.789,289.5,0.816507,0.803146,0.0511507,-0.137926
455.655,289,0.802506,0.789649,0.0423239,-0.136669
456.521,288.5,0.792026,0.779308,0.0345578,-0.137076
457.387,288,0.801754,0.786728,0.0390957,-0.149468
458.253,287.5,0.82086,0.801505,0.0457306,-0.171201
459.119,287,0.850687,0.825664,0.0520978,-0.198071
459.985,286.5,0.892353,0.863948,0.0533766,-0.216885
460.851,286,0.928864,0.897342,0.0491298,-0.234841
461.717,285.5,0.960321,0.925848,0.0393574,-0.251939
462.583,285,0.961181,0.926568,0.0282962,-0.254047
463.449,284.5,0.945414,0.911831,0.0202591,-0.248923
464.315,284,0.900855,0.871156,-0.0129243,-0.229043
465.181,283.5,0.949833,0.917707,-0.0197175,-0.244146
466.047,283,0.991198,0.956713,-0.0175693,-0.258584
466.913,282.5,1.00421,0.964302,-0.0109559,-0.280085
467.779,282,1.01536,0.968203,-0.00829863,-0.305736
468.645,281.5,1.02624,0.970897,-0.0111285,-0.332255
469.512,281,1.03473,0.973773,-0.0303316,-0.348586
470.378,280.5,1.04523,0.978278,-0.0585619,-0.363387
471.244,280,1.056,0.981431,-0.0804976,-0.381374
472.11,279.5,1.06792,0.984633,-0.0726706,-0.407023
472.976,279,1.0826,0.986239,-0.0494372,-0.443734
473.842,278.5,1.10005,0.986363,-0.0349167,-0.485778
474.708,278,1.11103,0.978869,-0.0317375,-0.524594
475.574,277.5,1.10914,0.96447,-0.0315962,-0.546798
476.44,277,1.12356,0.966826,-0.0232972,-0.571928
477.306,276.5,1.15285,0.980829,-0.0195318,-0.605528
478.172,276,1.18327,0.997643,-0.0132937,-0.636129
479.038,275.5,1.21352,1.01763,-0.00220686,-0.661089
