x,v,vx,vy,vz
220.096,425,0.623123,0.623115,0.000275368,0.0031295
220.962,424.5,0.623028,0.623017,0.00043539,0.00366145
221.828,424,0.622903,0.622888,0.000606624,0.00420232
222.694,423.5,0.622748,0.62273,0.000787154,0.00475387
223.56,423,0.622484,0.622461,0.000979536,0.00520953
224.426,422.5,0.622165,0.622138,0.00117369,0.00563438
225.292,422,0.621822,0.621792,0.00132731,0.00595404
226.158,421.5,0.621373,0.621341,0.00139782,0.00616751
227.024,421,0.620869,0.620835,0.00140753,0.00632536
227.89,420.5,0.620348,0.620313,0.00138135,0.0064786
228.756,420,0.619848,0.619812,0.00132236,0.00656108
229.622,419.5,0.619324,0.619288,0.00129688,0.00652701
230.488,419,0.618695,0.61866,0.00132325,0.00642134
231.355,418.5,0.618039,0.618006,0.00135315,0.00624103
232.221,418,0.617377,0.617347,0.00140254,0.00593884
233.087,417.5,0.616699,0.616672,0.00143417,0.00559253
233.953,417,0.616026,0.616002,0.00144302,0.0051919
234.819,416.5,0.615158,0.615139,0.00133904,0.00465994
235.685,416,0.614313,0.614298,0.00121454,0.00412989
236.551,415.5,0.613498,0.613486,0.00107237,0.00360392
237.417,415,0.612815,0.612806,0.000968561,0.00311985
238.283,414.5,0.612197,0.612191,0.000856644,0.0026461
239.149,414,0.611759,0.611755,0.000774069,0.0021562
240.015,413.5,0.611439,0.611437,0.000653116,0.00169014
240.881,413,0.611126,0.611124,0.000509273,0.00126564
241.747,412.5,0.61082,0.610819,0.000351435,0.000879881
242.613,412,0.610577,0.610576,0.000165304,0.000624866
243.479,411.5,0.610395,0.610395,-4.5506e-05,0.000458555
244.345,411,0.610366,0.610366,-0.00021006,0.000376818
245.211,410.5,0.610236,0.610236,-0.000354406,0.000436103
246.077,410,0.610019,0.610018,-0.000480308,0.000589991
246.943,409.5,0.609772,0.609771,-0.000592449,0.000773949
247.809,409,0.609403,0.609401,-0.000671867,0.00104391
248.675,408.5,0.608524,0.608522,-0.000717003,0.00142502
249.541,408,0.60739,0.607387,-0.000774577,0.00186706
250.407,407.5,0.606207,0.606202,-0.000828767,0.00239702
251.273,407,0.604867,0.604858,-0.000838516,0.00302152
252.139,406.5,0.603534,0.603523,-0.000867043,0.00367241
253.005,406,0.602177,0.60216,-0.000877092,0.00435889
253.871,405.5,0.600495,0.600473,-0.000543532,0.00512423
254.737,405,0.59884,0.598811,-0.000221659,0.0058734
255.603,404.5,0.597209,0.597173,8.8527e-05,0.00660641
256.469,404,0.595205,0.595162,0.000604973,0.0071536
257.335,403.5,0.593238,0.593187,0.00109644,0.00768595
258.201,403,0.591536,0.591477,0.00154221,0.0082457
259.067,402.5,0.589892,0.589828,0.00250133,0.00831442
259.933,402,0.588221,0.588154,0.00360474,0.0080612
260.799,401.5,0.586554,0.586486,0.00469733,0.0076015
261.665,401,0.584295,0.58423,0.00582311,0.00646795
262.531,400.5,0.581591,0.58153,0.00691151,0.00477948
263.397,400,0.578639,0.57858,0.00774632,0.00280521
264.263,399.5,0.575626,0.575564,0.00840572,0.000216674
265.13,399,0.572529,0.572452,0.00890707,-0.00304362
265.996,398.5,0.569495,0.56938,0.00936908,-0.006561
266.862,398,0.566419,0.566244,0.00953721,-0.0103542
267.728,397.5,0.562863,0.562604,0.00897567,-0.0145098
268.594,397,0.559523,0.559145,0.00830686,-0.018813
269.46,396.5,0.556761,0.556231,0.007435,-0.0231338
270.326,396,0.555376,0.554682,0.00569736,-0.0271579
271.192,395.5,0.554192,0.553299,0.00399564,-0.0312069
272.058,395,0.55341,0.552288,0.00230643,-0.035146
272.924,394.5,0.55429,0.552928,0.000411295,-0.0388302
273.79,394,0.555599,0.553972,-0.00140067,-0.0424612
274.656,393.5,0.557323,0.55541,-0.00312663,-0.0460363
275.522,393,0.560236,0.55806,-0.00491766,-0.0490795
276.388,392.5,0.563531,0.561091,-0.0066153,-0.0519614
277.254,392,0.567253,0.564571,-0.00838022,-0.0544486
278.12,391.5,0.572005,0.569106,-0.0101546,-0.0566102
278.986,391,0.577368,0.57426,-0.0118741,-0.0586446
279.852,390.5,0.58301,0.579687,-0.0135334,-0.0606649
280.718,390,0.589268,0.585732,-0.0149163,-0.0627076
281.584,389.5,0.595817,0.59208,-0.016118,-0.0646545
282.45,389,0.602089,0.598165,-0.0171978,-0.0664404
283.316,388.5,0.608602,0.604523,-0.0179856,-0.0680113
284.182,388,0.615126,0.610986,-0.0183989,-0.0688348
285.048,387.5,0.621673,0.617482,-0.0191174,-0.0694811
285.914,387,0.628415,0.624161,-0.0200684,-0.0701806
286.78,386.5,0.636331,0.631897,-0.020856,-0.0720243
287.646,386,0.644167,0.639544,-0.0223753,-0.0737222
288.512,385.5,0.651725,0.646911,-0.0246786,-0.075117
289.378,385,0.656503,0.651739,-0.0267276,-0.0742918
290.244,384.5,0.661247,0.656496,-0.028113,-0.0739614
291.11,384,0.666074,0.661212,-0.0290188,-0.0749103
291.976,383.5,0.67178,0.666919,-0.0319512,-0.0740755
292.842,383,0.678247,0.673865,-0.0352527,-0.0684276
293.708,382.5,0.685551,0.68198,-0.0387106,-0.0581762
294.574,382,0.693516,0.690138,-0.0421723,-0.0538092
295.44,381.5,0.699737,0.695977,-0.0471857,-0.0549704
296.306,381,0.714762,0.710606,-0.048949,-0.0593921
297.172,380.5,0.729755,0.725985,-0.0526474,-0.0521263
298.038,380,0.743146,0.740158,-0.0533749,-0.039794
298.905,379.5,0.753412,0.751175,-0.0505714,-0.0284141
299.771,379,0.764282,0.762556,-0.0454835,-0.0237988
300.637,378.5,0.774463,0.772687,-0.0447092,-0.027357
301.503,378,0.778867,0.777317,-0.0397841,-0.0288156
302.369,377.5,0.780729,0.77976,-0.0288478,-0.0260974
303.235,377,0.781059,0.780718,-0.0102747,-0.0206684
304.101,376.5,0.778599,0.778383,0.00427185,-0.0178525
304.967,376,0.773343,0.773012,0.0142856,-0.0175456
305.833,375.5,0.774874,0.774625,0.0128156,-0.0148901
306.699,375,0.774995,0.774824,0.010896,-0.0120551
307.565,374.5,0.773387,0.773283,0.00876258,-0.00916297
308.431,374,0.769268,0.769204,0.00396596,-0.00908239
309.297,373.5,0.766142,0.766082,-0.00111752,-0.00946569
310.163,373,0.764782,0.764693,-0.00416873,-0.0109363
311.029,372.5,0.76589,0.765808,-0.00309925,-0.0107606
311.895,372,0.766437,0.766384,-0.00168215,-0.00890497
312.761,371.5,0.765678,0.765656,-0.000494321,-0.00581709
313.627,371,0.765621,0.765619,0.00137714,0.000677959
314.493,370.5,0.766831,0.766767,0.00354691,0.00928417
315.359,370,0.769099,0.768739,0.00489952,0.0230129
316.225,369.5,0.773636,0.772727,0.00729077,0.0367623
317.091,369,0.780189,0.778654,0.0101485,0.0478458
317.957,368.5,0.786748,0.784448,0.0130358,0.0586892
318.823,368,0.791063,0.788019,0.0152745,0.0676322
319.689,367.5,0.785801,0.782589,0.0161284,0.0691285
320.555,367,0.77812,0.774732,0.0190217,0.0699944
321.421,366.5,0.772723,0.768972,0.0220071,0.0727938
322.287,366,0.778501,0.774856,0.0100196,0.0745733
323.153,365.5,0.787905,0.784027,-0.00722703,0.0777341
324.019,365,0.798202,0.793341,-0.0285182,0.083209
324.885,364.5,0.760616,0.754431,-0.00933063,0.0963481
325.751,364,0.721893,0.714595,0.00472876,0.102281
326.617,363.5,0.681552,0.673889,0.0135094,0.101013
327.483,363,0.641519,0.634281,0.0192335,0.0941503
328.349,362.5,0.599669,0.593082,0.0251417,0.085001
329.215,362,0.571432,0.566313,0.0268766,0.0714306
330.081,361.5,0.550743,0.547229,0.0245045,0.0570748
330.947,361,0.528812,0.52661,0.019839,0.0439379
331.813,360.5,0.572557,0.570165,0.00880878,0.0515346
332.679,360,0.550326,0.548987,0.00299126,0.0382556
333.546,359.5,0.529406,0.5289,-0.00322444,0.0229113
334.412,359,0.51003,0.509905,-0.00983834,0.00550179
335.278,358.5,0.492489,0.492002,-0.0168504,-0.013973
336.144,358,0.483675,0.481954,-0.0204696,-0.0352571
337.01,357.5,0.505753,0.503552,-0.00639424,-0.0466944
337.876,357,0.530265,0.52737,0.0092701,-0.0545481
338.742,356.5,0.551041,0.547187,0.0229748,-0.0608635
339.608,356,0.56788,0.563004,0.0347198,-0.0656404
340.474,355.5,0.580641,0.574821,0.0445051,-0.0688791
341.34,355,0.514917,0.508503,0.0216017,-0.0780873
342.206,354.5,0.521315,0.513074,0.0208199,-0.0899487
343.072,354,0.532342,0.522297,0.0233019,-0.100253
343.938,353.5,0.551865,0.544504,0.0424306,-0.079181
344.804,353,0.562596,0.555489,0.0683063,-0.0572787
345.67,352.5,0.565259,0.554982,0.100885,-0.0365336
346.536,352,0.557652,0.54142,0.124712,-0.0478164
347.402,351.5,0.562602,0.535271,0.16437,-0.0546607
348.268,351,0.567021,0.520915,0.20853,-0.0817013
349.134,350.5,0.597916,0.535201,0.246359,-0.101836
350,350,0.704937,0.65441,0.250394,-0.0773716
350.866,349.5,0.869691,0.835794,0.237292,-0.0387766
351.732,349,0.960472,0.938285,0.198882,0.050737
352.598,348.5,1.02536,0.999283,0.170245,0.154289
353.464,348,1.08414,1.04163,0.138385,0.266851
354.33,347.5,1.08512,1.03303,0.128242,0.306416
355.196,347,0.973105,0.942328,0.0525157,0.23705
356.062,346.5,0.95054,0.929159,0.00125941,0.200468
356.928,346,0.931643,0.915868,-0.0489814,0.163542
357.794,345.5,0.931886,0.909899,-0.0234516,0.199864
358.66,345,0.937105,0.90777,0.00394482,0.232602
359.526,344.5,0.948617,0.912367,0.0229589,0.258714
360.392,344,0.899193,0.858451,0.0482089,0.263223
361.258,343.5,0.825518,0.783496,0.0711085,0.250114
362.124,343,0.731753,0.692532,0.0914711,0.217933
362.99,342.5,0.649073,0.618272,0.0906231,0.175566
363.856,342,0.579554,0.554576,0.0847199,0.145433
364.722,341.5,0.520519,0.498155,0.0786906,0.128802
365.588,341,0.478443,0.461756,0.0647963,0.107196
366.454,340.5,0.443754,0.432408,0.0481252,0.0873187
367.321,340,0.434666,0.428159,0.0392574,0.0638258
368.187,339.5,0.43611,0.434589,0.0298838,0.0207619
369.053,339,0.45216,0.450484,0.0185677,-0.034182
369.919,338.5,0.464618,0.457796,0.00810668,-0.0789118
370.785,338,0.483371,0.46725,-0.00127618,-0.123785
371.651,337.5,0.524613,0.491509,-0.0136085,-0.182901
372.517,337,0.558844,0.506951,-0.0282102,-0.233477
373.383,336.5,0.590578,0.518459,-0.0383942,-0.280193
374.249,336,0.638817,0.541997,-0.0446542,-0.335159
375.115,335.5,0.69434,0.569805,-0.0461905,-0.394076
375.981,335,0.756911,0.601862,-0.0429532,-0.456981
376.847,334.5,0.815896,0.633585,-0.0292573,-0.513225
377.713,334,0.873386,0.659405,-0.0193396,-0.572376
378.579,333.5,0.930353,0.678923,-0.0131924,-0.635961
379.445,333,0.958434,0.688859,-0.0226343,-0.666
380.311,332.5,0.993586,0.701373,-0.044559,-0.702356
381.177,332,1.04216,0.728167,-0.0601478,-0.74314
382.043,331.5,1.06556,0.777057,-0.0268316,-0.728621
382.909,331,1.08008,0.821676,0.0131126,-0.700899
383.775,330.5,1.09613,0.857607,0.0453959,-0.681138
384.641,330,1.09117,0.879477,0.0597927,-0.643116
385.507,329.5,1.07159,0.896055,0.0590406,-0.584726
386.373,329,1.04999,0.906967,0.0420939,-0.527365
387.239,328.5,1.03944,0.918018,0.0217072,-0.487044
388.105,328,1.03395,0.924189,-0.00376584,-0.463596
388.971,327.5,1.0317,0.930238,-0.0313914,-0.445062
389.837,327,1.03051,0.935156,-0.0581818,-0.429001
390.703,326.5,1.02883,0.942014,-0.0682557,-0.407964
391.569,326,1.03441,0.955454,-0.0700566,-0.390131
392.435,325.5,1.0445,0.971918,-0.0676098,-0.376542
393.301,325,1.05898,0.99092,-0.0504393,-0.370092
394.167,324.5,1.07987,1.01395,-0.033526,-0.370008
395.033,324,1.10672,1.0409,-0.0171483,-0.375589
395.899,323.5,1.10531,1.04621,0.00130529,-0.356576
396.765,323,1.1103,1.05744,0.0123863,-0.338281
397.631,322.5,1.1246,1.07734,0.0148004,-0.322238
398.497,322,1.13905,1.10111,0.00645637,-0.291439
399.363,321.5,1.15654,1.12695,0.00253257,-0.259959
400.229,321,1.16908,1.14465,0.00737726,-0.237655
401.095,320.5,1.16308,1.1411,0.0166924,-0.224432
401.962,320,1.14162,1.12112,0.0278807,-0.213562
402.828,319.5,1.11413,1.09451,0.0407988,-0.204148
403.694,319,1.09891,1.07918,0.0348809,-0.204328
404.56,318.5,1.10564,1.08535,0.00514013,-0.21082
405.426,318,1.10036,1.0805,-0.0145878,-0.207564
406.292,317.5,1.09557,1.07444,-0.0296776,-0.212083
407.158,317,1.11894,1.08966,-0.0439546,-0.250459
408.024,316.5,1.14497,1.10701,-0.0621119,-0.285734
408.89,316,1.17175,1.12531,-0.0811864,-0.316357
409.756,315.5,1.17719,1.12594,-0.0805608,-0.333984
410.622,315,1.17776,1.12054,-0.080059,-0.353702
411.488,314.5,1.17966,1.1152,-0.080019,-0.376192
412.354,314,1.16972,1.10368,-0.0552903,-0.383529
413.22,313.5,1.16179,1.09353,-0.0260808,-0.391474
414.086,313,1.15698,1.0847,0.00388488,-0.402506
414.952,312.5,1.11646,1.04436,0.0104469,-0.394575
415.818,312,1.10563,1.03592,0.0283996,-0.385313
416.684,311.5,1.06396,0.999087,0.0392472,-0.363739
417.55,311,1.01443,0.951212,0.0539301,-0.348349
418.416,310.5,0.993939,0.931305,0.0589027,-0.342222
419.282,310,0.981922,0.923057,0.0573117,-0.329927
420.148,309.5,0.990439,0.936652,0.0455813,-0.318706
421.014,309,0.999003,0.949307,0.0336123,-0.309343
421.88,308.5,1.01078,0.961233,0.018958,-0.311995
422.746,308,1.0126,0.958768,0.0169432,-0.325325
423.612,307.5,1.01407,0.95275,0.0185838,-0.346784
424.478,307,1.0221,0.950587,0.0199962,-0.375073
425.344,306.5,1.05036,0.973186,0.0159407,-0.394866
426.21,306,1.05592,0.972058,0.0120186,-0.412219
427.076,305.5,1.07208,0.972534,-0.000906618,-0.45115
427.942,305,1.11299,1.00709,-0.00119698,-0.473822
428.808,304.5,1.11159,1.00722,0.00163278,-0.470258
429.674,304,1.18049,1.06492,0.0594852,-0.505913
430.54,303.5,1.14764,1.04696,0.00149662,-0.470057
431.406,303,1.17495,1.08376,-0.0116292,-0.453702
432.272,302.5,1.21102,1.12758,-0.0253913,-0.441003
433.138,302,1.23454,1.15553,-0.0296043,-0.433529
434.004,301.5,1.16445,1.08949,-0.00355787,-0.411021
434.87,301,1.08413,1.01535,0.0251616,-0.37917
435.737,300.5,1.01305,0.951448,0.0532865,-0.343764
436.603,300,0.965951,0.900596,0.0790933,-0.340193
437.469,299.5,0.927288,0.847716,0.103526,-0.361279
438.335,299,0.871756,0.776682,0.126075,-0.375272
439.201,298.5,0.814533,0.698005,0.152592,-0.391112
440.067,298,0.768346,0.623782,0.177566,-0.411973
440.933,297.5,0.720433,0.548553,0.197615,-0.423156
441.799,297,0.677642,0.476927,0.211891,-0.432252
442.665,296.5,0.665768,0.430106,0.216882,-0.459585
443.531,296,0.657636,0.396524,0.212828,-0.479539
444.397,295.5,0.643709,0.360713,0.201723,-0.493513
445.263,295,0.610155,0.333963,0.194299,-0.472235
446.129,294.5,0.578779,0.311214,0.187151,-0.450672
446.995,294,0.549479,0.292464,0.180278,-0.428825
447.861,293.5,0.54195,0.297785,0.193337,-0.409457
448.727,293,0.537456,0.290442,0.208817,-0.40112
449.593,292.5,0.533568,0.266724,0.224555,-0.403892
450.459,292,0.525796,0.250172,0.226717,-0.403082
451.325,291.5,0.525802,0.246961,0.220253,-0.408616
452.191,291,0.513808,0.24767,0.209673,-0.398367
453.057,290.5,0.50706,0.269482,0.198918,-0.380684
453.923,290,0.509854,0.325242,0.198546,-0.338744
454.789,289.5,0.52735,0.394,0.182542,-0.299233
455.655,289,0.556982,0.473067,0.144335,-0.256134
456.521,288.5,0.595551,0.551274,0.102411,-0.200722
457.387,288,0.642012,0.623742,0.0649024,-0.137525
458.253,287.5,0.718224,0.709289,0.032577,-0.108142
459.119,287,0.792187,0.785133,0.0382521,-0.0983032
459.985,286.5,0.857586,0.851547,0.0540524,-0.0860137
460.851,286,0.904197,0.901443,0.0451709,-0.0541455
461.717,285.5,0.935925,0.935325,0.0328743,-0.00642967
462.583,285,0.955251,0.952744,0.0107419,0.0683211
463.449,284.5,0.962173,0.957036,-0.0344744,0.0931179
464.315,284,0.928431,0.921255,-0.068005,0.0929956
465.181,283.5,0.868337,0.860665,-0.0828956,0.0799641
466.047,283,0.830837,0.823237,-0.0842397,0.0739895
466.913,282.5,0.80225,0.795349,-0.0747356,0.0737548
467.779,282,0.756426,0.755247,-0.0284312,0.0311882
468.645,281.5,0.642604,0.640975,-0.00078585,-0.0457213
469.512,281,0.458148,0.431271,-0.0124832,-0.154106
470.378,280.5,0.303485,0.200776,-0.0427569,-0.223526
471.244,280,0.255605,0.043487,-0.0381286,-0.248976
472.11,279.5,0.245537,-0.017241,-0.00654763,-0.244843
472.976,279,0.266272,-0.0369698,0.0251873,-0.262488
473.842,278.5,0.289484,-0.0569736,0.0560352,-0.278236
474.708,278,0.298734,-0.0809457,0.106463,-0.267124
475.574,277.5,0.271823,-0.055341,0.131578,-0.231327
476.44,277,0.235845,0.0063663,0.142324,-0.187952
477.306,276.5,0.211174,0.0541656,0.163276,-0.122481
478.172,276,0.212687,0.107476,0.177959,-0.0448935
479.038,275.5,0.247151,0.145205,0.19463,0.0460227
