x,v,vx,vy,vz
220.096,425,0.60146,0.598848,-0.00388942,-0.0558485
220.962,424.5,0.595209,0.592507,-0.00447138,-0.0564687
221.828,424,0.589325,0.586531,-0.0050679,-0.0570925
222.694,423.5,0.583806,0.580918,-0.00568101,-0.0577216
223.56,423,0.578691,0.57572,-0.00621017,-0.0582337
224.426,422.5,0.573964,0.570911,-0.00671203,-0.0587428
225.292,422,0.570549,0.56744,-0.00665528,-0.0591091
226.158,421.5,0.567409,0.56426,-0.0065214,-0.0593419
227.024,421,0.564477,0.561299,-0.00637171,-0.0594725
227.89,420.5,0.561753,0.558553,-0.00621521,-0.0595533
228.756,420,0.559333,0.556131,-0.00604774,-0.0594515
229.622,419.5,0.559995,0.556852,-0.00607078,-0.0589349
230.488,419,0.564137,0.561105,-0.00631441,-0.0580665
231.355,418.5,0.56851,0.565613,-0.00653049,-0.0569428
232.221,418,0.573148,0.570423,-0.00669418,-0.0554269
233.087,417.5,0.57788,0.575335,-0.00681316,-0.0537452
233.953,417,0.582724,0.580373,-0.00687272,-0.0518386
234.819,416.5,0.589199,0.587057,-0.00657063,-0.0497614
235.685,416,0.595341,0.593392,-0.00631476,-0.0477113
236.551,415.5,0.601113,0.599343,-0.0061094,-0.0456857
237.417,415,0.60627,0.604664,-0.00595013,-0.0437017
238.283,414.5,0.611005,0.609547,-0.00585868,-0.0417841
239.149,414,0.614444,0.613092,-0.00579847,-0.0403214
240.015,413.5,0.616308,0.615021,-0.00574838,-0.0393984
240.881,413,0.617723,0.61649,-0.0057499,-0.0385894
241.747,412.5,0.618732,0.617544,-0.00580239,-0.0378832
242.613,412,0.619281,0.618123,-0.00586395,-0.0374063
243.479,411.5,0.619477,0.618338,-0.00596858,-0.037065
244.345,411,0.618645,0.617524,-0.00623528,-0.0367048
245.211,410.5,0.617732,0.616634,-0.00645775,-0.0362521
246.077,410,0.616757,0.615688,-0.00660467,-0.035686
246.943,409.5,0.615697,0.61467,-0.00670711,-0.0349178
247.809,409,0.614589,0.613604,-0.00668413,-0.0341368
248.675,408.5,0.614562,0.613584,-0.0063657,-0.0340649
249.541,408,0.615032,0.614043,-0.00595821,-0.0343554
250.407,407.5,0.615157,0.614152,-0.00550604,-0.0347254
251.273,407,0.614951,0.613913,-0.00484962,-0.0353813
252.139,406.5,0.614377,0.61331,-0.00414939,-0.0359492
253.005,406,0.613456,0.612362,-0.00338037,-0.0364633
253.871,405.5,0.612489,0.611354,-0.00233069,-0.0371957
254.737,405,0.611363,0.610191,-0.00124947,-0.0378209
255.603,404.5,0.610078,0.608872,-0.000136685,-0.0383389
256.469,404,0.608548,0.60729,0.00102996,-0.039091
257.335,403.5,0.606724,0.605415,0.00220283,-0.0397773
258.201,403,0.604949,0.603559,0.00334966,-0.0408492
259.067,402.5,0.603319,0.601821,0.00401077,-0.0422974
259.933,402,0.601514,0.599918,0.00448423,-0.0435491
260.799,401.5,0.599478,0.597802,0.0049012,-0.0445252
261.665,401,0.597439,0.595701,0.0048689,-0.0452766
262.531,400.5,0.595791,0.594012,0.00449088,-0.0457879
263.397,400,0.596122,0.594317,0.00399699,-0.0461784
264.263,399.5,0.596464,0.594644,0.0036294,-0.0464168
265.13,399,0.596734,0.594905,0.0033957,-0.0465587
265.996,398.5,0.596729,0.594907,0.00324795,-0.0464899
266.862,398,0.596395,0.594584,0.00327648,-0.046333
267.728,397.5,0.595758,0.593918,0.00358133,-0.0466571
268.594,397,0.594959,0.593085,0.00388343,-0.0470221
269.46,396.5,0.593941,0.592038,0.00416539,-0.0473181
270.326,396,0.592666,0.590725,0.00439107,-0.0477302
271.192,395.5,0.591356,0.589378,0.00456523,-0.0481147
272.058,395,0.589894,0.587885,0.00476537,-0.0484154
272.924,394.5,0.588145,0.586083,0.00550395,-0.0488985
273.79,394,0.5863,0.584177,0.0062935,-0.04945
274.656,393.5,0.584356,0.582163,0.00712992,-0.0500645
275.522,393,0.581603,0.579224,0.00836317,-0.0518796
276.388,392.5,0.578773,0.576127,0.00969628,-0.0544202
277.254,392,0.576638,0.573651,0.0106595,-0.0576403
278.12,391.5,0.573645,0.570141,0.0112108,-0.062304
278.986,391,0.570425,0.566235,0.0115078,-0.06804
279.852,390.5,0.567573,0.562557,0.0116263,-0.0743876
280.718,390,0.564226,0.558178,0.0118765,-0.08153
281.584,389.5,0.560908,0.55362,0.0124106,-0.0892681
282.45,389,0.5588,0.550192,0.0130206,-0.0968292
283.316,388.5,0.556792,0.546731,0.013411,-0.104515
284.182,388,0.554517,0.542837,0.0136193,-0.112394
285.048,387.5,0.553718,0.540245,0.0138106,-0.120618
285.914,387,0.553969,0.538572,0.014174,-0.128926
286.78,386.5,0.552651,0.53589,0.0146653,-0.134276
287.646,386,0.552204,0.53412,0.0150349,-0.139352
288.512,385.5,0.552808,0.533349,0.0153947,-0.144565
289.378,385,0.553215,0.532503,0.0152808,-0.149177
290.244,384.5,0.554929,0.533092,0.0150355,-0.153404
291.11,384,0.557371,0.534472,0.0153973,-0.157372
291.976,383.5,0.558281,0.534184,0.0163899,-0.161422
292.842,383,0.55948,0.534135,0.0176461,-0.165548
293.708,382.5,0.561142,0.534499,0.0192759,-0.169763
294.574,382,0.563862,0.535483,0.022499,-0.175193
295.44,381.5,0.567331,0.53681,0.026783,-0.181609
296.306,381,0.573479,0.542525,0.0258147,-0.184063
297.172,380.5,0.582766,0.552116,0.0230772,-0.185071
298.038,380,0.594697,0.564735,0.0195145,-0.18536
298.905,379.5,0.608643,0.579765,0.0152431,-0.184626
299.771,379,0.624115,0.595943,0.0108103,-0.185079
300.637,378.5,0.63985,0.610501,0.0125608,-0.191151
301.503,378,0.65535,0.623301,0.0214797,-0.20129
302.369,377.5,0.671046,0.635577,0.030414,-0.213118
303.235,377,0.687467,0.647685,0.0390166,-0.227141
304.101,376.5,0.704839,0.660494,0.0477408,-0.241384
304.967,376,0.723455,0.674191,0.0568568,-0.256167
305.833,375.5,0.73497,0.682442,0.0531599,-0.267634
306.699,375,0.744713,0.689472,0.0488797,-0.277194
307.565,374.5,0.753139,0.69564,0.0447823,-0.285127
308.431,374,0.75572,0.696903,0.0415431,-0.289332
309.297,373.5,0.756646,0.697206,0.0381508,-0.291482
310.163,373,0.758441,0.696939,0.0324854,-0.297411
311.029,372.5,0.764561,0.697637,0.0243076,-0.311873
311.895,372,0.770881,0.697581,0.0139339,-0.327787
312.761,371.5,0.77713,0.696586,0.00100264,-0.344526
313.627,371,0.778464,0.693512,-0.0150569,-0.3533
314.493,370.5,0.770552,0.684795,-0.0264962,-0.352284
315.359,370,0.757007,0.673101,-0.0131338,-0.346155
316.225,369.5,0.757971,0.668899,-0.000912197,-0.356502
317.091,369,0.76774,0.665634,0.00652503,-0.382509
317.957,368.5,0.775353,0.657543,0.0071818,-0.410801
318.823,368,0.785414,0.648968,0.00433401,-0.442377
319.689,367.5,0.808451,0.653602,0.00865922,-0.475733
320.555,367,0.829813,0.658473,0.0111335,-0.504856
321.421,366.5,0.854223,0.663657,0.00515966,-0.537802
322.287,366,0.879179,0.659062,-0.0252149,-0.581341
323.153,365.5,0.919847,0.673238,-0.0453542,-0.62515
324.019,365,0.97203,0.704489,-0.0558402,-0.667397
324.885,364.5,1.02151,0.751785,-0.0749574,-0.687516
325.751,364,1.11345,0.824517,-0.0762372,-0.744404
326.617,363.5,1.11961,0.855201,-0.101321,-0.715473
327.483,363,1.15236,0.927966,-0.119107,-0.672779
328.349,362.5,1.28395,1.06647,-0.123475,-0.70421
329.215,362,1.31395,1.13354,-0.134726,-0.650703
330.081,361.5,1.35219,1.19625,-0.15727,-0.610482
330.947,361,1.34716,1.22844,-0.158898,-0.529654
331.813,360.5,1.36757,1.27301,-0.152511,-0.475837
332.679,360,1.38961,1.31629,-0.150379,-0.41929
333.546,359.5,1.41289,1.35951,-0.14863,-0.354811
334.412,359,1.42589,1.387,-0.132815,-0.302879
335.278,358.5,1.41356,1.391,-0.0796396,-0.238595
336.144,358,1.37197,1.36123,-0.0162553,-0.17053
337.01,357.5,1.31529,1.31046,0.0214273,-0.110629
337.876,357,1.28165,1.27849,0.0592928,-0.0676923
338.742,356.5,1.24547,1.24099,0.091333,-0.0530322
339.608,356,1.21342,1.2062,0.124036,-0.045647
340.474,355.5,1.17585,1.16782,0.130636,-0.0419347
341.34,355,1.15055,1.14504,0.104141,-0.0424232
342.206,354.5,1.11744,1.11286,0.0934173,-0.0384446
343.072,354,1.08484,1.07911,0.10564,-0.0352097
343.938,353.5,1.07957,1.07139,0.130007,-0.0265321
344.804,353,1.07463,1.06028,0.173128,-0.0259382
345.67,352.5,1.0805,1.06065,0.205205,-0.0198667
346.536,352,1.09807,1.07388,0.228697,-0.0150741
347.402,351.5,1.09029,1.06747,0.221668,-0.0097568
348.268,351,1.09701,1.06944,0.244262,0.00825953
349.134,350.5,1.10714,1.06385,0.302728,0.0482053
350,350,1.08096,1.02633,0.303377,0.151935
350.866,349.5,1.02303,0.962938,0.21635,0.269334
351.732,349,1.00633,0.925232,0.185959,0.349368
352.598,348.5,0.986459,0.889414,0.122307,0.408761
353.464,348,0.965234,0.852597,0.053483,0.449328
354.33,347.5,0.959989,0.835463,-0.0105962,0.472726
355.196,347,0.960303,0.834494,-0.0636609,0.470902
356.062,346.5,0.953683,0.826126,-0.108995,0.463841
356.928,346,0.940212,0.812758,-0.145935,0.449586
357.794,345.5,0.92871,0.815317,-0.148338,0.419233
358.66,345,0.915896,0.816282,-0.141647,0.390493
359.526,344.5,0.902401,0.815567,-0.132002,0.362979
360.392,344,0.897009,0.823304,-0.112798,0.337748
361.258,343.5,0.892606,0.829792,-0.0950329,0.314897
362.124,343,0.89183,0.838047,-0.08136,0.29397
362.99,342.5,0.901304,0.854149,-0.072994,0.278298
363.856,342,0.908363,0.867147,-0.064347,0.26275
364.722,341.5,0.911762,0.876238,-0.0552768,0.24589
365.588,341,0.910729,0.880618,-0.0461387,0.227621
366.454,340.5,0.907042,0.881644,-0.0383212,0.209667
367.321,340,0.903691,0.880583,-0.0337977,0.200218
368.187,339.5,0.902603,0.880755,-0.0288141,0.195275
369.053,339,0.9031,0.882002,-0.0228996,0.19271
369.919,338.5,0.903941,0.883539,-0.0168015,0.190225
370.785,338,0.90418,0.884445,-0.00939214,0.187642
371.651,337.5,0.899849,0.880913,-0.000477383,0.183628
372.517,337,0.890834,0.872715,0.00613005,0.178655
373.383,336.5,0.880459,0.863189,0.0116878,0.173134
374.249,336,0.867444,0.851315,0.0144648,0.165868
375.115,335.5,0.85422,0.839239,0.0164034,0.15843
375.981,335,0.840796,0.826972,0.0174823,0.150834
376.847,334.5,0.834042,0.82115,0.0100051,0.145736
377.713,334,0.827182,0.815139,0.00342389,0.140595
378.579,333.5,0.819811,0.808542,-0.00189649,0.135445
379.445,333,0.813422,0.802781,-0.0061284,0.131
380.311,332.5,0.805911,0.795763,-0.0089784,0.127175
381.177,332,0.799701,0.790089,-0.00899559,0.123291
382.043,331.5,0.798852,0.789687,-0.00729648,0.120444
382.909,331,0.798027,0.789202,-0.00510703,0.118237
383.775,330.5,0.796025,0.787507,-0.00206277,0.116123
384.641,330,0.793137,0.784862,0.00172989,0.11426
385.507,329.5,0.788594,0.780333,0.00652258,0.113653
386.373,329,0.788639,0.78014,0.00902023,0.115116
387.239,328.5,0.790996,0.782274,0.0119019,0.116534
388.105,328,0.794358,0.785353,0.014582,0.118375
388.971,327.5,0.796232,0.786738,0.0169749,0.12141
389.837,327,0.797066,0.786876,0.0186163,0.125674
390.703,326.5,0.797851,0.786796,0.0186568,0.13104
391.569,326,0.801161,0.789416,0.0193629,0.135303
392.435,325.5,0.807118,0.794862,0.0210462,0.138529
393.301,325,0.814136,0.801107,0.0302115,0.141888
394.167,324.5,0.821076,0.806739,0.0401767,0.147389
395.033,324,0.826577,0.810373,0.0507672,0.154753
395.899,323.5,0.795635,0.777159,0.0571802,0.160592
396.765,323,0.764825,0.743848,0.0621646,0.166679
397.631,322.5,0.734949,0.711356,0.0657405,0.17263
398.497,322,0.719244,0.691883,0.0658945,0.185116
399.363,321.5,0.714631,0.681157,0.0695913,0.204642
400.229,321,0.73322,0.688515,0.0696016,0.242308
401.095,320.5,0.773606,0.715858,0.0609102,0.286887
401.962,320,0.819249,0.748105,0.0550883,0.329353
402.828,319.5,0.865172,0.777329,0.0544536,0.375922
403.694,319,0.90618,0.808187,0.0660372,0.404519
404.56,318.5,0.931396,0.839407,0.0898383,0.393478
405.426,318,0.955694,0.871033,0.110772,0.377336
406.292,317.5,0.978415,0.89595,0.115509,0.375802
407.158,317,0.999226,0.914115,0.0997762,0.391014
408.024,316.5,1.02403,0.936665,0.0816118,0.405752
408.89,316,1.05062,0.962095,0.0613196,0.417622
409.756,315.5,1.04562,0.965844,0.0429599,0.398266
410.622,315,1.02986,0.961618,0.0250642,0.367794
411.488,314.5,1.01132,0.955339,0.00714471,0.331726
412.354,314,0.992143,0.945851,-0.00449965,0.299488
413.22,313.5,0.97224,0.933943,-0.0126322,0.269892
414.086,313,0.952864,0.921357,-0.0183884,0.24231
414.952,312.5,0.95304,0.927013,-0.0295331,0.219225
415.818,312,0.956185,0.934221,-0.0376405,0.200259
416.684,311.5,0.959157,0.94036,-0.041911,0.184248
417.55,311,0.966381,0.949718,-0.0435315,0.173301
418.416,310.5,0.974239,0.959156,-0.0435422,0.165122
419.282,310,0.976183,0.963418,-0.0387111,0.15251
420.148,309.5,0.975303,0.964927,-0.0325363,0.138106
421.014,309,0.973735,0.965757,-0.0294338,0.120861
421.88,308.5,0.972905,0.967155,-0.03037,0.101157
422.746,308,0.97104,0.967124,-0.0347499,0.0798914
423.612,307.5,0.958853,0.956262,-0.0361241,0.0604601
424.478,307,0.92312,0.921836,-0.0279266,0.0398654
425.344,306.5,0.88276,0.8825,-0.0135413,0.0166427
426.21,306,0.836833,0.836724,0.0131211,-0.00300319
427.076,305.5,0.793431,0.791854,0.0445834,-0.0226473
427.942,305,0.753387,0.747877,0.0807238,-0.0418939
428.808,304.5,0.727815,0.719807,0.107459,-0.00667609
429.674,304,0.705687,0.692521,0.129841,0.0393701
430.54,303.5,0.68269,0.660466,0.148587,0.088155
431.406,303,0.655897,0.623699,0.154895,0.131176
432.272,302.5,0.625748,0.579778,0.160253,0.172444
433.138,302,0.585257,0.526222,0.160998,0.199237
434.004,301.5,0.524568,0.469635,0.144167,0.183931
434.87,301,0.467415,0.418419,0.124661,0.166917
435.737,300.5,0.44463,0.410205,0.101605,0.138219
436.603,300,0.415536,0.38819,0.0827532,0.123006
437.469,299.5,0.38821,0.367878,0.0615921,0.107607
438.335,299,0.363194,0.349269,0.0381216,0.0920206
439.201,298.5,0.341219,0.332362,0.0123416,0.0762472
440.067,298,0.324371,0.318335,-0.0136251,0.0607726
440.933,297.5,0.315367,0.311018,0.00228177,0.0521445
441.799,297,0.300461,0.296283,0.0205014,0.0455343
442.665,296.5,0.279757,0.274494,0.0356065,0.040613
443.531,296,0.252997,0.245651,0.0475971,0.0373806
444.397,295.5,0.22016,0.209755,0.0564732,0.035837
445.263,295,0.181636,0.166805,0.0622347,0.0359824
446.129,294.5,0.154228,0.133651,0.0673311,0.037289
446.995,294,0.143782,0.116007,0.0750808,0.0397328
447.861,293.5,0.136493,0.0981943,0.0840526,0.0438572
448.727,293,0.138157,0.0988409,0.0870051,0.041807
449.593,292.5,0.143059,0.0767768,0.109403,0.0510128
450.459,292,0.160113,0.0752803,0.127028,0.0619119
451.325,291.5,0.184854,0.0830577,0.143606,0.0815452
452.191,291,0.223051,0.119323,0.156983,0.104259
453.057,290.5,0.268853,0.182736,0.163223,0.110671
453.923,290,0.313861,0.237839,0.169737,0.114589
454.789,289.5,0.360777,0.288485,0.177186,0.124668
455.655,289,0.405948,0.336863,0.180402,0.137011
456.521,288.5,0.444676,0.381371,0.175436,0.14668
457.387,288,0.474554,0.424919,0.150149,0.148662
458.253,287.5,0.506855,0.465151,0.129651,0.154037
459.119,287,0.545277,0.506849,0.115664,0.164478
459.985,286.5,0.57908,0.542453,0.10576,0.172894
460.851,286,0.605465,0.57039,0.0981369,0.177799
461.717,285.5,0.599005,0.569547,0.0851034,0.164863
462.583,285,0.584087,0.559373,0.0790405,0.148365
463.449,284.5,0.575982,0.554296,0.0755713,0.137115
464.315,284,0.588149,0.567338,0.0743217,0.136099
465.181,283.5,0.598656,0.579063,0.0722996,0.133595
466.047,283,0.606888,0.588852,0.0694018,0.129422
466.913,282.5,0.616478,0.59643,0.0609327,0.143541
467.779,282,0.632476,0.610304,0.0484716,0.158764
468.645,281.5,0.731329,0.69696,0.0410085,0.217732
469.512,281,0.780424,0.748262,0.0234502,0.220489
470.378,280.5,0.706919,0.676444,-0.00584878,0.205241
471.244,280,0.723618,0.689037,-0.0269492,0.219374
472.11,279.5,0.7238,0.686914,-0.0459157,0.223444
472.976,279,0.726555,0.688914,-0.0605708,0.222737
473.842,278.5,0.737153,0.697845,-0.0734557,0.225856
474.708,278,0.746998,0.706869,-0.0844008,0.226314
475.574,277.5,0.740754,0.70362,-0.0889545,0.213829
476.44,277,0.721593,0.690544,-0.0839681,0.191822
477.306,276.5,0.70916,0.685108,-0.0816075,0.163936
478.172,276,0.704956,0.687681,-0.0903023,0.126104
479.038,275.5,0.691258,0.677378,-0.107607,0.0861216
