x,v,vx,vy,vz
220.096,425,0.59843,0.598087,-0.00656738,-0.0191801
220.962,424.5,0.59924,0.598874,-0.00674134,-0.0198346
221.828,424,0.600095,0.599705,-0.00691779,-0.020495
222.694,423.5,0.600991,0.600576,-0.0071015,-0.0211629
223.56,423,0.601933,0.601499,-0.00706103,-0.0217213
224.426,422.5,0.602919,0.602468,-0.00697302,-0.022252
225.292,422,0.604157,0.603689,-0.00679453,-0.0228006
226.158,421.5,0.605401,0.604921,-0.00654018,-0.0232123
227.024,421,0.60664,0.606151,-0.00624955,-0.0235376
227.89,420.5,0.607889,0.607392,-0.00595496,-0.0238431
228.756,420,0.609123,0.608623,-0.00563866,-0.0240307
229.622,419.5,0.610338,0.609841,-0.00531809,-0.0240459
230.488,419,0.611563,0.611071,-0.00502194,-0.0239849
231.355,418.5,0.61275,0.612267,-0.00472225,-0.02388
232.221,418,0.613853,0.613379,-0.00440984,-0.0237084
233.087,417.5,0.614959,0.614495,-0.00410117,-0.0235331
233.953,417,0.616032,0.615577,-0.00379195,-0.0233493
234.819,416.5,0.616895,0.616452,-0.00350031,-0.023099
235.685,416,0.617713,0.617282,-0.00322876,-0.0228563
236.551,415.5,0.61848,0.618059,-0.0029766,-0.0226224
237.417,415,0.61899,0.618578,-0.00273212,-0.0224111
238.283,414.5,0.619461,0.619057,-0.00250364,-0.0222103
239.149,414,0.619889,0.619492,-0.0022625,-0.0220737
240.015,413.5,0.620063,0.619669,-0.0019698,-0.0219915
240.881,413,0.620166,0.619776,-0.00168418,-0.0219301
241.747,412.5,0.620231,0.619843,-0.0014112,-0.0218912
242.613,412,0.620027,0.619639,-0.00113708,-0.0219017
243.479,411.5,0.619686,0.619297,-0.000867054,-0.0219445
244.345,411,0.61913,0.618739,-0.000600549,-0.0219907
245.211,410.5,0.618414,0.618019,-0.000395832,-0.0220996
246.077,410,0.617578,0.617177,-0.000230056,-0.0222599
246.943,409.5,0.616733,0.616325,-6.15732e-05,-0.0224419
247.809,409,0.615779,0.615362,9.63811e-05,-0.0226752
248.675,408.5,0.614561,0.61413,0.000216893,-0.0230018
249.541,408,0.613264,0.612819,0.000328511,-0.0233661
250.407,407.5,0.611958,0.611496,0.000466361,-0.0237659
251.273,407,0.610606,0.610124,0.000671699,-0.0242477
252.139,406.5,0.609254,0.608751,0.000886083,-0.0247409
253.005,406,0.607879,0.607353,0.00110371,-0.02525
253.871,405.5,0.60631,0.605759,0.00126487,-0.0258191
254.737,405,0.604804,0.604226,0.00141144,-0.0263938
255.603,404.5,0.60336,0.602755,0.0015434,-0.026974
256.469,404,0.601902,0.601268,0.0016967,-0.0275533
257.335,403.5,0.600482,0.59982,0.00185489,-0.0281376
258.201,403,0.599131,0.598443,0.00199443,-0.0286317
259.067,402.5,0.597722,0.597014,0.00220231,-0.0289929
259.933,402,0.596324,0.595598,0.00243125,-0.0293151
260.799,401.5,0.594973,0.59423,0.00265592,-0.0296169
261.665,401,0.59353,0.592772,0.00269158,-0.0298668
262.531,400.5,0.592051,0.591281,0.00260955,-0.0300776
263.397,400,0.590592,0.589807,0.00256889,-0.0303221
264.263,399.5,0.589074,0.588276,0.00252487,-0.0305385
265.13,399,0.587476,0.586667,0.00248931,-0.030734
265.996,398.5,0.585903,0.585081,0.0024657,-0.0309174
266.862,398,0.584248,0.583415,0.00248183,-0.0310981
267.728,397.5,0.582327,0.581484,0.00248824,-0.0312093
268.594,397,0.580395,0.579547,0.00245649,-0.031277
269.46,396.5,0.5784,0.577544,0.00241162,-0.031351
270.326,396,0.57597,0.575103,0.00231332,-0.0315143
271.192,395.5,0.573525,0.572645,0.00219567,-0.0316902
272.058,395,0.570922,0.570023,0.00210009,-0.0319725
272.924,394.5,0.567608,0.566644,0.00218043,-0.0329989
273.79,394,0.564055,0.563019,0.00220308,-0.0341138
274.656,393.5,0.560266,0.559148,0.00216695,-0.0353117
275.522,393,0.556034,0.55479,0.00236712,-0.0371049
276.388,392.5,0.551583,0.550193,0.00253751,-0.0390511
277.254,392,0.548218,0.546641,0.00259869,-0.0414807
278.12,391.5,0.545048,0.543197,0.00257287,-0.0448136
278.986,391,0.541829,0.539648,0.00255319,-0.0484981
279.852,390.5,0.53866,0.536119,0.00256944,-0.0521934
280.718,390,0.5355,0.532487,0.00281355,-0.0566546
281.584,389.5,0.532487,0.528873,0.00328654,-0.0618428
282.45,389,0.530113,0.525832,0.00382093,-0.0671273
283.316,388.5,0.527793,0.522686,0.00442554,-0.0731123
284.182,388,0.525458,0.519278,0.00516735,-0.0801895
285.048,387.5,0.523555,0.516195,0.00599862,-0.0872743
285.914,387,0.521943,0.513244,0.00704778,-0.0946352
286.78,386.5,0.520232,0.509981,0.00844759,-0.102417
287.646,386,0.519109,0.507236,0.00973171,-0.109956
288.512,385.5,0.518542,0.504954,0.0109377,-0.11742
289.378,385,0.517746,0.502117,0.012039,-0.125678
290.244,384.5,0.517538,0.499782,0.0130566,-0.133767
291.11,384,0.517973,0.498011,0.0140521,-0.141716
291.976,383.5,0.5187,0.49613,0.0152892,-0.150569
292.842,383,0.519717,0.494558,0.0162176,-0.158917
293.708,382.5,0.52103,0.49339,0.0168019,-0.166602
294.574,382,0.522978,0.492572,0.0174654,-0.174854
295.44,381.5,0.525652,0.492283,0.0178824,-0.183433
296.306,381,0.528226,0.491943,0.0184276,-0.191509
297.172,380.5,0.531126,0.49209,0.0189673,-0.198953
298.038,380,0.534819,0.493006,0.0198234,-0.206359
298.905,379.5,0.53904,0.494442,0.0209262,-0.213667
299.771,379,0.545294,0.498253,0.0212744,-0.220537
300.637,378.5,0.55571,0.507698,0.018055,-0.225232
301.503,378,0.567735,0.519651,0.0127699,-0.228304
302.369,377.5,0.578267,0.529899,0.0082491,-0.231369
303.235,377,0.584915,0.535001,0.00784124,-0.236301
304.101,376.5,0.591881,0.539485,0.00949699,-0.243288
304.967,376,0.598897,0.542961,0.0136002,-0.252361
305.833,375.5,0.615876,0.552899,0.0318591,-0.269427
306.699,375,0.635983,0.564066,0.0488132,-0.289692
307.565,374.5,0.658584,0.575963,0.0639553,-0.312904
308.431,374,0.670564,0.572311,0.0764821,-0.340978
309.297,373.5,0.692713,0.575633,0.0875174,-0.375284
310.163,373,0.715254,0.580595,0.0979621,-0.40608
311.029,372.5,0.737203,0.575612,0.112098,-0.446736
311.895,372,0.765696,0.576069,0.123614,-0.489034
312.761,371.5,0.798764,0.584759,0.132437,-0.52777
313.627,371,0.842284,0.602212,0.148298,-0.569904
314.493,370.5,0.900954,0.64222,0.16747,-0.609282
315.359,370,0.932533,0.660966,0.177384,-0.633465
316.225,369.5,0.973441,0.686829,0.185311,-0.664465
317.091,369,1.00816,0.706551,0.187181,-0.694354
317.957,368.5,1.02468,0.716842,0.185092,-0.708412
318.823,368,1.02028,0.72423,0.186915,-0.693924
319.689,367.5,1.0217,0.742124,0.193806,-0.674954
320.555,367,1.03328,0.758756,0.198874,-0.672618
321.421,366.5,1.02804,0.754437,0.193869,-0.670897
322.287,366,0.970688,0.671929,0.157935,-0.682498
323.153,365.5,1.13876,0.734798,0.186645,-0.849713
324.019,365,1.22408,0.732666,0.126913,-0.972352
324.885,364.5,1.30821,0.759552,0.0655314,-1.06311
325.751,364,1.43774,0.884843,0.067256,-1.1312
326.617,363.5,1.45243,0.957513,0.0731208,-1.08967
327.483,363,1.65714,1.16704,0.161016,-1.16542
328.349,362.5,1.53917,1.14421,0.0633637,-1.02753
329.215,362,1.49349,1.1873,-0.00431328,-0.905978
330.081,361.5,1.61829,1.33316,-0.0121742,-0.917283
330.947,361,1.44617,1.27886,-0.135004,-0.661581
331.813,360.5,1.5109,1.38366,-0.158361,-0.585864
332.679,360,1.56689,1.47245,-0.233507,-0.482177
333.546,359.5,1.59669,1.54254,-0.25375,-0.324979
334.412,359,1.71781,1.67609,-0.24032,-0.289589
335.278,358.5,1.76165,1.74578,-0.188025,-0.142503
336.144,358,1.80341,1.79992,-0.095806,-0.0584594
337.01,357.5,1.86188,1.86188,-0.00309663,0.000978347
337.876,357,1.83044,1.82582,0.119776,0.0505016
338.742,356.5,1.79,1.78007,0.172698,0.0748642
339.608,356,1.73241,1.71861,0.190782,0.106
340.474,355.5,1.67907,1.66135,0.211073,0.121021
341.34,355,1.62511,1.60498,0.206953,0.14903
342.206,354.5,1.55068,1.52611,0.20616,0.181916
343.072,354,1.50594,1.47603,0.220435,0.201448
343.938,353.5,1.47225,1.43967,0.246231,0.185058
344.804,353,1.37746,1.34796,0.246835,0.139552
345.67,352.5,1.37227,1.34367,0.253038,0.116866
346.536,352,1.41703,1.38972,0.2574,0.102053
347.402,351.5,1.40025,1.37756,0.220702,0.119607
348.268,351,1.41253,1.38827,0.198311,0.169188
349.134,350.5,1.4458,1.41116,0.237912,0.205778
350,350,1.37485,1.32423,0.236739,0.283888
350.866,349.5,1.17589,1.10637,0.184194,0.353154
351.732,349,1.10984,1.02007,0.171513,0.402208
352.598,348.5,1.04538,0.948611,0.119657,0.422663
353.464,348,1.00022,0.899842,0.0498896,0.433861
354.33,347.5,0.977915,0.870111,-0.00957379,0.446242
355.196,347,0.988543,0.875118,-0.0534031,0.456656
356.062,346.5,1.00049,0.882817,-0.0891945,0.462227
356.928,346,1.01003,0.892192,-0.115473,0.459159
357.794,345.5,0.982576,0.887453,-0.115349,0.405681
358.66,345,0.957896,0.881904,-0.112581,0.356562
359.526,344.5,0.939186,0.87741,-0.109498,0.316595
360.392,344,0.933373,0.880141,-0.0987211,0.294602
361.258,343.5,0.932671,0.886551,-0.0863466,0.276489
362.124,343,0.935899,0.895576,-0.072249,0.261973
362.99,342.5,0.936623,0.900941,-0.0570979,0.249614
363.856,342,0.937135,0.905415,-0.0432854,0.237846
364.722,341.5,0.937918,0.909598,-0.0309737,0.226635
365.588,341,0.943736,0.917075,-0.0240626,0.221435
366.454,340.5,0.953635,0.927481,-0.0196144,0.220939
367.321,340,0.976454,0.949828,-0.0237519,0.225224
368.187,339.5,1.00491,0.977115,-0.030288,0.232744
369.053,339,1.03456,1.00516,-0.0354723,0.242307
369.919,338.5,1.06189,1.03148,-0.03598,0.24973
370.785,338,1.08323,1.05354,-0.0288974,0.250222
371.651,337.5,1.10144,1.07407,-0.0190052,0.243303
372.517,337,1.12238,1.09583,-0.0126544,0.242372
373.383,336.5,1.145,1.11883,-0.00910654,0.243224
374.249,336,1.16988,1.14389,-0.00975767,0.245048
375.115,335.5,1.19333,1.16753,-0.0105768,0.246568
375.981,335,1.2153,1.18971,-0.0115478,0.247791
376.847,334.5,1.19939,1.17425,-0.00808622,0.244159
377.713,334,1.18034,1.15586,-0.00566971,0.239037
378.579,333.5,1.16059,1.13698,-0.00443871,0.232851
379.445,333,1.1393,1.11632,-0.00565573,0.227632
380.311,332.5,1.11945,1.09721,-0.0080847,0.221916
381.177,332,1.10319,1.08173,-0.00892796,0.216381
382.043,331.5,1.0887,1.06845,-0.00662424,0.208858
382.909,331,1.07559,1.05669,-0.0031551,0.200696
383.775,330.5,1.06483,1.04713,0.00164564,0.193333
384.641,330,1.05629,1.03946,0.0077527,0.18767
385.507,329.5,1.04972,1.0335,0.014986,0.183209
386.373,329,1.04487,1.02903,0.0203668,0.180089
387.239,328.5,1.03871,1.02336,0.0251364,0.176123
388.105,328,1.02957,1.01459,0.0287996,0.172615
388.971,327.5,1.01896,1.00425,0.0325124,0.169414
389.837,327,1.007,0.992606,0.0357166,0.165856
390.703,326.5,0.998232,0.984883,0.0332043,0.159279
391.569,326,0.992605,0.980499,0.0279311,0.152007
392.435,325.5,0.987008,0.976019,0.0236035,0.144964
393.301,325,0.979966,0.969781,0.02255,0.139102
394.167,324.5,0.971189,0.961893,0.0199686,0.132556
395.033,324,0.960427,0.952098,0.015855,0.125217
395.899,323.5,0.943227,0.936481,0.0158988,0.11148
396.765,323,0.927316,0.921875,0.0160236,0.0990188
397.631,322.5,0.912746,0.908327,0.0156771,0.0883307
398.497,322,0.897923,0.894489,0.0156607,0.0768797
399.363,321.5,0.884339,0.881865,0.0161588,0.0640901
400.229,321,0.874304,0.872664,0.0175255,0.0505763
401.095,320.5,0.868597,0.867748,0.016863,0.0344872
401.962,320,0.865037,0.86472,0.0163543,0.016755
402.828,319.5,0.863214,0.863026,0.0179675,-0.00103072
403.694,319,0.862553,0.862126,0.0197791,-0.0185654
404.56,318.5,0.860733,0.859734,0.02064,-0.0359483
405.426,318,0.851032,0.849314,0.0189663,-0.0506157
406.292,317.5,0.842443,0.839636,0.0159216,-0.0668412
407.158,317,0.837653,0.833197,0.010718,-0.0856209
408.024,316.5,0.835859,0.829453,0.00472951,-0.103178
408.89,316,0.837534,0.828909,-0.00122357,-0.119883
409.756,315.5,0.844925,0.833383,0.00309267,-0.139141
410.622,315,0.852097,0.83731,0.00947759,-0.157769
411.488,314.5,0.859333,0.841085,0.0157403,-0.175445
412.354,314,0.864928,0.844552,0.0247284,-0.184987
413.22,313.5,0.871413,0.848691,0.0340613,-0.194738
414.086,313,0.878251,0.853023,0.0421805,-0.20469
414.952,312.5,0.875918,0.847632,0.0392152,-0.217288
415.818,312,0.872551,0.840471,0.036666,-0.231536
416.684,311.5,0.869845,0.833433,0.03568,-0.246466
417.55,311,0.86381,0.82001,0.0344796,-0.269374
418.416,310.5,0.855143,0.801416,0.030347,-0.296783
419.282,310,0.856603,0.791058,0.0269631,-0.32752
420.148,309.5,0.871929,0.796631,0.0142754,-0.354169
421.014,309,0.894964,0.812465,-0.00850917,-0.375218
421.88,308.5,0.919014,0.828795,-0.0326407,-0.395752
422.746,308,0.943861,0.848133,-0.0579767,-0.4101
423.612,307.5,0.962446,0.867176,-0.0766641,-0.410402
424.478,307,0.978313,0.885467,-0.0778917,-0.40863
425.344,306.5,0.996456,0.904421,-0.074853,-0.411514
426.21,306,1.01454,0.922394,-0.0691681,-0.416761
427.076,305.5,1.02499,0.935631,-0.0704895,-0.412594
427.942,305,1.02815,0.944189,-0.0784917,-0.399309
428.808,304.5,1.04066,0.953673,-0.0602871,-0.412129
429.674,304,1.05528,0.964079,-0.037311,-0.427523
430.54,303.5,1.0716,0.975983,-0.01181,-0.442328
431.406,303,1.07994,0.983689,0.00681955,-0.445625
432.272,302.5,1.08603,0.988875,0.0238912,-0.448339
433.138,302,1.09105,0.993901,0.0325603,-0.448888
434.004,301.5,1.10181,1.01283,0.0181394,-0.433397
434.87,301,1.11013,1.02968,0.0106865,-0.414769
435.737,300.5,1.11322,1.03984,0.0145067,-0.397209
436.603,300,1.10315,1.03539,0.0248222,-0.379838
437.469,299.5,1.08876,1.02645,0.0306446,-0.361737
438.335,299,1.07987,1.02236,0.0347294,-0.345987
439.201,298.5,1.08608,1.03131,0.0322436,-0.339012
440.067,298,1.11068,1.05542,0.0232146,-0.345207
440.933,297.5,1.12793,1.07254,0.0152204,-0.348776
441.799,297,1.13571,1.08097,0.0112846,-0.348134
442.665,296.5,1.13348,1.07958,0.0116939,-0.345186
443.531,296,1.12807,1.07434,0.00827055,-0.343897
444.397,295.5,1.12097,1.06796,0.0112992,-0.340448
445.263,295,1.10276,1.05574,0.0298988,-0.317171
446.129,294.5,1.08524,1.04293,0.0523413,-0.295456
446.995,294,1.0686,1.02953,0.0786266,-0.275304
447.861,293.5,1.03217,0.99162,0.101041,-0.268073
448.727,293,0.995758,0.954152,0.118058,-0.25921
449.593,292.5,0.961123,0.919602,0.13001,-0.247362
450.459,292,0.936378,0.898566,0.130811,-0.228628
451.325,291.5,0.923515,0.89032,0.128777,-0.208869
452.191,291,0.888413,0.858315,0.127233,-0.190746
453.057,290.5,0.786738,0.754998,0.118649,-0.186701
453.923,290,0.680657,0.644128,0.108541,-0.191342
454.789,289.5,0.62453,0.552525,0.127589,-0.261675
455.655,289,0.582115,0.492949,0.128715,-0.281588
456.521,288.5,0.544404,0.432263,0.130598,-0.304086
457.387,288,0.500403,0.385071,0.132551,-0.290781
458.253,287.5,0.449928,0.340255,0.131232,-0.263516
459.119,287,0.398072,0.305761,0.124323,-0.222521
459.985,286.5,0.324148,0.287898,0.0929661,-0.116378
460.851,286,0.285707,0.258027,0.0852158,-0.0882545
461.717,285.5,0.286927,0.267945,0.0754862,-0.0695315
462.583,285,0.30846,0.297583,0.0662666,-0.0469153
463.449,284.5,0.332106,0.325631,0.0609959,-0.0232014
464.315,284,0.341121,0.33647,0.0560259,-0.00359789
465.181,283.5,0.344951,0.340422,0.0551558,0.00787083
466.047,283,0.342989,0.337814,0.0583065,0.0111063
466.913,282.5,0.329065,0.326908,0.0374903,0.0030929
467.779,282,0.313121,0.312662,0.0167446,-0.00268495
468.645,281.5,0.294428,0.294365,-0.00055077,-0.00609784
469.512,281,0.275304,0.274988,-0.0124652,0.00434959
470.378,280.5,0.256953,0.255109,-0.0204248,0.0229562
471.244,280,0.265883,0.261673,-0.0260431,0.0392753
472.11,279.5,0.31131,0.30493,-0.0339024,0.0527485
472.976,279,0.362571,0.353497,-0.0434347,0.0679062
473.842,278.5,0.408643,0.395979,-0.0517174,0.0866871
474.708,278,0.450741,0.435213,-0.0627654,0.0990877
475.574,277.5,0.490576,0.473907,-0.0866157,0.0926019
476.44,277,0.551598,0.535015,-0.0983255,0.091386
477.306,276.5,0.621163,0.605782,-0.0961185,0.0981454
478.172,276,0.692811,0.680139,-0.089373,0.0970107
479.038,275.5,0.760852,0.750336,-0.0875008,0.0907476
