x,v,vx,vy,vz
220.096,425,0.596701,0.59654,0.00133045,0.0137812
220.962,424.5,0.593864,0.593744,0.00129036,0.0118265
221.828,424,0.591088,0.591006,0.00109811,0.00979153
222.694,423.5,0.588394,0.588343,0.00075312,0.00768874
223.56,423,0.58527,0.585245,0.000316675,0.00541652
224.426,422.5,0.582201,0.582192,-0.000200514,0.00308214
225.292,422,0.577085,0.577085,0.000264396,-8.70562e-05
226.158,421.5,0.571289,0.571278,0.000750108,-0.00345828
227.024,421,0.565288,0.565241,0.00108012,-0.00719091
227.89,420.5,0.559277,0.55916,0.00122329,-0.0113945
228.756,420,0.553405,0.553182,0.0012441,-0.0156562
229.622,419.5,0.549653,0.549343,0.00103492,-0.0184347
230.488,419,0.548576,0.548246,0.000516263,-0.0190409
231.355,418.5,0.548388,0.54808,-6.73209e-05,-0.0183784
232.221,418,0.549229,0.548992,-0.00067408,-0.01613
233.087,417.5,0.550722,0.550554,-0.00149344,-0.0135404
233.953,417,0.552831,0.552728,-0.00242082,-0.0104378
234.819,416.5,0.553238,0.553156,-0.00115516,-0.0094995
235.685,416,0.55289,0.55282,0.00025543,-0.00883218
236.551,415.5,0.5518,0.551733,0.00179717,-0.00838359
237.417,415,0.549776,0.549708,0.0036805,-0.00782392
238.283,414.5,0.547274,0.547201,0.00526339,-0.00719566
239.149,414,0.545105,0.545047,0.00563537,-0.00557335
240.015,413.5,0.543852,0.54382,0.00512321,-0.00293427
240.881,413,0.54308,0.543057,0.00495158,-0.000497916
241.747,412.5,0.542791,0.542764,0.00513818,0.00169499
242.613,412,0.543014,0.542968,0.00591965,0.00381647
243.479,411.5,0.543479,0.543399,0.00720838,0.00593196
244.345,411,0.542736,0.542593,0.00848569,0.00911538
245.211,410.5,0.542411,0.542193,0.00903528,0.0124362
246.077,410,0.542381,0.54208,0.009048,0.0156394
246.943,409.5,0.542832,0.542434,0.0087955,0.0188223
247.809,409,0.543591,0.543093,0.00837988,0.0217114
248.675,408.5,0.543926,0.543345,0.00932642,0.0233539
249.541,408,0.543292,0.542639,0.0113298,0.0240886
250.407,407.5,0.541481,0.540774,0.0134323,0.0242002
251.273,407,0.537826,0.537085,0.015553,0.0235536
252.139,406.5,0.533426,0.532654,0.0176338,0.0226272
253.005,406,0.528057,0.527266,0.0193427,0.0214807
253.871,405.5,0.520857,0.520126,0.0183167,0.0206161
254.737,405,0.514124,0.513462,0.0171935,0.0196049
255.603,404.5,0.50786,0.507273,0.0159729,0.0184472
256.469,404,0.500831,0.500425,0.0133279,0.0151232
257.335,403.5,0.494018,0.493768,0.0104454,0.0117338
258.201,403,0.486436,0.486275,0.00951933,0.00807643
259.067,402.5,0.481908,0.481751,0.0115343,0.00424164
259.933,402,0.478631,0.478426,0.0140129,0.000829191
260.799,401.5,0.475557,0.475269,0.0164248,-0.0020678
261.665,401,0.471127,0.470776,0.0171572,-0.00604245
262.531,400.5,0.467126,0.466742,0.0159895,-0.0101538
263.397,400,0.468747,0.468417,0.0120724,-0.012784
264.263,399.5,0.475599,0.475341,0.00909347,-0.0127496
265.13,399,0.489919,0.489758,0.00754935,-0.0100097
265.996,398.5,0.505855,0.50576,0.00651073,-0.00733358
266.862,398,0.517898,0.51785,0.00304465,-0.00637993
267.728,397.5,0.510933,0.510815,-0.0066469,-0.00874528
268.594,397,0.502384,0.502027,-0.0166901,-0.00896758
269.46,396.5,0.499642,0.498899,-0.0265127,-0.00619803
270.326,396,0.52558,0.524657,-0.0311314,0.000383788
271.192,395.5,0.55234,0.551179,-0.0355391,0.00425729
272.058,395,0.580226,0.57889,-0.038856,0.00625896
272.924,394.5,0.566077,0.564602,-0.0402597,0.00679483
273.79,394,0.598252,0.595199,-0.058816,0.0135769
274.656,393.5,0.619324,0.615281,-0.0654477,0.0266179
275.522,393,0.640545,0.635011,-0.0714111,0.0442689
276.388,392.5,0.655918,0.648576,-0.0739798,0.0640695
277.254,392,0.652738,0.644745,-0.0687249,0.0751448
278.12,391.5,0.64964,0.641294,-0.0644856,0.0813371
278.986,391,0.646186,0.637995,-0.0612029,0.0822973
279.852,390.5,0.634453,0.627963,-0.0565352,0.0706926
280.718,390,0.623177,0.618087,-0.0517703,0.0603099
281.584,389.5,0.612314,0.608368,-0.0469082,0.0511492
282.45,389,0.607685,0.604242,-0.0429875,0.0482145
283.316,388.5,0.60283,0.599885,-0.0391525,0.0448253
284.182,388,0.573999,0.572539,-0.0214902,0.0348206
285.048,387.5,0.587099,0.586037,-0.019423,0.0294697
285.914,387,0.598946,0.598265,-0.0167819,0.0230849
286.78,386.5,0.591434,0.590831,-0.0169226,0.0206606
287.646,386,0.58098,0.580385,-0.0189891,0.0181632
288.512,385.5,0.571319,0.570675,-0.0222073,0.015565
289.378,385,0.56102,0.560321,-0.026822,0.00800339
290.244,384.5,0.55044,0.549564,-0.0309839,-0.00184933
291.11,384,0.544469,0.543163,-0.0359329,-0.011368
291.976,383.5,0.55821,0.556264,-0.0456115,-0.00939547
292.842,383,0.577258,0.574364,-0.0577134,-0.00131439
293.708,382.5,0.600774,0.596299,-0.072156,0.0122955
294.574,382,0.629908,0.626099,-0.0647934,0.0241916
295.44,381.5,0.665573,0.66398,-0.0378456,0.0261698
296.306,381,0.690023,0.689629,-0.00553705,0.0226496
297.172,380.5,0.693497,0.693037,-0.00137553,0.0252016
298.038,380,0.689594,0.688769,-0.00971532,0.0322967
298.905,379.5,0.691506,0.690238,-0.014562,0.0392564
299.771,379,0.696477,0.695093,-0.0152301,0.0411681
300.637,378.5,0.696909,0.695975,-0.0142463,0.0331286
301.503,378,0.696961,0.69642,-0.0136754,0.0237925
302.369,377.5,0.700822,0.700506,-0.0120311,0.0172263
303.235,377,0.709898,0.709731,-0.0072273,0.0135684
304.101,376.5,0.720953,0.720914,0.00088475,0.00743344
304.967,376,0.734331,0.734248,0.0110206,0.000323913
305.833,375.5,0.746192,0.745865,0.0109089,0.019204
306.699,375,0.760288,0.759272,0.0113195,0.0376315
307.565,374.5,0.776787,0.774744,0.0122549,0.0549496
308.431,374,0.794282,0.79091,0.00124056,0.0731099
309.297,373.5,0.811295,0.806003,-0.0118621,0.0917541
310.163,373,0.822837,0.815485,-0.0299498,0.105586
311.029,372.5,0.818846,0.812119,-0.0431037,0.0954663
311.895,372,0.804133,0.798439,-0.0514567,0.080482
312.761,371.5,0.780727,0.775834,-0.0578237,0.0653624
313.627,371,0.764764,0.761955,-0.0478975,0.0446595
314.493,370.5,0.758936,0.758082,-0.0253001,0.0255823
315.359,370,0.765351,0.765218,-0.00407877,0.0137188
316.225,369.5,0.765977,0.765923,0.00640922,0.00643536
317.091,369,0.761065,0.760987,0.0108535,0.00104426
317.957,368.5,0.755619,0.755458,0.0154485,-0.00206855
318.823,368,0.751594,0.751327,0.0198895,-0.00219597
319.689,367.5,0.747716,0.747128,0.02956,-0.0023392
320.555,367,0.739588,0.73846,0.0407455,-0.00272995
321.421,366.5,0.728821,0.72722,0.0482887,1.34198e-05
322.287,366,0.710288,0.708323,0.0526104,0.00440481
323.153,365.5,0.685172,0.682571,0.0581103,0.0134538
324.019,365,0.656115,0.652382,0.0648172,0.026156
324.885,364.5,0.664938,0.660333,0.0780958,0.00217205
325.751,364,0.669072,0.663111,0.086492,-0.0214339
326.617,363.5,0.668225,0.660642,0.0899657,-0.0445297
327.483,363,0.650174,0.641818,0.0871474,-0.0565786
328.349,362.5,0.631435,0.623073,0.0796025,-0.0644521
329.215,362,0.623129,0.613999,0.0756065,-0.074697
330.081,361.5,0.627473,0.614911,0.078111,-0.0974955
330.947,361,0.63372,0.616288,0.0769081,-0.125997
331.813,360.5,0.635444,0.612034,0.0705913,-0.155632
332.679,360,0.621117,0.592183,0.0625243,-0.176624
333.546,359.5,0.603461,0.568006,0.0563003,-0.195866
334.412,359,0.576179,0.528549,0.0592307,-0.221608
335.278,358.5,0.544302,0.48047,0.0661468,-0.247059
336.144,358,0.509972,0.425979,0.0774953,-0.269457
337.01,357.5,0.480655,0.371459,0.0894813,-0.291618
337.876,357,0.455068,0.318567,0.102015,-0.308536
338.742,356.5,0.435888,0.298226,0.109882,-0.298304
339.608,356,0.424859,0.298242,0.113626,-0.28044
340.474,355.5,0.417752,0.308219,0.115682,-0.257168
341.34,355,0.426357,0.333812,0.129629,-0.2314
342.206,354.5,0.450796,0.368293,0.152963,-0.210189
343.072,354,0.486994,0.411496,0.181551,-0.186744
343.938,353.5,0.493662,0.427772,0.175226,-0.17323
344.804,353,0.507882,0.442888,0.181495,-0.169863
345.67,352.5,0.532497,0.460599,0.203773,-0.172854
346.536,352,0.553479,0.483832,0.206058,-0.172587
347.402,351.5,0.60476,0.542434,0.188292,-0.189858
348.268,351,0.63781,0.577359,0.19303,-0.190254
349.134,350.5,0.55783,0.51056,0.197408,-0.107391
350,350,0.525686,0.496283,0.133412,-0.110682
350.866,349.5,0.474002,0.438749,0.0857208,-0.157572
351.732,349,0.305835,0.245885,-0.0775754,-0.164492
352.598,348.5,0.282337,0.227814,0.0333227,-0.163416
353.464,348,0.405508,0.25822,0.196961,-0.242828
354.33,347.5,0.39715,0.274145,0.149571,-0.245359
355.196,347,0.413314,0.330879,0.0694758,-0.237741
356.062,346.5,0.455937,0.39974,0.0187399,-0.218484
356.928,346,0.482994,0.452338,-0.064392,-0.156612
357.794,345.5,0.557244,0.541261,-0.0813126,-0.104617
358.66,345,0.657842,0.639433,-0.0882084,-0.126889
359.526,344.5,0.724321,0.706092,-0.0985556,-0.127916
360.392,344,0.816357,0.798974,-0.117113,-0.119851
361.258,343.5,0.85979,0.844817,-0.129353,-0.0937637
362.124,343,0.856016,0.844031,-0.120651,-0.0762762
362.99,342.5,0.866341,0.856686,-0.108346,-0.0699751
363.856,342,0.853791,0.837594,-0.103714,-0.128995
364.722,341.5,0.853612,0.828465,-0.125762,-0.162735
365.588,341,0.864759,0.833212,-0.134959,-0.188018
366.454,340.5,0.862995,0.829471,-0.0796585,-0.224483
367.321,340,0.869789,0.828672,-0.0155757,-0.263806
368.187,339.5,0.904777,0.846689,0.0517339,-0.314743
369.053,339,0.951862,0.88109,0.046838,-0.357112
369.919,338.5,0.994953,0.911912,0.0564191,-0.39391
370.785,338,1.03959,0.919778,0.0846615,-0.477058
371.651,337.5,1.09029,0.926978,0.109425,-0.563444
372.517,337,1.15181,0.938408,0.143571,-0.652253
373.383,336.5,1.22064,0.962507,0.12458,-0.740278
374.249,336,1.29204,0.988285,0.138212,-0.8207
375.115,335.5,1.37062,1.00865,0.183211,-0.909751
375.981,335,1.46608,1.05473,0.21094,-0.996211
376.847,334.5,1.53491,1.07785,0.265928,-1.05993
377.713,334,1.64027,1.14689,0.269815,-1.1412
378.579,333.5,1.77571,1.22605,0.249229,-1.2601
379.445,333,1.90062,1.26125,0.257362,-1.39834
380.311,332.5,2.10022,1.37092,0.206444,-1.57761
381.177,332,2.25173,1.43998,0.185598,-1.72113
382.043,331.5,2.41769,1.50442,0.160796,-1.88576
382.909,331,2.6012,1.63249,0.0665126,-2.02405
383.775,330.5,2.78191,1.7374,0.014084,-2.17261
384.641,330,3.00672,1.89445,-0.0508878,-2.33427
385.507,329.5,3.2002,2.08343,-0.144514,-2.42481
386.373,329,3.4746,2.32491,-0.240807,-2.57092
387.239,328.5,3.71556,2.57473,-0.370202,-2.65313
388.105,328,3.98273,2.85609,-0.514749,-2.72762
388.971,327.5,4.37869,3.22155,-0.662364,-2.89063
389.837,327,4.59849,3.46557,-0.802502,-2.9141
390.703,326.5,4.90044,3.77342,-0.92634,-2.98622
391.569,326,5.2878,4.12602,-1.04583,-3.13736
392.435,325.5,5.37991,4.26049,-1.08039,-3.10233
393.301,325,5.5786,4.46712,-1.09358,-3.15748
394.167,324.5,5.63108,4.54589,-1.05965,-3.14976
395.033,324,5.31132,4.34381,-0.929899,-2.91148
395.899,323.5,5.03649,4.15551,-0.819137,-2.72524
396.765,323,4.11101,3.46542,-0.645678,-2.11526
397.631,322.5,3.10469,2.61851,-0.501369,-1.59096
398.497,322,2.04415,1.68924,-0.423199,-1.07048
399.363,321.5,1.32595,0.950476,-0.244307,-0.891655
400.229,321,0.791394,0.400229,-0.0258217,-0.682242
401.095,320.5,0.471787,0.0578534,0.198232,-0.424193
401.962,320,0.266062,-0.0409729,0.199999,-0.170618
402.828,319.5,0.260458,-0.0989536,0.174633,0.165981
403.694,319,0.436149,0.00660221,0.15238,0.408611
404.56,318.5,0.583619,0.153646,0.110795,0.552022
405.426,318,0.708116,0.257731,0.0982398,0.65219
406.292,317.5,0.756414,0.399298,0.0994984,0.634683
407.158,317,0.787682,0.470356,0.0926028,0.625007
408.024,316.5,0.766036,0.514368,0.0720205,0.563071
408.89,316,0.765107,0.545799,0.0541296,0.533443
409.756,315.5,0.721372,0.547899,0.0462872,0.466949
410.622,315,0.636909,0.535884,0.0481494,0.340828
411.488,314.5,0.593034,0.503225,0.0220996,0.312994
412.354,314,0.580625,0.490601,0.00789148,0.310442
413.22,313.5,0.563969,0.473616,0.000202754,0.306186
414.086,313,0.538433,0.448848,-0.00257658,0.297387
414.952,312.5,0.545762,0.445838,-0.0121202,0.314544
415.818,312,0.567919,0.446771,-0.021051,0.349979
416.684,311.5,0.594776,0.44309,-0.0279067,0.395791
417.55,311,0.622162,0.447556,-0.0327592,0.430936
418.416,310.5,0.64914,0.460058,-0.0359777,0.456547
419.282,310,0.675141,0.471629,-0.0345342,0.48186
420.148,309.5,0.704455,0.487486,-0.0329677,0.507472
421.014,309,0.732108,0.502764,-0.0319095,0.531218
421.88,308.5,0.76289,0.521505,-0.0304437,0.555974
422.746,308,0.796141,0.543977,-0.0293631,0.580575
423.612,307.5,0.832386,0.570742,-0.0307887,0.605122
424.478,307,0.872446,0.602315,-0.0342205,0.630244
425.344,306.5,0.902917,0.628756,-0.0366891,0.646977
426.21,306,0.912025,0.640655,-0.0377622,0.648016
427.076,305.5,0.916939,0.64836,-0.0386296,0.647236
427.942,305,0.917761,0.651993,-0.0392233,0.644711
428.808,304.5,0.928732,0.667412,-0.0366198,0.644797
429.674,304,0.945263,0.685947,-0.0357786,0.649399
430.54,303.5,0.966968,0.706009,-0.0364619,0.659733
431.406,303,0.97826,0.731623,-0.0383474,0.648267
432.272,302.5,0.987701,0.756785,-0.0413603,0.63334
433.138,302,0.996478,0.781362,-0.0446967,0.616802
434.004,301.5,0.99222,0.798441,-0.0464209,0.587229
434.87,301,0.984319,0.811365,-0.0470337,0.5553
435.737,300.5,0.977054,0.823395,-0.0461424,0.523951
436.603,300,0.983243,0.839298,-0.0424409,0.510436
437.469,299.5,1.00095,0.857362,-0.0353045,0.515344
438.335,299,1.01501,0.868087,-0.0314036,0.525057
439.201,298.5,1.02764,0.881606,-0.0278093,0.527305
440.067,298,1.02789,0.885936,-0.0338648,0.520132
440.933,297.5,1.02682,0.887349,-0.0448401,0.514734
441.799,297,1.02461,0.88786,-0.0590081,0.507993
442.665,296.5,1.01989,0.893567,-0.0625222,0.487659
443.531,296,1.01143,0.897908,-0.0590798,0.461809
444.397,295.5,1.00025,0.900791,-0.0616725,0.430427
445.263,295,0.982785,0.888043,-0.0585415,0.416915
446.129,294.5,0.966625,0.87692,-0.0604951,0.402137
446.995,294,0.951867,0.867423,-0.0675332,0.386092
447.861,293.5,0.936464,0.848983,-0.0591343,0.390763
448.727,293,0.928462,0.836371,-0.0529714,0.399648
449.593,292.5,0.928664,0.831263,-0.0511417,0.410857
450.459,292,0.939311,0.837063,-0.0618241,0.421673
451.325,291.5,0.953742,0.844696,-0.0780925,0.435905
452.191,291,0.981246,0.862629,-0.0873558,0.459439
453.057,290.5,1.00167,0.886506,-0.0782402,0.459714
453.923,290,1.00813,0.90551,-0.0702027,0.437547
454.789,289.5,1.01312,0.923681,-0.0662183,0.410912
455.655,289,1.02388,0.940227,-0.0606917,0.400778
456.521,288.5,1.04434,0.95575,-0.0503949,0.417908
457.387,288,1.04408,0.951859,-0.0438581,0.426783
458.253,287.5,1.04017,0.949351,-0.0371934,0.423445
459.119,287,1.0341,0.951618,-0.0295806,0.403622
459.985,286.5,1.02788,0.953195,-0.0243578,0.383886
460.851,286,1.01945,0.951913,-0.020975,0.364276
461.717,285.5,0.993535,0.931785,-0.0141699,0.34451
462.583,285,0.963127,0.908158,-0.00639556,0.320659
463.449,284.5,0.930663,0.884133,0.00054963,0.290592
464.315,284,0.897087,0.85808,0.00590395,0.26159
465.181,283.5,0.870293,0.838118,0.00970303,0.23425
466.047,283,0.850587,0.824514,0.0119542,0.208643
466.913,282.5,0.859916,0.831995,0.00996515,0.217119
467.779,282,0.874569,0.843829,0.00667307,0.229737
468.645,281.5,0.891049,0.857717,0.0026917,0.241417
469.512,281,0.906637,0.870021,-0.00342446,0.255034
470.378,280.5,0.920748,0.880566,-0.0101566,0.268845
471.244,280,0.933538,0.890237,-0.0154312,0.280595
472.11,279.5,0.945027,0.899077,-0.0164113,0.290631
472.976,279,0.956308,0.908284,-0.014038,0.29891
473.842,278.5,0.966382,0.916908,-0.0108714,0.305049
474.708,278,0.967044,0.916862,-0.00895409,0.30734
475.574,277.5,0.949099,0.898214,-0.0108908,0.3064
476.44,277,0.929474,0.877291,-0.0145544,0.306712
477.306,276.5,0.917998,0.863899,-0.0172586,0.310004
478.172,276,0.929158,0.876012,-0.0178476,0.309223
479.038,275.5,0.934333,0.883779,-0.020298,0.302491
