x,v,vx,vy,vz
220.096,425,0.606717,0.604004,-0.00511609,-0.0570806
220.962,424.5,0.599806,0.597081,-0.00536752,-0.0568558
221.828,424,0.592993,0.590242,-0.0056884,-0.0567667
222.694,423.5,0.586293,0.583502,-0.00608233,-0.0568103
223.56,423,0.579396,0.576539,-0.00650034,-0.0570962
224.426,422.5,0.572605,0.569667,-0.00694441,-0.0575156
225.292,422,0.566086,0.563047,-0.00684461,-0.0581701
226.158,421.5,0.5595,0.556341,-0.00662123,-0.0590008
227.024,421,0.552937,0.549642,-0.00637134,-0.059935
227.89,420.5,0.546478,0.543035,-0.00612743,-0.060938
228.756,420,0.540057,0.536458,-0.00576501,-0.0619737
229.622,419.5,0.536094,0.532362,-0.00544983,-0.0629157
230.488,419,0.535173,0.531335,-0.00539183,-0.0637564
231.355,418.5,0.534351,0.530414,-0.00545856,-0.0645144
232.221,418,0.533608,0.529593,-0.00567099,-0.0650864
233.087,417.5,0.533067,0.528978,-0.00595459,-0.0656257
233.953,417,0.532761,0.528613,-0.00632545,-0.0660509
234.819,416.5,0.53771,0.533635,-0.00642785,-0.0657583
235.685,416,0.542771,0.538781,-0.0065543,-0.0653566
236.551,415.5,0.547865,0.543974,-0.00670465,-0.0648366
237.417,415,0.552978,0.549247,-0.0066784,-0.0637814
238.283,414.5,0.558056,0.554493,-0.00665616,-0.0626127
239.149,414,0.562962,0.559565,-0.00646175,-0.0614103
240.015,413.5,0.567112,0.563889,-0.00612544,-0.0600649
240.881,413,0.570684,0.567617,-0.00575155,-0.0588138
241.747,412.5,0.573713,0.570779,-0.00533137,-0.0576971
242.613,412,0.575894,0.573082,-0.00488746,-0.0566349
243.479,411.5,0.577288,0.574576,-0.00442969,-0.0557241
244.345,411,0.576474,0.573759,-0.00420093,-0.0557236
245.211,410.5,0.575091,0.572374,-0.00404784,-0.05569
246.077,410,0.573211,0.570493,-0.00393409,-0.0556112
246.943,409.5,0.570944,0.568222,-0.00386929,-0.0555492
247.809,409,0.568243,0.565526,-0.00382708,-0.0553707
248.675,408.5,0.565906,0.563201,-0.00372124,-0.0551411
249.541,408,0.564089,0.561385,-0.00361678,-0.0550496
250.407,407.5,0.56237,0.559673,-0.00348059,-0.0548992
251.273,407,0.560826,0.558159,-0.00316046,-0.0545431
252.139,406.5,0.559199,0.556556,-0.00286415,-0.0542373
253.005,406,0.557337,0.554716,-0.0024914,-0.0539305
253.871,405.5,0.554118,0.551547,-0.00114773,-0.0533032
254.737,405,0.55085,0.548307,0.000280714,-0.0528671
255.603,404.5,0.547533,0.544995,0.00179393,-0.0526219
256.469,404,0.543526,0.540983,0.00358985,-0.0523983
257.335,403.5,0.539224,0.536654,0.00547729,-0.0522937
258.201,403,0.534617,0.531973,0.00744689,-0.0525818
259.067,402.5,0.52937,0.526589,0.00968962,-0.0533149
259.933,402,0.523778,0.520833,0.0120109,-0.0541523
260.799,401.5,0.517977,0.514843,0.014343,-0.0550526
261.665,401,0.511087,0.50775,0.0163977,-0.0559597
262.531,400.5,0.5038,0.500273,0.0181153,-0.0566887
263.397,400,0.498543,0.494867,0.0192571,-0.0572794
264.263,399.5,0.492925,0.489117,0.0201792,-0.0577262
265.13,399,0.48672,0.482821,0.0208709,-0.0578305
265.996,398.5,0.48039,0.476431,0.0216072,-0.0576356
266.862,398,0.473758,0.469787,0.0221518,-0.0570648
267.728,397.5,0.467182,0.46327,0.0223072,-0.0560564
268.594,397,0.460663,0.456824,0.02264,-0.0548593
269.46,396.5,0.453907,0.450157,0.0230257,-0.0534739
270.326,396,0.446773,0.443151,0.0228935,-0.0519531
271.192,395.5,0.439167,0.435691,0.0228639,-0.0501807
272.058,395,0.431021,0.427695,0.0229017,-0.0482918
272.924,394.5,0.423284,0.419995,0.0242533,-0.0467421
273.79,394,0.414951,0.4117,0.0258305,-0.0449548
274.656,393.5,0.406013,0.402792,0.0276146,-0.0429282
275.522,393,0.396624,0.393306,0.0308866,-0.0408244
276.388,392.5,0.386627,0.383129,0.0346863,-0.0385953
277.254,392,0.377121,0.373343,0.0385399,-0.0367431
278.12,391.5,0.366552,0.362465,0.0417417,-0.0351725
278.986,391,0.355139,0.350736,0.0444573,-0.0336376
279.852,390.5,0.343379,0.338636,0.0470256,-0.0319872
280.718,390,0.331405,0.326303,0.0484337,-0.0317801
281.584,389.5,0.319347,0.313859,0.0485837,-0.0333861
282.45,389,0.307189,0.30129,0.0485561,-0.0350939
283.316,388.5,0.293521,0.286403,0.051987,-0.0377582
284.182,388,0.277987,0.267525,0.0626216,-0.0422557
285.048,387.5,0.264156,0.24889,0.0750297,-0.0469332
285.914,387,0.25128,0.229363,0.0888573,-0.0513688
286.78,386.5,0.234186,0.205735,0.0999809,-0.0502002
287.646,386,0.218931,0.182495,0.111637,-0.0465131
288.512,385.5,0.206183,0.159589,0.124091,-0.0405515
289.378,385,0.190208,0.136655,0.130206,-0.0234711
290.244,384.5,0.1771,0.115305,0.134383,-0.00324773
291.11,384,0.168026,0.0896115,0.140523,0.0213493
291.976,383.5,0.19145,0.0681066,0.157652,0.08462
292.842,383,0.243637,0.0427868,0.17848,0.160228
293.708,382.5,0.317577,0.0113335,0.202767,0.244156
294.574,382,0.424722,-0.0158232,0.247523,0.344776
295.44,381.5,0.547717,-0.0457455,0.305588,0.452236
296.306,381,0.643568,-0.195305,0.370695,0.488488
297.172,380.5,0.810176,-0.528284,0.408753,0.4585
298.038,380,1.66623,-1.49853,0.586915,0.431607
298.905,379.5,2.68561,-2.61435,0.558769,0.255829
299.771,379,3.39163,-3.34026,0.151076,0.568365
300.637,378.5,3.85103,-3.64898,-0.179518,1.21784
301.503,378,4.22924,-3.74621,-0.281673,1.94243
302.369,377.5,4.2824,-3.43776,-0.085784,2.55214
303.235,377,4.4217,-3.07116,0.0779466,3.18014
304.101,376.5,4.62276,-2.66878,0.164252,3.77102
304.967,376,4.71744,-2.2477,0.187153,4.14332
305.833,375.5,4.81778,-1.87292,0.196234,4.43448
306.699,375,4.78592,-1.56954,0.118548,4.51969
307.565,374.5,4.62782,-1.36458,-0.00784506,4.42206
308.431,374,4.46501,-1.29358,-0.166937,4.27026
309.297,373.5,4.03153,-1.24304,-0.113143,3.83345
310.163,373,3.5929,-1.2718,0.100745,3.35876
311.029,372.5,3.23574,-1.37688,0.412491,2.89898
311.895,372,2.87163,-1.52268,0.516801,2.37921
312.761,371.5,2.57961,-1.75417,0.477011,1.83022
313.627,371,2.37497,-2.04512,0.211087,1.18886
314.493,370.5,2.40533,-2.34005,0.0300654,0.55579
315.359,370,2.56301,-2.56136,-0.0095282,0.0912767
316.225,369.5,2.56878,-2.56135,0.0447656,-0.190079
317.091,369,2.5062,-2.48714,0.0601596,-0.302557
317.957,368.5,2.41902,-2.39123,0.0654304,-0.359742
318.823,368,2.25215,-2.22806,0.0219839,-0.327837
319.689,367.5,2.07411,-2.04501,-0.0613608,-0.340694
320.555,367,1.91453,-1.86744,-0.191235,-0.376228
321.421,366.5,1.73843,-1.64938,-0.245088,-0.491542
322.287,366,1.62209,-1.46753,-0.252734,-0.643168
323.153,365.5,1.55917,-1.32522,-0.176838,-0.802199
324.019,365,1.54166,-1.21686,-0.0177454,-0.946394
324.885,364.5,1.5488,-1.15539,0.0881114,-1.02767
325.751,364,1.40222,-1.065,0.0743658,-0.909093
326.617,363.5,1.61238,-1.10742,0.207674,-1.15337
327.483,363,1.71788,-1.11721,0.217162,-1.28677
328.349,362.5,1.77887,-1.1158,0.196274,-1.37144
329.215,362,1.81225,-1.12207,0.180118,-1.41165
330.081,361.5,1.82954,-1.15376,0.195654,-1.40634
330.947,361,1.87538,-1.22654,0.25434,-1.39569
331.813,360.5,1.95399,-1.33855,0.346838,-1.3806
332.679,360,1.94826,-1.40695,0.427199,-1.27816
333.546,359.5,1.72442,-1.32044,0.467699,-1.00564
334.412,359,1.39082,-1.12973,0.521858,-0.621102
335.278,358.5,0.921279,-0.758557,0.475096,-0.218242
336.144,358,0.59214,-0.372609,0.452808,0.0822005
337.01,357.5,0.663404,0.0251976,0.572519,0.334204
337.876,357,0.770379,0.319584,0.554327,0.429035
338.742,356.5,0.912304,0.547752,0.537814,0.492973
339.608,356,0.953964,0.629139,0.501827,0.512251
340.474,355.5,0.872784,0.567738,0.437224,0.498257
341.34,355,0.799086,0.515673,0.412758,0.449723
342.206,354.5,0.717907,0.461349,0.405634,0.371495
343.072,354,0.68232,0.453808,0.415798,0.294501
343.938,353.5,0.685147,0.46247,0.455501,0.21924
344.804,353,0.679557,0.513399,0.426131,0.128967
345.67,352.5,0.734779,0.59579,0.415921,0.109292
346.536,352,0.797469,0.681237,0.394441,0.127627
347.402,351.5,0.855301,0.794921,0.291981,0.119951
348.268,351,0.969705,0.914879,0.267675,0.177971
349.134,350.5,1.05547,0.981132,0.297181,0.251142
350,350,1.02755,0.947142,0.291368,0.271837
350.866,349.5,0.964793,0.88745,0.25981,0.27524
351.732,349,0.975755,0.871476,0.240196,0.367332
352.598,348.5,0.99618,0.86511,0.190004,0.455915
353.464,348,0.995014,0.851879,0.114088,0.501339
354.33,347.5,0.997966,0.842345,0.0406399,0.53361
355.196,347,0.997298,0.837534,-0.0269529,0.540753
356.062,346.5,0.992702,0.829817,-0.0735952,0.539856
356.928,346,0.983388,0.821754,-0.0990769,0.530996
357.794,345.5,0.996709,0.843701,-0.101504,0.520858
358.66,345,1.00761,0.862801,-0.102184,0.510313
359.526,344.5,1.01403,0.876382,-0.104547,0.499286
360.392,344,1.01277,0.885844,-0.095248,0.481581
361.258,343.5,1.01098,0.894329,-0.0942087,0.461927
362.124,343,1.00485,0.897462,-0.0962946,0.441598
362.99,342.5,0.989784,0.895794,-0.0784075,0.413616
363.856,342,0.974151,0.893247,-0.061179,0.383847
364.722,341.5,0.957534,0.888125,-0.0477798,0.354716
365.588,341,0.940063,0.878411,-0.0418175,0.332212
366.454,340.5,0.931246,0.874203,-0.0374225,0.318729
367.321,340,0.932891,0.878953,-0.0342907,0.310727
368.187,339.5,0.932428,0.8818,-0.0326241,0.301308
369.053,339,0.931294,0.883986,-0.0319301,0.291303
369.919,338.5,0.932015,0.887639,-0.0318084,0.282377
370.785,338,0.935738,0.893692,-0.0309513,0.275614
371.651,337.5,0.944042,0.903428,-0.0281309,0.272475
372.517,337,0.952752,0.913317,-0.0260811,0.270017
373.383,336.5,0.959372,0.921035,-0.0238136,0.267434
374.249,336,0.963137,0.926221,-0.0230139,0.263093
375.115,335.5,0.964133,0.92827,-0.0210511,0.25966
375.981,335,0.962351,0.92719,-0.017938,0.25713
376.847,334.5,0.958671,0.926533,-0.0186504,0.245434
377.713,334,0.951579,0.922299,-0.0196838,0.233411
378.579,333.5,0.941059,0.914312,-0.0208922,0.221789
379.445,333,0.932851,0.909321,-0.0211209,0.207126
380.311,332.5,0.927922,0.90691,-0.0224123,0.195065
381.177,332,0.92262,0.90367,-0.0229284,0.184612
382.043,331.5,0.917812,0.898749,-0.0287717,0.183851
382.909,331,0.909717,0.889534,-0.0335773,0.187583
383.775,330.5,0.89493,0.873642,-0.0330832,0.191195
384.641,330,0.870813,0.851274,-0.0226842,0.182024
385.507,329.5,0.83871,0.822601,-0.0125483,0.163111
386.373,329,0.821409,0.80824,-0.00869872,0.146235
387.239,328.5,0.8082,0.796802,-0.00551638,0.13514
388.105,328,0.800223,0.789651,-0.00401202,0.129585
388.971,327.5,0.793529,0.783671,-0.0027173,0.12466
389.837,327,0.788399,0.779179,-0.00116511,0.120212
390.703,326.5,0.784421,0.775837,0.000248052,0.115726
391.569,326,0.780056,0.77216,-0.00124969,0.110702
392.435,325.5,0.776015,0.768895,-0.00410355,0.104801
393.301,325,0.771221,0.763631,-0.00342123,0.107874
394.167,324.5,0.767588,0.759163,-0.00091087,0.113407
395.033,324,0.765196,0.755467,0.0037105,0.121576
395.899,323.5,0.768114,0.756364,0.019578,0.132402
396.765,323,0.773238,0.759693,0.0333728,0.140177
397.631,322.5,0.779937,0.765044,0.0445239,0.145007
398.497,322,0.782663,0.765894,0.0528072,0.152244
399.363,321.5,0.778716,0.759609,0.0649771,0.158652
400.229,321,0.765473,0.74378,0.0779523,0.163291
401.095,320.5,0.744061,0.721965,0.0756437,0.163314
401.962,320,0.725415,0.703273,0.0676619,0.164487
402.828,319.5,0.716762,0.693414,0.0631513,0.170106
403.694,319,0.725402,0.69872,0.0661504,0.183365
404.56,318.5,0.740723,0.709698,0.0750861,0.198397
405.426,318,0.755154,0.715861,0.0784777,0.22725
406.292,317.5,0.780512,0.729247,0.0785731,0.266878
407.158,317,0.814769,0.746166,0.0773923,0.317956
408.024,316.5,0.849408,0.764254,0.0761245,0.362788
408.89,316,0.881222,0.781543,0.0740383,0.400326
409.756,315.5,0.889901,0.78035,0.0617257,0.423282
410.622,315,0.90093,0.781503,0.0516417,0.445267
411.488,314.5,0.91819,0.788011,0.0484046,0.468796
412.354,314,0.940149,0.795489,0.0366552,0.499733
413.22,313.5,0.962594,0.802172,0.0237671,0.531547
414.086,313,0.984732,0.807389,0.0107417,0.563654
414.952,312.5,0.978161,0.793006,0.000970689,0.572659
415.818,312,0.965379,0.776069,-0.00747527,0.574123
416.684,311.5,0.952548,0.760576,-0.0146415,0.573286
417.55,311,0.933365,0.745509,-0.0262603,0.560978
418.416,310.5,0.907293,0.727353,-0.0423884,0.540687
419.282,310,0.854261,0.685078,-0.0597964,0.506809
420.148,309.5,0.790927,0.632846,-0.0776153,0.468025
421.014,309,0.73405,0.585244,-0.0923189,0.433354
421.88,308.5,0.683629,0.541131,-0.102595,0.404969
422.746,308,0.637483,0.504165,-0.103331,0.376197
423.612,307.5,0.592805,0.47668,-0.0946814,0.339454
424.478,307,0.555765,0.457264,-0.0827148,0.304865
425.344,306.5,0.523321,0.439014,-0.0739902,0.275058
426.21,306,0.503362,0.429701,-0.069177,0.252874
427.076,305.5,0.4817,0.416636,-0.0653258,0.232771
427.942,305,0.45818,0.39991,-0.0622606,0.214766
428.808,304.5,0.443327,0.391048,-0.0436824,0.204237
429.674,304,0.423556,0.374019,-0.0244788,0.197257
430.54,303.5,0.396199,0.346269,-0.00580777,0.192453
431.406,303,0.364028,0.309893,0.0163669,0.190301
432.272,302.5,0.330737,0.268199,0.0379745,0.189775
433.138,302,0.300813,0.232176,0.0534399,0.183649
434.004,301.5,0.281582,0.221229,0.0511033,0.166538
434.87,301,0.266518,0.209782,0.0448004,0.158167
435.737,300.5,0.284299,0.222635,0.030847,0.174092
436.603,300,0.296869,0.209347,0.027525,0.20868
437.469,299.5,0.318952,0.197571,0.0240001,0.24924
438.335,299,0.350679,0.187307,0.0202722,0.295772
439.201,298.5,0.391721,0.178556,0.0163413,0.348276
440.067,298,0.439386,0.174222,0.0122355,0.403183
440.933,297.5,0.421479,0.18527,0.0116,0.378398
441.799,297,0.394523,0.190595,0.0143064,0.345134
442.665,296.5,0.370087,0.19312,0.0199133,0.315075
443.531,296,0.347948,0.192845,0.0284209,0.28822
444.397,295.5,0.328019,0.18977,0.0398291,0.26457
445.263,295,0.281116,0.125567,0.0898857,0.234904
446.129,294.5,0.261857,0.101477,0.106608,0.216579
446.995,294,0.237596,0.0703725,0.120365,0.192385
447.861,293.5,0.241761,0.0891121,0.105269,0.198559
448.727,293,0.255323,0.116387,0.0864263,0.210177
449.593,292.5,0.275682,0.145912,0.066992,0.224103
450.459,292,0.313921,0.188099,0.0553544,0.245156
451.325,291.5,0.358255,0.230371,0.0440882,0.2708
452.191,291,0.406542,0.277293,0.0329636,0.295462
453.057,290.5,0.455969,0.33582,0.0322079,0.30675
453.923,290,0.504516,0.395059,0.0322915,0.312125
454.789,289.5,0.555098,0.454508,0.0275088,0.31749
455.655,289,0.602393,0.512797,0.0199949,0.315463
456.521,288.5,0.647209,0.570991,0.0126106,0.30445
457.387,288,0.658425,0.587546,0.00476304,0.297137
458.253,287.5,0.673479,0.606388,-0.00684198,0.292951
459.119,287,0.706751,0.638317,-0.0200652,0.302731
459.985,286.5,0.751385,0.678063,-0.0314762,0.322211
460.851,286,0.801039,0.720038,-0.0406671,0.348649
461.717,285.5,0.790552,0.70912,-0.0413179,0.347008
462.583,285,0.76658,0.686637,-0.0360039,0.338936
463.449,284.5,0.751921,0.669702,-0.0309054,0.340486
464.315,284,0.742337,0.661749,-0.0221634,0.33565
465.181,283.5,0.732411,0.650904,-0.0146659,0.335461
466.047,283,0.722194,0.636996,-0.00852381,0.340187
466.913,282.5,0.70683,0.629886,0.00376221,0.320684
467.779,282,0.691454,0.622314,0.0174873,0.30088
468.645,281.5,0.676906,0.613275,0.0315676,0.284779
469.512,281,0.667478,0.608522,0.0432871,0.27084
470.378,280.5,0.661491,0.605034,0.0532786,0.262042
471.244,280,0.66072,0.605191,0.0654584,0.256923
472.11,279.5,0.667086,0.611817,0.0715418,0.256058
472.976,279,0.680783,0.625419,0.0685357,0.260037
473.842,278.5,0.699536,0.643552,0.0650503,0.266383
474.708,278,0.716964,0.656313,0.0668817,0.280744
475.574,277.5,0.715479,0.642035,0.0833173,0.304566
476.44,277,0.695743,0.610308,0.0934379,0.320707
477.306,276.5,0.672854,0.577181,0.100117,0.331015
478.172,276,0.652598,0.55783,0.0834008,0.328259
479.038,275.5,0.632995,0.536728,0.0687101,0.328458
