x,v,vx,vy,vz
220.096,425,0.606194,0.605997,0.000359096,0.0154651
220.962,424.5,0.605573,0.605378,0.00054227,0.0153832
221.828,424,0.604944,0.60475,0.000724754,0.0152916
222.694,423.5,0.60431,0.604119,0.000905868,0.0151906
223.56,423,0.603426,0.603236,0.00114723,0.0151171
224.426,422.5,0.602486,0.602296,0.00140308,0.0150423
225.292,422,0.601618,0.601428,0.00169458,0.0150102
226.158,421.5,0.600531,0.60034,0.00205938,0.0149766
227.024,421,0.599318,0.599127,0.00246851,0.01494
227.89,420.5,0.598093,0.5979,0.00289357,0.0148964
228.756,420,0.596644,0.596449,0.00335071,0.0148674
229.622,419.5,0.594963,0.594765,0.00381063,0.014855
230.488,419,0.59328,0.593079,0.00425496,0.0148367
231.355,418.5,0.591441,0.591236,0.0047172,0.0148344
232.221,418,0.589291,0.589081,0.00521,0.0148691
233.087,417.5,0.587132,0.586915,0.00572405,0.0149089
233.953,417,0.584887,0.584662,0.00623186,0.0149688
234.819,416.5,0.582371,0.582136,0.00670712,0.0151306
235.685,416,0.579846,0.5796,0.00720304,0.0152735
236.551,415.5,0.577297,0.57704,0.0077172,0.0153966
237.417,415,0.574366,0.574098,0.00820814,0.0154929
238.283,414.5,0.571401,0.571122,0.00871683,0.0155619
239.149,414,0.568444,0.568157,0.0091774,0.0155894
240.015,413.5,0.565373,0.565078,0.00962224,0.0155307
240.881,413,0.562271,0.56197,0.0100697,0.0154056
241.747,412.5,0.55916,0.558854,0.0105138,0.0152173
242.613,412,0.555891,0.55558,0.0111603,0.0149043
243.479,411.5,0.552557,0.552239,0.011869,0.0145033
244.345,411,0.549255,0.548932,0.0125537,0.014037
245.211,410.5,0.545844,0.545509,0.0135733,0.0134832
246.077,410,0.542352,0.541996,0.0148752,0.0128329
246.943,409.5,0.538866,0.538487,0.0161854,0.0121003
247.809,409,0.535155,0.534737,0.0178706,0.0112816
248.675,408.5,0.531194,0.530712,0.0201098,0.0103756
249.541,408,0.527335,0.526778,0.0223479,0.00936693
250.407,407.5,0.523268,0.522638,0.0242975,0.00822061
251.273,407,0.518476,0.517811,0.0253293,0.00688859
252.139,406.5,0.513729,0.513024,0.0263547,0.00546749
253.005,406,0.509064,0.508318,0.0272512,0.0039763
253.871,405.5,0.504777,0.504051,0.0269495,0.00255444
254.737,405,0.500639,0.499922,0.026771,0.00109764
255.603,404.5,0.49665,0.495931,0.0267159,-0.000394109
256.469,404,0.492019,0.491308,0.0263207,-0.00258161
257.335,403.5,0.487477,0.486765,0.0258776,-0.00485071
258.201,403,0.483134,0.482417,0.0253502,-0.00708799
259.067,402.5,0.478849,0.478157,0.0238755,-0.00962794
259.933,402,0.474821,0.474146,0.0221734,-0.0122274
260.799,401.5,0.471114,0.470435,0.0205215,-0.0147871
261.665,401,0.468111,0.467427,0.017798,-0.0179764
262.531,400.5,0.465714,0.464998,0.0145074,-0.0213535
263.397,400,0.463731,0.462977,0.0116325,-0.0237365
264.263,399.5,0.463604,0.462777,0.00883452,-0.0262234
265.13,399,0.465948,0.465015,0.00577907,-0.0288893
265.996,398.5,0.468955,0.467898,0.00239827,-0.0313762
266.862,398,0.472557,0.471308,-0.000628358,-0.0343319
267.728,397.5,0.475779,0.474276,-0.00209798,-0.0377327
268.594,397,0.479019,0.477297,-0.00336861,-0.0404379
269.46,396.5,0.483083,0.481143,-0.00365975,-0.043092
270.326,396,0.490253,0.487965,0.00113208,-0.0472915
271.192,395.5,0.4976,0.494941,0.00628525,-0.0509897
272.058,395,0.505243,0.502194,0.0113128,-0.0542578
272.924,394.5,0.508793,0.505586,0.00759661,-0.0565246
273.79,394,0.513325,0.510047,0.00229581,-0.0578738
274.656,393.5,0.518957,0.515651,-0.00449457,-0.0583135
275.522,393,0.53551,0.531672,-0.0120728,-0.0628544
276.388,392.5,0.554306,0.549814,-0.0189962,-0.0678166
277.254,392,0.570098,0.564858,-0.0228007,-0.073672
278.12,391.5,0.580011,0.57475,-0.0232586,-0.0743889
278.986,391,0.587959,0.583104,-0.0203299,-0.0726133
279.852,390.5,0.596173,0.591738,-0.0147805,-0.0710569
280.718,390,0.606278,0.601345,-0.00484554,-0.0770311
281.584,389.5,0.619065,0.613115,0.00423454,-0.0855141
282.45,389,0.637294,0.630924,0.00057557,-0.0898776
283.316,388.5,0.662392,0.656134,-0.0039347,-0.0907531
284.182,388,0.703353,0.697466,0.00864551,-0.0903945
285.048,387.5,0.753249,0.746541,0.0368259,-0.0932987
285.914,387,0.804381,0.794872,0.0707713,-0.100992
286.78,386.5,0.794488,0.784546,0.0480484,-0.115715
287.646,386,0.787393,0.776117,0.0232862,-0.130722
288.512,385.5,0.789119,0.775642,0.00173445,-0.145203
289.378,385,0.793035,0.779652,-0.00644128,-0.144935
290.244,384.5,0.794615,0.781434,-0.0122,-0.143611
291.11,384,0.798692,0.786507,-0.00917225,-0.138674
291.976,383.5,0.81674,0.806923,0.0111507,-0.125761
292.842,383,0.831986,0.823349,0.0283832,-0.116153
293.708,382.5,0.843532,0.835208,0.0416965,-0.110615
294.574,382,0.857275,0.849458,0.0465298,-0.105712
295.44,381.5,0.880342,0.873032,0.0521252,-0.100495
296.306,381,0.888247,0.882548,0.0475875,-0.088475
297.172,380.5,0.884079,0.88111,0.0425972,-0.0585398
298.038,380,0.880409,0.879026,0.0423542,-0.0252856
298.905,379.5,0.879124,0.878073,0.042829,0.00349141
299.771,379,0.878773,0.877307,0.035543,0.0362128
300.637,378.5,0.882713,0.878936,0.0236623,0.0780642
301.503,378,0.891851,0.883985,0.0157362,0.117136
302.369,377.5,0.900795,0.888521,0.00910271,0.14792
303.235,377,0.906171,0.891819,0.00126736,0.160629
304.101,376.5,0.911675,0.8956,-0.0022707,0.170431
304.967,376,0.914907,0.897419,-0.000589563,0.178024
305.833,375.5,0.863743,0.846524,-0.000784631,0.171605
306.699,375,0.80209,0.787263,-0.00984909,0.153194
307.565,374.5,0.731935,0.720926,-0.0273646,0.123473
308.431,374,0.655094,0.635287,-0.00510301,0.159786
309.297,373.5,0.585172,0.536729,0.0423502,0.229246
310.163,373,0.565284,0.439345,0.121391,0.334344
311.029,372.5,0.590354,0.395083,0.182709,0.398804
311.895,372,0.618063,0.360558,0.204931,0.458261
312.761,371.5,0.651911,0.324382,0.193913,0.53119
313.627,371,0.642212,0.314639,0.153196,0.538488
314.493,370.5,0.595577,0.321915,0.112917,0.488193
315.359,370,0.545266,0.364622,0.0541984,0.401781
316.225,369.5,0.524252,0.400653,0.00234581,0.3381
317.091,369,0.524826,0.431241,-0.0288729,0.297725
317.957,368.5,0.529333,0.460043,-0.0476954,0.257446
318.823,368,0.54426,0.494933,-0.0503315,0.220742
319.689,367.5,0.5898,0.557229,-0.050851,0.186477
320.555,367,0.645539,0.626725,-0.0687503,0.138599
321.421,366.5,0.699405,0.688066,-0.0965878,0.0800211
322.287,366,0.707759,0.697915,-0.114972,0.0248899
323.153,365.5,0.730407,0.720737,-0.116268,-0.0226846
324.019,365,0.764032,0.754914,-0.0983532,-0.0646162
324.885,364.5,0.758967,0.747214,-0.0475759,-0.124255
325.751,364,0.750187,0.727565,-0.00122254,-0.182836
326.617,363.5,0.737535,0.696079,0.0406967,-0.240366
327.483,363,0.702558,0.641608,0.0517564,-0.281511
328.349,362.5,0.647921,0.566681,0.0584841,-0.308632
329.215,362,0.601129,0.490669,0.0702451,-0.340096
330.081,361.5,0.605799,0.457364,0.0827533,-0.388539
330.947,361,0.609913,0.428159,0.088343,-0.425288
331.813,360.5,0.609476,0.403649,0.0928377,-0.447112
332.679,360,0.595905,0.369637,0.0835467,-0.459882
333.546,359.5,0.590257,0.352553,0.0784277,-0.466861
334.412,359,0.586831,0.343889,0.0846403,-0.467918
335.278,358.5,0.583602,0.346387,0.080955,-0.46266
336.144,358,0.542925,0.32846,0.0799783,-0.424835
337.01,357.5,0.461155,0.288619,0.0956994,-0.346706
337.876,357,0.434395,0.296587,0.122732,-0.292698
338.742,356.5,0.42202,0.290088,0.153139,-0.265515
339.608,356,0.489418,0.336705,0.15025,-0.321845
340.474,355.5,0.514607,0.324448,0.172384,-0.360329
341.34,355,0.516778,0.280693,0.197986,-0.386099
342.206,354.5,0.525621,0.229653,0.241429,-0.406509
343.072,354,0.540151,0.178761,0.294301,-0.416167
343.938,353.5,0.498031,0.17618,0.270512,-0.379234
344.804,353,0.428435,0.142811,0.284861,-0.286385
345.67,352.5,0.40821,0.152042,0.295112,-0.237544
346.536,352,0.410499,0.186479,0.334386,-0.148057
347.402,351.5,0.416943,0.220075,0.350225,-0.0524488
348.268,351,0.45751,0.244893,0.381466,0.0618616
349.134,350.5,0.496118,0.24694,0.395216,0.170172
350,350,0.476892,0.211856,0.369432,0.214625
350.866,349.5,0.455117,0.166075,0.348753,0.240669
351.732,349,0.347278,0.123212,0.263728,0.189389
352.598,348.5,0.301263,0.157613,0.192394,0.170006
353.464,348,0.334305,0.239883,0.134475,0.190085
354.33,347.5,0.293172,0.205186,0.110431,0.177914
355.196,347,0.208647,0.172853,0.0731545,0.091126
356.062,346.5,0.146788,0.126835,0.0257645,-0.0692532
356.928,346,0.183903,0.0611176,-0.0399265,-0.168793
357.794,345.5,0.274796,0.02839,-0.136848,-0.2366
358.66,345,0.321465,0.0932805,-0.228173,-0.206339
359.526,344.5,0.360922,0.324732,-0.157037,-0.012388
360.392,344,0.487736,0.453504,-0.146423,0.103831
361.258,343.5,0.646146,0.596344,-0.136524,0.207942
362.124,343,0.766922,0.701435,-0.0796805,0.299681
362.99,342.5,0.849415,0.763309,-0.0148839,0.372349
363.856,342,0.871345,0.767451,0.00902426,0.412528
364.722,341.5,0.882862,0.764818,0.0227838,0.440432
365.588,341,0.882374,0.760919,0.0378867,0.445141
366.454,340.5,0.869738,0.750473,0.0451144,0.437263
367.321,340,0.837106,0.724035,0.0454732,0.417675
368.187,339.5,0.799468,0.692711,0.0463188,0.396428
369.053,339,0.7612,0.660545,0.0481755,0.375214
369.919,338.5,0.726073,0.632128,0.0512901,0.353503
370.785,338,0.697386,0.609719,0.051222,0.334614
371.651,337.5,0.687012,0.600887,0.0390506,0.330749
372.517,337,0.68939,0.602401,0.0247595,0.334303
373.383,336.5,0.695055,0.607621,0.0120978,0.337271
374.249,336,0.707108,0.619051,0.00151105,0.341724
375.115,335.5,0.717586,0.629501,-0.00666201,0.344404
375.981,335,0.726407,0.638961,-0.0123985,0.345313
376.847,334.5,0.728895,0.641083,-0.0116216,0.34665
377.713,334,0.730814,0.642581,-0.0106478,0.347946
378.579,333.5,0.732504,0.643862,-0.00951955,0.349161
379.445,333,0.732173,0.643825,-0.0080688,0.34857
380.311,332.5,0.731603,0.643721,-0.00690256,0.34759
381.177,332,0.731935,0.644693,-0.00702045,0.346483
382.043,331.5,0.732949,0.64688,-0.00801483,0.344523
382.909,331,0.733893,0.649132,-0.00863864,0.342274
383.775,330.5,0.734951,0.651471,-0.00902121,0.340084
384.641,330,0.735909,0.653846,-0.00920039,0.337584
385.507,329.5,0.736595,0.656019,-0.00909549,0.334856
386.373,329,0.737258,0.658579,-0.00860137,0.331283
387.239,328.5,0.737744,0.660969,-0.0081991,0.327595
388.105,328,0.737948,0.66307,-0.00802345,0.323792
388.971,327.5,0.737944,0.664903,-0.00782545,0.320007
389.837,327,0.737727,0.666475,-0.00769136,0.316216
390.703,326.5,0.736827,0.667456,-0.0074334,0.312026
391.569,326,0.735275,0.667868,-0.00690422,0.307463
392.435,325.5,0.733539,0.668064,-0.00654168,0.302865
393.301,325,0.731515,0.667934,-0.00658736,0.298221
394.167,324.5,0.729478,0.667705,-0.00667408,0.293706
395.033,324,0.727382,0.667325,-0.00679123,0.289336
395.899,323.5,0.724332,0.665805,-0.00698331,0.285153
396.765,323,0.721341,0.664259,-0.00716824,0.281144
397.631,322.5,0.71842,0.662691,-0.00731561,0.277336
398.497,322,0.715746,0.66134,-0.00754371,0.273615
399.363,321.5,0.713179,0.660037,-0.00783454,0.270027
400.229,321,0.710852,0.658862,-0.00822098,0.266727
401.095,320.5,0.70888,0.657998,-0.00842204,0.263589
401.962,320,0.70705,0.657263,-0.00843454,0.260488
402.828,319.5,0.705255,0.656531,-0.00835243,0.257453
403.694,319,0.703532,0.655875,-0.00805737,0.254401
404.56,318.5,0.70194,0.655371,-0.00754351,0.251302
405.426,318,0.701016,0.655624,-0.00708441,0.248056
406.292,317.5,0.700104,0.655881,-0.00669264,0.244789
407.158,317,0.699221,0.656193,-0.00644482,0.241411
408.024,316.5,0.698316,0.656458,-0.00616421,0.238054
408.89,316,0.697398,0.656692,-0.0058626,0.234701
409.756,315.5,0.69653,0.657087,-0.00556673,0.230996
410.622,315,0.695607,0.657451,-0.00524699,0.227153
411.488,314.5,0.694616,0.657724,-0.00492925,0.223309
412.354,314,0.693656,0.657972,-0.00464419,0.219568
413.22,313.5,0.692613,0.658114,-0.00440434,0.215822
414.086,313,0.691273,0.657914,-0.00421729,0.212106
414.952,312.5,0.688874,0.656493,-0.00405466,0.208681
415.818,312,0.686417,0.655004,-0.00388333,0.205239
416.684,311.5,0.683899,0.653453,-0.0037138,0.201751
417.55,311,0.681255,0.651755,-0.0034558,0.198272
418.416,310.5,0.678503,0.649945,-0.0031381,0.19475
419.282,310,0.674243,0.646506,-0.00282071,0.191378
420.148,309.5,0.669283,0.642306,-0.00252468,0.188083
421.014,309,0.664259,0.638046,-0.00226032,0.184748
421.88,308.5,0.659239,0.633802,-0.0020302,0.181346
422.746,308,0.65421,0.62956,-0.00185607,0.177883
423.612,307.5,0.648921,0.625024,-0.00177756,0.174473
424.478,307,0.64284,0.619552,-0.00177186,0.17145
425.344,306.5,0.636876,0.614193,-0.00178646,0.168448
426.21,306,0.631092,0.609006,-0.00184828,0.165487
427.076,305.5,0.625459,0.603973,-0.00193964,0.162516
427.942,305,0.619976,0.599095,-0.00206165,0.159534
428.808,304.5,0.614834,0.594503,-0.00221219,0.156789
429.674,304,0.609766,0.589967,-0.00234386,0.154104
430.54,303.5,0.604695,0.585437,-0.00247711,0.151371
431.406,303,0.599613,0.580938,-0.0025618,0.14846
432.272,302.5,0.594564,0.576483,-0.00264458,0.14549
433.138,302,0.58978,0.572303,-0.00280098,0.142484
434.004,301.5,0.585793,0.568915,-0.00307348,0.139569
434.87,301,0.582079,0.565759,-0.00333508,0.136826
435.737,300.5,0.578569,0.562767,-0.00360816,0.134245
436.603,300,0.575594,0.56024,-0.00386586,0.132003
437.469,299.5,0.573163,0.558188,-0.00408773,0.130099
438.335,299,0.57209,0.557458,-0.00424332,0.12849
439.201,298.5,0.571533,0.5572,-0.00431568,0.127123
440.067,298,0.571288,0.557212,-0.00430194,0.125961
440.933,297.5,0.571062,0.557227,-0.00424487,0.124869
441.799,297,0.570876,0.557269,-0.00414639,0.123826
442.665,296.5,0.571079,0.557738,-0.00405289,0.122653
443.531,296,0.571832,0.558794,-0.00398177,0.121348
444.397,295.5,0.572524,0.559774,-0.00388903,0.120093
445.263,295,0.573254,0.560792,-0.0039486,0.118812
446.129,294.5,0.573947,0.561753,-0.00399323,0.117613
446.995,294,0.574603,0.562655,-0.00402292,0.116496
447.861,293.5,0.575734,0.564079,-0.00429729,0.115181
448.727,293,0.576847,0.565462,-0.00459469,0.113948
449.593,292.5,0.577883,0.566739,-0.00488682,0.112833
450.459,292,0.578999,0.56808,-0.0052071,0.111793
451.325,291.5,0.58008,0.569366,-0.00554595,0.110837
452.191,291,0.58095,0.570435,-0.00585405,0.109876
453.057,290.5,0.581641,0.571347,-0.0060556,0.108776
453.923,290,0.582247,0.572169,-0.00621478,0.107685
454.789,289.5,0.582678,0.572797,-0.00635511,0.106661
455.655,289,0.582985,0.573301,-0.00640533,0.105622
456.521,288.5,0.583192,0.573712,-0.00635783,0.104533
457.387,288,0.583593,0.574373,-0.00610629,0.103146
458.253,287.5,0.583762,0.574803,-0.00581945,0.101717
459.119,287,0.583692,0.57501,-0.00551452,0.100148
459.985,286.5,0.583371,0.574951,-0.00521916,0.0986177
460.851,286,0.582808,0.574641,-0.00493498,0.0970984
461.717,285.5,0.582604,0.574738,-0.0046514,0.0952996
462.583,285,0.582782,0.575225,-0.00434326,0.0934422
463.449,284.5,0.582823,0.575556,-0.00404278,0.0916603
464.315,284,0.582867,0.575888,-0.00379004,0.0898469
465.181,283.5,0.582798,0.576089,-0.00355684,0.0881051
466.047,283,0.582618,0.576161,-0.00334269,0.0864376
466.913,282.5,0.58286,0.576661,-0.00322392,0.0847189
467.779,282,0.583123,0.577172,-0.00313977,0.0830344
468.645,281.5,0.583379,0.577664,-0.00308298,0.0814011
469.512,281,0.583752,0.578265,-0.00306856,0.0797951
470.378,280.5,0.584203,0.578934,-0.0030813,0.0782282
471.244,280,0.58435,0.579276,-0.00310203,0.0767784
472.11,279.5,0.584364,0.579464,-0.00311204,0.0754556
472.976,279,0.584527,0.57979,-0.00312036,0.0742042
473.842,278.5,0.584753,0.580167,-0.00314296,0.0730195
474.708,278,0.585083,0.580638,-0.00316847,0.0719114
475.574,277.5,0.585533,0.581217,-0.00318005,0.0708866
476.44,277,0.585708,0.581501,-0.00319256,0.0700042
477.306,276.5,0.585913,0.581806,-0.00321343,0.0691785
478.172,276,0.586186,0.582172,-0.00320345,0.0684078
479.038,275.5,0.58649,0.582564,-0.00320385,0.0676735
