x,v,vx,vy,vz
220.096,425,0.571107,0.571024,-0.00290612,-0.00924798
220.962,424.5,0.571541,0.571457,-0.00276994,-0.0093636
221.828,424,0.571974,0.571889,-0.0026412,-0.00952509
222.694,423.5,0.57241,0.572322,-0.00252292,-0.00973397
223.56,423,0.572693,0.572602,-0.00232162,-0.00994323
224.426,422.5,0.57295,0.572856,-0.00210923,-0.0101956
225.292,422,0.573293,0.573192,-0.00183447,-0.0106351
226.158,421.5,0.573471,0.573362,-0.00148956,-0.011053
227.024,421,0.573571,0.573456,-0.00110232,-0.011468
227.89,420.5,0.57369,0.573566,-0.00069692,-0.0119127
228.756,420,0.573637,0.573503,-0.000246698,-0.0123818
229.622,419.5,0.573347,0.573204,0.000211537,-0.0127888
230.488,419,0.572992,0.572842,0.000636376,-0.01311
231.355,418.5,0.572539,0.572381,0.00106433,-0.0133928
232.221,418,0.571931,0.571768,0.00152055,-0.013598
233.087,417.5,0.571366,0.571195,0.00196053,-0.0138363
233.953,417,0.570774,0.570596,0.00237137,-0.0140672
234.819,416.5,0.570404,0.570219,0.00261082,-0.0142808
235.685,416,0.570043,0.569851,0.00281178,-0.0145144
236.551,415.5,0.569682,0.569483,0.0029754,-0.0147578
237.417,415,0.569274,0.569074,0.00309588,-0.0147636
238.283,414.5,0.568886,0.568685,0.00318487,-0.01478
239.149,414,0.568549,0.568345,0.00330814,-0.0148459
240.015,413.5,0.568151,0.567948,0.00358811,-0.0147207
240.881,413,0.567737,0.567537,0.00387396,-0.0145883
241.747,412.5,0.567323,0.567123,0.00414968,-0.0144849
242.613,412,0.566758,0.566561,0.00447324,-0.014258
243.479,411.5,0.566107,0.565913,0.00482722,-0.014012
244.345,411,0.565003,0.564811,0.0052832,-0.0137614
245.211,410.5,0.56362,0.56343,0.00562957,-0.0134956
246.077,410,0.561991,0.561804,0.00592248,-0.0132446
246.943,409.5,0.560316,0.560128,0.00625507,-0.0130633
247.809,409,0.558377,0.558188,0.00666572,-0.0129173
248.675,408.5,0.555956,0.555761,0.00713423,-0.0128625
249.541,408,0.55344,0.553237,0.0075782,-0.0129395
250.407,407.5,0.550627,0.550414,0.00797925,-0.013078
251.273,407,0.546912,0.546689,0.00828284,-0.0132346
252.139,406.5,0.543188,0.542952,0.00860277,-0.0135207
253.005,406,0.539373,0.539119,0.00894953,-0.0138964
253.871,405.5,0.534666,0.534398,0.0094808,-0.0140346
254.737,405,0.529977,0.529688,0.010095,-0.0142899
255.603,404.5,0.525306,0.52499,0.0107922,-0.0146621
256.469,404,0.519246,0.518899,0.0115633,-0.0150466
257.335,403.5,0.513077,0.512697,0.0122345,-0.0155188
258.201,403,0.506774,0.506358,0.0128593,-0.0160048
259.067,402.5,0.499744,0.499275,0.0140541,-0.0164809
259.933,402,0.492504,0.491969,0.0154282,-0.0169677
260.799,401.5,0.485241,0.484634,0.0168218,-0.0174768
261.665,401,0.477413,0.476679,0.0195618,-0.0178278
262.531,400.5,0.469213,0.468298,0.0231168,-0.0179966
263.397,400,0.460622,0.459511,0.0263957,-0.0180349
264.263,399.5,0.451604,0.450297,0.0293967,-0.017744
265.13,399,0.442237,0.44074,0.0321122,-0.0170273
265.996,398.5,0.432958,0.431272,0.0345636,-0.0161836
266.862,398,0.423503,0.421734,0.0356624,-0.0149452
267.728,397.5,0.412864,0.411202,0.0346414,-0.0130105
268.594,397,0.401819,0.40025,0.0337801,-0.0108556
269.46,396.5,0.391012,0.389532,0.0329662,-0.00824944
270.326,396,0.382327,0.380922,0.0324546,-0.00431783
271.192,395.5,0.373118,0.371734,0.0321062,0.000119701
272.058,395,0.363293,0.361878,0.0316756,0.00476824
272.924,394.5,0.349055,0.347337,0.032884,0.0107506
273.79,394,0.333879,0.331556,0.0354084,0.0170923
274.656,393.5,0.317915,0.314589,0.0392222,0.0237649
275.522,393,0.298864,0.293567,0.0451986,0.0330908
276.388,392.5,0.277523,0.269123,0.0520612,0.0433819
277.254,392,0.254901,0.242833,0.0583138,0.0510528
278.12,391.5,0.226153,0.210287,0.0565326,0.0610625
278.986,391,0.192837,0.171549,0.0505826,0.0721021
279.852,390.5,0.158859,0.128442,0.0442917,0.0823229
280.718,390,0.133688,0.0851044,0.0443769,0.0930608
281.584,389.5,0.118929,0.0424556,0.051627,0.0983681
282.45,389,0.102834,-0.00909277,0.0512075,0.0887124
283.316,388.5,0.125594,-0.0867845,0.0313793,0.0851916
284.182,388,0.211196,-0.183566,-0.017894,0.102894
285.048,387.5,0.301055,-0.267339,-0.0779524,0.114402
285.914,387,0.395171,-0.332305,-0.159124,0.142874
286.78,386.5,0.52812,-0.338886,-0.285535,0.287292
287.646,386,0.948154,-0.313975,-0.748256,0.490437
288.512,385.5,0.861443,-0.268086,-0.602002,0.554804
289.378,385,0.734334,-0.168533,-0.304095,0.646815
290.244,384.5,0.760944,-0.109899,0.0729262,0.749426
291.11,384,1.02481,-0.166424,0.401005,0.928291
291.976,383.5,1.34015,-0.306571,0.689765,1.10736
292.842,383,1.64528,-0.633809,0.862205,1.24973
293.708,382.5,1.85582,-0.964892,0.926629,1.28624
294.574,382,1.98371,-1.26068,0.882647,1.25169
295.44,381.5,1.98224,-1.39172,0.717756,1.21542
296.306,381,1.92728,-1.44415,0.567677,1.14305
297.172,380.5,1.80137,-1.41049,0.419079,1.03915
298.038,380,1.63344,-1.30836,0.285242,0.935393
298.905,379.5,1.48729,-1.21085,0.238965,0.829922
299.771,379,1.33242,-1.07822,0.142975,0.769624
300.637,378.5,1.21744,-0.969124,0.0839146,0.73206
301.503,378,1.16334,-0.918867,0.132126,0.701137
302.369,377.5,1.07019,-0.80224,0.0808996,0.703685
303.235,377,1.04994,-0.758431,0.101761,0.718884
304.101,376.5,1.03356,-0.724638,0.159738,0.719467
304.967,376,0.947081,-0.651594,0.0827784,0.682302
305.833,375.5,0.937248,-0.620385,0.0707971,0.698959
306.699,375,0.858928,-0.500044,0.0022262,0.698362
307.565,374.5,0.645841,-0.315538,0.000258758,0.563512
308.431,374,0.628899,-0.237739,-0.014752,0.582045
309.297,373.5,0.633969,-0.187701,-0.0228495,0.605114
310.163,373,0.625481,-0.119632,-0.0532272,0.611622
311.029,372.5,0.618312,0.0515486,-0.1352,0.601144
311.895,372,0.971442,0.480252,-0.123223,0.835389
312.761,371.5,1.13734,0.680318,-0.15784,0.897657
313.627,371,1.23536,0.822397,-0.237753,0.890652
314.493,370.5,1.30905,0.926165,-0.280699,0.8815
315.359,370,1.36995,1.00039,-0.326009,0.87733
316.225,369.5,1.39915,1.04894,-0.381481,0.84369
317.091,369,1.38947,1.06524,-0.440869,0.775586
317.957,368.5,1.39032,1.08619,-0.512462,0.700419
318.823,368,1.37102,1.10763,-0.533984,0.606393
319.689,367.5,1.38327,1.16548,-0.510034,0.543099
320.555,367,1.44671,1.26551,-0.440394,0.545456
321.421,366.5,1.41858,1.28739,-0.264098,0.534099
322.287,366,1.35781,1.25113,-0.0781085,0.521749
323.153,365.5,1.22826,1.12062,0.136607,0.483924
324.019,365,0.790652,0.731152,0.214573,0.210962
324.885,364.5,0.377465,0.303774,0.177761,-0.136389
325.751,364,0.51834,0.00367739,-0.0567656,-0.515209
326.617,363.5,0.67489,-0.183689,-0.204765,-0.616284
327.483,363,0.657928,-0.239215,-0.323295,-0.520698
328.349,362.5,0.567004,-0.117418,-0.289377,-0.473252
329.215,362,0.617258,-0.0493026,-0.380406,-0.483599
330.081,361.5,0.658564,0.0386282,-0.422341,-0.503828
330.947,361,0.702145,0.127267,-0.430179,-0.540145
331.813,360.5,0.762095,0.211117,-0.428824,-0.593573
332.679,360,0.802608,0.280733,-0.417435,-0.625393
333.546,359.5,0.818675,0.344048,-0.412827,-0.617603
334.412,359,0.826593,0.372742,-0.395655,-0.622716
335.278,358.5,0.833411,0.38493,-0.36576,-0.642357
336.144,358,0.856135,0.406422,-0.347509,-0.6686
337.01,357.5,0.907022,0.459971,-0.350313,-0.698854
337.876,357,0.971459,0.525621,-0.361892,-0.732454
338.742,356.5,0.941283,0.484632,-0.328341,-0.737114
339.608,356,0.979485,0.494731,-0.323078,-0.781187
340.474,355.5,1.02747,0.464648,-0.335386,-0.85283
341.34,355,1.06174,0.407122,-0.329921,-0.923419
342.206,354.5,0.936862,0.274802,-0.242721,-0.862138
343.072,354,0.97978,0.217431,-0.22369,-0.928793
343.938,353.5,0.940963,0.237983,-0.10661,-0.904107
344.804,353,0.913461,0.275987,0.00258879,-0.870767
345.67,352.5,0.993027,0.278354,0.143377,-0.942371
346.536,352,0.97834,0.327284,0.248519,-0.887847
347.402,351.5,0.950173,0.491105,0.340536,-0.738701
348.268,351,0.966785,0.692759,0.410842,-0.534758
349.134,350.5,1.01316,0.885138,0.416666,-0.263478
350,350,0.99485,0.935986,0.335804,-0.0298902
350.866,349.5,0.991598,0.932658,0.304326,0.144229
351.732,349,0.966089,0.900084,0.261044,0.23459
352.598,348.5,0.916311,0.842127,0.214486,0.290591
353.464,348,0.887319,0.79505,0.167527,0.356603
354.33,347.5,0.880492,0.786114,0.108459,0.381479
355.196,347,0.890362,0.807095,0.051715,0.372382
356.062,346.5,0.898621,0.821151,0.00751508,0.364932
356.928,346,0.905404,0.829997,-0.0237579,0.360966
357.794,345.5,0.924122,0.84966,-0.0291576,0.362256
358.66,345,0.94066,0.867848,-0.0317852,0.361484
359.526,344.5,0.956132,0.884358,-0.0358439,0.361684
360.392,344,0.973555,0.904805,-0.0264658,0.358382
361.258,343.5,0.987995,0.922635,-0.0161142,0.353015
362.124,343,0.998619,0.936973,-0.00732136,0.345351
362.99,342.5,0.999793,0.943299,-0.00450539,0.33129
363.856,342,0.999005,0.947472,-0.00433214,0.316685
364.722,341.5,0.997649,0.950581,-0.00653987,0.302749
365.588,341,0.996377,0.952693,-0.00957,0.291637
366.454,340.5,0.996013,0.955316,-0.0124299,0.281528
367.321,340,0.992808,0.953854,-0.0134355,0.275044
368.187,339.5,0.988281,0.950856,-0.0133382,0.269062
369.053,339,0.983392,0.947402,-0.0131602,0.263278
369.919,338.5,0.97834,0.943571,-0.013649,0.258139
370.785,338,0.974158,0.940064,-0.0144085,0.255062
371.651,337.5,0.973388,0.939185,-0.0145573,0.255349
372.517,337,0.974926,0.940453,-0.0149785,0.256526
373.383,336.5,0.978124,0.942959,-0.0156194,0.259442
374.249,336,0.98393,0.947323,-0.017251,0.265329
375.115,335.5,0.991207,0.953048,-0.0193289,0.271693
375.981,335,0.999957,0.960132,-0.0218562,0.278539
376.847,334.5,1.01211,0.97112,-0.0247393,0.284059
377.713,334,1.02166,0.979893,-0.0269467,0.287861
378.579,333.5,1.02817,0.985994,-0.0284944,0.290076
379.445,333,1.02808,0.986068,-0.0299032,0.289346
380.311,332.5,1.02377,0.982323,-0.0312025,0.286659
381.177,332,1.00989,0.969387,-0.0314522,0.281401
382.043,331.5,0.986492,0.947151,-0.0285923,0.274323
382.909,331,0.961579,0.923573,-0.023658,0.266622
383.775,330.5,0.935439,0.898869,-0.0174665,0.258411
384.641,330,0.907244,0.871796,-0.0116331,0.250854
385.507,329.5,0.877541,0.842848,-0.00617529,0.244228
386.373,329,0.863447,0.827305,0.00201004,0.247189
387.239,328.5,0.859107,0.820659,0.0112821,0.25388
388.105,328,0.863157,0.819831,0.0228801,0.26906
388.971,327.5,0.870973,0.822087,0.0351289,0.285541
389.837,327,0.881065,0.826147,0.0478219,0.302437
390.703,326.5,0.88227,0.821448,0.0561369,0.316976
391.569,326,0.881505,0.81401,0.0580654,0.333269
392.435,325.5,0.883884,0.809035,0.0561717,0.351508
393.301,325,0.895569,0.807397,0.056975,0.383286
394.167,324.5,0.909134,0.805996,0.0577227,0.416608
395.033,324,0.924749,0.804946,0.0585898,0.451431
395.899,323.5,0.93623,0.804287,0.0591133,0.475558
396.765,323,0.941136,0.798261,0.0598669,0.494907
397.631,322.5,0.939895,0.786829,0.0612926,0.510438
398.497,322,0.933526,0.78167,0.0562729,0.507244
399.363,321.5,0.929293,0.783105,0.0475557,0.498068
400.229,321,0.92079,0.783261,0.0319403,0.48305
401.095,320.5,0.884862,0.759507,0.00853445,0.453935
401.962,320,0.841413,0.727046,-0.0100011,0.423414
402.828,319.5,0.804221,0.699054,-0.0194401,0.397135
403.694,319,0.780736,0.684963,-0.0165354,0.374301
404.56,318.5,0.770447,0.686537,-0.00532715,0.349611
405.426,318,0.749152,0.678405,-0.00600308,0.317741
406.292,317.5,0.723293,0.663881,-0.00974506,0.286915
407.158,317,0.693012,0.642047,-0.018778,0.260171
408.024,316.5,0.6654,0.621275,-0.0254562,0.23691
408.89,316,0.640769,0.602188,-0.0292579,0.217024
409.756,315.5,0.621264,0.587196,-0.0201139,0.201903
410.622,315,0.607074,0.57408,-0.00741164,0.197271
411.488,314.5,0.59963,0.564474,0.00440465,0.202251
412.354,314,0.603159,0.56248,0.0116112,0.217444
413.22,313.5,0.609156,0.561426,0.0156956,0.23585
414.086,313,0.614803,0.560465,0.016391,0.252177
414.952,312.5,0.598062,0.558824,0.00908918,0.212866
415.818,312,0.595792,0.569792,-0.000230456,0.174085
416.684,311.5,0.6115,0.594086,-0.0104034,0.144519
417.55,311,0.63265,0.617227,-0.0100772,0.138472
418.416,310.5,0.652976,0.637203,-0.0015063,0.142649
419.282,310,0.665283,0.643631,0.0073169,0.168184
420.148,309.5,0.676167,0.649645,0.00654373,0.187405
421.014,309,0.680358,0.655735,-0.0104286,0.181081
421.88,308.5,0.674053,0.652489,-0.0371839,0.164993
422.746,308,0.661043,0.642933,-0.0570745,0.142679
423.612,307.5,0.665701,0.654955,-0.034782,0.113938
424.478,307,0.694682,0.690205,0.0083816,0.0782919
425.344,306.5,0.723613,0.720442,0.0488095,0.0468572
426.21,306,0.731279,0.728513,0.0587453,0.024223
427.076,305.5,0.750008,0.74691,0.0680967,0.000437156
427.942,305,0.779681,0.775511,0.076783,-0.0242687
428.808,304.5,0.772179,0.768916,0.0681272,-0.0196896
429.674,304,0.757574,0.7546,0.0646982,-0.0176177
430.54,303.5,0.746298,0.742513,0.0714005,-0.0231814
431.406,303,0.739155,0.736568,0.0481066,-0.0387615
432.272,302.5,0.74444,0.741437,0.0128187,-0.0655583
433.138,302,0.76617,0.759038,-0.0266407,-0.100835
434.004,301.5,0.780159,0.771244,-0.0390504,-0.110926
434.87,301,0.780287,0.771414,-0.0431033,-0.109134
435.737,300.5,0.776209,0.767367,-0.0481273,-0.106456
436.603,300,0.774461,0.766459,-0.0475563,-0.100339
437.469,299.5,0.783108,0.775891,-0.042221,-0.0973079
438.335,299,0.788277,0.781046,-0.0312796,-0.101827
439.201,298.5,0.786673,0.779141,-0.0195106,-0.106836
440.067,298,0.781478,0.77344,-0.01177,-0.111174
440.933,297.5,0.780787,0.771569,-0.00429519,-0.119547
441.799,297,0.784621,0.773458,0.00264153,-0.131855
442.665,296.5,0.791227,0.778972,0.00236099,-0.138694
443.531,296,0.799236,0.787584,-0.0105497,-0.135563
444.397,295.5,0.811105,0.799339,-0.024663,-0.135424
445.263,295,0.828935,0.816039,-0.0326259,-0.141949
446.129,294.5,0.851238,0.836351,-0.0427187,-0.15264
446.995,294,0.878149,0.860274,-0.0549414,-0.167498
447.861,293.5,0.889826,0.868316,-0.0451061,-0.189164
448.727,293,0.901458,0.875617,-0.0311735,-0.212014
449.593,292.5,0.915092,0.884128,-0.0158987,-0.235495
450.459,292,0.921922,0.885397,0.00218798,-0.256919
451.325,291.5,0.926739,0.884408,0.0201143,-0.276158
452.191,291,0.930213,0.881706,0.0360846,-0.294262
453.057,290.5,0.931664,0.87861,0.0539489,-0.305175
453.923,290,0.937191,0.881051,0.0675186,-0.312276
454.789,289.5,0.949129,0.889537,0.0760506,-0.322157
455.655,289,0.951832,0.890515,0.0862627,-0.324847
456.521,288.5,0.933031,0.872396,0.103864,-0.314142
457.387,288,0.886717,0.837344,0.132385,-0.259993
458.253,287.5,0.862426,0.823403,0.157085,-0.202758
459.119,287,0.862423,0.831695,0.171653,-0.150309
459.985,286.5,0.858362,0.832908,0.177181,-0.107958
460.851,286,0.844692,0.822919,0.174578,-0.076364
461.717,285.5,0.763657,0.74327,0.16258,-0.0654892
462.583,285,0.653444,0.636058,0.136318,-0.0619415
463.449,284.5,0.555943,0.542057,0.109717,-0.0566492
464.315,284,0.47957,0.46845,0.0857441,-0.056476
465.181,283.5,0.416073,0.407515,0.0674603,-0.0499703
466.047,283,0.365874,0.359845,0.0549509,-0.036826
466.913,282.5,0.376368,0.372758,0.0457878,-0.0246554
467.779,282,0.397393,0.396086,0.0294145,-0.0131117
468.645,281.5,0.430594,0.430548,0.00623897,-0.00108161
469.512,281,0.449983,0.449642,-0.0154008,0.00836009
470.378,280.5,0.475313,0.474785,-0.001042,0.02238
471.244,280,0.511422,0.510327,-0.00100861,0.0334266
472.11,279.5,0.552793,0.550984,0.000354882,0.0446911
472.976,279,0.5994,0.596754,0.00304847,0.0561735
473.842,278.5,0.618031,0.615824,-0.000477447,0.0521874
474.708,278,0.62553,0.623986,-0.00594701,0.0435213
475.574,277.5,0.624451,0.623528,-0.0127947,0.0314319
476.44,277,0.553829,0.55277,-0.0321571,-0.0117103
477.306,276.5,0.569631,0.567915,-0.0412055,-0.0159285
478.172,276,0.578559,0.576537,-0.0444792,-0.0189005
479.038,275.5,0.586215,0.583664,-0.0478132,-0.0264206
