x,v,vx,vy,vz
220.096,425,0.541407,0.541369,0.00339085,-0.00539886
220.962,424.5,0.540547,0.540517,0.00312234,-0.00479434
221.828,424,0.539059,0.539038,0.00300743,-0.00370838
222.694,423.5,0.536916,0.536903,0.00305168,-0.00213161
223.56,423,0.535043,0.535033,0.00317996,-0.000420456
224.426,422.5,0.532933,0.53292,0.00336109,0.00154951
225.292,422,0.53365,0.533634,0.00292097,0.00294755
226.158,421.5,0.534372,0.534349,0.00243075,0.00440981
227.024,421,0.534524,0.534486,0.00203674,0.00606669
227.89,420.5,0.533819,0.533755,0.0017887,0.00805519
228.756,420,0.532645,0.532547,0.00160765,0.0101076
229.622,419.5,0.532086,0.531963,0.00158778,0.0113292
230.488,419,0.531904,0.531767,0.00183136,0.0119099
231.355,418.5,0.531054,0.530899,0.00220366,0.0126433
232.221,418,0.529685,0.52951,0.00271818,0.0133182
233.087,417.5,0.527439,0.527237,0.00338283,0.0141975
233.953,417,0.524343,0.524107,0.00421768,0.0151541
234.819,416.5,0.524994,0.524776,0.00480934,0.0143387
235.685,416,0.525013,0.524809,0.00539871,0.0136065
236.551,415.5,0.52432,0.524126,0.00598889,0.0129699
237.417,415,0.522571,0.522391,0.00642126,0.012095
238.283,414.5,0.520125,0.519961,0.00674345,0.0111966
239.149,414,0.520415,0.520275,0.00685855,0.00989784
240.015,413.5,0.523664,0.523554,0.00712668,0.00801462
240.881,413,0.526988,0.526899,0.00740756,0.00626885
241.747,412.5,0.530412,0.530335,0.00766079,0.00470956
242.613,412,0.533747,0.533674,0.00819003,0.0032962
243.479,411.5,0.537113,0.537036,0.0088115,0.0022198
244.345,411,0.540595,0.540515,0.00921385,0.00143109
245.211,410.5,0.544911,0.544829,0.00939188,0.000702206
246.077,410,0.549789,0.549709,0.00937971,0.000136895
246.943,409.5,0.555046,0.554967,0.00936349,-0.000360394
247.809,409,0.560882,0.560801,0.00950789,-0.000244464
248.675,408.5,0.562658,0.562563,0.0102762,0.00138967
249.541,408,0.561013,0.560888,0.0114027,0.00310706
250.407,407.5,0.558753,0.558589,0.0128007,0.00442653
251.273,407,0.554972,0.554756,0.0145003,0.00540922
252.139,406.5,0.550783,0.550512,0.016238,0.00584078
253.005,406,0.545654,0.545328,0.0179572,0.0057533
253.871,405.5,0.536224,0.535846,0.0192706,0.00588154
254.737,405,0.527422,0.526981,0.0206748,0.00611492
255.603,404.5,0.519249,0.518735,0.0221697,0.00645343
256.469,404,0.510699,0.510138,0.0230035,0.00660103
257.335,403.5,0.502673,0.502045,0.0241431,0.00693689
258.201,403,0.494966,0.494256,0.0250327,0.00870691
259.067,402.5,0.488987,0.488146,0.0259677,0.0121311
259.933,402,0.484288,0.483266,0.0270508,0.0160529
260.799,401.5,0.480558,0.479305,0.0281838,0.02021
261.665,401,0.476723,0.475339,0.0283655,0.0226538
262.531,400.5,0.472925,0.471475,0.0281296,0.0240393
263.397,400,0.469724,0.468134,0.0279813,0.0266274
264.263,399.5,0.468922,0.46705,0.0286377,0.0305281
265.13,399,0.471716,0.469336,0.0306858,0.0360299
265.996,398.5,0.476471,0.473455,0.0334088,0.0418209
266.862,398,0.481069,0.477693,0.0346604,0.0451166
267.728,397.5,0.484072,0.480973,0.0301462,0.0456296
268.594,397,0.489639,0.486508,0.0257019,0.0489493
269.46,396.5,0.49781,0.494274,0.0217168,0.0551017
270.326,396,0.511377,0.505928,0.0179804,0.0722448
271.192,395.5,0.524193,0.5157,0.0145819,0.0928401
272.058,395,0.533148,0.521254,0.0115858,0.111389
272.924,394.5,0.526385,0.518393,0.0090658,0.0909257
273.79,394,0.522617,0.517185,0.00689261,0.0748403
274.656,393.5,0.569346,0.56461,0.00273993,0.0732308
275.522,393,0.588553,0.583784,-0.00083723,0.0747608
276.388,392.5,0.608142,0.603622,-0.00481794,0.0738491
277.254,392,0.625733,0.62239,-0.0100291,0.0638184
278.12,391.5,0.644185,0.641934,-0.0155534,0.0514994
278.986,391,0.662773,0.661385,-0.0214141,0.0371296
279.852,390.5,0.656271,0.655,-0.0283247,0.029401
280.718,390,0.651515,0.650156,-0.0355831,0.0224325
281.584,389.5,0.648496,0.646853,-0.0431892,0.0162241
282.45,389,0.647391,0.64552,-0.047635,0.0122285
283.316,388.5,0.648402,0.646324,-0.0516398,0.00489719
284.182,388,0.651644,0.649254,-0.0554308,-0.00601325
285.048,387.5,0.657285,0.65431,-0.0590078,-0.0205028
285.914,387,0.665545,0.661492,-0.0623709,-0.0385716
286.78,386.5,0.676678,0.6708,-0.0655202,-0.0602195
287.646,386,0.683065,0.676142,-0.0703335,-0.0668052
288.512,385.5,0.685733,0.678617,-0.0756101,-0.0631849
289.378,385,0.667371,0.660091,-0.0772504,-0.0607986
290.244,384.5,0.653775,0.645943,-0.0778375,-0.0642018
291.11,384,0.645049,0.636172,-0.0773714,-0.0733945
291.976,383.5,0.641442,0.63078,-0.0758522,-0.0883766
292.842,383,0.630246,0.617395,-0.0690183,-0.106157
293.708,382.5,0.592599,0.57802,-0.0495193,-0.12089
294.574,382,0.557723,0.539672,-0.0260481,-0.138313
295.44,381.5,0.526742,0.502352,0.00139535,-0.158425
296.306,381,0.501129,0.466059,0.032811,-0.181226
297.172,380.5,0.482665,0.430793,0.0681989,-0.206717
298.038,380,0.474463,0.401802,0.102507,-0.230572
298.905,379.5,0.470777,0.407437,0.096266,-0.215313
299.771,379,0.473556,0.419254,0.088449,-0.201639
300.637,378.5,0.483154,0.437231,0.0791923,-0.189724
301.503,378,0.499796,0.461368,0.0684958,-0.179568
302.369,377.5,0.52365,0.491664,0.0563594,-0.171171
303.235,377,0.555452,0.533724,-0.00296053,-0.153807
304.101,376.5,0.595841,0.577776,-0.0203823,-0.144172
304.967,376,0.636539,0.621937,-0.035966,-0.130701
305.833,375.5,0.67124,0.659107,-0.0459095,-0.118461
306.699,375,0.708005,0.697251,-0.0551402,-0.109869
307.565,374.5,0.746995,0.7368,-0.0641578,-0.104931
308.431,374,0.781292,0.771048,-0.0747809,-0.101536
309.297,373.5,0.812014,0.802026,-0.0831917,-0.0959197
310.163,373,0.821014,0.811795,-0.0817241,-0.0915158
311.029,372.5,0.817188,0.806947,-0.0774371,-0.103134
311.895,372,0.813056,0.801053,-0.0756577,-0.116834
312.761,371.5,0.8051,0.79118,-0.0744045,-0.129164
313.627,371,0.789662,0.775066,-0.0702176,-0.133825
314.493,370.5,0.766475,0.752167,-0.0659834,-0.131814
315.359,370,0.739443,0.724731,-0.0740145,-0.12674
316.225,369.5,0.719218,0.704616,-0.0738856,-0.123817
317.091,369,0.700349,0.687858,-0.061427,-0.116474
317.957,368.5,0.673726,0.664765,-0.0448235,-0.0999274
318.823,368,0.649024,0.642285,-0.0240226,-0.090135
319.689,367.5,0.674936,0.664413,-0.00652132,-0.118539
320.555,367,0.716919,0.702858,0.00215104,-0.141274
321.421,366.5,0.743474,0.727783,0.0057462,-0.151834
322.287,366,0.763317,0.744953,0.0123336,-0.165971
323.153,365.5,0.774334,0.753502,0.0218513,-0.177058
324.019,365,0.775189,0.751843,0.0339985,-0.185726
324.885,364.5,0.770354,0.742426,0.0327319,-0.202923
325.751,364,0.765672,0.734423,0.0318802,-0.21415
326.617,363.5,0.760763,0.727763,0.0314985,-0.219381
327.483,363,0.759411,0.729118,0.0257809,-0.210779
328.349,362.5,0.764022,0.736756,0.020316,-0.201263
329.215,362,0.786095,0.762316,0.0166019,-0.191167
330.081,361.5,0.813707,0.794057,0.00869353,-0.177532
330.947,361,0.839008,0.821854,-0.00308175,-0.168761
331.813,360.5,0.862262,0.845706,-0.0164001,-0.167355
332.679,360,0.879308,0.86291,-0.0239366,-0.167321
333.546,359.5,0.890435,0.873735,-0.0239563,-0.169965
334.412,359,0.909494,0.892367,-0.0138396,-0.175122
335.278,358.5,0.923903,0.906265,-0.00521216,-0.179595
336.144,358,0.931597,0.914114,0.00207678,-0.179624
337.01,357.5,0.935047,0.918853,0.0109205,-0.172921
337.876,357,0.936535,0.921831,0.0243893,-0.163492
338.742,356.5,0.930019,0.912808,0.053703,-0.169806
339.608,356,0.908854,0.887881,0.0796277,-0.177038
340.474,355.5,0.879773,0.854546,0.098688,-0.184428
341.34,355,0.843327,0.80978,0.114063,-0.206026
342.206,354.5,0.807659,0.763219,0.128963,-0.230606
343.072,354,0.771783,0.714812,0.141984,-0.254036
343.938,353.5,0.742368,0.675261,0.150862,-0.269023
344.804,353,0.709927,0.631265,0.164716,-0.279944
345.67,352.5,0.673131,0.581244,0.183629,-0.285555
346.536,352,0.615917,0.494407,0.223992,-0.291106
347.402,351.5,0.575647,0.394566,0.28135,-0.310693
348.268,351,0.550856,0.315122,0.304134,-0.33413
349.134,350.5,0.455435,0.220689,0.26166,-0.300419
350,350,0.325293,0.130567,0.192497,-0.227404
350.866,349.5,0.221527,-0.0191151,0.121849,-0.184015
351.732,349,0.186003,-0.0530536,0.0725988,-0.162825
352.598,348.5,0.185238,-0.0632691,-0.0661711,-0.161033
353.464,348,0.264518,-0.0130706,-0.176283,-0.196783
354.33,347.5,0.246559,-0.00433827,-0.174254,-0.174379
355.196,347,0.0304611,0.0123543,-0.0168546,-0.0221625
356.062,346.5,0.238596,0.0418265,0.111923,0.206523
356.928,346,0.231184,0.020131,0.129942,0.190147
357.794,345.5,0.190704,-0.0322558,0.0992677,0.159605
358.66,345,0.192163,-0.0582103,-0.00326902,0.183106
359.526,344.5,0.109903,-0.0300674,-0.0136225,0.104828
360.392,344,0.161445,0.00785154,-0.0472832,0.154166
361.258,343.5,0.228632,0.0638473,-0.0533251,0.212961
362.124,343,0.303238,0.144188,-0.0331071,0.264701
362.99,342.5,0.403853,0.231099,-0.0310867,0.329733
363.856,342,0.519749,0.309523,-0.0353331,0.416036
364.722,341.5,0.642906,0.382186,-0.0404708,0.515387
365.588,341,0.751832,0.45639,-0.0454068,0.595734
366.454,340.5,0.847894,0.521003,-0.0519608,0.666919
367.321,340,0.919284,0.560219,-0.0575973,0.726581
368.187,339.5,0.966284,0.596238,-0.0632441,0.757763
369.053,339,0.991328,0.63196,-0.0682884,0.76072
369.919,338.5,1.01752,0.665511,-0.0718602,0.766343
370.785,338,1.03995,0.697936,-0.0728165,0.767508
371.651,337.5,1.04833,0.731456,-0.0682417,0.747876
372.517,337,1.0495,0.763707,-0.0577268,0.717543
373.383,336.5,1.04909,0.792841,-0.0478107,0.685346
374.249,336,1.05189,0.822401,-0.0493107,0.653982
375.115,335.5,1.05861,0.855837,-0.0534156,0.620756
375.981,335,1.06962,0.89297,-0.0601119,0.585737
376.847,334.5,1.04695,0.882788,-0.0725516,0.558139
377.713,334,1.03149,0.879181,-0.0697619,0.534931
378.579,333.5,1.0248,0.88349,-0.050504,0.516819
379.445,333,1.01035,0.883467,-0.0490151,0.487749
380.311,332.5,0.988346,0.876006,-0.0623069,0.453387
381.177,332,0.958184,0.859085,-0.0845871,0.415854
382.043,331.5,0.939962,0.845557,-0.0884301,0.400927
382.909,331,0.931758,0.839963,-0.0840318,0.394429
383.775,330.5,0.928727,0.840125,-0.0774734,0.388228
384.641,330,0.927356,0.843229,-0.0741285,0.378759
385.507,329.5,0.921095,0.842932,-0.0763203,0.363397
386.373,329,0.899812,0.829159,-0.0891222,0.337954
387.239,328.5,0.874952,0.811879,-0.0931245,0.312604
388.105,328,0.844953,0.79019,-0.0865571,0.286448
388.971,327.5,0.817039,0.769294,-0.076472,0.26437
389.837,327,0.795322,0.753307,-0.0624659,0.247313
390.703,326.5,0.7867,0.74979,-0.0408745,0.234606
391.569,326,0.771523,0.737764,-0.0191728,0.224908
392.435,325.5,0.752911,0.72036,-0.00258245,0.218973
393.301,325,0.724234,0.690945,-0.000837733,0.217047
394.167,324.5,0.697163,0.662387,0.0043898,0.217397
395.033,324,0.672476,0.635499,0.0125747,0.219561
395.899,323.5,0.657386,0.625582,0.0126659,0.201601
396.765,323,0.643098,0.614935,0.0137429,0.187725
397.631,322.5,0.710584,0.678867,0.021019,0.208875
398.497,322,0.701249,0.66687,0.0231508,0.215637
399.363,321.5,0.690135,0.652579,0.0244353,0.223227
400.229,321,0.677323,0.635993,0.0248725,0.231647
401.095,320.5,0.662916,0.617113,0.0244624,0.240895
401.962,320,0.647216,0.596093,0.023204,0.251044
402.828,319.5,0.640817,0.588944,0.0161822,0.25205
403.694,319,0.634081,0.58168,0.00796718,0.252276
404.56,318.5,0.628429,0.574354,-0.000509387,0.255029
405.426,318,0.623936,0.566965,-0.00924751,0.260311
406.292,317.5,0.620707,0.559513,-0.0182472,0.268121
407.158,317,0.618869,0.551999,-0.0275084,0.278459
408.024,316.5,0.606385,0.536495,-0.0364586,0.280261
408.89,316,0.593023,0.519582,-0.0441689,0.282418
409.756,315.5,0.584786,0.505125,-0.0506659,0.290269
410.622,315,0.581897,0.493123,-0.0559494,0.303815
411.488,314.5,0.584647,0.483576,-0.0600196,0.323054
412.354,314,0.608553,0.502085,-0.0592899,0.338721
413.22,313.5,0.633107,0.529703,-0.0553642,0.342307
414.086,313,0.659235,0.567949,-0.0474071,0.331326
414.952,312.5,0.687734,0.605586,-0.0382309,0.323702
415.818,312,0.718167,0.642612,-0.0278357,0.319435
416.684,311.5,0.735402,0.657672,-0.00911419,0.328939
417.55,311,0.786638,0.703901,-0.000340156,0.351173
418.416,310.5,0.829676,0.744844,0.0102135,0.365329
419.282,310,0.849774,0.774285,0.0210718,0.349507
420.148,309.5,0.861711,0.79961,0.0268148,0.320078
421.014,309,0.873319,0.823556,0.0288093,0.289157
421.88,308.5,0.885769,0.84627,0.0288918,0.25996
422.746,308,0.896626,0.865428,0.0275365,0.232839
423.612,307.5,0.901381,0.876608,0.0255416,0.208312
424.478,307,0.898809,0.878024,0.0219729,0.190916
425.344,306.5,0.898106,0.879924,0.0164483,0.179045
426.21,306,0.900854,0.883435,0.0196159,0.175201
427.076,305.5,0.900398,0.88447,0.0225402,0.167094
427.942,305,0.896835,0.882996,0.0252576,0.154896
428.808,304.5,0.874279,0.859714,0.0312502,0.155817
429.674,304,0.847202,0.83179,0.0345601,0.157108
430.54,303.5,0.820829,0.804816,0.0344575,0.157622
431.406,303,0.802576,0.784967,0.0322266,0.164061
432.272,302.5,0.784504,0.764304,0.0335938,0.173659
433.138,302,0.769366,0.745808,0.0363719,0.185395
434.004,301.5,0.772039,0.74722,0.0314055,0.191624
434.87,301,0.778791,0.752759,0.0242298,0.198197
435.737,300.5,0.786989,0.758741,0.0158026,0.208362
436.603,300,0.798589,0.766985,0.00524538,0.222378
437.469,299.5,0.809426,0.774904,-0.00531491,0.233808
438.335,299,0.837324,0.798018,-0.00603777,0.25346
439.201,298.5,0.879098,0.832031,-0.00516965,0.283746
440.067,298,0.917624,0.861456,-0.00131253,0.316109
440.933,297.5,0.945972,0.882431,0.00448728,0.34082
441.799,297,0.957636,0.891992,0.0118082,0.348252
442.665,296.5,0.932169,0.879946,0.0111422,0.307425
443.531,296,0.897289,0.856996,0.00389932,0.265839
444.397,295.5,0.867025,0.835491,-0.00583769,0.23163
445.263,295,0.853126,0.823228,-0.0180466,0.223147
446.129,294.5,0.857095,0.828477,-0.028115,0.217822
446.995,294,0.878871,0.851239,-0.0360429,0.215655
447.861,293.5,0.869518,0.832853,-0.0327981,0.247671
448.727,293,0.860876,0.811216,-0.0277799,0.286818
449.593,292.5,0.858501,0.792208,-0.0219331,0.330076
450.459,292,0.860237,0.776213,-0.0106568,0.370656
451.325,291.5,0.863338,0.761112,-0.000264752,0.407506
452.191,291,0.853894,0.739408,0.00982024,0.426982
453.057,290.5,0.805482,0.69477,0.00690194,0.40749
453.923,290,0.75011,0.648405,-0.00361631,0.377124
454.789,289.5,0.807532,0.705479,-0.00492548,0.392917
455.655,289,0.797785,0.695572,-0.0101082,0.390562
456.521,288.5,0.787158,0.68577,-0.0158707,0.386116
457.387,288,0.785473,0.689336,-0.00810188,0.376454
458.253,287.5,0.78732,0.697658,0.00430359,0.364868
459.119,287,0.789721,0.707632,0.018258,0.350119
459.985,286.5,0.786833,0.714184,0.0274361,0.329082
460.851,286,0.784381,0.720148,0.0332534,0.309085
461.717,285.5,0.7822,0.725526,0.0357101,0.290127
462.583,285,0.766125,0.717032,0.030404,0.26812
463.449,284.5,0.745233,0.702697,0.022074,0.247189
464.315,284,0.668244,0.644596,0.0129976,0.175719
465.181,283.5,0.702228,0.678341,0.00854286,0.181394
466.047,283,0.738424,0.713425,0.00177452,0.190502
466.913,282.5,0.757732,0.727953,-0.00113342,0.210336
467.779,282,0.772223,0.736573,-0.00764934,0.231795
468.645,281.5,0.784924,0.742054,-0.0141078,0.255464
469.512,281,0.800928,0.755505,-0.010321,0.265691
470.378,280.5,0.810461,0.766722,-0.00426539,0.262617
471.244,280,0.815932,0.77649,-0.00834767,0.250476
472.11,279.5,0.82331,0.78724,-0.0158342,0.240503
472.976,279,0.830198,0.795934,-0.0129667,0.235688
473.842,278.5,0.834597,0.802376,-0.0035881,0.229633
474.708,278,0.835633,0.806543,0.00527598,0.218503
475.574,277.5,0.831895,0.807462,-3.64199e-05,0.200134
476.44,277,0.809204,0.789025,-0.0161169,0.178861
477.306,276.5,0.784269,0.767575,-0.0271716,0.158645
478.172,276,0.751869,0.73899,-0.0285396,0.1356
479.038,275.5,0.717242,0.708865,-0.0257011,0.106233
