x,v,vx,vy,vz
220.096,425,0.536459,0.536417,-0.00254568,-0.00620975
220.962,424.5,0.535991,0.535956,-0.00214681,-0.00574731
221.828,424,0.535536,0.535507,-0.00208702,-0.00515658
222.694,423.5,0.535096,0.535073,-0.00237263,-0.00444288
223.56,423,0.534674,0.534655,-0.00280848,-0.00358319
224.426,422.5,0.534405,0.534387,-0.00355801,-0.00264428
225.292,422,0.537735,0.537717,-0.00410135,-0.00148284
226.158,421.5,0.540937,0.540921,-0.00403555,-0.000435374
227.024,421,0.543683,0.543671,-0.00356079,0.000490937
227.89,420.5,0.546015,0.546006,-0.00276787,0.00130222
228.756,420,0.547846,0.547839,-0.00175167,0.00202187
229.622,419.5,0.547461,0.547454,-0.00142823,0.00247668
230.488,419,0.54518,0.545169,-0.00205516,0.00279487
231.355,418.5,0.543292,0.543275,-0.002819,0.00327357
232.221,418,0.541794,0.541768,-0.00362488,0.00390906
233.087,417.5,0.540747,0.54071,-0.00432987,0.00465236
233.953,417,0.540134,0.540084,-0.00490456,0.00549498
234.819,416.5,0.54331,0.543258,-0.0033055,0.00677709
235.685,416,0.546298,0.546236,-0.00179125,0.00800329
236.551,415.5,0.54903,0.548953,-0.000395157,0.00916581
237.417,415,0.551382,0.551286,0.000837693,0.0102761
238.283,414.5,0.553522,0.553402,0.00192017,0.0113762
239.149,414,0.554274,0.554129,0.00203065,0.0124855
240.015,413.5,0.553964,0.553797,0.00120359,0.0135607
240.881,413,0.553795,0.553603,0.000450922,0.0145754
241.747,412.5,0.553772,0.553554,-0.000195455,0.0155325
242.613,412,0.553725,0.553481,-0.000698955,0.0164165
243.479,411.5,0.553756,0.553486,-0.00108601,0.0172326
244.345,411,0.55383,0.553533,-0.00123866,0.0180695
245.211,410.5,0.55362,0.553296,-0.00151206,0.0188862
246.077,410,0.553225,0.552873,-0.00188078,0.0196462
246.943,409.5,0.552752,0.552373,-0.00233456,0.0203192
247.809,409,0.552198,0.551794,-0.00286867,0.0209218
248.675,408.5,0.552162,0.551745,-0.0033065,0.0212109
249.541,408,0.552472,0.55205,-0.00359715,0.0212941
250.407,407.5,0.552715,0.552288,-0.00378572,0.0213888
251.273,407,0.552881,0.55245,-0.00381447,0.0214953
252.139,406.5,0.552972,0.552538,-0.00382588,0.02157
253.005,406,0.552958,0.552523,-0.00379036,0.0216018
253.871,405.5,0.552507,0.552079,-0.00345592,0.0214723
254.737,405,0.551895,0.551476,-0.00309611,0.0212642
255.603,404.5,0.551121,0.550715,-0.00271092,0.0209774
256.469,404,0.54982,0.549429,-0.00227836,0.0205997
257.335,403.5,0.548367,0.547993,-0.00184873,0.0201657
258.201,403,0.547061,0.546711,-0.00136333,0.0195179
259.067,402.5,0.545419,0.545097,-0.000231397,0.0187271
259.933,402,0.543629,0.543332,0.00106617,0.0179417
260.799,401.5,0.541822,0.541545,0.00234619,0.0171784
261.665,401,0.53906,0.538799,0.00379547,0.0163457
262.531,400.5,0.535562,0.535312,0.00537796,0.0154647
263.397,400,0.531323,0.531074,0.00708434,0.0146592
264.263,399.5,0.526347,0.526093,0.00880061,0.013776
265.13,399,0.520518,0.520256,0.0104826,0.0127958
265.996,398.5,0.514639,0.514362,0.012138,0.0117546
266.862,398,0.508513,0.508221,0.0134753,0.0107093
267.728,397.5,0.500862,0.50057,0.0140581,0.00972903
268.594,397,0.493003,0.492711,0.0144723,0.00885547
269.46,396.5,0.485464,0.485172,0.0146893,0.00819355
270.326,396,0.478456,0.478165,0.0146084,0.00804704
271.192,395.5,0.471793,0.471505,0.0144195,0.00796396
272.058,395,0.465953,0.465669,0.0141445,0.00806089
272.924,394.5,0.461429,0.461106,0.0149752,0.0085724
273.79,394,0.456962,0.456601,0.015812,0.0089377
274.656,393.5,0.452559,0.452161,0.0166392,0.0091556
275.522,393,0.447193,0.446803,0.0164101,0.00889425
276.388,392.5,0.441596,0.44123,0.0159534,0.00829223
277.254,392,0.436131,0.435788,0.0157526,0.00714429
278.12,391.5,0.429365,0.429103,0.0141575,0.00496299
278.986,391,0.421756,0.421585,0.0118399,0.00201225
279.852,390.5,0.413874,0.413762,0.00953557,-0.00143532
280.718,390,0.405603,0.405429,0.0101835,-0.0061497
281.584,389.5,0.396907,0.39648,0.013629,-0.0123711
282.45,389,0.387818,0.38696,0.0169501,-0.0194277
283.316,388.5,0.374963,0.373255,0.0223081,-0.0279311
284.182,388,0.356287,0.35281,0.0313966,-0.038465
285.048,387.5,0.338912,0.33281,0.0401385,-0.0498752
285.914,387,0.322054,0.312087,0.0479998,-0.0633758
286.78,386.5,0.303012,0.286668,0.0535284,-0.0822931
287.646,386,0.286915,0.261777,0.0588757,-0.101622
288.512,385.5,0.274034,0.237264,0.0636452,-0.121448
289.378,385,0.259161,0.208213,0.0602576,-0.142059
290.244,384.5,0.249398,0.180495,0.0567736,-0.162473
291.11,384,0.245224,0.155362,0.053298,-0.18209
291.976,383.5,0.253469,0.147475,0.0516591,-0.199572
292.842,383,0.261894,0.141194,0.0501592,-0.214795
293.708,382.5,0.269,0.134665,0.0485816,-0.227742
294.574,382,0.269045,0.128863,0.0537232,-0.229986
295.44,381.5,0.266023,0.126716,0.062479,-0.225406
296.306,381,0.255069,0.118377,0.0718034,-0.214222
297.172,380.5,0.238729,0.111117,0.0706087,-0.199145
298.038,380,0.213786,0.104017,0.0667974,-0.174422
298.905,379.5,0.180404,0.093068,0.0689561,-0.138308
299.771,379,0.149464,0.0912997,0.0752007,-0.0913715
300.637,378.5,0.13079,0.089714,0.0853918,-0.0420187
301.503,378,0.119323,0.0590294,0.103492,0.00656052
302.369,377.5,0.155625,0.0162667,0.129516,0.0847345
303.235,377,0.269155,-0.0263944,0.153308,0.219647
304.101,376.5,0.426471,-0.102108,0.187979,0.368938
304.967,376,0.628703,-0.206912,0.235627,0.544918
305.833,375.5,0.935062,-0.387186,0.303941,0.795014
306.699,375,1.58944,-0.740804,0.487185,1.31916
307.565,374.5,2.16398,-1.26027,0.648783,1.63512
308.431,374,2.81959,-2.08698,0.699227,1.76229
309.297,373.5,3.54611,-3.17843,0.0458491,1.57174
310.163,373,4.36063,-4.0215,-0.832097,1.46636
311.029,372.5,5.09226,-4.61192,-1.54977,1.50315
311.895,372,5.47285,-4.93063,-1.34194,1.95963
312.761,371.5,5.77887,-5.09668,-1.09183,2.49542
313.627,371,5.84921,-4.9291,-0.974925,2.99446
314.493,370.5,5.6093,-4.49265,-1.04624,3.19151
315.359,370,5.27224,-4.06346,-1.12522,3.16524
316.225,369.5,4.50563,-3.48388,-1.05388,2.65568
317.091,369,3.80108,-3.02636,-0.864825,2.13107
317.957,368.5,2.87979,-2.45063,-0.518031,1.421
318.823,368,2.65781,-2.29821,-0.340251,1.29089
319.689,367.5,2.54228,-2.19585,-0.209622,1.26392
320.555,367,2.67055,-2.27897,-0.167695,1.38204
321.421,366.5,3.04304,-2.56706,-0.1673,1.62553
322.287,366,3.252,-2.73264,-0.120994,1.75885
323.153,365.5,3.35379,-2.80373,-0.00789066,1.84037
324.019,365,3.20077,-2.67895,0.161827,1.74412
324.885,364.5,3.0188,-2.49696,0.416613,1.64463
325.751,364,2.66191,-2.19397,0.62722,1.37072
326.617,363.5,2.36037,-1.92096,0.794448,1.11808
327.483,363,2.05523,-1.57341,1.05691,0.794535
328.349,362.5,1.81231,-1.4003,1.01363,0.544219
329.215,362,1.61879,-1.18502,1.06512,0.285903
330.081,361.5,1.43664,-0.981826,1.04807,-0.0385093
330.947,361,1.30052,-0.914421,0.907104,-0.179834
331.813,360.5,1.20002,-0.752363,0.829439,-0.431316
332.679,360,1.08748,-0.692837,0.617267,-0.567071
333.546,359.5,0.946743,-0.498029,0.555141,-0.583187
334.412,359,0.847224,-0.225286,0.454622,-0.678493
335.278,358.5,0.70023,0.0314759,0.415831,-0.562509
336.144,358,0.801582,0.443753,0.51186,-0.428504
337.01,357.5,1.13257,0.910894,0.585698,-0.331586
337.876,357,1.39597,1.18544,0.73301,-0.0784724
338.742,356.5,1.60256,1.37925,0.814471,0.0499411
339.608,356,1.5449,1.33238,0.775868,0.0975377
340.474,355.5,1.41437,1.24139,0.668909,0.109341
341.34,355,1.33727,1.20523,0.566593,0.121166
342.206,354.5,1.23527,1.13605,0.459553,0.155231
343.072,354,1.16641,1.09066,0.364508,0.195201
343.938,353.5,1.13496,1.07285,0.292081,0.227674
344.804,353,1.13147,1.07029,0.250545,0.268231
345.67,352.5,1.12013,1.05969,0.201909,0.301639
346.536,352,1.11207,1.05055,0.157444,0.329054
347.402,351.5,1.09744,1.03216,0.163936,0.334888
348.268,351,1.07845,1.0128,0.187152,0.319778
349.134,350.5,1.08418,1.00539,0.266601,0.305903
350,350,1.03108,0.94702,0.287768,0.288915
350.866,349.5,0.925609,0.849512,0.232231,0.284869
351.732,349,0.900646,0.815493,0.220058,0.312584
352.598,348.5,0.917543,0.830527,0.163546,0.354066
353.464,348,0.93589,0.847507,0.0948611,0.385516
354.33,347.5,0.968866,0.871806,0.0304162,0.421581
355.196,347,1.01383,0.905109,-0.0226981,0.456199
356.062,346.5,1.0411,0.921844,-0.0733365,0.478232
356.928,346,1.04993,0.921531,-0.120101,0.488583
357.794,345.5,1.04662,0.921091,-0.122194,0.481738
358.66,345,1.03805,0.920921,-0.115217,0.464958
359.526,344.5,1.02463,0.918056,-0.106655,0.442341
360.392,344,1.00479,0.91433,-0.0959152,0.405461
361.258,343.5,0.984241,0.908817,-0.0838765,0.368438
362.124,343,0.963871,0.900134,-0.0745012,0.336536
362.99,342.5,0.943982,0.888217,-0.0661626,0.31272
363.856,342,0.926971,0.878724,-0.0563746,0.289724
364.722,341.5,0.913506,0.872004,-0.0469383,0.268141
365.588,341,0.905357,0.868975,-0.0463042,0.24982
366.454,340.5,0.900908,0.868506,-0.0520712,0.233714
367.321,340,0.888069,0.85773,-0.0508576,0.224452
368.187,339.5,0.878457,0.849017,-0.0464768,0.220672
369.053,339,0.87478,0.845582,-0.0389944,0.220705
369.919,338.5,0.873303,0.844601,-0.0295438,0.220078
370.785,338,0.873528,0.845756,-0.016016,0.217926
371.651,337.5,0.881624,0.854033,-0.00284201,0.218818
372.517,337,0.897987,0.869142,0.00244166,0.225758
373.383,336.5,0.913306,0.882826,0.00604761,0.233902
374.249,336,0.926376,0.893556,0.00832985,0.244254
375.115,335.5,0.935058,0.899569,0.0103897,0.254953
375.981,335,0.939354,0.900831,0.0122087,0.265973
376.847,334.5,0.937246,0.90043,0.00380179,0.260081
377.713,334,0.935236,0.900331,-0.0047967,0.253077
378.579,333.5,0.932938,0.899846,-0.0130347,0.245926
379.445,333,0.930519,0.899314,-0.0247688,0.237666
380.311,332.5,0.928884,0.899046,-0.0365551,0.230667
381.177,332,0.923622,0.895135,-0.0430554,0.223512
382.043,331.5,0.912915,0.886177,-0.0416079,0.215345
382.909,331,0.900393,0.876162,-0.0400663,0.203576
383.775,330.5,0.885936,0.865053,-0.0393771,0.187124
384.641,330,0.868809,0.85127,-0.0365991,0.169789
385.507,329.5,0.849155,0.834454,-0.0305081,0.154342
386.373,329,0.839794,0.827265,-0.0221888,0.142807
387.239,328.5,0.836055,0.825685,-0.0145101,0.130468
388.105,328,0.83955,0.830781,-0.0127627,0.120351
388.971,327.5,0.843614,0.836268,-0.0094463,0.110684
389.837,327,0.849838,0.843657,-0.00172869,0.102302
390.703,326.5,0.860216,0.854076,0.0128024,0.101789
391.569,326,0.864307,0.85777,0.0199788,0.1042
392.435,325.5,0.86299,0.856394,0.0223922,0.104118
393.301,325,0.849465,0.842776,0.01211,0.105698
394.167,324.5,0.83794,0.831216,0.0052953,0.105808
395.033,324,0.828247,0.821641,0.0019682,0.10438
395.899,323.5,0.819695,0.813785,0.00715397,0.097995
396.765,323,0.808207,0.802937,0.014038,0.0910654
397.631,322.5,0.793451,0.788698,0.0219924,0.0838842
398.497,322,0.774222,0.770881,0.0300829,0.0652551
399.363,321.5,0.755141,0.753216,0.0384783,0.0377227
400.229,321,0.740339,0.739339,0.0382904,0.00360218
401.095,320.5,0.725384,0.724798,0.0228822,-0.0180852
401.962,320,0.695186,0.69436,0.0204746,-0.0269938
402.828,319.5,0.649247,0.64731,0.0374697,-0.0332833
403.694,319,0.603433,0.597779,0.0628414,-0.0533159
404.56,318.5,0.582261,0.569034,0.0734278,-0.09918
405.426,318,0.583759,0.566847,0.0648031,-0.12353
406.292,317.5,0.573826,0.559663,0.0440849,-0.118784
407.158,317,0.692163,0.675802,0.0227726,-0.147863
408.024,316.5,0.698169,0.68006,0.0172609,-0.157037
408.89,316,0.696107,0.677025,0.0142145,-0.161248
409.756,315.5,0.687634,0.66786,0.0139074,-0.163125
410.622,315,0.672734,0.652567,0.0163398,-0.162669
411.488,314.5,0.651434,0.631144,0.0215116,-0.159879
412.354,314,0.622313,0.604355,0.0279824,-0.145758
413.22,313.5,0.614037,0.597972,0.0350113,-0.135076
414.086,313,0.633678,0.618571,0.0436364,-0.130436
414.952,312.5,0.647556,0.633184,0.0522534,-0.125203
415.818,312,0.655651,0.641812,0.0608623,-0.119375
416.684,311.5,0.589834,0.578236,0.0439359,-0.107779
417.55,311,0.604168,0.588893,0.051177,-0.124918
418.416,310.5,0.618117,0.600597,0.0611399,-0.132717
419.282,310,0.625081,0.608854,0.0824548,-0.114997
420.148,309.5,0.617041,0.605669,0.093444,-0.0719248
421.014,309,0.590343,0.584261,0.0828538,-0.016701
421.88,308.5,0.647581,0.643637,0.0680423,0.0214961
422.746,308,0.676589,0.671881,0.0597722,0.0526845
423.612,307.5,0.705741,0.699204,0.051165,0.0810339
424.478,307,0.72044,0.712978,0.0479983,0.0916109
425.344,306.5,0.731904,0.72438,0.0455128,0.094268
426.21,306,0.690928,0.680016,0.0473525,0.112774
427.076,305.5,0.727866,0.71741,0.0504817,0.112088
427.942,305,0.76557,0.756133,0.0532042,0.107374
428.808,304.5,0.792115,0.787017,0.0399744,0.0803296
429.674,304,0.820611,0.818467,0.0244229,0.0540214
430.54,303.5,0.853975,0.853336,0.0100065,0.031483
431.406,303,0.891221,0.890943,-0.00164009,0.0222301
432.272,302.5,0.928557,0.928399,-0.00801922,0.0151815
433.138,302,0.955054,0.95494,-0.0121344,0.00840366
434.004,301.5,0.953185,0.952979,-0.0197225,0.00158806
434.87,301,0.951545,0.9511,-0.028597,-0.00534512
435.737,300.5,0.951946,0.950998,-0.0404562,-0.0129399
436.603,300,0.956971,0.955125,-0.0572342,-0.0159235
437.469,299.5,0.967177,0.964234,-0.0741557,-0.0136079
438.335,299,0.973239,0.970814,-0.0671506,-0.0142747
439.201,298.5,0.974849,0.973119,-0.0534687,-0.0226034
440.067,298,0.974541,0.973031,-0.0393941,-0.0372664
440.933,297.5,0.975239,0.973584,-0.0257651,-0.0506071
441.799,297,0.977149,0.975123,-0.0103923,-0.0620295
442.665,296.5,0.970344,0.967747,0.0149663,-0.0693465
443.531,296,0.94254,0.93868,0.0415739,-0.0743882
444.397,295.5,0.912552,0.906969,0.0634867,-0.0782842
445.263,295,0.879798,0.874252,0.0708631,-0.0686065
446.129,294.5,0.843721,0.839223,0.0716971,-0.0492807
446.995,294,0.80485,0.801883,0.0659884,-0.020307
447.861,293.5,0.733353,0.730562,0.0637901,-0.00394628
448.727,293,0.658346,0.655584,0.0592071,0.0110988
449.593,292.5,0.583873,0.581014,0.0513251,0.0264054
450.459,292,0.515615,0.512512,0.0417641,0.038029
451.325,291.5,0.452852,0.449787,0.0303673,0.0429457
452.191,291,0.411871,0.408832,0.0226479,0.044512
453.057,290.5,0.394499,0.390041,0.0313911,0.05012
453.923,290,0.373414,0.365971,0.0448641,0.0590796
454.789,289.5,0.384553,0.355515,0.0892061,0.116327
455.655,289,0.350595,0.30854,0.100046,0.133083
456.521,288.5,0.319683,0.259354,0.111365,0.150103
457.387,288,0.303382,0.222314,0.122761,0.165974
458.253,287.5,0.293313,0.18789,0.133528,0.181385
459.119,287,0.291673,0.174461,0.138424,0.188349
459.985,286.5,0.311982,0.231038,0.125792,0.167722
460.851,286,0.339681,0.282097,0.115449,0.149919
461.717,285.5,0.370254,0.327637,0.107396,0.13494
462.583,285,0.402101,0.369575,0.0990052,0.123683
463.449,284.5,0.434535,0.408533,0.0899038,0.117641
464.315,284,0.465555,0.443204,0.0820233,0.11655
465.181,283.5,0.494432,0.473587,0.0753639,0.12041
466.047,283,0.520837,0.499683,0.0699255,0.129222
466.913,282.5,0.544717,0.521492,0.0657081,0.142985
467.779,282,0.570188,0.542724,0.0611093,0.163802
468.645,281.5,0.60304,0.569557,0.0522086,0.191144
469.512,281,0.624929,0.586717,0.0458209,0.210239
470.378,280.5,0.647015,0.603081,0.0406389,0.230804
471.244,280,0.669328,0.61865,0.0366625,0.25284
472.11,279.5,0.69191,0.633423,0.0338917,0.276346
472.976,279,0.71482,0.6474,0.0323265,0.301322
473.842,278.5,0.680921,0.601034,0.0603926,0.314267
474.708,278,0.738552,0.636987,0.0753702,0.366095
475.574,277.5,0.795495,0.682437,0.0774416,0.401367
476.44,277,0.820124,0.7093,0.06057,0.407222
477.306,276.5,0.836211,0.7263,0.0437106,0.4121
478.172,276,0.840404,0.737891,0.0240914,0.401517
479.038,275.5,0.841014,0.743271,0.00272204,0.393504
