x,v,vx,vy,vz
220.096,425,0.576889,0.576756,-0.00392369,-0.0117488
220.962,424.5,0.577535,0.577397,-0.00383375,-0.0120202
221.828,424,0.578187,0.578043,-0.00374872,-0.0123361
222.694,423.5,0.578849,0.578698,-0.00367156,-0.0126977
223.56,423,0.579338,0.57918,-0.00350147,-0.0130528
224.426,422.5,0.579803,0.579638,-0.00331669,-0.0134415
225.292,422,0.580382,0.580206,-0.00306163,-0.0139845
226.158,421.5,0.580748,0.58056,-0.00276236,-0.0145172
227.024,421,0.581,0.5808,-0.00244093,-0.0150511
227.89,420.5,0.581261,0.581048,-0.00210809,-0.0156104
228.756,420,0.581414,0.581188,-0.00164876,-0.01615
229.622,419.5,0.581424,0.581186,-0.00109014,-0.0165974
230.488,419,0.581384,0.581136,-0.000571004,-0.0169743
231.355,418.5,0.581153,0.580894,-6.99469e-05,-0.017318
232.221,418,0.580619,0.580353,0.000443609,-0.0175707
233.087,417.5,0.58017,0.579894,0.000957974,-0.0178532
233.953,417,0.579774,0.579489,0.00144479,-0.0181102
234.819,416.5,0.579671,0.579382,0.0016744,-0.0182207
235.685,416,0.579604,0.579311,0.00186673,-0.0183403
236.551,415.5,0.579561,0.579263,0.00202693,-0.0184605
237.417,415,0.579355,0.579059,0.00226504,-0.0183653
238.283,414.5,0.579128,0.578834,0.00249278,-0.0182854
239.149,414,0.578905,0.57861,0.00275883,-0.018276
240.015,413.5,0.578594,0.578302,0.00300076,-0.0181203
240.881,413,0.578259,0.577971,0.00322306,-0.0179608
241.747,412.5,0.577915,0.577629,0.0034337,-0.01783
242.613,412,0.577297,0.577016,0.00357306,-0.0176307
243.479,411.5,0.576536,0.57626,0.00369704,-0.0174469
244.345,411,0.575341,0.575068,0.00396525,-0.0172754
245.211,410.5,0.573791,0.573521,0.00416459,-0.0171232
246.077,410,0.571945,0.571676,0.00431838,-0.0170124
246.943,409.5,0.570048,0.569778,0.00447949,-0.0169881
247.809,409,0.56777,0.567496,0.00470743,-0.0170039
248.675,408.5,0.564873,0.564592,0.00501874,-0.0170969
249.541,408,0.5619,0.561608,0.00532287,-0.0173325
250.407,407.5,0.558664,0.558357,0.0056162,-0.0176444
251.273,407,0.554645,0.554323,0.005888,-0.0179799
252.139,406.5,0.550601,0.550257,0.00617407,-0.0184474
253.005,406,0.546462,0.546092,0.00649456,-0.0190173
253.871,405.5,0.541566,0.54117,0.00708282,-0.01946
254.737,405,0.536702,0.536272,0.00771933,-0.0200268
255.603,404.5,0.531869,0.531399,0.00840408,-0.0207176
256.469,404,0.526254,0.52573,0.00948985,-0.0214832
257.335,403.5,0.520617,0.520029,0.0105705,-0.0223673
258.201,403,0.514913,0.514256,0.0116357,-0.0232544
259.067,402.5,0.508704,0.507948,0.0135174,-0.0242072
259.933,402,0.502392,0.501515,0.0156494,-0.0252258
260.799,401.5,0.496121,0.495104,0.0177967,-0.0262964
261.665,401,0.489446,0.488254,0.0204781,-0.0273136
262.531,400.5,0.482584,0.481185,0.0234714,-0.0282286
263.397,400,0.475694,0.474089,0.0261779,-0.0289592
264.263,399.5,0.468617,0.466847,0.0279797,-0.0295438
265.13,399,0.461425,0.459552,0.0288089,-0.0299163
265.996,398.5,0.45444,0.452473,0.0295227,-0.0301941
266.862,398,0.447506,0.445498,0.029572,-0.0303067
267.728,397.5,0.439619,0.437657,0.028696,-0.0299545
268.594,397,0.431397,0.429494,0.027987,-0.0292351
269.46,396.5,0.4232,0.421369,0.0274793,-0.0281226
270.326,396,0.415263,0.413491,0.027934,-0.0262359
271.192,395.5,0.407031,0.405331,0.0285205,-0.0238289
272.058,395,0.398549,0.396926,0.029124,-0.0210415
272.924,394.5,0.387799,0.386187,0.0304154,-0.0179641
273.79,394,0.376183,0.374482,0.0326589,-0.0144994
274.656,393.5,0.363766,0.361839,0.0358462,-0.010652
275.522,393,0.349278,0.346958,0.0399797,-0.00409363
276.388,392.5,0.333589,0.330566,0.0446554,0.00374102
277.254,392,0.315759,0.311622,0.0497332,0.0110589
278.12,391.5,0.294587,0.289271,0.0519819,0.0200453
278.986,391,0.270708,0.263855,0.0523455,0.0303919
279.852,390.5,0.24514,0.235887,0.0523614,0.0413406
280.718,390,0.223789,0.208222,0.057883,0.0580896
281.584,389.5,0.209025,0.180387,0.0691911,0.0797794
282.45,389,0.196299,0.148623,0.0802739,0.100003
283.316,388.5,0.186019,0.107658,0.0921958,0.120469
284.182,388,0.180988,0.0525563,0.107306,0.13594
285.048,387.5,0.193049,-0.00756258,0.125618,0.146393
285.914,387,0.234399,-0.0828013,0.147562,0.162211
286.78,386.5,0.342946,-0.209645,0.167537,0.213523
287.646,386,0.49337,-0.384519,0.201897,0.234086
288.512,385.5,0.728684,-0.551599,0.258999,0.399549
289.378,385,1.05863,-0.728145,0.243846,0.728719
290.244,384.5,1.48129,-0.88499,-0.00277683,1.18786
291.11,384,1.83445,-1.12114,-0.284802,1.42378
291.976,383.5,2.1134,-1.43334,-0.462214,1.48268
292.842,383,2.18813,-1.67781,-0.26297,1.37975
293.708,382.5,2.2929,-1.82636,0.0186205,1.38616
294.574,382,2.4613,-1.90825,0.353277,1.51386
295.44,381.5,2.58974,-1.91599,0.587527,1.64028
296.306,381,2.69449,-1.93491,0.744731,1.72099
297.172,380.5,2.74819,-1.99234,0.765684,1.73115
298.038,380,2.69521,-1.99243,0.656286,1.69224
298.905,379.5,2.60488,-1.9703,0.505442,1.62723
299.771,379,2.40897,-1.8703,0.327243,1.48257
300.637,378.5,2.21366,-1.75692,0.188645,1.33339
301.503,378,2.05069,-1.65646,0.096192,1.20507
302.369,377.5,1.86567,-1.46433,0.0372855,1.15546
303.235,377,1.75233,-1.33295,0.0566191,1.13609
304.101,376.5,1.61921,-1.18586,0.0834144,1.09937
304.967,376,1.48002,-1.028,0.0970103,1.06032
305.833,375.5,1.35611,-0.936379,0.170851,0.965946
306.699,375,1.17386,-0.854223,0.128461,0.794819
307.565,374.5,1.1387,-0.884612,0.0525888,0.715079
308.431,374,1.05193,-0.882938,-0.116848,0.559755
309.297,373.5,1.25022,-0.998846,-0.309518,0.685234
310.163,373,1.42857,-1.05614,-0.476321,0.835756
311.029,372.5,1.60219,-1.09333,-0.58037,1.01726
311.895,372,1.64064,-0.979844,-0.53853,1.20067
312.761,371.5,1.67395,-0.846139,-0.510571,1.35111
313.627,371,1.66221,-0.634434,-0.474658,1.46121
314.493,370.5,1.64853,-0.36856,-0.434034,1.54707
315.359,370,1.67497,-0.143504,-0.375303,1.62606
316.225,369.5,1.71534,0.0862008,-0.29316,1.68791
317.091,369,1.77329,0.276745,-0.219324,1.73778
317.957,368.5,1.8634,0.40937,-0.12481,1.81358
318.823,368,1.86322,0.499265,-0.0870291,1.79297
319.689,367.5,1.79229,0.550504,0.00635551,1.70564
320.555,367,1.73623,0.541855,0.139974,1.64356
321.421,366.5,1.31636,0.53188,0.362386,1.1483
322.287,366,0.973635,0.426805,0.505183,0.714557
323.153,365.5,0.595588,0.236938,0.545745,-0.0273605
324.019,365,0.517953,-0.106453,0.317014,-0.395532
324.885,364.5,0.831762,-0.463994,0.0949045,-0.683761
325.751,364,0.990925,-0.669448,-0.0874291,-0.725348
326.617,363.5,1.09164,-0.757522,-0.21228,-0.756813
327.483,363,1.15803,-0.812472,-0.362495,-0.741304
328.349,362.5,1.12766,-0.697914,-0.436291,-0.770836
329.215,362,1.11834,-0.611674,-0.503754,-0.789158
330.081,361.5,1.11265,-0.498651,-0.573067,-0.812979
330.947,361,1.03007,-0.377015,-0.508958,-0.812325
331.813,360.5,0.844786,-0.201877,-0.495008,-0.654122
332.679,360,0.867122,-0.157249,-0.50887,-0.684269
333.546,359.5,0.892837,-0.125872,-0.485596,-0.738587
334.412,359,0.931841,-0.0895741,-0.474619,-0.796895
335.278,358.5,0.951548,-0.0513075,-0.462387,-0.830066
336.144,358,0.952123,-0.0422299,-0.445982,-0.840152
337.01,357.5,1.12327,-0.0870946,-0.544549,-0.978581
337.876,357,1.17538,-0.0842803,-0.509453,-1.05588
338.742,356.5,1.17802,-0.0691082,-0.422202,-1.09759
339.608,356,0.954573,-0.0638415,-0.191777,-0.932928
340.474,355.5,0.924936,-0.0530379,-0.0438191,-0.922373
341.34,355,1.1651,-0.0201994,0.2048,-1.14678
342.206,354.5,1.20151,0.0286339,0.364736,-1.14445
343.072,354,1.09099,0.0955309,0.437473,-0.994862
343.938,353.5,0.924688,0.193764,0.431921,-0.794323
344.804,353,0.82491,0.42422,0.375847,-0.599376
345.67,352.5,0.892602,0.726961,0.346796,-0.384707
346.536,352,1.12044,1.04804,0.351575,-0.182755
347.402,351.5,1.15615,1.08776,0.390428,-0.0319016
348.268,351,1.20377,1.12576,0.419995,0.0729874
349.134,350.5,1.25303,1.16721,0.431978,0.145299
350,350,1.21662,1.13018,0.394093,0.218082
350.866,349.5,1.12535,1.02257,0.373741,0.284748
351.732,349,0.985684,0.884323,0.288558,0.326008
352.598,348.5,0.902866,0.808088,0.211425,0.342724
353.464,348,0.850633,0.753713,0.164129,0.358547
354.33,347.5,0.816036,0.736023,0.0956961,0.339156
355.196,347,0.845393,0.775304,0.0380521,0.33488
356.062,346.5,0.880388,0.808716,-0.00590269,0.347887
356.928,346,0.919397,0.83789,-0.0341478,0.376917
357.794,345.5,0.948808,0.870236,-0.0288455,0.376954
358.66,345,0.969438,0.895393,-0.0189912,0.371107
359.526,344.5,0.984714,0.914253,-0.00727605,0.365717
360.392,344,0.984872,0.917419,0.000328253,0.35821
361.258,343.5,0.987279,0.92203,0.00877109,0.352849
362.124,343,0.991107,0.928005,0.0128461,0.347757
362.99,342.5,0.987245,0.929982,0.00245023,0.331332
363.856,342,0.983308,0.931676,-0.00713627,0.314363
364.722,341.5,0.980596,0.93382,-0.0147181,0.298886
365.588,341,0.98104,0.938389,-0.0170311,0.285617
366.454,340.5,0.981932,0.942827,-0.0160048,0.273882
367.321,340,0.978064,0.941311,-0.0164519,0.265089
368.187,339.5,0.974502,0.939529,-0.0164093,0.258202
369.053,339,0.972737,0.938987,-0.0159571,0.253507
369.919,338.5,0.972127,0.939229,-0.0159087,0.250253
370.785,338,0.974133,0.941368,-0.0162467,0.249994
371.651,337.5,0.979691,0.945925,-0.0172509,0.254407
372.517,337,0.985183,0.950132,-0.0197203,0.259702
373.383,336.5,0.99212,0.955494,-0.022711,0.266114
374.249,336,1.00118,0.962271,-0.0265414,0.275109
375.115,335.5,1.01046,0.969055,-0.0303689,0.284662
375.981,335,1.01996,0.975843,-0.0341944,0.294752
376.847,334.5,1.03031,0.98585,-0.0364385,0.297169
377.713,334,1.03822,0.993925,-0.0384315,0.297569
378.579,333.5,1.04336,0.999618,-0.0403157,0.296225
379.445,333,1.0437,1.00049,-0.0427127,0.294131
380.311,332.5,1.03989,0.997079,-0.0447464,0.291891
381.177,332,1.02622,0.984268,-0.0448257,0.286951
382.043,331.5,1.00262,0.961458,-0.0395499,0.281578
382.909,331,0.978089,0.936448,-0.0299689,0.280757
383.775,330.5,0.952756,0.909495,-0.017174,0.283315
384.641,330,0.927805,0.883939,-0.00486196,0.28187
385.507,329.5,0.904155,0.861596,0.00539746,0.274079
386.373,329,0.884809,0.842091,0.013026,0.271293
387.239,328.5,0.864843,0.81962,0.018867,0.275355
388.105,328,0.851497,0.800054,0.0298871,0.289945
388.971,327.5,0.841872,0.782912,0.0403541,0.306869
389.837,327,0.838012,0.770142,0.0502117,0.326534
390.703,326.5,0.851088,0.772753,0.0581661,0.351881
391.569,326,0.870367,0.780194,0.0628987,0.380631
392.435,325.5,0.889446,0.786406,0.0655787,0.410339
393.301,325,0.904326,0.793319,0.0610058,0.429802
394.167,324.5,0.91818,0.799988,0.0539169,0.447399
395.033,324,0.930691,0.806238,0.0441659,0.462834
395.899,323.5,0.925464,0.801859,0.0278102,0.461229
396.765,323,0.916497,0.794057,0.0104653,0.457526
397.631,322.5,0.904859,0.783415,-0.00767336,0.452738
398.497,322,0.88568,0.76969,-0.0182571,0.437804
399.363,321.5,0.863481,0.755867,-0.026955,0.416579
400.229,321,0.84229,0.743579,-0.0268512,0.394742
401.095,320.5,0.825223,0.733876,-0.0269438,0.376422
401.962,320,0.81232,0.728017,-0.0311317,0.359006
402.828,319.5,0.801892,0.725334,-0.0353503,0.340105
403.694,319,0.790418,0.722248,-0.034064,0.319308
404.56,318.5,0.773925,0.713754,-0.0248993,0.298153
405.426,318,0.760416,0.708695,-0.017654,0.275086
406.292,317.5,0.754049,0.709552,-0.0111896,0.254954
407.158,317,0.753196,0.715266,-0.00383041,0.235975
408.024,316.5,0.74309,0.712373,-0.00356042,0.211413
408.89,316,0.723582,0.700268,-0.0111803,0.181853
409.756,315.5,0.70152,0.682472,-0.0146245,0.161703
410.622,315,0.685105,0.669772,-0.0114358,0.143681
411.488,314.5,0.673748,0.662231,-0.0083899,0.123761
412.354,314,0.672712,0.663189,0.00389624,0.112724
413.22,313.5,0.670202,0.662465,0.0108763,0.10096
414.086,313,0.665597,0.659334,0.011537,0.0903629
414.952,312.5,0.666792,0.659486,0.00524773,0.0982953
415.818,312,0.67719,0.66922,0.00442346,0.103496
416.684,311.5,0.695175,0.687317,0.0104285,0.103708
417.55,311,0.709834,0.702925,0.0219942,0.0963159
418.416,310.5,0.723573,0.718037,0.0333794,0.0828587
419.282,310,0.723457,0.717486,0.0308429,0.087485
420.148,309.5,0.718585,0.712351,0.0176371,0.0927892
421.014,309,0.711788,0.708019,0.0027068,0.0731048
421.88,308.5,0.703966,0.703041,-0.0107498,0.0344414
422.746,308,0.689888,0.689608,-0.0164099,-0.0108112
423.612,307.5,0.673619,0.672602,-0.000696217,-0.0369931
424.478,307,0.682476,0.679733,0.0265763,-0.0550524
425.344,306.5,0.699058,0.693873,0.0487686,-0.0695948
426.21,306,0.712573,0.706818,0.0463907,-0.077572
427.076,305.5,0.72745,0.720517,0.0470403,-0.088466
427.942,305,0.743693,0.734941,0.0502611,-0.102055
428.808,304.5,0.738544,0.729977,0.00887667,-0.111807
429.674,304,0.729507,0.718111,-0.0265757,-0.12566
430.54,303.5,0.720166,0.704448,-0.0503095,-0.14093
431.406,303,0.718636,0.701783,-0.0648704,-0.140463
432.272,302.5,0.720046,0.702817,-0.0769402,-0.136362
433.138,302,0.727805,0.711107,-0.0876146,-0.127866
434.004,301.5,0.748565,0.73277,-0.0898393,-0.123805
434.87,301,0.763402,0.747896,-0.084608,-0.127573
435.737,300.5,0.770857,0.75512,-0.0760479,-0.135022
436.603,300,0.769496,0.75445,-0.0629236,-0.137732
437.469,299.5,0.763965,0.750917,-0.0448826,-0.133237
438.335,299,0.77186,0.760404,-0.0208588,-0.130837
439.201,298.5,0.788068,0.775964,-0.00611345,-0.137454
440.067,298,0.807507,0.792075,-0.000387643,-0.157115
440.933,297.5,0.827225,0.807434,0.00232441,-0.17985
441.799,297,0.846575,0.821784,0.00393455,-0.203334
442.665,296.5,0.857231,0.830109,0.00454546,-0.213878
443.531,296,0.860577,0.832406,-0.00668157,-0.218283
444.397,295.5,0.868065,0.837177,-0.0146395,-0.229036
445.263,295,0.874665,0.841506,-0.021243,-0.237604
446.129,294.5,0.883647,0.847536,-0.0298611,-0.24824
446.995,294,0.895106,0.855267,-0.0404939,-0.260946
447.861,293.5,0.904941,0.863568,-0.0360305,-0.268087
448.727,293,0.913659,0.870783,-0.0305653,-0.274909
449.593,292.5,0.921489,0.876885,-0.0261956,-0.282008
450.459,292,0.924252,0.879853,-0.0210317,-0.282238
451.325,291.5,0.924219,0.879415,-0.0148682,-0.283883
452.191,291,0.917909,0.871085,1.32872e-05,-0.289429
453.057,290.5,0.89532,0.84671,0.0343761,-0.288961
453.923,290,0.873528,0.827481,0.073276,-0.270105
454.789,289.5,0.861923,0.822199,0.111469,-0.233396
455.655,289,0.869327,0.836783,0.144726,-0.185955
456.521,288.5,0.887965,0.862034,0.166012,-0.133491
457.387,288,0.867472,0.846654,0.164758,-0.0924072
458.253,287.5,0.833842,0.815342,0.160394,-0.0691583
459.119,287,0.791182,0.774455,0.141331,-0.0788213
459.985,286.5,0.741344,0.725201,0.125396,-0.0891593
460.851,286,0.683571,0.666217,0.115416,-0.100516
461.717,285.5,0.605686,0.584524,0.113589,-0.110835
462.583,285,0.52873,0.507512,0.100234,-0.109272
463.449,284.5,0.465783,0.446154,0.0897574,-0.0992145
464.315,284,0.416091,0.402293,0.0732786,-0.0769558
465.181,283.5,0.378325,0.369602,0.0574625,-0.056762
466.047,283,0.35329,0.34854,0.0425932,-0.0389804
466.913,282.5,0.373197,0.371497,0.0230178,-0.0271405
467.779,282,0.403563,0.403327,-0.00159475,-0.013713
468.645,281.5,0.445807,0.444787,-0.030075,0.00184601
469.512,281,0.490823,0.487573,-0.0503628,0.0253744
470.378,280.5,0.528362,0.522633,-0.0558501,0.053869
471.244,280,0.545478,0.539109,-0.0446917,0.0700761
472.11,279.5,0.547965,0.542774,-0.0366509,0.065712
472.976,279,0.551158,0.547169,-0.036156,0.0554423
473.842,278.5,0.642668,0.640341,-0.0273186,0.0473215
474.708,278,0.643591,0.641795,-0.030808,0.0368729
475.574,277.5,0.638296,0.63689,-0.0347996,0.0241086
476.44,277,0.577404,0.575809,-0.0409806,-0.0126615
477.306,276.5,0.592705,0.590393,-0.0490366,-0.018162
478.172,276,0.594329,0.591425,-0.0544687,-0.0218232
479.038,275.5,0.596918,0.593262,-0.059495,-0.0285048
