x,v,vx,vy,vz
220.096,425,0.627003,0.626987,-0.00451429,-0.000163844
220.962,424.5,0.62666,0.626646,-0.00413738,0.000146264
221.828,424,0.626232,0.626221,-0.00373998,0.000337301
222.694,423.5,0.625732,0.625723,-0.00332496,0.000414979
223.56,423,0.624723,0.624715,-0.00301978,9.9962e-05
224.426,422.5,0.623565,0.623559,-0.00282713,-0.000369913
225.292,422,0.623033,0.623026,-0.0028204,-0.000569925
226.158,421.5,0.62177,0.621761,-0.00290196,-0.00135884
227.024,421,0.619832,0.61982,-0.0029769,-0.00260592
227.89,420.5,0.61739,0.617369,-0.00295363,-0.00414319
228.756,420,0.614389,0.61435,-0.00290437,-0.00624181
229.622,419.5,0.610356,0.610276,-0.00310765,-0.00935762
230.488,419,0.605615,0.605467,-0.00372106,-0.0128447
231.355,418.5,0.601143,0.600912,-0.00450463,-0.0160455
232.221,418,0.597201,0.596876,-0.00542982,-0.0189432
233.087,417.5,0.593577,0.593156,-0.00649268,-0.0213863
233.953,417,0.590398,0.589886,-0.00763888,-0.0233817
234.819,416.5,0.592463,0.591884,-0.00722543,-0.0251718
235.685,416,0.59452,0.593879,-0.00677866,-0.0267647
236.551,415.5,0.596505,0.595807,-0.0063193,-0.0281436
237.417,415,0.598627,0.597902,-0.00583914,-0.0288639
238.283,414.5,0.600498,0.599753,-0.00540354,-0.0294106
239.149,414,0.601542,0.600792,-0.00566534,-0.0295076
240.015,413.5,0.601976,0.601257,-0.00626008,-0.0287441
240.881,413,0.602535,0.60185,-0.00674253,-0.0279163
241.747,412.5,0.603242,0.60259,-0.0071426,-0.0271026
242.613,412,0.603495,0.602891,-0.00728788,-0.0259977
243.479,411.5,0.603529,0.602973,-0.00732297,-0.0248486
244.345,411,0.600853,0.60032,-0.00629247,-0.0244879
245.211,410.5,0.597729,0.59722,-0.00532594,-0.0240704
246.077,410,0.594278,0.593792,-0.00441376,-0.0236031
246.943,409.5,0.590777,0.59031,-0.0035071,-0.0232283
247.809,409,0.587342,0.586902,-0.00254874,-0.0225796
248.675,408.5,0.586215,0.585862,-0.00204575,-0.0202299
249.541,408,0.586788,0.586546,-0.00185107,-0.0167424
250.407,407.5,0.587566,0.587426,-0.00148559,-0.0127424
251.273,407,0.588328,0.588274,-0.000734254,-0.00793004
252.139,406.5,0.589009,0.589002,0.000204551,-0.00284882
253.005,406,0.589216,0.589211,0.00152096,0.0020432
253.871,405.5,0.585735,0.585711,0.00445404,0.00292644
254.737,405,0.581552,0.581498,0.00709793,0.00352748
255.603,404.5,0.576662,0.576572,0.00945261,0.00384634
256.469,404,0.569565,0.569472,0.0100941,0.00186347
257.335,403.5,0.561628,0.561539,0.00997083,-0.000288789
258.201,403,0.554161,0.554072,0.00949759,-0.00283986
259.067,402.5,0.548822,0.548713,0.00883007,-0.0064556
259.933,402,0.543988,0.543822,0.00842487,-0.0104841
260.799,401.5,0.539213,0.538943,0.00846248,-0.0148193
261.665,401,0.534799,0.534391,0.00818441,-0.019239
262.531,400.5,0.530291,0.529748,0.00718571,-0.022895
263.397,400,0.525313,0.524777,0.00297918,-0.0235501
264.263,399.5,0.523267,0.522715,-0.00113146,-0.0239884
265.13,399,0.52463,0.524041,-0.00456102,-0.0244419
265.996,398.5,0.528089,0.527439,-0.00778364,-0.0250197
266.862,398,0.532829,0.532083,-0.0108696,-0.0260213
267.728,397.5,0.536613,0.53581,-0.0105955,-0.0273542
268.594,397,0.5398,0.538965,-0.00921779,-0.0285703
269.46,396.5,0.543066,0.542203,-0.00793231,-0.029558
270.326,396,0.549893,0.549123,-0.00550083,-0.0285576
271.192,395.5,0.555717,0.555062,-0.00363623,-0.0267194
272.058,395,0.561368,0.560826,-0.0029501,-0.0244949
272.924,394.5,0.568063,0.567604,-0.00606909,-0.0220028
273.79,394,0.57263,0.572269,-0.00889728,-0.0182827
274.656,393.5,0.575092,0.574824,-0.0114082,-0.0133465
275.522,393,0.587425,0.587254,-0.0110784,-0.00885269
276.388,392.5,0.599464,0.599388,-0.00896046,-0.00334882
277.254,392,0.611269,0.611242,-0.0056095,-0.000953609
278.12,391.5,0.612963,0.612926,-0.00657636,-0.00116025
278.986,391,0.609264,0.609184,-0.00975353,0.00174911
279.852,390.5,0.604562,0.604357,-0.0129402,0.00892028
280.718,390,0.611416,0.611148,-0.0125068,0.013074
281.584,389.5,0.628921,0.628763,-0.0101788,0.00972639
282.45,389,0.643458,0.64339,-0.00900135,0.00239045
283.316,388.5,0.646369,0.646268,-0.0107079,-0.00404964
284.182,388,0.640594,0.64032,-0.0164845,-0.00891268
285.048,387.5,0.638293,0.637753,-0.0225621,-0.0134281
285.914,387,0.639492,0.638782,-0.0270518,-0.0132455
286.78,386.5,0.646088,0.645629,-0.0243202,0.00121084
287.646,386,0.651305,0.650828,-0.0239086,0.00702111
288.512,385.5,0.653323,0.652791,-0.0260122,0.00418165
289.378,385,0.637704,0.636833,-0.0312858,-0.0114742
290.244,384.5,0.619266,0.617399,-0.0353593,-0.0325467
291.11,384,0.601987,0.598668,-0.0393595,-0.049351
291.976,383.5,0.610161,0.606789,-0.0429067,-0.0475705
292.842,383,0.629476,0.62623,-0.0485068,-0.0415119
293.708,382.5,0.658167,0.654975,-0.0567565,-0.0311497
294.574,382,0.691751,0.688697,-0.0611653,-0.0217713
295.44,381.5,0.724965,0.72231,-0.0589982,-0.018996
296.306,381,0.743147,0.741486,-0.0426819,-0.025385
297.172,380.5,0.753334,0.751975,-0.0335081,-0.0303806
298.038,380,0.760676,0.759325,-0.0311238,-0.032941
298.905,379.5,0.76792,0.766597,-0.0298844,-0.0337232
299.771,379,0.774389,0.773292,-0.0268845,-0.0312314
300.637,378.5,0.778326,0.777459,-0.0227035,-0.0288931
301.503,378,0.779037,0.778207,-0.0205588,-0.0294888
302.369,377.5,0.778787,0.777944,-0.0176164,-0.0316457
303.235,377,0.777988,0.777072,-0.0142632,-0.0349367
304.101,376.5,0.778799,0.7778,-0.0105069,-0.0380123
304.967,376,0.781092,0.779996,-0.00630946,-0.0408895
305.833,375.5,0.778136,0.777173,0.00167953,-0.0386574
306.699,375,0.77536,0.77448,0.00854866,-0.0359197
307.565,374.5,0.772983,0.772152,0.014111,-0.0329262
308.431,374,0.769617,0.768771,0.0153934,-0.0326387
309.297,373.5,0.766898,0.766045,0.0133336,-0.0336156
310.163,373,0.739206,0.738084,0.00811875,-0.0398879
311.029,372.5,0.685278,0.683667,0.00244532,-0.0469046
311.895,372,0.63823,0.636279,-0.00147123,-0.0498493
312.761,371.5,0.598594,0.596506,-0.00386345,-0.0498029
313.627,371,0.567618,0.565473,-0.00499709,-0.0490422
314.493,370.5,0.546569,0.544447,-0.00432588,-0.0479241
315.359,370,0.557192,0.556457,-0.0012207,-0.0285682
316.225,369.5,0.567366,0.567263,-0.000265971,-0.010813
317.091,369,0.576773,0.576744,-0.0021786,0.00538939
317.957,368.5,0.582758,0.582315,-0.00229077,0.0225974
318.823,368,0.583994,0.582788,0.000409724,0.0375059
319.689,367.5,0.593646,0.592438,0.00734199,0.037132
320.555,367,0.613862,0.612782,0.0132154,0.0339031
321.421,366.5,0.635203,0.634012,0.0166333,0.0351292
322.287,366,0.66249,0.66102,0.015578,0.0412611
323.153,365.5,0.682513,0.680704,0.00970588,0.0487005
324.019,365,0.696637,0.694331,-7.99408e-05,0.0566445
324.885,364.5,0.725345,0.722662,0.0032422,0.0622435
325.751,364,0.747141,0.744086,0.00967478,0.0667978
326.617,363.5,0.762059,0.758569,0.0192039,0.070273
327.483,363,0.768338,0.763639,0.0427629,0.0732839
328.349,362.5,0.768001,0.760827,0.068906,0.0788612
329.215,362,0.784389,0.775544,0.082065,0.0840406
330.081,361.5,0.811389,0.802463,0.0777272,0.0914596
330.947,361,0.840646,0.832097,0.0726073,0.0950181
331.813,360.5,0.873744,0.86604,0.0704518,0.0918646
332.679,360,0.908642,0.903883,0.0625543,0.06865
333.546,359.5,0.938661,0.93671,0.0470614,0.037997
334.412,359,0.926431,0.925755,0.0300953,0.0186037
335.278,358.5,0.909795,0.909339,0.0286652,0.00283033
336.144,358,0.891543,0.889946,0.0511792,-0.0150276
337.01,357.5,0.885119,0.881375,0.0721509,-0.0375247
337.876,357,0.889311,0.882728,0.0898355,-0.0599476
338.742,356.5,0.859472,0.851575,0.0972701,-0.0636448
339.608,356,0.811931,0.802457,0.103434,-0.0677849
340.474,355.5,0.761858,0.750187,0.109978,-0.0745019
341.34,355,0.688741,0.673128,0.113323,-0.0917596
342.206,354.5,0.630409,0.609358,0.113615,-0.114851
343.072,354,0.591391,0.563051,0.113313,-0.140982
343.938,353.5,0.566661,0.530335,0.117279,-0.16154
344.804,353,0.549351,0.50169,0.128516,-0.183239
345.67,352.5,0.541435,0.478462,0.147947,-0.205761
346.536,352,0.51242,0.42382,0.187156,-0.218914
347.402,351.5,0.478273,0.345956,0.245321,-0.221082
348.268,351,0.448617,0.27211,0.297075,-0.197384
349.134,350.5,0.393361,0.207724,0.300906,-0.145049
350,350,0.375067,0.149974,0.329563,-0.0978314
350.866,349.5,0.329973,0.090927,0.314612,-0.0404213
351.732,349,0.239228,0.0380263,0.235392,0.0193534
352.598,348.5,0.182586,0.0431383,0.177297,-0.00652296
353.464,348,0.12689,0.0445249,0.0967645,-0.0689576
354.33,347.5,0.168448,0.0200546,0.144751,-0.0837839
355.196,347,0.18318,-0.024078,0.136077,-0.120243
356.062,346.5,0.210236,-0.0225578,0.0853982,-0.190781
356.928,346,0.254164,-0.0094221,0.0963916,-0.234988
357.794,345.5,0.280474,0.0190828,0.0990616,-0.261703
358.66,345,0.303954,0.111882,0.0973822,-0.265306
359.526,344.5,0.33058,0.170845,0.101803,-0.264067
360.392,344,0.348144,0.223138,0.105253,-0.245633
361.258,343.5,0.370357,0.276335,0.103424,-0.223845
362.124,343,0.419984,0.352146,0.0889109,-0.210889
362.99,342.5,0.519956,0.47204,0.0634591,-0.208579
363.856,342,0.614581,0.581627,0.0435953,-0.193698
364.722,341.5,0.701514,0.680393,0.0281725,-0.168501
365.588,341,0.777821,0.764575,0.0184792,-0.14174
366.454,340.5,0.855046,0.845916,0.0114844,-0.124092
367.321,340,0.884392,0.873329,0.0101711,-0.139077
368.187,339.5,0.905409,0.89154,0.00853599,-0.157635
369.053,339,0.926091,0.910374,0.00643735,-0.169771
369.919,338.5,0.945082,0.928159,0.00222014,-0.178036
370.785,338,0.966308,0.950384,-0.00248616,-0.174684
371.651,337.5,0.98756,0.97663,-0.0089369,-0.146252
372.517,337,1.00938,1.0028,-0.0119769,-0.114462
373.383,336.5,1.04387,1.03982,-0.00928636,-0.0913555
374.249,336,1.07089,1.06738,-0.017511,-0.0848855
375.115,335.5,1.09317,1.08974,-0.0285247,-0.0817137
375.981,335,1.11073,1.10691,-0.0422601,-0.0817894
376.847,334.5,1.10558,1.10123,-0.0588354,-0.0783726
377.713,334,1.10136,1.09572,-0.0775323,-0.0799429
378.579,333.5,1.10015,1.09245,-0.0970793,-0.0862706
379.445,333,1.09834,1.08922,-0.114869,-0.0822309
380.311,332.5,1.09842,1.08806,-0.129592,-0.0766302
381.177,332,1.09772,1.08713,-0.13583,-0.0684109
382.043,331.5,1.08455,1.07472,-0.131397,-0.0629241
382.909,331,1.06363,1.05467,-0.122276,-0.063584
383.775,330.5,1.03807,1.02999,-0.109463,-0.0687425
384.641,330,1.00405,0.996811,-0.08881,-0.0812201
385.507,329.5,0.960907,0.953868,-0.0594768,-0.099699
386.373,329,0.922091,0.913342,-0.0182481,-0.125403
387.239,328.5,0.894413,0.88226,0.0184089,-0.145788
388.105,328,0.880011,0.864522,0.0471477,-0.157476
388.971,327.5,0.874694,0.856308,0.0724832,-0.16301
389.837,327,0.876424,0.858767,0.081916,-0.154688
390.703,326.5,0.870683,0.86353,0.030212,-0.107198
391.569,326,0.862358,0.859922,-0.0262852,-0.0592082
392.435,325.5,0.858585,0.855119,-0.0743982,-0.0201361
393.301,325,0.858345,0.85473,-0.078003,-0.0103904
394.167,324.5,0.855903,0.85214,-0.0801529,-0.00204582
395.033,324,0.851447,0.847583,-0.0808836,0.00488508
395.899,323.5,0.842939,0.839386,-0.0713076,-0.0298736
396.765,323,0.835455,0.83031,-0.0628787,-0.0679409
397.631,322.5,0.829725,0.821109,-0.0567954,-0.104875
398.497,322,0.829521,0.814439,-0.0679445,-0.142047
399.363,321.5,0.834893,0.81117,-0.0876342,-0.177115
400.229,321,0.839033,0.805451,-0.0969946,-0.214053
401.095,320.5,0.845109,0.804605,-0.105053,-0.236186
401.962,320,0.853458,0.808246,-0.11835,-0.247231
402.828,319.5,0.862416,0.811658,-0.128968,-0.261418
403.694,319,0.877445,0.819685,-0.134655,-0.282658
404.56,318.5,0.898635,0.832312,-0.143961,-0.306722
405.426,318,0.90335,0.831765,-0.152644,-0.317662
406.292,317.5,0.905503,0.828458,-0.160238,-0.328508
407.158,317,0.91389,0.829434,-0.16304,-0.347349
408.024,316.5,0.924135,0.83075,-0.17398,-0.365529
408.89,316,0.936183,0.832363,-0.188332,-0.38489
409.756,315.5,0.968543,0.860499,-0.164235,-0.413091
410.622,315,1.00478,0.894886,-0.143432,-0.433808
411.488,314.5,1.03349,0.921723,-0.132595,-0.448264
412.354,314,1.10317,0.969235,-0.150308,-0.504961
413.22,313.5,1.16384,1.04181,-0.135012,-0.500924
414.086,313,1.23087,1.11743,-0.119817,-0.502043
414.952,312.5,1.28662,1.18469,-0.115542,-0.488414
415.818,312,1.35008,1.26486,-0.075599,-0.465979
416.684,311.5,1.40382,1.33135,-0.057291,-0.441527
417.55,311,1.44467,1.37565,-0.0458147,-0.438801
418.416,310.5,1.43994,1.35229,0.0181727,-0.49436
419.282,310,1.43936,1.3303,0.0986286,-0.540688
420.148,309.5,1.48805,1.35234,0.191218,-0.59066
421.014,309,1.43402,1.301,0.18592,-0.573789
421.88,308.5,1.37326,1.24911,0.186584,-0.539219
422.746,308,1.36199,1.23803,0.187608,-0.535812
423.612,307.5,1.37314,1.25723,0.169549,-0.525481
424.478,307,1.39746,1.2995,0.135683,-0.49575
425.344,306.5,1.43421,1.35043,0.0877168,-0.474969
426.21,306,1.47348,1.39995,0.0594806,-0.455802
427.076,305.5,1.50151,1.43555,0.0577509,-0.43633
427.942,305,1.52192,1.45724,0.0714905,-0.433097
428.808,304.5,1.51854,1.45348,0.100017,-0.428201
429.674,304,1.51776,1.44955,0.11455,-0.435061
430.54,303.5,1.54009,1.46412,0.111762,-0.464456
431.406,303,1.54895,1.46768,0.117292,-0.48104
432.272,302.5,1.58397,1.49649,0.126463,-0.503485
433.138,302,1.6122,1.51442,0.163479,-0.528201
434.004,301.5,1.61677,1.50273,0.237604,-0.547086
434.87,301,1.63594,1.47689,0.300478,-0.636243
435.737,300.5,1.59693,1.38014,0.352006,-0.722154
436.603,300,1.52409,1.23715,0.371122,-0.809075
437.469,299.5,1.40936,1.0985,0.320837,-0.822586
438.335,299,1.20982,0.91909,0.283556,-0.733844
439.201,298.5,0.995315,0.776451,0.27082,-0.560741
440.067,298,0.916738,0.755213,0.254902,-0.452866
440.933,297.5,0.791999,0.671194,0.319605,-0.273154
441.799,297,1.01465,0.837658,0.342556,-0.458799
442.665,296.5,1.18389,0.88416,0.409778,-0.672256
443.531,296,1.43892,0.899734,0.476563,-1.01678
444.397,295.5,1.73004,1.017,0.439577,-1.32872
445.263,295,1.92017,1.02183,0.445753,-1.5634
446.129,294.5,2.10799,0.96631,0.475384,-1.81214
446.995,294,2.19819,0.92291,0.474845,-1.93773
447.861,293.5,2.20275,0.874553,0.445575,-1.97198
448.727,293,2.02225,0.799767,0.344805,-1.8251
449.593,292.5,1.80018,0.71273,0.199807,-1.64096
450.459,292,1.58056,0.626136,0.0667803,-1.44971
451.325,291.5,1.36566,0.656157,0.085731,-1.19463
452.191,291,1.23562,0.658551,0.0176996,-1.04535
453.057,290.5,1.12544,0.706208,-0.00787353,-0.876252
453.923,290,1.03845,0.762782,-0.0155103,-0.704491
454.789,289.5,0.992903,0.828583,-0.0294838,-0.546293
455.655,289,0.984879,0.893106,-0.0407362,-0.413145
456.521,288.5,1.00559,0.954832,-0.0481864,-0.311747
457.387,288,1.05832,1.03085,-0.0730734,-0.228157
458.253,287.5,1.1122,1.09642,-0.0918489,-0.162521
459.119,287,1.15005,1.14029,-0.0797567,-0.126484
459.985,286.5,1.19623,1.18961,-0.055146,-0.112906
460.851,286,1.24454,1.23859,-0.0201138,-0.119779
461.717,285.5,1.24737,1.2417,0.0120278,-0.118206
462.583,285,1.24966,1.24361,0.0544203,-0.110095
463.449,284.5,1.265,1.25638,0.104397,-0.104046
464.315,284,1.20771,1.20156,0.100776,-0.0682965
465.181,283.5,1.14592,1.14184,0.0875071,-0.0410247
466.047,283,1.08159,1.07931,0.0660746,-0.0235519
466.913,282.5,1.04477,1.04445,0.0247423,-0.00699597
467.779,282,1.0253,1.02509,-0.0117839,0.0168215
468.645,281.5,1.01366,1.01175,-0.0433355,0.0446051
469.512,281,1.01483,1.01104,-0.0521248,0.0704965
470.378,280.5,1.01911,1.01289,-0.0416898,0.104463
471.244,280,1.02525,1.01316,-0.0195994,0.155744
472.11,279.5,1.03379,1.01466,-0.00101134,0.197966
472.976,279,1.03508,1.01035,0.0109209,0.224677
473.842,278.5,1.03085,0.999264,0.022698,0.252203
474.708,278,1.02879,0.989282,0.0266843,0.281091
475.574,277.5,1.03476,0.986062,0.0175801,0.313203
476.44,277,1.03559,0.978986,0.00753772,0.337614
477.306,276.5,1.03091,0.965998,0.000484276,0.36002
478.172,276,1.02216,0.954983,0.00117088,0.364435
479.038,275.5,1.01053,0.940422,-0.00269687,0.369815
