x,v,vx,vy,vz
220.096,425,0.569701,0.569522,-0.000622036,0.0142539
220.962,424.5,0.569867,0.569684,-0.000664534,0.0144352
221.828,424,0.569986,0.569796,-0.000711317,0.0146684
222.694,423.5,0.570056,0.569859,-0.000767678,0.0149553
223.56,423,0.570142,0.569936,-0.000649192,0.0153021
224.426,422.5,0.570231,0.570016,-0.000493458,0.0156471
225.292,422,0.570005,0.569783,-0.000333016,0.0159071
226.158,421.5,0.569492,0.569264,-3.18669e-05,0.0161058
227.024,421,0.568855,0.568623,0.000348635,0.0162671
227.89,420.5,0.568235,0.567997,0.000737097,0.0164196
228.756,420,0.567487,0.567245,0.00125639,0.0165349
229.622,419.5,0.566859,0.56661,0.00193095,0.0166869
230.488,419,0.566476,0.566217,0.00264289,0.016921
231.355,418.5,0.56577,0.5655,0.00347497,0.0171343
232.221,418,0.564522,0.564238,0.00452861,0.017296
233.087,417.5,0.563191,0.562893,0.00559864,0.0174416
233.953,417,0.561681,0.561368,0.00661375,0.0175435
234.819,416.5,0.560442,0.560136,0.0073123,0.0169905
235.685,416,0.559142,0.558844,0.00797077,0.0164166
236.551,415.5,0.55776,0.557469,0.00857291,0.0158264
237.417,415,0.555993,0.55572,0.00864382,0.0151149
238.283,414.5,0.554189,0.553934,0.00868727,0.0144033
239.149,414,0.552364,0.552124,0.00869484,0.0137309
240.015,413.5,0.55077,0.550549,0.00849487,0.0130815
240.881,413,0.54923,0.549027,0.00829552,0.0124323
241.747,412.5,0.547716,0.547529,0.00812655,0.0117862
242.613,412,0.546282,0.546105,0.00825956,0.0112153
243.479,411.5,0.544826,0.544655,0.00851206,0.010668
244.345,411,0.542591,0.542427,0.00872925,0.010072
245.211,410.5,0.540535,0.54037,0.0092439,0.00965878
246.077,410,0.538633,0.538458,0.00996839,0.00939256
246.943,409.5,0.536757,0.536574,0.0106681,0.00913481
247.809,409,0.534974,0.534769,0.0117702,0.00899575
248.675,408.5,0.533114,0.532868,0.0134605,0.00902941
249.541,408,0.531194,0.530903,0.0150941,0.00904216
250.407,407.5,0.529183,0.52884,0.0167784,0.00905605
251.273,407,0.52665,0.526237,0.018739,0.0091411
252.139,406.5,0.524195,0.523704,0.0207466,0.00917934
253.005,406,0.521763,0.521185,0.0227478,0.00920543
253.871,405.5,0.518859,0.518205,0.0242407,0.00951969
254.737,405,0.516049,0.515313,0.0257458,0.00980349
255.603,404.5,0.513331,0.512508,0.0272632,0.0100568
256.469,404,0.509328,0.508473,0.027563,0.0105167
257.335,403.5,0.505247,0.504358,0.0278763,0.0109487
258.201,403,0.501088,0.500153,0.0283934,0.0113969
259.067,402.5,0.496404,0.495529,0.0270236,0.0117282
259.933,402,0.491549,0.490768,0.0250273,0.0118566
260.799,401.5,0.486652,0.485967,0.0229747,0.0117964
261.665,401,0.481871,0.48131,0.0202723,0.0113847
262.531,400.5,0.477111,0.476682,0.0171537,0.0107179
263.397,400,0.471824,0.4715,0.0142224,0.0101387
264.263,399.5,0.4671,0.466862,0.0117016,0.00924616
265.13,399,0.463032,0.462866,0.00953227,0.00795925
265.996,398.5,0.459123,0.459019,0.00740128,0.00643889
266.862,398,0.45529,0.455237,0.00492,0.00486411
267.728,397.5,0.451335,0.451317,0.00119882,0.00384146
268.594,397,0.447647,0.447631,-0.00264895,0.00269714
269.46,396.5,0.444739,0.444693,-0.00631543,0.00123527
270.326,396,0.444785,0.444701,-0.00862527,-0.000589266
271.192,395.5,0.44504,0.444895,-0.0110653,-0.00245181
272.058,395,0.445656,0.445427,-0.0136973,-0.00415559
272.924,394.5,0.446379,0.446135,-0.0143135,-0.00366632
273.79,394,0.447546,0.447261,-0.0156134,-0.00330347
274.656,393.5,0.449173,0.448817,-0.0176358,-0.00309109
275.522,393,0.452072,0.451569,-0.0205625,-0.00567716
276.388,392.5,0.455668,0.454937,-0.0241951,-0.00893328
277.254,392,0.459548,0.45861,-0.0270996,-0.0112657
278.12,391.5,0.464003,0.462645,-0.0335457,-0.0115661
278.986,391,0.469654,0.467812,-0.0402577,-0.0102965
279.852,390.5,0.476646,0.474419,-0.0452963,-0.00814639
280.718,390,0.486929,0.484322,-0.0494218,-0.00943088
281.584,389.5,0.497829,0.494647,-0.0540216,-0.0155065
282.45,389,0.504558,0.500579,-0.0585562,-0.0238755
283.316,388.5,0.512648,0.506792,-0.0706475,-0.0312887
284.182,388,0.575241,0.565447,-0.094912,-0.0465129
285.048,387.5,0.54285,0.529318,-0.107342,-0.0546446
285.914,387,0.560256,0.543053,-0.115801,-0.0746316
286.78,386.5,0.572694,0.550789,-0.126015,-0.0934324
287.646,386,0.591461,0.565575,-0.132065,-0.111847
288.512,385.5,0.616768,0.58832,-0.130881,-0.130969
289.378,385,0.646727,0.625688,-0.10011,-0.129416
290.244,384.5,0.681766,0.664861,-0.0637272,-0.13676
291.11,384,0.716407,0.700041,-0.0295695,-0.149355
291.976,383.5,0.716187,0.705419,-0.0137597,-0.12296
292.842,383,0.715617,0.709425,-0.00211083,-0.0939133
293.708,382.5,0.718236,0.715054,0.00555728,-0.0673028
294.574,382,0.717654,0.715535,0.0103563,-0.0541329
295.44,381.5,0.709885,0.708565,0.0191726,-0.0387887
296.306,381,0.696467,0.694881,0.0324926,-0.0339302
297.172,380.5,0.656578,0.646963,0.0612822,-0.093689
298.038,380,0.609024,0.567733,0.103039,-0.194863
298.905,379.5,0.577865,0.47732,0.14418,-0.292071
299.771,379,0.544754,0.348565,0.196889,-0.369451
300.637,378.5,0.550721,0.227326,0.2708,-0.422236
301.503,378,0.595706,0.197872,0.323408,-0.459477
302.369,377.5,0.589855,0.234065,0.326813,-0.431666
303.235,377,0.524544,0.381313,0.261233,-0.247999
304.101,376.5,0.598515,0.550866,0.231317,-0.0354935
304.967,376,0.795223,0.736448,0.229577,0.193181
305.833,375.5,0.844963,0.796016,0.137601,0.247764
306.699,375,0.939873,0.873352,0.083383,0.33714
307.565,374.5,0.940607,0.876586,0.0214264,0.340411
308.431,374,0.966858,0.919511,-0.0187855,0.298263
309.297,373.5,0.986513,0.950861,-0.0498883,0.258034
310.163,373,0.950037,0.921415,-0.0901348,0.213169
311.029,372.5,0.888661,0.86901,-0.120428,0.14155
311.895,372,0.844009,0.828812,-0.140576,0.0752451
312.761,371.5,0.809366,0.793761,-0.15693,0.0197763
313.627,371,0.791631,0.773138,-0.167121,-0.0317356
314.493,370.5,0.790573,0.76797,-0.166714,-0.0862223
315.359,370,0.84487,0.821261,-0.15722,-0.120902
316.225,369.5,0.875547,0.852188,-0.135188,-0.148601
317.091,369,0.888735,0.865763,-0.104471,-0.171439
317.957,368.5,0.904998,0.879788,-0.0800251,-0.196446
318.823,368,0.91946,0.890742,-0.0648419,-0.218587
319.689,367.5,0.930331,0.89845,-0.0603885,-0.233788
320.555,367,0.951166,0.915872,-0.0572855,-0.250229
321.421,366.5,0.980141,0.94238,-0.0578987,-0.263141
322.287,366,1.00548,0.969025,-0.0638956,-0.260557
323.153,365.5,1.03466,0.998549,-0.0694383,-0.261928
324.019,365,1.0659,1.02935,-0.0736913,-0.266764
324.885,364.5,1.06332,1.02964,-0.0677391,-0.256712
325.751,364,1.06531,1.03351,-0.0592198,-0.251464
326.617,363.5,1.07197,1.04104,-0.0481271,-0.251085
327.483,363,1.0837,1.05104,-0.0397055,-0.261031
328.349,362.5,1.09664,1.06254,-0.034748,-0.269103
329.215,362,1.10389,1.06917,-0.0343463,-0.272556
330.081,361.5,1.1113,1.07913,-0.0310765,-0.263592
330.947,361,1.11911,1.09037,-0.020742,-0.251123
331.813,360.5,1.1263,1.10034,-0.00346592,-0.240402
332.679,360,1.12969,1.10736,0.0195668,-0.22268
333.546,359.5,1.12433,1.10584,0.0422541,-0.198629
334.412,359,1.10275,1.08686,0.0540479,-0.178542
335.278,358.5,1.07342,1.05995,0.0608797,-0.158225
336.144,358,1.02631,1.01568,0.0577528,-0.135486
337.01,357.5,0.980265,0.971985,0.051787,-0.116112
337.876,357,0.932599,0.926413,0.0428202,-0.0983211
338.742,356.5,0.864185,0.860151,0.037623,-0.074437
339.608,356,0.788777,0.785845,0.0381866,-0.0562016
340.474,355.5,0.708667,0.705825,0.0434254,-0.0461985
341.34,355,0.607524,0.59992,0.0666492,-0.0688391
342.206,354.5,0.491703,0.473365,0.100003,-0.0877273
343.072,354,0.379155,0.336696,0.140502,-0.103213
343.938,353.5,0.349782,0.279254,0.15729,-0.140089
344.804,353,0.315598,0.213015,0.173615,-0.155192
345.67,352.5,0.273628,0.1317,0.191414,-0.144526
346.536,352,0.272409,0.0547929,0.234592,-0.127165
347.402,351.5,0.287066,-0.0476654,0.269474,-0.0867102
348.268,351,0.345971,-0.13121,0.316765,-0.0462574
349.134,350.5,0.388994,-0.179391,0.343229,0.0364502
350,350,0.395728,-0.15282,0.335903,0.142885
350.866,349.5,0.419487,-0.106879,0.313198,0.257785
351.732,349,0.410149,-0.0483319,0.230799,0.335587
352.598,348.5,0.357979,0.000144894,0.14009,0.329429
353.464,348,0.344193,0.0710132,0.0641792,0.330616
354.33,347.5,0.434678,0.189617,0.04828,0.388149
355.196,347,0.42854,0.225991,0.0393618,0.361974
356.062,346.5,0.515452,0.292775,0.00214078,0.424228
356.928,346,0.601362,0.355495,-0.0475719,0.482698
357.794,345.5,0.613976,0.39672,-0.056141,0.465219
358.66,345,0.701834,0.460942,-0.0981304,0.520071
359.526,344.5,0.654916,0.467082,-0.0946839,0.449204
360.392,344,0.706041,0.529687,-0.133665,0.44728
361.258,343.5,0.766678,0.594659,-0.177641,0.450133
362.124,343,0.815219,0.650834,-0.204896,0.44611
362.99,342.5,0.817254,0.681582,-0.168267,0.418372
363.856,342,0.818825,0.707309,-0.129793,0.391588
364.722,341.5,0.820981,0.728673,-0.0954171,0.365981
365.588,341,0.821897,0.743074,-0.0594116,0.346161
366.454,340.5,0.819602,0.750398,-0.0273204,0.328487
367.321,340,0.826281,0.761003,-0.0224648,0.321107
368.187,339.5,0.837345,0.771291,-0.0243039,0.325062
369.053,339,0.850596,0.779515,-0.0279108,0.339252
369.919,338.5,0.863829,0.787519,-0.0331542,0.353433
370.785,338,0.876727,0.794032,-0.0406424,0.369474
371.651,337.5,0.890528,0.800705,-0.0423262,0.387455
372.517,337,0.903434,0.8099,-0.0385793,0.398455
373.383,336.5,0.911237,0.817031,-0.0329847,0.402149
374.249,336,0.908359,0.819987,-0.0243412,0.390059
375.115,335.5,0.907338,0.822623,-0.0188301,0.382359
375.981,335,0.907998,0.824936,-0.0164454,0.37904
376.847,334.5,0.899581,0.819599,-0.0181576,0.37037
377.713,334,0.886957,0.810809,-0.0190116,0.359054
378.579,333.5,0.870684,0.798993,-0.0186372,0.345475
379.445,333,0.852133,0.784922,-0.0183258,0.331198
380.311,332.5,0.832139,0.769677,-0.0178112,0.315809
381.177,332,0.814809,0.756573,-0.0152276,0.302125
382.043,331.5,0.810505,0.755192,-0.0174168,0.293769
382.909,331,0.80322,0.749553,-0.0138699,0.288339
383.775,330.5,0.789346,0.73576,0.0003524,0.285874
384.641,330,0.763599,0.710546,0.0168839,0.279145
385.507,329.5,0.725942,0.677463,0.0199438,0.260073
386.373,329,0.662244,0.62292,0.0137258,0.224389
387.239,328.5,0.605695,0.569487,0.019931,0.205313
388.105,328,0.590805,0.545328,0.0557423,0.220364
388.971,327.5,0.554711,0.50198,0.0741425,0.224108
389.837,327,0.521202,0.457555,0.0947305,0.230914
390.703,326.5,0.491501,0.412055,0.117506,0.240783
391.569,326,0.478044,0.377761,0.133756,0.260637
392.435,325.5,0.476778,0.350896,0.144508,0.288629
393.301,325,0.498279,0.352267,0.135968,0.32512
394.167,324.5,0.529731,0.36339,0.123836,0.365004
395.033,324,0.56602,0.376746,0.113508,0.406887
395.899,323.5,0.606746,0.392336,0.104984,0.450767
396.765,323,0.646906,0.410345,0.0953435,0.490932
397.631,322.5,0.674618,0.424557,0.0792091,0.518254
398.497,322,0.696281,0.431312,0.0615339,0.543131
399.363,321.5,0.712094,0.430611,0.0423181,0.565563
400.229,321,0.722356,0.422452,0.0215617,0.585549
401.095,320.5,0.727485,0.406837,-0.000735512,0.60309
401.962,320,0.728089,0.383949,-0.024426,0.618142
402.828,319.5,0.735226,0.400117,-0.0183137,0.616545
403.694,319,0.742442,0.416467,-0.0107234,0.61454
404.56,318.5,0.748834,0.428211,-0.0045845,0.614302
405.426,318,0.759294,0.424477,0.00925659,0.629492
406.292,317.5,0.808148,0.448182,0.00969873,0.672416
407.158,317,0.822864,0.450223,0.0100723,0.688696
408.024,316.5,0.823595,0.430468,0.0105536,0.702065
408.89,316,0.804332,0.394805,0.00990336,0.7007
409.756,315.5,0.729949,0.40221,-0.0012421,0.60914
410.622,315,0.747716,0.442739,-0.0278353,0.601902
411.488,314.5,0.729596,0.425051,-0.0346279,0.591982
412.354,314,0.725889,0.428573,-0.0418134,0.584373
413.22,313.5,0.724779,0.42933,-0.0473221,0.582014
414.086,313,0.718411,0.416011,-0.0501478,0.583554
414.952,312.5,0.704767,0.394105,-0.0535381,0.581817
415.818,312,0.608853,0.324987,-0.0513479,0.512297
416.684,311.5,0.657553,0.324533,-0.0620132,0.568514
417.55,311,0.625579,0.276867,-0.0670978,0.556949
418.416,310.5,0.589297,0.224336,-0.0718612,0.540167
419.282,310,0.546524,0.220964,-0.0630421,0.495872
420.148,309.5,0.506861,0.21756,-0.0520008,0.454831
421.014,309,0.470399,0.214123,-0.0387373,0.417044
421.88,308.5,0.399723,0.23297,-0.00359444,0.324793
422.746,308,0.422666,0.257168,0.00660958,0.335362
423.612,307.5,0.4825,0.31476,0.00521131,0.365657
424.478,307,0.554818,0.391892,0.000619725,0.392738
425.344,306.5,0.623482,0.464705,-0.00159914,0.415664
426.21,306,0.680619,0.52374,-0.000363249,0.434672
427.076,305.5,0.740819,0.580831,-0.00304049,0.459825
427.942,305,0.803814,0.636182,-0.00965569,0.491218
428.808,304.5,0.865544,0.690047,-0.0159519,0.522251
429.674,304,0.913107,0.731794,-0.0210138,0.545711
430.54,303.5,0.95047,0.764584,-0.0261301,0.564023
431.406,303,0.972333,0.782762,-0.028014,0.576133
432.272,302.5,0.997373,0.801658,-0.0285066,0.592693
433.138,302,1.02357,0.819169,-0.027068,0.613127
434.004,301.5,1.0357,0.826541,-0.0246368,0.623623
434.87,301,1.04365,0.831328,-0.0241753,0.630487
435.737,300.5,1.04946,0.833419,-0.0252595,0.637291
436.603,300,1.04651,0.833526,-0.0258128,0.632255
437.469,299.5,1.03729,0.831414,-0.0251229,0.619747
438.335,299,1.03473,0.835627,-0.0168056,0.610005
439.201,298.5,1.03002,0.842349,-0.00553435,0.592748
440.067,298,1.01399,0.844581,0.00177009,0.561115
440.933,297.5,0.994509,0.842237,0.00410271,0.528836
441.799,297,0.971442,0.834823,0.00181656,0.496756
442.665,296.5,0.944523,0.821601,-0.00458029,0.465912
443.531,296,0.915003,0.807405,-0.0160353,0.430199
444.397,295.5,0.885502,0.794305,-0.0299694,0.390249
445.263,295,0.854085,0.776135,-0.0363347,0.354619
446.129,294.5,0.819171,0.753243,-0.046367,0.318615
446.995,294,0.780899,0.72563,-0.0600664,0.282237
447.861,293.5,0.733712,0.687783,-0.0547018,0.24959
448.727,293,0.687409,0.649104,-0.045,0.221741
449.593,292.5,0.642868,0.610518,-0.0330425,0.198635
450.459,292,0.617372,0.589078,-0.0356736,0.181283
451.325,291.5,0.601879,0.576833,-0.0440504,0.166078
452.191,291,0.592024,0.569673,-0.0536241,0.151951
453.057,290.5,0.581468,0.561935,-0.062579,0.135709
453.923,290,0.570515,0.553855,-0.0694059,0.117963
454.789,289.5,0.560059,0.545881,-0.0743513,0.100755
455.655,289,0.552399,0.541394,-0.0699371,0.0845363
456.521,288.5,0.548109,0.541001,-0.0552008,0.0685126
457.387,288,0.546683,0.543253,-0.0313614,0.0524801
458.253,287.5,0.550041,0.548467,-0.00961739,0.0404539
459.119,287,0.557383,0.556141,0.0042635,0.0369524
459.985,286.5,0.568178,0.566664,0.0261539,0.0321576
460.851,286,0.583129,0.579892,0.056053,0.0249494
461.717,285.5,0.580342,0.57528,0.074971,0.0151374
462.583,285,0.555943,0.549531,0.0829961,0.0141237
463.449,284.5,0.533344,0.524326,0.096045,0.0177198
464.315,284,0.500599,0.489716,0.103123,0.0119787
465.181,283.5,0.476587,0.464795,0.105221,0.0054375
466.047,283,0.4612,0.44962,0.102691,-0.00126529
466.913,282.5,0.420982,0.408256,0.100106,0.0230531
467.779,282,0.380393,0.364386,0.0974116,0.0493273
468.645,281.5,0.3413,0.31888,0.0964556,0.0741447
469.512,281,0.307803,0.270752,0.100175,0.106777
470.378,280.5,0.286015,0.220338,0.10461,0.149373
471.244,280,0.291558,0.200748,0.106788,0.18249
472.11,279.5,0.310217,0.210676,0.107326,0.200827
472.976,279,0.326129,0.221076,0.106431,0.214843
473.842,278.5,0.413457,0.286342,0.133744,0.266585
474.708,278,0.423747,0.274488,0.129626,0.29566
475.574,277.5,0.435638,0.260453,0.122717,0.326934
476.44,277,0.449795,0.244236,0.113016,0.360405
477.306,276.5,0.466886,0.225838,0.100524,0.396075
478.172,276,0.485416,0.221065,0.0823258,0.424243
479.038,275.5,0.520409,0.270868,0.0784933,0.437373
