x,v,vx,vy,vz
220.096,425,0.597716,0.597375,-0.00659218,-0.0190801
220.962,424.5,0.598521,0.598157,-0.00678037,-0.0197413
221.828,424,0.59937,0.598982,-0.00697178,-0.0204108
222.694,423.5,0.600261,0.599847,-0.0071711,-0.0210904
223.56,423,0.601194,0.600761,-0.00713747,-0.0216683
224.426,422.5,0.60217,0.601719,-0.00705505,-0.022223
225.292,422,0.603395,0.602925,-0.00688369,-0.0227993
226.158,421.5,0.604617,0.604134,-0.00662898,-0.0232423
227.024,421,0.605832,0.605339,-0.00633422,-0.023602
227.89,420.5,0.607059,0.606557,-0.00603607,-0.0239451
228.756,420,0.608275,0.607768,-0.00572056,-0.0241673
229.622,419.5,0.609475,0.60897,-0.00540423,-0.0242116
230.488,419,0.610688,0.610188,-0.00511242,-0.0241786
231.355,418.5,0.611871,0.611378,-0.00481909,-0.0240969
232.221,418,0.61298,0.612496,-0.00451566,-0.0239384
233.087,417.5,0.614095,0.61362,-0.00421587,-0.0237755
233.953,417,0.615179,0.614713,-0.003913,-0.0236014
234.819,416.5,0.616076,0.615623,-0.00361985,-0.0233497
235.685,416,0.61693,0.616488,-0.00334572,-0.0231063
236.551,415.5,0.617731,0.6173,-0.00308986,-0.0228726
237.417,415,0.618269,0.617847,-0.00284194,-0.0226619
238.283,414.5,0.618767,0.618353,-0.00261045,-0.0224624
239.149,414,0.619222,0.618815,-0.00236655,-0.0223288
240.015,413.5,0.619424,0.619021,-0.00206806,-0.0222447
240.881,413,0.619557,0.619158,-0.00177635,-0.0221814
241.747,412.5,0.619652,0.619255,-0.00149737,-0.022142
242.613,412,0.619469,0.619071,-0.0012054,-0.0221493
243.479,411.5,0.619142,0.618744,-0.000911218,-0.0221874
244.345,411,0.618589,0.618189,-0.00061359,-0.0222288
245.211,410.5,0.617871,0.617467,-0.000382648,-0.0223295
246.077,410,0.617023,0.616614,-0.000194851,-0.0224801
246.943,409.5,0.616165,0.615748,-6.25054e-06,-0.022655
247.809,409,0.61518,0.614755,0.000165152,-0.0228839
248.675,408.5,0.613917,0.613478,0.000289853,-0.0232138
249.541,408,0.61258,0.612126,0.000403198,-0.0235844
250.407,407.5,0.611229,0.610758,0.000547046,-0.0239928
251.273,407,0.609826,0.609333,0.000777147,-0.0244943
252.139,406.5,0.608422,0.607907,0.00102168,-0.025012
253.005,406,0.606985,0.606446,0.00127737,-0.0255502
253.871,405.5,0.605264,0.604697,0.00150378,-0.0261486
254.737,405,0.603613,0.603017,0.00171104,-0.0267549
255.603,404.5,0.602034,0.601408,0.00189916,-0.027369
256.469,404,0.600394,0.599739,0.00208592,-0.0279595
257.335,403.5,0.598782,0.598096,0.00228391,-0.0285569
258.201,403,0.597231,0.596518,0.00247182,-0.0290692
259.067,402.5,0.595636,0.594901,0.0026704,-0.0294517
259.933,402,0.594053,0.593299,0.00287244,-0.0297976
260.799,401.5,0.592517,0.591742,0.00306976,-0.0301264
261.665,401,0.59092,0.59013,0.00309713,-0.0303989
262.531,400.5,0.589312,0.588508,0.00301466,-0.0306306
263.397,400,0.58773,0.586909,0.0029789,-0.0308983
264.263,399.5,0.586113,0.585278,0.00291293,-0.0311413
265.13,399,0.584447,0.583598,0.00281546,-0.0313625
265.996,398.5,0.582803,0.581941,0.00272619,-0.0315718
266.862,398,0.581097,0.580221,0.00268073,-0.0317783
267.728,397.5,0.579181,0.578295,0.0026433,-0.0319188
268.594,397,0.577263,0.576369,0.00256774,-0.0320192
269.46,396.5,0.575272,0.574369,0.00249744,-0.03213
270.326,396,0.572789,0.57187,0.00248731,-0.0323423
271.192,395.5,0.570297,0.569361,0.00246119,-0.0325697
272.058,395,0.567666,0.566707,0.00245954,-0.0328964
272.924,394.5,0.564141,0.563116,0.00255152,-0.0339019
273.79,394,0.560386,0.559286,0.00259377,-0.034997
274.656,393.5,0.556404,0.555221,0.00258644,-0.0361765
275.522,393,0.551784,0.550472,0.00285103,-0.0379259
276.388,392.5,0.546897,0.545435,0.00309721,-0.0398348
277.254,392,0.543008,0.541354,0.00324266,-0.0422263
278.12,391.5,0.539247,0.537316,0.0032541,-0.0454808
278.986,391,0.535415,0.533151,0.00323053,-0.0490833
279.852,390.5,0.531631,0.529001,0.0032223,-0.0527157
280.718,390,0.527851,0.524741,0.0034825,-0.0571013
281.584,389.5,0.524216,0.520499,0.00402065,-0.0621864
282.45,389,0.521222,0.516832,0.00459829,-0.0673496
283.316,388.5,0.518323,0.513097,0.00545382,-0.0732117
284.182,388,0.515423,0.509104,0.00688757,-0.0801692
285.048,387.5,0.512928,0.505398,0.008485,-0.0871544
285.914,387,0.51068,0.501767,0.0102046,-0.0944431
286.78,386.5,0.508225,0.497708,0.0115318,-0.102206
287.646,386,0.506327,0.494134,0.0127495,-0.10971
288.512,385.5,0.50497,0.491003,0.0138727,-0.117122
289.378,385,0.503734,0.487681,0.0139197,-0.125389
290.244,384.5,0.503063,0.484822,0.0138815,-0.13352
291.11,384,0.503027,0.482487,0.0138031,-0.141602
291.976,383.5,0.503536,0.48029,0.0154104,-0.150441
292.842,383,0.504322,0.478345,0.0169158,-0.158874
293.708,382.5,0.505359,0.476702,0.018096,-0.166782
294.574,382,0.505722,0.474131,0.0197942,-0.174819
295.44,381.5,0.506138,0.471467,0.0208375,-0.182922
296.306,381,0.507371,0.469212,0.0222622,-0.191755
297.172,380.5,0.508091,0.466084,0.0236753,-0.200902
298.038,380,0.508078,0.462077,0.0248772,-0.209784
298.905,379.5,0.508033,0.458027,0.0258881,-0.218263
299.771,379,0.509367,0.455063,0.0265579,-0.227304
300.637,378.5,0.515988,0.457474,0.0261403,-0.23723
301.503,378,0.526843,0.465868,0.0231232,-0.244939
302.369,377.5,0.537093,0.474021,0.0189693,-0.25182
303.235,377,0.543949,0.476408,0.0184539,-0.261871
304.101,376.5,0.552843,0.479383,0.0191988,-0.274697
304.967,376,0.563352,0.481933,0.0216783,-0.290923
305.833,375.5,0.581826,0.484163,0.0427097,-0.319817
306.699,375,0.607881,0.492107,0.0637868,-0.351114
307.565,374.5,0.640713,0.505462,0.0842342,-0.384612
308.431,374,0.683651,0.518186,0.106721,-0.432982
309.297,373.5,0.739919,0.543509,0.126149,-0.485967
310.163,373,0.786852,0.566962,0.13891,-0.527631
311.029,372.5,0.814397,0.570647,0.149822,-0.561388
311.895,372,0.849685,0.587398,0.157975,-0.593272
312.761,371.5,0.893201,0.621276,0.163093,-0.620665
313.627,371,0.9354,0.662171,0.167025,-0.639223
314.493,370.5,0.949923,0.689338,0.168557,-0.631471
315.359,370,0.952438,0.691249,0.16971,-0.632859
316.225,369.5,0.956041,0.701794,0.179722,-0.623858
317.091,369,0.961913,0.7063,0.199348,-0.621834
317.957,368.5,0.96721,0.694108,0.214735,-0.638434
318.823,368,0.959416,0.644767,0.21919,-0.675804
319.689,367.5,0.971109,0.586313,0.20692,-0.745972
320.555,367,1.14096,0.667844,0.200045,-0.903197
321.421,366.5,1.14318,0.618959,0.126977,-0.952691
322.287,366,0.863588,0.449146,0.0985061,-0.730992
323.153,365.5,1.41771,0.783536,0.173069,-1.16876
324.019,365,1.4466,0.825473,0.19377,-1.17205
324.885,364.5,1.56161,0.955549,0.21694,-1.21593
325.751,364,1.49079,0.964746,0.190121,-1.12053
326.617,363.5,1.26962,0.875247,0.111676,-0.912907
327.483,363,1.46429,1.04357,0.175192,-1.01213
328.349,362.5,1.14224,0.873567,-0.0415103,-0.734765
329.215,362,1.11143,0.905789,-0.176752,-0.619336
330.081,361.5,1.29564,1.06832,-0.280229,-0.677386
330.947,361,1.17975,1.03001,-0.45535,-0.351509
331.813,360.5,1.36439,1.23809,-0.462394,-0.338927
332.679,360,1.47302,1.3875,-0.447628,-0.210445
333.546,359.5,1.57177,1.52551,-0.367686,-0.089943
334.412,359,1.74659,1.72393,-0.269937,-0.0759841
335.278,358.5,1.82587,1.8213,-0.128155,0.0153549
336.144,358,1.89437,1.8937,0.00440952,0.0500447
337.01,357.5,1.97254,1.96768,0.110258,0.0837069
337.876,357,1.93109,1.91539,0.212669,0.12327
338.742,356.5,1.8762,1.85277,0.253741,0.151588
339.608,356,1.80658,1.77597,0.27372,0.186352
340.474,355.5,1.72926,1.69404,0.287573,0.194592
341.34,355,1.65717,1.61917,0.279012,0.215964
342.206,354.5,1.56447,1.52557,0.261082,0.228078
343.072,354,1.5071,1.46518,0.253334,0.245838
343.938,353.5,1.46299,1.42062,0.254874,0.239209
344.804,353,1.33803,1.30284,0.235214,0.19395
345.67,352.5,1.27891,1.24928,0.214295,0.170223
346.536,352,1.27023,1.24467,0.200597,0.155009
347.402,351.5,1.27264,1.24363,0.219621,0.15739
348.268,351,1.28694,1.2549,0.222978,0.178155
349.134,350.5,1.33387,1.29058,0.260438,0.213981
350,350,1.31508,1.26218,0.24282,0.278142
350.866,349.5,1.14426,1.07437,0.181872,0.349275
351.732,349,1.09825,1.00208,0.166465,0.417472
352.598,348.5,1.06862,0.954732,0.130342,0.461996
353.464,348,1.04076,0.923682,0.0743996,0.473759
354.33,347.5,1.01366,0.89928,0.0179905,0.467419
355.196,347,0.99085,0.886311,-0.0447409,0.440719
356.062,346.5,0.973223,0.872663,-0.0981868,0.4195
356.928,346,0.959595,0.85989,-0.139183,0.40254
357.794,345.5,0.950864,0.864059,-0.131721,0.374424
358.66,345,0.941007,0.866565,-0.121176,0.34623
359.526,344.5,0.929674,0.866158,-0.111791,0.318697
360.392,344,0.926467,0.871954,-0.0995029,0.296879
361.258,343.5,0.926755,0.879804,-0.0866584,0.278047
362.124,343,0.930137,0.889454,-0.0727988,0.262158
362.99,342.5,0.932595,0.896751,-0.0565712,0.249743
363.856,342,0.934058,0.902283,-0.0413607,0.23799
364.722,341.5,0.934762,0.906513,-0.0276838,0.22638
365.588,341,0.939664,0.913495,-0.020689,0.219244
366.454,340.5,0.948839,0.923737,-0.0170165,0.216138
367.321,340,0.970975,0.945819,-0.0214616,0.218538
368.187,339.5,0.999824,0.973594,-0.0292971,0.225621
369.053,339,1.031,1.00296,-0.0362066,0.23607
369.919,338.5,1.05984,1.03053,-0.0372241,0.244695
370.785,338,1.08264,1.05358,-0.0293364,0.24743
371.651,337.5,1.10176,1.07434,-0.0189672,0.243539
372.517,337,1.12309,1.09592,-0.0132066,0.245155
373.383,336.5,1.14541,1.11818,-0.00986165,0.248067
374.249,336,1.16904,1.14173,-0.0103805,0.251029
375.115,335.5,1.19202,1.16462,-0.0114709,0.253847
375.981,335,1.2143,1.18682,-0.0131195,0.256521
376.847,334.5,1.20043,1.1735,-0.0105392,0.252609
377.713,334,1.18219,1.15605,-0.00855284,0.247086
378.579,333.5,1.16202,1.13685,-0.00733059,0.240413
379.445,333,1.13929,1.11484,-0.00706122,0.234684
380.311,332.5,1.11808,1.09443,-0.00806806,0.228616
381.177,332,1.10076,1.07788,-0.00796311,0.223121
382.043,331.5,1.08608,1.06423,-0.00565692,0.216674
382.909,331,1.0728,1.05212,-0.00250863,0.209646
383.775,330.5,1.06153,1.0419,0.00186666,0.203193
384.641,330,1.05223,1.03352,0.00760864,0.197392
385.507,329.5,1.04527,1.02735,0.0146614,0.192125
386.373,329,1.04135,1.0239,0.0201293,0.188767
387.239,328.5,1.03633,1.01938,0.0251684,0.184949
388.105,328,1.02853,1.01189,0.0295128,0.181886
388.971,327.5,1.01936,1.00302,0.0339593,0.178616
389.837,327,1.00854,0.992562,0.0379342,0.174758
390.703,326.5,0.998966,0.983926,0.035975,0.168905
391.569,326,0.992794,0.979014,0.0310102,0.161895
392.435,325.5,0.987367,0.974861,0.0268422,0.154337
393.301,325,0.980208,0.968601,0.0254682,0.148223
394.167,324.5,0.97156,0.960876,0.0224647,0.141921
395.033,324,0.961143,0.951408,0.0178273,0.135285
395.899,323.5,0.944768,0.936821,0.0183007,0.120905
396.765,323,0.929685,0.923332,0.0184531,0.106922
397.631,322.5,0.91587,0.910877,0.0175984,0.0938663
398.497,322,0.903189,0.899216,0.0152592,0.0832377
399.363,321.5,0.890606,0.887446,0.0131159,0.0737993
400.229,321,0.880031,0.877534,0.0129577,0.0649692
401.095,320.5,0.871054,0.869453,0.0126186,0.0512629
401.962,320,0.863577,0.862792,0.0129341,0.0344776
402.828,319.5,0.859074,0.858761,0.0150892,0.017617
403.694,319,0.857466,0.857286,0.0175983,0.000431832
404.56,318.5,0.855935,0.855534,0.0198065,-0.017116
405.426,318,0.84707,0.846243,0.0197051,-0.0318039
406.292,317.5,0.838443,0.836883,0.017845,-0.0479034
407.158,317,0.831157,0.828488,0.0130555,-0.0652608
408.024,316.5,0.826506,0.822383,0.00709511,-0.0821496
408.89,316,0.825131,0.819156,0.00050792,-0.0991165
409.756,315.5,0.830634,0.82196,0.00196869,-0.119709
410.622,315,0.836611,0.824849,0.00564182,-0.139679
411.488,314.5,0.843223,0.828029,0.00919699,-0.159085
412.354,314,0.85073,0.833096,0.0181309,-0.17136
413.22,313.5,0.859947,0.839708,0.0273018,-0.18345
414.086,313,0.869752,0.846833,0.0349709,-0.19524
414.952,312.5,0.868477,0.842924,0.0341123,-0.20632
415.818,312,0.866357,0.83785,0.0342375,-0.217737
416.684,311.5,0.865076,0.833408,0.0356905,-0.229159
417.55,311,0.859625,0.822032,0.0361923,-0.248815
418.416,310.5,0.849934,0.803962,0.0348865,-0.273524
419.282,310,0.849389,0.79272,0.0352324,-0.303008
420.148,309.5,0.86028,0.793696,0.0247277,-0.330933
421.014,309,0.877302,0.802548,0.00177729,-0.354363
421.88,308.5,0.896313,0.813055,-0.0231453,-0.37654
422.746,308,0.918495,0.829491,-0.0517445,-0.391026
423.612,307.5,0.93744,0.849407,-0.0780438,-0.388857
424.478,307,0.95447,0.868078,-0.0835914,-0.3879
425.344,306.5,0.972592,0.886066,-0.0817029,-0.392616
426.21,306,0.987258,0.900207,-0.0747149,-0.398402
427.076,305.5,0.993222,0.908414,-0.0779558,-0.393949
427.942,305,0.99096,0.910827,-0.0911416,-0.379593
428.808,304.5,1.00542,0.922389,-0.0815979,-0.391683
429.674,304,1.01968,0.934248,-0.0652893,-0.403316
430.54,303.5,1.03229,0.94571,-0.0447321,-0.411415
431.406,303,1.04479,0.957383,-0.0222194,-0.417732
432.272,302.5,1.06041,0.969963,-0.000757174,-0.42853
433.138,302,1.07707,0.983174,0.0117002,-0.439663
434.004,301.5,1.08468,0.997705,-6.3062e-05,-0.42557
434.87,301,1.09013,1.01014,-0.0054036,-0.409853
435.737,300.5,1.0958,1.01997,0.000219925,-0.400571
436.603,300,1.09115,1.01914,0.0146503,-0.389538
437.469,299.5,1.07854,1.01236,0.0257597,-0.371112
438.335,299,1.06904,1.00921,0.0339016,-0.350984
439.201,298.5,1.07112,1.01533,0.0343344,-0.33946
440.067,298,1.08647,1.03158,0.0231676,-0.340194
440.933,297.5,1.09615,1.04261,0.0129742,-0.338139
441.799,297,1.10218,1.05017,0.0066083,-0.334533
442.665,296.5,1.11223,1.0604,0.00600221,-0.335507
443.531,296,1.11431,1.06245,0.00210378,-0.335991
444.397,295.5,1.10729,1.05641,0.00256919,-0.331794
445.263,295,1.09479,1.04737,0.0191069,-0.318169
446.129,294.5,1.08354,1.03794,0.0373315,-0.308777
446.995,294,1.07356,1.02814,0.0572429,-0.303619
447.861,293.5,1.05472,1.01234,0.0797473,-0.285018
448.727,293,1.02644,0.986387,0.102999,-0.264579
449.593,292.5,0.989066,0.950109,0.126811,-0.243849
450.459,292,0.956652,0.918257,0.13949,-0.229193
451.325,291.5,0.940955,0.904057,0.143139,-0.218148
452.191,291,0.907861,0.872842,0.1399,-0.206849
453.057,290.5,0.805118,0.770364,0.127733,-0.196056
453.923,290,0.695155,0.658258,0.115365,-0.191383
454.789,289.5,0.637026,0.568413,0.130124,-0.256469
455.655,289,0.591233,0.505782,0.131517,-0.276487
456.521,288.5,0.550426,0.441903,0.133785,-0.299653
457.387,288,0.504872,0.393242,0.133941,-0.286908
458.253,287.5,0.453007,0.347064,0.131188,-0.259907
459.119,287,0.399646,0.310726,0.123625,-0.218822
459.985,286.5,0.325751,0.29118,0.0907246,-0.114441
460.851,286,0.287608,0.261239,0.0815309,-0.0884599
461.717,285.5,0.286196,0.268027,0.0725558,-0.0693211
462.583,285,0.305595,0.2954,0.0641757,-0.044816
463.449,284.5,0.328746,0.322795,0.0592891,-0.0190195
464.315,284,0.339296,0.335077,0.053344,-0.000314953
465.181,283.5,0.344197,0.340218,0.0509251,0.0114011
466.047,283,0.342869,0.338521,0.0519923,0.0161142
466.913,282.5,0.33269,0.331095,0.0318697,0.00655844
467.779,282,0.320224,0.319975,0.0125735,-0.00103112
468.645,281.5,0.30417,0.304091,-0.00304786,-0.0062106
469.512,281,0.28622,0.285861,-0.0140668,0.00276206
470.378,280.5,0.267593,0.266017,-0.0212703,0.0197113
471.244,280,0.275603,0.272208,-0.0261615,0.0342843
472.11,279.5,0.320337,0.31517,-0.0336531,0.046375
472.976,279,0.370895,0.363695,-0.0422333,0.0592097
473.842,278.5,0.417174,0.407464,-0.0491243,0.0747968
474.708,278,0.460514,0.448606,-0.058772,0.085858
475.574,277.5,0.501824,0.488134,-0.0819332,0.0827023
476.44,277,0.557598,0.543027,-0.0947698,0.0839988
477.306,276.5,0.622793,0.608358,-0.0949982,0.093527
478.172,276,0.691883,0.678992,-0.08818,0.0994774
479.038,275.5,0.758781,0.746861,-0.0854509,0.103177
