x,v,vx,vy,vz
220.096,425,0.617851,0.617804,-0.00596377,-0.00481646
220.962,424.5,0.618345,0.618294,-0.00604431,-0.00518265
221.828,424,0.618849,0.618794,-0.00612469,-0.0055353
222.694,423.5,0.619364,0.619305,-0.0062045,-0.00587428
223.56,423,0.61983,0.619768,-0.00619125,-0.00618687
224.426,422.5,0.620293,0.620229,-0.00615593,-0.00647852
225.292,422,0.620744,0.620677,-0.00608959,-0.0067556
226.158,421.5,0.621091,0.621023,-0.00592103,-0.00701538
227.024,421,0.621388,0.621319,-0.00570201,-0.00726529
227.89,420.5,0.621688,0.621618,-0.00548152,-0.00751215
228.756,420,0.621907,0.621836,-0.0052273,-0.0077427
229.622,419.5,0.622058,0.621987,-0.00493826,-0.00794345
230.488,419,0.622221,0.622151,-0.00464832,-0.0081235
231.355,418.5,0.622313,0.622243,-0.00438233,-0.0082972
232.221,418,0.622277,0.622206,-0.00415444,-0.00846688
233.087,417.5,0.622231,0.622158,-0.00392872,-0.00863955
233.953,417,0.622157,0.622083,-0.00369498,-0.00881296
234.819,416.5,0.622101,0.622026,-0.00341604,-0.00905549
235.685,416,0.622025,0.621948,-0.00314797,-0.00930747
236.551,415.5,0.621921,0.621841,-0.00288959,-0.00956829
237.417,415,0.62157,0.621486,-0.00259526,-0.00985391
238.283,414.5,0.621195,0.621108,-0.0022993,-0.0101483
239.149,414,0.620782,0.620691,-0.00199456,-0.0104567
240.015,413.5,0.620221,0.620125,-0.00181386,-0.0107632
240.881,413,0.619629,0.619528,-0.00164549,-0.0110747
241.747,412.5,0.619026,0.61892,-0.00147011,-0.0113934
242.613,412,0.618283,0.61817,-0.0012008,-0.0117165
243.479,411.5,0.617467,0.617349,-0.000892187,-0.0120477
244.345,411,0.61665,0.616525,-0.000598458,-0.0124161
245.211,410.5,0.615739,0.615606,-0.000288596,-0.0127723
246.077,410,0.614745,0.614605,4.04543e-05,-0.0131255
246.943,409.5,0.613734,0.613586,0.000376525,-0.0134919
247.809,409,0.612627,0.61247,0.000716157,-0.0138559
248.675,408.5,0.611412,0.611245,0.00106213,-0.0142144
249.541,408,0.610203,0.610027,0.00142016,-0.0145871
250.407,407.5,0.608961,0.608775,0.00180875,-0.014964
251.273,407,0.607648,0.607451,0.00227243,-0.0153278
252.139,406.5,0.606329,0.60612,0.00273347,-0.0156991
253.005,406,0.604986,0.604764,0.00319983,-0.0160831
253.871,405.5,0.603442,0.603204,0.00374554,-0.0165255
254.737,405,0.601901,0.601646,0.00429661,-0.0169854
255.603,404.5,0.600363,0.600089,0.00485305,-0.0174628
256.469,404,0.598534,0.598239,0.00538738,-0.0179887
257.335,403.5,0.596688,0.596371,0.00592807,-0.0185434
258.201,403,0.594902,0.59456,0.0064431,-0.0191071
259.067,402.5,0.592675,0.592301,0.00723218,-0.0197489
259.933,402,0.590321,0.589911,0.00811001,-0.0204476
260.799,401.5,0.587983,0.587533,0.00899131,-0.0211864
261.665,401,0.585023,0.584525,0.00982646,-0.0220305
262.531,400.5,0.581678,0.581127,0.0106397,-0.0229763
263.397,400,0.578378,0.577766,0.0114586,-0.0240116
264.263,399.5,0.574588,0.573905,0.0122959,-0.0251519
265.13,399,0.570201,0.569437,0.0131456,-0.0264165
265.996,398.5,0.565816,0.564961,0.0140178,-0.0277511
266.862,398,0.561172,0.560218,0.0147679,-0.0292008
267.728,397.5,0.556034,0.554967,0.0151627,-0.0309051
268.594,397,0.550966,0.54977,0.0155554,-0.0327689
269.46,396.5,0.545823,0.544479,0.0159318,-0.0348142
270.326,396,0.540101,0.538572,0.01617,-0.0372552
271.192,395.5,0.534441,0.5327,0.0163689,-0.0398822
272.058,395,0.52886,0.526878,0.016565,-0.0426305
272.924,394.5,0.523017,0.52074,0.0176378,-0.0454454
273.79,394,0.517323,0.51472,0.0185981,-0.0483773
274.656,393.5,0.511787,0.508826,0.0194338,-0.0514241
275.522,393,0.505617,0.502248,0.0196819,-0.0548437
276.388,392.5,0.499522,0.495696,0.0197958,-0.0584424
277.254,392,0.493697,0.489407,0.0198314,-0.061837
278.12,391.5,0.488004,0.483212,0.0194313,-0.0653943
278.986,391,0.482548,0.477205,0.0188482,-0.0690827
279.852,390.5,0.477387,0.471451,0.018277,-0.0727844
280.718,390,0.472299,0.465615,0.0192179,-0.0768076
281.584,389.5,0.467375,0.459798,0.0214194,-0.0810315
282.45,389,0.462793,0.454313,0.0232137,-0.0850786
283.316,388.5,0.457379,0.447789,0.0263265,-0.0893733
284.182,388,0.450348,0.439226,0.0322812,-0.0940862
285.048,387.5,0.443938,0.431113,0.0384559,-0.09871
285.914,387,0.437403,0.422632,0.0446318,-0.103496
286.78,386.5,0.428156,0.411069,0.0498095,-0.108895
287.646,386,0.419471,0.399935,0.0548721,-0.114003
288.512,385.5,0.411307,0.389215,0.0595845,-0.118892
289.378,385,0.401906,0.377846,0.0576037,-0.124269
290.244,384.5,0.393602,0.367519,0.0552323,-0.12962
291.11,384,0.386109,0.357968,0.0528805,-0.134694
291.976,383.5,0.384018,0.352682,0.0569169,-0.140876
292.842,383,0.382252,0.347857,0.0614046,-0.146087
293.708,382.5,0.380025,0.342934,0.0655954,-0.150042
294.574,382,0.377113,0.336919,0.073845,-0.152469
295.44,381.5,0.377265,0.334149,0.0826802,-0.154394
296.306,381,0.372317,0.327652,0.0911241,-0.151529
297.172,380.5,0.359908,0.315615,0.0947086,-0.144745
298.038,380,0.345367,0.305409,0.0958945,-0.129645
298.905,379.5,0.33357,0.300935,0.0978253,-0.105532
299.771,379,0.336129,0.309709,0.10349,-0.0797054
300.637,378.5,0.334882,0.309912,0.113659,-0.0564089
301.503,378,0.30639,0.277183,0.128185,-0.0247619
302.369,377.5,0.282903,0.241372,0.142193,0.0394355
303.235,377,0.316177,0.226398,0.150317,0.161606
304.101,376.5,0.385513,0.186122,0.16463,0.294747
304.967,376,0.50233,0.114711,0.18722,0.451802
305.833,375.5,0.708884,-0.0804649,0.242867,0.661103
306.699,375,1.12234,-0.457268,0.42521,0.932609
307.565,374.5,1.63071,-0.859939,0.561267,1.26677
308.431,374,2.28602,-1.40626,0.714497,1.65463
309.297,373.5,3.04594,-2.30106,0.642671,1.8894
310.163,373,3.60564,-3.05534,0.303642,1.89033
311.029,372.5,3.89026,-3.50616,-0.180472,1.67584
311.895,372,4.27616,-3.95818,-0.374915,1.57411
312.761,371.5,4.64314,-4.36463,-0.663524,1.43822
313.627,371,5.02966,-4.66971,-0.938028,1.61598
314.493,370.5,5.37993,-4.73363,-1.02101,2.34391
315.359,370,5.80697,-4.69599,-1.18353,3.20435
316.225,369.5,5.8887,-4.3779,-1.44761,3.66268
317.091,369,5.71863,-4.08348,-1.64458,3.6501
317.957,368.5,5.45115,-3.91062,-1.68362,3.40404
318.823,368,4.56061,-3.50697,-1.45126,2.52867
319.689,367.5,3.73873,-3.14562,-1.08473,1.70484
320.555,367,2.81361,-2.6282,-0.608603,0.799102
321.421,366.5,2.60247,-2.48837,-0.407931,0.643808
322.287,366,2.42278,-2.32681,-0.293643,0.607952
323.153,365.5,2.63754,-2.42082,-0.394641,0.969793
324.019,365,3.02001,-2.62403,-0.492597,1.41148
324.885,364.5,3.23904,-2.70063,-0.465771,1.72658
325.751,364,3.24569,-2.64056,-0.250117,1.87066
326.617,363.5,3.05684,-2.43097,0.0481234,1.85266
327.483,363,2.75437,-2.0953,0.468356,1.72538
328.349,362.5,2.36074,-1.75991,0.643398,1.43593
329.215,362,2.02482,-1.43214,0.811861,1.17888
330.081,361.5,1.67424,-1.07845,0.966849,0.839782
330.947,361,1.34758,-0.877905,0.844379,0.576449
331.813,360.5,1.09236,-0.571266,0.889239,0.275968
332.679,360,0.837841,-0.355704,0.757996,-0.0298893
333.546,359.5,0.684758,-0.118777,0.648227,-0.185976
334.412,359,0.809741,0.288059,0.658589,-0.372778
335.278,358.5,0.909995,0.599215,0.578281,-0.366911
336.144,358,1.2383,1.01781,0.661022,-0.245977
337.01,357.5,1.70859,1.50315,0.805075,-0.108045
337.876,357,1.77526,1.55465,0.851585,0.0971656
338.742,356.5,1.76529,1.51592,0.877187,0.22085
339.608,356,1.60422,1.34914,0.822957,0.275833
340.474,355.5,1.34729,1.12128,0.681393,0.305963
341.34,355,1.16051,0.945848,0.580512,0.339344
342.206,354.5,1.02927,0.810282,0.522498,0.36033
343.072,354,0.923182,0.705414,0.4806,0.35168
343.938,353.5,0.831568,0.618006,0.446208,0.332374
344.804,353,0.760212,0.585653,0.369583,0.313593
345.67,352.5,0.729163,0.577872,0.320766,0.307981
346.536,352,0.734089,0.586845,0.308391,0.31527
347.402,351.5,0.735414,0.598395,0.289967,0.314126
348.268,351,0.739308,0.598094,0.314044,0.300395
349.134,350.5,0.754186,0.566361,0.414475,0.27612
350,350,0.684449,0.489766,0.414772,0.237834
350.866,349.5,0.576142,0.407842,0.344097,0.21726
351.732,349,0.468381,0.34072,0.20838,0.244681
352.598,348.5,0.458602,0.335544,0.122789,0.287487
353.464,348,0.509338,0.370277,0.0629308,0.344035
354.33,347.5,0.574239,0.414357,0.0155709,0.39726
355.196,347,0.608993,0.451281,-0.00183058,0.408918
356.062,346.5,0.656485,0.494674,-0.0260785,0.430802
356.928,346,0.681806,0.523934,-0.0315415,0.435153
357.794,345.5,0.67892,0.539234,-0.030685,0.411361
358.66,345,0.674951,0.549806,-0.0291709,0.390412
359.526,344.5,0.671981,0.558953,-0.0256615,0.372117
360.392,344,0.674398,0.572993,-0.022974,0.354913
361.258,343.5,0.675186,0.584894,-0.0221832,0.336575
362.124,343,0.675539,0.595689,-0.0241114,0.31769
362.99,342.5,0.679877,0.610885,-0.02967,0.296938
363.856,342,0.686543,0.627151,-0.033368,0.277326
364.722,341.5,0.695136,0.643788,-0.0345809,0.259912
365.588,341,0.710913,0.664821,-0.0315345,0.249833
366.454,340.5,0.729388,0.687751,-0.0282229,0.241265
367.321,340,0.741834,0.702989,-0.0247001,0.235615
368.187,339.5,0.752121,0.714012,-0.0194765,0.235569
369.053,339,0.761376,0.722593,-0.0138744,0.239498
369.919,338.5,0.77,0.730325,-0.00842045,0.243835
370.785,338,0.777685,0.736746,-0.00254511,0.248982
371.651,337.5,0.781084,0.739134,0.00245297,0.252521
372.517,337,0.777085,0.735186,0.00276497,0.251704
373.383,336.5,0.770617,0.728957,0.00245651,0.249933
374.249,336,0.760544,0.719099,0.00203334,0.24763
375.115,335.5,0.750423,0.70882,0.0019618,0.246387
375.981,335,0.740261,0.698117,0.00223143,0.246199
376.847,334.5,0.732009,0.690014,0.000420961,0.244372
377.713,334,0.724794,0.683056,-0.00124951,0.242403
378.579,333.5,0.718413,0.676992,-0.0027653,0.2404
379.445,333,0.712205,0.671296,-0.0037885,0.237872
380.311,332.5,0.706843,0.666621,-0.00439404,0.234997
381.177,332,0.705382,0.665853,-0.00328412,0.232793
382.043,331.5,0.707597,0.668668,-0.000910615,0.231466
382.909,331,0.709998,0.671715,0.00130962,0.22999
383.775,330.5,0.712779,0.675167,0.00361074,0.228453
384.641,330,0.715563,0.678817,0.00573872,0.226283
385.507,329.5,0.71828,0.682563,0.00770175,0.223549
386.373,329,0.716554,0.681423,0.00853363,0.221447
387.239,328.5,0.714485,0.680023,0.00926968,0.219024
388.105,328,0.712259,0.678559,0.00983021,0.216271
388.971,327.5,0.710082,0.677095,0.0105871,0.213652
389.837,327,0.708102,0.675801,0.011411,0.211121
390.703,326.5,0.704218,0.672461,0.0105922,0.208823
391.569,326,0.698229,0.666813,0.00875251,0.206899
392.435,325.5,0.692629,0.661501,0.00709335,0.205183
393.301,325,0.688368,0.657535,0.00524421,0.203646
394.167,324.5,0.684119,0.653567,0.00362687,0.202131
395.033,324,0.679889,0.649613,0.00221534,0.200618
395.899,323.5,0.676239,0.646329,0.00055327,0.19889
396.765,323,0.67277,0.64322,-0.000905485,0.197197
397.631,322.5,0.669448,0.640254,-0.00216795,0.195527
398.497,322,0.666086,0.637286,-0.00298798,0.19372
399.363,321.5,0.662639,0.634274,-0.00358316,0.191765
400.229,321,0.66027,0.632403,-0.00367675,0.189761
401.095,320.5,0.658215,0.630944,-0.00341904,0.187468
401.962,320,0.655826,0.629194,-0.00320575,0.184967
402.828,319.5,0.653357,0.627366,-0.00311372,0.18242
403.694,319,0.650766,0.625432,-0.003167,0.179783
404.56,318.5,0.648233,0.623558,-0.00339891,0.177115
405.426,318,0.646449,0.62235,-0.00379084,0.174821
406.292,317.5,0.644846,0.6213,-0.00427355,0.172608
407.158,317,0.64349,0.620492,-0.00475398,0.170429
408.024,316.5,0.642341,0.619861,-0.00535963,0.168362
408.89,316,0.641411,0.619425,-0.00605531,0.166386
409.756,315.5,0.640151,0.618586,-0.00600062,0.164648
410.622,315,0.638584,0.617381,-0.00566096,0.163089
411.488,314.5,0.637004,0.61616,-0.00535461,0.161529
412.354,314,0.635179,0.614764,-0.00480873,0.159667
413.22,313.5,0.633217,0.613255,-0.0043016,0.157679
414.086,313,0.630929,0.611439,-0.0037633,0.155564
414.952,312.5,0.627166,0.608193,-0.00269814,0.153071
415.818,312,0.623167,0.60473,-0.00164763,0.150455
416.684,311.5,0.619026,0.601129,-0.000655902,0.147776
417.55,311,0.614614,0.59729,0.000360754,0.144896
418.416,310.5,0.610072,0.593336,0.00137111,0.141909
419.282,310,0.605349,0.589258,0.0025525,0.138623
420.148,309.5,0.600272,0.584881,0.00382637,0.135003
421.014,309,0.594907,0.580238,0.00509077,0.131194
421.88,308.5,0.589368,0.57539,0.00633913,0.127438
422.746,308,0.583682,0.570393,0.00746009,0.123613
423.612,307.5,0.57835,0.565786,0.00824944,0.119609
424.478,307,0.574301,0.562472,0.00879392,0.115627
425.344,306.5,0.570188,0.55906,0.00928581,0.111712
426.21,306,0.566223,0.555788,0.00945969,0.10779
427.076,305.5,0.562113,0.552323,0.00967934,0.104003
427.942,305,0.557864,0.548674,0.0099391,0.100351
428.808,304.5,0.555596,0.547022,0.00926787,0.0967901
429.674,304,0.553904,0.545906,0.00842941,0.0934093
430.54,303.5,0.552344,0.544869,0.00760046,0.0902446
431.406,303,0.551642,0.544598,0.00671157,0.0876124
432.272,302.5,0.551208,0.544538,0.00584018,0.0852906
433.138,302,0.55114,0.544787,0.00493846,0.0832922
434.004,301.5,0.552189,0.546066,0.00400271,0.0819086
434.87,301,0.553493,0.547558,0.00314998,0.0807719
435.737,300.5,0.55484,0.549071,0.00234708,0.0797647
436.603,300,0.556372,0.550742,0.00167192,0.0789352
437.469,299.5,0.557994,0.552485,0.00111957,0.0782025
438.335,299,0.55951,0.554125,0.000638493,0.0774392
439.201,298.5,0.560999,0.555741,0.000282373,0.0766244
440.067,298,0.562444,0.557323,8.68269e-05,0.0757192
440.933,297.5,0.563842,0.558857,-0.000109009,0.0748136
441.799,297,0.565165,0.560319,-0.000284389,0.0738571
442.665,296.5,0.566349,0.561668,-0.000419915,0.072665
443.531,296,0.567497,0.562994,-0.000594096,0.0713492
444.397,295.5,0.568611,0.564286,-0.000778451,0.0699901
445.263,295,0.569696,0.565555,-0.00109195,0.0685566
446.129,294.5,0.570776,0.566815,-0.00140377,0.0671102
446.995,294,0.57185,0.568067,-0.00171393,0.0656509
447.861,293.5,0.572358,0.568753,-0.00195965,0.0641071
448.727,293,0.572805,0.56938,-0.00216821,0.0625084
449.593,292.5,0.573262,0.570017,-0.00234912,0.0608624
450.459,292,0.573807,0.570739,-0.00255342,0.0592041
451.325,291.5,0.574377,0.571483,-0.00274461,0.0575183
452.191,291,0.574866,0.572139,-0.00286394,0.0558585
453.057,290.5,0.575335,0.572761,-0.00291933,0.0542832
453.923,290,0.575883,0.573459,-0.00296843,0.0526952
454.789,289.5,0.576464,0.57419,-0.00300199,0.0510742
455.655,289,0.577152,0.575021,-0.00299017,0.0494632
456.521,288.5,0.577954,0.575959,-0.00292772,0.0478938
457.387,288,0.577488,0.575613,-0.00277083,0.0464089
458.253,287.5,0.577055,0.575295,-0.00259659,0.0449482
459.119,287,0.576765,0.575112,-0.00242278,0.0435597
459.985,286.5,0.576515,0.574966,-0.00222158,0.0421742
460.851,286,0.576331,0.574881,-0.00200455,0.040804
461.717,285.5,0.576032,0.574665,-0.00180187,0.0396286
462.583,285,0.575392,0.574095,-0.00153216,0.0385756
463.449,284.5,0.57474,0.573512,-0.00124105,0.0375377
464.315,284,0.574267,0.573099,-0.0010283,0.0365848
465.181,283.5,0.573792,0.572683,-0.000818382,0.0356516
466.047,283,0.573334,0.572281,-0.000611946,0.0347353
466.913,282.5,0.574482,0.573483,-0.000766217,0.0338509
467.779,282,0.575614,0.574666,-0.000963562,0.0330085
468.645,281.5,0.576693,0.575793,-0.00117344,0.0322003
469.512,281,0.577853,0.576995,-0.00147718,0.0314426
470.378,280.5,0.579007,0.57819,-0.00182121,0.0307018
471.244,280,0.580228,0.579452,-0.00218636,0.0299102
472.11,279.5,0.581624,0.58089,-0.00261922,0.0290981
472.976,279,0.583082,0.582385,-0.00309924,0.0283208
473.842,278.5,0.58447,0.583809,-0.00360305,0.027559
474.708,278,0.585871,0.585242,-0.00409643,0.0268331
475.574,277.5,0.587378,0.586777,-0.00454526,0.0261627
476.44,277,0.588867,0.588293,-0.00502125,0.0255099
477.306,276.5,0.590334,0.589785,-0.0054691,0.0248699
478.172,276,0.591866,0.59134,-0.00581844,0.0242495
479.038,275.5,0.593351,0.592848,-0.0061715,0.0236278
