x,v,vx,vy,vz
220.096,425,0.606112,0.605901,0.000748941,0.0159721
220.962,424.5,0.605454,0.605244,0.000919176,0.0159274
221.828,424,0.604784,0.604575,0.0010913,0.0158674
222.694,423.5,0.604108,0.6039,0.00126519,0.0157918
223.56,423,0.603262,0.603055,0.00147524,0.0157268
224.426,422.5,0.602377,0.602171,0.00169525,0.0156554
225.292,422,0.601554,0.601348,0.00194434,0.0156344
226.158,421.5,0.600515,0.600307,0.00228959,0.0156209
227.024,421,0.599355,0.599145,0.00269329,0.015603
227.89,420.5,0.598186,0.597975,0.00311529,0.0155714
228.756,420,0.596798,0.596585,0.00356265,0.0155531
229.622,419.5,0.595176,0.59496,0.00400778,0.0155531
230.488,419,0.593548,0.593328,0.00443605,0.0155456
231.355,418.5,0.591762,0.591538,0.00489202,0.0155483
232.221,418,0.589667,0.589436,0.00539774,0.0155821
233.087,417.5,0.587569,0.587331,0.00592113,0.0156128
233.953,417,0.585383,0.585138,0.00643687,0.0156559
234.819,416.5,0.582907,0.582651,0.00690782,0.0158221
235.685,416,0.580431,0.580164,0.00740081,0.0159689
236.551,415.5,0.577941,0.577662,0.00791266,0.0160954
237.417,415,0.575063,0.574773,0.00836924,0.0162095
238.283,414.5,0.572158,0.571858,0.00884509,0.0162954
239.149,414,0.569264,0.568954,0.00928656,0.0163434
240.015,413.5,0.56627,0.565951,0.00973947,0.0162985
240.881,413,0.56325,0.562925,0.0102062,0.0161732
241.747,412.5,0.560223,0.559893,0.0106793,0.0159708
242.613,412,0.55706,0.556724,0.0113749,0.0156143
243.479,411.5,0.553838,0.553498,0.0121442,0.0151516
244.345,411,0.550651,0.550305,0.0129102,0.0146388
245.211,410.5,0.547333,0.546974,0.0140117,0.0140182
246.077,410,0.543918,0.543538,0.0153764,0.0132865
246.943,409.5,0.540515,0.540112,0.0167275,0.012468
247.809,409,0.536895,0.536452,0.0184985,0.0115454
248.675,408.5,0.533028,0.532514,0.020912,0.0105214
249.541,408,0.529247,0.528649,0.0233219,0.00940097
250.407,407.5,0.525197,0.524516,0.0254536,0.00813949
251.273,407,0.520251,0.519523,0.0267011,0.00668926
252.139,406.5,0.515352,0.514569,0.027929,0.00516175
253.005,406,0.510543,0.509707,0.0289855,0.00358312
253.871,405.5,0.50619,0.505381,0.0285359,0.00215957
254.737,405,0.502019,0.501228,0.0281724,0.000715335
255.603,404.5,0.498031,0.497249,0.027895,-0.000749588
256.469,404,0.493465,0.492698,0.0273723,-0.00275257
257.335,403.5,0.489029,0.488262,0.0269581,-0.00477669
258.201,403,0.484705,0.483932,0.0265351,-0.0067237
259.067,402.5,0.480453,0.479702,0.0252759,-0.00904142
259.933,402,0.476485,0.475753,0.0238122,-0.0113718
260.799,401.5,0.472842,0.472116,0.022377,-0.0135805
261.665,401,0.469966,0.469284,0.0195438,-0.0160822
262.531,400.5,0.467736,0.467098,0.0159354,-0.0185122
263.397,400,0.46608,0.46547,0.0127308,-0.0201453
264.263,399.5,0.466378,0.465756,0.00968175,-0.0220508
265.13,399,0.468667,0.467993,0.00645356,-0.0242915
265.996,398.5,0.470981,0.470235,0.00335218,-0.0262928
266.862,398,0.473912,0.473059,0.000588281,-0.0284171
267.728,397.5,0.478261,0.477298,-0.00216703,-0.0302571
268.594,397,0.482606,0.481559,-0.00513322,-0.0313579
269.46,396.5,0.487514,0.48638,-0.00760386,-0.0323504
270.326,396,0.495368,0.49409,-0.00649126,-0.0349664
271.192,395.5,0.503503,0.502093,-0.00522096,-0.0372923
272.058,395,0.51193,0.510393,-0.00370338,-0.0394653
272.924,394.5,0.516919,0.515216,-0.00181011,-0.0418933
273.79,394,0.522311,0.520499,-0.000623012,-0.043467
274.656,393.5,0.528151,0.5263,-0.000147218,-0.0441809
275.522,393,0.539916,0.537873,-0.00216691,-0.0468747
276.388,392.5,0.55291,0.55064,-0.00566471,-0.0497237
277.254,392,0.564161,0.561601,-0.00864618,-0.0529764
278.12,391.5,0.572447,0.569902,-0.0153846,-0.0516817
278.986,391,0.580426,0.577861,-0.0230419,-0.0493954
279.852,390.5,0.589196,0.586439,-0.0294619,-0.0487143
280.718,390,0.600217,0.596869,-0.0287145,-0.0564263
281.584,389.5,0.613059,0.608864,-0.0224555,-0.0679791
282.45,389,0.627514,0.622773,-0.0222386,-0.0737063
283.316,388.5,0.647445,0.64287,-0.0217971,-0.0736761
284.182,388,0.686604,0.68305,-0.0105191,-0.0689753
285.048,387.5,0.737848,0.734862,0.00236388,-0.0662654
285.914,387,0.792246,0.789162,0.0152484,-0.0681516
286.78,386.5,0.786192,0.781989,0.0159513,-0.0795987
287.646,386,0.780436,0.774935,0.00872182,-0.0920832
288.512,385.5,0.781486,0.774303,-0.00546792,-0.105576
289.378,385,0.783472,0.775564,-0.0165028,-0.109797
290.244,384.5,0.78693,0.778256,-0.0287174,-0.112924
291.11,384,0.793156,0.784542,-0.028588,-0.113022
291.976,383.5,0.811417,0.80407,-0.00679386,-0.108732
292.842,383,0.825774,0.81962,0.00541414,-0.100477
293.708,382.5,0.834815,0.830117,0.00793376,-0.0880861
294.574,382,0.838624,0.834963,0.00781567,-0.0778898
295.44,381.5,0.843827,0.840478,0.00365734,-0.0750167
296.306,381,0.851209,0.847343,-0.000113808,-0.0810295
297.172,380.5,0.855773,0.852785,0.00424169,-0.0713231
298.038,380,0.85877,0.857163,0.015285,-0.0502486
298.905,379.5,0.861263,0.860324,0.027229,-0.029593
299.771,379,0.863669,0.862985,0.0340402,-0.00470472
300.637,378.5,0.866734,0.865892,0.0290347,0.0248388
301.503,378,0.870833,0.868831,0.0209415,0.0551758
302.369,377.5,0.877807,0.873421,0.0129976,0.0866724
303.235,377,0.887135,0.879931,0.00467817,0.112727
304.101,376.5,0.895992,0.885696,-0.00178657,0.135428
304.967,376,0.902228,0.889079,-0.00634451,0.153341
305.833,375.5,0.875777,0.864385,-0.0159206,0.139896
306.699,375,0.841877,0.833582,-0.0337983,0.11294
307.565,374.5,0.802709,0.797141,-0.0598651,0.0729644
308.431,374,0.735953,0.730905,-0.0585385,0.0630735
309.297,373.5,0.661877,0.657885,-0.041169,0.0597786
310.163,373,0.597504,0.592619,0.0049497,0.0760894
311.029,372.5,0.591884,0.55584,0.0944202,0.180148
311.895,372,0.618086,0.50523,0.172107,0.311693
312.761,371.5,0.66951,0.435716,0.230282,0.453173
313.627,371,0.678632,0.380676,0.229358,0.512857
314.493,370.5,0.646639,0.346451,0.185466,0.513533
315.359,370,0.606815,0.352536,0.109117,0.481701
316.225,369.5,0.568704,0.363468,0.047956,0.434759
317.091,369,0.532437,0.378061,0.0114181,0.374737
317.957,368.5,0.504689,0.391007,-0.0147091,0.318761
318.823,368,0.495328,0.413112,-0.0300121,0.271639
319.689,367.5,0.522661,0.464513,-0.0452144,0.235283
320.555,367,0.561403,0.520836,-0.0690163,0.197838
321.421,366.5,0.606423,0.576209,-0.0970942,0.162186
322.287,366,0.647475,0.624087,-0.122206,0.121674
323.153,365.5,0.69428,0.675275,-0.142109,0.0763799
324.019,365,0.745098,0.728396,-0.154537,0.0269816
324.885,364.5,0.745522,0.735978,-0.118261,-0.0124296
325.751,364,0.749146,0.742286,-0.0797311,-0.0622386
326.617,363.5,0.758444,0.747468,-0.0390363,-0.122492
327.483,363,0.747305,0.7256,-0.00874367,-0.178587
328.349,362.5,0.729477,0.692502,0.0164979,-0.228706
329.215,362,0.704382,0.644924,0.0415222,-0.280185
330.081,361.5,0.68317,0.588219,0.0610363,-0.342044
330.947,361,0.679411,0.535345,0.081347,-0.410351
331.813,360.5,0.69683,0.489306,0.106273,-0.48462
332.679,360,0.699592,0.442915,0.125699,-0.52674
333.546,359.5,0.65446,0.38359,0.129013,-0.514327
334.412,359,0.640825,0.375732,0.120722,-0.504885
335.278,358.5,0.604055,0.332581,0.0958534,-0.49506
336.144,358,0.564752,0.310983,0.0752525,-0.465372
337.01,357.5,0.506738,0.283485,0.0716843,-0.413861
337.876,357,0.461825,0.291339,0.0899344,-0.346865
338.742,356.5,0.434745,0.292411,0.123101,-0.297229
339.608,356,0.496249,0.351637,0.117887,-0.329724
340.474,355.5,0.505668,0.348455,0.147855,-0.335288
341.34,355,0.508941,0.321996,0.175847,-0.352729
342.206,354.5,0.513493,0.288726,0.213722,-0.366927
343.072,354,0.52054,0.254116,0.256686,-0.374832
343.938,353.5,0.513861,0.221063,0.272181,-0.375636
344.804,353,0.502119,0.182121,0.292438,-0.365288
345.67,352.5,0.488493,0.139005,0.319415,-0.342458
346.536,352,0.457728,0.0685485,0.354607,-0.281193
347.402,351.5,0.449164,-0.0302274,0.402951,-0.196125
348.268,351,0.441643,-0.065807,0.416893,-0.130069
349.134,350.5,0.384977,-0.0354447,0.376286,-0.073207
350,350,0.315986,-0.0027094,0.315708,-0.0129783
350.866,349.5,0.40034,-0.080914,0.350706,0.175302
351.732,349,0.359936,-0.0871709,0.29722,0.183344
352.598,348.5,0.317606,-0.021188,0.242756,0.2037
353.464,348,0.335426,0.0743315,0.196213,0.261698
354.33,347.5,0.355428,0.126705,0.134276,0.303718
355.196,347,0.337228,0.143053,0.0763317,0.295689
356.062,346.5,0.233994,0.150201,-0.000109348,0.179423
356.928,346,0.116882,0.102,-0.0231739,0.0521574
357.794,345.5,0.114255,0.0512551,-0.0729624,-0.0714396
358.66,345,0.182025,0.0648626,-0.144648,-0.0894587
359.526,344.5,0.294756,0.265772,-0.122357,0.0357084
360.392,344,0.405328,0.365376,-0.143264,0.101325
361.258,343.5,0.535946,0.480325,-0.14856,0.185624
362.124,343,0.667153,0.594879,-0.129581,0.272801
362.99,342.5,0.740127,0.657934,-0.0723592,0.331171
363.856,342,0.795842,0.701052,-0.0244177,0.375891
364.722,341.5,0.834216,0.728271,0.0086631,0.406772
365.588,341,0.831112,0.720004,0.0260901,0.414318
366.454,340.5,0.805867,0.693191,0.0365314,0.409357
367.321,340,0.782925,0.669264,0.0428284,0.404009
368.187,339.5,0.75931,0.647261,0.045628,0.394365
369.053,339,0.733667,0.625457,0.0457752,0.380758
369.919,338.5,0.706604,0.604025,0.0449302,0.363902
370.785,338,0.680179,0.583752,0.0434848,0.346389
371.651,337.5,0.664148,0.57075,0.0407217,0.337162
372.517,337,0.659466,0.566823,0.0343884,0.335298
373.383,336.5,0.660312,0.56712,0.0261089,0.337202
374.249,336,0.669265,0.573238,0.0138977,0.345138
375.115,335.5,0.679842,0.58135,0.00382422,0.352424
375.981,335,0.691916,0.59145,-0.00411386,0.359051
376.847,334.5,0.697929,0.598029,-0.0104568,0.359662
377.713,334,0.703611,0.604193,-0.0141072,0.360306
378.579,333.5,0.709343,0.610236,-0.0150333,0.361321
379.445,333,0.712763,0.614585,-0.0136081,0.360737
380.311,332.5,0.715551,0.618386,-0.0115518,0.359832
381.177,332,0.718855,0.622741,-0.0101489,0.358947
382.043,331.5,0.722059,0.627498,-0.0103059,0.357084
382.909,331,0.724877,0.632041,-0.0105314,0.354767
383.775,330.5,0.727711,0.636601,-0.0107469,0.352401
384.641,330,0.730016,0.640758,-0.0107123,0.349624
385.507,329.5,0.731812,0.644486,-0.0103988,0.346523
386.373,329,0.732594,0.647532,-0.00970827,0.342494
387.239,328.5,0.733125,0.650367,-0.00928609,0.338243
388.105,328,0.733331,0.652934,-0.00904453,0.333722
388.971,327.5,0.733412,0.655325,-0.00857657,0.329194
389.837,327,0.733363,0.657528,-0.00796778,0.324678
390.703,326.5,0.732454,0.658887,-0.00710977,0.319854
391.569,326,0.730772,0.659531,-0.00604311,0.31466
392.435,325.5,0.728976,0.659997,-0.00520424,0.309489
393.301,325,0.72722,0.660409,-0.0052287,0.304437
394.167,324.5,0.725338,0.660636,-0.00530519,0.299411
395.033,324,0.723297,0.660631,-0.00543081,0.294442
395.899,323.5,0.720919,0.659819,-0.00563538,0.290398
396.765,323,0.718598,0.658975,-0.00579155,0.286532
397.631,322.5,0.716297,0.658073,-0.00588439,0.282819
398.497,322,0.714112,0.657195,-0.0060107,0.27931
399.363,321.5,0.712027,0.656333,-0.00614438,0.275992
400.229,321,0.710303,0.65582,-0.00651373,0.272743
401.095,320.5,0.708911,0.655684,-0.00705463,0.269413
401.962,320,0.707605,0.655629,-0.00750085,0.266083
402.828,319.5,0.706341,0.65558,-0.00778965,0.262817
403.694,319,0.705165,0.655622,-0.00782421,0.25953
404.56,318.5,0.70413,0.655825,-0.00758197,0.256194
405.426,318,0.703713,0.656665,-0.00722726,0.252885
406.292,317.5,0.703296,0.657492,-0.0068736,0.249564
407.158,317,0.702895,0.658349,-0.00652638,0.246162
408.024,316.5,0.702465,0.659158,-0.00619684,0.242753
408.89,316,0.702,0.65992,-0.00588785,0.239323
409.756,315.5,0.701147,0.660373,-0.00547351,0.235551
410.622,315,0.700053,0.6606,-0.00501651,0.231638
411.488,314.5,0.698896,0.660742,-0.00459426,0.227715
412.354,314,0.69775,0.660863,-0.00434913,0.223821
413.22,313.5,0.696547,0.660899,-0.00415533,0.219938
414.086,313,0.695014,0.660548,-0.00400977,0.216115
414.952,312.5,0.692228,0.658756,-0.00391426,0.212614
415.818,312,0.689415,0.656925,-0.00385381,0.209111
416.684,311.5,0.686549,0.655034,-0.00383117,0.205585
417.55,311,0.683661,0.653093,-0.00375198,0.202108
418.416,310.5,0.680731,0.651099,-0.0036318,0.198621
419.282,310,0.676341,0.647532,-0.00349345,0.19526
420.148,309.5,0.671279,0.64323,-0.00332591,0.191986
421.014,309,0.666165,0.638872,-0.00315615,0.188704
421.88,308.5,0.661046,0.634513,-0.00302009,0.185381
422.746,308,0.655909,0.63014,-0.00293232,0.18202
423.612,307.5,0.650596,0.625564,-0.00291853,0.178706
424.478,307,0.644743,0.620336,-0.00293849,0.175695
425.344,306.5,0.638974,0.615179,-0.00298984,0.172724
426.21,306,0.633368,0.610172,-0.00309613,0.169811
427.076,305.5,0.62787,0.605272,-0.00322997,0.166902
427.942,305,0.622481,0.60048,-0.00339215,0.163997
428.808,304.5,0.617613,0.596171,-0.00353135,0.161288
429.674,304,0.612824,0.591932,-0.00364012,0.158606
430.54,303.5,0.607981,0.587647,-0.0037474,0.155879
431.406,303,0.603081,0.583335,-0.00380448,0.153011
432.272,302.5,0.598153,0.579006,-0.00385343,0.150081
433.138,302,0.593482,0.574955,-0.00395793,0.147079
434.004,301.5,0.589639,0.571749,-0.00412968,0.144084
434.87,301,0.585985,0.568693,-0.00427395,0.141236
435.737,300.5,0.582464,0.565734,-0.0044179,0.138529
436.603,300,0.57938,0.563142,-0.00453427,0.13613
437.469,299.5,0.576748,0.560934,-0.00460878,0.134053
438.335,299,0.57554,0.56012,-0.00467767,0.132248
439.201,298.5,0.574874,0.559801,-0.00467365,0.130695
440.067,298,0.574516,0.559742,-0.00457528,0.129371
440.933,297.5,0.574173,0.559676,-0.00442524,0.128135
441.799,297,0.573865,0.559627,-0.00422712,0.126969
442.665,296.5,0.573952,0.560005,-0.0040437,0.125694
443.531,296,0.5746,0.560984,-0.00390132,0.124286
444.397,295.5,0.575185,0.561884,-0.00373559,0.122924
445.263,295,0.5758,0.562817,-0.00372308,0.121526
446.129,294.5,0.576368,0.563679,-0.00367853,0.120216
446.995,294,0.576888,0.564471,-0.00360194,0.118994
447.861,293.5,0.578008,0.565906,-0.00378951,0.117597
448.727,293,0.579123,0.567312,-0.00399358,0.116295
449.593,292.5,0.580158,0.568607,-0.00418242,0.115121
450.459,292,0.581291,0.569977,-0.00440979,0.114045
451.325,291.5,0.582379,0.571278,-0.0046553,0.113071
452.191,291,0.583315,0.572419,-0.00488995,0.11211
453.057,290.5,0.584164,0.573494,-0.00506582,0.111022
453.923,290,0.584907,0.574456,-0.0052054,0.109952
454.789,289.5,0.585453,0.5752,-0.0053204,0.108959
455.655,289,0.585848,0.57579,-0.00535494,0.107957
456.521,288.5,0.586105,0.576247,-0.00530706,0.106912
457.387,288,0.586628,0.577025,-0.00511333,0.105587
458.253,287.5,0.58693,0.577582,-0.00487065,0.104221
459.119,287,0.586991,0.577916,-0.00457653,0.102714
459.985,286.5,0.586795,0.577978,-0.00428002,0.101247
460.851,286,0.586346,0.577779,-0.00398221,0.0997848
461.717,285.5,0.586071,0.577805,-0.00366889,0.0980175
462.583,285,0.586064,0.578107,-0.00333479,0.0961899
463.449,284.5,0.585934,0.578267,-0.00301896,0.0944314
464.315,284,0.58584,0.578462,-0.00278144,0.0926409
465.181,283.5,0.585646,0.578538,-0.00257399,0.0909289
466.047,283,0.585348,0.578492,-0.00239475,0.0892993
466.913,282.5,0.585244,0.57863,-0.00228178,0.0877094
467.779,282,0.585174,0.578792,-0.00220756,0.0861614
468.645,281.5,0.585105,0.578942,-0.00216206,0.084666
469.512,281,0.585162,0.579213,-0.00215699,0.0832042
470.378,280.5,0.585298,0.579553,-0.00218122,0.08178
471.244,280,0.585093,0.579529,-0.00221535,0.0804627
472.11,279.5,0.584742,0.57934,-0.00222875,0.079262
472.976,279,0.584554,0.579305,-0.00223188,0.0781319
473.842,278.5,0.584432,0.579324,-0.00224684,0.0770698
474.708,278,0.584426,0.579449,-0.00226221,0.0760766
475.574,277.5,0.584572,0.579717,-0.00226306,0.0751491
476.44,277,0.584565,0.579812,-0.00227045,0.0743604
477.306,276.5,0.584596,0.579937,-0.00227939,0.0736203
478.172,276,0.584717,0.580148,-0.00224942,0.0729185
479.038,275.5,0.584866,0.580382,-0.0022272,0.0722533
