x,v,vx,vy,vz
220.096,425,0.633647,0.633604,-0.00583426,-0.00452697
220.962,424.5,0.634294,0.634249,-0.00590014,-0.0047129
221.828,424,0.634949,0.634903,-0.00596221,-0.00488181
222.694,423.5,0.635614,0.635566,-0.00602344,-0.00503414
223.56,423,0.636251,0.636202,-0.00598574,-0.00517167
224.426,422.5,0.636889,0.636839,-0.00592621,-0.00530034
225.292,422,0.637527,0.637477,-0.00586017,-0.00546097
226.158,421.5,0.638123,0.638072,-0.00575465,-0.0056329
227.024,421,0.638703,0.638652,-0.0056296,-0.00581033
227.89,420.5,0.639293,0.639241,-0.00550586,-0.00598951
228.756,420,0.639837,0.639785,-0.00533627,-0.00617967
229.622,419.5,0.640337,0.640284,-0.00510613,-0.00637473
230.488,419,0.640841,0.640789,-0.00486135,-0.0065649
231.355,418.5,0.641291,0.641239,-0.00462426,-0.0067657
232.221,418,0.64164,0.641587,-0.00439832,-0.00698493
233.087,417.5,0.641991,0.641937,-0.00417494,-0.00720953
233.953,417,0.642338,0.642282,-0.00397095,-0.00744385
234.819,416.5,0.64268,0.642622,-0.0038442,-0.00774801
235.685,416,0.643021,0.64296,-0.00371615,-0.00805494
236.551,415.5,0.643358,0.643294,-0.00358758,-0.00836424
237.417,415,0.643676,0.643608,-0.00348033,-0.00868612
238.283,414.5,0.643992,0.64392,-0.00336443,-0.0090094
239.149,414,0.644298,0.644223,-0.00323509,-0.00933038
240.015,413.5,0.644573,0.644493,-0.00313642,-0.0096503
240.881,413,0.644845,0.64476,-0.00303924,-0.00996473
241.747,412.5,0.645117,0.645028,-0.00293785,-0.0102727
242.613,412,0.645383,0.64529,-0.00283207,-0.0105729
243.479,411.5,0.645647,0.645549,-0.00272319,-0.0108666
244.345,411,0.645918,0.645816,-0.0026113,-0.0111688
245.211,410.5,0.646155,0.646049,-0.00247156,-0.0114632
246.077,410,0.646366,0.646255,-0.00231182,-0.0117503
246.943,409.5,0.646575,0.64646,-0.00215141,-0.0120308
247.809,409,0.646748,0.646628,-0.00198824,-0.0123028
248.675,408.5,0.646871,0.646747,-0.00181974,-0.0125546
249.541,408,0.646998,0.646869,-0.0016492,-0.0127918
250.407,407.5,0.647111,0.646978,-0.00149459,-0.0130241
251.273,407,0.647179,0.647042,-0.00138881,-0.0132548
252.139,406.5,0.647249,0.647107,-0.00128248,-0.0134824
253.005,406,0.647319,0.647173,-0.00116859,-0.0137108
253.871,405.5,0.647375,0.647223,-0.00098975,-0.0139778
254.737,405,0.647439,0.647281,-0.00081898,-0.0142513
255.603,404.5,0.647511,0.647348,-0.000656284,-0.0145312
256.469,404,0.647394,0.647224,-0.000355369,-0.0148598
257.335,403.5,0.647265,0.647087,-4.61709e-05,-0.0152086
258.201,403,0.64715,0.646964,0.000248218,-0.0155429
259.067,402.5,0.646841,0.646645,0.000596871,-0.0158985
259.933,402,0.64647,0.646264,0.00096433,-0.0162905
260.799,401.5,0.6461,0.645882,0.00133323,-0.0167137
261.665,401,0.645533,0.645301,0.00173621,-0.0172037
262.531,400.5,0.64485,0.644602,0.00216003,-0.017767
263.397,400,0.644205,0.643937,0.00258272,-0.0184206
264.263,399.5,0.643407,0.643116,0.00304063,-0.0191244
265.13,399,0.642421,0.642104,0.00354152,-0.0198822
265.996,398.5,0.641437,0.64109,0.00406425,-0.0206787
266.862,398,0.640327,0.639949,0.00457013,-0.0215195
267.728,397.5,0.63891,0.638497,0.00496809,-0.0224229
268.594,397,0.63749,0.637039,0.0053637,-0.0233755
269.46,396.5,0.636011,0.635517,0.0057503,-0.0243708
270.326,396,0.63417,0.633633,0.0060285,-0.0253861
271.192,395.5,0.632325,0.63174,0.00630475,-0.0264491
272.058,395,0.630481,0.629845,0.00656598,-0.0275401
272.924,394.5,0.628311,0.627626,0.00674868,-0.0285295
273.79,394,0.626161,0.625425,0.00691927,-0.0295561
274.656,393.5,0.624039,0.623247,0.00707817,-0.030621
275.522,393,0.621569,0.62072,0.00722477,-0.031666
276.388,392.5,0.61905,0.61814,0.00737723,-0.0327429
277.254,392,0.616618,0.615645,0.00754669,-0.0337973
278.12,391.5,0.61415,0.613115,0.00761907,-0.0348104
278.986,391,0.611683,0.610584,0.00763655,-0.0358451
279.852,390.5,0.609262,0.608093,0.00764432,-0.036936
280.718,390,0.606821,0.605576,0.00767697,-0.0380751
281.584,389.5,0.604402,0.603076,0.00773235,-0.0392659
282.45,389,0.602086,0.600672,0.00780089,-0.0404928
283.316,388.5,0.599789,0.598279,0.00785095,-0.041793
284.182,388,0.597495,0.59588,0.00790302,-0.0431828
285.048,387.5,0.595271,0.593538,0.00797916,-0.0446829
285.914,387,0.593075,0.591208,0.00817593,-0.0463064
286.78,386.5,0.590884,0.588863,0.00880642,-0.0480248
287.646,386,0.588815,0.586624,0.00942022,-0.0498652
288.512,385.5,0.586828,0.584447,0.0100257,-0.0518518
289.378,385,0.584492,0.581872,0.010974,-0.0541787
290.244,384.5,0.582289,0.579397,0.0119535,-0.0567206
291.11,384,0.580311,0.577123,0.0129466,-0.0593462
291.976,383.5,0.578047,0.574516,0.0143491,-0.0621548
292.842,383,0.57595,0.572032,0.0159173,-0.0651521
293.708,382.5,0.574107,0.569757,0.0176019,-0.0683051
294.574,382,0.571869,0.567025,0.0189358,-0.0718192
295.44,381.5,0.56967,0.564285,0.020012,-0.0755424
296.306,381,0.56767,0.561742,0.0209412,-0.0790977
297.172,380.5,0.565624,0.559074,0.0216743,-0.0830509
298.038,380,0.563641,0.556397,0.022225,-0.087294
298.905,379.5,0.561966,0.553985,0.0227349,-0.0915953
299.771,379,0.560278,0.551458,0.0234337,-0.0962087
300.637,378.5,0.558403,0.548652,0.0244364,-0.100988
301.503,378,0.556728,0.546067,0.025276,-0.105442
302.369,377.5,0.555109,0.543487,0.0258698,-0.109993
303.235,377,0.553249,0.540544,0.0260192,-0.114973
304.101,376.5,0.551731,0.53794,0.0259952,-0.119797
304.967,376,0.550635,0.535738,0.0257867,-0.124576
305.833,375.5,0.550599,0.534382,0.0255333,-0.130169
306.699,375,0.550833,0.533301,0.0254265,-0.135502
307.565,374.5,0.55133,0.532499,0.0254633,-0.140575
308.431,374,0.552574,0.532169,0.0273526,-0.14624
309.297,373.5,0.553914,0.53196,0.029598,-0.151539
310.163,373,0.555689,0.532237,0.0321432,-0.156465
311.029,372.5,0.557832,0.532744,0.033961,-0.161886
311.895,372,0.560057,0.533337,0.0351998,-0.167262
312.761,371.5,0.562391,0.534105,0.0360524,-0.172382
313.627,371,0.565106,0.534989,0.0345676,-0.178708
314.493,370.5,0.568364,0.536262,0.0316527,-0.185632
315.359,370,0.572374,0.538297,0.0286965,-0.192417
316.225,369.5,0.578667,0.541734,0.0258414,-0.201774
317.091,369,0.587502,0.546602,0.0232582,-0.214114
317.957,368.5,0.596804,0.551951,0.0207695,-0.226041
318.823,368,0.606271,0.557076,0.0191425,-0.238464
319.689,367.5,0.615682,0.561677,0.0190659,-0.251435
320.555,367,0.62577,0.567621,0.0187814,-0.262759
321.421,366.5,0.637993,0.575822,0.0176748,-0.274138
322.287,366,0.656991,0.589066,0.0135792,-0.290612
323.153,365.5,0.6762,0.603327,0.00822595,-0.305247
324.019,365,0.69532,0.618401,0.00166384,-0.317879
324.885,364.5,0.714502,0.637895,-0.00722696,-0.321793
325.751,364,0.73491,0.658974,-0.0151859,-0.324986
326.617,363.5,0.756526,0.68161,-0.0221996,-0.327484
327.483,363,0.793017,0.717894,-0.0241668,-0.336037
328.349,362.5,0.829447,0.75735,-0.0283774,-0.337042
329.215,362,0.864156,0.795104,-0.0313196,-0.337038
330.081,361.5,0.903471,0.836735,-0.0348538,-0.338998
330.947,361,0.933848,0.872067,-0.0404856,-0.331559
331.813,360.5,0.952071,0.897607,-0.0460284,-0.31404
332.679,360,0.979438,0.933486,-0.0496422,-0.292298
333.546,359.5,1.02259,0.983217,-0.0523347,-0.276098
334.412,359,1.0631,1.02655,-0.0561789,-0.270567
335.278,358.5,1.08853,1.05634,-0.0640136,-0.254818
336.144,358,1.11964,1.09367,-0.0682856,-0.229819
337.01,357.5,1.1547,1.13377,-0.0650822,-0.208983
337.876,357,1.18879,1.17317,-0.0540503,-0.184277
338.742,356.5,1.19837,1.19019,-0.0467474,-0.131744
339.608,356,1.25357,1.24939,-0.0362739,-0.0957082
340.474,355.5,1.24568,1.24488,-0.0158628,-0.0418734
341.34,355,1.21913,1.2189,0.0238396,0.000914936
342.206,354.5,1.22084,1.21844,0.0634444,0.0427531
343.072,354,1.19781,1.18998,0.114486,0.0747091
343.938,353.5,1.16276,1.14682,0.165111,0.0977395
344.804,353,1.12265,1.09976,0.188229,0.124306
345.67,352.5,1.07991,1.05289,0.189218,0.147794
346.536,352,1.03826,1.00827,0.180932,0.169237
347.402,351.5,0.966579,0.925775,0.21252,0.179026
348.268,351,0.896002,0.841703,0.249211,0.179586
349.134,350.5,0.82886,0.749336,0.308465,0.174225
350,350,0.741606,0.648247,0.30476,0.192031
350.866,349.5,0.647065,0.554445,0.249081,0.221908
351.732,349,0.574689,0.489217,0.148268,0.262585
352.598,348.5,0.559163,0.472422,0.0842105,0.287035
353.464,348,0.566719,0.481496,0.0405778,0.296117
354.33,347.5,0.582591,0.493974,-0.00253011,0.308862
355.196,347,0.600834,0.499021,-0.0364959,0.332637
356.062,346.5,0.620893,0.52013,-0.0512089,0.335186
356.928,346,0.641171,0.542758,-0.0616526,0.335726
357.794,345.5,0.657714,0.563606,-0.0614257,0.333411
358.66,345,0.667063,0.577139,-0.062806,0.328541
359.526,344.5,0.672821,0.587408,-0.0664744,0.321281
360.392,344,0.669662,0.590196,-0.0597483,0.310717
361.258,343.5,0.663372,0.589834,-0.0527455,0.298959
362.124,343,0.658601,0.590132,-0.0445296,0.288993
362.99,342.5,0.661738,0.596242,-0.0354305,0.284845
363.856,342,0.665453,0.60259,-0.0273465,0.281008
364.722,341.5,0.669948,0.609441,-0.019783,0.277526
365.588,341,0.675891,0.617392,-0.0118256,0.274801
366.454,340.5,0.684453,0.627003,-0.00463468,0.274449
367.321,340,0.693276,0.637311,-0.00133384,0.272881
368.187,339.5,0.700272,0.646484,0.000909293,0.269146
369.053,339,0.70575,0.654511,0.00212203,0.263996
369.919,338.5,0.710613,0.662057,0.00167808,0.258162
370.785,338,0.71445,0.668847,-2.03225e-06,0.251163
371.651,337.5,0.715787,0.672501,0.00118567,0.245137
372.517,337,0.714722,0.672239,0.00518143,0.242685
373.383,336.5,0.713821,0.671961,0.00933547,0.240668
374.249,336,0.712617,0.671273,0.0138379,0.238796
375.115,335.5,0.711895,0.670863,0.0174924,0.237553
375.981,335,0.711639,0.67073,0.0202824,0.23694
376.847,334.5,0.703144,0.662827,0.0169487,0.234061
377.713,334,0.693848,0.654205,0.0134902,0.230779
378.579,333.5,0.684455,0.645519,0.0101037,0.227336
379.445,333,0.674159,0.636266,0.00749028,0.222711
380.311,332.5,0.663611,0.626841,0.00547576,0.217761
381.177,332,0.654681,0.619058,0.00556727,0.212942
382.043,331.5,0.647549,0.613411,0.00795191,0.207325
382.909,331,0.640557,0.608033,0.0102301,0.201258
383.775,330.5,0.633893,0.602956,0.0123024,0.195224
384.641,330,0.628187,0.598893,0.0138964,0.189084
385.507,329.5,0.623618,0.595937,0.0149628,0.183125
386.373,329,0.626857,0.600398,0.0143148,0.179629
387.239,328.5,0.632024,0.606485,0.0135342,0.177335
388.105,328,0.639405,0.614441,0.0126704,0.176468
388.971,327.5,0.647416,0.62287,0.01163,0.176194
389.837,327,0.656284,0.631925,0.010498,0.176834
390.703,326.5,0.663565,0.639055,0.00893944,0.178458
391.569,326,0.667864,0.643278,0.00679552,0.179413
392.435,325.5,0.671544,0.646936,0.00472635,0.180062
393.301,325,0.673837,0.649179,0.00325691,0.180587
394.167,324.5,0.675396,0.650826,0.00178993,0.180506
395.033,324,0.675994,0.651647,0.000377646,0.17979
395.899,323.5,0.670439,0.646567,0.000665,0.17731
396.765,323,0.664742,0.641426,0.00101629,0.174508
397.631,322.5,0.659024,0.636326,0.00136415,0.171462
398.497,322,0.652899,0.631002,0.00193798,0.167657
399.363,321.5,0.647045,0.626072,0.00244183,0.163386
400.229,321,0.641777,0.621633,0.00312794,0.1595
401.095,320.5,0.636639,0.617239,0.00401275,0.155913
401.962,320,0.631832,0.61323,0.00480417,0.152113
402.828,319.5,0.627646,0.609881,0.00542402,0.148172
403.694,319,0.623971,0.607035,0.00577875,0.144272
404.56,318.5,0.621076,0.604893,0.00589549,0.14073
405.426,318,0.619289,0.603484,0.00569479,0.1389
406.292,317.5,0.617925,0.602441,0.00545067,0.137355
407.158,317,0.616822,0.601577,0.00510434,0.13619
408.024,316.5,0.616127,0.601162,0.00485864,0.134882
408.89,316,0.615758,0.60111,0.00466688,0.133428
409.756,315.5,0.614502,0.600167,0.004242,0.131887
410.622,315,0.612927,0.598935,0.00393035,0.130159
411.488,314.5,0.6113,0.597703,0.00372803,0.128157
412.354,314,0.609121,0.596038,0.00344524,0.125521
413.22,313.5,0.606969,0.594431,0.00330138,0.122686
414.086,313,0.604779,0.59281,0.00329326,0.119678
414.952,312.5,0.6021,0.590749,0.0029951,0.116323
415.818,312,0.599553,0.588825,0.00264842,0.11288
416.684,311.5,0.597179,0.587065,0.00232915,0.109417
417.55,311,0.595134,0.585642,0.00191757,0.10585
418.416,310.5,0.593365,0.584479,0.0014881,0.102294
419.282,310,0.59073,0.582383,0.00126851,0.0989489
420.148,309.5,0.587987,0.580155,0.00123451,0.0956455
421.014,309,0.585515,0.57819,0.00131577,0.0923135
421.88,308.5,0.583103,0.576257,0.00148994,0.089079
422.746,308,0.580808,0.574429,0.00178404,0.0858258
423.612,307.5,0.578448,0.572558,0.00220291,0.0823053
424.478,307,0.57531,0.569917,0.00276795,0.0785457
425.344,306.5,0.5721,0.56718,0.00325533,0.0747925
426.21,306,0.569051,0.564603,0.00344832,0.0709246
427.076,305.5,0.565981,0.561976,0.00349208,0.0671191
427.942,305,0.5629,0.55931,0.00338123,0.0633791
428.808,304.5,0.562147,0.558913,0.00270658,0.0601463
429.674,304,0.562069,0.559144,0.00201243,0.0572376
430.54,303.5,0.56217,0.559509,0.00133148,0.0546091
431.406,303,0.563166,0.560683,0.000716803,0.0528251
432.272,302.5,0.564399,0.562066,0.000117812,0.0512645
433.138,302,0.565822,0.563624,-0.000461943,0.0498321
434.004,301.5,0.567465,0.56537,-0.000700589,0.048711
434.87,301,0.569057,0.567058,-0.00075972,0.0476538
435.737,300.5,0.570587,0.568684,-0.000756777,0.0465559
436.603,300,0.571981,0.570168,-0.000558037,0.0455021
437.469,299.5,0.573233,0.571508,-0.000163703,0.0444377
438.335,299,0.574778,0.573126,0.000103582,0.0435487
439.201,298.5,0.576252,0.574671,0.000343945,0.0426543
440.067,298,0.577578,0.57607,0.00060511,0.0417028
440.933,297.5,0.578868,0.577438,0.000824719,0.0406597
441.799,297,0.580111,0.578759,0.000982165,0.0395634
442.665,296.5,0.581494,0.580215,0.00100154,0.0385274
443.531,296,0.583198,0.581995,0.000952434,0.0374408
444.397,295.5,0.584871,0.583739,0.000912012,0.0363671
445.263,295,0.586536,0.585461,0.000756588,0.0354785
446.129,294.5,0.588125,0.587107,0.000690416,0.0345742
446.995,294,0.589639,0.588677,0.000713495,0.0336542
447.861,293.5,0.590454,0.58955,0.000581939,0.0326508
448.727,293,0.59117,0.590324,0.000471091,0.0316157
449.593,292.5,0.591864,0.591075,0.000402958,0.0305578
450.459,292,0.592605,0.591871,0.000331443,0.0294985
451.325,291.5,0.593313,0.592629,0.000289163,0.0284707
452.191,291,0.593982,0.593345,0.000237545,0.0275081
453.057,290.5,0.594726,0.594129,0.000121912,0.026639
453.923,290,0.595492,0.594932,1.16831e-05,0.025824
454.789,289.5,0.596237,0.595711,-8.37321e-05,0.0250433
455.655,289,0.597019,0.596523,-0.000144417,0.0243217
456.521,288.5,0.597821,0.597352,-0.000174719,0.0236781
457.387,288,0.597912,0.597468,-0.000255699,0.0230185
458.253,287.5,0.59804,0.59762,-0.000304641,0.0224027
459.119,287,0.598291,0.597891,-0.000304835,0.0218684
459.985,286.5,0.598535,0.598153,-0.000275258,0.0213831
460.851,286,0.598788,0.598422,-0.000227484,0.0209504
461.717,285.5,0.598881,0.598527,-0.000173473,0.0205829
462.583,285,0.598679,0.598338,-1.91263e-05,0.0202227
463.449,284.5,0.598465,0.598135,0.00016607,0.0198671
464.315,284,0.598303,0.597986,0.00022577,0.0194811
465.181,283.5,0.598061,0.597756,0.000259466,0.0191003
466.047,283,0.597746,0.597453,0.000268918,0.0187237
466.913,282.5,0.598337,0.59806,-6.99961e-05,0.0181904
467.779,282,0.598935,0.598674,-0.000455261,0.0176677
468.645,281.5,0.599488,0.599241,-0.000845083,0.0171653
469.512,281,0.600077,0.599845,-0.00129808,0.0166466
470.378,280.5,0.600671,0.600452,-0.00179175,0.0161044
471.244,280,0.601309,0.601104,-0.00227806,0.0155365
472.11,279.5,0.602117,0.601924,-0.00278301,0.0149967
472.976,279,0.603015,0.602831,-0.00329488,0.0144986
473.842,278.5,0.603867,0.603693,-0.00380589,0.0140017
474.708,278,0.604741,0.604575,-0.00426179,0.0134997
475.574,277.5,0.605719,0.605562,-0.00461514,0.0129839
476.44,277,0.606797,0.606649,-0.0049546,0.0124462
477.306,276.5,0.607876,0.607736,-0.00527006,0.0119158
478.172,276,0.60902,0.608889,-0.00546953,0.0113959
479.038,275.5,0.610151,0.610027,-0.00567363,0.01089
