x,v,vx,vy,vz
220.096,425,0.560557,0.560195,0.000382161,-0.0201403
220.962,424.5,0.559074,0.558759,0.000499512,-0.0187575
221.828,424,0.557466,0.557197,0.000600132,-0.017327
222.694,423.5,0.555734,0.555507,0.000681747,-0.0158538
223.56,423,0.553954,0.553771,0.000796131,-0.0142317
224.426,422.5,0.552256,0.55211,0.000872677,-0.012674
225.292,422,0.550982,0.550863,0.00078193,-0.0113797
226.158,421.5,0.54904,0.548951,0.000746647,-0.00990087
227.024,421,0.546584,0.546519,0.000755185,-0.00841196
227.89,420.5,0.543667,0.543621,0.000796,-0.00699502
228.756,420,0.540275,0.540245,0.000861399,-0.00555101
229.622,419.5,0.537659,0.537639,0.00104815,-0.00448095
230.488,419,0.535928,0.535913,0.0014318,-0.00378502
231.355,418.5,0.533574,0.533563,0.00189818,-0.00295855
232.221,418,0.530573,0.530563,0.00244112,-0.00208111
233.087,417.5,0.527007,0.526997,0.00301935,-0.00126943
233.953,417,0.522819,0.522806,0.00364507,-0.000528823
234.819,416.5,0.522288,0.522272,0.00395355,-0.00105047
235.685,416,0.521301,0.521281,0.00427248,-0.00174892
236.551,415.5,0.519771,0.519744,0.00461576,-0.00261312
237.417,415,0.517234,0.517194,0.0051761,-0.00383899
238.283,414.5,0.514258,0.5142,0.00569504,-0.00521493
239.149,414,0.514344,0.514266,0.00603522,-0.0066466
240.015,413.5,0.517493,0.517385,0.00652707,-0.00826971
240.881,413,0.520717,0.52058,0.00702865,-0.00962524
241.747,412.5,0.524044,0.523882,0.00749862,-0.0106521
242.613,412,0.527715,0.527533,0.00793345,-0.0113638
243.479,411.5,0.53167,0.531478,0.00828825,-0.0116283
244.345,411,0.536133,0.535924,0.00861686,-0.0122224
245.211,410.5,0.541041,0.54083,0.00897345,-0.0121765
246.077,410,0.546005,0.545801,0.00945703,-0.0115554
246.943,409.5,0.550791,0.550592,0.0101894,-0.0107074
247.809,409,0.555146,0.554952,0.011258,-0.00937615
248.675,408.5,0.555078,0.55488,0.0127493,-0.00760742
249.541,408,0.552114,0.551892,0.0144267,-0.00615853
250.407,407.5,0.548626,0.54836,0.0162845,-0.0051527
251.273,407,0.543991,0.543666,0.0182182,-0.00463763
252.139,406.5,0.539176,0.53878,0.0201689,-0.00449293
253.005,406,0.533805,0.533325,0.0221385,-0.00467986
253.871,405.5,0.525375,0.524803,0.0240524,-0.00464686
254.737,405,0.517397,0.516725,0.0259645,-0.00447364
255.603,404.5,0.509871,0.509092,0.0278747,-0.00416022
256.469,404,0.502461,0.501614,0.0289209,-0.00378061
257.335,403.5,0.4955,0.494596,0.0297434,-0.00320737
258.201,403,0.488782,0.487862,0.0299111,-0.00200916
259.067,402.5,0.482985,0.482061,0.0298536,-0.00062213
259.933,402,0.477892,0.476957,0.0298803,0.000709698
260.799,401.5,0.473367,0.472412,0.0299879,0.00199716
261.665,401,0.468313,0.467386,0.0293504,0.00248463
262.531,400.5,0.463079,0.462217,0.0281167,0.00275004
263.397,400,0.458999,0.458246,0.0258582,0.00470571
264.263,399.5,0.456239,0.455598,0.0232528,0.0065914
265.13,399,0.455364,0.454835,0.0203092,0.00831286
265.996,398.5,0.456014,0.455578,0.0172708,0.00995523
266.862,398,0.457072,0.456758,0.0131936,0.0106181
267.728,397.5,0.455743,0.455572,0.00817471,0.00944177
268.594,397,0.454831,0.454739,0.00404855,0.00820411
269.46,396.5,0.455434,0.455377,0.000506306,0.00713968
270.326,396,0.460876,0.460802,-0.000916013,0.00821693
271.192,395.5,0.466784,0.466699,-0.00192951,0.00870005
272.058,395,0.474948,0.474851,-0.0022566,0.00934443
272.924,394.5,0.48044,0.48043,-0.00299023,-0.000994046
273.79,394,0.483386,0.483185,-0.00567127,-0.0127354
274.656,393.5,0.48402,0.483228,-0.0102898,-0.0256944
275.522,393,0.50824,0.507732,-0.00960058,-0.0206109
276.388,392.5,0.549839,0.549646,-0.00604992,-0.0132372
277.254,392,0.590561,0.590555,0.00152946,-0.00203929
278.12,391.5,0.585268,0.585127,-0.00395704,-0.012254
278.986,391,0.605923,0.597663,-0.0544878,-0.0835006
279.852,390.5,0.621928,0.608928,-0.0697594,-0.105517
280.718,390,0.636592,0.618282,-0.0845458,-0.125813
281.584,389.5,0.649731,0.625725,-0.0988471,-0.144388
282.45,389,0.636566,0.619209,-0.0947999,-0.113178
283.316,388.5,0.629951,0.617502,-0.0898499,-0.0863487
284.182,388,0.631154,0.621704,-0.0852753,-0.0675816
285.048,387.5,0.639528,0.631813,-0.081076,-0.0568772
285.914,387,0.654671,0.647831,-0.077252,-0.0542352
286.78,386.5,0.676446,0.669756,-0.0738034,-0.0596559
287.646,386,0.670087,0.664417,-0.0692456,-0.0526499
288.512,385.5,0.636751,0.632842,-0.0628501,-0.0318205
289.378,385,0.586433,0.583631,-0.0565225,-0.00918414
290.244,384.5,0.494216,0.485485,-0.0774607,0.0505407
291.11,384,0.500734,0.484318,-0.0999053,0.0786748
291.976,383.5,0.44022,0.431399,-0.0663093,0.0573692
292.842,383,0.377511,0.373555,-0.0202102,0.0506229
293.708,382.5,0.325321,0.317449,0.0309283,0.0640564
294.574,382,0.286798,0.278314,0.0677058,0.0144938
295.44,381.5,0.263284,0.235175,0.104319,-0.0559361
296.306,381,0.296328,0.239075,0.123342,-0.124258
297.172,380.5,0.334996,0.280293,0.129841,-0.129611
298.038,380,0.382871,0.348473,0.12835,-0.0931823
298.905,379.5,0.441975,0.420347,0.128554,-0.0460916
299.771,379,0.488924,0.475412,0.114132,0.00185005
300.637,378.5,0.492521,0.486775,0.0734462,0.015275
301.503,378,0.533074,0.531624,0.0386107,0.00722499
302.369,377.5,0.572532,0.57116,0.0269045,0.029066
303.235,377,0.599931,0.598989,0.00392261,0.0333692
304.101,376.5,0.707919,0.703385,0.00810012,0.079577
304.967,376,0.826738,0.815235,0.0171078,0.136368
305.833,375.5,0.735793,0.732972,0.00726084,0.063959
306.699,375,0.737487,0.736757,-0.0150375,-0.0291482
307.565,374.5,0.764592,0.763183,-0.0180215,-0.0427423
308.431,374,0.741321,0.739814,-0.00883099,-0.0464144
309.297,373.5,0.712212,0.710006,0.00362638,-0.0559034
310.163,373,0.682152,0.676121,0.0162185,-0.0890453
311.029,372.5,0.653355,0.641408,0.0260505,-0.121614
311.895,372,0.625914,0.605868,0.0331222,-0.15361
312.761,371.5,0.543653,0.509549,0.0559723,-0.181068
313.627,371,0.553753,0.496954,0.0492212,-0.239283
314.493,370.5,0.566655,0.483702,0.0286173,-0.293789
315.359,370,0.561249,0.463934,0.00426603,-0.315829
316.225,369.5,0.554932,0.466607,-0.0197782,-0.299728
317.091,369,0.549704,0.490318,-0.0443389,-0.244534
317.957,368.5,0.563629,0.524132,-0.0694654,-0.195289
318.823,368,0.60088,0.572832,-0.0928723,-0.155867
319.689,367.5,0.65718,0.635971,-0.106156,-0.127113
320.555,367,0.707582,0.689961,-0.117989,-0.103466
321.421,366.5,0.747214,0.730893,-0.128598,-0.0871048
322.287,366,0.771027,0.758869,-0.111269,-0.0788592
323.153,365.5,0.798109,0.788706,-0.0952953,-0.0764251
324.019,365,0.82818,0.820326,-0.0810726,-0.079834
324.885,364.5,0.828022,0.820805,-0.0679075,-0.0853669
325.751,364,0.832473,0.825274,-0.0589343,-0.091982
326.617,363.5,0.841576,0.833892,-0.0541838,-0.0996875
327.483,363,0.851521,0.842117,-0.0495113,-0.116082
328.349,362.5,0.863289,0.85163,-0.0448757,-0.13409
329.215,362,0.878544,0.864959,-0.0373825,-0.149292
330.081,361.5,0.890019,0.874599,-0.0306595,-0.16208
330.947,361,0.902937,0.885655,-0.0271864,-0.1737
331.813,360.5,0.919641,0.900579,-0.0269401,-0.184314
332.679,360,0.939783,0.919671,-0.0262842,-0.191589
333.546,359.5,0.960067,0.939501,-0.0207687,-0.196562
334.412,359,0.963988,0.942349,-0.012684,-0.202712
335.278,358.5,0.962409,0.936996,-0.0129591,-0.219324
336.144,358,0.952587,0.919476,-0.0186567,-0.24827
337.01,357.5,0.946886,0.902663,-0.0299489,-0.284421
337.876,357,0.943042,0.886004,-0.0391102,-0.320617
338.742,356.5,0.906615,0.847701,-0.00180337,-0.321481
339.608,356,0.873467,0.81031,0.0379374,-0.323887
340.474,355.5,0.854726,0.783289,0.0716083,-0.334497
341.34,355,0.819656,0.729015,0.119911,-0.354956
342.206,354.5,0.787521,0.676762,0.165075,-0.367333
343.072,354,0.760566,0.629668,0.203489,-0.374928
343.938,353.5,0.726043,0.574038,0.213769,-0.389771
344.804,353,0.678511,0.506513,0.232706,-0.386872
345.67,352.5,0.621929,0.429231,0.262362,-0.365682
346.536,352,0.564343,0.338402,0.290699,-0.345632
347.402,351.5,0.494813,0.227815,0.303849,-0.3172
348.268,351,0.405276,0.0912134,0.303036,-0.253175
349.134,350.5,0.330202,-0.0337472,0.306061,-0.119252
350,350,0.318379,0.0879504,0.27134,-0.141436
350.866,349.5,0.295677,-0.111639,0.267777,0.0570685
351.732,349,0.289796,-0.139566,0.233278,0.10042
352.598,348.5,0.276605,-0.133226,0.23098,0.0735458
353.464,348,0.216812,-0.063189,0.207385,0.00247849
354.33,347.5,0.234022,-0.104287,0.208102,-0.0241646
355.196,347,0.232044,-0.0793789,0.197469,-0.0924635
356.062,346.5,0.258443,-0.0565134,0.207404,-0.143467
356.928,346,0.288728,-0.0348831,0.229309,-0.171943
357.794,345.5,0.223054,0.0442784,0.167508,-0.140477
358.66,345,0.113587,0.00616383,0.0830622,-0.0772316
359.526,344.5,0.2846,0.257566,0.0954877,-0.074425
360.392,344,0.389667,0.381653,0.0777302,-0.0117862
361.258,343.5,0.519217,0.511427,0.0752831,0.0485873
362.124,343,0.654182,0.640565,0.0749264,0.109619
362.99,342.5,0.784679,0.744012,0.0563594,0.24288
363.856,342,0.913852,0.830175,0.0358653,0.380327
364.722,341.5,1.03164,0.900547,0.0123041,0.503138
365.588,341,1.10425,0.936174,-0.0191889,0.5853
366.454,340.5,1.14343,0.954073,-0.0525177,0.628029
367.321,340,1.14699,0.955888,-0.0611678,0.630963
368.187,339.5,1.13594,0.948609,-0.0669419,0.62131
369.053,339,1.11688,0.93839,-0.0723898,0.601335
369.919,338.5,1.09707,0.929921,-0.0829975,0.576132
370.785,338,1.0787,0.923535,-0.0929155,0.549575
371.651,337.5,1.06723,0.921306,-0.0887562,0.531327
372.517,337,1.05745,0.920194,-0.0805758,0.514741
373.383,336.5,1.04738,0.918583,-0.0735716,0.497785
374.249,336,1.04744,0.927185,-0.0729363,0.481811
375.115,335.5,1.0535,0.940194,-0.0711579,0.469941
375.981,335,1.0654,0.957493,-0.06816,0.462206
376.847,334.5,1.04925,0.944682,-0.0539569,0.453416
377.713,334,1.03918,0.939336,-0.0408315,0.44257
378.579,333.5,1.03653,0.942531,-0.0283404,0.430372
379.445,333,1.02042,0.93947,-0.0301528,0.397164
380.311,332.5,1.00351,0.934116,-0.0356009,0.364965
381.177,332,0.98545,0.924878,-0.0408827,0.337701
382.043,331.5,0.97134,0.916198,-0.0443887,0.31955
382.909,331,0.960873,0.910066,-0.0493465,0.304339
383.775,330.5,0.952013,0.905268,-0.055785,0.289323
384.641,330,0.948479,0.905019,-0.056777,0.27808
385.507,329.5,0.948417,0.907988,-0.0527662,0.268827
386.373,329,0.944956,0.907499,-0.0436748,0.259768
387.239,328.5,0.94233,0.906775,-0.040745,0.253148
388.105,328,0.940391,0.906058,-0.04637,0.247474
388.971,327.5,0.935075,0.902191,-0.0508178,0.240487
389.837,327,0.926855,0.895866,-0.0514944,0.232019
390.703,326.5,0.925559,0.896392,-0.0429018,0.226497
391.569,326,0.927165,0.897831,-0.0311576,0.229266
392.435,325.5,0.929871,0.898719,-0.0170938,0.238059
393.301,325,0.937612,0.903016,-0.00256229,0.252336
394.167,324.5,0.94484,0.906788,0.010959,0.265213
395.033,324,0.951381,0.909961,0.023457,0.276671
395.899,323.5,0.958322,0.918273,0.041708,0.270957
396.765,323,0.96575,0.927153,0.0589697,0.263785
397.631,322.5,0.973316,0.935838,0.0744517,0.256921
398.497,322,0.942941,0.904841,0.0699667,0.255941
399.363,321.5,0.89113,0.852589,0.0597714,0.252254
400.229,321,0.82014,0.782026,0.0394234,0.24395
401.095,320.5,0.783114,0.748292,0.021253,0.229945
401.962,320,0.767075,0.738814,0.0121087,0.205938
402.828,319.5,0.744256,0.72265,0.00712693,0.177886
403.694,319,0.690697,0.672505,0.000805018,0.157479
404.56,318.5,0.61607,0.596228,-0.00754783,0.15491
405.426,318,0.603742,0.569051,-0.0166193,0.201019
406.292,317.5,0.568752,0.529416,-0.0225399,0.206613
407.158,317,0.534316,0.48889,-0.0276394,0.213813
408.024,316.5,0.514085,0.470907,-0.0272331,0.204421
408.89,316,0.503634,0.465886,-0.0261118,0.189513
409.756,315.5,0.497585,0.464181,-0.0267213,0.177236
410.622,315,0.495876,0.465791,-0.0290617,0.16759
411.488,314.5,0.498454,0.470717,-0.0331328,0.160575
412.354,314,0.542233,0.518307,-0.0326127,0.155922
413.22,313.5,0.587324,0.563267,-0.0318732,0.163293
414.086,313,0.630056,0.600975,-0.0316723,0.186537
414.952,312.5,0.66939,0.636143,-0.0304378,0.206101
415.818,312,0.688454,0.649155,-0.0403981,0.225686
416.684,311.5,0.739778,0.694944,-0.0361245,0.251036
417.55,311,0.759008,0.71601,-0.0203241,0.251018
418.416,310.5,0.76384,0.725452,-0.0118031,0.238812
419.282,310,0.771293,0.736883,-0.0145275,0.227347
420.148,309.5,0.78894,0.75496,-0.0100146,0.228829
421.014,309,0.809404,0.774857,-0.00203198,0.233939
421.88,308.5,0.825044,0.791785,0.00136071,0.231888
422.746,308,0.839307,0.809198,0.000701344,0.222787
423.612,307.5,0.85776,0.830847,-0.00141871,0.213177
424.478,307,0.868161,0.841959,-0.0110255,0.211394
425.344,306.5,0.870585,0.843721,-0.0242048,0.213233
426.21,306,0.841206,0.813726,-0.0089203,0.213068
427.076,305.5,0.811345,0.784671,0.0127135,0.20594
427.942,305,0.782019,0.756997,0.0401839,0.192078
428.808,304.5,0.787653,0.761863,0.0334404,0.19709
429.674,304,0.796861,0.770108,0.0298834,0.202555
430.54,303.5,0.808963,0.781608,0.0307738,0.206309
431.406,303,0.817572,0.786957,0.0234021,0.220397
432.272,302.5,0.834059,0.799488,0.0105738,0.237404
433.138,302,0.858182,0.818765,-0.00513682,0.25705
434.004,301.5,0.889272,0.844756,-0.00192905,0.277826
434.87,301,0.919645,0.871593,0.00740374,0.293287
435.737,300.5,0.945717,0.895292,0.0160232,0.304263
436.603,300,0.961381,0.910326,0.0188908,0.308552
437.469,299.5,0.970738,0.919848,0.0177472,0.309672
438.335,299,0.974235,0.922861,0.0203482,0.311524
439.201,298.5,0.964258,0.914069,0.0275148,0.3058
440.067,298,0.94869,0.901986,0.0340767,0.292015
440.933,297.5,0.936721,0.894779,0.0361686,0.274787
441.799,297,0.927656,0.889981,0.0303901,0.259916
442.665,296.5,0.915312,0.875583,0.0120163,0.266469
443.531,296,0.904258,0.861004,-0.00705168,0.276232
444.397,295.5,0.898823,0.853022,-0.0253976,0.282121
445.263,295,0.882712,0.838301,-0.0371823,0.273951
446.129,294.5,0.857294,0.813774,-0.0473193,0.265491
446.995,294,0.822531,0.77944,-0.0558086,0.25674
447.861,293.5,0.796195,0.756462,-0.0520325,0.242867
448.727,293,0.778608,0.739321,-0.0500107,0.239026
449.593,292.5,0.768829,0.726384,-0.0509573,0.246716
450.459,292,0.770444,0.72686,-0.0496422,0.250588
451.325,291.5,0.772372,0.725377,-0.0501042,0.260531
452.191,291,0.76236,0.712098,-0.0454357,0.268411
453.057,290.5,0.736612,0.699063,-0.0329924,0.229824
453.923,290,0.731747,0.707827,-0.0285335,0.18336
454.789,289.5,0.75166,0.735679,-0.0320648,0.1508
455.655,289,0.773106,0.760471,-0.027944,0.136363
456.521,288.5,0.767314,0.755354,-0.00404075,0.134889
457.387,288,0.749793,0.738413,0.0149875,0.129273
458.253,287.5,0.739612,0.730969,0.02405,0.110146
459.119,287,0.751558,0.746927,0.0235875,0.0799001
459.985,286.5,0.769627,0.767214,0.0203876,0.0573926
460.851,286,0.791251,0.789906,0.0137647,0.0440163
461.717,285.5,0.79676,0.795311,0.00655394,0.0475777
462.583,285,0.794688,0.793203,0.00151739,0.0485377
463.449,284.5,0.792803,0.791508,-0.00671225,0.0448004
464.315,284,0.793901,0.793031,-0.0115889,0.0353166
465.181,283.5,0.797063,0.796318,-0.0187429,0.0288977
466.047,283,0.802357,0.801452,-0.0281082,0.0257438
466.913,282.5,0.817834,0.816869,-0.0262318,0.0298441
467.779,282,0.833135,0.83184,-0.029898,0.0355237
468.645,281.5,0.848216,0.846284,-0.0386879,0.0421449
469.512,281,0.853164,0.850281,-0.0417818,0.0562564
470.378,280.5,0.852786,0.849001,-0.036501,0.071478
471.244,280,0.847718,0.844106,-0.0271922,0.073296
472.11,279.5,0.835008,0.832897,-0.0161813,0.0570894
472.976,279,0.820195,0.81931,-0.00670042,0.0374994
473.842,278.5,0.805819,0.805605,-0.00200423,0.0184715
474.708,278,0.791385,0.791353,-0.00419912,0.00569837
475.574,277.5,0.777155,0.777033,-0.0107538,0.00866882
476.44,277,0.747279,0.747075,-0.00916535,0.014846
477.306,276.5,0.714771,0.714585,-0.00367331,0.0159012
478.172,276,0.686131,0.685938,0.00915759,0.01347
479.038,275.5,0.656918,0.656381,0.0226853,0.0137886
