x,v,vx,vy,vz
220.096,425,0.628774,0.628566,0.00549175,0.0152062
220.962,424.5,0.626812,0.626597,0.00587413,0.0153625
221.828,424,0.624838,0.624615,0.00625894,0.0154904
222.694,423.5,0.622862,0.622632,0.00664858,0.0155896
223.56,423,0.620513,0.620276,0.00691217,0.0156606
224.426,422.5,0.618079,0.617839,0.00715325,0.0156981
225.292,422,0.615659,0.615412,0.00743301,0.0157851
226.158,421.5,0.612975,0.612722,0.00764431,0.015854
227.024,421,0.610153,0.609896,0.00781686,0.0158993
227.89,420.5,0.607324,0.607063,0.00798967,0.0159229
228.756,420,0.604429,0.604163,0.0082554,0.0159295
229.622,419.5,0.601384,0.601112,0.00863175,0.015911
230.488,419,0.598234,0.597956,0.00902594,0.0158639
231.355,418.5,0.594988,0.594703,0.00946949,0.0158173
232.221,418,0.591567,0.591272,0.0100061,0.0157885
233.087,417.5,0.588139,0.587833,0.010543,0.0157451
233.953,417,0.584732,0.584417,0.0110127,0.0157132
234.819,416.5,0.58145,0.581124,0.0112302,0.0159141
235.685,416,0.578225,0.577887,0.0114357,0.0161095
236.551,415.5,0.575067,0.574718,0.0116335,0.0163004
237.417,415,0.572303,0.571937,0.012001,0.0165736
238.283,414.5,0.569595,0.569211,0.012412,0.0168325
239.149,414,0.566991,0.566588,0.0127693,0.0171111
240.015,413.5,0.564332,0.563914,0.0128387,0.0175031
240.881,413,0.56169,0.561258,0.0128858,0.0178517
241.747,412.5,0.559086,0.558642,0.0129399,0.0181396
242.613,412,0.556534,0.556077,0.0131461,0.0183351
243.479,411.5,0.554007,0.553537,0.0134367,0.0184446
244.345,411,0.551364,0.55088,0.0138219,0.0185163
245.211,410.5,0.548485,0.547988,0.0142716,0.0184727
246.077,410,0.545437,0.54493,0.0147684,0.018306
246.943,409.5,0.542412,0.541896,0.0152837,0.0180442
247.809,409,0.539347,0.538827,0.0159288,0.0175436
248.675,408.5,0.536273,0.535754,0.0166058,0.0167346
249.541,408,0.533329,0.532819,0.017162,0.015795
250.407,407.5,0.530445,0.529948,0.0177443,0.0145711
251.273,407,0.527525,0.527046,0.0184613,0.0128235
252.139,406.5,0.524689,0.524223,0.0191869,0.0109917
253.005,406,0.521931,0.521472,0.0199134,0.00906312
253.871,405.5,0.51915,0.518699,0.0205061,0.00690262
254.737,405,0.516316,0.515865,0.0210513,0.00463667
255.603,404.5,0.513429,0.512972,0.021549,0.00226527
256.469,404,0.510502,0.510042,0.0216596,-3.42408e-06
257.335,403.5,0.507399,0.506926,0.0217776,-0.0022762
258.201,403,0.504424,0.503929,0.0218466,-0.00462558
259.067,402.5,0.50216,0.501672,0.0212231,-0.00626651
259.933,402,0.500025,0.49955,0.0204375,-0.00754334
260.799,401.5,0.497842,0.497377,0.0196825,-0.00866099
261.665,401,0.496068,0.495667,0.0178609,-0.00887095
262.531,400.5,0.494498,0.494194,0.0152336,-0.00828519
263.397,400,0.492861,0.492648,0.0124353,-0.00746357
264.263,399.5,0.492379,0.492253,0.00928263,-0.00609502
265.13,399,0.493186,0.493136,0.00574979,-0.0040156
265.996,398.5,0.493996,0.493987,0.00241281,-0.0016794
266.862,398,0.495114,0.495112,-0.000905745,0.000889667
267.728,397.5,0.49695,0.496912,-0.00454686,0.00417987
268.594,397,0.498641,0.498513,-0.00801566,0.00792687
269.46,396.5,0.500463,0.500202,-0.0110662,0.01175
270.326,396,0.503955,0.50358,-0.0126315,0.0147582
271.192,395.5,0.507487,0.506985,-0.0139437,0.0177568
272.058,395,0.510681,0.510051,-0.0147703,0.0205892
272.924,394.5,0.511041,0.510358,-0.0148372,0.0218453
273.79,394,0.511482,0.510737,-0.0149786,0.0231802
274.656,393.5,0.512028,0.511211,-0.0151933,0.0246107
275.522,393,0.514813,0.513968,-0.0145693,0.0256321
276.388,392.5,0.51813,0.51724,-0.0143297,0.0267724
277.254,392,0.522332,0.521354,-0.0143683,0.0285386
278.12,391.5,0.5254,0.524293,-0.0152327,0.0304957
278.986,391,0.527442,0.526185,-0.0168095,0.0322742
279.852,390.5,0.52907,0.527653,-0.0186643,0.0338902
280.718,390,0.533428,0.531934,-0.0181441,0.0355362
281.584,389.5,0.54067,0.539133,-0.0153112,0.0377596
282.45,389,0.546786,0.545103,-0.0134538,0.0407074
283.316,388.5,0.550546,0.54862,-0.0145356,0.0436509
284.182,388,0.551638,0.549395,-0.019869,0.0455542
285.048,387.5,0.554113,0.551502,-0.025056,0.0475206
285.914,387,0.558251,0.555307,-0.0285503,0.0496337
286.78,386.5,0.560355,0.557527,-0.0252909,0.0502243
287.646,386,0.562926,0.56015,-0.0195273,0.0523104
288.512,385.5,0.56717,0.56422,-0.0118748,0.0565395
289.378,385,0.582854,0.579167,-0.018804,0.0626986
290.244,384.5,0.603706,0.599249,-0.0271484,0.0680086
291.11,384,0.631398,0.625008,-0.0386963,0.0808143
291.976,383.5,0.666259,0.654354,-0.037675,0.119593
292.842,383,0.700074,0.683172,-0.0314494,0.149634
293.708,382.5,0.731442,0.71128,-0.0220902,0.16912
294.574,382,0.743891,0.724862,-0.012022,0.166748
295.44,381.5,0.749358,0.732931,-0.00126669,0.156039
296.306,381,0.745969,0.733188,0.00706377,0.137316
297.172,380.5,0.748878,0.738323,0.00326142,0.125248
298.038,380,0.787193,0.775213,0.000568125,0.136809
298.905,379.5,0.773275,0.763672,-0.0186064,0.120054
299.771,379,0.792263,0.782214,-0.025736,0.123124
300.637,378.5,0.813304,0.802509,-0.0326399,0.127974
301.503,378,0.835147,0.823348,-0.042534,0.133265
302.369,377.5,0.857202,0.844223,-0.0536507,0.138579
303.235,377,0.881198,0.867347,-0.0657811,0.14104
304.101,376.5,0.904837,0.889768,-0.0790587,0.144196
304.967,376,0.927316,0.91104,-0.0928683,0.145931
305.833,375.5,0.933262,0.921347,-0.0891286,0.118974
306.699,375,0.932869,0.923755,-0.0921732,0.0917908
307.565,374.5,0.926404,0.918399,-0.102788,0.0648299
308.431,374,0.914632,0.907872,-0.102583,0.0423924
309.297,373.5,0.90213,0.896037,-0.102888,0.0192474
310.163,373,0.89053,0.88529,-0.0959607,-0.00986802
311.029,372.5,0.881055,0.877117,-0.075204,-0.0356076
311.895,372,0.868504,0.865044,-0.0564183,-0.0530456
312.761,371.5,0.851985,0.848546,-0.0408013,-0.0646814
313.627,371,0.840137,0.836007,-0.0350697,-0.0754494
314.493,370.5,0.833273,0.827888,-0.0385161,-0.0863756
315.359,370,0.83193,0.825209,-0.052793,-0.0913785
316.225,369.5,0.834575,0.826568,-0.0619526,-0.0972829
317.091,369,0.838911,0.829054,-0.0674569,-0.109049
317.957,368.5,0.843152,0.830903,-0.0725359,-0.123469
318.823,368,0.845301,0.829691,-0.0770675,-0.142154
319.689,367.5,0.850545,0.829752,-0.0806466,-0.168622
320.555,367,0.866363,0.839636,-0.084694,-0.196017
321.421,366.5,0.886475,0.853081,-0.0919327,-0.222798
322.287,366,0.905539,0.863526,-0.114483,-0.247423
323.153,365.5,0.932135,0.877853,-0.148858,-0.275844
324.019,365,0.965387,0.89462,-0.191895,-0.307903
324.885,364.5,0.924185,0.860365,-0.146241,-0.304145
325.751,364,0.891947,0.830683,-0.0988677,-0.309452
326.617,363.5,0.86991,0.80576,-0.0500464,-0.324021
327.483,363,0.846255,0.781641,-0.00383862,-0.3243
328.349,362.5,0.815892,0.751074,0.0395644,-0.316229
329.215,362,0.778777,0.715068,0.0706843,-0.300291
330.081,361.5,0.748825,0.68337,0.0861158,-0.293817
330.947,361,0.721216,0.652428,0.0959138,-0.292046
331.813,360.5,0.692181,0.620117,0.103128,-0.289715
332.679,360,0.665162,0.593182,0.102132,-0.283098
333.546,359.5,0.639532,0.574595,0.0961727,-0.263803
334.412,359,0.608588,0.55553,0.0924174,-0.230705
335.278,358.5,0.591683,0.547716,0.0913972,-0.20431
336.144,358,0.593816,0.555525,0.0907292,-0.189147
337.01,357.5,0.589547,0.558332,0.0900684,-0.166488
337.876,357,0.578203,0.554371,0.0920679,-0.13607
338.742,356.5,0.561061,0.539463,0.104553,-0.113302
339.608,356,0.535312,0.514659,0.113484,-0.0938411
340.474,355.5,0.498791,0.47884,0.118625,-0.0737102
341.34,355,0.458676,0.437433,0.114486,-0.0769953
342.206,354.5,0.417026,0.395137,0.108887,-0.0769483
343.072,354,0.372224,0.349874,0.10016,-0.0781465
343.938,353.5,0.312745,0.259729,0.109552,-0.135457
344.804,353,0.265949,0.155782,0.114501,-0.182621
345.67,352.5,0.245035,0.0416557,0.111412,-0.214229
346.536,352,0.218919,-0.0494256,0.104016,-0.18618
347.402,351.5,0.253917,-0.181361,0.0624047,-0.166396
348.268,351,0.2648,-0.246303,0.0239081,-0.0942449
349.134,350.5,0.322725,-0.251348,0.141834,0.144426
350,350,0.528225,-0.330157,0.1954,0.363094
350.866,349.5,0.655694,-0.382745,0.130492,0.516152
351.732,349,0.646835,-0.371608,0.145913,0.508932
352.598,348.5,0.550358,-0.34575,0.120291,0.410951
353.464,348,0.479586,-0.304246,0.214856,0.302117
354.33,347.5,0.357052,-0.290358,0.1262,0.165083
355.196,347,0.299181,-0.286686,0.0845909,0.0128345
356.062,346.5,0.273243,-0.238851,0.0678008,-0.114085
356.928,346,0.300614,-0.169146,0.0156464,-0.24802
357.794,345.5,0.391543,-0.118263,-0.0294235,-0.372094
358.66,345,0.47104,-0.097912,-0.126093,-0.443162
359.526,344.5,0.53444,-0.0258781,-0.130704,-0.517564
360.392,344,0.598487,0.029089,-0.122713,-0.585049
361.258,343.5,0.61674,0.081258,-0.0606617,-0.608346
362.124,343,0.675467,0.141203,-0.0116742,-0.66044
362.99,342.5,0.65208,0.161206,-0.0037281,-0.631828
363.856,342,0.650665,0.177802,0.0203501,-0.625569
364.722,341.5,0.575742,0.178069,0.0194118,-0.547169
365.588,341,0.554411,0.204505,0.0336298,-0.514216
366.454,340.5,0.551018,0.235539,0.0396145,-0.496561
367.321,340,0.528895,0.250299,0.0270866,-0.465131
368.187,339.5,0.475437,0.247875,0.0138131,-0.405472
369.053,339,0.423226,0.249311,-0.00637853,-0.341941
369.919,338.5,0.386446,0.262064,-0.037416,-0.281537
370.785,338,0.365282,0.281384,-0.083209,-0.217555
371.651,337.5,0.361022,0.291223,-0.138209,-0.162556
372.517,337,0.365536,0.290809,-0.175208,-0.135458
373.383,336.5,0.361022,0.283828,-0.191872,-0.11386
374.249,336,0.33707,0.263093,-0.175256,-0.116976
375.115,335.5,0.31029,0.242714,-0.145655,-0.127099
375.981,335,0.284586,0.222683,-0.103113,-0.144116
376.847,334.5,0.253175,0.212415,-0.0611039,-0.123467
377.713,334,0.228015,0.205947,-0.0223625,-0.095272
378.579,333.5,0.211766,0.202444,0.0128499,-0.0607942
379.445,333,0.198712,0.195468,0.0293968,-0.0203627
380.311,332.5,0.190021,0.185336,0.0379665,0.0178144
381.177,332,0.18401,0.172278,0.037409,0.0527315
382.043,331.5,0.183428,0.16087,0.030286,0.082761
382.909,331,0.190902,0.152802,0.0221026,0.112279
383.775,330.5,0.205485,0.146884,0.0130312,0.143106
384.641,330,0.225029,0.147982,0.00316064,0.169498
385.507,329.5,0.245903,0.154788,-0.00630561,0.190969
386.373,329,0.26274,0.158549,-0.0115525,0.209191
387.239,328.5,0.281128,0.163922,-0.0145497,0.227928
388.105,328,0.300091,0.171628,-0.0143858,0.245747
388.971,327.5,0.320366,0.17972,-0.0134937,0.264864
389.837,327,0.341055,0.18892,-0.0123989,0.28368
390.703,326.5,0.361088,0.202868,-0.0127656,0.29844
391.569,326,0.382888,0.216818,-0.0122356,0.315346
392.435,325.5,0.404364,0.228917,-0.0104184,0.333165
393.301,325,0.421878,0.238649,-0.00685163,0.347824
394.167,324.5,0.439211,0.248547,-0.00388413,0.362098
395.033,324,0.456339,0.258757,-0.00164193,0.375882
395.899,323.5,0.469664,0.271566,-0.003059,0.38318
396.765,323,0.482938,0.28338,-0.0039283,0.391037
397.631,322.5,0.496511,0.294173,-0.0041278,0.399961
398.497,322,0.507976,0.304388,-0.00493892,0.406648
399.363,321.5,0.518529,0.315397,-0.00557477,0.411541
400.229,321,0.529989,0.328117,-0.0063718,0.416158
401.095,320.5,0.541521,0.340042,-0.00805678,0.421369
401.962,320,0.552313,0.351337,-0.0101124,0.42604
402.828,319.5,0.562837,0.362216,-0.0121349,0.430625
403.694,319,0.573028,0.373242,-0.0141436,0.434571
404.56,318.5,0.583579,0.386738,-0.0159231,0.436743
405.426,318,0.597106,0.405575,-0.0153689,0.437959
406.292,317.5,0.609623,0.421385,-0.0149117,0.440287
407.158,317,0.62127,0.436897,-0.0138811,0.441481
408.024,316.5,0.632405,0.451864,-0.0133228,0.442242
408.89,316,0.642731,0.46623,-0.0132227,0.44222
409.756,315.5,0.652317,0.48278,-0.0141318,0.438453
410.622,315,0.661725,0.499006,-0.0159397,0.434303
411.488,314.5,0.669682,0.513051,-0.0182354,0.430024
412.354,314,0.677106,0.525864,-0.0194861,0.426098
413.22,313.5,0.684307,0.539074,-0.0202827,0.421027
414.086,313,0.691377,0.553028,-0.0211475,0.414384
414.952,312.5,0.695647,0.565212,-0.0221689,0.40493
415.818,312,0.699,0.57665,-0.0210287,0.394504
416.684,311.5,0.702159,0.58814,-0.018023,0.383136
417.55,311,0.703921,0.595869,-0.0154897,0.37444
418.416,310.5,0.704217,0.600903,-0.013457,0.366956
419.282,310,0.703133,0.605328,-0.0113876,0.357553
420.148,309.5,0.702323,0.609695,-0.0111445,0.348432
421.014,309,0.702294,0.614232,-0.0124983,0.340265
421.88,308.5,0.702104,0.618497,-0.0136948,0.332
422.746,308,0.701758,0.622315,-0.0144939,0.324003
423.612,307.5,0.701232,0.625587,-0.0146444,0.316469
424.478,307,0.700409,0.628823,-0.0146036,0.308125
425.344,306.5,0.699501,0.631652,-0.014138,0.300197
426.21,306,0.698206,0.633579,-0.0125196,0.293109
427.076,305.5,0.696843,0.635207,-0.0107316,0.286333
427.942,305,0.695383,0.636514,-0.00878877,0.279876
428.808,304.5,0.692196,0.635773,-0.00749575,0.273625
429.674,304,0.688784,0.634702,-0.00599848,0.267471
430.54,303.5,0.685262,0.633353,-0.00435658,0.26159
431.406,303,0.68192,0.631949,-0.0040927,0.256198
432.272,302.5,0.678455,0.630305,-0.00405203,0.250999
433.138,302,0.675021,0.628613,-0.0040182,0.245934
434.004,301.5,0.672627,0.627913,-0.00424494,0.24111
434.87,301,0.670477,0.627389,-0.00459299,0.236436
435.737,300.5,0.6683,0.626775,-0.00497533,0.231846
436.603,300,0.666383,0.626346,-0.00487738,0.22745
437.469,299.5,0.664708,0.62609,-0.00437199,0.223224
438.335,299,0.664162,0.62696,-0.00392119,0.219128
439.201,298.5,0.663997,0.628146,-0.00347832,0.215205
440.067,298,0.66405,0.629461,-0.00299361,0.211501
440.933,297.5,0.664144,0.630772,-0.002533,0.207864
441.799,297,0.664274,0.632062,-0.0021461,0.204334
442.665,296.5,0.664729,0.633606,-0.00198181,0.201007
443.531,296,0.66574,0.635693,-0.00191166,0.197737
444.397,295.5,0.666711,0.637701,-0.00186116,0.194518
445.263,295,0.667517,0.639441,-0.00189296,0.191548
446.129,294.5,0.668282,0.64111,-0.00194437,0.188613
446.995,294,0.669006,0.64271,-0.00201539,0.185713
447.861,293.5,0.669414,0.643908,-0.00184109,0.183011
448.727,293,0.66975,0.645001,-0.0016871,0.180375
449.593,292.5,0.670043,0.646023,-0.00158034,0.177791
450.459,292,0.67005,0.646683,-0.001396,0.175402
451.325,291.5,0.669969,0.647217,-0.00120545,0.173113
452.191,291,0.669523,0.647346,-0.00101408,0.17089
453.057,290.5,0.668639,0.646971,-0.00088124,0.168837
453.923,290,0.667811,0.646619,-0.000820678,0.1669
454.789,289.5,0.667004,0.646269,-0.000775812,0.165014
455.655,289,0.66631,0.646006,-0.000692471,0.163233
456.521,288.5,0.665761,0.64586,-0.000540239,0.161561
457.387,288,0.664064,0.644504,-0.000265288,0.15999
458.253,287.5,0.662355,0.643114,3.20089e-05,0.158485
459.119,287,0.660733,0.641789,0.00040106,0.157084
459.985,286.5,0.659172,0.640517,0.000774013,0.155711
460.851,286,0.657662,0.639287,0.00114827,0.15437
461.717,285.5,0.655503,0.637382,0.00148929,0.153055
462.583,285,0.652679,0.634804,0.00179929,0.151691
463.449,284.5,0.64983,0.632211,0.00209012,0.150277
464.315,284,0.646691,0.629376,0.00222476,0.148627
465.181,283.5,0.643466,0.626468,0.00232724,0.146904
466.047,283,0.640151,0.623482,0.00240349,0.145113
466.913,282.5,0.635978,0.619692,0.00233491,0.142985
467.779,282,0.631782,0.61588,0.00217813,0.140842
468.645,281.5,0.627599,0.612074,0.00198303,0.138715
469.512,281,0.623569,0.608406,0.00166298,0.136668
470.378,280.5,0.619673,0.604848,0.00127345,0.134728
471.244,280,0.616186,0.601679,0.000909649,0.132916
472.11,279.5,0.613191,0.598988,0.000601258,0.131212
472.976,279,0.610358,0.596443,0.00031026,0.129585
473.842,278.5,0.607533,0.59389,1.1341e-05,0.128025
474.708,278,0.604788,0.591408,-0.000220766,0.126512
475.574,277.5,0.602344,0.589227,-0.000312697,0.125021
476.44,277,0.601315,0.588492,-0.000365538,0.123519
477.306,276.5,0.600252,0.587709,-0.00038629,0.122064
478.172,276,0.599196,0.586921,-0.00022383,0.120664
479.038,275.5,0.598177,0.586154,-8.94794e-05,0.119327
