x,v,vx,vy,vz
220.096,425,0.578096,0.578047,0.0037706,-0.0065839
220.962,424.5,0.576833,0.576797,0.00316457,-0.00563049
221.828,424,0.57575,0.575726,0.00261155,-0.00466379
222.694,423.5,0.574849,0.574833,0.00211093,-0.00368554
223.56,423,0.57422,0.574211,0.00175876,-0.00265271
224.426,422.5,0.573778,0.573774,0.0015074,-0.00157349
225.292,422,0.574231,0.574227,0.00205566,-0.000341628
226.158,421.5,0.574847,0.57484,0.00268306,0.000889767
227.024,421,0.575487,0.575473,0.00328639,0.00212802
227.89,420.5,0.57609,0.576068,0.00385174,0.00337801
228.756,420,0.576818,0.576784,0.00439063,0.00458457
229.622,419.5,0.577711,0.577662,0.00459582,0.00595754
230.488,419,0.578682,0.578614,0.00450412,0.00763052
231.355,418.5,0.579764,0.579672,0.00445248,0.00932625
232.221,418,0.581003,0.580882,0.00438439,0.0110169
233.087,417.5,0.582228,0.582072,0.00435608,0.0127585
233.953,417,0.583488,0.583292,0.0043252,0.0145037
234.819,416.5,0.584445,0.584227,0.00367662,0.0155474
235.685,416,0.585255,0.585014,0.00300945,0.0165208
236.551,415.5,0.58593,0.585666,0.0023309,0.0174232
237.417,415,0.586594,0.586315,0.00163904,0.018005
238.283,414.5,0.587034,0.586742,0.000923252,0.0185078
239.149,414,0.587042,0.58674,0.00038348,0.0188462
240.015,413.5,0.587053,0.586747,-0.000116049,0.0189522
240.881,413,0.587066,0.586755,-0.000659424,0.0190858
241.747,412.5,0.587041,0.586724,-0.00122956,0.0192682
242.613,412,0.587215,0.58689,-0.00179213,0.0194371
243.479,411.5,0.587465,0.587133,-0.00237531,0.0195938
244.345,411,0.587746,0.587409,-0.00293285,0.0196924
245.211,410.5,0.588129,0.587787,-0.00340194,0.0197601
246.077,410,0.588581,0.588235,-0.00380097,0.0198064
246.943,409.5,0.589006,0.588657,-0.00421654,0.0198362
247.809,409,0.589476,0.589124,-0.00457687,0.0198493
248.675,408.5,0.589709,0.589352,-0.0048508,0.0199514
249.541,408,0.589678,0.589312,-0.00515989,0.0201183
250.407,407.5,0.589672,0.589298,-0.00547148,0.0202699
251.273,407,0.589821,0.589441,-0.0057017,0.0203899
252.139,406.5,0.589949,0.589562,-0.00593062,0.0205272
253.005,406,0.590107,0.589713,-0.00615415,0.0206523
253.871,405.5,0.590763,0.59037,-0.00631872,0.0205777
254.737,405,0.591486,0.591092,-0.00647925,0.0206008
255.603,404.5,0.592278,0.591878,-0.00663575,0.0207215
256.469,404,0.593416,0.593014,-0.00660605,0.0208162
257.335,403.5,0.594673,0.594265,-0.00658844,0.0210226
258.201,403,0.596216,0.59579,-0.00662257,0.021536
259.067,402.5,0.59801,0.597563,-0.00652076,0.0221731
259.933,402,0.599865,0.599395,-0.00636636,0.0228737
260.799,401.5,0.601761,0.601263,-0.00620072,0.0236661
261.665,401,0.603607,0.603087,-0.0060165,0.024328
262.531,400.5,0.605403,0.604862,-0.00581778,0.0249008
263.397,400,0.607056,0.606493,-0.00561822,0.0255143
264.263,399.5,0.608443,0.607863,-0.00539828,0.0260216
265.13,399,0.609506,0.608915,-0.00514045,0.0263328
265.996,398.5,0.610491,0.609889,-0.00488625,0.0266488
266.862,398,0.611157,0.610551,-0.00469249,0.0267884
267.728,397.5,0.610258,0.609675,-0.00444591,0.026295
268.594,397,0.608669,0.608116,-0.00414927,0.0255928
269.46,396.5,0.606595,0.606081,-0.00387656,0.0246542
270.326,396,0.603299,0.602849,-0.0035552,0.0230073
271.192,395.5,0.599569,0.599189,-0.0032831,0.0210881
272.058,395,0.595204,0.594903,-0.00295799,0.0186845
272.924,394.5,0.588273,0.588097,-0.00197387,0.0142719
273.79,394,0.580925,0.580848,-0.00102047,0.00938955
274.656,393.5,0.573192,0.573177,-0.000103159,0.00405143
275.522,393,0.564185,0.564177,0.0011007,-0.00264797
276.388,392.5,0.55473,0.554638,0.00213566,-0.009881
277.254,392,0.54567,0.545378,0.00293439,-0.0176123
278.12,391.5,0.537139,0.536493,0.00366567,-0.0260831
278.986,391,0.529069,0.527903,0.00428114,-0.0348476
279.852,390.5,0.521402,0.519547,0.00479172,-0.043678
280.718,390,0.515206,0.512612,0.00514469,-0.0513774
281.584,389.5,0.511217,0.507955,0.00505575,-0.0574346
282.45,389,0.508845,0.50495,0.0044342,-0.0626874
283.316,388.5,0.507426,0.503001,0.0036974,-0.0667697
284.182,388,0.506814,0.502043,0.00298798,-0.0693161
285.048,387.5,0.506761,0.501596,0.00222943,-0.0721339
285.914,387,0.507113,0.501526,0.00160968,-0.0750544
286.78,386.5,0.508457,0.502588,0.00187584,-0.0770123
287.646,386,0.510678,0.504481,0.00220815,-0.0792829
288.512,385.5,0.513474,0.506883,0.00257201,-0.0819655
289.378,385,0.514818,0.507894,0.0026051,-0.0841108
290.244,384.5,0.51671,0.509406,0.00251232,-0.086535
291.11,384,0.519527,0.511798,0.00231846,-0.0892516
291.976,383.5,0.523329,0.515434,0.000605704,-0.0905571
292.842,383,0.527165,0.519167,-0.000988153,-0.091473
293.708,382.5,0.531043,0.522972,-0.00224138,-0.0922019
294.574,382,0.535257,0.527198,-0.00273138,-0.0924918
295.44,381.5,0.539417,0.531414,-0.00255492,-0.0925378
296.306,381,0.548207,0.540095,-0.0032783,-0.0939014
297.172,380.5,0.55703,0.54815,-0.00522146,-0.098929
298.038,380,0.565134,0.554752,-0.00795416,-0.107531
298.905,379.5,0.573377,0.561047,-0.0105157,-0.117797
299.771,379,0.581539,0.567075,-0.0136047,-0.128174
300.637,378.5,0.593186,0.577546,-0.0191193,-0.13396
301.503,378,0.612033,0.596742,-0.0291336,-0.132797
302.369,377.5,0.636572,0.622357,-0.042402,-0.126877
303.235,377,0.670321,0.657162,-0.0551913,-0.120093
304.101,376.5,0.709172,0.696408,-0.0669615,-0.116002
304.967,376,0.751209,0.738583,-0.0761826,-0.114049
305.833,375.5,0.759114,0.750046,-0.0519061,-0.104837
306.699,375,0.76605,0.75916,-0.0283302,-0.0985211
307.565,374.5,0.772734,0.766803,-0.00639908,-0.0953403
308.431,374,0.781124,0.775888,0.00371529,-0.0902104
309.297,373.5,0.788803,0.784291,0.00971309,-0.0836935
310.163,373,0.794345,0.790697,0.00896609,-0.0755079
311.029,372.5,0.798119,0.79507,0.00846209,-0.0691841
311.895,372,0.800026,0.797347,0.00942504,-0.0647367
312.761,371.5,0.800066,0.797616,0.0108596,-0.0616097
313.627,371,0.798672,0.796169,0.0111585,-0.0621834
314.493,370.5,0.797068,0.794438,0.00971725,-0.0639513
315.359,370,0.790193,0.787314,0.00679962,-0.0670533
316.225,369.5,0.783536,0.780455,0.00620777,-0.0691437
317.091,369,0.777232,0.774114,0.00818603,-0.0690654
317.957,368.5,0.770796,0.767707,0.0100764,-0.0681965
318.823,368,0.765717,0.762969,0.0127705,-0.0635427
319.689,367.5,0.761099,0.759467,0.0156943,-0.0472739
320.555,367,0.752747,0.752084,0.0159302,-0.0272754
321.421,366.5,0.744575,0.744413,0.0143405,-0.00598478
322.287,366,0.736487,0.736202,0.00990532,0.0179569
323.153,365.5,0.7272,0.726051,0.00567089,0.0404682
324.019,365,0.715966,0.713365,0.00182308,0.0609482
324.885,364.5,0.700903,0.697144,0.0015909,0.0724765
325.751,364,0.68467,0.679264,-0.00090266,0.0858649
326.617,363.5,0.66743,0.6597,-0.00566971,0.101124
327.483,363,0.643936,0.635959,-0.0150124,0.0999199
328.349,362.5,0.616057,0.607883,-0.0248353,0.0968925
329.215,362,0.588561,0.581354,-0.0199538,0.0896259
330.081,361.5,0.553385,0.550171,-0.00165899,0.0595323
330.947,361,0.514026,0.513133,0.0183055,0.0241208
331.813,360.5,0.472196,0.470461,0.0396461,-0.00797448
332.679,360,0.434157,0.429888,0.0553143,-0.0250752
333.546,359.5,0.407175,0.402461,0.0559422,-0.0262118
334.412,359,0.413558,0.411795,0.0342159,-0.0168527
335.278,358.5,0.440538,0.440209,0.0144674,0.00895045
336.144,358,0.494281,0.491567,-0.00140943,0.0517112
337.01,357.5,0.550137,0.540511,-0.0192826,0.100627
337.876,357,0.602734,0.583825,-0.0361425,0.145365
338.742,356.5,0.656994,0.642517,-0.0231803,0.135188
339.608,356,0.718525,0.70897,-0.00699584,0.116578
340.474,355.5,0.7726,0.766611,0.00266984,0.0959793
341.34,355,0.79894,0.798141,0.00513873,0.0353667
342.206,354.5,0.808452,0.808248,0.000295172,-0.0181571
343.072,354,0.797383,0.794705,-0.00915394,-0.0646489
343.938,353.5,0.868614,0.865233,0.0124027,-0.0755475
344.804,353,0.942655,0.937173,0.0433287,-0.0918014
345.67,352.5,1.00807,0.997873,0.0813364,-0.117597
346.536,352,0.992186,0.975249,0.120316,-0.137282
347.402,351.5,0.9574,0.933993,0.172804,-0.120043
348.268,351,0.906457,0.87025,0.235534,-0.0940903
349.134,350.5,0.833428,0.781858,0.280186,-0.069255
350,350,0.721169,0.653695,0.304529,-0.00543668
350.866,349.5,0.563536,0.464443,0.313553,0.0595821
351.732,349,0.389028,0.258811,0.270486,0.105818
352.598,348.5,0.299189,0.190378,0.180971,0.143246
353.464,348,0.289372,0.188356,0.109718,0.190315
354.33,347.5,0.3606,0.228495,0.0641639,0.271487
355.196,347,0.384301,0.25268,0.0174783,0.289024
356.062,346.5,0.391219,0.287774,0.00609365,0.264956
356.928,346,0.385499,0.316808,0.0136789,0.219216
357.794,345.5,0.391266,0.335818,0.000427553,0.200787
358.66,345,0.405635,0.360266,-0.0145782,0.185838
359.526,344.5,0.522037,0.493795,-0.0508794,0.161555
360.392,344,0.541199,0.523474,-0.0404173,0.131296
361.258,343.5,0.549442,0.539237,-0.0271998,0.101834
362.124,343,0.546126,0.541085,-0.0112268,0.0731703
362.99,342.5,0.531008,0.529018,0.00750165,0.045304
363.856,342,0.514266,0.513355,0.0245453,0.0182885
364.722,341.5,0.537181,0.536908,0.015569,-0.00711715
365.588,341,0.567074,0.566369,0.00204292,-0.0281936
366.454,340.5,0.597853,0.596133,-0.00889587,-0.0444394
367.321,340,0.628921,0.626199,-0.0172474,-0.0558547
368.187,339.5,0.659931,0.656568,-0.0230116,-0.0624393
369.053,339,0.694935,0.692881,-0.0158752,-0.0509798
369.919,338.5,0.752849,0.75063,-0.0158623,-0.0555481
370.785,338,0.808825,0.806634,-0.0152831,-0.0574996
371.651,337.5,0.849253,0.84652,-0.0161811,-0.0661293
372.517,337,0.86964,0.866241,-0.0167649,-0.0749665
373.383,336.5,0.889057,0.884424,-0.0147063,-0.0894353
374.249,336,0.918347,0.911296,0.00589181,-0.113428
375.115,335.5,0.953924,0.941285,0.029493,-0.151932
375.981,335,0.996767,0.973925,0.0559218,-0.204662
376.847,334.5,0.925612,0.906566,0.0251803,-0.185098
377.713,334,0.883456,0.855764,-0.00123624,-0.219457
378.579,333.5,0.873264,0.851156,-0.0435243,-0.190341
379.445,333,0.900657,0.869454,-0.0617016,-0.22677
380.311,332.5,0.924602,0.880996,-0.0745537,-0.270513
381.177,332,0.922091,0.864632,-0.0695424,-0.312774
382.043,331.5,0.900095,0.830255,-0.0463219,-0.344533
382.909,331,0.88167,0.799454,-0.0260427,-0.370861
383.775,330.5,0.865772,0.771075,-0.00852308,-0.393613
384.641,330,0.85989,0.759516,0.00136638,-0.403168
385.507,329.5,0.868558,0.768655,0.00425827,-0.404405
386.373,329,0.881771,0.782849,-0.0242953,-0.405064
387.239,328.5,0.887023,0.792759,-0.0558811,-0.393979
388.105,328,0.882745,0.797513,-0.0877777,-0.368111
388.971,327.5,0.899413,0.818802,-0.116134,-0.353583
389.837,327,0.935399,0.855632,-0.136874,-0.352323
390.703,326.5,0.950122,0.873858,-0.135414,-0.347515
391.569,326,0.94464,0.875578,-0.127182,-0.330956
392.435,325.5,0.943281,0.881119,-0.115995,-0.316156
393.301,325,0.939732,0.882009,-0.0953844,-0.309932
394.167,324.5,0.934874,0.87856,-0.0710001,-0.311579
395.033,324,0.927478,0.869452,-0.043342,-0.319985
395.899,323.5,0.915486,0.858582,-0.0292671,-0.31638
396.765,323,0.895169,0.84013,-0.0197396,-0.308416
397.631,322.5,0.951908,0.873114,-0.0372708,-0.377375
398.497,322,0.948274,0.865792,-0.0316928,-0.385516
399.363,321.5,0.881461,0.80729,-0.025686,-0.352983
400.229,321,0.944439,0.855721,-0.0265658,-0.398749
401.095,320.5,0.966167,0.874524,-0.0171581,-0.410357
401.962,320,0.96305,0.870004,-0.00262706,-0.412978
402.828,319.5,0.97063,0.872104,0.0112979,-0.425944
403.694,319,0.971486,0.878464,0.0140293,-0.414595
404.56,318.5,0.956488,0.886747,-0.000247435,-0.358537
405.426,318,0.938819,0.889558,-0.00865794,-0.299989
406.292,317.5,0.92784,0.892335,-0.00371721,-0.254188
407.158,317,0.916566,0.888275,0.0166234,-0.225354
408.024,316.5,0.906141,0.882602,0.0430531,-0.200626
408.89,316,0.893836,0.872513,0.0731458,-0.179764
409.756,315.5,0.867152,0.849036,0.0797814,-0.157244
410.622,315,0.849138,0.833859,0.0786342,-0.139755
411.488,314.5,0.833947,0.820625,0.0728607,-0.129361
412.354,314,0.838474,0.827045,0.0660704,-0.121118
413.22,313.5,0.840313,0.830821,0.0589974,-0.111272
414.086,313,0.839253,0.831492,0.0516043,-0.101512
414.952,312.5,0.79305,0.786698,0.0436006,-0.0901895
415.818,312,0.742206,0.737934,0.027844,-0.0744911
416.684,311.5,0.738139,0.73593,0.00572842,-0.0567744
417.55,311,0.762376,0.760031,-0.00819053,-0.0591852
418.416,310.5,0.796199,0.79288,-0.0120372,-0.0716251
419.282,310,0.797959,0.793958,-0.0110792,-0.0790322
420.148,309.5,0.785537,0.781284,-0.000322913,-0.0816326
421.014,309,0.779523,0.774696,0.020259,-0.0842162
421.88,308.5,0.790218,0.783761,0.0373811,-0.0936264
422.746,308,0.809614,0.800383,0.0478149,-0.112144
423.612,307.5,0.806022,0.792742,0.0571453,-0.134037
424.478,307,0.781849,0.766626,0.0641828,-0.139478
425.344,306.5,0.767189,0.750234,0.0627496,-0.147619
426.21,306,0.737423,0.719074,0.0546595,-0.154072
427.076,305.5,0.718075,0.695342,0.0528852,-0.171275
427.942,305,0.71033,0.679458,0.0573117,-0.19905
428.808,304.5,0.729957,0.699397,0.0623442,-0.199485
429.674,304,0.757627,0.729391,0.0740344,-0.191065
430.54,303.5,0.795473,0.769499,0.0914795,-0.179669
431.406,303,0.790013,0.770749,0.0861844,-0.150461
432.272,302.5,0.840545,0.817824,0.0440326,-0.189052
433.138,302,0.873103,0.851915,0.0343204,-0.188075
434.004,301.5,0.905761,0.886454,0.0242661,-0.184428
434.87,301,0.938147,0.921182,0.0133303,-0.177105
435.737,300.5,0.916496,0.911087,0.0172788,-0.0979071
436.603,300,0.982317,0.977791,0.0120195,-0.0934154
437.469,299.5,1.05472,1.0505,0.005088,-0.0941973
438.335,299,1.09764,1.09334,-0.0118876,-0.0962585
439.201,298.5,1.13125,1.12687,-0.0263858,-0.0957826
440.067,298,1.16183,1.15761,-0.0318709,-0.0935503
440.933,297.5,1.19038,1.18618,-0.0334874,-0.0941768
441.799,297,1.21611,1.21155,-0.0343949,-0.0994001
442.665,296.5,1.22576,1.22003,-0.041393,-0.110894
443.531,296,1.2049,1.19776,-0.045632,-0.122752
444.397,295.5,1.17518,1.16676,-0.0510007,-0.130828
445.263,295,1.16219,1.15155,-0.0344888,-0.153023
446.129,294.5,1.1636,1.14931,-0.0218677,-0.180526
446.995,294,1.17954,1.16001,-0.0131376,-0.213337
447.861,293.5,1.16449,1.14591,-0.00870617,-0.206996
448.727,293,1.15399,1.13661,-0.00949477,-0.199292
449.593,292.5,1.15273,1.13602,-0.0160123,-0.194903
450.459,292,1.14981,1.13192,-0.0182117,-0.201251
451.325,291.5,1.14261,1.12344,-0.0179949,-0.207645
452.191,291,1.12145,1.10126,-0.014956,-0.211312
453.057,290.5,1.09247,1.07029,-0.00860452,-0.218881
453.923,290,1.07294,1.04775,-0.00629354,-0.231054
454.789,289.5,1.06109,1.03183,-0.00865479,-0.247313
455.655,289,1.05161,1.01623,-0.0177941,-0.269929
456.521,288.5,1.04337,0.999671,-0.0336108,-0.29689
457.387,288,1.05781,1.00799,-0.0553204,-0.316018
458.253,287.5,1.07618,1.01996,-0.0757811,-0.334832
459.119,287,1.08773,1.02732,-0.086663,-0.346792
459.985,286.5,1.10375,1.03792,-0.0964449,-0.362889
460.851,286,1.1215,1.04911,-0.103152,-0.382731
461.717,285.5,1.12629,1.04538,-0.0951124,-0.408251
462.583,285,1.13692,1.04464,-0.088349,-0.43988
463.449,284.5,1.15159,1.04573,-0.0841959,-0.474891
464.315,284,1.15081,1.04029,-0.0786207,-0.485794
465.181,283.5,1.15325,1.03793,-0.0746733,-0.497098
466.047,283,1.15947,1.03899,-0.0723143,-0.509546
466.913,282.5,1.16803,1.03996,-0.0594672,-0.528421
467.779,282,1.17775,1.04117,-0.051874,-0.548055
468.645,281.5,1.18798,1.04374,-0.0501499,-0.56513
469.512,281,1.21286,1.06059,-0.0579361,-0.585508
470.378,280.5,1.252,1.09244,-0.0745015,-0.607053
471.244,280,1.29589,1.13388,-0.0863775,-0.621438
472.11,279.5,1.34116,1.17948,-0.0821218,-0.633077
472.976,279,1.3876,1.22488,-0.0703086,-0.6482
473.842,278.5,1.43358,1.26895,-0.0598067,-0.664336
474.708,278,1.47568,1.30948,-0.0464734,-0.678786
475.574,277.5,1.50185,1.33302,-0.0215789,-0.691485
476.44,277,1.6659,1.46373,0.0317656,-0.794806
477.306,276.5,1.6381,1.41555,0.0744271,-0.820999
478.172,276,1.44176,1.22716,0.0872958,-0.751753
479.038,275.5,1.42579,1.20884,0.0815759,-0.751628
