x,v,vx,vy,vz
220.096,425,0.515392,0.514607,0.00490157,0.0280099
220.962,424.5,0.514438,0.513676,0.0054085,0.0274725
221.828,424,0.513284,0.512559,0.00615929,0.0265767
222.694,423.5,0.511926,0.511249,0.00715483,0.0253273
223.56,423,0.510418,0.509792,0.0081111,0.0239331
224.426,422.5,0.508605,0.508019,0.00920732,0.022607
225.292,422,0.502452,0.501825,0.00941439,0.0232601
226.158,421.5,0.497197,0.496506,0.00865208,0.0247358
227.024,421,0.493048,0.492271,0.00732783,0.026669
227.89,420.5,0.48978,0.488888,0.0057536,0.0289935
228.756,420,0.487673,0.486639,0.004,0.0314874
229.622,419.5,0.488916,0.487755,0.00310465,0.0335297
230.488,419,0.492544,0.491281,0.00345422,0.0350715
231.355,418.5,0.495179,0.493821,0.0042196,0.0364069
232.221,418,0.496682,0.495255,0.00537482,0.0372323
233.087,417.5,0.497146,0.495657,0.00651158,0.0378884
233.953,417,0.496655,0.49511,0.00763599,0.0383994
234.819,416.5,0.496003,0.494452,0.00688034,0.0385898
235.685,416,0.495669,0.494104,0.00620839,0.0388685
236.551,415.5,0.495663,0.494074,0.00567862,0.0392426
237.417,415,0.496123,0.494497,0.00610966,0.0396737
238.283,414.5,0.496863,0.495199,0.00666034,0.0400716
239.149,414,0.496305,0.494576,0.00805051,0.0406027
240.015,413.5,0.493878,0.492024,0.0104238,0.0414591
240.881,413,0.49117,0.48916,0.0127289,0.0425198
241.747,412.5,0.488217,0.486022,0.0149119,0.043782
242.613,412,0.484851,0.482477,0.0169012,0.0448413
243.479,411.5,0.481443,0.478886,0.0187297,0.0458718
244.345,411,0.482979,0.480321,0.0196464,0.0466339
245.211,410.5,0.484183,0.481486,0.020194,0.0468677
246.077,410,0.484988,0.482302,0.0204375,0.04669
246.943,409.5,0.48569,0.482995,0.0209528,0.0466045
247.809,409,0.486101,0.483457,0.0207839,0.046172
248.675,408.5,0.483765,0.481272,0.0195872,0.044959
249.541,408,0.479467,0.477134,0.0183033,0.0435561
250.407,407.5,0.474873,0.472735,0.0165426,0.0418564
251.273,407,0.470201,0.468341,0.0140611,0.0393501
252.139,406.5,0.465483,0.463913,0.0112839,0.0364908
253.005,406,0.460748,0.459454,0.0082456,0.0335027
253.871,405.5,0.456441,0.455237,0.00529444,0.0327043
254.737,405,0.453085,0.451939,0.00197905,0.0321562
255.603,404.5,0.450689,0.449559,-0.00170058,0.0318585
256.469,404,0.449107,0.447833,-0.00426782,0.0335412
257.335,403.5,0.447458,0.446005,-0.0066956,0.0354072
258.201,403,0.443825,0.442112,-0.00923888,0.0378428
259.067,402.5,0.438959,0.436991,-0.0108745,0.0400657
259.933,402,0.434255,0.432073,-0.0121841,0.0417372
260.799,401.5,0.429809,0.42745,-0.0134819,0.0428966
261.665,401,0.425826,0.423361,-0.0127825,0.0439363
262.531,400.5,0.421895,0.41939,-0.0108484,0.0446076
263.397,400,0.416333,0.413803,-0.00752725,0.0452017
264.263,399.5,0.409548,0.40699,-0.00435712,0.045492
265.13,399,0.40043,0.397807,-0.00188463,0.0457232
265.996,398.5,0.390106,0.387427,0.000151732,0.0456457
266.862,398,0.38154,0.378663,0.00166986,0.0467375
267.728,397.5,0.384241,0.381063,0.0013898,0.0492942
268.594,397,0.388275,0.385313,-0.000543267,0.0478674
269.46,396.5,0.389705,0.387142,-0.00437386,0.0444114
270.326,396,0.380833,0.377162,-0.0143511,0.0507585
271.192,395.5,0.376895,0.37158,-0.025474,0.0576952
272.058,395,0.378432,0.370772,-0.0369843,0.0661164
272.924,394.5,0.37626,0.366944,-0.0321136,0.0767642
273.79,394,0.367366,0.348943,-0.0330329,0.110024
274.656,393.5,0.359673,0.34149,-0.0390917,0.105931
275.522,393,0.348168,0.331789,-0.0470708,0.0944539
276.388,392.5,0.329856,0.314968,-0.0585545,0.0785587
277.254,392,0.299414,0.2816,-0.0739892,0.0698275
278.12,391.5,0.268869,0.246567,-0.0869609,0.0627142
278.986,391,0.239143,0.210769,-0.0971925,0.0576146
279.852,390.5,0.235101,0.203957,-0.097273,0.0649004
280.718,390,0.233795,0.200747,-0.096628,0.0708765
281.584,389.5,0.235028,0.201141,-0.0952576,0.075543
282.45,389,0.24887,0.221061,-0.0854216,0.07597
283.316,388.5,0.265345,0.24174,-0.080011,0.0746186
284.182,388,0.283034,0.261931,-0.0797599,0.0716849
285.048,387.5,0.301658,0.281633,-0.0846683,0.067169
285.914,387,0.321268,0.300846,-0.0947361,0.0610708
286.78,386.5,0.342152,0.319571,-0.109963,0.0533903
287.646,386,0.354215,0.335619,-0.105774,0.040499
288.512,385.5,0.359227,0.348172,-0.0834904,0.0291547
289.378,385,0.372922,0.36838,-0.0518633,0.0260186
290.244,384.5,0.395644,0.394297,-0.0249424,0.0210152
291.11,384,0.426167,0.425923,-0.00272763,0.0141445
291.976,383.5,0.463525,0.463258,0.014781,0.00540647
292.842,383,0.509606,0.509058,0.0233806,-0.00337616
293.708,382.5,0.580278,0.57433,0.0149889,-0.0815043
294.574,382,0.647016,0.639752,0.0215357,-0.0942491
295.44,381.5,0.710529,0.703466,0.0285594,-0.0957636
296.306,381,0.751377,0.748483,0.026237,-0.0604427
297.172,380.5,0.801046,0.800739,0.0190688,-0.0113472
298.038,380,0.861238,0.860177,0.0172059,0.0391204
298.905,379.5,0.925113,0.921291,0.0254513,0.0800545
299.771,379,0.979607,0.973663,0.0175205,0.106318
300.637,378.5,0.985749,0.97766,-0.0375598,0.120294
301.503,378,0.959269,0.944873,-0.0976104,0.133735
302.369,377.5,0.944791,0.922191,-0.136865,0.153172
303.235,377,0.946053,0.918739,-0.141257,0.176016
304.101,376.5,0.936597,0.905631,-0.128672,0.201222
304.967,376,0.916196,0.882391,-0.0964499,0.226934
305.833,375.5,0.871255,0.839873,-0.0274523,0.230098
306.699,375,0.81308,0.777109,0.0429675,0.235274
307.565,374.5,0.744234,0.6941,0.114656,0.242824
308.431,374,0.649843,0.590085,0.15949,0.220585
309.297,373.5,0.553623,0.469496,0.205321,0.20956
310.163,373,0.47547,0.35413,0.237637,0.21022
311.029,372.5,0.411181,0.293228,0.219096,0.187308
311.895,372,0.335892,0.226152,0.189125,0.160967
312.761,371.5,0.251749,0.140126,0.156031,0.139272
313.627,371,0.189159,0.0780197,0.114649,0.128645
314.493,370.5,0.152702,0.0663971,0.0657476,0.120774
315.359,370,0.129599,0.0524163,0.0344906,0.113397
316.225,369.5,0.136289,0.087384,0.0174254,0.103127
317.091,369,0.171382,0.158358,-0.0247752,0.0606694
317.957,368.5,0.20679,0.195064,-0.044936,0.0518904
318.823,368,0.245327,0.23372,-0.0590548,0.0455278
319.689,367.5,0.314484,0.306927,-0.0684946,0.00202432
320.555,367,0.407649,0.394452,-0.0811841,-0.0632076
321.421,366.5,0.493154,0.468205,-0.0912251,-0.125151
322.287,366,0.555532,0.516469,-0.0895139,-0.184018
323.153,365.5,0.607695,0.554208,-0.0828508,-0.235122
324.019,365,0.648563,0.58236,-0.071551,-0.276354
324.885,364.5,0.68637,0.624401,-0.0735136,-0.275362
325.751,364,0.721675,0.652846,-0.0736454,-0.298636
326.617,363.5,0.763496,0.698684,-0.0804593,-0.297144
327.483,363,0.788566,0.721646,-0.0865527,-0.305894
328.349,362.5,0.805445,0.738528,-0.0916412,-0.308091
329.215,362,0.824727,0.758161,-0.0827857,-0.313867
330.081,361.5,0.857194,0.789232,-0.0571128,-0.329595
330.947,361,0.885356,0.813777,-0.0306482,-0.347395
331.813,360.5,0.903679,0.827095,-0.00749746,-0.363996
332.679,360,0.89493,0.81773,0.0150195,-0.363308
333.546,359.5,0.869243,0.796644,0.0395935,-0.345505
334.412,359,0.84869,0.775957,0.0493972,-0.340185
335.278,358.5,0.833152,0.755132,0.0423853,-0.349458
336.144,358,0.801411,0.718409,0.0182883,-0.354702
337.01,357.5,0.773176,0.686161,-0.00104462,-0.356347
337.876,357,0.754159,0.663882,-0.00970346,-0.357662
338.742,356.5,0.76376,0.67421,0.00821638,-0.358753
339.608,356,0.845062,0.749378,0.0389303,-0.388649
340.474,355.5,0.861052,0.761355,0.0426934,-0.399908
341.34,355,0.841679,0.751558,0.0165404,-0.378565
342.206,354.5,0.868303,0.77883,0.0205297,-0.383345
343.072,354,0.888263,0.80025,0.0326543,-0.384117
343.938,353.5,0.871695,0.783703,0.0694529,-0.375286
344.804,353,0.865255,0.777464,0.109268,-0.363698
345.67,352.5,0.872087,0.784055,0.151954,-0.35029
346.536,352,0.880661,0.788959,0.192167,-0.340853
347.402,351.5,0.860661,0.76612,0.219644,-0.324889
348.268,351,0.833666,0.734512,0.259583,-0.29683
349.134,350.5,0.77571,0.667435,0.307738,-0.248101
350,350,0.683238,0.553015,0.344584,-0.205549
350.866,349.5,0.606527,0.453015,0.370102,-0.16024
351.732,349,0.51002,0.394621,0.303389,-0.111129
352.598,348.5,0.450417,0.379396,0.241262,-0.026961
353.464,348,0.418895,0.385987,0.161859,0.0169904
354.33,347.5,0.406108,0.374513,0.102196,0.119248
355.196,347,0.471526,0.390764,0.0589364,0.257229
356.062,346.5,0.56325,0.426269,-0.0335744,0.366631
356.928,346,0.659428,0.450702,-0.110668,0.468471
357.794,345.5,0.657944,0.444736,-0.116512,0.470665
358.66,345,0.637076,0.427652,-0.111234,0.458919
359.526,344.5,0.60662,0.405489,-0.0968291,0.44067
360.392,344,0.564306,0.377054,-0.0660881,0.414613
361.258,343.5,0.532806,0.353486,-0.0356011,0.397067
362.124,343,0.51457,0.33152,-0.00741824,0.393474
362.99,342.5,0.510401,0.32101,0.00233116,0.396807
363.856,342,0.507937,0.317979,0.00449501,0.396067
364.722,341.5,0.505592,0.318476,0.00201606,0.392673
365.588,341,0.504231,0.322849,-0.00671285,0.387262
366.454,340.5,0.503164,0.330892,-0.0181185,0.378624
367.321,340,0.517996,0.356633,-0.0261916,0.374763
368.187,339.5,0.540526,0.385977,-0.0295632,0.377248
369.053,339,0.567161,0.414696,-0.0292578,0.385802
369.919,338.5,0.592919,0.443981,-0.028107,0.391974
370.785,338,0.621223,0.473411,-0.0258868,0.401409
371.651,337.5,0.659396,0.507863,-0.0230428,0.419937
372.517,337,0.698685,0.549381,-0.0221745,0.431103
373.383,336.5,0.735151,0.588454,-0.0203635,0.440175
374.249,336,0.769435,0.621344,-0.0202741,0.453377
375.115,335.5,0.798478,0.64991,-0.0183815,0.463515
375.981,335,0.822245,0.674106,-0.0147251,0.470586
376.847,334.5,0.835188,0.685009,-0.0173127,0.477496
377.713,334,0.844158,0.692044,-0.0217247,0.482913
378.579,333.5,0.849026,0.695165,-0.0281219,0.48662
379.445,333,0.868774,0.708121,-0.0331289,0.502231
380.311,332.5,0.891927,0.723396,-0.0401719,0.52021
381.177,332,0.911759,0.739848,-0.0506454,0.530439
382.043,331.5,0.870682,0.72286,-0.0460487,0.483156
382.909,331,0.904177,0.746946,-0.0172414,0.509225
383.775,330.5,0.919631,0.759633,-0.0140644,0.518151
384.641,330,0.92896,0.769403,-0.0132364,0.520393
385.507,329.5,0.937829,0.780643,-0.0132601,0.519561
386.373,329,0.920914,0.769164,-0.0154386,0.506191
387.239,328.5,0.908632,0.761207,-0.0167388,0.495878
388.105,328,0.895299,0.771354,-0.00781478,0.454436
388.971,327.5,0.947887,0.811369,-0.00628014,0.490031
389.837,327,0.982836,0.834451,-0.00177756,0.519284
390.703,326.5,0.991296,0.829178,0.00261678,0.543254
391.569,326,0.993729,0.823753,0.00308036,0.555805
392.435,325.5,0.995264,0.82343,0.00576361,0.558998
393.301,325,0.92331,0.7909,-0.000773754,0.476421
394.167,324.5,0.984321,0.85673,-0.00138548,0.484664
395.033,324,0.991622,0.869822,-0.00337328,0.476144
395.899,323.5,0.997492,0.881785,-0.00670175,0.466263
396.765,323,0.992739,0.880113,-0.0127418,0.459096
397.631,322.5,0.974155,0.856453,-0.0198879,0.463758
398.497,322,0.964424,0.839477,-0.0237106,0.474162
399.363,321.5,0.963607,0.829186,-0.0242101,0.490309
400.229,321,0.971796,0.82558,-0.0213861,0.512199
401.095,320.5,0.989104,0.82866,-0.0152388,0.539831
401.962,320,1.01522,0.838169,-0.00580097,0.572815
402.828,319.5,0.971301,0.801446,0.00129057,0.548732
403.694,319,0.931133,0.767774,0.00654927,0.526772
404.56,318.5,0.901155,0.742127,0.00996526,0.511106
405.426,318,0.881349,0.724503,0.0115385,0.501735
406.292,317.5,0.871708,0.714904,0.0112691,0.498658
407.158,317,0.842367,0.71044,0.00264117,0.452604
408.024,316.5,0.933805,0.785465,0.000793507,0.505011
408.89,316,1.03172,0.866707,-0.000935708,0.559699
409.756,315.5,0.951647,0.803884,-0.0171579,0.509027
410.622,315,0.972441,0.807055,-0.0627482,0.538856
411.488,314.5,1.00305,0.833285,-0.0852148,0.551797
412.354,314,1.00106,0.832825,-0.0955148,0.54717
413.22,313.5,0.96528,0.805913,-0.0914421,0.523362
414.086,313,0.890104,0.747735,-0.0715283,0.477558
414.952,312.5,0.820271,0.693569,-0.0543727,0.434569
415.818,312,0.755729,0.643413,-0.0399753,0.394395
416.684,311.5,0.565752,0.494805,-0.0138308,0.273956
417.55,311,0.545734,0.479375,-0.00269101,0.260803
418.416,310.5,0.54243,0.478497,0.00910356,0.255318
419.282,310,0.549965,0.488329,0.0137276,0.252604
420.148,309.5,0.563426,0.501831,0.0106944,0.25593
421.014,309,0.57942,0.513684,-0.00142624,0.268056
421.88,308.5,0.59412,0.52362,-0.0143797,0.280346
422.746,308,0.603387,0.531461,-0.0252613,0.284581
423.612,307.5,0.605085,0.540313,-0.0254237,0.27119
424.478,307,0.618076,0.5591,-0.0216594,0.262595
425.344,306.5,0.628388,0.573829,-0.0257249,0.254813
426.21,306,0.642724,0.590797,-0.0214168,0.252179
427.076,305.5,0.656789,0.607582,-0.0137381,0.249052
427.942,305,0.670841,0.624233,-0.00259217,0.245671
428.808,304.5,0.705264,0.653716,0.0216384,0.26379
429.674,304,0.747009,0.688043,0.0460352,0.287228
430.54,303.5,0.793042,0.724531,0.0691745,0.314936
431.406,303,0.842585,0.758792,0.0804765,0.357362
432.272,302.5,0.887458,0.786003,0.0926619,0.401491
433.138,302,0.917532,0.799388,0.101429,0.438811
434.004,301.5,0.907201,0.78499,0.0899474,0.445774
434.87,301,0.879239,0.75868,0.0752436,0.437955
435.737,300.5,0.836729,0.721502,0.0598712,0.419482
436.603,300,0.749378,0.652594,0.042558,0.365892
437.469,299.5,0.616186,0.549994,0.0253314,0.276677
438.335,299,0.572375,0.52012,0.0121068,0.238624
439.201,298.5,0.499988,0.46419,0.00139027,0.185778
440.067,298,0.428188,0.407703,-0.00964698,0.1305
440.933,297.5,0.438573,0.404089,-0.012181,0.170031
441.799,297,0.464049,0.405929,-0.0132879,0.22447
442.665,296.5,0.495501,0.409547,-0.0148633,0.278518
443.531,296,0.531793,0.414942,-0.0169073,0.332177
444.397,295.5,0.571949,0.422115,-0.0194198,0.385445
445.263,295,0.61518,0.431065,-0.0224009,0.438323
446.129,294.5,0.652621,0.44713,-0.0234478,0.474804
446.995,294,0.681188,0.468249,-0.0204685,0.494309
447.861,293.5,0.708571,0.488137,-0.0152637,0.513383
448.727,293,0.734816,0.506794,-0.00783328,0.532028
449.593,292.5,0.756731,0.524024,0.00154323,0.545929
450.459,292,0.76159,0.541081,0.00906373,0.535881
451.325,291.5,0.76152,0.557606,0.01449,0.518439
452.191,291,0.736523,0.564475,0.0187716,0.472738
453.057,290.5,0.720625,0.57663,0.0216337,0.43166
453.923,290,0.713888,0.594069,0.0230762,0.395204
454.789,289.5,0.740746,0.659776,0.0173594,0.3363
455.655,289,0.802851,0.726515,0.0208842,0.341043
456.521,288.5,0.890154,0.818366,0.0297847,0.348948
457.387,288,0.904829,0.843816,0.0283044,0.325406
458.253,287.5,0.898956,0.849525,0.0208846,0.293248
459.119,287,0.867044,0.826603,0.00806894,0.261585
459.985,286.5,0.849141,0.815681,-0.0014944,0.236013
460.851,286,0.850243,0.822287,-0.00640972,0.216137
461.717,285.5,0.877577,0.854151,0.00560042,0.201335
462.583,285,0.884156,0.86238,0.0195698,0.194034
463.449,284.5,0.882956,0.863286,0.0292575,0.183008
464.315,284,0.832502,0.811886,0.0238419,0.182573
465.181,283.5,0.818521,0.798932,0.0194007,0.17694
466.047,283,0.8425,0.825842,0.0163133,0.165907
466.913,282.5,0.840212,0.822439,0.013248,0.17139
467.779,282,0.841286,0.821638,0.0108383,0.18043
468.645,281.5,0.846089,0.823674,0.00834911,0.193279
469.512,281,0.849889,0.822117,0.00351942,0.215461
470.378,280.5,0.854339,0.820853,-0.00380606,0.236814
471.244,280,0.850731,0.815359,-0.0094297,0.242576
472.11,279.5,0.829523,0.795364,-0.00618576,0.235514
472.976,279,0.797589,0.765093,0.00318098,0.225323
473.842,278.5,0.7602,0.729195,0.0133598,0.214475
474.708,278,0.712208,0.681366,0.0229147,0.206047
475.574,277.5,0.649021,0.61761,0.0306773,0.197092
476.44,277,0.592962,0.563824,0.0345339,0.180316
477.306,276.5,0.546149,0.518502,0.0374727,0.167422
478.172,276,0.516929,0.489111,0.0426891,0.161752
479.038,275.5,0.50101,0.470487,0.0486835,0.165176
