x,v,vx,vy,vz
220.096,425,0.624897,0.624335,-0.00165375,-0.0264433
220.962,424.5,0.62682,0.626338,-0.00143563,-0.0245373
221.828,424,0.628743,0.628332,-0.00114023,-0.0226986
222.694,423.5,0.630666,0.630318,-0.000766892,-0.0209309
223.56,423,0.632138,0.631842,-0.00034518,-0.0193666
224.426,422.5,0.633361,0.633107,0.000121207,-0.0179357
225.292,422,0.635576,0.635378,3.1638e-06,-0.0158465
226.158,421.5,0.637329,0.637171,-0.000184566,-0.0141825
227.024,421,0.638689,0.638558,-0.000380344,-0.0129477
227.89,420.5,0.639902,0.639789,-0.000561843,-0.0120201
228.756,420,0.640554,0.640449,-0.000732451,-0.0115821
229.622,419.5,0.639512,0.639393,-0.000810348,-0.0123217
230.488,419,0.636957,0.6368,-0.000912724,-0.0141375
231.355,418.5,0.634064,0.633856,-0.00125391,-0.0161821
232.221,418,0.630752,0.63048,-0.00184441,-0.0184062
233.087,417.5,0.627449,0.627099,-0.00258252,-0.0207921
233.953,417,0.624134,0.62369,-0.00348362,-0.02328
234.819,416.5,0.62276,0.622253,-0.00402631,-0.0247883
235.685,416,0.621782,0.621204,-0.00442082,-0.026431
236.551,415.5,0.621172,0.620513,-0.00466991,-0.0282124
237.417,415,0.620896,0.620162,-0.00466394,-0.0298188
238.283,414.5,0.620949,0.620132,-0.00453456,-0.0315065
239.149,414,0.620763,0.619867,-0.0047095,-0.0330169
240.015,413.5,0.620339,0.619379,-0.0052771,-0.0341058
240.881,413,0.620379,0.619355,-0.00579034,-0.035156
241.747,412.5,0.620903,0.619816,-0.00624254,-0.0361947
242.613,412,0.621887,0.620749,-0.00665382,-0.0370132
243.479,411.5,0.623231,0.622055,-0.00695973,-0.037639
244.345,411,0.623701,0.622517,-0.00651833,-0.0378584
245.211,410.5,0.624088,0.622907,-0.00611268,-0.0378867
246.077,410,0.624366,0.623194,-0.00571599,-0.0377976
246.943,409.5,0.624563,0.623397,-0.00529336,-0.0377665
247.809,409,0.62456,0.623405,-0.00489941,-0.0376411
248.675,408.5,0.624651,0.623516,-0.00498304,-0.0373077
249.541,408,0.62511,0.623996,-0.00538869,-0.0369005
250.407,407.5,0.625626,0.624541,-0.00584535,-0.0363583
251.273,407,0.626073,0.625031,-0.0064269,-0.035534
252.139,406.5,0.626648,0.625649,-0.00702872,-0.0346599
253.005,406,0.627012,0.626058,-0.00752158,-0.0337504
253.871,405.5,0.624535,0.62363,-0.00691315,-0.032895
254.737,405,0.621874,0.621013,-0.00626852,-0.0321054
255.603,404.5,0.619028,0.618207,-0.00558768,-0.0313816
256.469,404,0.615982,0.615229,-0.00463361,-0.030082
257.335,403.5,0.612859,0.612174,-0.00363892,-0.0287452
258.201,403,0.611538,0.610952,-0.00353244,-0.0265316
259.067,402.5,0.610931,0.610472,-0.00355812,-0.0233948
259.933,402,0.609877,0.609535,-0.00336695,-0.0201469
260.799,401.5,0.608415,0.608173,-0.00305792,-0.0168859
261.665,401,0.605781,0.6056,-0.0026064,-0.0145665
262.531,400.5,0.601347,0.601188,-0.00189697,-0.0137156
263.397,400,0.592662,0.592444,4.9133e-05,-0.0160437
264.263,399.5,0.582829,0.58251,0.00193295,-0.019174
265.13,399,0.572286,0.571825,0.0034467,-0.0227199
265.996,398.5,0.560969,0.560364,0.00462307,-0.0256337
266.862,398,0.54941,0.548671,0.00513924,-0.0280096
267.728,397.5,0.546481,0.545636,0.00447954,-0.0300544
268.594,397,0.546458,0.545529,0.00438168,-0.0315449
269.46,396.5,0.546388,0.545399,0.00492115,-0.0324919
270.326,396,0.547828,0.546792,0.00558609,-0.033205
271.192,395.5,0.548816,0.547746,0.00669536,-0.0335974
272.058,395,0.548866,0.547777,0.00765178,-0.0336916
272.924,394.5,0.548081,0.546936,0.00634787,-0.0348328
273.79,394,0.548238,0.547033,0.0048859,-0.0360007
274.656,393.5,0.549332,0.548062,0.00327098,-0.0371786
275.522,393,0.551814,0.550404,0.00216459,-0.0393688
276.388,392.5,0.555653,0.554064,0.00116979,-0.0419781
277.254,392,0.56041,0.558746,0.00151726,-0.0431251
278.12,391.5,0.5646,0.562923,0.00236976,-0.0434122
278.986,391,0.569045,0.567305,0.00320617,-0.0443527
279.852,390.5,0.57424,0.572349,0.00394028,-0.0464
280.718,390,0.579087,0.577027,0.00530291,-0.04852
281.584,389.5,0.583228,0.580992,0.00663982,-0.0505915
282.45,389,0.589188,0.586755,0.00600213,-0.0531448
283.316,388.5,0.596029,0.593398,0.00447118,-0.0557717
284.182,388,0.603333,0.600591,0.00202124,-0.0574293
285.048,387.5,0.613141,0.610201,-0.000704753,-0.059968
285.914,387,0.62536,0.622215,-0.00370436,-0.0625361
286.78,386.5,0.633976,0.631391,-0.00559127,-0.0569189
287.646,386,0.642664,0.640609,-0.00768776,-0.0507685
288.512,385.5,0.652453,0.650814,-0.0102431,-0.0450671
289.378,385,0.66344,0.662256,-0.0117975,-0.0378328
290.244,384.5,0.676062,0.675158,-0.012808,-0.0325253
291.11,384,0.686767,0.686047,-0.0128014,-0.0287082
291.976,383.5,0.68625,0.685535,-0.0132393,-0.028394
292.842,383,0.685035,0.684151,-0.013836,-0.0319301
293.708,382.5,0.683888,0.682621,-0.0143896,-0.0390385
294.574,382,0.683819,0.682313,-0.0144986,-0.0429808
295.44,381.5,0.687633,0.686053,-0.0156167,-0.0438882
296.306,381,0.703728,0.70229,-0.0221396,-0.0391363
297.172,380.5,0.72307,0.721695,-0.028974,-0.0338675
298.038,380,0.745266,0.744081,-0.0284204,-0.0309343
298.905,379.5,0.769955,0.769157,-0.0173186,-0.0304714
299.771,379,0.792645,0.792069,-0.00291043,-0.0300626
300.637,378.5,0.799616,0.799208,-0.000239256,-0.0255496
301.503,378,0.797451,0.797182,-0.00313472,-0.0204746
302.369,377.5,0.799617,0.799399,-0.00418397,-0.0181991
303.235,377,0.807944,0.807649,-0.00276303,-0.0216667
304.101,376.5,0.814221,0.81391,-0.00170412,-0.0224283
304.967,376,0.818641,0.818384,-0.000699875,-0.0205039
305.833,375.5,0.82268,0.822463,0.00673468,-0.0176676
306.699,375,0.824096,0.823832,0.0150433,-0.0144391
307.565,374.5,0.82294,0.822517,0.0240592,-0.0108081
308.431,374,0.818044,0.817521,0.0267899,-0.0117545
309.297,373.5,0.813278,0.812718,0.0272421,-0.0129627
310.163,373,0.7858,0.785284,0.0248463,-0.0139117
311.029,372.5,0.736845,0.736467,0.0128443,-0.0198001
311.895,372,0.692953,0.692365,-0.00517915,-0.0280719
312.761,371.5,0.654037,0.652422,-0.0276106,-0.0366995
313.627,371,0.619754,0.616185,-0.0494787,-0.0443022
314.493,370.5,0.591719,0.585314,-0.069912,-0.0514837
315.359,370,0.565811,0.557853,-0.0797527,-0.050809
316.225,369.5,0.534769,0.525898,-0.0818433,-0.052062
317.091,369,0.497883,0.489745,-0.0718733,-0.0535829
317.957,368.5,0.455952,0.449297,-0.0554252,-0.0543327
318.823,368,0.412249,0.406633,-0.0358937,-0.0575363
319.689,367.5,0.394027,0.385879,-0.0242782,-0.0759284
320.555,367,0.383235,0.371613,-0.0151301,-0.0924338
321.421,366.5,0.364643,0.351489,-0.00586721,-0.0968809
322.287,366,0.369881,0.359932,0.00267416,-0.0851687
323.153,365.5,0.466226,0.457788,-0.00380005,-0.0882184
324.019,365,0.458505,0.451485,0.00235668,-0.0798912
324.885,364.5,0.449785,0.444289,0.0078251,-0.0696638
325.751,364,0.442923,0.4387,0.0137182,-0.0594543
326.617,363.5,0.457147,0.453521,0.0185354,-0.0543943
327.483,363,0.502431,0.499117,0.0182912,-0.054624
328.349,362.5,0.483242,0.480961,0.0266713,-0.0385722
329.215,362,0.536921,0.534433,0.0382602,-0.0346631
330.081,361.5,0.612447,0.610714,0.0368308,-0.0276208
330.947,361,0.684035,0.683188,0.0283141,-0.0188498
331.813,360.5,0.751986,0.75178,0.0143476,-0.0101832
332.679,360,0.823895,0.823886,0.00206771,-0.003294
333.546,359.5,0.89169,0.89169,-0.000357031,0.000865225
334.412,359,0.895237,0.895221,0.0049114,-0.00222019
335.278,358.5,0.888797,0.888698,0.0102448,-0.00848141
336.144,358,0.8726,0.87239,0.0164363,-0.00981466
337.01,357.5,0.859406,0.85901,0.0255217,-0.00541245
337.876,357,0.848175,0.847381,0.0361765,0.00616338
338.742,356.5,0.857824,0.856327,0.0431395,0.026525
339.608,356,0.875829,0.873205,0.0564227,0.0375031
340.474,355.5,0.889589,0.885527,0.0761782,0.0375075
341.34,355,0.895936,0.890714,0.0932071,0.025345
342.206,354.5,0.891078,0.883576,0.115051,0.00881144
343.072,354,0.873906,0.862639,0.139516,-0.0100607
343.938,353.5,0.817267,0.80344,0.147248,-0.0269721
344.804,353,0.756301,0.739096,0.155404,-0.0397308
345.67,352.5,0.694425,0.672773,0.165334,-0.047625
346.536,352,0.621261,0.599759,0.145956,-0.0703651
347.402,351.5,0.505423,0.4806,0.125056,-0.0940016
348.268,351,0.414597,0.383513,0.121044,-0.10078
349.134,350.5,0.397128,0.354463,0.152726,-0.0934963
350,350,0.393517,0.300058,0.228968,-0.11133
350.866,349.5,0.392294,0.259424,0.265634,-0.126621
351.732,349,0.409646,0.270017,0.297207,-0.0810443
352.598,348.5,0.382467,0.314507,0.217638,8.38723e-05
353.464,348,0.394204,0.350961,0.148055,0.101503
354.33,347.5,0.446956,0.413091,0.103199,0.135926
355.196,347,0.514893,0.488132,0.0673893,0.149336
356.062,346.5,0.575867,0.550942,0.0392524,0.162927
356.928,346,0.62888,0.603458,0.0188499,0.17599
357.794,345.5,0.654869,0.631697,0.0058227,0.172567
358.66,345,0.666999,0.645575,-0.0054183,0.167603
359.526,344.5,0.673456,0.653089,-0.0156127,0.163627
360.392,344,0.676376,0.659844,-0.0235455,0.14675
361.258,343.5,0.67975,0.666653,-0.0376809,0.127332
362.124,343,0.687847,0.677181,-0.0591048,0.105194
362.99,342.5,0.697413,0.689594,-0.0711094,0.076085
363.856,342,0.707084,0.70131,-0.0758811,0.0487318
364.722,341.5,0.718488,0.71403,-0.0759823,0.024765
365.588,341,0.734853,0.730721,-0.0770738,0.0106867
366.454,340.5,0.754422,0.748884,-0.0912341,0.000931522
367.321,340,0.763915,0.755958,-0.107855,-0.0214827
368.187,339.5,0.770564,0.759693,-0.119319,-0.0489785
369.053,339,0.777737,0.763295,-0.130264,-0.0727028
369.919,338.5,0.790972,0.77258,-0.141054,-0.0941256
370.785,338,0.810509,0.788157,-0.148687,-0.11673
371.651,337.5,0.827457,0.801612,-0.153023,-0.136702
372.517,337,0.840248,0.812171,-0.153166,-0.151442
373.383,336.5,0.855762,0.825005,-0.152,-0.169093
374.249,336,0.869865,0.837945,-0.140695,-0.186331
375.115,335.5,0.886665,0.852863,-0.135532,-0.201071
375.981,335,0.905928,0.869829,-0.136384,-0.213314
376.847,334.5,0.930717,0.897564,-0.108015,-0.221236
377.713,334,0.951767,0.920316,-0.0863371,-0.226773
378.579,333.5,0.968733,0.938238,-0.0721549,-0.230101
379.445,333,0.988471,0.960411,-0.076979,-0.22082
380.311,332.5,1.01356,0.989361,-0.079267,-0.205379
381.177,332,1.03055,1.01137,-0.0745763,-0.183309
382.043,331.5,1.03462,1.01899,-0.0618959,-0.168132
382.909,331,1.04483,1.03107,-0.0528343,-0.160542
383.775,330.5,1.06215,1.04947,-0.0501775,-0.155723
384.641,330,1.08359,1.07152,-0.0514576,-0.152875
385.507,329.5,1.10549,1.09404,-0.05346,-0.149447
386.373,329,1.12086,1.11063,-0.0504066,-0.14243
387.239,328.5,1.13381,1.12452,-0.0501845,-0.135886
388.105,328,1.14493,1.13651,-0.0516882,-0.128624
388.971,327.5,1.15576,1.14769,-0.0579638,-0.123443
389.837,327,1.16575,1.15761,-0.0672883,-0.119954
390.703,326.5,1.17454,1.16634,-0.0724358,-0.118098
391.569,326,1.18159,1.17321,-0.0756931,-0.118339
392.435,325.5,1.1857,1.17719,-0.076853,-0.119132
393.301,325,1.18253,1.17453,-0.070148,-0.118123
394.167,324.5,1.17392,1.16632,-0.0601615,-0.119058
395.033,324,1.1599,1.15249,-0.0473798,-0.121948
395.899,323.5,1.14711,1.13928,-0.0479809,-0.124954
396.765,323,1.14323,1.13476,-0.0546904,-0.127742
397.631,322.5,1.14829,1.13887,-0.067301,-0.130417
398.497,322,1.1584,1.14802,-0.0876808,-0.127511
399.363,321.5,1.17508,1.16363,-0.108772,-0.122335
400.229,321,1.18883,1.17711,-0.117888,-0.117638
401.095,320.5,1.19255,1.18177,-0.109994,-0.116225
401.962,320,1.1938,1.1837,-0.0971883,-0.12065
402.828,319.5,1.1947,1.18435,-0.0849472,-0.131928
403.694,319,1.19327,1.18198,-0.0723296,-0.14691
404.56,318.5,1.18773,1.17572,-0.0576008,-0.158324
405.426,318,1.17187,1.16064,-0.0452051,-0.155442
406.292,317.5,1.15431,1.14355,-0.0380528,-0.152568
407.158,317,1.13935,1.12909,-0.0372484,-0.147898
408.024,316.5,1.12521,1.11557,-0.0350728,-0.142671
408.89,316,1.11372,1.10452,-0.0329646,-0.139045
409.756,315.5,1.12035,1.10982,-0.0327096,-0.149776
410.622,315,1.12364,1.11221,-0.0323944,-0.156513
411.488,314.5,1.12103,1.10888,-0.038045,-0.160117
412.354,314,1.11939,1.10458,-0.0512551,-0.174056
413.22,313.5,1.12223,1.1037,-0.0721608,-0.189839
414.086,313,1.12643,1.10273,-0.0982042,-0.20783
414.952,312.5,1.09604,1.06802,-0.0817871,-0.232288
415.818,312,1.06011,1.02514,-0.0559628,-0.264166
416.684,311.5,1.02448,0.977908,-0.0289006,-0.303998
417.55,311,0.996981,0.941007,-0.00429954,-0.329332
418.416,310.5,0.976226,0.915524,0.0109313,-0.338693
419.282,310,0.963142,0.901399,0.014599,-0.338985
420.148,309.5,0.937933,0.871692,0.0172173,-0.345796
421.014,309,0.905187,0.830573,0.0191317,-0.359369
421.88,308.5,0.880444,0.795184,0.0131297,-0.377746
422.746,308,0.86507,0.769281,-0.00528638,-0.395633
423.612,307.5,0.859849,0.759912,-0.0317616,-0.40108
424.478,307,0.85845,0.761047,-0.0389747,-0.395252
425.344,306.5,0.860285,0.76413,-0.045579,-0.392578
426.21,306,0.873666,0.772093,-0.0474137,-0.406099
427.076,305.5,0.885408,0.778612,-0.0359091,-0.420025
427.942,305,0.912768,0.803887,-0.0197522,-0.431881
428.808,304.5,0.947372,0.831942,-0.00217449,-0.45319
429.674,304,0.903053,0.787225,0.0128715,-0.442285
430.54,303.5,0.900704,0.773277,0.0226884,-0.461298
431.406,303,0.882051,0.747989,0.0216256,-0.466967
432.272,302.5,0.859707,0.72121,0.0200086,-0.467496
433.138,302,0.838301,0.697459,0.0191547,-0.464686
434.004,301.5,0.835668,0.693784,0.0143056,-0.465618
434.87,301,0.83077,0.69012,0.0146839,-0.462273
435.737,300.5,0.81723,0.680394,0.0226063,-0.452126
436.603,300,0.805466,0.668797,0.0372605,-0.447324
437.469,299.5,0.807014,0.66386,0.0537547,-0.455709
438.335,299,0.832147,0.687964,0.0703795,-0.46284
439.201,298.5,0.84817,0.716275,0.0838651,-0.44644
440.067,298,0.851197,0.742347,0.0867573,-0.407345
440.933,297.5,0.856155,0.769846,0.0868791,-0.364406
441.799,297,0.864768,0.798776,0.0826367,-0.32086
442.665,296.5,0.880716,0.828802,0.063681,-0.291019
443.531,296,0.906188,0.865915,0.0397628,-0.264173
444.397,295.5,0.930042,0.899484,0.0244647,-0.235179
445.263,295,0.981324,0.956095,0.0222203,-0.21997
446.129,294.5,1.02748,1.00779,0.0218321,-0.198972
446.995,294,1.06879,1.05457,0.0233001,-0.172185
447.861,293.5,1.1278,1.11694,0.0155554,-0.155356
448.727,293,1.17502,1.16643,0.0189208,-0.140568
449.593,292.5,1.20785,1.20071,0.0349492,-0.126388
450.459,292,1.20487,1.19437,0.0695541,-0.142647
451.325,291.5,1.19267,1.17362,0.104528,-0.184807
452.191,291,1.1604,1.12817,0.123113,-0.242081
453.057,290.5,1.10735,1.06038,0.119217,-0.295978
453.923,290,1.0605,0.996282,0.107376,-0.347194
454.789,289.5,1.01897,0.933999,0.086455,-0.39808
455.655,289,0.979953,0.877256,0.0535982,-0.433426
456.521,288.5,0.952063,0.838614,0.0184212,-0.450345
457.387,288,0.963444,0.83884,-0.00854402,-0.473813
458.253,287.5,0.986142,0.846847,-0.038342,-0.503842
459.119,287,1.00844,0.852315,-0.0697479,-0.534462
459.985,286.5,1.02927,0.855511,-0.101377,-0.563232
460.851,286,1.05086,0.860736,-0.130853,-0.588479
461.717,285.5,1.08838,0.903459,-0.127529,-0.593354
462.583,285,1.1325,0.954617,-0.116642,-0.598052
463.449,284.5,1.1844,1.00866,-0.11583,-0.609915
464.315,284,1.22858,1.05084,-0.11615,-0.625817
465.181,283.5,1.27374,1.0947,-0.122679,-0.639525
466.047,283,1.32023,1.14045,-0.135451,-0.651177
466.913,282.5,1.35826,1.17058,-0.126017,-0.677301
467.779,282,1.47953,1.27952,-0.0883606,-0.737582
468.645,281.5,1.55062,1.33536,-0.0954293,-0.782383
469.512,281,1.62296,1.38059,-0.121858,-0.844452
470.378,280.5,1.64304,1.40398,-0.144259,-0.841199
471.244,280,1.65679,1.42587,-0.156818,-0.829001
472.11,279.5,1.6588,1.44186,-0.141292,-0.807884
472.976,279,1.65979,1.4489,-0.146354,-0.796357
473.842,278.5,1.66859,1.4621,-0.163055,-0.78732
474.708,278,1.66208,1.45232,-0.194976,-0.784397
475.574,277.5,1.64198,1.42609,-0.212396,-0.785652
476.44,277,1.61024,1.39076,-0.211003,-0.783667
477.306,276.5,1.57141,1.35317,-0.154901,-0.78375
478.172,276,1.5335,1.31875,-0.0692747,-0.779554
479.038,275.5,1.50258,1.28442,0.0475419,-0.778314
