x,v,vx,vy,vz
220.096,425,0.576451,0.576324,0.00431669,0.0113095
220.962,424.5,0.573229,0.573123,0.00384506,0.0102893
221.828,424,0.570166,0.570081,0.00342802,0.00923912
222.694,423.5,0.56728,0.567213,0.00306626,0.00814795
223.56,423,0.563753,0.563696,0.00291506,0.00741871
224.426,422.5,0.559977,0.55993,0.00305481,0.00661825
225.292,422,0.552338,0.552314,0.00399104,0.00321448
226.158,421.5,0.544223,0.544202,0.00477184,-0.000361724
227.024,421,0.536431,0.536391,0.00538095,-0.00369568
227.89,420.5,0.52916,0.529082,0.00582987,-0.00692954
228.756,420,0.522877,0.522765,0.00609607,-0.00890427
229.622,419.5,0.521235,0.52115,0.00609557,-0.00718583
230.488,419,0.524146,0.524102,0.00606318,-0.0031281
231.355,418.5,0.527305,0.527267,0.00624474,0.000985253
232.221,418,0.530168,0.530099,0.0068355,0.00509043
233.087,417.5,0.532524,0.532395,0.00786916,0.00864388
233.953,417,0.534313,0.534107,0.00920593,0.0116182
234.819,416.5,0.529942,0.529695,0.0103485,0.0124605
235.685,416,0.525285,0.524988,0.011147,0.0136788
236.551,415.5,0.520446,0.520093,0.0115868,0.0152845
237.417,415,0.515952,0.515556,0.0114738,0.0166353
238.283,414.5,0.511328,0.510879,0.0111606,0.0182881
239.149,414,0.50857,0.508053,0.0109411,0.0201539
240.015,413.5,0.507999,0.507425,0.011183,0.0213973
240.881,413,0.507498,0.506858,0.0115821,0.0226818
241.747,412.5,0.507023,0.506305,0.0121258,0.0240993
242.613,412,0.506741,0.505927,0.0130446,0.0255652
243.479,411.5,0.506444,0.505517,0.0140731,0.0272003
244.345,411,0.506756,0.505712,0.0133125,0.0296565
245.211,410.5,0.50712,0.505962,0.012481,0.0318919
246.077,410,0.507458,0.506192,0.0116082,0.0338846
246.943,409.5,0.507974,0.506608,0.0106605,0.0356763
247.809,409,0.508752,0.507286,0.00994409,0.0373003
248.675,408.5,0.508106,0.50653,0.0111935,0.0383883
249.541,408,0.505755,0.504057,0.0135263,0.0391398
250.407,407.5,0.502639,0.500832,0.0158435,0.0395246
251.273,407,0.498426,0.496584,0.0181251,0.0387908
252.139,406.5,0.493428,0.491531,0.0202743,0.0381717
253.005,406,0.487758,0.485825,0.0220142,0.0373904
253.871,405.5,0.483018,0.481332,0.0216507,0.0340204
254.737,405,0.478382,0.476902,0.0216566,0.030729
255.603,404.5,0.47385,0.472537,0.022032,0.0275163
256.469,404,0.469309,0.468314,0.0211795,0.0220049
257.335,403.5,0.464832,0.464078,0.0204922,0.0167511
258.201,403,0.459285,0.45866,0.0206317,0.0121893
259.067,402.5,0.457518,0.456929,0.0213508,0.0091429
259.933,402,0.457444,0.456868,0.0217956,0.00717056
260.799,401.5,0.457848,0.457287,0.0218252,0.00607877
261.665,401,0.456949,0.456567,0.0179022,0.00529648
262.531,400.5,0.456095,0.45593,0.0113001,0.00474705
263.397,400,0.458417,0.458373,0.00439067,0.0045318
264.263,399.5,0.464217,0.464169,-0.001867,0.00640264
265.13,399,0.474879,0.474715,-0.00690922,0.0103659
265.996,398.5,0.486019,0.48566,-0.0116986,0.0145576
266.862,398,0.493007,0.492363,-0.0183159,0.0172982
267.728,397.5,0.48636,0.485177,-0.0298249,0.0161088
268.594,397,0.479295,0.477262,-0.0409872,0.0162578
269.46,396.5,0.476526,0.473461,-0.0506253,0.0186693
270.326,396,0.495427,0.492004,-0.053228,0.0233926
271.192,395.5,0.51417,0.510524,-0.0557635,0.0250321
272.058,395,0.531848,0.528167,-0.057281,0.0248976
272.924,394.5,0.512844,0.510082,-0.0489986,0.0205958
273.79,394,0.542256,0.538895,-0.058823,0.0131802
274.656,393.5,0.561071,0.557238,-0.0639801,0.0139187
275.522,393,0.581045,0.576685,-0.0690953,0.016541
276.388,392.5,0.595971,0.591333,-0.0706073,0.0228304
277.254,392,0.594242,0.589982,-0.06272,0.0333249
278.12,391.5,0.594941,0.590798,-0.0569706,0.0408262
278.986,391,0.59759,0.593479,-0.05327,0.0453788
279.852,390.5,0.591733,0.587869,-0.0471502,0.0483161
280.718,390,0.585594,0.582251,-0.0396858,0.0482676
281.584,389.5,0.579219,0.576624,-0.0308767,0.0452331
282.45,389,0.57778,0.575026,-0.0265986,0.0496685
283.316,388.5,0.57516,0.572183,-0.0234893,0.0535088
284.182,388,0.570919,0.567762,-0.0212088,0.0560787
285.048,387.5,0.540608,0.539064,-0.0224132,0.0341243
285.914,387,0.56954,0.568176,-0.0249836,0.0304411
286.78,386.5,0.559495,0.557101,-0.0204087,0.0475002
287.646,386,0.543529,0.540291,-0.0142178,0.0575073
288.512,385.5,0.524178,0.520888,-0.00616452,0.0583126
289.378,385,0.519632,0.517642,0.00234372,0.0453678
290.244,384.5,0.518881,0.517796,0.012514,0.0311115
291.11,384,0.525435,0.524594,0.0203737,0.0216279
291.976,383.5,0.529232,0.528584,0.0154739,0.0211082
292.842,383,0.539765,0.539497,0.0085204,0.0147416
293.708,382.5,0.559161,0.559155,8.52024e-05,0.00252636
294.574,382,0.581196,0.580983,-0.0148448,-0.00517886
295.44,381.5,0.607664,0.606664,-0.0339944,-0.00767204
296.306,381,0.626657,0.625241,-0.0419044,0.00403762
297.172,380.5,0.658728,0.657471,-0.035337,0.0201434
298.038,380,0.691484,0.690238,-0.0251943,0.0329874
298.905,379.5,0.712619,0.711162,-0.0212094,0.0403116
299.771,379,0.720485,0.718484,-0.0281551,0.0456803
300.637,378.5,0.730246,0.727425,-0.0368983,0.0524443
301.503,378,0.744145,0.741194,-0.0365186,0.055215
302.369,377.5,0.756751,0.754022,-0.0354824,0.053517
303.235,377,0.767001,0.764759,-0.0397318,0.0430755
304.101,376.5,0.777903,0.775987,-0.0425052,0.0342021
304.967,376,0.79,0.788337,-0.0439704,0.0262811
305.833,375.5,0.805926,0.804468,-0.0477247,0.00836242
306.699,375,0.815092,0.81377,-0.0454818,-0.00912889
307.565,374.5,0.949793,0.94822,-0.0464797,-0.0287228
308.431,374,0.994901,0.993024,-0.0406542,-0.0455855
309.297,373.5,0.986103,0.983233,-0.0232559,-0.071492
310.163,373,0.969535,0.965154,-0.000355908,-0.0920591
311.029,372.5,0.947334,0.941233,0.0272671,-0.103823
311.895,372,0.761764,0.757593,0.0640755,-0.0472417
312.761,371.5,0.915868,0.908046,0.0878647,-0.0809109
313.627,371,0.92309,0.913828,0.117685,-0.0562454
314.493,370.5,0.717084,0.705658,0.127413,0.00470804
315.359,370,0.701804,0.690582,0.124713,0.00844617
316.225,369.5,0.683932,0.673528,0.118567,0.0081241
317.091,369,0.748915,0.734425,0.142009,0.0364372
317.957,368.5,0.745329,0.728665,0.144677,0.0602593
318.823,368,0.767291,0.752922,0.142598,0.0388639
319.689,367.5,0.749803,0.739824,0.121354,-0.0117275
320.555,367,0.705556,0.698271,0.0808457,-0.0607525
321.421,366.5,0.726836,0.71702,0.0827156,-0.0856199
322.287,366,0.729029,0.717421,0.0728787,-0.107141
323.153,365.5,0.730792,0.717254,0.0517171,-0.130112
324.019,365,0.733738,0.717087,0.0194412,-0.154205
324.885,364.5,0.78536,0.77286,0.0161542,-0.138624
325.751,364,0.833818,0.8213,0.0132962,-0.143326
326.617,363.5,0.878529,0.862145,0.0107133,-0.168539
327.483,363,0.801789,0.783249,0.0192967,-0.170335
328.349,362.5,0.703138,0.684725,0.0771881,-0.139988
329.215,362,0.669099,0.645764,0.0971747,-0.145736
330.081,361.5,0.632205,0.602548,0.115111,-0.152869
330.947,361,0.591796,0.554187,0.12948,-0.162276
331.813,360.5,0.499299,0.441453,0.110197,-0.205609
332.679,360,0.461773,0.382531,0.113828,-0.232266
333.546,359.5,0.422217,0.333446,0.106863,-0.235925
334.412,359,0.384167,0.304388,0.105099,-0.209492
335.278,358.5,0.358844,0.291427,0.106494,-0.180273
336.144,358,0.34669,0.288758,0.116125,-0.152733
337.01,357.5,0.335377,0.286186,0.128051,-0.119073
337.876,357,0.328195,0.283452,0.142824,-0.0834741
338.742,356.5,0.357939,0.316345,0.152272,-0.0697105
339.608,356,0.403616,0.365788,0.160876,-0.0567761
340.474,355.5,0.448924,0.4123,0.172774,-0.04112
341.34,355,0.465213,0.426278,0.184371,-0.0267785
342.206,354.5,0.471417,0.425927,0.201604,-0.0132605
343.072,354,0.474256,0.418688,0.222729,-0.00334408
343.938,353.5,0.495418,0.43946,0.228673,-0.00482396
344.804,353,0.508979,0.443421,0.249806,-0.00590592
345.67,352.5,0.517208,0.429323,0.288343,-0.00662753
346.536,352,0.497214,0.368952,0.328529,-0.0562561
347.402,351.5,0.48409,0.289609,0.365255,-0.130609
348.268,351,0.480977,0.22352,0.38405,-0.184074
349.134,350.5,0.376994,0.175564,0.320145,-0.093856
350,350,0.318342,0.1629,0.272148,-0.0272098
350.866,349.5,0.242466,0.13983,0.189967,0.0561235
351.732,349,0.237283,0.179799,0.0786875,0.133356
352.598,348.5,0.268252,0.209675,0.153423,0.0667597
353.464,348,0.236227,0.188009,0.143006,-0.0021696
354.33,347.5,0.27494,0.263229,0.0324215,0.0724629
355.196,347,0.397981,0.379657,-0.0666031,0.0990603
356.062,346.5,0.55734,0.510309,-0.205502,0.0893404
356.928,346,0.684868,0.597306,-0.29518,0.15855
357.794,345.5,0.781343,0.676374,-0.342461,0.18904
358.66,345,0.818006,0.721789,-0.359977,0.136277
359.526,344.5,0.850067,0.768823,-0.348914,0.0989206
360.392,344,0.910624,0.841062,-0.345203,0.0518276
361.258,343.5,0.839718,0.780494,-0.288094,-0.11383
362.124,343,0.901877,0.837797,-0.279765,-0.182236
362.99,342.5,0.896548,0.829854,-0.245016,-0.234751
363.856,342,0.910596,0.834367,-0.221409,-0.289819
364.722,341.5,0.957285,0.863286,-0.218778,-0.351094
365.588,341,0.979519,0.879609,-0.219155,-0.371102
366.454,340.5,0.979737,0.884201,-0.205021,-0.368837
367.321,340,0.935245,0.839184,-0.152405,-0.3837
368.187,339.5,0.88678,0.793774,-0.0963012,-0.383441
369.053,339,0.853613,0.787549,-0.0369184,-0.3272
369.919,338.5,0.783408,0.724984,0.00274318,-0.296849
370.785,338,0.755061,0.712982,0.0332217,-0.246314
371.651,337.5,0.694092,0.661458,0.0419168,-0.206108
372.517,337,0.589724,0.56858,0.0603006,-0.144413
373.383,336.5,0.489976,0.475241,0.087349,-0.0811932
374.249,336,0.416312,0.395673,0.128267,-0.0174753
375.115,335.5,0.366213,0.342217,0.126767,-0.030483
375.981,335,0.321191,0.285059,0.147944,-0.00418418
376.847,334.5,0.274559,0.242304,0.126567,0.0255379
377.713,334,0.232104,0.201253,0.104771,0.0489153
378.579,333.5,0.19253,0.148087,0.0832951,0.0905541
379.445,333,0.195535,0.122988,0.059445,0.139907
380.311,332.5,0.217199,0.107314,0.051495,0.181679
381.177,332,0.244495,0.109002,0.0497697,0.213118
382.043,331.5,0.256892,0.105454,0.0491186,0.229043
382.909,331,0.243478,0.113784,0.00942533,0.215049
383.775,330.5,0.266596,0.112084,-0.00339528,0.241866
384.641,330,0.288736,0.117858,-0.0161625,0.263091
385.507,329.5,0.309211,0.130713,-0.0300693,0.278606
386.373,329,0.326349,0.143781,-0.0451813,0.289463
387.239,328.5,0.334573,0.148935,-0.0556486,0.294382
388.105,328,0.33062,0.145825,-0.0598808,0.290618
388.971,327.5,0.325372,0.142439,-0.0638441,0.285485
389.837,327,0.320548,0.142542,-0.0665005,0.279304
390.703,326.5,0.321127,0.156863,-0.0634331,0.272934
391.569,326,0.322275,0.170965,-0.0591499,0.266708
392.435,325.5,0.324147,0.182475,-0.0556506,0.262063
393.301,325,0.327539,0.179461,-0.0662222,0.265877
394.167,324.5,0.335244,0.179002,-0.075744,0.273148
395.033,324,0.346875,0.181076,-0.0841462,0.283643
395.899,323.5,0.362581,0.207817,-0.0812594,0.285787
396.765,323,0.377699,0.230784,-0.0748577,0.289468
397.631,322.5,0.390681,0.247101,-0.0658097,0.295367
398.497,322,0.409964,0.250424,-0.0658188,0.317846
399.363,321.5,0.432061,0.249468,-0.0686682,0.346016
400.229,321,0.456674,0.25868,-0.0741742,0.368964
401.095,320.5,0.469987,0.278763,-0.0749324,0.370896
401.962,320,0.477705,0.302329,-0.0717683,0.362834
402.828,319.5,0.488245,0.327782,-0.069498,0.355123
403.694,319,0.506325,0.356003,-0.0716126,0.352844
404.56,318.5,0.530862,0.38578,-0.0784303,0.356142
405.426,318,0.564429,0.412388,-0.0794763,0.377094
406.292,317.5,0.600925,0.44085,-0.0761743,0.401197
407.158,317,0.639115,0.470387,-0.0675786,0.42736
408.024,316.5,0.677834,0.500257,-0.0556976,0.453981
408.89,316,0.716501,0.529949,-0.0405425,0.480504
409.756,315.5,0.747529,0.560078,-0.0335982,0.493947
410.622,315,0.778157,0.59104,-0.0329594,0.505088
411.488,314.5,0.808976,0.619377,-0.0330372,0.519349
412.354,314,0.82717,0.637526,-0.0340378,0.525939
413.22,313.5,0.835577,0.646013,-0.0349544,0.528805
414.086,313,0.832035,0.644636,-0.0349281,0.524887
414.952,312.5,0.80465,0.643134,-0.0375559,0.48211
415.818,312,0.797988,0.660357,-0.0417303,0.446063
416.684,311.5,0.816848,0.697091,-0.0457509,0.423335
417.55,311,0.838722,0.7263,-0.0449397,0.417041
418.416,310.5,0.847237,0.737069,-0.0413695,0.415727
419.282,310,0.8508,0.738571,-0.0466113,0.419763
420.148,309.5,0.869294,0.755657,-0.0561514,0.42603
421.014,309,0.896351,0.786868,-0.063644,0.424539
421.88,308.5,0.919256,0.819636,-0.0692266,0.41041
422.746,308,0.935211,0.847512,-0.0691992,0.3893
423.612,307.5,0.938869,0.857624,-0.0552654,0.378022
424.478,307,0.941147,0.860677,-0.0288612,0.379685
425.344,306.5,0.952018,0.871996,-0.0023165,0.382042
426.21,306,0.962367,0.882688,0.000114426,0.383421
427.076,305.5,0.971895,0.891488,0.00406359,0.387056
427.942,305,0.980575,0.898438,0.00937451,0.392744
428.808,304.5,0.983812,0.906848,-0.00890591,0.381357
429.674,304,0.9839,0.911991,-0.0307453,0.36795
430.54,303.5,0.980988,0.913556,-0.0521684,0.353598
431.406,303,0.985462,0.918591,-0.051512,0.353089
432.272,302.5,0.994113,0.926814,-0.0479762,0.356335
433.138,302,1.00523,0.93738,-0.0439629,0.360366
434.004,301.5,1.01175,0.944981,-0.0364466,0.359622
434.87,301,1.01694,0.952028,-0.0296553,0.35627
435.737,300.5,1.02282,0.96015,-0.0243673,0.351676
436.603,300,1.02568,0.965887,-0.0235,0.34427
437.469,299.5,1.02491,0.969138,-0.0228727,0.332692
438.335,299,1.0215,0.9688,-0.0194946,0.323268
439.201,298.5,1.01839,0.967877,-0.0185343,0.316208
440.067,298,1.01727,0.969296,-0.0214213,0.307961
440.933,297.5,1.01704,0.972567,-0.0252284,0.296401
441.799,297,1.01855,0.977551,-0.0313537,0.284341
442.665,296.5,1.01897,0.978749,-0.0431479,0.280168
443.531,296,1.01492,0.974553,-0.0511109,0.278728
444.397,295.5,1.01344,0.972424,-0.0516463,0.28069
445.263,295,1.0095,0.965834,-0.0423379,0.290626
446.129,294.5,1.0026,0.955726,-0.0303869,0.301454
446.995,294,0.992914,0.942099,-0.0157931,0.313173
447.861,293.5,1.0051,0.950226,-0.0209785,0.326896
448.727,293,1.01747,0.959339,-0.0269656,0.337912
449.593,292.5,1.02723,0.966769,-0.0312559,0.345803
450.459,292,1.01873,0.960205,-0.0305868,0.338933
451.325,291.5,0.9934,0.94086,-0.0286714,0.317496
452.191,291,0.954272,0.910313,-0.0265538,0.28506
453.057,290.5,0.913385,0.877171,-0.0240869,0.253498
453.923,290,0.883041,0.852489,-0.021889,0.229226
454.789,289.5,0.86411,0.837166,-0.0198082,0.213183
455.655,289,0.861839,0.836348,-0.0189266,0.207195
456.521,288.5,0.874691,0.849196,-0.0202878,0.20866
457.387,288,0.894306,0.868853,-0.0171039,0.211152
458.253,287.5,0.913568,0.887836,-0.0144411,0.214814
459.119,287,0.930436,0.903999,-0.0114698,0.21992
459.985,286.5,0.945097,0.917998,-0.00820879,0.224544
460.851,286,0.95668,0.928967,-0.00453862,0.228556
461.717,285.5,0.955211,0.927302,0.000531639,0.229211
462.583,285,0.947021,0.919486,0.00548418,0.226635
463.449,284.5,0.93717,0.910298,0.00984453,0.222593
464.315,284,0.924699,0.897906,0.0103004,0.22074
465.181,283.5,0.91303,0.886211,0.0101533,0.219434
466.047,283,0.902281,0.87533,0.00943652,0.218674
466.913,282.5,0.899818,0.870334,0.0010563,0.228452
467.779,282,0.901591,0.86883,-0.00741842,0.240722
468.645,281.5,0.906858,0.87026,-0.015344,0.254566
469.512,281,0.91588,0.874564,-0.0228464,0.271021
470.378,280.5,0.927078,0.880544,-0.0294367,0.28853
471.244,280,0.936425,0.885033,-0.0336459,0.3041
472.11,279.5,0.939339,0.884664,-0.0353326,0.313813
472.976,279,0.937589,0.881055,-0.0358988,0.31863
473.842,278.5,0.933751,0.875831,-0.0361732,0.321718
474.708,278,0.924718,0.866719,-0.0363632,0.320281
475.574,277.5,0.907885,0.852077,-0.0369656,0.311213
476.44,277,0.887883,0.835018,-0.0368581,0.299536
477.306,276.5,0.867527,0.818253,-0.0366176,0.285875
478.172,276,0.845755,0.801809,-0.0345786,0.266851
479.038,275.5,0.82539,0.786906,-0.0330869,0.246884
