x,v,vx,vy,vz
220.096,425,0.616597,0.616553,-0.00599029,-0.00434023
220.962,424.5,0.617086,0.617039,-0.00592485,-0.00470692
221.828,424,0.617581,0.617532,-0.00585939,-0.00506608
222.694,423.5,0.618087,0.618036,-0.0057943,-0.00541763
223.56,423,0.618489,0.618436,-0.00572035,-0.00574385
224.426,422.5,0.618876,0.61882,-0.00564372,-0.0060514
225.292,422,0.619249,0.619192,-0.0055367,-0.00634505
226.158,421.5,0.619508,0.619449,-0.00536081,-0.00661612
227.024,421,0.619708,0.619649,-0.00514947,-0.00687401
227.89,420.5,0.61991,0.61985,-0.00493328,-0.00712806
228.756,420,0.620018,0.619957,-0.00463552,-0.00736176
229.622,419.5,0.620046,0.619985,-0.00425777,-0.007558
230.488,419,0.620086,0.620026,-0.00388146,-0.00772669
231.355,418.5,0.620026,0.619966,-0.00353373,-0.00788428
232.221,418,0.619787,0.619726,-0.00323236,-0.00803307
233.087,417.5,0.619537,0.619476,-0.00293432,-0.0081835
233.953,417,0.619262,0.6192,-0.00264524,-0.00833259
234.819,416.5,0.619024,0.61896,-0.00238069,-0.00855082
235.685,416,0.618765,0.618699,-0.0021246,-0.0087788
236.551,415.5,0.618478,0.618409,-0.00187555,-0.00901584
237.417,415,0.617971,0.617899,-0.00158358,-0.00927842
238.283,414.5,0.617441,0.617366,-0.00128999,-0.00955028
239.149,414,0.61687,0.616791,-0.000988437,-0.00983535
240.015,413.5,0.616071,0.615987,-0.000845494,-0.0101222
240.881,413,0.615229,0.61514,-0.000717928,-0.0104164
241.747,412.5,0.614373,0.614279,-0.000581277,-0.0107194
242.613,412,0.613351,0.613252,-0.000397105,-0.0110179
243.479,411.5,0.612242,0.612138,-0.000187405,-0.0113226
244.345,411,0.611122,0.61101,1.05638e-05,-0.0116614
245.211,410.5,0.609871,0.609753,0.000278335,-0.0119889
246.077,410,0.608507,0.608382,0.000607574,-0.0123137
246.943,409.5,0.607121,0.606989,0.000942127,-0.0126522
247.809,409,0.605602,0.605461,0.00127306,-0.0129848
248.675,408.5,0.603929,0.60378,0.00159805,-0.0133093
249.541,408,0.602262,0.602104,0.00193425,-0.0136534
250.407,407.5,0.600587,0.600419,0.00230238,-0.0140031
251.273,407,0.59893,0.598752,0.00274869,-0.0143335
252.139,406.5,0.597262,0.597073,0.00319542,-0.0146778
253.005,406,0.595578,0.595377,0.00365541,-0.0150395
253.871,405.5,0.593821,0.593605,0.00425389,-0.0154478
254.737,405,0.592063,0.59183,0.00485904,-0.0158785
255.603,404.5,0.590305,0.590053,0.00547085,-0.0163315
256.469,404,0.58834,0.588069,0.00599671,-0.0168214
257.335,403.5,0.586362,0.586069,0.00652157,-0.0173442
258.201,403,0.584449,0.584133,0.00703662,-0.0178822
259.067,402.5,0.582264,0.581917,0.00790401,-0.0185
259.933,402,0.580008,0.579623,0.00888096,-0.0191782
260.799,401.5,0.577776,0.577348,0.00986247,-0.0199013
261.665,401,0.57477,0.574291,0.0109432,-0.0207584
262.531,400.5,0.57129,0.570749,0.0121038,-0.0217296
263.397,400,0.567867,0.567255,0.0133074,-0.0227409
264.263,399.5,0.563832,0.563139,0.0145037,-0.0238847
265.13,399,0.559063,0.558275,0.0156994,-0.0251858
265.996,398.5,0.554317,0.553421,0.0169474,-0.0265478
266.862,398,0.549214,0.548204,0.0179879,-0.0280206
267.728,397.5,0.543305,0.542185,0.0183701,-0.0296507
268.594,397,0.537452,0.53621,0.0187183,-0.0313523
269.46,396.5,0.531536,0.530158,0.0190101,-0.0331856
270.326,396,0.525094,0.523557,0.0189732,-0.0353725
271.192,395.5,0.518734,0.51702,0.0189067,-0.0376498
272.058,395,0.512443,0.510534,0.0187953,-0.0399908
272.924,394.5,0.505871,0.503668,0.0201584,-0.0426337
273.79,394,0.499413,0.49689,0.0215168,-0.0452867
274.656,393.5,0.493074,0.490205,0.0228476,-0.0479447
275.522,393,0.486107,0.482839,0.0241294,-0.050833
276.388,392.5,0.479158,0.475456,0.0252622,-0.0538103
277.254,392,0.472365,0.468222,0.0263757,-0.056581
278.12,391.5,0.465533,0.461045,0.0254789,-0.059238
278.986,391,0.458838,0.45404,0.0235516,-0.0618462
279.852,390.5,0.452391,0.447265,0.0215852,-0.0643878
280.718,390,0.447277,0.441705,0.021405,-0.0670455
281.584,389.5,0.443314,0.437225,0.023028,-0.0695122
282.45,389,0.439163,0.432619,0.024715,-0.0713713
283.316,388.5,0.433669,0.426524,0.0284317,-0.0730612
284.182,388,0.425705,0.417591,0.0360421,-0.0744598
285.048,387.5,0.417933,0.4088,0.0435098,-0.0752198
285.914,387,0.409975,0.399751,0.0511293,-0.0752628
286.78,386.5,0.399389,0.387847,0.0602874,-0.0738319
287.646,386,0.388442,0.375354,0.0699058,-0.0714806
288.512,385.5,0.377212,0.362394,0.0794191,-0.0682023
289.378,385,0.358738,0.345017,0.0770478,-0.0609892
290.244,384.5,0.33899,0.326738,0.0749604,-0.0503714
291.11,384,0.317334,0.306512,0.0729919,-0.0377235
291.976,383.5,0.311214,0.299907,0.0797879,-0.0233179
292.842,383,0.303134,0.29034,0.0869377,-0.0059144
293.708,382.5,0.291109,0.2754,0.0932491,0.0142959
294.574,382,0.275711,0.247786,0.106541,0.0571646
295.44,381.5,0.274817,0.215301,0.126349,0.114917
296.306,381,0.282001,0.165473,0.155443,0.167275
297.172,380.5,0.313788,0.105401,0.185467,0.230121
298.038,380,0.388885,0.0226286,0.221959,0.318518
298.905,379.5,0.513046,-0.087487,0.267755,0.428799
299.771,379,0.70702,-0.216584,0.334142,0.584224
300.637,378.5,0.947697,-0.389091,0.431443,0.748729
301.503,378,1.55624,-0.862119,0.591095,1.15293
302.369,377.5,2.22628,-1.64644,0.805234,1.26378
303.235,377,3.23963,-2.69997,1.10242,1.41068
304.101,376.5,4.28527,-3.71148,1.3439,1.66806
304.967,376,4.71042,-4.16343,1.03135,1.94686
305.833,375.5,5.00384,-4.44563,0.511236,2.23907
306.699,375,5.10124,-4.3852,-0.115004,2.60374
307.565,374.5,5.18418,-4.14748,-0.404539,3.08391
308.431,374,5.39881,-3.95741,-0.403246,3.65013
309.297,373.5,5.27026,-3.652,-0.196381,3.79473
310.163,373,4.97585,-3.44097,0.0763081,3.59346
311.029,372.5,4.44448,-3.21031,0.445187,3.04124
311.895,372,3.86559,-2.92705,0.596352,2.45347
312.761,371.5,3.28398,-2.64966,0.779119,1.77674
313.627,371,2.79444,-2.42934,0.878495,1.06558
314.493,370.5,2.55956,-2.37851,0.739765,0.588886
315.359,370,2.43032,-2.32358,0.712333,-0.000518621
316.225,369.5,2.45639,-2.38504,0.514481,-0.284157
317.091,369,2.48421,-2.40885,0.402408,-0.454742
317.957,368.5,2.49107,-2.38715,0.375422,-0.604993
318.823,368,2.44052,-2.3768,0.243783,-0.497506
319.689,367.5,2.36161,-2.31909,0.208123,-0.394576
320.555,367,2.22524,-2.19316,0.234089,-0.294872
321.421,366.5,2.06336,-2.05088,0.207129,-0.0919496
322.287,366,1.91913,-1.8948,0.302415,0.0364274
323.153,365.5,1.73439,-1.6804,0.415689,0.107575
324.019,365,1.61323,-1.52417,0.498063,0.177072
324.885,364.5,1.50434,-1.35142,0.649278,0.123132
325.751,364,1.42282,-1.23075,0.713882,0.00731002
326.617,363.5,1.41216,-1.14664,0.816076,-0.115927
327.483,363,1.42127,-1.09133,0.845705,-0.337332
328.349,362.5,1.39121,-1.06274,0.796055,-0.415145
329.215,362,1.36254,-1.03089,0.728648,-0.512691
330.081,361.5,1.33732,-1.0227,0.59861,-0.619805
330.947,361,1.4058,-1.08187,0.502877,-0.743595
331.813,360.5,1.50456,-1.18255,0.376882,-0.850439
332.679,360,1.55492,-1.21648,0.343963,-0.90534
333.546,359.5,1.4978,-1.16207,0.230877,-0.916343
334.412,359,1.39249,-1.11357,0.044972,-0.834849
335.278,358.5,0.952795,-0.70725,0.126128,-0.625866
336.144,358,0.499726,-0.134739,0.20877,-0.433574
337.01,357.5,0.575879,0.4609,0.257787,-0.22968
337.876,357,1.05556,0.889278,0.566382,0.0510875
338.742,356.5,1.37876,1.15549,0.727263,0.192109
339.608,356,1.39258,1.1518,0.751901,0.217457
340.474,355.5,1.16512,0.941734,0.647541,0.226589
341.34,355,0.989035,0.775315,0.559826,0.252332
342.206,354.5,0.881758,0.655619,0.515087,0.286962
343.072,354,0.785756,0.557154,0.473674,0.287444
343.938,353.5,0.694059,0.469571,0.432036,0.273066
344.804,353,0.611813,0.430856,0.340962,0.269116
345.67,352.5,0.592631,0.431595,0.293423,0.280786
346.536,352,0.621519,0.456556,0.290761,0.305451
347.402,351.5,0.629113,0.491436,0.232633,0.316474
348.268,351,0.631803,0.509547,0.207425,0.310663
349.134,350.5,0.648029,0.501627,0.290388,0.289805
350,350,0.598984,0.433255,0.343417,0.230515
350.866,349.5,0.520275,0.367741,0.313961,0.192045
351.732,349,0.413646,0.315586,0.179671,0.198059
352.598,348.5,0.413785,0.320821,0.0894815,0.24553
353.464,348,0.494553,0.364597,0.028073,0.332962
354.33,347.5,0.578524,0.421136,-0.0102963,0.396519
355.196,347,0.609162,0.461543,-0.012055,0.39738
356.062,346.5,0.66372,0.511452,-0.0336166,0.421677
356.928,346,0.695475,0.547102,-0.0360734,0.42786
357.794,345.5,0.691953,0.558682,-0.0327102,0.406944
358.66,345,0.686645,0.566004,-0.0283083,0.387711
359.526,344.5,0.682391,0.57303,-0.0219339,0.369883
360.392,344,0.687337,0.590074,-0.0163313,0.352105
361.258,343.5,0.688736,0.601967,-0.0141936,0.334353
362.124,343,0.688582,0.610901,-0.0165325,0.317288
362.99,342.5,0.695982,0.626452,-0.0226782,0.302381
363.856,342,0.70415,0.642487,-0.0277167,0.286827
364.722,341.5,0.712271,0.658213,-0.0313404,0.270377
365.588,341,0.724289,0.676674,-0.031316,0.256372
366.454,340.5,0.738114,0.696029,-0.0307609,0.243741
367.321,340,0.746496,0.707157,-0.0265581,0.237655
368.187,339.5,0.754717,0.716101,-0.0205149,0.237437
369.053,339,0.763208,0.724043,-0.0148024,0.240892
369.919,338.5,0.770976,0.731125,-0.00967555,0.244472
370.785,338,0.778195,0.73733,-0.00458529,0.248819
371.651,337.5,0.781782,0.74003,-0.000729428,0.25207
372.517,337,0.777589,0.736021,-0.00111186,0.250832
373.383,336.5,0.770799,0.729544,-0.00174684,0.248783
374.249,336,0.760557,0.719319,-0.00212687,0.247028
375.115,335.5,0.749811,0.708163,-0.00194232,0.246411
375.981,335,0.738576,0.696075,-0.00120086,0.246925
376.847,334.5,0.73219,0.689899,-0.00232912,0.245229
377.713,334,0.726809,0.684904,-0.00357348,0.243198
378.579,333.5,0.72199,0.68058,-0.00488887,0.240948
379.445,333,0.717395,0.676649,-0.00591366,0.238258
380.311,332.5,0.713456,0.673503,-0.00666963,0.235304
381.177,332,0.713093,0.673773,-0.00574326,0.233449
382.043,331.5,0.716109,0.677141,-0.00292631,0.232987
382.909,331,0.71918,0.680644,-0.000148935,0.23226
383.775,330.5,0.722536,0.684505,0.00259301,0.231309
384.641,330,0.725791,0.688478,0.00509411,0.229662
385.507,329.5,0.728816,0.692379,0.00740471,0.227442
386.373,329,0.726076,0.690143,0.00819204,0.225437
387.239,328.5,0.722884,0.687529,0.00885565,0.223128
388.105,328,0.719419,0.684725,0.00934465,0.220518
388.971,327.5,0.715939,0.681867,0.0100345,0.218003
389.837,327,0.712534,0.679076,0.0108503,0.215506
390.703,326.5,0.707394,0.674431,0.010348,0.213172
391.569,326,0.700605,0.667936,0.00878884,0.211261
392.435,325.5,0.694278,0.66186,0.00730683,0.209548
393.301,325,0.689283,0.657115,0.00560729,0.208036
394.167,324.5,0.684458,0.652512,0.00411307,0.206626
395.033,324,0.679839,0.648095,0.00280015,0.205294
395.899,323.5,0.676277,0.644982,0.000979689,0.203342
396.765,323,0.672966,0.642108,-0.000672044,0.201444
397.631,322.5,0.669889,0.639451,-0.00213266,0.199621
398.497,322,0.667014,0.637023,-0.00331778,0.197732
399.363,321.5,0.664169,0.634648,-0.00424813,0.195769
400.229,321,0.662348,0.633351,-0.00447278,0.193783
401.095,320.5,0.660785,0.632428,-0.00425756,0.191451
401.962,320,0.658862,0.631192,-0.00408117,0.188889
402.828,319.5,0.656798,0.629813,-0.00400759,0.186288
403.694,319,0.654576,0.628286,-0.0040591,0.183603
404.56,318.5,0.652331,0.62674,-0.00427146,0.180872
405.426,318,0.650356,0.625369,-0.00454774,0.178483
406.292,317.5,0.648538,0.624121,-0.00491675,0.176213
407.158,317,0.647001,0.623131,-0.00533906,0.17404
408.024,316.5,0.645676,0.622323,-0.00589737,0.17198
408.89,316,0.644572,0.621712,-0.00655594,0.170011
409.756,315.5,0.6431,0.620665,-0.00650792,0.168255
410.622,315,0.641316,0.619235,-0.00616557,0.166723
411.488,314.5,0.639536,0.617793,-0.00582132,0.165239
412.354,314,0.637519,0.616188,-0.00517355,0.163451
413.22,313.5,0.635411,0.614504,-0.00454649,0.161589
414.086,313,0.633065,0.612593,-0.00389325,0.159641
414.952,312.5,0.629427,0.60947,-0.00281962,0.157216
415.818,312,0.625489,0.606054,-0.00174661,0.154698
416.684,311.5,0.621341,0.60242,-0.000712771,0.152165
417.55,311,0.616824,0.598444,0.000382698,0.149456
418.416,310.5,0.612091,0.594264,0.0014906,0.146639
419.282,310,0.607397,0.59021,0.00269696,0.14344
420.148,309.5,0.602409,0.585928,0.00397077,0.139886
421.014,309,0.597075,0.581319,0.00525285,0.136158
421.88,308.5,0.591527,0.576463,0.0065357,0.132487
422.746,308,0.58578,0.57141,0.00770919,0.128726
423.612,307.5,0.580341,0.566715,0.00854402,0.124725
424.478,307,0.576275,0.563418,0.00907206,0.120709
425.344,306.5,0.572165,0.560046,0.00953811,0.116748
426.21,306,0.568213,0.55683,0.00967475,0.112751
427.076,305.5,0.564122,0.553428,0.00983035,0.108881
427.942,305,0.559898,0.549847,0.00999913,0.105139
428.808,304.5,0.557468,0.548068,0.00926248,0.101519
429.674,304,0.55558,0.546794,0.0083715,0.0980608
430.54,303.5,0.553849,0.545624,0.00748829,0.0947988
431.406,303,0.552985,0.545228,0.00653235,0.0920655
432.272,302.5,0.552405,0.545056,0.00557683,0.0896364
433.138,302,0.552162,0.545159,0.00459162,0.0875405
434.004,301.5,0.552979,0.546221,0.00361788,0.0861125
434.87,301,0.554107,0.547552,0.00271899,0.0849341
435.737,300.5,0.555331,0.548957,0.00185528,0.0838794
436.603,300,0.5568,0.550574,0.00110788,0.0830247
437.469,299.5,0.55841,0.552312,0.000474582,0.0822969
438.335,299,0.559865,0.55389,-7.01504e-05,0.0815747
439.201,298.5,0.561318,0.555471,-0.00048031,0.0808085
440.067,298,0.56277,0.557061,-0.000724032,0.0799529
440.933,297.5,0.564208,0.558637,-0.000962501,0.0790818
441.799,297,0.565592,0.560166,-0.00116995,0.0781503
442.665,296.5,0.566784,0.561525,-0.00130998,0.0770205
443.531,296,0.567884,0.562801,-0.00148146,0.0757959
444.397,295.5,0.568955,0.564053,-0.0016671,0.074508
445.263,295,0.569941,0.565233,-0.00197552,0.0730787
446.129,294.5,0.570899,0.566385,-0.00228339,0.0716154
446.995,294,0.571828,0.567507,-0.0025907,0.070118
447.861,293.5,0.572322,0.568199,-0.00281776,0.0685121
448.727,293,0.572776,0.568852,-0.00301139,0.0668623
449.593,292.5,0.573247,0.56952,-0.00318305,0.065178
450.459,292,0.573776,0.570244,-0.00338977,0.0634803
451.325,291.5,0.574331,0.570991,-0.00358686,0.0617447
452.191,291,0.574786,0.571631,-0.00369845,0.0600269
453.057,290.5,0.57519,0.572207,-0.00372771,0.0583806
453.923,290,0.575678,0.572865,-0.00375288,0.0567121
454.789,289.5,0.576206,0.573562,-0.00376328,0.0550075
455.655,289,0.576836,0.574357,-0.00372458,0.0533014
456.521,288.5,0.577577,0.575254,-0.00363026,0.0516173
457.387,288,0.576966,0.574782,-0.00342683,0.0500368
458.253,287.5,0.576381,0.57433,-0.0032031,0.0484757
459.119,287,0.575933,0.574006,-0.00296888,0.0469748
459.985,286.5,0.575534,0.573729,-0.00270824,0.0454672
460.851,286,0.575208,0.57352,-0.00243164,0.0439655
461.717,285.5,0.574788,0.573199,-0.00216078,0.0426611
462.583,285,0.574064,0.572559,-0.00182955,0.0414887
463.449,284.5,0.573326,0.571904,-0.00148684,0.0403307
464.315,284,0.572774,0.571425,-0.0012258,0.0392781
465.181,283.5,0.572236,0.570955,-0.000971137,0.0382448
466.047,283,0.571729,0.570515,-0.000723659,0.0372278
466.913,282.5,0.57288,0.571729,-0.000825823,0.0362785
467.779,282,0.574013,0.572921,-0.000972277,0.0353723
468.645,281.5,0.575099,0.574062,-0.00113636,0.0344971
469.512,281,0.576274,0.575287,-0.00140269,0.0336898
470.378,280.5,0.577451,0.576509,-0.00171244,0.0329144
471.244,280,0.578702,0.577808,-0.00204485,0.0320995
472.11,279.5,0.580132,0.579283,-0.00244488,0.0312699
472.976,279,0.581618,0.580812,-0.00289366,0.0304732
473.842,278.5,0.583034,0.582268,-0.00336454,0.0296895
474.708,278,0.58446,0.583731,-0.00382898,0.0289414
475.574,277.5,0.585988,0.585291,-0.00426291,0.0282545
476.44,277,0.587468,0.586801,-0.00474678,0.0276006
477.306,276.5,0.58893,0.58829,-0.0052014,0.0269611
478.172,276,0.590462,0.589848,-0.00555877,0.0263469
479.038,275.5,0.591946,0.591357,-0.00591728,0.0257309
