x,v,vx,vy,vz
220.096,425,0.604184,0.603888,-0.00521476,-0.0181968
220.962,424.5,0.605004,0.604694,-0.00530507,-0.01861
221.828,424,0.605866,0.605544,-0.00539222,-0.0189959
222.694,423.5,0.606768,0.606435,-0.00547988,-0.0193572
223.56,423,0.607745,0.607406,-0.00543641,-0.0195479
224.426,422.5,0.60877,0.608429,-0.00535893,-0.019674
225.292,422,0.610045,0.609701,-0.00517756,-0.0198006
226.158,421.5,0.611289,0.610948,-0.00494148,-0.0198023
227.024,421,0.612487,0.612151,-0.00468013,-0.0197251
227.89,420.5,0.613654,0.613325,-0.00441496,-0.0196186
228.756,420,0.614736,0.614415,-0.00410512,-0.0194524
229.622,419.5,0.615734,0.615423,-0.00377163,-0.0191995
230.488,419,0.616719,0.61642,-0.00345713,-0.0188983
231.355,418.5,0.617617,0.617329,-0.00314419,-0.0185929
232.221,418,0.61836,0.618083,-0.00283891,-0.0182868
233.087,417.5,0.619074,0.618808,-0.00253058,-0.0179784
233.953,417,0.619742,0.619486,-0.0022371,-0.0176662
234.819,416.5,0.620099,0.619853,-0.00206594,-0.0173312
235.685,416,0.620401,0.620165,-0.00193633,-0.0170053
236.551,415.5,0.620648,0.620421,-0.00184927,-0.0166902
237.417,415,0.620756,0.620535,-0.00183993,-0.0164296
238.283,414.5,0.620819,0.620605,-0.00185779,-0.0161834
239.149,414,0.620859,0.62065,-0.00187694,-0.0160007
240.015,413.5,0.620806,0.620598,-0.00197562,-0.0159464
240.881,413,0.620718,0.62051,-0.00209989,-0.0159155
241.747,412.5,0.620606,0.620398,-0.00223808,-0.0158983
242.613,412,0.620459,0.620249,-0.00233994,-0.0159646
243.479,411.5,0.620289,0.620076,-0.00242848,-0.0160647
244.345,411,0.620046,0.61983,-0.00252118,-0.0161708
245.211,410.5,0.619778,0.619558,-0.0025411,-0.0163383
246.077,410,0.619495,0.619269,-0.00250287,-0.0165467
246.943,409.5,0.619228,0.618996,-0.00246412,-0.0167525
247.809,409,0.618943,0.618705,-0.00240207,-0.0169876
248.675,408.5,0.618451,0.618205,-0.00232333,-0.0172906
249.541,408,0.61785,0.617595,-0.00226177,-0.0176192
250.407,407.5,0.617262,0.616996,-0.0022193,-0.0179744
251.273,407,0.616677,0.616399,-0.0022224,-0.0183794
252.139,406.5,0.616107,0.615817,-0.00221572,-0.018775
253.005,406,0.615559,0.615256,-0.00219511,-0.0191657
253.871,405.5,0.615123,0.614808,-0.0021165,-0.0195875
254.737,405,0.614746,0.614417,-0.00204352,-0.0199967
255.603,404.5,0.614425,0.614083,-0.00197615,-0.0203933
256.469,404,0.614033,0.61368,-0.00164942,-0.0207294
257.335,403.5,0.613691,0.613329,-0.0013083,-0.0210196
258.201,403,0.61342,0.613053,-0.000957526,-0.0211813
259.067,402.5,0.61303,0.612662,-0.00054183,-0.0212376
259.933,402,0.612603,0.612235,-0.000117962,-0.0212413
260.799,401.5,0.612187,0.61182,0.000296151,-0.0211971
261.665,401,0.611727,0.611362,0.00069562,-0.0211171
262.531,400.5,0.611285,0.610924,0.00108578,-0.0209993
263.397,400,0.610852,0.610493,0.00149741,-0.0208877
264.263,399.5,0.61026,0.609904,0.0019074,-0.0207504
265.13,399,0.609489,0.609136,0.00231131,-0.0206115
265.996,398.5,0.608727,0.608377,0.00270449,-0.020451
266.862,398,0.607877,0.60753,0.00302826,-0.0202968
267.728,397.5,0.606613,0.606269,0.00315006,-0.0201712
268.594,397,0.605213,0.604872,0.0032553,-0.0200416
269.46,396.5,0.60369,0.60335,0.00336243,-0.0199805
270.326,396,0.6017,0.601348,0.00340718,-0.0203065
271.192,395.5,0.599576,0.599211,0.0034054,-0.0206392
272.058,395,0.597248,0.596866,0.00332828,-0.0211027
272.924,394.5,0.594323,0.593878,0.00319127,-0.0227769
273.79,394,0.591214,0.590702,0.00299561,-0.0244124
274.656,393.5,0.587923,0.587342,0.00274003,-0.0259969
275.522,393,0.584209,0.583509,0.00245696,-0.0284836
276.388,392.5,0.580289,0.57945,0.00209439,-0.0311329
277.254,392,0.577435,0.576413,0.00185534,-0.0342814
278.12,391.5,0.575054,0.573751,0.001563,-0.0386562
278.986,391,0.572743,0.571087,0.00126826,-0.0434917
279.852,390.5,0.570451,0.568405,0.00103888,-0.0482617
280.718,390,0.56837,0.56584,0.000915105,-0.0535665
281.584,389.5,0.566853,0.563741,0.000828939,-0.0593172
282.45,389,0.566233,0.5625,0.000648958,-0.0649036
283.316,388.5,0.566268,0.561844,0.000379295,-0.0706454
284.182,388,0.567158,0.56193,4.05012e-06,-0.0768333
285.048,387.5,0.56848,0.562381,-0.000399749,-0.0830453
285.914,387,0.570283,0.563251,-0.000770368,-0.089274
286.78,386.5,0.572402,0.564437,-0.000812643,-0.0951518
287.646,386,0.574979,0.566027,-0.000758972,-0.10106
288.512,385.5,0.578067,0.568055,-0.000664962,-0.107121
289.378,385,0.581145,0.56978,-0.00176035,-0.114352
290.244,384.5,0.584612,0.571785,-0.00314359,-0.121752
291.11,384,0.588594,0.574285,-0.00462779,-0.128912
291.976,383.5,0.594494,0.579141,-0.00456338,-0.134156
292.842,383,0.599916,0.583809,-0.00481978,-0.137995
293.708,382.5,0.604621,0.588039,-0.00559999,-0.14052
294.574,382,0.611724,0.593804,-0.00733137,-0.146794
295.44,381.5,0.621541,0.601471,-0.00868505,-0.156429
296.306,381,0.632322,0.610009,-0.0127147,-0.166006
297.172,380.5,0.642741,0.619016,-0.0191283,-0.171956
298.038,380,0.656418,0.631521,-0.0238793,-0.177471
298.905,379.5,0.674299,0.647839,-0.0273275,-0.18503
299.771,379,0.698665,0.670686,-0.0264994,-0.193934
300.637,378.5,0.727784,0.699495,-0.0162929,-0.200277
301.503,378,0.748888,0.720786,-0.00388776,-0.203187
302.369,377.5,0.761174,0.733035,0.00464095,-0.204999
303.235,377,0.762514,0.734929,0.0074151,-0.203105
304.101,376.5,0.770412,0.742697,0.0146258,-0.20426
304.967,376,0.784125,0.755552,0.0262002,-0.2081
305.833,375.5,0.783466,0.755378,0.0304471,-0.205659
306.699,375,0.784625,0.756777,0.0333749,-0.204474
307.565,374.5,0.788095,0.760202,0.0353758,-0.204781
308.431,374,0.791252,0.763652,0.029099,-0.205107
309.297,373.5,0.796539,0.769917,0.0216962,-0.203057
310.163,373,0.80257,0.7769,0.0152574,-0.200776
311.029,372.5,0.810304,0.781946,0.0219733,-0.211356
311.895,372,0.815836,0.783994,0.0301799,-0.223677
312.761,371.5,0.817793,0.782574,0.0367251,-0.234552
313.627,371,0.818449,0.779648,0.0394638,-0.245869
314.493,370.5,0.821873,0.779149,0.039775,-0.258495
315.359,370,0.833364,0.787066,0.0392475,-0.271075
316.225,369.5,0.840555,0.792254,0.0387029,-0.278151
317.091,369,0.843907,0.79451,0.0378449,-0.281958
317.957,368.5,0.847497,0.796268,0.0369202,-0.287826
318.823,368,0.851231,0.796621,0.0368461,-0.29771
319.689,367.5,0.855974,0.795656,0.0376934,-0.313371
320.555,367,0.862221,0.79648,0.0379835,-0.328026
321.421,366.5,0.870731,0.800373,0.0370637,-0.340885
322.287,366,0.883163,0.809351,0.0330244,-0.351905
323.153,365.5,0.898261,0.821044,0.0317865,-0.362971
324.019,365,0.914423,0.833664,0.0328556,-0.374291
324.885,364.5,0.907937,0.818086,0.030359,-0.392636
325.751,364,0.900399,0.799654,0.0238614,-0.413162
326.617,363.5,0.89222,0.778403,0.0133487,-0.435853
327.483,363,0.896101,0.771335,0.0117523,-0.455963
328.349,362.5,0.910873,0.778304,0.0173305,-0.472898
329.215,362,0.92786,0.795622,0.0296602,-0.476477
330.081,361.5,0.942372,0.813642,0.0113281,-0.475314
330.947,361,0.958785,0.831398,-0.020021,-0.477123
331.813,360.5,0.978009,0.850195,-0.0501202,-0.480789
332.679,360,1.01396,0.892864,-0.0617245,-0.476554
333.546,359.5,1.0577,0.956259,-0.0543985,-0.448712
334.412,359,1.11657,1.03312,-0.0366353,-0.421963
335.278,358.5,1.17801,1.10909,-0.0217934,-0.396419
336.144,358,1.21554,1.15999,-0.0211495,-0.362671
337.01,357.5,1.31905,1.26629,-0.016252,-0.368961
337.876,357,1.3545,1.3155,-0.0120417,-0.322479
338.742,356.5,1.39215,1.36599,-4.24907e-05,-0.268591
339.608,356,1.42952,1.41267,0.010503,-0.218579
340.474,355.5,1.42578,1.41534,0.0254303,-0.170285
341.34,355,1.4029,1.39691,0.0583764,-0.115648
342.206,354.5,1.39354,1.38869,0.0943679,-0.0676563
343.072,354,1.38801,1.38164,0.128287,-0.0341863
343.938,353.5,1.37566,1.36629,0.160003,-0.0098982
344.804,353,1.36314,1.35343,0.160999,0.0210637
345.67,352.5,1.35348,1.34427,0.148598,0.0526791
346.536,352,1.35455,1.34521,0.132273,0.0877456
347.402,351.5,1.32465,1.31233,0.12303,0.131728
348.268,351,1.30439,1.28785,0.112026,0.174137
349.134,350.5,1.29512,1.27163,0.130804,0.207819
350,350,1.28773,1.2521,0.161759,0.253628
350.866,349.5,1.26026,1.21832,0.136026,0.292352
351.732,349,1.18712,1.14605,0.0489972,0.305629
352.598,348.5,1.12426,1.07732,-0.0164733,0.321075
353.464,348,1.0884,1.03539,-0.0556416,0.330869
354.33,347.5,1.0668,1.00296,-0.0815308,0.354237
355.196,347,0.989304,0.914178,-0.0920535,0.36678
356.062,346.5,0.989879,0.914551,-0.110015,0.362426
356.928,346,0.991871,0.919317,-0.124126,0.351078
357.794,345.5,0.985299,0.918405,-0.119143,0.336379
358.66,345,0.977923,0.916104,-0.110991,0.323678
359.526,344.5,0.971135,0.914182,-0.100037,0.312039
360.392,344,0.964806,0.913995,-0.0820497,0.297879
361.258,343.5,0.957892,0.912893,-0.0640491,0.282984
362.124,343,0.955067,0.914809,-0.0495086,0.269866
362.99,342.5,0.961804,0.921659,-0.0355673,0.272666
363.856,342,0.966889,0.926013,-0.0156946,0.277719
364.722,341.5,0.970861,0.928855,0.00838902,0.282361
365.588,341,0.976243,0.934287,0.0271115,0.281819
366.454,340.5,0.977993,0.937395,0.0422852,0.27563
367.321,340,0.986971,0.949155,0.0453217,0.266765
368.187,339.5,0.994185,0.960883,0.0418225,0.251709
369.053,339,1.00335,0.975475,0.0338254,0.232407
369.919,338.5,1.02436,1.00119,0.0247236,0.215219
370.785,338,1.05925,1.03984,0.0127905,0.201496
371.651,337.5,1.09466,1.07702,0.00256814,0.195697
372.517,337,1.11245,1.0958,-0.00108488,0.191716
373.383,336.5,1.12725,1.11112,-0.00326796,0.189939
374.249,336,1.13752,1.12105,-0.00351821,0.192806
375.115,335.5,1.14343,1.12691,-0.00164422,0.193673
375.981,335,1.14496,1.12865,0.00235762,0.192529
376.847,334.5,1.12502,1.10994,0.00267646,0.183571
377.713,334,1.10798,1.09415,0.0023832,0.174481
378.579,333.5,1.09471,1.0821,0.00194097,0.165633
379.445,333,1.08525,1.07339,0.00042161,0.159984
380.311,332.5,1.08055,1.06899,-0.00109239,0.157637
381.177,332,1.07702,1.06555,-0.000107729,0.156809
382.043,331.5,1.06845,1.05776,0.00186051,0.15072
382.909,331,1.05897,1.04924,0.00349923,0.143243
383.775,330.5,1.04916,1.0403,0.00563289,0.135982
384.641,330,1.03867,1.031,0.00791808,0.125679
385.507,329.5,1.02798,1.02193,0.00930515,0.110985
386.373,329,1.02003,1.01512,0.00665154,0.0997806
387.239,328.5,1.01321,1.00906,-0.000587929,0.0916015
388.105,328,1.00854,1.00468,-0.0102244,0.087626
388.971,327.5,1.00508,1.00142,-0.0161237,0.084217
389.837,327,1.00077,0.997573,-0.0156335,0.0783814
390.703,326.5,0.98669,0.984805,-0.00564741,0.0606986
391.569,326,0.973339,0.972341,0.00276441,0.0439793
392.435,325.5,0.963546,0.963089,0.0103004,0.0278199
393.301,325,0.958695,0.958484,0.0185684,0.00772093
394.167,324.5,0.960369,0.95987,0.0274203,-0.0143857
395.033,324,0.967952,0.966512,0.036516,-0.038096
395.899,323.5,0.962093,0.959351,0.0383445,-0.0616261
396.765,323,0.957758,0.953254,0.03782,-0.0847195
397.631,322.5,0.955055,0.948452,0.0348813,-0.106539
398.497,322,0.956742,0.948261,0.029927,-0.123538
399.363,321.5,0.963897,0.953625,0.0224939,-0.13853
400.229,321,0.973462,0.960652,0.019351,-0.156209
401.095,320.5,0.979792,0.964503,0.0220053,-0.171005
401.962,320,0.985143,0.967506,0.0259845,-0.183748
402.828,319.5,0.990794,0.970373,0.03059,-0.197768
403.694,319,0.995213,0.971532,0.036198,-0.212758
404.56,318.5,0.99826,0.970839,0.0427301,-0.228407
405.426,318,0.992432,0.962626,0.044316,-0.237293
406.292,317.5,0.985327,0.953648,0.0435554,-0.243983
407.158,317,0.976975,0.943637,0.0389212,-0.250029
408.024,316.5,0.971637,0.936265,0.0346491,-0.257461
408.89,316,0.968989,0.930901,0.0306429,-0.267252
409.756,315.5,0.969447,0.924755,0.0293382,-0.289473
410.622,315,0.97367,0.921269,0.0292448,-0.313755
411.488,314.5,0.980359,0.919716,0.0282364,-0.338273
412.354,314,0.985718,0.914515,0.0267606,-0.366859
413.22,313.5,1.00266,0.918599,0.0233792,-0.401205
414.086,313,1.02834,0.930098,0.0181373,-0.438266
414.952,312.5,1.03263,0.927335,0.0136247,-0.45408
415.818,312,1.0428,0.93,0.0110052,-0.471603
416.684,311.5,1.06245,0.940822,0.0101328,-0.493499
417.55,311,1.0833,0.956312,0.00799871,-0.508859
418.416,310.5,1.10422,0.973575,0.00521892,-0.520981
419.282,310,1.11729,0.984946,0.00810607,-0.527404
420.148,309.5,1.12319,0.992608,0.0146217,-0.52542
421.014,309,1.12789,1.00164,0.0180645,-0.51818
421.88,308.5,1.1372,1.01564,0.0181,-0.511251
422.746,308,1.14923,1.03142,0.0136007,-0.506675
423.612,307.5,1.16632,1.04651,0.0036269,-0.514897
424.478,307,1.17781,1.05315,-0.00492724,-0.527342
425.344,306.5,1.18906,1.05938,-0.00688099,-0.539932
426.21,306,1.17286,1.04638,0.00503741,-0.529766
427.076,305.5,1.16754,1.04244,0.0198526,-0.52543
427.942,305,1.17309,1.04767,0.0372992,-0.526425
428.808,304.5,1.15788,1.05201,0.0252026,-0.483056
429.674,304,1.14129,1.05309,0.0149466,-0.439681
430.54,303.5,1.12888,1.05533,0.0112575,-0.400648
431.406,303,1.15516,1.08151,0.00191855,-0.40587
432.272,302.5,1.1876,1.11251,-0.00677086,-0.415545
433.138,302,1.21588,1.14081,-0.0131464,-0.420421
434.004,301.5,1.19386,1.12553,-0.00158204,-0.398102
434.87,301,1.16842,1.10821,0.0094005,-0.370133
435.737,300.5,1.15769,1.10488,0.0109766,-0.345496
436.603,300,1.13191,1.08689,0.0137301,-0.315753
437.469,299.5,1.07897,1.04179,0.029381,-0.279275
438.335,299,1.02344,0.985039,0.0650877,-0.269969
439.201,298.5,0.98788,0.94561,0.0888038,-0.271743
440.067,298,0.960439,0.917316,0.0945166,-0.268405
440.933,297.5,0.919166,0.876576,0.100966,-0.257464
441.799,297,0.872182,0.828222,0.106055,-0.251994
442.665,296.5,0.855234,0.80179,0.0979363,-0.281007
443.531,296,0.832992,0.779285,0.0797144,-0.283259
444.397,295.5,0.788852,0.737295,0.0609069,-0.273814
445.263,295,0.88628,0.83741,0.0517409,-0.285586
446.129,294.5,0.880292,0.829518,0.0515284,-0.290103
446.995,294,0.861783,0.807387,0.054481,-0.296358
447.861,293.5,0.83964,0.780349,0.0575731,-0.304525
448.727,293,0.814113,0.748402,0.0608048,-0.314604
449.593,292.5,0.780636,0.706319,0.0665115,-0.325704
450.459,292,0.723782,0.636326,0.0836266,-0.334597
451.325,291.5,0.677687,0.57492,0.0967196,-0.345502
452.191,291,0.649043,0.537371,0.102532,-0.349251
453.057,290.5,0.62095,0.502367,0.112049,-0.347348
453.923,290,0.593268,0.469908,0.125271,-0.339795
454.789,289.5,0.566107,0.439995,0.142199,-0.32659
455.655,289,0.539885,0.412626,0.162833,-0.307734
456.521,288.5,0.515405,0.387803,0.187171,-0.283227
457.387,288,0.490158,0.372688,0.198048,-0.24927
458.253,287.5,0.458046,0.354885,0.196854,-0.212395
459.119,287,0.42339,0.341403,0.180917,-0.173124
459.985,286.5,0.379814,0.345968,0.125334,-0.0941058
460.851,286,0.35393,0.326781,0.122422,-0.0591072
461.717,285.5,0.34148,0.323324,0.102295,-0.0400701
462.583,285,0.34678,0.333601,0.0869837,-0.0374252
463.449,284.5,0.348014,0.335344,0.0824221,-0.0431859
464.315,284,0.34316,0.330339,0.0838449,-0.0400578
465.181,283.5,0.332239,0.319884,0.0805957,-0.0395145
466.047,283,0.315162,0.30382,0.0725797,-0.0418665
466.913,282.5,0.283709,0.276213,0.0570763,-0.0306519
467.779,282,0.255403,0.252281,0.0358718,-0.0172657
468.645,281.5,0.232471,0.232254,0.00964744,-0.0027823
469.512,281,0.232092,0.23194,-0.00651371,-0.00528773
470.378,280.5,0.238499,0.237341,-0.021503,-0.00941474
471.244,280,0.262943,0.259993,-0.038848,-0.00579003
472.11,279.5,0.310847,0.306947,-0.0477215,-0.0114918
472.976,279,0.355955,0.350516,-0.0562571,-0.0260345
473.842,278.5,0.386637,0.378619,-0.0689575,-0.0371553
474.708,278,0.407687,0.396796,-0.0821258,-0.044913
475.574,277.5,0.44036,0.427113,-0.0926836,-0.0538587
476.44,277,0.515169,0.504262,-0.0827848,-0.0653063
477.306,276.5,0.587191,0.578937,-0.0701081,-0.0686307
478.172,276,0.649236,0.642065,-0.0619291,-0.0736494
479.038,275.5,0.707427,0.700092,-0.0663352,-0.0769645
