x,v,vx,vy,vz
220.096,425,0.645433,0.645421,-0.00373696,-0.00125055
220.962,424.5,0.645752,0.64574,-0.00371325,-0.00129859
221.828,424,0.646077,0.646065,-0.00368999,-0.00134681
222.694,423.5,0.646408,0.646396,-0.00366993,-0.00139523
223.56,423,0.646706,0.646694,-0.00359022,-0.00144952
224.426,422.5,0.647001,0.64699,-0.00349771,-0.00150673
225.292,422,0.647307,0.647296,-0.00339993,-0.00157721
226.158,421.5,0.647599,0.647588,-0.00329397,-0.00165765
227.024,421,0.647887,0.647877,-0.0031833,-0.00174499
227.89,420.5,0.648183,0.648173,-0.0030722,-0.001837
228.756,420,0.648463,0.648453,-0.00293695,-0.00193674
229.622,419.5,0.648725,0.648716,-0.00277419,-0.00204305
230.488,419,0.648991,0.648982,-0.00260845,-0.00215204
231.355,418.5,0.649237,0.649229,-0.0024487,-0.00226651
232.221,418,0.649445,0.649437,-0.00229998,-0.00238854
233.087,417.5,0.64966,0.649651,-0.00215441,-0.00251405
233.953,417,0.64988,0.649872,-0.00202611,-0.00264601
234.819,416.5,0.650118,0.650109,-0.00197113,-0.00279852
235.685,416,0.650363,0.650354,-0.00191246,-0.00295253
236.551,415.5,0.650616,0.650606,-0.00185087,-0.00310822
237.417,415,0.650898,0.650887,-0.00181318,-0.00327365
238.283,414.5,0.651185,0.651173,-0.00176568,-0.00344019
239.149,414,0.651472,0.65146,-0.00170501,-0.00359798
240.015,413.5,0.651761,0.651748,-0.00163772,-0.00375069
240.881,413,0.652055,0.652042,-0.00156696,-0.00390171
241.747,412.5,0.652354,0.65234,-0.0014926,-0.00405013
242.613,412,0.652654,0.652639,-0.00141691,-0.00420111
243.479,411.5,0.652957,0.652941,-0.00133984,-0.00435203
244.345,411,0.653275,0.653258,-0.00126163,-0.00450446
245.211,410.5,0.653593,0.653576,-0.00118704,-0.00465848
246.077,410,0.653914,0.653895,-0.00111932,-0.00481473
246.943,409.5,0.654239,0.65422,-0.00105378,-0.00497083
247.809,409,0.654566,0.654545,-0.000996972,-0.00513148
248.675,408.5,0.654891,0.654869,-0.000948255,-0.00528932
249.541,408,0.655219,0.655196,-0.000896385,-0.00544033
250.407,407.5,0.655553,0.655528,-0.000836345,-0.00559704
251.273,407,0.655889,0.655863,-0.000750914,-0.00576984
252.139,406.5,0.656231,0.656204,-0.000662805,-0.00594533
253.005,406,0.656574,0.656546,-0.000571005,-0.00612684
253.871,405.5,0.656885,0.656854,-0.000474245,-0.00634444
254.737,405,0.657206,0.657173,-0.000386029,-0.00656683
255.603,404.5,0.657537,0.657502,-0.000306358,-0.00679399
256.469,404,0.657837,0.657799,-0.000213174,-0.00706811
257.335,403.5,0.658139,0.658098,-0.000118633,-0.00735544
258.201,403,0.658452,0.658408,-3.07627e-05,-0.00763051
259.067,402.5,0.658692,0.658645,7.25939e-05,-0.0079116
259.933,402,0.658911,0.65886,0.000183927,-0.00821098
260.799,401.5,0.659131,0.659076,0.000298854,-0.00852642
261.665,401,0.659264,0.659204,0.000419892,-0.00887023
262.531,400.5,0.659352,0.659287,0.000544663,-0.00924392
263.397,400,0.659486,0.659415,0.000665126,-0.00964882
264.263,399.5,0.659535,0.659458,0.00080384,-0.010061
265.13,399,0.659473,0.659389,0.000966747,-0.0104806
265.996,398.5,0.659409,0.659318,0.00115245,-0.0109122
266.862,398,0.65928,0.659181,0.00133256,-0.0113416
267.728,397.5,0.658961,0.658855,0.00145832,-0.0117326
268.594,397,0.65862,0.658507,0.00159253,-0.012122
269.46,396.5,0.658244,0.658123,0.0017195,-0.0125052
270.326,396,0.657704,0.657577,0.00175312,-0.0128283
271.192,395.5,0.657147,0.657013,0.00179114,-0.0131517
272.058,395,0.656583,0.656442,0.00182343,-0.0134643
272.924,394.5,0.655996,0.655851,0.00182781,-0.0136728
273.79,394,0.655407,0.655257,0.00185913,-0.0138861
274.656,393.5,0.654818,0.654663,0.00191751,-0.0141053
275.522,393,0.65414,0.653981,0.00197181,-0.0142707
276.388,392.5,0.653434,0.653271,0.00203739,-0.0144318
277.254,392,0.652684,0.652517,0.00209792,-0.0145764
278.12,391.5,0.652042,0.651875,0.00205178,-0.0146358
278.986,391,0.651465,0.651297,0.00194368,-0.0146709
279.852,390.5,0.650891,0.650721,0.00182248,-0.0147268
280.718,390,0.65043,0.65026,0.00178183,-0.0147837
281.584,389.5,0.650093,0.649921,0.00182301,-0.0148536
282.45,389,0.649763,0.649588,0.00185395,-0.0149881
283.316,388.5,0.6494,0.649221,0.00187697,-0.0151462
284.182,388,0.648988,0.648805,0.00190833,-0.0153055
285.048,387.5,0.648575,0.648387,0.00193468,-0.0154947
285.914,387,0.648149,0.647955,0.00198031,-0.0157087
286.78,386.5,0.647743,0.647545,0.00212563,-0.0158921
287.646,386,0.647373,0.647168,0.00225533,-0.0161346
288.512,385.5,0.647021,0.646808,0.00236947,-0.0164481
289.378,385,0.646552,0.646327,0.00252592,-0.0168559
290.244,384.5,0.646112,0.645873,0.00268222,-0.0173358
291.11,384,0.645688,0.645435,0.00284891,-0.0178531
291.976,383.5,0.645224,0.644955,0.00298281,-0.0184019
292.842,383,0.644853,0.644565,0.0031606,-0.0190083
293.708,382.5,0.644584,0.644275,0.00339187,-0.019668
294.574,382,0.6445,0.644169,0.00354191,-0.0203386
295.44,381.5,0.644514,0.64416,0.0036933,-0.021021
296.306,381,0.644516,0.64414,0.00378423,-0.021685
297.172,380.5,0.644601,0.644199,0.00370338,-0.0224594
298.038,380,0.644753,0.644321,0.00350354,-0.0233152
298.905,379.5,0.644924,0.644461,0.00332891,-0.0242031
299.771,379,0.645183,0.644685,0.00319247,-0.0251496
300.637,378.5,0.64557,0.645036,0.0030379,-0.0260662
301.503,378,0.646001,0.645436,0.00283829,-0.0268536
302.369,377.5,0.646499,0.645903,0.00275357,-0.0276136
303.235,377,0.647129,0.646497,0.0029757,-0.0284271
304.101,376.5,0.647794,0.647128,0.0033374,-0.0291663
304.967,376,0.648477,0.647777,0.00384749,-0.0298709
305.833,375.5,0.649277,0.648524,0.00443069,-0.0309585
306.699,375,0.650116,0.649309,0.00516785,-0.031964
307.565,374.5,0.650981,0.650121,0.00606634,-0.0328829
308.431,374,0.651385,0.650444,0.00684141,-0.0343279
309.297,373.5,0.651695,0.650668,0.00769278,-0.0357581
310.163,373,0.651982,0.650857,0.0089369,-0.0372118
311.029,372.5,0.651681,0.650424,0.0098835,-0.0392441
311.895,372,0.650882,0.649481,0.0104808,-0.0413777
312.761,371.5,0.649691,0.648144,0.0109079,-0.0434625
313.627,371,0.648102,0.64639,0.0096938,-0.0460688
314.493,370.5,0.646195,0.644297,0.00701839,-0.0489883
315.359,370,0.644836,0.642712,0.00398832,-0.0521424
316.225,369.5,0.644156,0.641755,0.00122728,-0.0555599
317.091,369,0.644366,0.64164,-0.00121931,-0.0591902
317.957,368.5,0.644606,0.64155,-0.00384272,-0.0625796
318.823,368,0.644818,0.641422,-0.00608252,-0.0658104
319.689,367.5,0.645335,0.641594,-0.00729833,-0.0689952
320.555,367,0.64635,0.642255,-0.00885887,-0.0720926
321.421,366.5,0.647827,0.643354,-0.0108077,-0.075226
322.287,366,0.650914,0.646022,-0.0132565,-0.0785398
323.153,365.5,0.65437,0.649037,-0.0159012,-0.0818432
324.019,365,0.658194,0.652401,-0.0186773,-0.0851105
324.885,364.5,0.66447,0.658269,-0.0183304,-0.0886956
325.751,364,0.671111,0.664508,-0.0181175,-0.0921445
326.617,363.5,0.678104,0.67111,-0.0180511,-0.095454
327.483,363,0.683928,0.67638,-0.015516,-0.100132
328.349,362.5,0.68985,0.681689,-0.0121447,-0.105102
329.215,362,0.696003,0.687278,-0.0087804,-0.10951
330.081,361.5,0.702007,0.692738,-0.0047653,-0.113602
330.947,361,0.708228,0.6983,0.000960262,-0.118166
331.813,360.5,0.714868,0.704134,0.0083567,-0.123128
332.679,360,0.718668,0.707141,0.0116278,-0.127675
333.546,359.5,0.719238,0.70722,0.00934509,-0.1306
334.412,359,0.720345,0.708136,0.00702245,-0.131876
335.278,358.5,0.727777,0.715157,0.00599254,-0.134809
336.144,358,0.743233,0.729659,0.00421854,-0.141333
337.01,357.5,0.757633,0.742947,0.000969768,-0.148446
337.876,357,0.769535,0.753904,-0.00389751,-0.154264
338.742,356.5,0.775813,0.760913,-0.00634699,-0.151184
339.608,356,0.783324,0.769444,-0.00556341,-0.146702
340.474,355.5,0.79295,0.780041,-0.00241049,-0.142478
341.34,355,0.813459,0.797933,0.00691278,-0.158022
342.206,354.5,0.827305,0.808904,0.0164381,-0.172737
343.072,354,0.83557,0.814166,0.0268575,-0.185985
343.938,353.5,0.870345,0.848973,0.0277325,-0.189675
344.804,353,0.915203,0.893589,0.037227,-0.194188
345.67,352.5,0.967717,0.945009,0.05745,-0.200333
346.536,352,0.990865,0.96653,0.0963209,-0.195846
347.402,351.5,0.99522,0.968191,0.152868,-0.172338
348.268,351,0.987211,0.95226,0.219236,-0.14044
349.134,350.5,0.948246,0.90168,0.273336,-0.106915
350,350,0.845826,0.785419,0.31239,-0.0308215
350.866,349.5,0.690002,0.607191,0.32253,0.0582732
351.732,349,0.529781,0.434391,0.271756,0.134617
352.598,348.5,0.432216,0.346652,0.18526,0.179783
353.464,348,0.381006,0.301005,0.0973789,0.212319
354.33,347.5,0.402641,0.316808,0.0446514,0.244457
355.196,347,0.427936,0.335661,0.0187361,0.264782
356.062,346.5,0.457978,0.364739,0.00321347,0.276946
356.928,346,0.487598,0.390691,-0.00232427,0.291731
357.794,345.5,0.506711,0.421153,-0.0109682,0.281541
358.66,345,0.51863,0.442706,-0.0205605,0.269381
359.526,344.5,0.527353,0.458253,-0.0284099,0.259419
360.392,344,0.532865,0.471772,-0.0272776,0.246236
361.258,343.5,0.53607,0.480548,-0.0253752,0.236223
362.124,343,0.538849,0.486591,-0.0240085,0.230241
362.99,342.5,0.549428,0.500253,-0.0200817,0.226307
363.856,342,0.560178,0.513684,-0.0149104,0.222948
364.722,341.5,0.569856,0.525437,-0.00946182,0.22037
365.588,341,0.57816,0.535471,-0.00298115,0.218018
366.454,340.5,0.584358,0.542938,0.003384,0.216059
367.321,340,0.585251,0.547361,0.00833809,0.20699
368.187,339.5,0.584171,0.549598,0.0122303,0.197604
369.053,339,0.581802,0.549991,0.01513,0.189142
369.919,338.5,0.577465,0.548145,0.0172739,0.180845
370.785,338,0.571541,0.544211,0.0191852,0.173566
371.651,337.5,0.569405,0.54298,0.0209231,0.170165
372.517,337,0.574497,0.548431,0.0217928,0.169691
373.383,336.5,0.580801,0.554855,0.0231942,0.170081
374.249,336,0.587489,0.561084,0.0258509,0.172219
375.115,335.5,0.594864,0.567876,0.0291057,0.174734
375.981,335,0.602928,0.575228,0.032943,0.177621
376.847,334.5,0.609024,0.581317,0.0325067,0.178672
377.713,334,0.61491,0.587398,0.0323796,0.17897
378.579,333.5,0.620678,0.593528,0.0326961,0.1786
379.445,333,0.625467,0.599033,0.0334939,0.176767
380.311,332.5,0.629769,0.604147,0.0351804,0.17429
381.177,332,0.629737,0.604525,0.0361425,0.17266
382.043,331.5,0.624045,0.598697,0.0343606,0.172668
382.909,331,0.618672,0.593315,0.0317226,0.172412
383.775,330.5,0.614128,0.588939,0.028528,0.171728
384.641,330,0.610835,0.585918,0.0242859,0.170968
385.507,329.5,0.608795,0.584155,0.0193477,0.170352
386.373,329,0.60603,0.581741,0.0145959,0.169223
387.239,328.5,0.604324,0.58023,0.0101687,0.168634
388.105,328,0.603551,0.57957,0.00602276,0.168331
388.971,327.5,0.603557,0.579688,0.00246343,0.168038
389.837,327,0.604076,0.580455,-0.000466558,0.167272
390.703,326.5,0.60314,0.580646,-0.00123035,0.163178
391.569,326,0.601325,0.580281,-0.000587414,0.157686
392.435,325.5,0.599348,0.579721,0.000130276,0.152123
393.301,325,0.596863,0.578993,0.000442088,0.144954
394.167,324.5,0.594383,0.578065,0.000999601,0.138315
395.033,324,0.59186,0.576899,0.00183352,0.132219
395.899,323.5,0.589109,0.575511,0.00294584,0.125808
396.765,323,0.586186,0.573812,0.00402287,0.11974
397.631,322.5,0.583017,0.571713,0.00511508,0.114134
398.497,322,0.579971,0.569718,0.00585894,0.108416
399.363,321.5,0.57669,0.567371,0.0064292,0.103054
400.229,321,0.57504,0.566527,0.00589426,0.0984036
401.095,320.5,0.575591,0.567816,0.00452953,0.0941797
401.962,320,0.576649,0.569514,0.00327733,0.0903726
402.828,319.5,0.577775,0.571154,0.00237041,0.0871859
403.694,319,0.579414,0.573231,0.00190915,0.0843966
404.56,318.5,0.581768,0.575994,0.00179729,0.0817416
405.426,318,0.584997,0.579696,0.00136245,0.0785638
406.292,317.5,0.58823,0.583371,0.00119496,0.0754377
407.158,317,0.591585,0.587171,0.00117235,0.0721224
408.024,316.5,0.594626,0.59062,0.00129797,0.0688941
408.89,316,0.597385,0.593757,0.00155988,0.0657224
409.756,315.5,0.59871,0.595433,0.00177473,0.0625274
410.622,315,0.599168,0.596194,0.00204831,0.0595878
411.488,314.5,0.599573,0.596867,0.00240043,0.0568504
412.354,314,0.600197,0.597722,0.00277372,0.0543859
413.22,313.5,0.600724,0.598457,0.00312802,0.0520487
414.086,313,0.601078,0.599004,0.0033668,0.049777
414.952,312.5,0.601377,0.599501,0.00321311,0.0473574
415.818,312,0.601734,0.600042,0.00307718,0.0449939
416.684,311.5,0.602075,0.600553,0.00293545,0.042677
417.55,311,0.602666,0.601301,0.00297394,0.0404352
418.416,310.5,0.603364,0.602142,0.00313777,0.038256
419.282,310,0.603782,0.602678,0.00318628,0.0363566
420.148,309.5,0.604234,0.603233,0.00336546,0.0346051
421.014,309,0.604771,0.603868,0.00373136,0.0328206
421.88,308.5,0.60524,0.604433,0.00410073,0.0309875
422.746,308,0.60563,0.604914,0.00444747,0.0291058
423.612,307.5,0.605689,0.605066,0.00465876,0.0270793
424.478,307,0.60494,0.604413,0.00455143,0.0248124
425.344,306.5,0.604234,0.603794,0.00420612,0.0226707
426.21,306,0.603778,0.603406,0.00335704,0.0209266
427.076,305.5,0.603442,0.60313,0.00251111,0.019265
427.942,305,0.603229,0.602967,0.00166404,0.0176928
428.808,304.5,0.603859,0.603624,0.000921176,0.0167984
429.674,304,0.604667,0.604455,0.000329781,0.0159966
430.54,303.5,0.605485,0.605293,-0.000224195,0.0152448
431.406,303,0.606581,0.606398,-0.000690463,0.0148811
432.272,302.5,0.607713,0.607537,-0.00112065,0.014594
433.138,302,0.608849,0.608679,-0.0014677,0.0142962
434.004,301.5,0.609948,0.609786,-0.00144758,0.0139819
434.87,301,0.610995,0.61084,-0.00131409,0.0136819
435.737,300.5,0.612005,0.611857,-0.00114971,0.0133734
436.603,300,0.61294,0.6128,-0.000965355,0.0130666
437.469,299.5,0.613797,0.613664,-0.000775896,0.0127672
438.335,299,0.614675,0.614545,-0.000581225,0.0126022
439.201,298.5,0.615558,0.615432,-0.000430268,0.0124706
440.067,298,0.616454,0.61633,-0.000352227,0.0123688
440.933,297.5,0.617348,0.617225,-0.000319159,0.0122867
441.799,297,0.618243,0.618122,-0.00032818,0.0122317
442.665,296.5,0.61926,0.619141,-0.000252067,0.0121613
443.531,296,0.62038,0.620264,2.30796e-05,0.0120061
444.397,295.5,0.62135,0.621237,0.000329892,0.0118297
445.263,295,0.622084,0.621975,0.0005915,0.0116164
446.129,294.5,0.6227,0.622595,0.000838416,0.0113691
446.995,294,0.623197,0.623098,0.00107064,0.0110879
447.861,293.5,0.623565,0.623473,0.000929488,0.0106711
448.727,293,0.623906,0.623821,0.000771478,0.0102554
449.593,292.5,0.624226,0.624148,0.000639529,0.00985596
450.459,292,0.624561,0.624488,0.000567654,0.00948989
451.325,291.5,0.624867,0.6248,0.000518865,0.00914557
452.191,291,0.625155,0.625093,0.000426313,0.00881633
453.057,290.5,0.625474,0.625416,0.000351692,0.00849033
453.923,290,0.62579,0.625737,0.000336778,0.00817723
454.789,289.5,0.626085,0.626035,0.000324108,0.00787828
455.655,289,0.626382,0.626336,0.000380904,0.00760689
456.521,288.5,0.626685,0.626641,0.000521134,0.00736183
457.387,288,0.626744,0.626703,0.000634335,0.00712831
458.253,287.5,0.626789,0.62675,0.000763975,0.00691223
459.119,287,0.626831,0.626794,0.000929602,0.00672236
459.985,286.5,0.626866,0.626831,0.00110258,0.00653214
460.851,286,0.626898,0.626865,0.00126587,0.00634263
461.717,285.5,0.626808,0.626776,0.001311,0.00615989
462.583,285,0.62657,0.62654,0.00134083,0.00597868
463.449,284.5,0.626327,0.626299,0.0013543,0.00579823
464.315,284,0.626177,0.62615,0.00122698,0.00566533
465.181,283.5,0.626034,0.626009,0.00108653,0.0055336
466.047,283,0.625899,0.625875,0.000937733,0.00540138
466.913,282.5,0.626033,0.626011,0.000631592,0.00526981
467.779,282,0.626163,0.626142,0.00027809,0.00514012
468.645,281.5,0.626282,0.626262,-7.80722e-05,0.00501005
469.512,281,0.626544,0.626525,-0.000508355,0.00488332
470.378,280.5,0.626878,0.62686,-0.000977721,0.00475677
471.244,280,0.62722,0.627201,-0.00143928,0.00462291
472.11,279.5,0.627629,0.62761,-0.00183463,0.00447117
472.976,279,0.628094,0.628076,-0.00217096,0.00430733
473.842,278.5,0.628554,0.628535,-0.00251144,0.00414507
474.708,278,0.629062,0.629043,-0.00281941,0.00397713
475.574,277.5,0.62968,0.629661,-0.00306434,0.00379837
476.44,277,0.630365,0.630346,-0.00328565,0.00358608
477.306,276.5,0.631056,0.631037,-0.00349122,0.00338002
478.172,276,0.631801,0.631783,-0.003635,0.00318494
479.038,275.5,0.632537,0.632519,-0.00377816,0.0030006
