x,v,vx,vy,vz
220.096,425,0.523518,0.523449,-0.00299977,-0.00797832
220.962,424.5,0.523729,0.523668,-0.00192241,-0.00780498
221.828,424,0.523748,0.523694,-0.00114824,-0.00743559
222.694,423.5,0.523573,0.523527,-0.000687288,-0.00687605
223.56,423,0.523185,0.52315,-0.000476903,-0.00603323
224.426,422.5,0.522755,0.522731,-0.000631906,-0.00503386
225.292,422,0.526373,0.526359,-0.00169355,-0.00348625
226.158,421.5,0.530117,0.530109,-0.0022809,-0.00204123
227.024,421,0.533525,0.533519,-0.00239827,-0.000725456
227.89,420.5,0.536605,0.536601,-0.00208404,0.000459986
228.756,420,0.539149,0.539146,-0.00129411,0.00154946
229.622,419.5,0.538625,0.53862,-0.000717012,0.00219752
230.488,419,0.535271,0.535265,-0.000907558,0.00244026
231.355,418.5,0.532223,0.532214,-0.00134641,0.00280387
232.221,418,0.529444,0.52943,-0.0019351,0.00332774
233.087,417.5,0.526961,0.52694,-0.00261212,0.00396532
233.953,417,0.52481,0.524777,-0.00338632,0.00471453
234.819,416.5,0.528018,0.527978,-0.00220189,0.00612617
235.685,416,0.531002,0.530949,-0.000964638,0.00746996
236.551,415.5,0.533678,0.533606,0.000295707,0.00873692
237.417,415,0.536046,0.535951,0.00159051,0.00995922
238.283,414.5,0.538148,0.538026,0.00279844,0.0110823
239.149,414,0.538394,0.538251,0.00300684,0.0120621
240.015,413.5,0.537059,0.536895,0.00221211,0.0130715
240.881,413,0.53593,0.535742,0.0014971,0.0141261
241.747,412.5,0.535039,0.534821,0.000890346,0.0152186
242.613,412,0.534138,0.533891,0.000291571,0.0162395
243.479,411.5,0.533391,0.533114,-0.000198603,0.0171768
244.345,411,0.533842,0.533534,0.000146855,0.0181234
245.211,410.5,0.533655,0.533316,0.000348971,0.0190214
246.077,410,0.532949,0.532578,0.000419799,0.0198825
246.943,409.5,0.531935,0.531531,0.000367777,0.0207311
247.809,409,0.530504,0.530064,0.000140181,0.0215895
248.675,408.5,0.529121,0.528662,-0.000299546,0.0220392
249.541,408,0.527911,0.527443,-0.000648649,0.0222066
250.407,407.5,0.526631,0.526152,-0.000843855,0.0224352
251.273,407,0.525395,0.524899,-0.000954307,0.022793
252.139,406.5,0.524017,0.523504,-0.0009979,0.0231543
253.005,406,0.522523,0.521991,-0.000931867,0.0235423
253.871,405.5,0.521051,0.520493,-0.000373543,0.0241025
254.737,405,0.519332,0.518748,0.000229142,0.0246028
255.603,404.5,0.517365,0.516758,0.000876189,0.0250432
256.469,404,0.515126,0.514486,0.00192692,0.0255979
257.335,403.5,0.512644,0.511969,0.00306771,0.026115
258.201,403,0.5101,0.509405,0.00428585,0.0262784
259.067,402.5,0.507289,0.506569,0.00622494,0.026299
259.933,402,0.5043,0.503542,0.00839281,0.026346
260.799,401.5,0.501198,0.50039,0.0105922,0.0264073
261.665,401,0.497005,0.496145,0.012437,0.0264543
262.531,400.5,0.491929,0.491012,0.0140085,0.026552
263.397,400,0.485841,0.484847,0.0155748,0.0268881
264.263,399.5,0.479005,0.477923,0.0172979,0.0271297
265.13,399,0.471315,0.470139,0.0190817,0.027245
265.996,398.5,0.463412,0.462141,0.0207829,0.0272769
266.862,398,0.454579,0.453199,0.022481,0.0273347
267.728,397.5,0.442627,0.441116,0.0242544,0.0273445
268.594,397,0.430251,0.428595,0.0258912,0.0274308
269.46,396.5,0.417833,0.416019,0.0271546,0.0278444
270.326,396,0.40442,0.402478,0.0268186,0.0291233
271.192,395.5,0.391293,0.389194,0.0264443,0.0306409
272.058,395,0.379114,0.37681,0.0261249,0.0325447
272.924,394.5,0.369701,0.366969,0.0260773,0.0365044
273.79,394,0.360161,0.356919,0.0261683,0.0405039
274.656,393.5,0.350494,0.346651,0.0263996,0.0445218
275.522,393,0.340072,0.335198,0.0290391,0.0494752
276.388,392.5,0.329224,0.323062,0.0322213,0.0545988
277.254,392,0.317324,0.309645,0.0361289,0.0592409
278.12,391.5,0.303191,0.293287,0.0419586,0.0643947
278.986,391,0.287615,0.274828,0.0482835,0.0697163
279.852,390.5,0.271296,0.25506,0.0542895,0.0748244
280.718,390,0.252729,0.232092,0.0598608,0.080136
281.584,389.5,0.232245,0.205974,0.0651684,0.0852375
282.45,389,0.211354,0.17873,0.0694182,0.088923
283.316,388.5,0.188353,0.147272,0.0739364,0.0912206
284.182,388,0.162239,0.107114,0.0811697,0.0908821
285.048,387.5,0.142876,0.0637236,0.0912404,0.0895998
285.914,387,0.137043,0.0154154,0.104425,0.0873987
286.78,386.5,0.152358,-0.0460058,0.120576,0.0809801
287.646,386,0.194468,-0.116746,0.137869,0.0719749
288.512,385.5,0.259234,-0.197361,0.156686,0.0608315
289.378,385,0.350957,-0.294279,0.186916,0.0404161
290.244,384.5,0.439914,-0.382661,0.216805,0.00947394
291.11,384,0.52471,-0.463001,0.24591,-0.0218795
291.976,383.5,0.628123,-0.546246,0.282854,0.127073
292.842,383,0.750507,-0.586352,0.309867,0.351333
293.708,382.5,0.917849,-0.580155,0.325107,0.632592
294.574,382,1.23752,-0.583318,0.289709,1.05226
295.44,381.5,2.56,-0.88419,0.0722965,2.40137
296.306,381,3.12624,-1.24904,0.0134057,2.86585
297.172,380.5,2.99409,-1.59198,0.353134,2.51107
298.038,380,2.99854,-1.83777,0.632586,2.28335
298.905,379.5,2.96369,-1.96788,0.708256,2.09983
299.771,379,2.70177,-1.89707,0.350498,1.89152
300.637,378.5,2.37151,-1.65865,-0.145431,1.68873
301.503,378,2.06181,-1.25666,-0.738691,1.45815
302.369,377.5,2.06825,-1.02275,-1.05019,1.45902
303.235,377,2.02981,-0.788842,-1.18105,1.45017
304.101,376.5,1.89393,-0.613466,-1.11645,1.40149
304.967,376,1.65077,-0.648249,-0.872651,1.24229
305.833,375.5,1.33064,-0.665315,-0.656238,0.947268
306.699,375,1.03046,-0.765288,-0.429156,0.540383
307.565,374.5,0.996715,-0.958754,-0.240618,0.127805
308.431,374,1.16043,-1.12017,-0.169445,-0.251211
309.297,373.5,1.27346,-1.23336,-0.14178,-0.283582
310.163,373,1.3496,-1.31401,-0.137942,-0.275262
311.029,372.5,1.46707,-1.44507,-0.0992208,-0.232909
311.895,372,1.49975,-1.49801,-0.0709564,-0.0130342
312.761,371.5,1.57174,-1.55703,-0.0729894,0.201707
313.627,371,1.66433,-1.61711,-0.0982034,0.381218
314.493,370.5,1.71736,-1.6423,-0.156846,0.477061
315.359,370,1.75437,-1.66143,-0.19893,0.527148
316.225,369.5,1.67064,-1.54182,-0.311973,0.562566
317.091,369,1.52297,-1.3221,-0.503268,0.564101
317.957,368.5,1.41424,-1.05977,-0.76371,0.541939
318.823,368,1.29601,-0.768855,-0.986587,0.33932
319.689,367.5,1.26791,-0.565452,-1.13146,0.0874767
320.555,367,1.23054,-0.433266,-1.13373,-0.202888
321.421,366.5,0.967129,-0.383485,-0.726436,-0.51046
322.287,366,0.948428,-0.441456,-0.347774,-0.763993
323.153,365.5,1.08713,-0.527481,-0.0497029,-0.949291
324.019,365,1.26695,-0.576999,0.152746,-1.11754
324.885,364.5,1.46495,-0.670952,0.318519,-1.26271
325.751,364,1.60681,-0.774345,0.375102,-1.35703
326.617,363.5,1.69791,-0.88134,0.372285,-1.4027
327.483,363,1.77178,-1.00602,0.332768,-1.41999
328.349,362.5,1.79519,-1.09638,0.167031,-1.41164
329.215,362,1.82151,-1.15457,-0.0240848,-1.40864
330.081,361.5,1.84788,-1.1708,-0.233716,-1.41041
330.947,361,1.86749,-1.13539,-0.397634,-1.42839
331.813,360.5,1.89996,-1.09437,-0.536765,-1.45742
332.679,360,1.90501,-1.02268,-0.594005,-1.49343
333.546,359.5,1.89408,-0.963474,-0.557127,-1.5326
334.412,359,1.89658,-0.930499,-0.486236,-1.57948
335.278,358.5,1.82931,-0.87101,-0.285765,-1.58305
336.144,358,1.75812,-0.805608,-0.028459,-1.56243
337.01,357.5,1.69818,-0.73806,0.248712,-1.50905
337.876,357,1.4597,-0.660584,0.378497,-1.24543
338.742,356.5,1.24246,-0.582646,0.47634,-0.988601
339.608,356,0.985376,-0.386067,0.487082,-0.764636
340.474,355.5,0.708892,0.0484625,0.438901,-0.554567
341.34,355,0.721106,0.446847,0.415512,-0.384281
342.206,354.5,0.841256,0.671891,0.421881,-0.279805
343.072,354,1.0013,0.869568,0.467849,-0.166063
343.938,353.5,1.22933,1.11132,0.522294,-0.0585754
344.804,353,1.3063,1.21339,0.481663,0.0461112
345.67,352.5,1.38303,1.2909,0.472759,0.151154
346.536,352,1.46194,1.36194,0.474328,0.239578
347.402,351.5,1.3811,1.30783,0.350631,0.272173
348.268,351,1.30705,1.23235,0.270601,0.341251
349.134,350.5,1.25776,1.15878,0.260222,0.414085
350,350,1.15483,1.04547,0.275138,0.406124
350.866,349.5,1.03118,0.929491,0.248622,0.370892
351.732,349,0.969307,0.860926,0.196421,0.399727
352.598,348.5,0.917823,0.800261,0.140826,0.426791
353.464,348,0.867495,0.754776,0.0872553,0.418627
354.33,347.5,0.846009,0.739867,0.0307853,0.409122
355.196,347,0.883065,0.780022,-0.0227314,0.413344
356.062,346.5,0.924728,0.820227,-0.0757803,0.420248
356.928,346,0.967987,0.859227,-0.125051,0.427889
357.794,345.5,0.980135,0.878434,-0.120549,0.417715
358.66,345,0.985548,0.89053,-0.111877,0.407118
359.526,344.5,0.986316,0.896983,-0.105721,0.396312
360.392,344,0.982328,0.898177,-0.0947167,0.386362
361.258,343.5,0.977068,0.898522,-0.0887706,0.373415
362.124,343,0.963549,0.892146,-0.0840449,0.354173
362.99,342.5,0.930672,0.867361,-0.0684647,0.330377
363.856,342,0.899836,0.843127,-0.0547385,0.309589
364.722,341.5,0.872199,0.820953,-0.0442171,0.291225
365.588,341,0.850944,0.804185,-0.0401051,0.275287
366.454,340.5,0.834189,0.791522,-0.0407168,0.260204
367.321,340,0.827033,0.786018,-0.0373699,0.254483
368.187,339.5,0.826661,0.785634,-0.0306594,0.25536
369.053,339,0.831258,0.78916,-0.0221278,0.260244
369.919,338.5,0.835993,0.792659,-0.0119375,0.265391
370.785,338,0.83992,0.795669,0.000252187,0.269027
371.651,337.5,0.848977,0.804528,0.0068301,0.271016
372.517,337,0.866581,0.821898,0.00483079,0.274634
373.383,336.5,0.882803,0.837925,0.00145033,0.277884
374.249,336,0.896867,0.852527,-0.00187618,0.278506
375.115,335.5,0.908929,0.864724,-0.00665101,0.279927
375.981,335,0.918986,0.874509,-0.0128502,0.282145
376.847,334.5,0.927501,0.884553,-0.0160535,0.278507
377.713,334,0.936239,0.894871,-0.0210782,0.274418
378.579,333.5,0.945104,0.905184,-0.0278963,0.270342
379.445,333,0.952537,0.913969,-0.0359642,0.265882
380.311,332.5,0.96036,0.923397,-0.0456143,0.259903
381.177,332,0.96227,0.927165,-0.0524806,0.25214
382.043,331.5,0.951946,0.919313,-0.047076,0.242586
382.909,331,0.939327,0.909462,-0.0381101,0.231866
383.775,330.5,0.926132,0.899146,-0.0286507,0.220085
384.641,330,0.910106,0.885856,-0.0193471,0.207792
385.507,329.5,0.891212,0.869499,-0.00998117,0.19527
386.373,329,0.870574,0.851102,-0.00152814,0.183093
387.239,328.5,0.854459,0.837379,0.00221677,0.169972
388.105,328,0.844481,0.829554,0.00100039,0.158075
388.971,327.5,0.838566,0.825319,0.00139788,0.14846
389.837,327,0.8379,0.825839,0.00368149,0.141608
390.703,326.5,0.847649,0.835829,0.00639263,0.140916
391.569,326,0.858295,0.846297,0.00739963,0.142819
392.435,325.5,0.86612,0.85402,0.0083731,0.144027
393.301,325,0.867996,0.856231,0.0099954,0.142076
394.167,324.5,0.868469,0.857266,0.0102387,0.13867
395.033,324,0.867164,0.856757,0.00904349,0.133635
395.899,323.5,0.855293,0.845678,0.00517804,0.127787
396.765,323,0.843832,0.835204,0.00305531,0.120316
397.631,322.5,0.833059,0.825659,0.00284999,0.110751
398.497,322,0.820496,0.814102,0.00455203,0.102128
399.363,321.5,0.806553,0.801094,0.00614161,0.0934734
400.229,321,0.794621,0.790265,0.00735272,0.0827579
401.095,320.5,0.789233,0.786414,0.00960869,0.0659557
401.962,320,0.789556,0.788265,0.00773721,0.0444757
402.828,319.5,0.79349,0.793221,0.000300184,0.0206542
403.694,319,0.783112,0.783109,0.00123844,-0.00147567
404.56,318.5,0.741606,0.740751,0.0297515,-0.0195396
405.426,318,0.718569,0.713822,0.0697621,-0.0439705
406.292,317.5,0.711579,0.700433,0.0963686,-0.0803239
407.158,317,0.713818,0.694778,0.105385,-0.125356
408.024,316.5,0.712269,0.683854,0.113088,-0.16396
408.89,316,0.708314,0.671777,0.116522,-0.191955
409.756,315.5,0.721335,0.694154,0.0934365,-0.172462
410.622,315,0.726687,0.707152,0.0796303,-0.147201
411.488,314.5,0.722151,0.707262,0.079375,-0.122403
412.354,314,0.737695,0.724556,0.0813729,-0.112209
413.22,313.5,0.756358,0.744763,0.081739,-0.103564
414.086,313,0.768961,0.759064,0.0789617,-0.0942718
414.952,312.5,0.730943,0.724442,0.072382,-0.064983
415.818,312,0.685906,0.681694,0.0668488,-0.0359372
416.684,311.5,0.635961,0.632922,0.0612715,-0.0100668
417.55,311,0.583609,0.580417,0.0609375,-0.00137252
418.416,310.5,0.533278,0.529538,0.0629104,-0.00419752
419.282,310,0.514541,0.509271,0.0719219,-0.0149277
420.148,309.5,0.50976,0.502674,0.0833274,-0.0151946
421.014,309,0.508053,0.499162,0.0946171,-0.00151648
421.88,308.5,0.511189,0.499337,0.107773,0.0190405
422.746,308,0.526614,0.509487,0.125094,0.045788
423.612,307.5,0.567536,0.543976,0.140956,0.0794863
424.478,307,0.628959,0.603631,0.12805,0.121749
425.344,306.5,0.685361,0.657034,0.112726,0.159116
426.21,306,0.732349,0.7016,0.0916852,0.188908
427.076,305.5,0.78475,0.750282,0.0753404,0.217333
427.942,305,0.841594,0.80294,0.0636254,0.243969
428.808,304.5,0.857143,0.821428,0.0630985,0.236574
429.674,304,0.863439,0.832291,0.0614935,0.221441
430.54,303.5,0.868199,0.843342,0.0541297,0.19903
431.406,303,0.870243,0.85079,0.0376311,0.179059
432.272,302.5,0.872531,0.859009,0.0131507,0.152454
433.138,302,0.874603,0.865986,-0.0180025,0.121142
434.004,301.5,0.873892,0.866206,-0.0405358,0.108313
434.87,301,0.871642,0.864324,-0.0545374,0.0986363
435.737,300.5,0.868208,0.861519,-0.0634821,0.0868328
436.603,300,0.872046,0.865357,-0.0722084,0.0800398
437.469,299.5,0.883293,0.875598,-0.0849272,0.0795143
438.335,299,0.885515,0.878262,-0.0884512,0.070497
439.201,298.5,0.88432,0.878326,-0.0844993,0.0585249
440.067,298,0.883459,0.879365,-0.0732328,0.0430636
440.933,297.5,0.88013,0.877802,-0.0575541,0.0279216
441.799,297,0.876192,0.875192,-0.0398924,0.012653
442.665,296.5,0.867912,0.867436,-0.0283979,-0.00447351
443.531,296,0.839754,0.839462,-0.0101672,-0.0196683
444.397,295.5,0.809339,0.808619,0.0186055,-0.0286228
445.263,295,0.773719,0.769837,0.0655269,-0.0412181
446.129,294.5,0.7542,0.744498,0.109104,-0.0513441
446.995,294,0.749993,0.732602,0.149338,-0.059001
447.861,293.5,0.683491,0.672272,0.117684,-0.0368888
448.727,293,0.617827,0.611631,0.0866262,-0.0106568
449.593,292.5,0.561322,0.557432,0.0638547,0.016544
450.459,292,0.499948,0.496573,0.0468685,0.0341562
451.325,291.5,0.433356,0.430763,0.0257201,0.0397471
452.191,291,0.381747,0.379614,0.00646542,0.0397765
453.057,290.5,0.366222,0.360198,0.0262132,0.0607377
453.923,290,0.339582,0.321134,0.064918,0.0893025
454.789,289.5,0.293766,0.249798,0.104044,0.114343
455.655,289,0.250987,0.171304,0.128515,0.130894
456.521,288.5,0.231312,0.123751,0.134692,0.141593
457.387,288,0.248179,0.155957,0.115371,0.154788
458.253,287.5,0.260964,0.170932,0.0999715,0.169971
459.119,287,0.254625,0.16689,0.0903808,0.169744
459.985,286.5,0.247637,0.161688,0.0789196,0.170155
460.851,286,0.242655,0.156878,0.0660867,0.172926
461.717,285.5,0.258775,0.186831,0.0613663,0.168206
462.583,285,0.287655,0.242072,0.0611772,0.142842
463.449,284.5,0.322167,0.293195,0.0606407,0.118958
464.315,284,0.436433,0.42121,0.0714037,0.0892017
465.181,283.5,0.461472,0.447628,0.0701986,0.087509
466.047,283,0.482351,0.469255,0.0695823,0.087299
466.913,282.5,0.498965,0.48609,0.0695548,0.0885718
467.779,282,0.515173,0.501806,0.069708,0.0934571
468.645,281.5,0.536751,0.522159,0.0679284,0.104099
469.512,281,0.547705,0.532923,0.0646438,0.108605
470.378,280.5,0.560738,0.545624,0.0613862,0.113811
471.244,280,0.575856,0.560264,0.0581557,0.119717
472.11,279.5,0.593062,0.576841,0.0549522,0.126324
472.976,279,0.612362,0.595356,0.0517758,0.133631
473.842,278.5,0.592428,0.578631,0.0472429,0.118004
474.708,278,0.640687,0.621719,0.0459657,0.147761
475.574,277.5,0.682268,0.651957,0.0387918,0.197326
476.44,277,0.722832,0.681721,0.0261763,0.238867
477.306,276.5,0.762586,0.712664,0.0198238,0.270656
478.172,276,0.795335,0.742794,0.0262678,0.283065
479.038,275.5,0.818958,0.763214,0.0295233,0.295508
