x,v,vx,vy,vz
220.096,425,0.569167,0.569023,-0.000676779,0.0127594
220.962,424.5,0.569382,0.569233,-0.000677713,0.0129715
221.828,424,0.569547,0.569393,-0.000686777,0.0132207
222.694,423.5,0.56966,0.5695,-0.000709474,0.0135079
223.56,423,0.569725,0.569556,-0.000577254,0.0138613
224.426,422.5,0.569784,0.569607,-0.000407026,0.0142186
225.292,422,0.569554,0.569371,-0.000250845,0.0144619
226.158,421.5,0.569048,0.56886,5.16148e-05,0.0146202
227.024,421,0.568418,0.568227,0.000441374,0.0147377
227.89,420.5,0.567799,0.567604,0.000844073,0.0148476
228.756,420,0.567045,0.566847,0.00140377,0.0149304
229.622,419.5,0.566391,0.566187,0.00214075,0.0150631
230.488,419,0.565949,0.565736,0.00292358,0.0152807
231.355,418.5,0.565161,0.564937,0.00381832,0.0154658
232.221,418,0.5638,0.563564,0.00490157,0.0155762
233.087,417.5,0.56235,0.5621,0.00599732,0.0156589
233.953,417,0.560707,0.560443,0.00702803,0.015693
234.819,416.5,0.559342,0.559086,0.00766067,0.0151096
235.685,416,0.557916,0.557666,0.00825767,0.0145111
236.551,415.5,0.556405,0.556161,0.00880244,0.0139039
237.417,415,0.554538,0.55431,0.00877511,0.0132467
238.283,414.5,0.552638,0.552426,0.00871122,0.012592
239.149,414,0.550724,0.550526,0.00863469,0.0119748
240.015,413.5,0.549111,0.548927,0.00848996,0.0113995
240.881,413,0.547559,0.547388,0.00834937,0.0108207
241.747,412.5,0.546027,0.545869,0.00822592,0.0102375
242.613,412,0.544622,0.54447,0.00838048,0.00973408
243.479,411.5,0.543224,0.543076,0.00863979,0.00925339
244.345,411,0.541084,0.540942,0.00887583,0.00870681
245.211,410.5,0.539166,0.539019,0.00938635,0.00834622
246.077,410,0.537432,0.537275,0.0100969,0.00814085
246.943,409.5,0.535724,0.535556,0.0107948,0.00794749
247.809,409,0.534115,0.533924,0.0119367,0.00787396
248.675,408.5,0.532432,0.532196,0.0137121,0.00797404
249.541,408,0.530667,0.530381,0.0154302,0.00806475
250.407,407.5,0.528738,0.528397,0.0171414,0.00817154
251.273,407,0.52611,0.525703,0.0189337,0.00835916
252.139,406.5,0.523552,0.523072,0.0207561,0.00850653
253.005,406,0.521005,0.520444,0.0225729,0.00864394
253.871,405.5,0.517929,0.517291,0.0240552,0.00903035
254.737,405,0.51493,0.514208,0.0255817,0.00938089
255.603,404.5,0.512007,0.511195,0.0271522,0.00969556
256.469,404,0.507639,0.506793,0.0274816,0.0101756
257.335,403.5,0.503207,0.502329,0.0277506,0.0106176
258.201,403,0.498712,0.497798,0.0281134,0.0110059
259.067,402.5,0.493684,0.492843,0.026587,0.0110979
259.933,402,0.488511,0.487776,0.0244426,0.0109462
260.799,401.5,0.483331,0.482703,0.0222395,0.0106025
261.665,401,0.478269,0.477768,0.019522,0.00990524
262.531,400.5,0.47322,0.472847,0.0165118,0.00897894
263.397,400,0.467631,0.46736,0.0136643,0.00818237
264.263,399.5,0.462579,0.462387,0.0112622,0.00711354
265.13,399,0.458154,0.458024,0.00929968,0.00568938
265.996,398.5,0.453929,0.453852,0.00730465,0.00406163
266.862,398,0.44979,0.449755,0.00498664,0.00244242
267.728,397.5,0.44538,0.445374,0.00174869,0.00142093
268.594,397,0.441179,0.441176,-0.00159977,0.000286551
269.46,396.5,0.43771,0.437681,-0.00485735,-0.00114392
270.326,396,0.437008,0.436938,-0.00722715,-0.00299465
271.192,395.5,0.436502,0.436367,-0.00971452,-0.00485042
272.058,395,0.436405,0.436178,-0.0124578,-0.00653761
272.924,394.5,0.437203,0.436954,-0.0134305,-0.00610499
273.79,394,0.438591,0.438304,-0.0146655,-0.00603159
274.656,393.5,0.440574,0.44023,-0.0161984,-0.00634292
275.522,393,0.442444,0.441894,-0.0198462,-0.00961237
276.388,392.5,0.444372,0.443477,-0.02485,-0.0133128
277.254,392,0.446495,0.445272,-0.0289112,-0.0159774
278.12,391.5,0.451845,0.450149,-0.0352012,-0.0170488
278.986,391,0.459415,0.457194,-0.0416179,-0.0174309
279.852,390.5,0.468108,0.465435,-0.0467102,-0.0177005
280.718,390,0.476131,0.472704,-0.0533758,-0.0200894
281.584,389.5,0.48101,0.47634,-0.0621625,-0.0246119
282.45,389,0.484546,0.478331,-0.0702932,-0.0322922
283.316,388.5,0.497589,0.48881,-0.0831547,-0.041768
284.182,388,0.571227,0.557857,-0.106375,-0.0614864
285.048,387.5,0.54897,0.529509,-0.122234,-0.0777628
285.914,387,0.569732,0.543889,-0.135972,-0.101446
286.78,386.5,0.582764,0.554719,-0.142707,-0.107406
287.646,386,0.607122,0.579687,-0.138722,-0.115399
288.512,385.5,0.6428,0.618145,-0.122119,-0.127184
289.378,385,0.667099,0.650661,-0.085795,-0.119582
290.244,384.5,0.68708,0.675679,-0.0575541,-0.110564
291.11,384,0.701102,0.692624,-0.0392492,-0.101366
291.976,383.5,0.709037,0.705112,-0.0122616,-0.0734839
292.842,383,0.711663,0.71037,0.00906076,-0.0419168
293.708,382.5,0.708751,0.708341,0.0222396,-0.00931097
294.574,382,0.694156,0.69307,0.0376305,-0.00950757
295.44,381.5,0.669909,0.666781,0.0617824,-0.0190733
296.306,381,0.643286,0.635668,0.0861952,-0.0481035
297.172,380.5,0.577455,0.546215,0.127141,-0.137617
298.038,380,0.525013,0.414849,0.187802,-0.261284
298.905,379.5,0.533951,0.282931,0.253667,-0.375109
299.771,379,0.552557,0.159565,0.304145,-0.432844
300.637,378.5,0.538444,0.107462,0.32705,-0.41402
301.503,378,0.530754,0.156976,0.341602,-0.374656
302.369,377.5,0.506878,0.258917,0.32546,-0.289764
303.235,377,0.489206,0.411964,0.238699,-0.112389
304.101,376.5,0.594565,0.561522,0.177897,0.080953
304.967,376,0.772451,0.707675,0.139276,0.276548
305.833,375.5,0.8382,0.784491,0.0496785,0.291009
306.699,375,0.956166,0.884529,-0.000466619,0.363127
307.565,374.5,0.942529,0.886491,-0.0573478,0.314971
308.431,374,0.970473,0.932978,-0.0742584,0.256624
309.297,373.5,0.989483,0.965947,-0.0808045,0.198733
310.163,373,0.957351,0.942153,-0.101912,0.135949
311.029,372.5,0.913537,0.901127,-0.135516,0.0644582
311.895,372,0.88794,0.873763,-0.158039,-8.87487e-05
312.761,371.5,0.872082,0.853485,-0.170133,-0.0560812
313.627,371,0.854743,0.833477,-0.158154,-0.104355
314.493,370.5,0.843047,0.816673,-0.134885,-0.159934
315.359,370,0.877742,0.847525,-0.117751,-0.195621
316.225,369.5,0.892453,0.861505,-0.0970892,-0.21179
317.091,369,0.892021,0.862184,-0.0719417,-0.217175
317.957,368.5,0.89927,0.86718,-0.0531188,-0.232086
318.823,368,0.90999,0.873629,-0.0465841,-0.250366
319.689,367.5,0.918464,0.88073,-0.0533644,-0.255036
320.555,367,0.935412,0.897067,-0.0574852,-0.258772
321.421,366.5,0.96056,0.921888,-0.0628845,-0.262382
322.287,366,0.986009,0.949048,-0.0689555,-0.258391
323.153,365.5,1.01298,0.97682,-0.0744846,-0.257687
324.019,365,1.03975,1.0037,-0.0785913,-0.259785
324.885,364.5,1.04158,1.00812,-0.0708906,-0.252101
325.751,364,1.04638,1.01471,-0.0629394,-0.247603
326.617,363.5,1.05416,1.02351,-0.0547421,-0.246327
327.483,363,1.06988,1.03936,-0.0505971,-0.248611
328.349,362.5,1.0858,1.05664,-0.0474432,-0.245411
329.215,362,1.09654,1.06951,-0.043449,-0.238056
330.081,361.5,1.10737,1.08467,-0.0304927,-0.220982
330.947,361,1.11725,1.09858,-0.0148706,-0.202834
331.813,360.5,1.12457,1.10859,0.0014444,-0.188893
332.679,360,1.11394,1.10127,0.022467,-0.166024
333.546,359.5,1.08058,1.07155,0.0443688,-0.132184
334.412,359,1.04209,1.03555,0.0540981,-0.103267
335.278,358.5,1.01073,1.0058,0.0535202,-0.0841316
336.144,358,0.972037,0.968667,0.0403196,-0.0701047
337.01,357.5,0.922973,0.92084,0.0275533,-0.0563456
337.876,357,0.859291,0.857989,0.0163225,-0.0443747
338.742,356.5,0.7675,0.766165,0.0191721,-0.0410003
339.608,356,0.671768,0.669717,0.0307912,-0.0424647
340.474,355.5,0.574672,0.570443,0.0483925,-0.0500111
341.34,355,0.491944,0.474242,0.0801185,-0.103368
342.206,354.5,0.40514,0.358981,0.117454,-0.146546
343.072,354,0.336429,0.237314,0.158168,-0.178463
343.938,353.5,0.339779,0.213794,0.177211,-0.195801
344.804,353,0.328996,0.187653,0.195017,-0.187065
345.67,352.5,0.302443,0.151746,0.213425,-0.151309
346.536,352,0.297742,0.107322,0.255954,-0.107794
347.402,351.5,0.298397,0.0332348,0.293239,-0.0441202
348.268,351,0.351928,-0.0344206,0.350236,0.00169695
349.134,350.5,0.422534,-0.13492,0.393362,0.0748204
350,350,0.336645,0.00223212,0.308063,0.135727
350.866,349.5,0.383316,-0.143095,0.306056,0.181065
351.732,349,0.354693,-0.0853221,0.227852,0.258091
352.598,348.5,0.300948,-0.0474626,0.146595,0.258509
353.464,348,0.245669,-0.0171324,0.0700996,0.234832
354.33,347.5,0.328931,0.0927217,0.081743,0.304822
355.196,347,0.370444,0.191831,0.0764341,0.307551
356.062,346.5,0.452443,0.259735,0.0364245,0.368667
356.928,346,0.534473,0.322195,-0.021725,0.425888
357.794,345.5,0.556404,0.377443,-0.0496612,0.405778
358.66,345,0.651572,0.455533,-0.116958,0.45095
359.526,344.5,0.624766,0.48266,-0.117538,0.378889
360.392,344,0.698914,0.5638,-0.153181,0.383596
361.258,343.5,0.784264,0.647452,-0.196123,0.396751
362.124,343,0.854183,0.718158,-0.222831,0.405246
362.99,342.5,0.859909,0.747581,-0.174743,0.38734
363.856,342,0.861906,0.769283,-0.12546,0.367892
364.722,341.5,0.863078,0.78569,-0.0828018,0.347475
365.588,341,0.860729,0.791756,-0.048131,0.334156
366.454,340.5,0.851948,0.788306,-0.020639,0.322434
367.321,340,0.854223,0.791927,-0.016567,0.319803
368.187,339.5,0.861911,0.796582,-0.0202819,0.328539
369.053,339,0.872521,0.801117,-0.0269289,0.344642
369.919,338.5,0.884855,0.808325,-0.0337855,0.358381
370.785,338,0.897693,0.817094,-0.0406608,0.369535
371.651,337.5,0.909431,0.825606,-0.0415876,0.379089
372.517,337,0.920509,0.834873,-0.0373818,0.385911
373.383,336.5,0.928877,0.842968,-0.0322716,0.388812
374.249,336,0.931107,0.848816,-0.0240989,0.381955
375.115,335.5,0.933012,0.853135,-0.0182827,0.377277
375.981,335,0.934484,0.855913,-0.0148237,0.374773
376.847,334.5,0.925057,0.848812,-0.0155916,0.36743
377.713,334,0.912579,0.839053,-0.0149926,0.358562
378.579,333.5,0.897616,0.827096,-0.0127128,0.348518
379.445,333,0.878509,0.813096,-0.0136688,0.332366
380.311,332.5,0.856939,0.797659,-0.0162607,0.312763
381.177,332,0.838361,0.785554,-0.0197384,0.292172
382.043,331.5,0.829405,0.780236,-0.024755,0.280233
382.909,331,0.815084,0.768064,-0.0229219,0.27187
383.775,330.5,0.79384,0.748461,-0.0130101,0.264234
384.641,330,0.769303,0.725726,-0.00109061,0.255242
385.507,329.5,0.745743,0.704978,0.00601809,0.243111
386.373,329,0.692992,0.656707,0.00999563,0.221075
387.239,328.5,0.642989,0.607319,0.0198978,0.210243
388.105,328,0.629288,0.586137,0.0489523,0.22372
388.971,327.5,0.599443,0.549129,0.0667345,0.230946
389.837,327,0.57062,0.509964,0.0862799,0.241037
390.703,326.5,0.543795,0.468642,0.107589,0.253993
391.569,326,0.534203,0.440837,0.124064,0.275033
392.435,325.5,0.538318,0.423665,0.136601,0.302712
393.301,325,0.561876,0.426875,0.132537,0.340465
394.167,324.5,0.590746,0.433838,0.12442,0.381162
395.033,324,0.620634,0.439117,0.116845,0.422741
395.899,323.5,0.651508,0.442711,0.109812,0.465201
396.765,323,0.676952,0.444449,0.0989623,0.500934
397.631,322.5,0.687496,0.444363,0.0811827,0.518268
398.497,322,0.694868,0.442915,0.066365,0.531285
399.363,321.5,0.574726,0.368058,0.0462431,0.438982
400.229,321,0.592147,0.359322,0.0410878,0.468869
401.095,320.5,0.646746,0.391509,0.0401258,0.513215
401.962,320,0.713608,0.428407,0.0416498,0.569183
402.828,319.5,0.771091,0.451218,0.042338,0.623852
403.694,319,0.807325,0.457115,0.0360843,0.664468
404.56,318.5,0.828436,0.455272,0.0234515,0.691726
405.426,318,0.845736,0.453761,0.0138628,0.713567
406.292,317.5,0.850669,0.450397,0.00398444,0.72164
407.158,317,0.834017,0.436857,-0.000309258,0.710451
408.024,316.5,0.814806,0.410489,-0.00246197,0.703848
408.89,316,0.787798,0.375495,-0.00366595,0.692543
409.756,315.5,0.717646,0.383897,-0.0133511,0.606186
410.622,315,0.754761,0.435805,-0.0424675,0.614764
411.488,314.5,0.740578,0.422872,-0.0544671,0.605532
412.354,314,0.732899,0.423897,-0.0639095,0.594447
413.22,313.5,0.718119,0.419651,-0.0705891,0.57845
414.086,313,0.689298,0.401381,-0.0734573,0.555544
414.952,312.5,0.658661,0.376037,-0.0762196,0.53537
415.818,312,0.626534,0.343619,-0.0788759,0.517928
416.684,311.5,0.593593,0.304128,-0.0814262,0.503218
417.55,311,0.560972,0.257563,-0.0838704,0.49124
418.416,310.5,0.530651,0.207301,-0.0850836,0.481017
419.282,310,0.50519,0.202448,-0.069917,0.457541
420.148,309.5,0.479396,0.198462,-0.0542813,0.432997
421.014,309,0.453409,0.195341,-0.0381765,0.407386
421.88,308.5,0.38496,0.214763,-0.00467848,0.319451
422.746,308,0.408371,0.235564,0.00809305,0.333483
423.612,307.5,0.468127,0.290402,0.0134665,0.366917
424.478,307,0.5394,0.364603,0.0170139,0.397149
425.344,306.5,0.608249,0.434232,0.0211389,0.425397
426.21,306,0.666856,0.493531,0.0175348,0.448126
427.076,305.5,0.728924,0.550067,0.00694249,0.478234
427.942,305,0.79421,0.603788,-0.0104858,0.515847
428.808,304.5,0.849018,0.643585,-0.0157258,0.553518
429.674,304,0.897745,0.680857,-0.0179471,0.584857
430.54,303.5,0.944504,0.718065,-0.0186686,0.613287
431.406,303,0.975156,0.749792,-0.0179182,0.623234
432.272,302.5,1.00212,0.778778,-0.0175617,0.630432
433.138,302,1.02444,0.80123,-0.0172572,0.638132
434.004,301.5,1.03634,0.816162,-0.0191143,0.638375
434.87,301,1.04403,0.828735,-0.0218143,0.634605
435.737,300.5,1.04797,0.836304,-0.0240374,0.63108
436.603,300,1.04071,0.838485,-0.0236271,0.615998
437.469,299.5,1.02373,0.836353,-0.0233159,0.589915
438.335,299,1.01008,0.838367,-0.0202802,0.563025
439.201,298.5,0.997658,0.840927,-0.0110537,0.536695
440.067,298,0.987244,0.843099,0.00526644,0.51362
440.933,297.5,0.976063,0.84306,0.0205731,0.491452
441.799,297,0.963204,0.840929,0.0291307,0.468777
442.665,296.5,0.943156,0.834664,0.0122947,0.439008
443.531,296,0.909554,0.815788,-0.0106928,0.402074
444.397,295.5,0.868588,0.788318,-0.0334824,0.363151
445.263,295,0.818933,0.751797,-0.0330428,0.323049
446.129,294.5,0.769621,0.715875,-0.0375854,0.280048
446.995,294,0.721246,0.680552,-0.0471102,0.234146
447.861,293.5,0.694767,0.658738,-0.0433235,0.216536
448.727,293,0.66999,0.63742,-0.0365439,0.203094
449.593,292.5,0.644683,0.615155,-0.028558,0.190748
450.459,292,0.622726,0.596568,-0.0368447,0.17475
451.325,291.5,0.603095,0.580176,-0.0476934,0.157623
452.191,291,0.587325,0.567544,-0.0596926,0.138858
453.057,290.5,0.579695,0.56325,-0.0729448,0.116078
453.923,290,0.572696,0.558814,-0.0803472,0.0961855
454.789,289.5,0.56321,0.551068,-0.0847251,0.079696
455.655,289,0.555842,0.545488,-0.0819913,0.0684151
456.521,288.5,0.553715,0.545261,-0.0752677,0.0602151
457.387,288,0.557495,0.553007,-0.0514693,0.0483214
458.253,287.5,0.566244,0.564596,-0.0248036,0.0353362
459.119,287,0.578726,0.578275,0.00480681,0.0223347
459.985,286.5,0.59513,0.593369,0.0447567,0.00945967
460.851,286,0.616848,0.609869,0.0924431,-0.003883
461.717,285.5,0.617417,0.608246,0.10516,-0.0134885
462.583,285,0.593222,0.584335,0.10149,-0.0128227
463.449,284.5,0.569788,0.560394,0.102695,-0.00841665
464.315,284,0.540768,0.529881,0.107534,-0.00960276
465.181,283.5,0.519012,0.507454,0.108386,-0.0107989
466.047,283,0.504256,0.493001,0.105314,-0.0115226
466.913,282.5,0.458242,0.446264,0.103044,0.0146746
467.779,282,0.410713,0.396104,0.0999553,0.0423791
468.645,281.5,0.364217,0.344004,0.09791,0.0687678
469.512,281,0.324819,0.291166,0.100103,0.103486
470.378,280.5,0.2992,0.238475,0.103115,0.148384
471.244,280,0.304543,0.21919,0.105002,0.183511
472.11,279.5,0.32407,0.229771,0.10579,0.202572
472.976,279,0.339737,0.239934,0.104948,0.216423
473.842,278.5,0.429957,0.305308,0.133666,0.271631
474.708,278,0.437891,0.293015,0.128694,0.298879
475.574,277.5,0.447182,0.279324,0.120861,0.327632
476.44,277,0.458303,0.264235,0.110168,0.357889
477.306,276.5,0.471743,0.247748,0.0966148,0.389652
478.172,276,0.48728,0.243641,0.0778916,0.414745
479.038,275.5,0.525978,0.293989,0.0751762,0.429618
