x,v,vx,vy,vz
220.096,425,0.631879,0.631841,0.00311942,0.00620941
220.962,424.5,0.631581,0.63154,0.00343818,0.00637376
221.828,424,0.631256,0.631211,0.00376047,0.00652523
222.694,423.5,0.630903,0.630854,0.00408575,0.00666688
223.56,423,0.630402,0.630351,0.00436013,0.00669403
224.426,422.5,0.629842,0.62979,0.00461872,0.00667122
225.292,422,0.629374,0.629321,0.00479705,0.00660219
226.158,421.5,0.628812,0.62876,0.00490769,0.00647549
227.024,421,0.628195,0.628143,0.00497998,0.00630663
227.89,420.5,0.62757,0.62752,0.00503665,0.00611688
228.756,420,0.626895,0.626846,0.00505905,0.00590722
229.622,419.5,0.626034,0.625989,0.005071,0.00562857
230.488,419,0.624999,0.624956,0.00508623,0.00525662
231.355,418.5,0.623921,0.623882,0.00505937,0.00487219
232.221,418,0.622787,0.622751,0.00497333,0.00451201
233.087,417.5,0.621641,0.621608,0.00487105,0.00413095
233.953,417,0.620477,0.620448,0.00474055,0.00374995
234.819,416.5,0.619156,0.61913,0.00439614,0.00353971
235.685,416,0.617888,0.617865,0.00404261,0.00335006
236.551,415.5,0.616672,0.616653,0.00368393,0.00318418
237.417,415,0.615406,0.615389,0.00336421,0.00317419
238.283,414.5,0.614191,0.614175,0.0030323,0.00318271
239.149,414,0.613024,0.613009,0.00275478,0.00324617
240.015,413.5,0.611745,0.61173,0.00246897,0.00356093
240.881,413,0.610472,0.610455,0.0021726,0.00394055
241.747,412.5,0.609223,0.609204,0.00187484,0.00435845
242.613,412,0.607834,0.607812,0.00168625,0.00494459
243.479,411.5,0.606353,0.606325,0.00154273,0.00560238
244.345,411,0.604902,0.604867,0.0014852,0.00626042
245.211,410.5,0.603316,0.603274,0.00144538,0.00696605
246.077,410,0.601628,0.601576,0.00141869,0.0077377
246.943,409.5,0.599911,0.599848,0.00138801,0.00855511
247.809,409,0.598106,0.59803,0.00149771,0.00941559
248.675,408.5,0.595952,0.595861,0.00180635,0.0102574
249.541,408,0.593603,0.593496,0.00209323,0.0110736
250.407,407.5,0.591202,0.591078,0.00247444,0.0118574
251.273,407,0.588722,0.58858,0.00319232,0.0125065
252.139,406.5,0.586254,0.586095,0.00388889,0.0130758
253.005,406,0.583756,0.583581,0.00462439,0.0135559
253.871,405.5,0.580839,0.580644,0.00595135,0.0138058
254.737,405,0.577957,0.577743,0.00727435,0.0139321
255.603,404.5,0.575111,0.574878,0.00859338,0.0139346
256.469,404,0.572137,0.571893,0.00994615,0.0134361
257.335,403.5,0.569191,0.568937,0.0112841,0.0127289
258.201,403,0.566437,0.566176,0.0126064,0.0117081
259.067,402.5,0.563814,0.563556,0.0138179,0.00998638
259.933,402,0.561209,0.560953,0.0149524,0.00794045
260.799,401.5,0.558611,0.558352,0.0160322,0.00569022
261.665,401,0.556122,0.555864,0.016688,0.00289779
262.531,400.5,0.553698,0.553436,0.0170097,-0.000309598
263.397,400,0.551092,0.550815,0.0171095,-0.00364888
264.263,399.5,0.548615,0.548315,0.0167037,-0.00712109
265.13,399,0.546536,0.546207,0.015667,-0.010642
265.996,398.5,0.544745,0.544365,0.0145616,-0.0141943
266.862,398,0.543418,0.542976,0.0131295,-0.0175554
267.728,397.5,0.542408,0.54191,0.0109894,-0.0204506
268.594,397,0.541584,0.541007,0.00885786,-0.0233771
269.46,396.5,0.541235,0.540554,0.00672383,-0.0262951
270.326,396,0.54194,0.541141,0.00418411,-0.029109
271.192,395.5,0.542717,0.541779,0.00159483,-0.0318615
272.058,395,0.543841,0.542752,-0.000953363,-0.0343916
272.924,394.5,0.547253,0.546079,-0.00271329,-0.0357225
273.79,394,0.550711,0.549454,-0.00436014,-0.0369268
274.656,393.5,0.554194,0.552858,-0.00590022,-0.0380129
275.522,393,0.557832,0.55645,-0.00696363,-0.0386243
276.388,392.5,0.561589,0.560156,-0.00801362,-0.0392825
277.254,392,0.565859,0.564353,-0.00940644,-0.0401659
278.12,391.5,0.57059,0.569019,-0.010687,-0.0409501
278.986,391,0.575664,0.574025,-0.011926,-0.0417425
279.852,390.5,0.581009,0.579291,-0.0132165,-0.0426366
280.718,390,0.586633,0.584843,-0.0145587,-0.0434258
281.584,389.5,0.59213,0.590284,-0.0160597,-0.0438679
282.45,389,0.596967,0.595083,-0.0176491,-0.0439762
283.316,388.5,0.602074,0.600163,-0.0190885,-0.0439641
284.182,388,0.607423,0.605528,-0.0201198,-0.0435252
285.048,387.5,0.613064,0.611172,-0.0212866,-0.0431605
285.914,387,0.618652,0.616745,-0.0226891,-0.0429091
286.78,386.5,0.62458,0.62261,-0.0246029,-0.0430336
287.646,386,0.631218,0.629178,-0.0267446,-0.0430772
288.512,385.5,0.638234,0.636119,-0.0291266,-0.0429761
289.378,385,0.644156,0.641997,-0.0318093,-0.0420144
290.244,384.5,0.649456,0.647246,-0.0345238,-0.0409105
291.11,384,0.653382,0.651087,-0.0367545,-0.0405462
291.976,383.5,0.657514,0.655039,-0.0400665,-0.0405277
292.842,383,0.664535,0.661913,-0.0443803,-0.038828
293.708,382.5,0.674412,0.671657,-0.049482,-0.0355008
294.574,382,0.681747,0.678824,-0.0554947,-0.0299563
295.44,381.5,0.68497,0.681599,-0.0647628,-0.0203123
296.306,381,0.695812,0.69257,-0.0659393,-0.01237
297.172,380.5,0.71337,0.710539,-0.0631685,-0.00640288
298.038,380,0.731447,0.728844,-0.061655,0.000157807
298.905,379.5,0.744801,0.742238,-0.0612105,0.00798164
299.771,379,0.754097,0.751874,-0.0567636,0.0111707
300.637,378.5,0.758634,0.757136,-0.0473823,0.00507904
301.503,378,0.757985,0.757142,-0.0357279,-0.00010329
302.369,377.5,0.755952,0.755554,-0.024482,-0.00152253
303.235,377,0.753003,0.752857,-0.0148226,0.000544723
304.101,376.5,0.746483,0.746439,-0.00793543,0.00145857
304.967,376,0.737149,0.737137,-0.0039922,0.000958658
305.833,375.5,0.746247,0.746229,-0.00529193,-0.000105321
306.699,375,0.753971,0.753948,-0.00583077,0.000965654
307.565,374.5,0.759688,0.759657,-0.00548311,0.00410822
308.431,374,0.763053,0.762995,-0.00259744,0.00900683
309.297,373.5,0.762339,0.76222,5.6339e-05,0.0134979
310.163,373,0.759987,0.759823,0.00170064,0.0157338
311.029,372.5,0.762075,0.761848,0.00144824,0.0185267
311.895,372,0.766158,0.765813,-0.000336743,0.022974
312.761,371.5,0.771749,0.771214,-0.00349628,0.0285336
313.627,371,0.780697,0.779987,-0.00698592,0.0325487
314.493,370.5,0.792058,0.791183,-0.0106061,0.0356639
315.359,370,0.80371,0.802466,-0.00921295,0.0437445
316.225,369.5,0.816152,0.814516,-0.00577398,0.0513212
317.091,369,0.829731,0.827644,-0.000687127,0.0587982
317.957,368.5,0.843779,0.841091,0.00411877,0.0671684
318.823,368,0.85782,0.854337,0.00941152,0.0766533
319.689,367.5,0.861565,0.857092,0.0168771,0.0860322
320.555,367,0.857033,0.85149,0.025014,0.0940418
321.421,366.5,0.851999,0.845508,0.0305025,0.100436
322.287,366,0.849784,0.843987,0.0133898,0.0981877
323.153,365.5,0.850846,0.845683,-0.0125642,0.0927396
324.019,365,0.852927,0.847466,-0.0458246,0.084763
324.885,364.5,0.797265,0.792485,-0.0293666,0.0820771
325.751,364,0.748394,0.744984,-0.0192872,0.0687051
326.617,363.5,0.706671,0.705084,-0.0157746,0.0446273
327.483,363,0.672553,0.671948,-0.0124634,0.025638
328.349,362.5,0.642071,0.641953,-0.00826996,0.00907967
329.215,362,0.611098,0.611068,-0.00591195,0.000985772
330.081,361.5,0.574815,0.574805,-0.00325615,0.00127513
330.947,361,0.53967,0.539665,-0.00159772,0.0015783
331.813,360.5,0.556632,0.556585,-0.00654939,0.00301029
332.679,360,0.54569,0.545654,-0.0063299,-0.000317072
333.546,359.5,0.537584,0.537547,-0.00571681,-0.00273293
334.412,359,0.532302,0.532265,-0.00471013,-0.00423729
335.278,358.5,0.52984,0.529807,-0.00330985,-0.00483014
336.144,358,0.535887,0.535875,0.00164479,-0.0032702
337.01,357.5,0.545289,0.545257,0.00587428,-0.000100884
337.876,357,0.552769,0.552668,0.00977785,0.00398958
338.742,356.5,0.559597,0.559317,0.0149599,0.00944612
339.608,356,0.544086,0.543897,0.00126402,0.0142751
340.474,355.5,0.552996,0.552603,0.00786058,0.0193167
341.34,355,0.576962,0.574692,0.038177,0.0340122
342.206,354.5,0.574698,0.571294,0.0512131,0.0357418
343.072,354,0.561486,0.556805,0.0679655,0.0247935
343.938,353.5,0.544938,0.53815,0.0851465,0.0100919
344.804,353,0.519067,0.512639,0.080377,-0.0130959
345.67,352.5,0.50371,0.491002,0.111071,-0.0174493
346.536,352,0.468193,0.443935,0.147237,-0.0211464
347.402,351.5,0.42107,0.39403,0.147432,-0.0174242
348.268,351,0.398979,0.371629,0.13482,0.0538535
349.134,350.5,0.389156,0.35156,0.106052,0.128844
350,350,0.240525,0.23601,0.0463445,0.00197636
350.866,349.5,0.241602,0.116321,-0.109396,-0.18131
351.732,349,0.392261,0.296553,-0.0347797,-0.254392
352.598,348.5,0.584595,0.575432,0.0847955,-0.0586356
353.464,348,0.826166,0.786654,0.165358,0.190743
354.33,347.5,0.874164,0.803651,0.179428,0.293449
355.196,347,0.832715,0.747091,0.152035,0.334894
356.062,346.5,0.826443,0.739358,0.131199,0.345173
356.928,346,0.803353,0.727565,0.107513,0.323213
357.794,345.5,0.699645,0.647662,0.105348,0.242773
358.66,345,0.583548,0.551074,0.106269,0.159853
359.526,344.5,0.474502,0.456144,0.109451,0.0714539
360.392,344,0.442952,0.425759,0.097089,-0.0742245
361.258,343.5,0.445196,0.389887,0.0889667,-0.195632
362.124,343,0.45859,0.345482,0.0845564,-0.289479
362.99,342.5,0.493843,0.332223,0.0889267,-0.354402
363.856,342,0.52164,0.319369,0.0962669,-0.401053
364.722,341.5,0.535228,0.297729,0.104406,-0.432348
365.588,341,0.564423,0.296245,0.104699,-0.468882
366.454,340.5,0.610664,0.317034,0.109514,-0.510301
367.321,340,0.653717,0.351275,0.108182,-0.540601
368.187,339.5,0.683664,0.369522,0.100925,-0.566273
369.053,339,0.714329,0.375759,0.0810994,-0.602075
369.919,338.5,0.756098,0.380848,0.063075,-0.650123
370.785,338,0.797198,0.389231,0.0555956,-0.693494
371.651,337.5,0.819361,0.422304,0.0738842,-0.69825
372.517,337,0.845292,0.468738,0.0892725,-0.697735
373.383,336.5,0.875013,0.513474,0.0949847,-0.702118
374.249,336,0.905798,0.571683,0.109863,-0.693959
375.115,335.5,0.948955,0.640311,0.129007,-0.688386
375.981,335,1.00474,0.719103,0.152302,-0.684977
376.847,334.5,0.947352,0.729184,0.134122,-0.589728
377.713,334,0.901983,0.735808,0.10532,-0.510947
378.579,333.5,0.869229,0.740718,0.0672111,-0.449865
379.445,333,0.828036,0.730608,0.0164084,-0.389342
380.311,332.5,0.791299,0.717253,-0.0351031,-0.332369
381.177,332,0.774351,0.715138,-0.0768892,-0.286855
382.043,331.5,0.778316,0.72837,-0.0909483,-0.258809
382.909,331,0.786376,0.743958,-0.0961842,-0.235929
383.775,330.5,0.798188,0.762053,-0.0989534,-0.21584
384.641,330,0.810217,0.780254,-0.0944158,-0.19683
385.507,329.5,0.818097,0.793833,-0.0775043,-0.181951
386.373,329,0.843363,0.822746,-0.0623075,-0.174549
387.239,328.5,0.862778,0.844399,-0.0523711,-0.169216
388.105,328,0.863083,0.847209,-0.0404896,-0.159716
388.971,327.5,0.857943,0.844049,-0.0246311,-0.151792
389.837,327,0.849296,0.83755,-0.00651878,-0.140609
390.703,326.5,0.854812,0.847243,0.00282509,-0.113473
391.569,326,0.859615,0.854526,0.0134132,-0.0924316
392.435,325.5,0.85573,0.851588,0.0280701,-0.0792705
393.301,325,0.861636,0.855808,0.0288506,-0.0957968
394.167,324.5,0.864656,0.857646,0.025029,-0.106986
395.033,324,0.864188,0.856599,0.0167903,-0.113037
395.899,323.5,0.866122,0.854443,0.00862556,-0.141496
396.765,323,0.88318,0.870392,0.00370922,-0.149703
397.631,322.5,0.890308,0.87384,-0.0117408,-0.170044
398.497,322,0.913489,0.894073,-0.0303572,-0.184863
399.363,321.5,0.943079,0.921906,-0.0375199,-0.195138
400.229,321,0.962881,0.94123,-0.0487798,-0.197093
401.095,320.5,0.975775,0.953641,-0.0716868,-0.193822
401.962,320,0.983027,0.957099,-0.08656,-0.206906
402.828,319.5,0.966955,0.939735,-0.0798839,-0.21335
403.694,319,0.942421,0.914716,-0.056943,-0.219564
404.56,318.5,0.935314,0.906739,-0.0386167,-0.226152
405.426,318,0.934279,0.902552,-0.0233473,-0.240276
406.292,317.5,0.948534,0.916243,-0.00834424,-0.245248
407.158,317,0.941244,0.907109,0.00728362,-0.251081
408.024,316.5,0.926014,0.892964,0.0148689,-0.244736
408.89,316,0.937904,0.904159,0.00407866,-0.249288
409.756,315.5,0.946796,0.910541,-0.00555986,-0.259433
410.622,315,0.946433,0.906361,-0.00940121,-0.272316
411.488,314.5,0.967865,0.92931,-0.0232492,-0.269453
412.354,314,0.989339,0.952848,-0.0379378,-0.263501
413.22,313.5,0.965952,0.921701,-0.018754,-0.288406
414.086,313,0.994304,0.946667,-0.0168032,-0.303609
414.952,312.5,1.00855,0.953624,-0.0256358,-0.327277
415.818,312,1.02489,0.96158,-0.0427038,-0.352063
416.684,311.5,1.04468,0.973128,-0.0643685,-0.374476
417.55,311,1.07532,0.99215,-0.0785658,-0.407165
418.416,310.5,1.11873,1.01909,-0.0891086,-0.452839
419.282,310,1.15841,1.04008,-0.0930813,-0.501479
420.148,309.5,1.17986,1.04393,-0.0837055,-0.543382
421.014,309,1.19218,1.03894,-0.0643181,-0.581158
421.88,308.5,1.21776,1.04403,-0.0462365,-0.625139
422.746,308,1.25115,1.05784,-0.0271038,-0.667554
423.612,307.5,1.27064,1.06388,0.00364869,-0.694743
424.478,307,1.29146,1.06533,0.0459089,-0.728583
425.344,306.5,1.31401,1.06247,0.088676,-0.76807
426.21,306,1.30818,1.02435,0.128448,-0.803447
427.076,305.5,1.29455,0.97532,0.168516,-0.83439
427.942,305,1.2738,0.915385,0.208898,-0.860809
428.808,304.5,1.26092,0.875266,0.239659,-0.875442
429.674,304,1.24816,0.845807,0.260228,-0.880224
430.54,303.5,1.22973,0.819961,0.272848,-0.874906
431.406,303,1.14772,0.790499,0.260847,-0.79014
432.272,302.5,1.0536,0.758323,0.241204,-0.690535
433.138,302,0.963149,0.727916,0.219294,-0.591357
434.004,301.5,0.90297,0.720022,0.208302,-0.50352
434.87,301,0.907115,0.759587,0.211838,-0.44834
435.737,300.5,0.892595,0.782595,0.211428,-0.373592
436.603,300,0.863455,0.789421,0.207286,-0.281782
437.469,299.5,0.86737,0.815742,0.188472,-0.226657
438.335,299,0.882865,0.846211,0.164103,-0.190912
439.201,298.5,0.896434,0.859045,0.142673,-0.212792
440.067,298,0.889198,0.839335,0.130706,-0.262879
440.933,297.5,0.874309,0.801577,0.122962,-0.326758
441.799,297,0.843791,0.742245,0.097477,-0.3893
442.665,296.5,0.824481,0.700977,0.0695505,-0.428444
443.531,296,0.821258,0.687561,0.0454258,-0.446834
444.397,295.5,0.819045,0.697403,0.0295927,-0.428473
445.263,295,0.839226,0.736655,0.0103979,-0.401911
446.129,294.5,0.873007,0.804667,-0.0145672,-0.338291
446.995,294,0.898227,0.869769,-0.0341641,-0.221689
447.861,293.5,0.929263,0.92017,-0.0465956,-0.12102
448.727,293,0.947284,0.940215,-0.0671628,-0.0939789
449.593,292.5,0.842884,0.83834,-0.0645861,-0.0588823
450.459,292,0.870456,0.865665,-0.087844,-0.0245279
451.325,291.5,0.908183,0.900083,-0.121007,0.00200818
452.191,291,0.958296,0.944886,-0.159061,0.0148676
453.057,290.5,0.976191,0.959147,-0.179481,-0.0277948
453.923,290,1.08799,1.05506,-0.235242,-0.123409
454.789,289.5,1.12769,1.08347,-0.247406,-0.191241
455.655,289,1.14216,1.08509,-0.25384,-0.25035
456.521,288.5,1.17194,1.1055,-0.253081,-0.295415
457.387,288,1.2078,1.1355,-0.251222,-0.326043
458.253,287.5,1.25609,1.1915,-0.204276,-0.34112
459.119,287,1.27937,1.23161,-0.100413,-0.331422
459.985,286.5,1.27163,1.23434,0.0500129,-0.30156
460.851,286,1.1019,1.03404,0.151281,-0.349365
461.717,285.5,0.864165,0.729074,0.18191,-0.426781
462.583,285,0.653822,0.389641,0.164159,-0.498714
463.449,284.5,0.558094,0.167227,0.226752,-0.481754
464.315,284,0.513563,0.029974,0.271353,-0.43499
465.181,283.5,0.408146,0.0675377,0.216954,-0.339047
466.047,283,0.33103,0.0234259,0.185411,-0.27323
466.913,282.5,0.262241,0.0379838,0.168146,-0.197622
467.779,282,0.203542,0.0640658,0.146425,-0.126034
468.645,281.5,0.161201,0.0952031,0.117571,-0.0556701
469.512,281,0.165365,0.136276,0.0928077,0.0126936
470.378,280.5,0.209147,0.179194,0.0740464,0.078416
471.244,280,0.276271,0.238427,0.0497852,0.130382
472.11,279.5,0.35171,0.308217,0.0311068,0.166538
472.976,279,0.417541,0.366396,0.0238601,0.19881
473.842,278.5,0.477477,0.415165,0.022568,0.234761
474.708,278,0.523893,0.450694,0.0255707,0.265865
475.574,277.5,0.547569,0.469633,0.0285071,0.280113
476.44,277,0.556593,0.480173,0.0397431,0.278657
477.306,276.5,0.559133,0.481772,0.0502727,0.279281
478.172,276,0.558299,0.482987,0.0471248,0.276045
479.038,275.5,0.553004,0.477931,0.0407358,0.275202
