x,v,vx,vy,vz
220.096,425,0.579429,0.579383,0.0036375,-0.00639561
220.962,424.5,0.578142,0.57811,0.00295279,-0.00534669
221.828,424,0.577042,0.577021,0.00230925,-0.00430488
222.694,423.5,0.576128,0.576116,0.00170635,-0.0032735
223.56,423,0.575395,0.57539,0.00128497,-0.00219783
224.426,422.5,0.574826,0.574824,0.000978684,-0.00109174
225.292,422,0.575155,0.575153,0.00159699,0.000131866
226.158,421.5,0.575599,0.575593,0.00231982,0.00134684
227.024,421,0.576045,0.576032,0.00302249,0.00256313
227.89,420.5,0.576462,0.576438,0.00368197,0.0037842
228.756,420,0.576974,0.576936,0.00430532,0.00496976
229.622,419.5,0.577696,0.577643,0.00453342,0.00636962
230.488,419,0.578607,0.578534,0.00440068,0.00810037
231.355,418.5,0.579659,0.579559,0.00431871,0.0098525
232.221,418,0.58089,0.580759,0.00423604,0.0116169
233.087,417.5,0.582142,0.581972,0.00420342,0.0134339
233.953,417,0.583457,0.583242,0.00417785,0.0152757
234.819,416.5,0.584589,0.584346,0.00352986,0.0164918
235.685,416,0.585602,0.58533,0.00284636,0.0176272
236.551,415.5,0.586505,0.586204,0.00213537,0.0186804
237.417,415,0.587379,0.587058,0.00142536,0.0193729
238.283,414.5,0.58801,0.58767,0.000687399,0.0199927
239.149,414,0.588127,0.587773,0.000185138,0.0204051
240.015,413.5,0.588157,0.587801,-0.000214425,0.02047
240.881,413,0.588186,0.587826,-0.000661429,0.0205498
241.747,412.5,0.588173,0.587808,-0.00113949,0.0206741
242.613,412,0.588326,0.587957,-0.00161652,0.0207779
243.479,411.5,0.58854,0.588166,-0.00211359,0.0208679
244.345,411,0.588724,0.588345,-0.00255092,0.0209558
245.211,410.5,0.58899,0.588609,-0.00292356,0.0209926
246.077,410,0.58931,0.588927,-0.00324579,0.0209859
246.943,409.5,0.589608,0.589225,-0.00358402,0.0209443
247.809,409,0.589952,0.58957,-0.00388367,0.0208762
248.675,408.5,0.590098,0.589713,-0.00415,0.0209097
249.541,408,0.590009,0.589618,-0.00447182,0.0210098
250.407,407.5,0.589938,0.589541,-0.00478685,0.0210902
251.273,407,0.589992,0.589592,-0.00499121,0.021141
252.139,406.5,0.59002,0.589616,-0.00520164,0.0211877
253.005,406,0.590062,0.589656,-0.00541707,0.0211971
253.871,405.5,0.590492,0.590094,-0.00559062,0.0209531
254.737,405,0.590975,0.590582,-0.00574816,0.0207705
255.603,404.5,0.591512,0.591122,-0.0058897,0.0206496
256.469,404,0.592328,0.591945,-0.0059006,0.0204822
257.335,403.5,0.593227,0.592846,-0.00591634,0.0204023
258.201,403,0.59447,0.594083,-0.00603201,0.0205892
259.067,402.5,0.596115,0.595716,-0.00609683,0.0209393
259.933,402,0.597877,0.597464,-0.00611924,0.0213848
260.799,401.5,0.599716,0.599283,-0.00612689,0.0219395
261.665,401,0.601541,0.601092,-0.00610272,0.022423
262.531,400.5,0.603333,0.60287,-0.00603305,0.0228537
263.397,400,0.605033,0.604556,-0.00588871,0.0232776
264.263,399.5,0.606568,0.606081,-0.00575517,0.0236068
265.13,399,0.607885,0.607393,-0.00561811,0.0237901
265.996,398.5,0.609137,0.608638,-0.00548543,0.0240261
266.862,398,0.610149,0.609646,-0.00542148,0.0241525
267.728,397.5,0.609888,0.609401,-0.00525778,0.0238108
268.594,397,0.609058,0.60859,-0.00501209,0.0233422
269.46,396.5,0.607821,0.607378,-0.00480127,0.0226806
270.326,396,0.605432,0.605039,-0.00464589,0.0213155
271.192,395.5,0.602681,0.60234,-0.00454945,0.0197528
272.058,395,0.599348,0.599067,-0.00441103,0.0178281
272.924,394.5,0.593762,0.593581,-0.00348209,0.0142257
273.79,394,0.587663,0.58757,-0.0025337,0.0101503
274.656,393.5,0.581077,0.581048,-0.00157288,0.00561364
275.522,393,0.572674,0.572674,-0.000359956,-0.00026293
276.388,392.5,0.563665,0.563624,0.000806095,-0.00677797
277.254,392,0.554673,0.554496,0.00155373,-0.0139291
278.12,391.5,0.545658,0.545204,0.00195668,-0.0221642
278.986,391,0.536829,0.535935,0.00215359,-0.0308881
279.852,390.5,0.528292,0.52679,0.00222206,-0.0397369
280.718,390,0.521165,0.518931,0.00253497,-0.0481436
281.584,389.5,0.516112,0.513079,0.00295359,-0.0557898
282.45,389,0.512313,0.508434,0.00302212,-0.0628541
283.316,388.5,0.50937,0.504709,0.0029064,-0.068691
284.182,388,0.507439,0.502183,0.00265159,-0.0728025
285.048,387.5,0.506295,0.500425,0.00221079,-0.0768442
285.914,387,0.505919,0.499471,0.00171012,-0.0804983
286.78,386.5,0.507336,0.500582,0.00185724,-0.0824818
287.646,386,0.50944,0.502337,0.00202225,-0.0847488
288.512,385.5,0.511897,0.504378,0.00216331,-0.0873904
289.378,385,0.51306,0.505168,0.00227925,-0.0896131
290.244,384.5,0.514881,0.506561,0.00227869,-0.0921597
291.11,384,0.517757,0.508946,0.00221493,-0.0950888
291.976,383.5,0.520927,0.511821,0.000686073,-0.0969722
292.842,383,0.524277,0.514905,-0.000886177,-0.0986829
293.708,382.5,0.527929,0.518289,-0.00229248,-0.100401
294.574,382,0.532174,0.522536,-0.00293952,-0.10078
295.44,381.5,0.53634,0.526866,-0.00290203,-0.10032
296.306,381,0.544746,0.535402,-0.00351227,-0.100401
297.172,380.5,0.553514,0.543677,-0.00504691,-0.103767
298.038,380,0.561002,0.550087,-0.00747416,-0.109869
298.905,379.5,0.567714,0.555487,-0.0100336,-0.116755
299.771,379,0.574229,0.56048,-0.0118981,-0.12434
300.637,378.5,0.584001,0.569002,-0.012431,-0.130918
301.503,378,0.597738,0.583013,-0.0150391,-0.131
302.369,377.5,0.615218,0.601746,-0.0213615,-0.126246
303.235,377,0.643244,0.630344,-0.032409,-0.124014
304.101,376.5,0.675982,0.663132,-0.0433956,-0.123796
304.967,376,0.712584,0.699492,-0.0538375,-0.124858
305.833,375.5,0.732195,0.721453,-0.0491502,-0.114886
306.699,375,0.750123,0.741221,-0.041634,-0.107441
307.565,374.5,0.766874,0.759282,-0.0317522,-0.102847
308.431,374,0.777806,0.771314,-0.0164967,-0.0989182
309.297,373.5,0.787495,0.78154,-0.0007584,-0.0966586
310.163,373,0.794359,0.788538,0.0106369,-0.0953945
311.029,372.5,0.796567,0.791452,0.0115606,-0.0893822
311.895,372,0.798948,0.794574,0.0112448,-0.0827277
312.761,371.5,0.802585,0.798813,0.0112881,-0.0769001
313.627,371,0.806048,0.802622,0.0107607,-0.0734478
314.493,370.5,0.808345,0.805161,0.00921062,-0.0710756
315.359,370,0.800347,0.797255,0.00689228,-0.0699408
316.225,369.5,0.791611,0.788388,0.0068471,-0.0710342
317.091,369,0.782102,0.778527,0.0090418,-0.0741379
317.957,368.5,0.772664,0.768607,0.0107992,-0.0783344
318.823,368,0.763122,0.758559,0.0123797,-0.0823997
319.689,367.5,0.747566,0.743061,0.0116578,-0.081112
320.555,367,0.729362,0.72539,0.00835532,-0.0755542
321.421,366.5,0.714661,0.711552,0.00440496,-0.0664461
322.287,366,0.706481,0.704657,-0.000442561,-0.0507351
323.153,365.5,0.699724,0.698874,-0.00549274,-0.0340408
324.019,365,0.693979,0.693698,-0.0103179,-0.0168242
324.885,364.5,0.683391,0.683339,-0.00831528,-0.0013881
325.751,364,0.672294,0.672094,-0.00777088,0.0144386
326.617,363.5,0.660727,0.659959,-0.00869734,0.0306412
327.483,363,0.646445,0.644833,-0.0118471,0.0440534
328.349,362.5,0.629684,0.62683,-0.0164205,0.0575863
329.215,362,0.613753,0.609578,-0.0128392,0.0703056
330.081,361.5,0.58841,0.584921,-0.00032584,0.0639813
330.947,361,0.552209,0.549864,0.0197144,0.0468568
331.813,360.5,0.509306,0.506286,0.0486001,0.0265539
332.679,360,0.461819,0.456679,0.0687094,-0.000160962
333.546,359.5,0.417406,0.41114,0.0662031,-0.0284392
334.412,359,0.406819,0.40162,0.0417754,-0.0495744
335.278,358.5,0.415417,0.410919,0.0209634,-0.0572538
336.144,358,0.450372,0.447536,0.000325742,-0.0504637
337.01,357.5,0.484288,0.482181,-0.0236749,-0.0384214
337.876,357,0.520269,0.517962,-0.0465912,-0.0150007
338.742,356.5,0.602898,0.601048,-0.0384785,0.0273252
339.608,356,0.701212,0.698147,-0.0235527,0.0611049
340.474,355.5,0.794576,0.789838,-0.00919544,0.0861563
341.34,355,0.835124,0.834022,-0.00517612,0.042572
342.206,354.5,0.857444,0.857387,-0.00290793,0.00948676
343.072,354,0.856011,0.855901,-0.00243557,-0.0134631
343.938,353.5,0.94609,0.944825,0.0123507,-0.0473188
344.804,353,1.04141,1.03696,0.0346406,-0.0897613
345.67,352.5,1.12849,1.11807,0.0631024,-0.139417
346.536,352,1.13455,1.11847,0.111332,-0.154398
347.402,351.5,1.10485,1.08187,0.180227,-0.133328
348.268,351,1.05022,1.00832,0.271825,-0.111177
349.134,350.5,0.961943,0.883304,0.370654,-0.087894
350,350,0.803143,0.686558,0.416569,-0.0121562
350.866,349.5,0.609819,0.468896,0.383712,0.0691406
351.732,349,0.42746,0.309547,0.256946,0.144505
352.598,348.5,0.346181,0.246085,0.156976,0.186123
353.464,348,0.334387,0.23406,0.0905459,0.220979
354.33,347.5,0.393981,0.288269,0.051811,0.263511
355.196,347,0.417694,0.310058,0.0156705,0.27944
356.062,346.5,0.438266,0.339599,0.00855431,0.276904
356.928,346,0.452562,0.363422,0.0198064,0.26897
357.794,345.5,0.517739,0.438106,0.00806347,0.275774
358.66,345,0.599554,0.52741,-0.000348999,0.285137
359.526,344.5,0.691997,0.624732,0.00282969,0.297593
360.392,344,0.704954,0.656474,-0.00210075,0.256901
361.258,343.5,0.67475,0.654167,-0.0312031,0.162416
362.124,343,0.702155,0.688297,-0.0190997,0.137491
362.99,342.5,0.723438,0.714476,-0.00430169,0.113438
363.856,342,0.735643,0.73016,0.0112986,0.0889369
364.722,341.5,0.719681,0.717008,0.0116989,0.0608643
365.588,341,0.700467,0.699523,0.00705439,0.0356693
366.454,340.5,0.68768,0.687536,0.00351512,0.0136037
367.321,340,0.68107,0.681048,0.00108108,-0.00533227
368.187,339.5,0.680387,0.680059,-0.000247726,-0.0211388
369.053,339,0.688731,0.687807,-0.0145541,-0.0325525
369.919,338.5,0.73692,0.735226,-0.00706462,-0.0494259
370.785,338,0.78695,0.784626,0.00372793,-0.0603178
371.651,337.5,0.823016,0.820886,0.00909069,-0.0584741
372.517,337,0.838453,0.837252,0.0132096,-0.0428706
373.383,336.5,0.851113,0.850341,0.0148846,-0.033053
374.249,336,0.88407,0.882881,0.0222841,-0.0400539
375.115,335.5,0.924787,0.922096,0.031008,-0.0633102
375.981,335,0.973786,0.967496,0.0409934,-0.10262
376.847,334.5,0.912909,0.906833,0.0337787,-0.0995825
377.713,334,0.892644,0.883523,0.0217492,-0.125406
378.579,333.5,0.876817,0.870511,-0.00600742,-0.104798
379.445,333,0.911928,0.904081,-0.026239,-0.116453
380.311,332.5,0.943291,0.934082,-0.0478767,-0.122457
381.177,332,0.952926,0.941772,-0.0558454,-0.134221
382.043,331.5,0.951672,0.933879,-0.0406171,-0.178603
382.909,331,0.950621,0.922568,-0.0275589,-0.227572
383.775,330.5,0.947827,0.906855,-0.0185448,-0.27504
384.641,330,0.932096,0.879363,-0.0092009,-0.308933
385.507,329.5,0.897404,0.837537,0.00421325,-0.322254
386.373,329,0.84208,0.778849,-0.00513344,-0.320103
387.239,328.5,0.819154,0.753172,-0.0162884,-0.321682
388.105,328,0.803005,0.741219,-0.0367179,-0.306699
388.971,327.5,0.858755,0.7847,-0.0735515,-0.341023
389.837,327,0.869172,0.792879,-0.0801982,-0.346946
390.703,326.5,0.880383,0.803069,-0.0873406,-0.350037
391.569,326,0.878316,0.802544,-0.0872223,-0.346055
392.435,325.5,0.868343,0.794597,-0.0823883,-0.340364
393.301,325,0.862287,0.790355,-0.0771402,-0.336046
394.167,324.5,0.808535,0.756725,-0.0826479,-0.272517
395.033,324,0.877875,0.817571,-0.087505,-0.307547
395.899,323.5,0.889328,0.825108,-0.0710836,-0.324113
396.765,323,0.898011,0.829287,-0.0558511,-0.339983
397.631,322.5,0.909854,0.835471,-0.0439696,-0.357615
398.497,322,0.915034,0.838812,-0.0400689,-0.363422
399.363,321.5,0.91469,0.837539,-0.0369306,-0.365816
400.229,321,0.912661,0.835356,-0.0323284,-0.366179
401.095,320.5,0.915327,0.836986,-0.0264906,-0.369563
401.962,320,0.921214,0.841358,-0.0188283,-0.374697
402.828,319.5,0.928765,0.848407,-0.00972011,-0.377775
403.694,319,0.933986,0.854539,-0.00229864,-0.376944
404.56,318.5,0.936697,0.859112,0.00189815,-0.373262
405.426,318,0.937934,0.866516,0.000543528,-0.358982
406.292,317.5,0.937153,0.873376,-0.00150256,-0.339808
407.158,317,0.929507,0.875879,9.04451e-05,-0.311159
408.024,316.5,0.923362,0.878323,0.00472085,-0.284823
408.89,316,0.915971,0.878108,0.0123787,-0.260338
409.756,315.5,0.896886,0.863114,0.0345646,-0.241341
410.622,315,0.882766,0.852674,0.0576645,-0.22113
411.488,314.5,0.868359,0.843043,0.0734951,-0.194741
412.354,314,0.883935,0.863156,0.0854215,-0.170316
413.22,313.5,0.903974,0.885673,0.0967288,-0.152958
414.086,313,0.922,0.905081,0.104261,-0.141572
414.952,312.5,0.848039,0.836492,0.0796194,-0.114503
415.818,312,0.799633,0.793397,0.0393201,-0.0915914
416.684,311.5,0.756399,0.749953,0.0323411,-0.0930867
417.55,311,0.770829,0.764826,0.0173294,-0.0944374
418.416,310.5,0.79736,0.793046,0.00153527,-0.0828121
419.282,310,0.800662,0.798647,-0.0154976,-0.054602
420.148,309.5,0.794735,0.793117,-0.0195501,-0.0467662
421.014,309,0.789903,0.787532,-0.0128656,-0.0597801
421.88,308.5,0.79277,0.788643,-0.00711913,-0.0804701
422.746,308,0.802765,0.795937,-0.000985723,-0.10447
423.612,307.5,0.808611,0.800607,0.00862244,-0.113162
424.478,307,0.800096,0.793009,0.0170925,-0.104873
425.344,306.5,0.796969,0.78983,0.0202956,-0.104479
426.21,306,0.765338,0.757347,0.0303718,-0.106048
427.076,305.5,0.729107,0.719431,0.0404398,-0.111263
427.942,305,0.689329,0.676858,0.0503743,-0.120418
428.808,304.5,0.722658,0.705305,0.0576198,-0.146489
429.674,304,0.76652,0.744559,0.0695012,-0.168389
430.54,303.5,0.815152,0.788852,0.0846197,-0.187147
431.406,303,0.803515,0.783117,0.0781318,-0.162049
432.272,302.5,0.860001,0.841796,0.0486121,-0.169167
433.138,302,0.891531,0.873259,0.0448063,-0.17389
434.004,301.5,0.920685,0.902121,0.0411968,-0.179279
434.87,301,0.946905,0.927857,0.0373561,-0.185241
435.737,300.5,0.883934,0.871074,0.0522367,-0.14086
436.603,300,0.931266,0.918468,0.0515046,-0.144984
437.469,299.5,0.965062,0.951705,0.055845,-0.149947
438.335,299,0.98881,0.977043,0.0428596,-0.145931
439.201,298.5,1.02429,1.01232,0.0282832,-0.153553
440.067,298,1.06974,1.05581,0.017601,-0.17116
440.933,297.5,1.10577,1.0919,0.00532409,-0.174546
441.799,297,1.13468,1.12352,-0.00969669,-0.158455
442.665,296.5,1.16429,1.15627,-0.0178164,-0.135226
443.531,296,1.18241,1.17474,-0.00948547,-0.134147
444.397,295.5,1.19295,1.18508,0.00336719,-0.13675
445.263,295,1.17994,1.16985,0.0170663,-0.152996
446.129,294.5,1.17324,1.16046,0.0239939,-0.171021
446.995,294,1.17277,1.15689,0.0241498,-0.190825
447.861,293.5,1.11347,1.09564,0.0272593,-0.196567
448.727,293,1.06379,1.04412,0.0282915,-0.201616
449.593,292.5,1.03179,1.01032,0.0260401,-0.207778
450.459,292,1.0269,1.00465,0.0248927,-0.211152
451.325,291.5,1.02833,1.00588,0.0206902,-0.212708
452.191,291,1.01199,0.991152,0.0120946,-0.203951
453.057,290.5,0.967222,0.949288,0.0100361,-0.185121
453.923,290,0.920435,0.904347,0.0113686,-0.17096
454.789,289.5,0.934685,0.914225,0.0177007,-0.19369
455.655,289,0.933533,0.911267,0.0136531,-0.202212
456.521,288.5,0.935085,0.910303,0.00882127,-0.213672
457.387,288,0.92435,0.896216,0.00584123,-0.226242
458.253,287.5,0.917844,0.885398,0.000267456,-0.241883
459.119,287,0.921112,0.884017,-0.0085866,-0.258626
459.985,286.5,0.918081,0.887772,-0.0514456,-0.228227
460.851,286,0.973353,0.94199,-0.0816539,-0.231092
461.717,285.5,0.99277,0.956206,-0.0761174,-0.255869
462.583,285,1.0265,0.981229,-0.0612347,-0.295208
463.449,284.5,1.06115,1.00536,-0.0461971,-0.336391
464.315,284,1.08976,1.02392,-0.049729,-0.369713
465.181,283.5,1.1208,1.04372,-0.066867,-0.402946
466.047,283,1.15467,1.06459,-0.097232,-0.436406
466.913,282.5,1.14366,1.04885,-0.092437,-0.446455
467.779,282,1.13461,1.03578,-0.0761338,-0.456825
468.645,281.5,1.13513,1.02975,-0.0580238,-0.474112
469.512,281,1.13412,1.02153,-0.0447951,-0.490617
470.378,280.5,1.13396,1.01596,-0.0320881,-0.502647
471.244,280,1.14053,1.01985,-0.0109072,-0.510474
472.11,279.5,1.15852,1.02937,0.000899408,-0.531564
472.976,279,1.18283,1.04056,-0.00499844,-0.56241
473.842,278.5,1.20915,1.05551,-0.0155699,-0.589646
474.708,278,1.24451,1.07891,-0.0304775,-0.619547
475.574,277.5,1.29628,1.11473,-0.0495491,-0.659756
476.44,277,1.33242,1.13595,-0.0513773,-0.694507
477.306,276.5,1.36322,1.15454,-0.0433852,-0.723554
478.172,276,1.48703,1.27554,-0.0334178,-0.763632
479.038,275.5,1.48964,1.27662,-0.00462007,-0.767613
