x,v,vx,vy,vz
220.096,425,0.638812,0.638718,0.00662529,0.00872482
220.962,424.5,0.63771,0.637614,0.00673639,0.00879055
221.828,424,0.636589,0.636491,0.00685042,0.00882636
222.694,423.5,0.635455,0.635356,0.00696844,0.00883193
223.56,423,0.634099,0.633998,0.00709219,0.0088327
224.426,422.5,0.63268,0.632578,0.00721973,0.00880469
225.292,422,0.631333,0.631229,0.00733612,0.00876177
226.158,421.5,0.629769,0.629665,0.00737731,0.0087423
227.024,421,0.628076,0.627972,0.0073763,0.00873072
227.89,420.5,0.626356,0.626252,0.00737049,0.00870731
228.756,420,0.624538,0.624436,0.00722554,0.00872364
229.622,419.5,0.622533,0.622433,0.00696335,0.00875088
230.488,419,0.620382,0.620284,0.0067085,0.00873955
231.355,418.5,0.618167,0.618071,0.00644171,0.00876529
232.221,418,0.615874,0.61578,0.00615816,0.0088619
233.087,417.5,0.613554,0.61346,0.00587406,0.00896667
233.953,417,0.611179,0.611086,0.00560866,0.00910132
234.819,416.5,0.608727,0.60863,0.00546252,0.00939196
235.685,416,0.606278,0.606177,0.00535769,0.00968809
236.551,415.5,0.603828,0.603722,0.00530131,0.00999102
237.417,415,0.601224,0.601109,0.00552435,0.0103664
238.283,414.5,0.598628,0.598504,0.00580766,0.0107464
239.149,414,0.596106,0.59597,0.00605698,0.0111676
240.015,413.5,0.593568,0.593418,0.00648079,0.011667
240.881,413,0.59107,0.590904,0.00695237,0.012158
241.747,412.5,0.588629,0.588446,0.00743657,0.0126338
242.613,412,0.586115,0.585912,0.0082524,0.0130714
243.479,411.5,0.583602,0.583374,0.00921116,0.0134728
244.345,411,0.580896,0.580639,0.0102509,0.0139422
245.211,410.5,0.578022,0.577734,0.0112967,0.0143449
246.077,410,0.575021,0.574702,0.0123136,0.0146662
246.943,409.5,0.57202,0.57167,0.0132924,0.0149313
247.809,409,0.569032,0.56865,0.0143529,0.0150904
248.675,408.5,0.565956,0.565539,0.0155669,0.015131
249.541,408,0.562831,0.56238,0.0167624,0.015083
250.407,407.5,0.559656,0.559168,0.0180404,0.0148641
251.273,407,0.556244,0.555712,0.0196297,0.0143504
252.139,406.5,0.552902,0.552325,0.0212227,0.0136677
253.005,406,0.549585,0.548962,0.0227955,0.012821
253.871,405.5,0.545911,0.545251,0.0240964,0.0118087
254.737,405,0.542315,0.541615,0.0253821,0.0106619
255.603,404.5,0.538796,0.538054,0.0266527,0.00938061
256.469,404,0.535258,0.534529,0.0269112,0.00747182
257.335,403.5,0.531769,0.531048,0.0271439,0.00536898
258.201,403,0.528501,0.527786,0.02729,0.00320223
259.067,402.5,0.52586,0.525193,0.026453,0.000738315
259.933,402,0.523414,0.522799,0.0252981,-0.00183036
260.799,401.5,0.521019,0.520443,0.0240843,-0.00442204
261.665,401,0.519107,0.518587,0.0221369,-0.00697738
262.531,400.5,0.517525,0.517062,0.0197222,-0.00950476
263.397,400,0.515719,0.515282,0.0174287,-0.0121265
264.263,399.5,0.514691,0.51427,0.0149981,-0.0144296
265.13,399,0.514576,0.514168,0.0123632,-0.0163323
265.996,398.5,0.514467,0.514052,0.00982559,-0.018153
266.862,398,0.514585,0.514163,0.00715717,-0.0195647
267.728,397.5,0.515686,0.515281,0.0036345,-0.0201208
268.594,397,0.517145,0.516733,1.86341e-05,-0.0206315
269.46,396.5,0.51906,0.518627,-0.00342999,-0.0209306
270.326,396,0.522779,0.52235,-0.00616742,-0.0202503
271.192,395.5,0.526561,0.526118,-0.00886985,-0.0196848
272.058,395,0.530282,0.529811,-0.0114862,-0.0191508
272.924,394.5,0.532252,0.53178,-0.0136235,-0.0177946
273.79,394,0.534137,0.533642,-0.015974,-0.0165576
274.656,393.5,0.535959,0.535416,-0.0185443,-0.0154495
275.522,393,0.538431,0.537839,-0.0201726,-0.0151522
276.388,392.5,0.540592,0.53994,-0.0217838,-0.0151421
277.254,392,0.543917,0.543186,-0.0233643,-0.0157564
278.12,391.5,0.54643,0.54564,-0.0249306,-0.0155238
278.986,391,0.548386,0.547538,-0.0266775,-0.0147555
279.852,390.5,0.550448,0.549523,-0.0286672,-0.0139579
280.718,390,0.553595,0.552599,-0.0300875,-0.0139888
281.584,389.5,0.55759,0.556547,-0.0308848,-0.0144214
282.45,389,0.560574,0.559481,-0.0318092,-0.0145479
283.316,388.5,0.562262,0.561132,-0.0328072,-0.013897
284.182,388,0.562435,0.561324,-0.0332129,-0.0120621
285.048,387.5,0.562567,0.561505,-0.0328531,-0.0106879
285.914,387,0.562634,0.561652,-0.031607,-0.0102487
286.78,386.5,0.566346,0.565351,-0.0313921,-0.011848
287.646,386,0.571684,0.570676,-0.0314497,-0.0127436
288.512,385.5,0.577865,0.576858,-0.0315806,-0.0128694
289.378,385,0.582511,0.581231,-0.036578,-0.0122814
290.244,384.5,0.585746,0.584047,-0.0430605,-0.011542
291.11,384,0.586382,0.584238,-0.0484601,-0.0127056
291.976,383.5,0.590018,0.588152,-0.0428739,-0.0189987
292.842,383,0.596708,0.594961,-0.0397147,-0.0224586
293.708,382.5,0.605783,0.60403,-0.0400343,-0.0227605
294.574,382,0.611483,0.609404,-0.0493291,-0.0102777
295.44,381.5,0.617654,0.61471,-0.0584566,0.0145418
296.306,381,0.633005,0.629,-0.0605024,0.0373381
297.172,380.5,0.660997,0.65754,-0.0521197,0.0429075
298.038,380,0.690643,0.688254,-0.0413778,0.0397777
298.905,379.5,0.710268,0.7084,-0.03367,0.0389434
299.771,379,0.718047,0.716126,-0.0321011,0.0415307
300.637,378.5,0.722428,0.720155,-0.0361372,0.0444145
301.503,378,0.728685,0.726326,-0.0375555,0.0449525
302.369,377.5,0.735968,0.733656,-0.0378518,0.0443347
303.235,377,0.746818,0.74422,-0.0444147,0.0435982
304.101,376.5,0.758208,0.75499,-0.0528633,0.0455619
304.967,376,0.770558,0.766455,-0.0611133,0.0507055
305.833,375.5,0.779877,0.775938,-0.0468099,0.0627469
306.699,375,0.785648,0.781241,-0.0354958,0.0751333
307.565,374.5,0.787994,0.782606,-0.0274408,0.0878077
308.431,374,0.78694,0.780808,-0.0228584,0.0953436
309.297,373.5,0.789201,0.782301,-0.0196571,0.102261
310.163,373,0.798944,0.790999,-0.0184972,0.110861
311.029,372.5,0.81585,0.806514,-0.0195228,0.121512
311.895,372,0.833484,0.822703,-0.0212231,0.131927
312.761,371.5,0.85143,0.839127,-0.0233695,0.142311
313.627,371,0.868332,0.854903,-0.0274881,0.149622
314.493,370.5,0.884254,0.870035,-0.0331705,0.154414
315.359,370,0.890931,0.876766,-0.0385894,0.153463
316.225,369.5,0.893578,0.880302,-0.0449604,0.146725
317.091,369,0.890862,0.878929,-0.0509375,0.136108
317.957,368.5,0.884732,0.874291,-0.0572201,0.122848
318.823,368,0.874889,0.866261,-0.0629579,0.105162
319.689,367.5,0.861439,0.855404,-0.0664227,0.0771314
320.555,367,0.848069,0.844227,-0.0673259,0.0443736
321.421,366.5,0.835553,0.832937,-0.0650817,0.0113821
322.287,366,0.823801,0.821534,-0.0594323,-0.0141015
323.153,365.5,0.812156,0.809645,-0.0526992,-0.0359911
324.019,365,0.799935,0.796896,-0.043773,-0.0541992
324.885,364.5,0.786825,0.783438,-0.017688,-0.0707509
325.751,364,0.774018,0.769223,0.00925624,-0.0855279
326.617,363.5,0.761537,0.754228,0.0370444,-0.0985211
327.483,363,0.756467,0.745988,0.0731447,-0.101952
328.349,362.5,0.756859,0.741539,0.112343,-0.101657
329.215,362,0.748077,0.730781,0.134239,-0.0869389
330.081,361.5,0.726519,0.712997,0.121003,-0.0694486
330.947,361,0.709702,0.6999,0.10361,-0.0555228
331.813,360.5,0.702113,0.69475,0.0917888,-0.0431399
332.679,360,0.702331,0.69635,0.0806815,-0.0430818
333.546,359.5,0.700026,0.69444,0.0712925,-0.052019
334.412,359,0.694289,0.690643,0.051718,-0.0487278
335.278,358.5,0.697084,0.694848,0.0373774,-0.0414154
336.144,358,0.694875,0.692786,0.0389375,-0.0371865
337.01,357.5,0.676187,0.672981,0.0498085,-0.0429431
337.876,357,0.641568,0.635371,0.0711622,-0.0533778
338.742,356.5,0.613401,0.602915,0.099988,-0.0525087
339.608,356,0.592352,0.576566,0.122059,-0.0596114
340.474,355.5,0.570317,0.548644,0.138396,-0.0714023
341.34,355,0.530271,0.504264,0.147002,-0.0727774
342.206,354.5,0.478895,0.447807,0.156624,-0.065404
343.072,354,0.424785,0.387612,0.166043,-0.0512714
343.938,353.5,0.405927,0.363923,0.164148,-0.0734331
344.804,353,0.383411,0.328736,0.169934,-0.100295
345.67,352.5,0.359378,0.28048,0.1846,-0.128088
346.536,352,0.317622,0.199471,0.221224,-0.110251
347.402,351.5,0.242433,0.108828,0.212659,-0.0413084
348.268,351,0.2484,0.0329112,0.245178,0.0225154
349.134,350.5,0.336006,-0.0261878,0.314174,0.116229
350,350,0.358641,-0.105088,0.304562,0.157549
350.866,349.5,0.33563,-0.198962,0.250649,0.101176
351.732,349,0.279625,-0.159394,0.228992,-0.0185975
352.598,348.5,0.329025,-0.131689,0.263334,-0.146871
353.464,348,0.412646,-0.13063,0.296239,-0.255842
354.33,347.5,0.433714,-0.154834,0.246912,-0.321199
355.196,347,0.461404,-0.166095,0.216836,-0.371871
356.062,346.5,0.502744,-0.166814,0.235528,-0.411645
356.928,346,0.537688,-0.151443,0.231849,-0.46089
357.794,345.5,0.564092,-0.131753,0.224176,-0.500586
358.66,345,0.553193,-0.102722,0.178363,-0.513475
359.526,344.5,0.560231,-0.0814356,0.173362,-0.526472
360.392,344,0.5675,-0.0601107,0.177006,-0.535828
361.258,343.5,0.571528,-0.015753,0.181123,-0.541841
362.124,343,0.572296,0.0556068,0.172244,-0.54292
362.99,342.5,0.59324,0.102911,0.159083,-0.562171
363.856,342,0.617064,0.142914,0.153894,-0.580224
364.722,341.5,0.636307,0.185692,0.151064,-0.589563
365.588,341,0.626011,0.222459,0.159529,-0.562985
366.454,340.5,0.607216,0.250837,0.175678,-0.524337
367.321,340,0.61138,0.283278,0.185776,-0.508946
368.187,339.5,0.590431,0.320988,0.185988,-0.45933
369.053,339,0.543581,0.357014,0.173578,-0.371339
369.919,338.5,0.549061,0.435261,0.176446,-0.284399
370.785,338,0.515186,0.435136,0.157604,-0.226351
371.651,337.5,0.457822,0.391085,0.12542,-0.202295
372.517,337,0.393693,0.31404,0.0958418,-0.217225
373.383,336.5,0.34284,0.253375,0.107388,-0.204472
374.249,336,0.319578,0.225457,0.122494,-0.190511
375.115,335.5,0.332504,0.263416,0.124911,-0.1599
375.981,335,0.332357,0.28716,0.125521,-0.110654
376.847,334.5,0.333436,0.296605,0.137703,-0.0651425
377.713,334,0.433659,0.402163,0.105251,-0.123479
378.579,333.5,0.447537,0.418793,0.10144,-0.120881
379.445,333,0.439368,0.423045,0.110742,-0.0425876
380.311,332.5,0.443755,0.424742,0.119287,0.0477764
381.177,332,0.463274,0.425485,0.126948,0.132174
382.043,331.5,0.470008,0.428401,0.14158,0.131662
382.909,331,0.469635,0.433812,0.152798,0.0949604
383.775,330.5,0.470935,0.440281,0.157584,0.0556752
384.641,330,0.464489,0.444013,0.132993,-0.0302492
385.507,329.5,0.468174,0.431983,0.0924286,-0.155032
386.373,329,0.497568,0.426015,0.0521521,-0.251725
387.239,328.5,0.557366,0.44962,0.00167177,-0.329387
388.105,328,0.660123,0.523312,-0.0501911,-0.399233
388.971,327.5,0.728853,0.565597,-0.104176,-0.447744
389.837,327,0.817496,0.624672,-0.14102,-0.508132
390.703,326.5,0.890279,0.691729,-0.172183,-0.533348
391.569,326,0.96355,0.757102,-0.197586,-0.562304
392.435,325.5,1.03524,0.817945,-0.21616,-0.596623
393.301,325,1.05054,0.847253,-0.193218,-0.59031
394.167,324.5,1.08484,0.896864,-0.173473,-0.585165
395.033,324,1.13729,0.964829,-0.157648,-0.581109
395.899,323.5,1.14056,0.973352,-0.136112,-0.578731
396.765,323,1.17904,1.02987,-0.112042,-0.562977
397.631,322.5,1.17045,1.0343,-0.0824887,-0.541636
398.497,322,1.13729,1.01075,-0.0492595,-0.51901
399.363,321.5,1.08783,0.974033,-0.0188803,-0.484031
400.229,321,1.02866,0.925586,0.010543,-0.448687
401.095,320.5,0.963748,0.869658,0.0365107,-0.41373
401.962,320,0.929078,0.841512,0.043301,-0.391366
402.828,319.5,0.883728,0.806292,0.035914,-0.35997
403.694,319,0.851792,0.778774,-0.0127193,-0.344817
404.56,318.5,0.861298,0.77634,-0.0967421,-0.360237
405.426,318,0.891127,0.780037,-0.185601,-0.388846
406.292,317.5,0.947732,0.813258,-0.246928,-0.419327
407.158,317,0.995919,0.853476,-0.270973,-0.435898
408.024,316.5,1.02703,0.895238,-0.262087,-0.429716
408.89,316,1.04634,0.940403,-0.223663,-0.400567
409.756,315.5,1.04824,0.967451,-0.179573,-0.361387
410.622,315,1.03656,0.983045,-0.142882,-0.296093
411.488,314.5,1.03561,1.00958,-0.1426,-0.181389
412.354,314,1.03079,1.01884,-0.144818,-0.0592721
413.22,313.5,1.05031,1.03246,-0.17687,0.0767839
414.086,313,1.11263,1.07876,-0.212646,0.170318
414.952,312.5,1.14717,1.09821,-0.238213,0.230647
415.818,312,1.19352,1.11141,-0.322073,0.292454
416.684,311.5,1.21307,1.11623,-0.366789,0.30174
417.55,311,1.20777,1.10181,-0.420258,0.260967
418.416,310.5,1.15263,1.08787,-0.376161,0.0601411
419.282,310,1.12468,1.05026,-0.347802,-0.202253
420.148,309.5,1.18532,0.980314,-0.32985,-0.578927
421.014,309,1.41465,0.940129,-0.408741,-0.974852
421.88,308.5,1.76063,0.930131,-0.528657,-1.39828
422.746,308,2.13954,0.959519,-0.665571,-1.79276
423.612,307.5,2.48323,1.11541,-0.644469,-2.12295
424.478,307,2.85126,1.3499,-0.646872,-2.42673
425.344,306.5,3.04262,1.65367,-0.533052,-2.49775
426.21,306,3.21632,1.87742,-0.586451,-2.54481
427.076,305.5,3.32674,2.03377,-0.705371,-2.53641
427.942,305,3.27997,2.07037,-0.67077,-2.45394
428.808,304.5,3.22922,2.0858,-0.653527,-2.37701
429.674,304,3.11528,2.13034,-0.521457,-2.2124
430.54,303.5,3.06226,2.2461,-0.291536,-2.06094
431.406,303,3.08715,2.40528,-0.0785202,-1.93364
432.272,302.5,3.27389,2.53411,-0.0525626,-2.07216
433.138,302,3.46058,2.61116,-0.0987438,-2.26885
434.004,301.5,3.72946,2.68767,-0.248039,-2.57366
434.87,301,3.63748,2.49619,-0.320295,-2.62635
435.737,300.5,3.42173,2.20614,-0.348009,-2.59231
436.603,300,2.94256,1.77107,-0.267578,-2.3346
437.469,299.5,2.25392,1.39894,-0.143873,-1.76138
438.335,299,1.63341,1.21042,-0.0140905,-1.09668
439.201,298.5,1.34794,1.23069,0.143988,-0.53067
440.067,298,1.21727,1.19691,0.122643,-0.184681
440.933,297.5,1.10652,1.10151,0.0924566,-0.0500685
441.799,297,1.07112,1.05427,0.127662,0.139725
442.665,296.5,1.0142,0.992272,0.118007,0.173441
443.531,296,0.953712,0.925621,0.111298,0.201007
444.397,295.5,0.889542,0.852295,0.0947607,0.236429
445.263,295,0.861971,0.824266,0.0651951,0.243575
446.129,294.5,0.842666,0.799445,0.0344916,0.264166
446.995,294,0.833039,0.777832,0.00264997,0.298201
447.861,293.5,0.826774,0.771814,-0.00101268,0.296406
448.727,293,0.815927,0.761674,-0.00255876,0.292545
449.593,292.5,0.800551,0.745731,-0.00493989,0.291104
450.459,292,0.780358,0.72833,-0.0027513,0.280154
451.325,291.5,0.760207,0.711085,0.00150619,0.268833
452.191,291,0.73826,0.691296,0.00457521,0.259067
453.057,290.5,0.717401,0.674112,3.49768e-06,0.245434
453.923,290,0.700908,0.661789,-0.0025343,0.230871
454.789,289.5,0.686676,0.651104,0.000962049,0.218143
455.655,289,0.676712,0.643135,0.0034935,0.210484
456.521,288.5,0.669663,0.636598,0.000134392,0.207825
457.387,288,0.659587,0.625142,-0.00487066,0.210307
458.253,287.5,0.653786,0.617376,-0.0122019,0.21479
459.119,287,0.655018,0.617456,-0.0237414,0.217331
459.985,286.5,0.65747,0.619494,-0.0334753,0.217656
460.851,286,0.66124,0.623372,-0.0402873,0.216848
461.717,285.5,0.6691,0.628929,-0.0385318,0.225074
462.583,285,0.679235,0.636239,-0.0360795,0.235072
463.449,284.5,0.689886,0.644392,-0.0332916,0.244117
464.315,284,0.697616,0.651484,-0.0291604,0.247763
465.181,283.5,0.706736,0.660333,-0.0284139,0.250256
466.047,283,0.7174,0.671043,-0.0311533,0.251781
466.913,282.5,0.72373,0.676996,-0.0298309,0.254111
467.779,282,0.728066,0.681448,-0.027261,0.254883
468.645,281.5,0.732076,0.686095,-0.0248937,0.254145
469.512,281,0.734289,0.689427,-0.0210947,0.251843
470.378,280.5,0.735654,0.692019,-0.0168115,0.249024
471.244,280,0.738379,0.696379,-0.0126515,0.245152
472.11,279.5,0.739688,0.699668,-0.00906191,0.239835
472.976,279,0.738478,0.700451,-0.00531725,0.233861
473.842,278.5,0.737086,0.700955,-0.00150551,0.227937
474.708,278,0.734929,0.700647,0.00188485,0.221834
475.574,277.5,0.731422,0.699003,0.004722,0.215292
476.44,277,0.728233,0.697717,0.007792,0.208458
477.306,276.5,0.724933,0.696175,0.0106418,0.201879
478.172,276,0.721116,0.693887,0.010545,0.196004
479.038,275.5,0.717143,0.691398,0.0105555,0.190135
