x,v,vx,vy,vz
220.096,425,0.565955,0.565954,-0.000887417,-0.000677082
220.962,424.5,0.565939,0.565939,-0.000606502,-0.000469696
221.828,424,0.565897,0.565897,-0.000347918,-0.00028207
222.694,423.5,0.565832,0.565832,-0.000117609,-0.00011547
223.56,423,0.565519,0.565519,0.000140163,4.5632e-05
224.426,422.5,0.565157,0.565157,0.000397525,0.00016541
225.292,422,0.564834,0.564834,0.000654465,3.93126e-05
226.158,421.5,0.564433,0.564432,0.00107432,-0.000111745
227.024,421,0.564024,0.564022,0.001593,-0.000290577
227.89,420.5,0.563658,0.563654,0.00213484,-0.000514409
228.756,420,0.562994,0.562987,0.00281799,-0.000736005
229.622,419.5,0.561959,0.561947,0.003626,-0.000848485
230.488,419,0.560854,0.560836,0.00441916,-0.000889879
231.355,418.5,0.559563,0.559538,0.00515332,-0.000980712
232.221,418,0.557926,0.557895,0.00578436,-0.00110706
233.087,417.5,0.556291,0.556253,0.00640966,-0.00128598
233.953,417,0.554582,0.554536,0.00695044,-0.00150688
234.819,416.5,0.553251,0.553203,0.0070258,-0.00196288
235.685,416,0.551922,0.551871,0.00710091,-0.00242576
236.551,415.5,0.550582,0.550528,0.00716904,-0.00288714
237.417,415,0.549189,0.549135,0.00696037,-0.00321543
238.283,414.5,0.547796,0.547743,0.00673512,-0.00354411
239.149,414,0.546435,0.546382,0.00656456,-0.00390228
240.015,413.5,0.545351,0.545295,0.00667003,-0.00411136
240.881,413,0.544308,0.544249,0.00679067,-0.00430016
241.747,412.5,0.543272,0.54321,0.00689505,-0.00449544
242.613,412,0.542372,0.542305,0.00719571,-0.00448765
243.479,411.5,0.541511,0.541441,0.00756816,-0.00440192
244.345,411,0.540084,0.540008,0.00798037,-0.00430006
245.211,410.5,0.538772,0.538691,0.00839505,-0.00404683
246.077,410,0.537544,0.537458,0.00884229,-0.0036879
246.943,409.5,0.536321,0.536229,0.00932015,-0.00334481
247.809,409,0.535099,0.534994,0.010145,-0.00297237
248.675,408.5,0.533674,0.533545,0.0114352,-0.0025949
249.541,408,0.532128,0.531972,0.0127081,-0.00228872
250.407,407.5,0.530273,0.530086,0.0139574,-0.00200107
251.273,407,0.527417,0.527198,0.0151201,-0.00168893
252.139,406.5,0.524573,0.524318,0.0162779,-0.00147846
253.005,406,0.521632,0.52134,0.0173963,-0.00133119
253.871,405.5,0.517625,0.517307,0.0181462,-0.000923084
254.737,405,0.513711,0.513364,0.0188887,-0.00061636
255.603,404.5,0.509889,0.509511,0.0196239,-0.000411014
256.469,404,0.504315,0.503941,0.0194256,-0.000168496
257.335,403.5,0.498626,0.498259,0.0191416,-1.94194e-05
258.201,403,0.492789,0.492427,0.0188732,-3.29739e-05
259.067,402.5,0.486058,0.485727,0.0179306,-0.000181857
259.933,402,0.479016,0.478721,0.0167847,-0.000445432
260.799,401.5,0.471883,0.471623,0.0156393,-0.00083905
261.665,401,0.46416,0.463911,0.0151462,-0.00116587
262.531,400.5,0.45597,0.455722,0.0149924,-0.00140099
263.397,400,0.447396,0.447158,0.0145073,-0.00171421
264.263,399.5,0.438552,0.438301,0.0146996,-0.0018706
265.13,399,0.429322,0.429026,0.0158339,-0.00185643
265.996,398.5,0.41996,0.419606,0.0171245,-0.00196444
266.862,398,0.410127,0.409725,0.0180538,-0.00192223
267.728,397.5,0.399276,0.398879,0.0177106,-0.00168673
268.594,397,0.388456,0.388061,0.0174289,-0.00176359
269.46,396.5,0.378131,0.377732,0.0172667,-0.00194118
270.326,396,0.370045,0.369642,0.0171413,-0.00210602
271.192,395.5,0.361588,0.361182,0.016925,-0.00274238
272.058,395,0.353028,0.352601,0.0169425,-0.00376198
272.924,394.5,0.342483,0.342172,0.0142579,-0.00317633
273.79,394,0.331888,0.331733,0.00967476,-0.00307874
274.656,393.5,0.321357,0.321322,0.0032355,-0.00349564
275.522,393,0.313152,0.313053,-0.00569901,-0.0054392
276.388,392.5,0.306478,0.305913,-0.0165139,-0.00857416
277.254,392,0.300578,0.298968,-0.027623,-0.014217
278.12,391.5,0.295591,0.2916,-0.0432298,-0.0217928
278.986,391,0.295752,0.287261,-0.0623442,-0.0326124
279.852,390.5,0.301908,0.286401,-0.0832076,-0.0468949
280.718,390,0.314713,0.283167,-0.123051,-0.0609828
281.584,389.5,0.342375,0.276523,-0.189248,-0.0702885
282.45,389,0.398198,0.286068,-0.264147,-0.083386
283.316,388.5,0.472713,0.323056,-0.334519,-0.0847912
284.182,388,0.527987,0.377423,-0.363804,-0.0629961
285.048,387.5,0.696679,0.474446,-0.508451,-0.0417207
285.914,387,0.643887,0.533364,-0.358581,-0.0391497
286.78,386.5,0.580606,0.561297,-0.146603,0.0235723
287.646,386,0.503244,0.482398,0.0906523,0.111035
288.512,385.5,0.590385,0.484885,0.276028,0.193
289.378,385,0.562425,0.361117,0.370653,0.220302
290.244,384.5,0.553538,0.211541,0.451893,0.239683
291.11,384,0.576382,0.0451183,0.51935,0.245878
291.976,383.5,0.53234,-0.090859,0.464012,0.244588
292.842,383,0.525754,-0.269536,0.375795,0.250091
293.708,382.5,0.586282,-0.459166,0.283094,0.229674
294.574,382,0.641411,-0.58248,0.176663,0.202274
295.44,381.5,0.635513,-0.60818,0.0367251,0.180681
296.306,381,0.640944,-0.602634,-0.103269,0.192292
297.172,380.5,0.63663,-0.557832,-0.187292,0.242988
298.038,380,0.54548,-0.413165,-0.216753,0.282599
298.905,379.5,0.519292,-0.331579,-0.290452,0.274514
299.771,379,0.482494,-0.216558,-0.33643,0.269663
300.637,378.5,0.428018,-0.0630867,-0.321478,0.275447
301.503,378,0.430471,0.0907847,-0.308532,0.286131
302.369,377.5,0.476882,0.208906,-0.3197,0.285599
303.235,377,0.540187,0.337923,-0.332881,0.258457
304.101,376.5,0.544306,0.391516,-0.334369,0.176582
304.967,376,0.590171,0.459353,-0.35629,0.101754
305.833,375.5,0.586156,0.493005,-0.295509,0.114888
306.699,375,0.583054,0.510445,-0.261368,0.105287
307.565,374.5,0.57594,0.511018,-0.255446,0.072902
308.431,374,0.547722,0.483959,-0.251595,0.0498326
309.297,373.5,0.500586,0.438936,-0.238262,0.0339414
310.163,373,0.434891,0.384486,-0.202329,0.0190703
311.029,372.5,0.430152,0.382227,-0.19693,-0.012316
311.895,372,0.436823,0.383839,-0.205399,-0.0359593
312.761,371.5,0.43515,0.37484,-0.216202,-0.0459034
313.627,371,0.453996,0.387736,-0.226967,-0.0652628
314.493,370.5,0.484233,0.414234,-0.233542,-0.0913781
315.359,370,0.541313,0.473103,-0.234745,-0.118694
316.225,369.5,0.595802,0.550196,-0.201194,-0.108564
317.091,369,0.660235,0.644748,-0.127182,-0.0635257
317.957,368.5,0.733077,0.730908,-0.0554523,-0.010042
318.823,368,0.791049,0.788311,-0.00507567,0.0655695
319.689,367.5,0.80385,0.786182,-0.00415064,0.167559
320.555,367,0.817666,0.779496,-0.00711345,0.246807
321.421,366.5,0.824856,0.770361,-0.0168681,0.29436
322.287,366,0.78529,0.73724,-0.0520927,0.265413
323.153,365.5,0.75772,0.713102,-0.0876624,0.240709
324.019,365,0.740697,0.6957,-0.121802,0.223155
324.885,364.5,0.744397,0.701651,-0.132525,0.210357
325.751,364,0.749173,0.713462,-0.121588,0.193517
326.617,363.5,0.756318,0.730925,-0.0889483,0.172783
327.483,363,0.724314,0.717556,-0.0105014,0.0981489
328.349,362.5,0.693865,0.69104,0.0623376,0.00512467
329.215,362,0.638533,0.62095,0.109259,-0.101032
330.081,361.5,0.56525,0.503963,0.123244,-0.224365
330.947,361,0.530362,0.381765,0.129529,-0.344618
331.813,360.5,0.546136,0.262745,0.135258,-0.459276
332.679,360,0.555378,0.175993,0.124719,-0.511778
333.546,359.5,0.521713,0.144952,0.092499,-0.492562
334.412,359,0.481736,0.185048,0.0461313,-0.442379
335.278,358.5,0.459187,0.246099,-0.000149528,-0.38767
336.144,358,0.466347,0.325112,-0.0353482,-0.332464
337.01,357.5,0.501185,0.404917,-0.0704972,-0.286808
337.876,357,0.557496,0.484315,-0.101344,-0.256847
338.742,356.5,0.625666,0.557987,-0.108856,-0.261264
339.608,356,0.688901,0.620176,-0.109948,-0.279065
340.474,355.5,0.744032,0.668187,-0.106759,-0.309372
341.34,355,0.858239,0.769367,-0.118675,-0.361336
342.206,354.5,0.92334,0.814442,-0.106283,-0.421837
343.072,354,0.993534,0.867008,-0.0978896,-0.475209
343.938,353.5,1.08353,0.937217,-0.100723,-0.534348
344.804,353,0.924941,0.813264,-0.0587847,-0.436647
345.67,352.5,1.08812,0.933637,-0.0468045,-0.556889
346.536,352,1.13451,0.967169,-0.00604272,-0.593017
347.402,351.5,1.11756,0.945176,0.046003,-0.594538
348.268,351,1.10859,0.93469,0.106084,-0.586574
349.134,350.5,1.06476,0.89987,0.191059,-0.536148
350,350,0.986168,0.830541,0.204333,-0.490894
350.866,349.5,0.898997,0.755614,0.19016,-0.448422
351.732,349,0.757095,0.608155,0.150603,-0.42504
352.598,348.5,0.645138,0.451082,0.104532,-0.449222
353.464,348,0.583189,0.277281,0.0335767,-0.511954
354.33,347.5,0.625276,0.378,0.0602878,-0.494421
355.196,347,0.598528,0.546057,0.0798316,-0.2317
356.062,346.5,0.729692,0.715014,0.0531908,-0.13556
356.928,346,0.931179,0.923942,0.0352632,0.11037
357.794,345.5,1.0881,1.05019,0.00754189,0.284618
358.66,345,1.06377,1.00632,0.00137758,0.344853
359.526,344.5,1.11241,1.03604,-0.0246614,0.404314
360.392,344,1.09182,1.0149,-0.0334745,0.401178
361.258,343.5,1.05896,0.98624,-0.0317489,0.384336
362.124,343,1.02395,0.957428,-0.0219566,0.362379
362.99,342.5,1.01315,0.950958,-0.0137212,0.349228
363.856,342,1.00625,0.94844,-0.0074565,0.336079
364.722,341.5,1.00075,0.947116,-0.00324479,0.323213
365.588,341,0.997758,0.947218,-0.00641122,0.31346
366.454,340.5,0.993981,0.946274,-0.013537,0.303941
367.321,340,0.990157,0.944585,-0.022726,0.296062
368.187,339.5,0.992229,0.94732,-0.0292398,0.293679
369.053,339,0.99797,0.952709,-0.0320724,0.295399
369.919,338.5,1.00434,0.958589,-0.0324857,0.297895
370.785,338,1.00996,0.963785,-0.029905,0.300388
371.651,337.5,1.01182,0.965955,-0.0248418,0.300144
372.517,337,1.01323,0.968366,-0.0193443,0.297531
373.383,336.5,1.01342,0.969849,-0.0141871,0.293619
374.249,336,1.01171,0.969751,-0.0114349,0.288107
375.115,335.5,1.01051,0.969974,-0.00921325,0.283193
375.981,335,1.00983,0.970529,-0.00752364,0.278883
376.847,334.5,1.00908,0.970332,-0.00663075,0.276852
377.713,334,1.0067,0.968499,-0.0060501,0.274641
378.579,333.5,1.00289,0.965239,-0.00577679,0.272158
379.445,333,0.99509,0.957854,-0.00562207,0.269608
380.311,332.5,0.983154,0.946572,-0.00614104,0.265621
381.177,332,0.964771,0.929315,-0.00883549,0.258996
382.043,331.5,0.944142,0.910778,-0.00531298,0.248713
382.909,331,0.928846,0.897503,0.00288056,0.239238
383.775,330.5,0.919709,0.889931,0.0119098,0.23183
384.641,330,0.912013,0.880182,0.01929,0.238065
385.507,329.5,0.901172,0.862272,0.0297667,0.260218
386.373,329,0.884569,0.836767,0.0444011,0.283393
387.239,328.5,0.876114,0.820988,0.0564699,0.300611
388.105,328,0.876115,0.81604,0.0641066,0.312326
388.971,327.5,0.882616,0.815918,0.0762122,0.327843
389.837,327,0.895437,0.820113,0.0905174,0.347892
390.703,326.5,0.913481,0.825927,0.0897585,0.379784
391.569,326,0.933756,0.832385,0.0825766,0.414991
392.435,325.5,0.952721,0.838397,0.0778385,0.445767
393.301,325,0.958548,0.840643,0.0699447,0.455239
394.167,324.5,0.958254,0.835973,0.0645619,0.46393
395.033,324,0.951199,0.823794,0.0613666,0.47157
395.899,323.5,0.933903,0.802598,0.0533334,0.474518
396.765,323,0.921701,0.785403,0.0486231,0.479908
397.631,322.5,0.914148,0.771716,0.0473639,0.487727
398.497,322,0.905175,0.760799,0.041062,0.488713
399.363,321.5,0.89416,0.747634,0.0355436,0.489185
400.229,321,0.87589,0.726892,0.0281172,0.487873
401.095,320.5,0.866807,0.711251,0.0168702,0.495168
401.962,320,0.877085,0.708305,0.00812647,0.51722
402.828,319.5,0.898596,0.712265,0.00155441,0.547861
403.694,319,0.903555,0.708717,-0.00542949,0.560448
404.56,318.5,0.86523,0.6857,-0.0128908,0.527515
405.426,318,0.806216,0.654407,-0.0195885,0.470481
406.292,317.5,0.735263,0.609242,-0.0232034,0.410971
407.158,317,0.806951,0.656911,-0.0509579,0.465877
408.024,316.5,0.803051,0.656839,-0.0492531,0.459377
408.89,316,0.797887,0.656776,-0.0380802,0.451463
409.756,315.5,0.795532,0.660914,-0.0232648,0.442179
410.622,315,0.796326,0.669253,-0.00480697,0.431523
411.488,314.5,0.800698,0.681793,0.0172933,0.419496
412.354,314,0.760957,0.655304,0.0305521,0.385615
413.22,313.5,0.705766,0.615768,0.0304182,0.343527
414.086,313,0.64402,0.569489,0.0166615,0.300276
414.952,312.5,0.592457,0.531424,0.00554458,0.261846
415.818,312,0.489941,0.444002,-0.00395251,0.207096
416.684,311.5,0.519798,0.47993,-0.00876968,0.19945
417.55,311,0.49856,0.466502,-0.0119671,0.175484
418.416,310.5,0.48843,0.461646,-0.0122846,0.159049
419.282,310,0.50524,0.469809,-0.00704605,0.185735
420.148,309.5,0.531642,0.485581,-0.000132169,0.216459
421.014,309,0.567648,0.508961,0.00845704,0.251221
421.88,308.5,0.665612,0.57369,0.0119174,0.337309
422.746,308,0.74622,0.623452,0.0144496,0.409809
423.612,307.5,0.746247,0.597925,0.0230613,0.445914
424.478,307,0.714168,0.556029,0.035515,0.446773
425.344,306.5,0.685171,0.526565,0.0380288,0.436741
426.21,306,0.724644,0.579762,0.0352379,0.433294
427.076,305.5,0.63618,0.503173,-0.0238142,0.388555
427.942,305,0.635843,0.498446,-0.0607622,0.390072
428.808,304.5,0.677752,0.548854,-0.0193439,0.397156
429.674,304,0.715567,0.586961,0.0180058,0.408887
430.54,303.5,0.740736,0.607011,0.0461987,0.422011
431.406,303,0.742306,0.616004,0.0293694,0.413152
432.272,302.5,0.74684,0.633104,0.00743479,0.396098
433.138,302,0.758051,0.659041,-0.00999382,0.374441
434.004,301.5,0.759728,0.675622,-0.012803,0.347214
434.87,301,0.760788,0.693231,-0.0129657,0.313147
435.737,300.5,0.767462,0.716411,-0.0129664,0.274927
436.603,300,0.781162,0.742091,-0.0127667,0.243624
437.469,299.5,0.801708,0.769113,-0.0176511,0.225587
438.335,299,0.824698,0.801202,-0.0233762,0.19405
439.201,298.5,0.84807,0.835892,-0.0129752,0.142616
440.067,298,0.860966,0.85551,0.00202457,0.0967553
440.933,297.5,0.869408,0.86705,0.00254606,0.0639379
441.799,297,0.870394,0.869137,-0.0107151,0.0455124
442.665,296.5,0.864021,0.863462,-0.0194318,0.0242473
443.531,296,0.851387,0.851222,-0.0148298,-0.00776174
444.397,295.5,0.836766,0.835824,-0.0020315,-0.039632
445.263,295,0.822395,0.82067,0.00882694,-0.0525007
446.129,294.5,0.807375,0.80478,0.0139211,-0.0631649
446.995,294,0.79151,0.788152,0.0132509,-0.0716245
447.861,293.5,0.781835,0.778436,0.00483451,-0.0726565
448.727,293,0.77597,0.772402,-0.000626622,-0.074328
449.593,292.5,0.773264,0.769392,-0.00247999,-0.077242
450.459,292,0.77514,0.770721,0.0050615,-0.082493
451.325,291.5,0.778201,0.773087,0.0158167,-0.0876528
452.191,291,0.778972,0.773743,0.0165431,-0.088578
453.057,290.5,0.780021,0.774641,-0.00216706,-0.0914374
453.923,290,0.787588,0.78033,-0.0222918,-0.104325
454.789,289.5,0.801431,0.790736,-0.0414872,-0.123723
455.655,289,0.816076,0.802036,-0.049991,-0.142194
456.521,288.5,0.824656,0.810131,-0.0393128,-0.148998
457.387,288,0.862062,0.845184,0.0244672,-0.167973
458.253,287.5,0.91233,0.888789,0.0794502,-0.189968
459.119,287,0.926999,0.899883,0.10339,-0.197102
459.985,286.5,1.05226,1.0058,0.126716,-0.282056
460.851,286,1.03392,0.98999,0.134143,-0.266288
461.717,285.5,1.02159,0.980644,0.146069,-0.246246
462.583,285,1.00797,0.97032,0.164359,-0.217897
463.449,284.5,0.867995,0.836917,0.159188,-0.166265
464.315,284,0.665666,0.646154,0.129794,-0.0935428
465.181,283.5,0.604414,0.584744,0.129842,-0.0808215
466.047,283,0.541367,0.521678,0.127265,-0.0688048
466.913,282.5,0.495795,0.479218,0.116947,-0.049862
467.779,282,0.457015,0.44395,0.104181,-0.0302887
468.645,281.5,0.427136,0.417808,0.0882447,-0.00973692
469.512,281,0.408418,0.401391,0.0694758,0.0293804
470.378,280.5,0.408509,0.397952,0.0516621,0.0764523
471.244,280,0.429546,0.411376,0.0485581,0.113675
472.11,279.5,0.455423,0.429109,0.0564731,0.141728
472.976,279,0.474749,0.442264,0.0627326,0.160791
473.842,278.5,0.59327,0.541784,0.112344,0.214051
474.708,278,0.596934,0.550334,0.101406,0.207797
475.574,277.5,0.594202,0.554074,0.0868686,0.196295
476.44,277,0.550767,0.533973,0.0312779,0.131298
477.306,276.5,0.57156,0.554773,0.0129792,0.136891
478.172,276,0.562573,0.54539,0.0119106,0.137466
479.038,275.5,0.550954,0.535259,0.0100407,0.130182
