x,v,vx,vy,vz
220.096,425,0.650484,0.650484,0.00012726,0.000150539
220.962,424.5,0.650405,0.650405,0.000145275,0.000185616
221.828,424,0.650326,0.650326,0.000162902,0.000219788
222.694,423.5,0.650246,0.650246,0.000180126,0.000252954
223.56,423,0.650173,0.650173,0.000190148,0.000286621
224.426,422.5,0.650102,0.650101,0.000198196,0.000319069
225.292,422,0.650034,0.650034,0.000206512,0.00034939
226.158,421.5,0.649969,0.649969,0.000210081,0.000378539
227.024,421,0.649905,0.649905,0.000212025,0.000406509
227.89,420.5,0.649841,0.649841,0.000215429,0.000433091
228.756,420,0.64978,0.64978,0.000218532,0.000458055
229.622,419.5,0.649724,0.649723,0.000219039,0.000480683
230.488,419,0.649669,0.649669,0.000217979,0.000501266
231.355,418.5,0.649615,0.649615,0.000210926,0.000520803
232.221,418,0.64956,0.649559,0.000192339,0.000539229
233.087,417.5,0.649505,0.649505,0.000173774,0.000556142
233.953,417,0.649456,0.649456,0.000152629,0.000571244
234.819,416.5,0.649436,0.649436,0.00011888,0.0005828
235.685,416,0.649416,0.649415,8.50772e-05,0.000593192
236.551,415.5,0.649395,0.649394,5.10449e-05,0.00060238
237.417,415,0.649404,0.649403,1.0713e-05,0.000608882
238.283,414.5,0.649414,0.649414,-2.98566e-05,0.000614434
239.149,414,0.649428,0.649427,-6.95415e-05,0.00061752
240.015,413.5,0.649474,0.649474,-0.000129765,0.000618361
240.881,413,0.649525,0.649525,-0.000192693,0.000617965
241.747,412.5,0.649577,0.649577,-0.000255218,0.000616322
242.613,412,0.649665,0.649664,-0.000327661,0.000611734
243.479,411.5,0.649767,0.649767,-0.000404557,0.000605797
244.345,411,0.649879,0.649879,-0.0004799,0.000602887
245.211,410.5,0.650012,0.650011,-0.000543793,0.000597822
246.077,410,0.65016,0.65016,-0.000599817,0.000591102
246.943,409.5,0.650311,0.65031,-0.000657469,0.000584325
247.809,409,0.650467,0.650466,-0.000714476,0.00057454
248.675,408.5,0.650631,0.650631,-0.000768936,0.000557123
249.541,408,0.650797,0.650796,-0.000824038,0.000536632
250.407,407.5,0.65097,0.650969,-0.000883617,0.000513682
251.273,407,0.651167,0.651166,-0.000955157,0.000486665
252.139,406.5,0.651365,0.651364,-0.00102779,0.000459696
253.005,406,0.651569,0.651568,-0.00110052,0.00043215
253.871,405.5,0.651813,0.651812,-0.00116303,0.000397817
254.737,405,0.652061,0.65206,-0.00122712,0.000362346
255.603,404.5,0.652313,0.652311,-0.00129281,0.000325736
256.469,404,0.652561,0.65256,-0.00129549,0.000278618
257.335,403.5,0.652812,0.65281,-0.00129075,0.00022854
258.201,403,0.653069,0.653068,-0.00127877,0.000174027
259.067,402.5,0.653289,0.653288,-0.00121513,0.000110718
259.933,402,0.653497,0.653496,-0.00113623,4.14182e-05
260.799,401.5,0.653707,0.653706,-0.00105583,-3.25212e-05
261.665,401,0.653868,0.653867,-0.000949473,-0.000117956
262.531,400.5,0.653999,0.653998,-0.00082242,-0.000212383
263.397,400,0.654141,0.65414,-0.00068194,-0.000305956
264.263,399.5,0.654232,0.654231,-0.000532401,-0.000405299
265.13,399,0.654259,0.654259,-0.000371324,-0.000512528
265.996,398.5,0.65428,0.65428,-0.000204311,-0.00062399
266.862,398,0.654268,0.654268,-5.24909e-05,-0.000737644
267.728,397.5,0.654184,0.654184,4.74916e-05,-0.000835744
268.594,397,0.654103,0.654102,0.000145931,-0.000923024
269.46,396.5,0.654019,0.654018,0.000238871,-0.00100025
270.326,396,0.653893,0.653892,0.000296821,-0.00105424
271.192,395.5,0.653758,0.653757,0.000356011,-0.00111171
272.058,395,0.653612,0.653611,0.000415724,-0.00117357
272.924,394.5,0.653423,0.653422,0.000531958,-0.00124007
273.79,394,0.653228,0.653227,0.000653092,-0.00130803
274.656,393.5,0.653028,0.653026,0.000778291,-0.00137746
275.522,393,0.652763,0.652761,0.000877306,-0.00143514
276.388,392.5,0.652478,0.652476,0.000968269,-0.00149228
277.254,392,0.652202,0.652199,0.00105684,-0.00155672
278.12,391.5,0.65197,0.651967,0.00105177,-0.00161335
278.986,391,0.651757,0.651754,0.000996167,-0.00166728
279.852,390.5,0.651542,0.651539,0.000935397,-0.00172467
280.718,390,0.651393,0.65139,0.000877488,-0.00178743
281.584,389.5,0.651313,0.65131,0.000828983,-0.0018435
282.45,389,0.651241,0.651238,0.000790275,-0.00187756
283.316,388.5,0.651159,0.651156,0.000722404,-0.00191094
284.182,388,0.651063,0.65106,0.000605295,-0.00194225
285.048,387.5,0.650972,0.650969,0.000483573,-0.00197653
285.914,387,0.650894,0.65089,0.000351281,-0.00201437
286.78,386.5,0.65085,0.650846,0.000178179,-0.00205107
287.646,386,0.650807,0.650804,8.43415e-07,-0.00209435
288.512,385.5,0.650768,0.650764,-0.000177113,-0.00214673
289.378,385,0.650756,0.650752,-0.000335442,-0.0022247
290.244,384.5,0.650744,0.650739,-0.000496415,-0.00231366
291.11,384,0.650741,0.650736,-0.000656431,-0.00241864
291.976,383.5,0.650796,0.650791,-0.000819604,-0.00254444
292.842,383,0.650855,0.650849,-0.000980729,-0.00267808
293.708,382.5,0.650913,0.650906,-0.00113849,-0.00281916
294.574,382,0.651087,0.651079,-0.0012706,-0.00297019
295.44,381.5,0.65131,0.651301,-0.001407,-0.00313115
296.306,381,0.651532,0.651522,-0.00155512,-0.00329579
297.172,380.5,0.651835,0.651823,-0.00164256,-0.00346848
298.038,380,0.652202,0.652189,-0.00168645,-0.00364717
298.905,379.5,0.652577,0.652563,-0.00173401,-0.00382888
299.771,379,0.653001,0.652986,-0.0017435,-0.00401381
300.637,378.5,0.653497,0.653482,-0.00168841,-0.0041998
301.503,378,0.654005,0.653988,-0.00164105,-0.00439514
302.369,377.5,0.654542,0.654524,-0.00158827,-0.00462063
303.235,377,0.655161,0.655141,-0.00146294,-0.00491794
304.101,376.5,0.655811,0.655789,-0.00135062,-0.00523753
304.967,376,0.656463,0.656438,-0.00122428,-0.00559292
305.833,375.5,0.656906,0.656877,-0.000841697,-0.00609405
306.699,375,0.657376,0.657342,-0.000430293,-0.0066181
307.565,374.5,0.657869,0.65783,1.01371e-05,-0.00716529
308.431,374,0.65786,0.657814,0.000454793,-0.00779979
309.297,373.5,0.657808,0.657753,0.000914078,-0.00847099
310.163,373,0.657682,0.657617,0.00129288,-0.009141
311.029,372.5,0.657182,0.657109,0.00100237,-0.00975651
311.895,372,0.656605,0.656523,0.000560004,-0.0103822
312.761,371.5,0.656036,0.655943,0.000114151,-0.0110298
313.627,371,0.655481,0.655377,-0.000647888,-0.0116299
314.493,370.5,0.654931,0.654815,-0.00159635,-0.0122162
315.359,370,0.654574,0.654445,-0.0024267,-0.0128062
316.225,369.5,0.65443,0.654283,-0.00287508,-0.0135277
317.091,369,0.654539,0.654374,-0.00285726,-0.0144357
317.957,368.5,0.654691,0.654501,-0.00286062,-0.01548
318.823,368,0.654792,0.654573,-0.00279249,-0.0166788
319.689,367.5,0.654943,0.654692,-0.00247741,-0.0179558
320.555,367,0.65532,0.655035,-0.00197494,-0.0192353
321.421,366.5,0.655863,0.655538,-0.00146402,-0.020577
322.287,366,0.65715,0.656784,-0.00200339,-0.0218585
323.153,365.5,0.658607,0.658192,-0.00264978,-0.0232403
324.019,365,0.66022,0.659749,-0.0034062,-0.0246964
324.885,364.5,0.663199,0.662677,-0.00481398,-0.0258691
325.751,364,0.666442,0.66586,-0.0063232,-0.0271188
326.617,363.5,0.669944,0.669292,-0.00793137,-0.0284458
327.483,363,0.67331,0.672579,-0.0078038,-0.03036
328.349,362.5,0.67682,0.676007,-0.00715278,-0.0323785
329.215,362,0.680674,0.679783,-0.00607716,-0.034276
330.081,361.5,0.683092,0.682121,-0.00352712,-0.0362278
330.947,361,0.684659,0.683591,-0.000330211,-0.0382273
331.813,360.5,0.686118,0.684931,0.00308114,-0.0402375
332.679,360,0.687033,0.68571,0.00380405,-0.0424377
333.546,359.5,0.687502,0.686034,0.00143707,-0.0448936
334.412,359,0.688357,0.686715,-0.000325435,-0.0475187
335.278,358.5,0.691081,0.689254,-0.00252453,-0.0501489
336.144,358,0.697393,0.695374,-0.00556395,-0.0527361
337.01,357.5,0.704356,0.702122,-0.00877925,-0.0553626
337.876,357,0.71171,0.709216,-0.0100834,-0.0586733
338.742,356.5,0.717921,0.715129,-0.00187795,-0.0632192
339.608,356,0.723829,0.720627,0.0068582,-0.0676664
340.474,355.5,0.7296,0.725826,0.0151609,-0.0725442
341.34,355,0.73349,0.729246,0.0173718,-0.076851
342.206,354.5,0.737573,0.732901,0.0167889,-0.0811735
343.072,354,0.742194,0.737175,0.0156922,-0.0847276
343.938,353.5,0.747669,0.740185,0.0399407,-0.097669
344.804,353,0.752009,0.740835,0.0669955,-0.110414
345.67,352.5,0.755269,0.739392,0.0948677,-0.12137
346.536,352,0.74752,0.725809,0.121532,-0.131215
347.402,351.5,0.73225,0.705158,0.151931,-0.125931
348.268,351,0.710098,0.678227,0.180309,-0.108332
349.134,350.5,0.685483,0.651985,0.195741,-0.0805459
350,350,0.665046,0.625942,0.210072,-0.0797056
350.866,349.5,0.647751,0.610072,0.205646,-0.0714373
351.732,349,0.593641,0.563633,0.172755,-0.0698838
352.598,348.5,0.553591,0.525129,0.159178,-0.0732433
353.464,348,0.529773,0.50041,0.159982,-0.0682242
354.33,347.5,0.508473,0.493452,0.119269,-0.0287182
355.196,347,0.483394,0.480865,0.0490891,0.00540652
356.062,346.5,0.478103,0.477203,0.025031,0.0152856
356.928,346,0.479734,0.47917,0.000107463,0.023255
357.794,345.5,0.509726,0.507033,-0.00811025,0.0516923
358.66,345,0.545724,0.539922,-0.0132141,0.0782594
359.526,344.5,0.582785,0.573523,-0.0191862,0.101693
360.392,344,0.617425,0.605079,-0.0180693,0.121517
361.258,343.5,0.653341,0.638171,-0.0112119,0.139523
362.124,343,0.681334,0.66404,-0.000807618,0.152531
362.99,342.5,0.679467,0.66176,0.0121633,0.153626
363.856,342,0.672856,0.654883,0.0245942,0.152511
364.722,341.5,0.663858,0.645713,0.035017,0.150123
365.588,341,0.646828,0.629665,0.0355377,0.143685
366.454,340.5,0.626912,0.611644,0.0290279,0.134415
367.321,340,0.609882,0.596464,0.0151605,0.126323
368.187,339.5,0.600881,0.589345,0.00279824,0.117147
369.053,339,0.598939,0.5894,-0.00529195,0.106333
369.919,338.5,0.599659,0.591929,-0.00961503,0.095493
370.785,338,0.602213,0.595771,-0.0111738,0.0871399
371.651,337.5,0.60482,0.598629,-0.0119763,0.0854847
372.517,337,0.606725,0.600584,-0.0120814,0.0852595
373.383,336.5,0.609414,0.603643,-0.0122722,0.0827622
374.249,336,0.612954,0.608298,-0.0125013,0.0743626
375.115,335.5,0.618036,0.614194,-0.0125119,0.0676575
375.981,335,0.624611,0.621337,-0.0123077,0.062667
376.847,334.5,0.629229,0.626146,-0.0105496,0.0613078
377.713,334,0.632003,0.629006,-0.00835841,0.0609029
378.579,333.5,0.633227,0.630197,-0.00591035,0.0615928
379.445,333,0.629772,0.626697,-0.00410175,0.0620208
380.311,332.5,0.62824,0.625079,-0.00347756,0.0628402
381.177,332,0.627653,0.624579,-0.00496168,0.0618445
382.043,331.5,0.626101,0.623666,-0.00727658,0.054683
382.909,331,0.624697,0.622806,-0.00903643,0.0477149
383.775,330.5,0.623061,0.621506,-0.0105337,0.0427166
384.641,330,0.623298,0.621967,-0.0106747,0.0392913
385.507,329.5,0.625548,0.624351,-0.00963405,0.0374626
386.373,329,0.627628,0.626636,-0.0081063,0.0343367
387.239,328.5,0.629004,0.628161,-0.00736005,0.031714
388.105,328,0.629795,0.629031,-0.00711164,0.0301841
388.971,327.5,0.629986,0.629293,-0.00730528,0.028639
389.837,327,0.62954,0.628916,-0.00772633,0.0269276
390.703,326.5,0.629511,0.628958,-0.00713766,0.025408
391.569,326,0.63016,0.629652,-0.00610154,0.0245504
392.435,325.5,0.630737,0.630267,-0.00515238,0.0237784
393.301,325,0.631348,0.630895,-0.00428475,0.023523
394.167,324.5,0.631851,0.631417,-0.00350682,0.0231524
395.033,324,0.632231,0.631819,-0.00283171,0.0226613
395.899,323.5,0.632038,0.631649,-0.0024885,0.0220415
396.765,323,0.631915,0.631548,-0.0021121,0.0214309
397.631,322.5,0.63189,0.631545,-0.00169873,0.0208259
398.497,322,0.631922,0.631589,-0.00152611,0.0204715
399.363,321.5,0.631965,0.631642,-0.00137835,0.0201576
400.229,321,0.632217,0.631908,-0.000950892,0.0197571
401.095,320.5,0.632597,0.6323,-0.000633865,0.019385
401.962,320,0.632948,0.632659,-0.000520931,0.0190919
402.828,319.5,0.633268,0.632988,-0.000435221,0.0188492
403.694,319,0.633635,0.633359,-0.000386124,0.0186862
404.56,318.5,0.634164,0.633892,-0.000343453,0.0185447
405.426,318,0.635202,0.634943,-1.9151e-05,0.0181469
406.292,317.5,0.636036,0.635788,0.000339583,0.0177418
407.158,317,0.636666,0.63643,0.000734332,0.0173102
408.024,316.5,0.637152,0.636928,0.00108316,0.0168749
408.89,316,0.637531,0.637317,0.00138501,0.0164377
409.756,315.5,0.637901,0.637702,0.00140941,0.0158731
410.622,315,0.638156,0.637972,0.00128543,0.0152518
411.488,314.5,0.63841,0.638241,0.00114574,0.0146569
412.354,314,0.638911,0.638754,0.00122416,0.0140878
413.22,313.5,0.639431,0.639286,0.00129398,0.0135425
414.086,313,0.639938,0.639805,0.0013496,0.0130003
414.952,312.5,0.640341,0.64022,0.00141612,0.0123587
415.818,312,0.640737,0.640628,0.0014796,0.0117221
416.684,311.5,0.641128,0.64103,0.00154007,0.0110938
417.55,311,0.641523,0.641435,0.00168959,0.0104888
418.416,310.5,0.641918,0.641838,0.00189387,0.00989835
419.282,310,0.642178,0.642106,0.00208932,0.00935119
420.148,309.5,0.642297,0.642232,0.00220383,0.00886627
421.014,309,0.642333,0.642274,0.00224685,0.00841648
421.88,308.5,0.642376,0.642322,0.00228402,0.00796132
422.746,308,0.642423,0.642376,0.00221027,0.00752557
423.612,307.5,0.642451,0.642408,0.00190711,0.0071436
424.478,307,0.642405,0.642367,0.00158257,0.00679115
425.344,306.5,0.642413,0.642379,0.00129828,0.00646344
426.21,306,0.642553,0.642522,0.00101294,0.00622047
427.076,305.5,0.642721,0.642693,0.000752026,0.005984
427.942,305,0.642918,0.642892,0.000514578,0.00575507
428.808,304.5,0.643227,0.643203,0.000266766,0.00563451
429.674,304,0.643546,0.643522,6.47896e-05,0.00551493
430.54,303.5,0.643861,0.643839,-9.90702e-05,0.00538532
431.406,303,0.644231,0.64421,-0.000153492,0.00528444
432.272,302.5,0.644588,0.644567,-0.000179153,0.00518659
433.138,302,0.644938,0.644918,-0.000196667,0.00509423
434.004,301.5,0.645285,0.645266,-0.000194045,0.00503694
434.87,301,0.645612,0.645592,-0.000174511,0.00499463
435.737,300.5,0.645926,0.645907,-0.000149428,0.00496215
436.603,300,0.646212,0.646193,-0.000119488,0.0049534
437.469,299.5,0.646462,0.646443,-8.6279e-05,0.00495474
438.335,299,0.646682,0.646663,-7.18402e-05,0.00495049
439.201,298.5,0.646863,0.646844,-5.46973e-05,0.00494001
440.067,298,0.646996,0.646977,-3.20004e-05,0.00492061
440.933,297.5,0.647118,0.647099,-1.11582e-05,0.00489293
441.799,297,0.647216,0.647198,9.5393e-07,0.00485583
442.665,296.5,0.647278,0.64726,-9.6486e-06,0.00479207
443.531,296,0.647359,0.647342,-1.48506e-05,0.00469955
444.397,295.5,0.647426,0.647409,-2.17838e-05,0.00460613
445.263,295,0.64744,0.647424,-5.0827e-05,0.00450424
446.129,294.5,0.647438,0.647423,-8.49358e-05,0.00440034
446.995,294,0.64742,0.647406,-0.00012411,0.00429443
447.861,293.5,0.647402,0.647388,-0.000140672,0.00414865
448.727,293,0.647377,0.647365,-0.00015399,0.00400284
449.593,292.5,0.647347,0.647335,-0.000166166,0.00386218
450.459,292,0.647306,0.647295,-0.000152033,0.00372353
451.325,291.5,0.647258,0.647248,-0.000126729,0.00358738
452.191,291,0.647211,0.647202,-9.86237e-05,0.00345714
453.057,290.5,0.647199,0.64719,-7.39892e-05,0.00333183
453.923,290,0.647203,0.647195,-5.34891e-05,0.00321482
454.789,289.5,0.647204,0.647196,-3.51446e-05,0.00310874
455.655,289,0.647231,0.647224,-4.71738e-06,0.00301547
456.521,288.5,0.647291,0.647284,4.53229e-05,0.00293402
457.387,288,0.647322,0.647316,9.6231e-05,0.00285846
458.253,287.5,0.647356,0.64735,0.000139794,0.00278814
459.119,287,0.647402,0.647396,0.000165003,0.00272434
459.985,286.5,0.647443,0.647438,0.000191279,0.0026675
460.851,286,0.647486,0.647481,0.000215604,0.00261772
461.717,285.5,0.647553,0.647548,0.000215223,0.00257668
462.583,285,0.647609,0.647604,0.000207845,0.00254039
463.449,284.5,0.64766,0.647655,0.000196276,0.00250604
464.315,284,0.647717,0.647713,0.000147981,0.00247639
465.181,283.5,0.64777,0.647765,9.66994e-05,0.00244868
466.047,283,0.647816,0.647812,4.36669e-05,0.00242268
466.913,282.5,0.647894,0.64789,-4.02276e-05,0.00238928
467.779,282,0.647974,0.64797,-0.000135814,0.00235758
468.645,281.5,0.648051,0.648046,-0.000234262,0.00232756
469.512,281,0.648148,0.648144,-0.000345542,0.00230175
470.378,280.5,0.648255,0.648251,-0.000464204,0.00227697
471.244,280,0.648361,0.648357,-0.000579123,0.00225259
472.11,279.5,0.648495,0.648491,-0.000679582,0.00223305
472.976,279,0.648653,0.648648,-0.000770147,0.00222082
473.842,278.5,0.648809,0.648804,-0.000862638,0.00221282
474.708,278,0.648973,0.648968,-0.000941372,0.0022082
475.574,277.5,0.649157,0.649152,-0.000991911,0.00220362
476.44,277,0.649347,0.649342,-0.00104344,0.00218728
477.306,276.5,0.649528,0.649523,-0.0010859,0.00217068
478.172,276,0.649695,0.649691,-0.00110878,0.00214767
479.038,275.5,0.649856,0.649852,-0.00113261,0.00212508
