x,v,vx,vy,vz
220.096,425,0.50762,0.506936,0.00592622,0.0256593
220.962,424.5,0.50799,0.507387,0.00689002,0.0237714
221.828,424,0.507762,0.507222,0.00811896,0.0219668
222.694,423.5,0.506925,0.506429,0.00961577,0.0202572
223.56,423,0.505606,0.505137,0.0109391,0.0188076
224.426,422.5,0.503698,0.503235,0.0123213,0.0177264
225.292,422,0.499263,0.49875,0.0113797,0.0195571
226.158,421.5,0.496001,0.495428,0.00935711,0.0219251
227.024,421,0.493863,0.493207,0.00691892,0.024493
227.89,420.5,0.492675,0.491901,0.00441836,0.0272412
228.756,420,0.492606,0.491684,0.00222357,0.030035
229.622,419.5,0.493637,0.492595,0.00172476,0.0320092
230.488,419,0.494393,0.493279,0.00268338,0.0330645
231.355,418.5,0.494075,0.492892,0.00366617,0.0339658
232.221,418,0.492767,0.491521,0.00467104,0.0347015
233.087,417.5,0.490628,0.489318,0.00547524,0.0354019
233.953,417,0.487819,0.486448,0.00606914,0.0360291
234.819,416.5,0.489856,0.488498,0.00466923,0.0361467
235.685,416,0.492132,0.490779,0.00352828,0.0362983
236.551,415.5,0.494583,0.493227,0.00271034,0.0364956
237.417,415,0.497375,0.495991,0.00313573,0.0369453
238.283,414.5,0.500187,0.498767,0.00376752,0.0374833
239.149,414,0.500399,0.498923,0.00497869,0.0380814
240.015,413.5,0.497178,0.495632,0.00650268,0.0386448
240.881,413,0.493681,0.492056,0.00793519,0.0392247
241.747,412.5,0.490033,0.488323,0.00927161,0.0398298
242.613,412,0.485695,0.483906,0.0103247,0.0403526
243.479,411.5,0.481316,0.479446,0.0111871,0.0408758
244.345,411,0.482233,0.480292,0.0124693,0.0413907
245.211,410.5,0.482347,0.480339,0.0134319,0.0418592
246.077,410,0.481605,0.479541,0.0140172,0.0422712
246.943,409.5,0.480498,0.478375,0.0146816,0.0426642
247.809,409,0.478917,0.476751,0.0146134,0.0430901
248.675,408.5,0.475017,0.472832,0.0130669,0.0436007
249.541,408,0.469555,0.46735,0.0110586,0.0440906
250.407,407.5,0.464107,0.461869,0.00901812,0.0446214
251.273,407,0.459227,0.456921,0.0075986,0.0453301
252.139,406.5,0.454244,0.451888,0.00570489,0.045851
253.005,406,0.449337,0.446918,0.0035513,0.0464268
253.871,405.5,0.445981,0.443226,0.00314084,0.0493948
254.737,405,0.442731,0.439611,0.00241554,0.0524108
255.603,404.5,0.439591,0.436075,0.00137538,0.0554748
256.469,404,0.437661,0.433729,-0.000911731,0.0585258
257.335,403.5,0.435736,0.431371,-0.00330515,0.0614351
258.201,403,0.432171,0.427412,-0.00578548,0.0637029
259.067,402.5,0.429856,0.424799,-0.00515834,0.0655399
259.933,402,0.428249,0.422935,-0.00378515,0.0671437
260.799,401.5,0.42672,0.421185,-0.00263271,0.0684574
261.665,401,0.422564,0.416993,0.000463749,0.0683903
262.531,400.5,0.416685,0.411226,0.00548787,0.0670024
263.397,400,0.410225,0.404857,0.0120302,0.0650447
264.263,399.5,0.401227,0.395619,0.0197184,0.0638694
265.13,399,0.388891,0.382502,0.0292553,0.0638176
265.996,398.5,0.376223,0.368615,0.0404834,0.0634628
266.862,398,0.361831,0.353006,0.048166,0.0631565
267.728,397.5,0.344308,0.335851,0.0400607,0.0643985
268.594,397,0.326738,0.318568,0.0285161,0.0667754
269.46,396.5,0.311406,0.302531,0.0132231,0.0726187
270.326,396,0.313303,0.298398,-0.0132316,0.0945629
271.192,395.5,0.319931,0.294262,-0.0418995,0.118364
272.058,395,0.33056,0.290088,-0.0726525,0.140858
272.924,394.5,0.314249,0.259892,-0.0874161,0.153516
273.79,394,0.286401,0.215064,-0.103287,0.158443
274.656,393.5,0.251054,0.15588,-0.120519,0.155579
275.522,393,0.216779,0.0644529,-0.131305,0.159994
276.388,392.5,0.219113,-0.0428917,-0.13277,0.168947
277.254,392,0.236561,-0.106152,-0.117763,0.17557
278.12,391.5,0.21713,-0.107423,-0.0740161,0.173572
278.986,391,0.203368,-0.100274,-0.00831569,0.176733
279.852,390.5,0.231615,-0.105243,0.0723442,0.193224
280.718,390,0.266866,-0.110809,0.129525,0.205334
281.584,389.5,0.251507,-0.0906614,0.124226,0.199008
282.45,389,0.192063,-0.0397007,0.0772311,0.171311
283.316,388.5,0.173409,0.00796941,0.0460127,0.167003
284.182,388,0.214193,0.0583181,0.0373413,0.20269
285.048,387.5,0.277703,0.114854,0.0284774,0.25123
285.914,387,0.354121,0.173806,0.0184716,0.307981
286.78,386.5,0.393402,0.216685,0.00323652,0.328333
287.646,386,0.437856,0.267576,-0.0122851,0.346367
288.512,385.5,0.48931,0.327279,-0.0273004,0.362723
289.378,385,0.468757,0.381765,-0.028539,0.270507
290.244,384.5,0.486504,0.410687,0.034568,0.258511
291.11,384,0.51771,0.451697,0.0483122,0.248313
291.976,383.5,0.547792,0.489875,0.0583833,0.238096
292.842,383,0.582811,0.534823,0.0571332,0.224429
293.708,382.5,0.643694,0.620942,0.0170238,0.16877
294.574,382,0.721931,0.696527,0.00295705,0.189804
295.44,381.5,0.789036,0.756893,-0.0189239,0.222112
296.306,381,0.820289,0.779833,-0.0489801,0.249671
297.172,380.5,0.869848,0.82614,-0.0545158,0.266751
298.038,380,0.932422,0.891538,-0.0393583,0.270226
298.905,379.5,0.994328,0.956488,-0.0209975,0.270884
299.771,379,1.02732,0.994855,-0.010151,0.256013
300.637,378.5,1.0024,0.976289,-0.0043275,0.227248
301.503,378,1.02209,0.989822,0.00656683,0.254717
302.369,377.5,0.971179,0.94951,0.0382716,0.200387
303.235,377,0.906693,0.896789,0.0271183,0.130868
304.101,376.5,0.906934,0.900837,0.0599045,0.0862165
304.967,376,0.858665,0.855305,0.0683844,0.0328821
305.833,375.5,0.826287,0.823083,0.0703493,-0.0183312
306.699,375,0.789707,0.786572,0.0675169,-0.0195854
307.565,374.5,0.719814,0.714277,0.0750724,-0.048004
308.431,374,0.688257,0.679138,0.080856,-0.0770166
309.297,373.5,0.67362,0.656498,0.110486,-0.102796
310.163,373,0.637226,0.613877,0.117203,-0.124401
311.029,372.5,0.596263,0.564432,0.109377,-0.158059
311.895,372,0.530012,0.49838,0.0563152,-0.171343
312.761,371.5,0.471754,0.436376,0.0266862,-0.177242
313.627,371,0.427389,0.38534,0.00271246,-0.184844
314.493,370.5,0.404853,0.362736,-0.0203443,-0.178646
315.359,370,0.389655,0.346051,-0.0400898,-0.174562
316.225,369.5,0.410206,0.36134,-0.0417835,-0.189624
317.091,369,0.420358,0.3738,-0.0369524,-0.188703
317.957,368.5,0.425798,0.37674,-0.0229496,-0.197089
318.823,368,0.429379,0.377675,-0.00520705,-0.204207
319.689,367.5,0.446927,0.401786,0.00193952,-0.195723
320.555,367,0.489517,0.453577,-0.00260639,-0.184088
321.421,366.5,0.532245,0.502969,-0.00819627,-0.173896
322.287,366,0.561967,0.535046,-0.0211035,-0.170549
323.153,365.5,0.590442,0.564601,-0.0328964,-0.169601
324.019,365,0.619429,0.593134,-0.0436222,-0.17315
324.885,364.5,0.667303,0.641912,-0.0394982,-0.177993
325.751,364,0.714618,0.689554,-0.0360452,-0.184106
326.617,363.5,0.761301,0.736038,-0.0333371,-0.191612
327.483,363,0.754716,0.735063,-0.0448422,-0.165132
328.349,362.5,0.775661,0.769867,-0.0662791,-0.0675393
329.215,362,0.792505,0.786985,-0.0706607,-0.0610468
330.081,361.5,0.80753,0.80156,-0.0752751,-0.0627732
330.947,361,0.816947,0.80967,-0.0788026,-0.0750137
331.813,360.5,0.691714,0.673823,-0.0608414,-0.14398
332.679,360,0.690004,0.666961,-0.0671984,-0.163564
333.546,359.5,0.701319,0.672453,-0.0778882,-0.183272
334.412,359,0.76227,0.729178,-0.0877769,-0.204084
335.278,358.5,0.837524,0.800239,-0.0915956,-0.229508
336.144,358,0.916456,0.875103,-0.106058,-0.250673
337.01,357.5,1.00141,0.957088,-0.130161,-0.264304
337.876,357,1.09224,1.04559,-0.160166,-0.272187
338.742,356.5,1.12866,1.0824,-0.154245,-0.280173
339.608,356,1.1362,1.09059,-0.134889,-0.288764
340.474,355.5,1.14007,1.09345,-0.112182,-0.302578
341.34,355,1.09941,1.04807,-0.04967,-0.328305
342.206,354.5,1.09148,1.02261,0.00462746,-0.381529
343.072,354,1.1018,1.00419,0.0546076,-0.450092
343.938,353.5,1.02096,0.926011,0.0826294,-0.421954
344.804,353,0.955527,0.860857,0.103204,-0.401629
345.67,352.5,0.911572,0.811777,0.120014,-0.396961
346.536,352,0.863639,0.755537,0.159362,-0.386834
347.402,351.5,0.825475,0.701114,0.209384,-0.382107
348.268,351,0.786501,0.663071,0.241629,-0.347183
349.134,350.5,0.705926,0.597924,0.270051,-0.260557
350,350,0.624989,0.530273,0.295987,-0.147692
350.866,349.5,0.676537,0.542428,0.401817,0.0449104
351.732,349,0.751892,0.629556,0.342212,0.227796
352.598,348.5,0.830429,0.689565,0.235548,0.398282
353.464,348,0.886607,0.6971,0.116737,0.535253
354.33,347.5,0.811199,0.610924,-0.0259855,0.533048
355.196,347,0.747917,0.528555,-0.12521,0.514132
356.062,346.5,0.674794,0.433086,-0.155281,0.493631
356.928,346,0.686836,0.420896,-0.222871,0.494893
357.794,345.5,0.684894,0.426593,-0.221468,0.487904
358.66,345,0.679349,0.441786,-0.203577,0.474233
359.526,344.5,0.678527,0.468837,-0.179184,0.456601
360.392,344,0.676606,0.504696,-0.131111,0.431147
361.258,343.5,0.68408,0.536471,-0.0952926,0.413623
362.124,343,0.69306,0.559175,-0.0747358,0.40258
362.99,342.5,0.685013,0.572291,-0.0692721,0.370037
363.856,342,0.680336,0.582731,-0.0679766,0.344472
364.722,341.5,0.680325,0.590071,-0.068769,0.331555
365.588,341,0.696059,0.603823,-0.0553691,0.341804
366.454,340.5,0.719312,0.621273,-0.0283948,0.36142
367.321,340,0.745513,0.639647,-0.00946158,0.382822
368.187,339.5,0.775624,0.665395,-0.00170734,0.398547
369.053,339,0.797377,0.684158,-0.00754083,0.409489
369.919,338.5,0.814299,0.696908,-0.0133083,0.420981
370.785,338,0.829029,0.705956,-0.0107738,0.43451
371.651,337.5,0.845752,0.712619,0.00303479,0.455479
372.517,337,0.86662,0.719935,0.00826227,0.482343
373.383,336.5,0.893448,0.7345,0.00926748,0.508599
374.249,336,0.913424,0.732322,-0.00828203,0.545875
375.115,335.5,0.925551,0.724085,-0.0329067,0.575554
375.981,335,0.930121,0.709821,-0.0645655,0.597587
376.847,334.5,0.919736,0.696999,-0.0701682,0.595972
377.713,334,0.907593,0.682346,-0.0768118,0.593489
378.579,333.5,0.894531,0.665937,-0.086394,0.590974
379.445,333,0.85983,0.635967,-0.0733628,0.573996
380.311,332.5,0.822876,0.60282,-0.0553282,0.55738
381.177,332,0.790523,0.571199,-0.0355179,0.545342
382.043,331.5,0.779953,0.557174,-0.0310087,0.544905
382.909,331,0.776075,0.547234,-0.0287929,0.549543
383.775,330.5,0.771456,0.533329,-0.0218562,0.556981
384.641,330,0.767831,0.518896,-0.0109664,0.565854
385.507,329.5,0.766681,0.50189,0.00117927,0.579574
386.373,329,0.781407,0.510841,0.0140662,0.591135
387.239,328.5,0.796786,0.519394,0.0234607,0.603777
388.105,328,0.811362,0.537706,0.0259908,0.607046
388.971,327.5,0.824422,0.547501,0.0268909,0.615785
389.837,327,0.836917,0.54972,0.0244853,0.630587
390.703,326.5,0.855069,0.563506,0.00953191,0.64305
391.569,326,0.8741,0.582147,-0.00726482,0.652
392.435,325.5,0.891847,0.594097,-0.0210694,0.664827
393.301,325,0.904964,0.603929,-0.0291102,0.673337
394.167,324.5,0.911138,0.606828,-0.039344,0.678516
395.033,324,0.910249,0.603503,-0.0510543,0.679507
395.899,323.5,0.903851,0.592159,-0.0445286,0.681404
396.765,323,0.890049,0.567047,-0.0385196,0.684953
397.631,322.5,0.868841,0.529574,-0.0335749,0.687974
398.497,322,0.83647,0.492171,-0.0329142,0.675549
399.363,321.5,0.798639,0.444469,-0.0397077,0.66234
400.229,321,0.765488,0.399393,-0.0489469,0.6512
401.095,320.5,0.746795,0.378318,-0.0379186,0.64276
401.962,320,0.734737,0.362129,-0.0190621,0.639012
402.828,319.5,0.725192,0.339516,-0.0036835,0.640796
403.694,319,0.687962,0.327139,0.00705723,0.605163
404.56,318.5,0.619418,0.340168,0.0137538,0.517469
405.426,318,0.661049,0.413501,0.0131151,0.515587
406.292,317.5,0.664362,0.424302,0.016301,0.510959
407.158,317,0.671501,0.433027,0.0180964,0.512907
408.024,316.5,0.674273,0.442961,0.00815168,0.508295
408.89,316,0.674503,0.451719,-0.00897817,0.500823
409.756,315.5,0.675281,0.457763,-0.0289749,0.495599
410.622,315,0.676734,0.461092,-0.0518386,0.492621
411.488,314.5,0.679079,0.461707,-0.0775692,0.491891
412.354,314,0.651982,0.45017,-0.087115,0.463508
413.22,313.5,0.624481,0.444856,-0.0818857,0.430552
414.086,313,0.605759,0.452643,-0.0628833,0.397623
414.952,312.5,0.588076,0.456619,-0.0461436,0.367701
415.818,312,0.570779,0.456784,-0.0316667,0.340785
416.684,311.5,0.446724,0.356783,0.00617741,0.268756
417.55,311,0.432503,0.344399,0.0185256,0.260969
418.416,310.5,0.431749,0.341586,0.0282132,0.262545
419.282,310,0.450644,0.36408,0.024052,0.264475
420.148,309.5,0.476822,0.392499,0.0144182,0.270362
421.014,309,0.504983,0.417279,-0.00187294,0.284398
421.88,308.5,0.537193,0.44067,-0.0282136,0.305925
422.746,308,0.573177,0.464583,-0.0550219,0.331161
423.612,307.5,0.60424,0.488753,-0.0579955,0.350519
424.478,307,0.607396,0.501378,-0.0447697,0.33992
425.344,306.5,0.603777,0.508762,-0.0379527,0.322905
426.21,306,0.608175,0.521958,-0.0418973,0.309325
427.076,305.5,0.628046,0.539774,-0.0576142,0.31586
427.942,305,0.663238,0.561665,-0.0848315,0.342375
428.808,304.5,0.664332,0.552488,-0.0700193,0.362205
429.674,304,0.672807,0.551271,-0.0485394,0.382641
430.54,303.5,0.690173,0.557166,-0.0297805,0.406223
431.406,303,0.722996,0.591838,-0.02429,0.414561
432.272,302.5,0.754909,0.623837,-0.0322039,0.423884
433.138,302,0.779302,0.645503,-0.0457795,0.434214
434.004,301.5,0.767646,0.63221,-0.0255859,0.434668
434.87,301,0.729194,0.59527,-0.00255485,0.421153
435.737,300.5,0.668757,0.54107,0.0127757,0.39283
436.603,300,0.595435,0.476891,0.0193933,0.356007
437.469,299.5,0.517278,0.40648,0.0245157,0.318981
438.335,299,0.556317,0.396748,0.0334012,0.388541
439.201,298.5,0.530066,0.344138,0.0417301,0.400996
440.067,298,0.509024,0.289813,0.049083,0.415578
440.933,297.5,0.511722,0.291305,0.0275881,0.419809
441.799,297,0.512702,0.293759,0.00831,0.420119
442.665,296.5,0.509897,0.291224,-0.00447635,0.418526
443.531,296,0.502842,0.283699,-0.010771,0.415029
444.397,295.5,0.491374,0.271186,-0.0105739,0.409628
445.263,295,0.475641,0.253683,-0.00388507,0.402324
446.129,294.5,0.453782,0.237978,0.00774327,0.386297
446.995,294,0.42902,0.226575,0.0188795,0.363821
447.861,293.5,0.404773,0.213226,0.0292958,0.342808
448.727,293,0.381043,0.197933,0.0389921,0.323258
449.593,292.5,0.362796,0.18847,0.0462366,0.306533
450.459,292,0.372224,0.218734,0.0442895,0.2979
451.325,291.5,0.382602,0.245457,0.0445562,0.290085
452.191,291,0.392752,0.265866,0.0504519,0.284647
453.057,290.5,0.402351,0.285482,0.0541939,0.278297
453.923,290,0.411307,0.304305,0.055782,0.271036
454.789,289.5,0.419579,0.322337,0.0552163,0.262863
455.655,289,0.427167,0.339577,0.0524968,0.253778
456.521,288.5,0.434109,0.356024,0.0476236,0.243782
457.387,288,0.451442,0.378287,0.0380658,0.243413
458.253,287.5,0.468713,0.39883,0.0286148,0.244556
459.119,287,0.484592,0.417707,0.0211046,0.244755
459.985,286.5,0.503321,0.440596,0.0180552,0.242654
460.851,286,0.523881,0.464572,0.0146558,0.24168
461.717,285.5,0.546208,0.489634,0.0109063,0.241831
462.583,285,0.572254,0.51721,0.00927752,0.244709
463.449,284.5,0.60153,0.547575,0.00979962,0.248803
464.315,284,0.652452,0.608356,0.0210245,0.234851
465.181,283.5,0.710684,0.665466,0.0224552,0.24844
466.047,283,0.767685,0.722242,0.0226148,0.259219
466.913,282.5,0.791576,0.746486,0.0232421,0.26232
467.779,282,0.812142,0.767541,0.0263719,0.264122
468.645,281.5,0.823687,0.779778,0.0292304,0.263726
469.512,281,0.809879,0.763777,0.0251822,0.268168
470.378,280.5,0.792326,0.738891,0.0208601,0.285282
471.244,280,0.778095,0.716675,0.0230308,0.302124
472.11,279.5,0.761006,0.702532,0.031721,0.290816
472.976,279,0.733054,0.682034,0.0478322,0.264404
473.842,278.5,0.689678,0.64075,0.0711424,0.245018
474.708,278,0.639314,0.585702,0.0964764,0.23742
475.574,277.5,0.591028,0.526687,0.120313,0.239666
476.44,277,0.558416,0.495028,0.130111,0.223264
477.306,276.5,0.531027,0.469294,0.133917,0.209331
478.172,276,0.50026,0.446919,0.120106,0.189993
479.038,275.5,0.472952,0.424711,0.103713,0.180411
