x,v,vx,vy,vz
220.096,425,0.574654,0.57342,-0.00276124,-0.0375441
220.962,424.5,0.573033,0.571882,-0.00234732,-0.0362161
221.828,424,0.571378,0.570303,-0.00197737,-0.0349688
222.694,423.5,0.569697,0.568691,-0.00165463,-0.033811
223.56,423,0.567665,0.566734,-0.00141771,-0.0324711
224.426,422.5,0.56554,0.564681,-0.00126694,-0.0311373
225.292,422,0.562519,0.561717,-0.00114053,-0.0300022
226.158,421.5,0.558744,0.557998,-0.00103495,-0.028848
227.024,421,0.554442,0.553746,-0.000929775,-0.0277496
227.89,420.5,0.549756,0.549103,-0.000802562,-0.0267673
228.756,420,0.544465,0.543847,-0.000529644,-0.0259213
229.622,419.5,0.539496,0.538895,-2.7678e-05,-0.0254499
230.488,419,0.535106,0.534506,0.000582802,-0.0253214
231.355,418.5,0.529929,0.529322,0.00124147,-0.0253293
232.221,418,0.523866,0.523239,0.00199793,-0.025549
233.087,417.5,0.517364,0.516709,0.00277236,-0.0258872
233.953,417,0.510408,0.509712,0.00355207,-0.026402
234.819,416.5,0.509088,0.508305,0.00409802,-0.0279266
235.685,416,0.507657,0.506786,0.00458544,-0.0293566
236.551,415.5,0.506026,0.505069,0.00502381,-0.0306878
237.417,415,0.504561,0.503505,0.00555981,-0.0321568
238.283,414.5,0.503148,0.501994,0.00592169,-0.0335319
239.149,414,0.504528,0.503316,0.00597572,-0.0344296
240.015,413.5,0.508895,0.507682,0.00597305,-0.0346057
240.881,413,0.513253,0.512063,0.00593127,-0.0344333
241.747,412.5,0.517538,0.516392,0.00583056,-0.033924
242.613,412,0.522117,0.521066,0.00576723,-0.0326116
243.479,411.5,0.526796,0.525855,0.00577744,-0.0309309
244.345,411,0.530505,0.52961,0.00647771,-0.0301168
245.211,410.5,0.53373,0.532903,0.0074497,-0.0287469
246.077,410,0.536357,0.535602,0.00866867,-0.0270873
246.943,409.5,0.538406,0.537707,0.0100442,-0.025529
247.809,409,0.539556,0.538897,0.0116626,-0.0239752
248.675,408.5,0.537739,0.537096,0.0133447,-0.0226532
249.541,408,0.534426,0.533775,0.0149053,-0.0217573
250.407,407.5,0.530796,0.530121,0.016393,-0.0211622
251.273,407,0.52627,0.525562,0.017652,-0.0208056
252.139,406.5,0.521697,0.520941,0.0189557,-0.0207116
253.005,406,0.516789,0.515974,0.0202368,-0.0207829
253.871,405.5,0.509412,0.508583,0.0209367,-0.020129
254.737,405,0.502221,0.501376,0.0216227,-0.0195019
255.603,404.5,0.495216,0.494353,0.0222948,-0.0189016
256.469,404,0.487328,0.486491,0.0222001,-0.0179639
257.335,403.5,0.479488,0.478679,0.0220378,-0.0170094
258.201,403,0.471641,0.470847,0.0218947,-0.0164183
259.067,402.5,0.463499,0.462746,0.0211397,-0.0158368
259.933,402,0.455242,0.45453,0.0202586,-0.0153966
260.799,401.5,0.44694,0.446257,0.0194598,-0.0152109
261.665,401,0.438057,0.437395,0.0186642,-0.015201
262.531,400.5,0.428826,0.428194,0.0176725,-0.0151375
263.397,400,0.420712,0.420145,0.016255,-0.01457
264.263,399.5,0.41299,0.412474,0.0150855,-0.0140827
265.13,399,0.405517,0.405043,0.0141352,-0.0135687
265.996,398.5,0.398441,0.398004,0.0129819,-0.013396
266.862,398,0.391534,0.39112,0.0120607,-0.0133483
267.728,397.5,0.385649,0.385249,0.0125594,-0.0122518
268.594,397,0.380779,0.380404,0.0129772,-0.0108405
269.46,396.5,0.376587,0.376239,0.0132207,-0.00934023
270.326,396,0.373779,0.373451,0.0136609,-0.00761589
271.192,395.5,0.372159,0.37184,0.0140131,-0.00641436
272.058,395,0.371787,0.371494,0.0137089,-0.00548487
272.924,394.5,0.369791,0.369763,0.00400493,-0.00210361
273.79,394,0.371268,0.371237,-0.00480007,-0.000230456
274.656,393.5,0.376182,0.375971,-0.0125903,9.53004e-05
275.522,393,0.37362,0.37303,-0.020649,-0.00377375
276.388,392.5,0.364664,0.363367,-0.0297588,-0.00767066
277.254,392,0.357122,0.354936,-0.0375853,-0.0120004
278.12,391.5,0.366101,0.361397,-0.0538651,-0.0228156
278.986,391,0.377158,0.366745,-0.0778678,-0.0410224
279.852,390.5,0.384554,0.364106,-0.105627,-0.0644328
280.718,390,0.363607,0.335301,-0.135813,-0.0365825
281.584,389.5,0.341501,0.296744,-0.164178,0.0401425
282.45,389,0.349758,0.272329,-0.188844,0.111828
283.316,388.5,0.372143,0.255854,-0.184463,0.197492
284.182,388,0.406283,0.235677,-0.124405,0.306668
285.048,387.5,0.456407,0.195691,-0.0626013,0.407545
285.914,387,0.504853,0.1354,0.000844017,0.486356
286.78,386.5,0.514527,0.0747753,0.0645472,0.504956
287.646,386,0.550675,0.0150422,0.130731,0.53472
288.512,385.5,0.599583,-0.0631218,0.227763,0.551035
289.378,385,0.562094,-0.14834,0.287075,0.459927
290.244,384.5,0.384603,-0.160708,0.213031,0.276966
291.11,384,0.363775,-0.227974,0.220076,0.178679
291.976,383.5,0.277252,-0.172059,0.199993,0.08525
292.842,383,0.231247,-0.127217,0.192991,0.00675711
293.708,382.5,0.23534,-0.104753,0.20326,-0.0556524
294.574,382,0.232249,-0.0757535,0.218352,-0.0228762
295.44,381.5,0.226577,-0.0475058,0.21757,0.0417562
296.306,381,0.226845,-0.007296,0.208211,0.0897416
297.172,380.5,0.225314,0.0162526,0.185869,0.126314
298.038,380,0.219764,0.033556,0.156416,0.150679
298.905,379.5,0.223427,0.041842,0.140203,0.168855
299.771,379,0.214042,0.0511458,0.133122,0.159614
300.637,378.5,0.186765,0.0875899,0.121604,0.111453
301.503,378,0.185099,0.14064,0.103108,0.0620534
302.369,377.5,0.211763,0.188574,0.0941683,0.0203898
303.235,377,0.236442,0.212613,0.103049,0.00901798
304.101,376.5,0.239259,0.219087,0.0949042,-0.0154482
304.967,376,0.227047,0.210523,0.0682949,-0.050656
305.833,375.5,0.228086,0.214907,0.00978554,-0.0757778
306.699,375,0.227961,0.217996,-0.0376693,-0.0550007
307.565,374.5,0.254734,0.230614,-0.0781665,-0.0748107
308.431,374,0.282057,0.239925,-0.116026,-0.0923564
309.297,373.5,0.323498,0.267872,-0.150238,-0.101605
310.163,373,0.374001,0.320026,-0.169632,-0.0931926
311.029,372.5,0.426067,0.374247,-0.185141,-0.0848243
311.895,372,0.588472,0.507447,-0.280733,-0.0999331
312.761,371.5,0.658171,0.578703,-0.300848,-0.0882199
313.627,371,0.695992,0.633953,-0.278783,-0.0691878
314.493,370.5,0.715292,0.674932,-0.231593,-0.0497385
315.359,370,0.718291,0.690448,-0.194173,-0.0389933
316.225,369.5,0.721151,0.701824,-0.160902,-0.0401461
317.091,369,0.721791,0.708732,-0.124565,-0.0562557
317.957,368.5,0.73129,0.722145,-0.0854673,-0.0773701
318.823,368,0.742566,0.733892,-0.0571397,-0.0976857
319.689,367.5,0.73852,0.729874,-0.062271,-0.0939081
320.555,367,0.741014,0.733112,-0.0674865,-0.0842261
321.421,366.5,0.750595,0.74313,-0.0695005,-0.0795019
322.287,366,0.76356,0.754768,-0.0762189,-0.0868373
323.153,365.5,0.779311,0.767512,-0.0905376,-0.100265
324.019,365,0.797797,0.780779,-0.112455,-0.119242
324.885,364.5,0.794023,0.765589,-0.114378,-0.176814
325.751,364,0.805092,0.757783,-0.125357,-0.241297
326.617,363.5,0.83224,0.757488,-0.14553,-0.3125
327.483,363,0.836085,0.728911,-0.0977871,-0.397699
328.349,362.5,0.848891,0.697437,-0.0345683,-0.482705
329.215,362,0.874086,0.662039,0.0284372,-0.570019
330.081,361.5,0.870121,0.62474,0.0759058,-0.600873
330.947,361,0.845855,0.584704,0.126494,-0.597989
331.813,360.5,0.821539,0.543015,0.187441,-0.587304
332.679,360,0.798535,0.500613,0.212745,-0.584623
333.546,359.5,0.771689,0.460025,0.196303,-0.587661
334.412,359,0.744759,0.425339,0.177317,-0.585074
335.278,358.5,0.723539,0.404341,0.154668,-0.579738
336.144,358,0.70709,0.395676,0.128763,-0.571696
337.01,357.5,0.68407,0.377686,0.116795,-0.558268
337.876,357,0.656065,0.356662,0.121411,-0.537097
338.742,356.5,0.633369,0.342141,0.144959,-0.512916
339.608,356,0.604319,0.315601,0.16328,-0.488812
340.474,355.5,0.569818,0.283689,0.17333,-0.462785
341.34,355,0.582962,0.308052,0.152612,-0.470806
342.206,354.5,0.608713,0.346449,0.123868,-0.484935
343.072,354,0.64435,0.400322,0.0844649,-0.49779
343.938,353.5,0.651327,0.445385,0.0676179,-0.470411
344.804,353,0.712361,0.514675,0.0814727,-0.485726
345.67,352.5,0.7733,0.563401,0.101571,-0.519862
346.536,352,0.834631,0.602567,0.13896,-0.560546
347.402,351.5,0.883881,0.632943,0.195546,-0.585142
348.268,351,0.895559,0.621717,0.263501,-0.58827
349.134,350.5,0.844112,0.543541,0.34588,-0.545395
350,350,0.694649,0.415802,0.305188,-0.465303
350.866,349.5,0.6039,0.30089,0.322011,-0.412879
351.732,349,0.510066,0.187698,0.266706,-0.392179
352.598,348.5,0.454657,0.089388,0.140326,-0.423121
353.464,348,0.478058,-0.102603,-0.0396055,-0.465234
354.33,347.5,0.599478,-0.0794497,-0.0430121,-0.592631
355.196,347,0.636785,-0.000674527,0.0245945,-0.63631
356.062,346.5,0.544184,0.124357,0.116715,-0.516768
356.928,346,0.383376,0.253735,0.144766,-0.248271
357.794,345.5,0.468027,0.443122,0.128138,0.079198
358.66,345,0.760139,0.644623,0.0353651,0.401274
359.526,344.5,0.954308,0.751329,-0.0429025,0.586828
360.392,344,1.09029,0.864354,-0.0689957,0.660961
361.258,343.5,1.18607,0.949088,-0.0830808,0.706456
362.124,343,1.23062,0.995491,-0.0853054,0.718429
362.99,342.5,1.18678,0.983867,-0.0742505,0.659506
363.856,342,1.13513,0.964375,-0.0644741,0.595272
364.722,341.5,1.08577,0.942406,-0.0577814,0.536121
365.588,341,1.05692,0.928633,-0.0522156,0.501981
366.454,340.5,1.04564,0.92486,-0.0447008,0.485806
367.321,340,1.04194,0.926617,-0.0426489,0.474559
368.187,339.5,1.02656,0.917966,-0.0499498,0.4568
369.053,339,1.00194,0.901752,-0.0627177,0.432206
369.919,338.5,0.976507,0.885926,-0.0737287,0.404061
370.785,338,0.955914,0.874797,-0.0774614,0.377493
371.651,337.5,0.952617,0.875689,-0.0644487,0.369451
372.517,337,0.950304,0.876924,-0.0410865,0.36386
373.383,336.5,0.93792,0.868559,-0.015399,0.353642
374.249,336,0.928868,0.859483,-0.00157351,0.352254
375.115,335.5,0.919213,0.849722,0.00763888,0.350523
375.981,335,0.908788,0.839259,0.0122221,0.348411
376.847,334.5,0.901094,0.832532,0.00821987,0.344664
377.713,334,0.896512,0.826433,0.003662,0.347458
378.579,333.5,0.894433,0.82031,-0.00122131,0.356513
379.445,333,0.8994,0.822521,0.0017114,0.363838
380.311,332.5,0.903141,0.823706,0.00801534,0.37028
381.177,332,0.915052,0.835554,0.01283,0.372836
382.043,331.5,0.935214,0.859512,0.0112698,0.368425
382.909,331,0.950307,0.876649,0.011054,0.366671
383.775,330.5,0.961884,0.887861,0.0138798,0.369773
384.641,330,0.972178,0.898232,0.0199046,0.371367
385.507,329.5,0.977009,0.90419,0.0304449,0.368865
386.373,329,0.97844,0.910608,0.0409017,0.355619
387.239,328.5,0.980588,0.91744,0.0448958,0.343281
388.105,328,0.983038,0.924083,0.0367431,0.333292
388.971,327.5,0.992426,0.936932,0.0281643,0.325998
389.837,327,1.00209,0.950438,0.0228998,0.316757
390.703,326.5,0.967383,0.921539,0.030574,0.29268
391.569,326,0.925366,0.883964,0.0344454,0.271522
392.435,325.5,0.8953,0.85807,0.0347326,0.253124
393.301,325,0.891031,0.852011,0.0250543,0.259588
394.167,324.5,0.883213,0.844995,0.0199471,0.256224
395.033,324,0.871133,0.836046,0.0190979,0.243996
395.899,323.5,0.839348,0.804984,0.0291098,0.235921
396.765,323,0.804266,0.772533,0.0387204,0.220309
397.631,322.5,0.766239,0.738771,0.0462158,0.197997
398.497,322,0.720687,0.697214,0.039232,0.178164
399.363,321.5,0.676613,0.657172,0.0335064,0.157505
400.229,321,0.643473,0.628269,0.0295355,0.135876
401.095,320.5,0.628109,0.616112,0.0176539,0.120891
401.962,320,0.62426,0.614511,0.00358728,0.109838
402.828,319.5,0.62675,0.618726,-0.00813959,0.0996356
403.694,319,0.633937,0.626585,-0.0161044,0.0949082
404.56,318.5,0.635701,0.628107,-0.0166482,0.0965416
405.426,318,0.610525,0.602683,-0.00756141,0.097244
406.292,317.5,0.59082,0.581847,0.00320686,0.10253
407.158,317,0.596938,0.58394,0.017262,0.122683
408.024,316.5,0.61905,0.598977,0.0315104,0.153154
408.89,316,0.657139,0.626047,0.0456971,0.194444
409.756,315.5,0.695361,0.649913,0.0368989,0.244494
410.622,315,0.724709,0.66694,0.0189997,0.2829
411.488,314.5,0.744259,0.677799,0.00410329,0.307399
412.354,314,0.741235,0.671187,-0.0303587,0.313075
413.22,313.5,0.736095,0.662107,-0.0555944,0.316795
414.086,313,0.733497,0.656321,-0.0680133,0.320366
414.952,312.5,0.755588,0.679968,-0.0632182,0.323357
415.818,312,0.779956,0.70425,-0.0610765,0.329594
416.684,311.5,0.806327,0.727969,-0.0619706,0.34115
417.55,311,0.825062,0.741876,-0.0475491,0.357892
418.416,310.5,0.835387,0.744934,-0.0208354,0.377504
419.282,310,0.832316,0.742166,0.00622161,0.376696
420.148,309.5,0.825129,0.745824,0.0188555,0.352462
421.014,309,0.818837,0.754274,0.01704,0.318237
421.88,308.5,0.814837,0.763627,0.0117944,0.284068
422.746,308,0.805789,0.764116,0.00795674,0.255654
423.612,307.5,0.779993,0.740572,0.0165157,0.244273
424.478,307,0.763406,0.720887,0.0258591,0.249883
425.344,306.5,0.756301,0.712217,0.0314703,0.252485
426.21,306,0.750457,0.706265,0.0310172,0.251819
427.076,305.5,0.743871,0.698921,0.0320677,0.252635
427.942,305,0.737056,0.690541,0.0347979,0.255331
428.808,304.5,0.769129,0.715402,0.049338,0.278075
429.674,304,0.810046,0.751421,0.0654324,0.295399
430.54,303.5,0.859056,0.797154,0.0837189,0.309053
431.406,303,0.852993,0.800247,0.0822398,0.283617
432.272,302.5,0.82752,0.784848,0.0752146,0.251287
433.138,302,0.793307,0.75801,0.0655983,0.224617
434.004,301.5,0.780073,0.743375,0.0575629,0.229332
434.87,301,0.775153,0.736941,0.0520447,0.234674
435.737,300.5,0.772282,0.7346,0.0473939,0.233529
436.603,300,0.731122,0.69753,0.040473,0.215297
437.469,299.5,0.646498,0.619648,0.0325022,0.181491
438.335,299,0.604959,0.577349,0.0300611,0.178156
439.201,298.5,0.565137,0.544464,0.0288783,0.148676
440.067,298,0.524422,0.510857,0.0287645,0.114959
440.933,297.5,0.531521,0.518758,0.0162298,0.114635
441.799,297,0.543382,0.530451,0.00192446,0.11782
442.665,296.5,0.550443,0.537169,-0.0114318,0.119609
443.531,296,0.552625,0.538912,-0.0238388,0.12
444.397,295.5,0.549872,0.535681,-0.0352967,0.118995
445.263,295,0.542145,0.527474,-0.0458054,0.116593
446.129,294.5,0.541599,0.527809,-0.0458954,0.11243
446.995,294,0.559818,0.548622,-0.035485,0.105594
447.861,293.5,0.588271,0.579843,-0.0244523,0.0961583
448.727,293,0.62727,0.621472,-0.0127973,0.0841214
449.593,292.5,0.674488,0.670735,-0.000956358,0.0710507
450.459,292,0.709359,0.706345,0.00853469,0.0647568
451.325,291.5,0.731444,0.7289,0.0153247,0.0589961
452.191,291,0.719022,0.716413,0.0120976,0.0599872
453.057,290.5,0.71211,0.709429,0.0100152,0.0609075
453.923,290,0.654762,0.653885,0.000506197,0.0338609
454.789,289.5,0.689842,0.688879,-0.0012661,0.0364255
455.655,289,0.721899,0.720814,0.00660988,0.0390116
456.521,288.5,0.751159,0.749684,0.0211875,0.0419997
457.387,288,0.782966,0.780179,0.0290902,0.0592483
458.253,287.5,0.814505,0.810576,0.0380702,0.0702475
459.119,287,0.827341,0.823067,0.0330433,0.0772092
459.985,286.5,0.832929,0.828223,0.0251787,0.0847566
460.851,286,0.832817,0.82747,0.0151103,0.0930072
461.717,285.5,0.828611,0.82277,0.00344465,0.0981588
462.583,285,0.817363,0.811074,-0.0120621,0.100479
463.449,284.5,0.810676,0.803624,-0.0259779,0.103481
464.315,284,0.80943,0.802995,-0.0374994,0.0947162
465.181,283.5,0.809874,0.804323,-0.0412855,0.085186
466.047,283,0.811598,0.807229,-0.0373442,0.0753534
466.913,282.5,0.798004,0.793798,-0.0349859,0.0739617
467.779,282,0.784115,0.780156,-0.0323561,0.0717286
468.645,281.5,0.770087,0.766554,-0.0292761,0.0676215
469.512,281,0.752736,0.749496,-0.0287157,0.0635819
470.378,280.5,0.734397,0.731644,-0.0300946,0.0559583
471.244,280,0.722688,0.720434,-0.0312199,0.0477196
472.11,279.5,0.715021,0.713277,-0.0291646,0.040516
472.976,279,0.709682,0.7084,-0.0259286,0.0338424
473.842,278.5,0.707787,0.707003,-0.0210107,0.0258416
474.708,278,0.706216,0.705764,-0.0156623,0.0198316
475.574,277.5,0.695532,0.69512,-0.014378,0.0191682
476.44,277,0.677032,0.67657,-0.018644,0.0166763
477.306,276.5,0.66508,0.66434,-0.027008,0.0159457
478.172,276,0.666611,0.664701,-0.0411302,0.0291722
479.038,275.5,0.674642,0.670995,-0.055797,0.0423656
