x,v,vx,vy,vz
220.096,425,0.508987,0.508948,-0.00249252,-0.00580006
220.962,424.5,0.509687,0.509648,-0.000968404,-0.00623554
221.828,424,0.509986,0.509946,0.000312552,-0.00635843
222.694,423.5,0.509873,0.509834,0.00134125,-0.0061714
223.56,423,0.509621,0.509586,0.00218154,-0.00549121
224.426,422.5,0.509253,0.509225,0.00268378,-0.00454453
225.292,422,0.512716,0.512708,0.00120962,-0.00252952
226.158,421.5,0.516461,0.516461,6.75117e-05,-0.000565509
227.024,421,0.520096,0.520094,-0.000574626,0.00124842
227.89,420.5,0.523665,0.523657,-0.000739599,0.0028995
228.756,420,0.526914,0.526896,-0.000414534,0.00443731
229.622,419.5,0.526697,0.526669,0.000100965,0.00547347
230.488,419,0.522875,0.52284,0.000265789,0.00599778
231.355,418.5,0.519041,0.518999,0.000134715,0.00658794
232.221,418,0.515182,0.51513,-0.000163121,0.00732132
233.087,417.5,0.511462,0.511397,-0.000624717,0.00813369
233.953,417,0.507929,0.507847,-0.00125454,0.00903211
234.819,416.5,0.511088,0.51098,-0.00073565,0.0105146
235.685,416,0.514016,0.513877,-6.53934e-05,0.0119814
236.551,415.5,0.516611,0.516436,0.000738887,0.0134285
237.417,415,0.518922,0.518703,0.00165408,0.0149767
238.283,414.5,0.520887,0.52062,0.00257667,0.016478
239.149,414,0.520389,0.520084,0.00273506,0.017604
240.015,413.5,0.518034,0.517697,0.00218277,0.0185715
240.881,413,0.515913,0.515536,0.00163439,0.0196332
241.747,412.5,0.514015,0.513594,0.00108684,0.0207743
242.613,412,0.512406,0.511934,0.000509071,0.0219975
243.479,411.5,0.51121,0.510679,7.60591e-05,0.0232907
244.345,411,0.512753,0.512145,0.00115265,0.0249356
245.211,410.5,0.513737,0.513048,0.00199157,0.0265369
246.077,410,0.514217,0.513442,0.00262133,0.0281007
246.943,409.5,0.514287,0.513423,0.00316361,0.029633
247.809,409,0.513817,0.512861,0.0036425,0.0311138
248.675,408.5,0.512656,0.511635,0.00359344,0.0321398
249.541,408,0.511317,0.51025,0.00330263,0.0328564
250.407,407.5,0.509749,0.508633,0.00311333,0.033571
251.273,407,0.507479,0.506309,0.00290247,0.034314
252.139,406.5,0.505085,0.50386,0.00285164,0.0350387
253.005,406,0.502527,0.501241,0.00305298,0.0358013
253.871,405.5,0.499214,0.49782,0.0041858,0.0370435
254.737,405,0.495565,0.494058,0.00531521,0.0382452
255.603,404.5,0.491579,0.489954,0.0064412,0.0394063
256.469,404,0.486191,0.484411,0.00783736,0.0408213
257.335,403.5,0.480376,0.47843,0.00917735,0.0422029
258.201,403,0.474199,0.472117,0.0105054,0.0431247
259.067,402.5,0.467104,0.464851,0.0123754,0.0441196
259.933,402,0.459527,0.457072,0.0144392,0.0451871
260.799,401.5,0.451652,0.448975,0.0165653,0.0462246
261.665,401,0.443196,0.440196,0.0196407,0.0475804
262.531,400.5,0.434052,0.430625,0.0232491,0.0492227
263.397,400,0.423396,0.419461,0.0265793,0.051086
264.263,399.5,0.411901,0.407381,0.0297753,0.0530715
265.13,399,0.399432,0.394233,0.0329036,0.0551739
265.996,398.5,0.386566,0.380616,0.0360503,0.0571423
266.862,398,0.373037,0.366341,0.0381062,0.0591474
267.728,397.5,0.357373,0.350139,0.0375331,0.0609081
268.594,397,0.341236,0.33341,0.0368931,0.0625985
269.46,396.5,0.325443,0.316858,0.0361239,0.0648767
270.326,396,0.311524,0.301581,0.0347562,0.0699145
271.192,395.5,0.297943,0.286269,0.0333669,0.0755399
272.058,395,0.285449,0.27157,0.0320222,0.0818851
272.924,394.5,0.275298,0.257278,0.0343896,0.0917301
273.79,394,0.265463,0.242315,0.0364912,0.102089
274.656,393.5,0.256146,0.226703,0.0382729,0.112925
275.522,393,0.247434,0.208242,0.0426604,0.126645
276.388,392.5,0.241618,0.189897,0.0477275,0.141565
277.254,392,0.237057,0.168099,0.0526062,0.158654
278.12,391.5,0.232381,0.142588,0.0536057,0.175488
278.986,391,0.231724,0.115425,0.0521055,0.194057
279.852,390.5,0.238114,0.087155,0.0497464,0.215934
280.718,390,0.259148,0.06326,0.0388883,0.248282
281.584,389.5,0.299072,0.0366395,0.0176352,0.296295
282.45,389,0.361581,-0.0188832,-0.0121853,0.360882
283.316,388.5,0.448253,-0.0663271,-0.0453572,0.440992
284.182,388,0.549857,-0.0858582,-0.0756508,0.537818
285.048,387.5,0.861112,-0.0556512,-0.256303,0.820198
285.914,387,0.920953,-0.147385,-0.266258,0.869218
286.78,386.5,0.975166,-0.326646,-0.1765,0.90172
287.646,386,1.11065,-0.608477,0.035475,0.928461
288.512,385.5,1.35917,-0.935587,0.242127,0.955718
289.378,385,1.65611,-1.22117,0.418916,1.03728
290.244,384.5,1.81513,-1.3406,0.476126,1.12729
291.11,384,1.87259,-1.35437,0.429668,1.21969
291.976,383.5,1.87138,-1.30628,0.347043,1.29432
292.842,383,1.82946,-1.27811,0.214957,1.29117
293.708,382.5,1.83295,-1.30555,0.132667,1.27971
294.574,382,1.85126,-1.36733,0.126418,1.24161
295.44,381.5,1.82573,-1.4103,0.145071,1.15035
296.306,381,1.75153,-1.39706,0.154154,1.04513
297.172,380.5,1.63325,-1.34432,0.105441,0.921522
298.038,380,1.51466,-1.29538,0.0397591,0.783965
298.905,379.5,1.37504,-1.22955,0.0161453,0.615365
299.771,379,1.3086,-1.20596,-0.0217449,0.507569
300.637,378.5,1.25342,-1.17349,-0.0302094,0.439421
301.503,378,1.03174,-0.90691,-0.113811,0.478599
302.369,377.5,0.973506,-0.870566,-0.0495341,0.432867
303.235,377,1.25209,-1.15705,0.351687,0.324468
304.101,376.5,1.27234,-1.06033,0.439761,0.548772
304.967,376,1.096,-0.780762,0.271336,0.719719
305.833,375.5,0.997623,-0.541356,0.11128,0.830543
306.699,375,0.858449,-0.282775,-0.0669549,0.807768
307.565,374.5,0.752995,-0.0257522,-0.280698,0.698246
308.431,374,0.764562,0.165921,-0.453422,0.592818
309.297,373.5,0.724329,0.204072,-0.289421,0.631857
310.163,373,0.891387,0.365806,-0.0571306,0.810859
311.029,372.5,1.29169,0.545976,0.193979,1.15445
311.895,372,1.17991,0.480651,0.204091,1.05806
312.761,371.5,0.939786,0.352787,0.232926,0.839336
313.627,371,0.529722,0.139739,0.307664,0.407948
314.493,370.5,0.42325,-0.183961,0.285591,0.252462
315.359,370,0.507268,-0.406683,0.152232,0.262212
316.225,369.5,0.610277,-0.445951,0.0134132,0.416396
317.091,369,0.692881,-0.377143,-0.0808738,0.575592
317.957,368.5,0.823286,-0.299678,-0.197246,0.741004
318.823,368,0.769869,-0.152209,-0.314129,0.686187
319.689,367.5,0.696839,-0.0179678,-0.40212,0.568825
320.555,367,0.60293,0.0846238,-0.440283,0.403131
321.421,366.5,0.530861,0.126607,-0.477251,0.194976
322.287,366,0.548443,0.13349,-0.531532,0.0210698
323.153,365.5,0.629741,0.13594,-0.594616,-0.156606
324.019,365,0.688134,0.146305,-0.583866,-0.333502
324.885,364.5,0.806035,0.131926,-0.62559,-0.490841
325.751,364,0.883018,0.134973,-0.625602,-0.60838
326.617,363.5,0.945659,0.0791704,-0.556755,-0.76028
327.483,363,0.988548,-0.000551368,-0.410892,-0.899108
328.349,362.5,0.768925,-0.00176327,-0.124951,-0.758703
329.215,362,0.856763,-0.107973,-0.0635092,-0.847556
330.081,361.5,0.891509,-0.148444,-0.126344,-0.869937
330.947,361,0.922795,-0.134375,-0.237051,-0.881646
331.813,360.5,0.97864,-0.090828,-0.372157,-0.900548
332.679,360,1.0206,-0.0272362,-0.446166,-0.917502
333.546,359.5,1.04255,0.0491332,-0.432878,-0.947159
334.412,359,1.07736,0.134082,-0.41999,-0.983028
335.278,358.5,1.11302,0.210822,-0.425782,-1.00652
336.144,358,1.25209,0.309099,-0.438533,-1.13132
337.01,357.5,1.33703,0.40923,-0.442938,-1.19331
337.876,357,1.38322,0.454269,-0.407721,-1.24125
338.742,356.5,1.42449,0.507154,-0.364853,-1.28017
339.608,356,1.44343,0.551185,-0.291138,-1.30189
340.474,355.5,1.43035,0.568023,-0.204752,-1.29666
341.34,355,1.40764,0.583671,-0.148972,-1.27224
342.206,354.5,1.32551,0.57878,-0.111541,-1.18725
343.072,354,1.21382,0.55085,-0.0725633,-1.0792
343.938,353.5,1.11138,0.506667,-0.0343991,-0.988569
344.804,353,1.01593,0.447379,0.0196687,-0.911915
345.67,352.5,0.953733,0.406865,0.0975136,-0.857065
346.536,352,0.929619,0.398452,0.183848,-0.819529
347.402,351.5,0.890021,0.487131,0.204917,-0.716135
348.268,351,0.885369,0.634529,0.208229,-0.581284
349.134,350.5,0.983756,0.879739,0.218146,-0.382424
350,350,1.09778,1.0555,0.243753,-0.177847
350.866,349.5,1.12372,1.09028,0.272078,-0.000667277
351.732,349,1.03224,0.993367,0.249577,0.128255
352.598,348.5,0.934714,0.879687,0.22331,0.223548
353.464,348,0.886067,0.809917,0.174729,0.314035
354.33,347.5,0.864376,0.781683,0.100877,0.354883
355.196,347,0.884717,0.804541,0.0370823,0.366145
356.062,346.5,0.914987,0.829039,-0.00900769,0.387059
356.928,346,0.951776,0.85541,-0.0377377,0.415605
357.794,345.5,0.969386,0.870741,-0.0499144,0.423118
358.66,345,0.976359,0.875494,-0.0522989,0.429012
359.526,344.5,0.975963,0.872171,-0.0472351,0.435419
360.392,344,0.949688,0.854711,-0.0373693,0.412285
361.258,343.5,0.917561,0.832012,-0.035495,0.385245
362.124,343,0.882492,0.806862,-0.0415,0.355026
362.99,342.5,0.867024,0.794421,-0.0336947,0.345673
363.856,342,0.854623,0.783858,-0.0207001,0.33988
364.722,341.5,0.841153,0.772814,-0.00668409,0.332042
365.588,341,0.828276,0.763481,-0.00194137,0.321146
366.454,340.5,0.81523,0.753069,-0.00702126,0.312151
367.321,340,0.813344,0.752205,-0.0164628,0.308942
368.187,339.5,0.817755,0.757491,-0.0150518,0.307742
369.053,339,0.82824,0.769274,-0.00724305,0.306831
369.919,338.5,0.841999,0.784379,0.000362113,0.306123
370.785,338,0.855385,0.798567,0.0081948,0.306442
371.651,337.5,0.860691,0.803233,0.0153142,0.308824
372.517,337,0.870495,0.81283,0.0188901,0.310985
373.383,336.5,0.88658,0.829009,0.0210493,0.313568
374.249,336,0.908244,0.850613,0.018168,0.31786
375.115,335.5,0.92881,0.871395,0.016356,0.321078
375.981,335,0.948255,0.891338,0.0155982,0.323205
376.847,334.5,0.953166,0.897604,0.0069998,0.320598
377.713,334,0.957114,0.903167,-0.000779298,0.316788
378.579,333.5,0.960878,0.908858,-0.00724293,0.311787
379.445,333,0.963883,0.914271,-0.0121806,0.30501
380.311,332.5,0.967567,0.920553,-0.015384,0.297542
381.177,332,0.96657,0.921424,-0.0171877,0.291446
382.043,331.5,0.959569,0.914859,-0.020851,0.288739
382.909,331,0.953361,0.909475,-0.0250489,0.284824
383.775,330.5,0.948302,0.905876,-0.0290782,0.278963
384.641,330,0.942579,0.9016,-0.0314768,0.273094
385.507,329.5,0.935029,0.895138,-0.0307686,0.268441
386.373,329,0.916601,0.877981,-0.025495,0.262023
387.239,328.5,0.896505,0.859923,-0.0181128,0.252832
388.105,328,0.875892,0.842234,-0.00972381,0.240278
388.971,327.5,0.857682,0.826896,-0.00331581,0.227707
389.837,327,0.842067,0.814021,0.000127857,0.215513
390.703,326.5,0.83716,0.810584,6.84884e-05,0.209263
391.569,326,0.84069,0.814633,0.000913019,0.207682
392.435,325.5,0.845895,0.820061,0.00178597,0.207449
393.301,325,0.85318,0.826612,0.00419309,0.211213
394.167,324.5,0.861914,0.834708,0.006464,0.214749
395.033,324,0.871496,0.843768,0.00861598,0.217914
395.899,323.5,0.86557,0.838163,0.00930608,0.215888
396.765,323,0.85777,0.830865,0.00967606,0.21293
397.631,322.5,0.848432,0.822164,0.00990813,0.209249
398.497,322,0.836033,0.81144,0.00832412,0.201114
399.363,321.5,0.82284,0.800709,0.00573261,0.189467
400.229,321,0.816778,0.79808,0.00279774,0.173741
401.095,320.5,0.814301,0.79885,0.00299592,0.157848
401.962,320,0.811981,0.799366,0.00558193,0.142462
402.828,319.5,0.809455,0.799512,0.00854584,0.126194
403.694,319,0.808516,0.801146,0.00770034,0.108646
404.56,318.5,0.810439,0.805329,-0.00209855,0.0908471
405.426,318,0.808275,0.804712,-0.00656028,0.0755217
406.292,317.5,0.803493,0.80133,0.00680829,0.0585178
407.158,317,0.795388,0.793764,0.038304,0.0333727
408.024,316.5,0.799259,0.796604,0.0650478,0.00239312
408.89,316,0.809009,0.803609,0.0868459,-0.03414
409.756,315.5,0.767583,0.758404,0.101097,-0.0615295
410.622,315,0.738515,0.726802,0.102384,-0.0817361
411.488,314.5,0.729509,0.716716,0.0913408,-0.100786
412.354,314,0.743112,0.731427,0.0841538,-0.100735
413.22,313.5,0.753975,0.741737,0.0884448,-0.102382
414.086,313,0.754347,0.739466,0.104842,-0.10601
414.952,312.5,0.718406,0.704476,0.107689,-0.090684
415.818,312,0.671741,0.659957,0.10441,-0.0692108
416.684,311.5,0.613406,0.603459,0.100094,-0.045658
417.55,311,0.5522,0.54245,0.100478,-0.0240113
418.416,310.5,0.494739,0.483096,0.106539,-0.00584792
419.282,310,0.477148,0.465646,0.104133,-8.60228e-05
420.148,309.5,0.47812,0.469481,0.0901532,0.00767896
421.014,309,0.484743,0.479274,0.068425,0.0242828
421.88,308.5,0.500451,0.495917,0.0415019,0.0528716
422.746,308,0.536281,0.527935,0.0180794,0.0924937
423.612,307.5,0.59935,0.583051,0.0181349,0.137635
424.478,307,0.659128,0.633693,0.030382,0.178774
425.344,306.5,0.708419,0.67463,0.0337076,0.213533
426.21,306,0.743402,0.701658,0.0268873,0.24413
427.076,305.5,0.779043,0.728417,0.0183217,0.275647
427.942,305,0.815356,0.754963,0.00806718,0.307851
428.808,304.5,0.842426,0.777036,0.0112054,0.325224
429.674,304,0.867362,0.797302,0.0105581,0.341344
430.54,303.5,0.892066,0.818105,0.00206699,0.355642
431.406,303,0.905645,0.833356,-0.0054374,0.354516
432.272,302.5,0.914682,0.845032,-0.017701,0.349642
433.138,302,0.914369,0.847811,-0.0352339,0.340655
434.004,301.5,0.895554,0.834268,-0.0396605,0.323174
434.87,301,0.879552,0.824518,-0.0375779,0.303922
435.737,300.5,0.868022,0.819627,-0.0352661,0.283602
436.603,300,0.849934,0.810378,-0.0436045,0.252534
437.469,299.5,0.823131,0.792958,-0.0621039,0.211911
438.335,299,0.794826,0.772652,-0.0716684,0.172107
439.201,298.5,0.776253,0.758295,-0.0765139,0.147319
440.067,298,0.762053,0.746361,-0.0728874,0.135494
440.933,297.5,0.740694,0.727453,-0.0689415,0.121189
441.799,297,0.716792,0.705991,-0.0674533,0.104004
442.665,296.5,0.696353,0.687398,-0.0733587,0.0837281
443.531,296,0.66306,0.655914,-0.0724832,0.0645922
444.397,295.5,0.634755,0.629269,-0.0669283,0.0495459
445.263,295,0.60119,0.598322,-0.0445091,0.0381945
446.129,294.5,0.566561,0.565454,-0.0209651,0.0285178
446.995,294,0.531074,0.530665,0.00370372,0.0205157
447.861,293.5,0.493792,0.492824,0.0257113,0.0171281
448.727,293,0.453436,0.451121,0.0368562,0.0271242
449.593,292.5,0.410414,0.405615,0.0368768,0.0505617
450.459,292,0.388058,0.378793,0.0367819,0.07584
451.325,291.5,0.382918,0.368218,0.0370495,0.0983294
452.191,291,0.390752,0.372785,0.0368556,0.111177
453.057,290.5,0.381769,0.361754,0.0447027,0.113504
453.923,290,0.347707,0.323553,0.0561393,0.114289
454.789,289.5,0.297947,0.268,0.0667288,0.111782
455.655,289,0.250775,0.212928,0.0712082,0.111711
456.521,288.5,0.230397,0.17818,0.0698606,0.128274
457.387,288,0.274363,0.216885,0.0685491,0.153419
458.253,287.5,0.311384,0.249867,0.0651171,0.174028
459.119,287,0.328401,0.263765,0.0610341,0.185877
459.985,286.5,0.339313,0.269727,0.0587596,0.197302
460.851,286,0.344576,0.26907,0.058299,0.207208
461.717,285.5,0.352998,0.287752,0.057655,0.19617
462.583,285,0.368461,0.321581,0.0565919,0.170725
463.449,284.5,0.386562,0.353603,0.0564521,0.145633
464.315,284,0.47547,0.454297,0.0687904,0.122285
465.181,283.5,0.500409,0.482914,0.071341,0.110061
466.047,283,0.524436,0.510033,0.073728,0.097282
466.913,282.5,0.547484,0.535652,0.0759513,0.0839473
467.779,282,0.566383,0.556539,0.0768723,0.0717269
468.645,281.5,0.566701,0.558223,0.0721792,0.0657783
469.512,281,0.556191,0.549047,0.0645055,0.0611127
470.378,280.5,0.506893,0.502642,0.0479218,0.0446563
471.244,280,0.512044,0.507649,0.0459528,0.0486819
472.11,279.5,0.517154,0.513014,0.0432542,0.0489222
472.976,279,0.527247,0.52318,0.0409069,0.0509763
473.842,278.5,0.542546,0.538354,0.0367379,0.0563988
474.708,278,0.565546,0.560728,0.0308028,0.0669177
475.574,277.5,0.601751,0.595309,0.0247301,0.0842585
476.44,277,0.671073,0.661804,0.0192032,0.109476
477.306,276.5,0.737276,0.724974,0.0147868,0.133302
478.172,276,0.796068,0.780531,0.0161535,0.155678
479.038,275.5,0.849306,0.831194,0.0188469,0.173444
