x,v,vx,vy,vz
220.096,425,0.648099,0.648096,-0.00187673,-0.000414996
220.962,424.5,0.648177,0.648174,-0.00182571,-0.000423503
221.828,424,0.648258,0.648255,-0.00177496,-0.000433407
222.694,423.5,0.648341,0.648339,-0.00172594,-0.000444809
223.56,423,0.648412,0.64841,-0.00165832,-0.000454723
224.426,422.5,0.648483,0.648481,-0.00158692,-0.000465729
225.292,422,0.648563,0.648561,-0.00151406,-0.000482761
226.158,421.5,0.648646,0.648645,-0.00144017,-0.000502666
227.024,421,0.648732,0.648731,-0.00136504,-0.000525393
227.89,420.5,0.648822,0.64882,-0.001289,-0.000551449
228.756,420,0.648906,0.648904,-0.00120002,-0.00058172
229.622,419.5,0.648984,0.648983,-0.00109718,-0.000615996
230.488,419,0.649066,0.649065,-0.000993149,-0.000653022
231.355,418.5,0.649139,0.649138,-0.000898916,-0.000694692
232.221,418,0.649196,0.649195,-0.000823725,-0.00074302
233.087,417.5,0.649258,0.649257,-0.000750063,-0.000793991
233.953,417,0.649328,0.649327,-0.000690004,-0.000849989
234.819,416.5,0.649428,0.649427,-0.000685423,-0.000919411
235.685,416,0.649532,0.649531,-0.000677776,-0.000991106
236.551,415.5,0.649641,0.64964,-0.000667864,-0.00106529
237.417,415,0.649793,0.649792,-0.00068049,-0.00114881
238.283,414.5,0.649947,0.649946,-0.000687462,-0.00123456
239.149,414,0.650105,0.650104,-0.000688796,-0.00131806
240.015,413.5,0.65029,0.650288,-0.000694168,-0.00140516
240.881,413,0.650481,0.650479,-0.000697573,-0.00149365
241.747,412.5,0.650675,0.650673,-0.000698011,-0.00158251
242.613,412,0.650892,0.650889,-0.000697556,-0.00167575
243.479,411.5,0.651119,0.651117,-0.000696704,-0.00177124
244.345,411,0.651363,0.65136,-0.000695593,-0.00186873
245.211,410.5,0.651619,0.651616,-0.000688528,-0.00197089
246.077,410,0.651885,0.651881,-0.000680826,-0.00207762
246.943,409.5,0.652153,0.652149,-0.000675661,-0.00218649
247.809,409,0.652428,0.652424,-0.000675344,-0.00230043
248.675,408.5,0.652713,0.652709,-0.000675553,-0.00241447
249.541,408,0.653001,0.652996,-0.000671828,-0.00252666
250.407,407.5,0.653295,0.653289,-0.000665433,-0.00264458
251.273,407,0.653598,0.653592,-0.000651186,-0.00277334
252.139,406.5,0.653904,0.653898,-0.00063517,-0.00290477
253.005,406,0.654213,0.654206,-0.000617253,-0.00303955
253.871,405.5,0.654519,0.65451,-0.000602326,-0.003185
254.737,405,0.65483,0.654821,-0.000594407,-0.00333303
255.603,404.5,0.655148,0.655139,-0.000593496,-0.00348366
256.469,404,0.655439,0.655429,-0.000566003,-0.00365954
257.335,403.5,0.655731,0.65572,-0.000535101,-0.003843
258.201,403,0.656032,0.656019,-0.00051033,-0.00401472
259.067,402.5,0.656275,0.656261,-0.000455819,-0.00418169
259.933,402,0.656501,0.656486,-0.00039039,-0.00435691
260.799,401.5,0.656729,0.656714,-0.000323214,-0.00454031
261.665,401,0.656887,0.65687,-0.000260256,-0.00473525
262.531,400.5,0.657008,0.656989,-0.000197122,-0.00494661
263.397,400,0.657166,0.657146,-0.000132076,-0.00518313
264.263,399.5,0.657266,0.657244,-5.75019e-05,-0.00542498
265.13,399,0.657289,0.657264,2.98651e-05,-0.00567043
265.996,398.5,0.657304,0.657277,0.0001361,-0.00592252
266.862,398,0.65727,0.657241,0.000246339,-0.00617098
267.728,397.5,0.657113,0.657082,0.000333291,-0.00639062
268.594,397,0.656939,0.656905,0.000426904,-0.00660986
269.46,396.5,0.656736,0.6567,0.000515722,-0.00682507
270.326,396,0.656417,0.65638,0.000541096,-0.00699668
271.192,395.5,0.656082,0.656043,0.000567017,-0.00717136
272.058,395,0.65574,0.655698,0.000589128,-0.00734399
272.924,394.5,0.655425,0.655382,0.000637736,-0.00746901
273.79,394,0.655108,0.655064,0.000700877,-0.00760029
274.656,393.5,0.654789,0.654743,0.000778042,-0.00773839
275.522,393,0.654465,0.654418,0.000880879,-0.00779212
276.388,392.5,0.65417,0.654123,0.0010114,-0.00782277
277.254,392,0.653842,0.653794,0.0011409,-0.00783563
278.12,391.5,0.653557,0.653509,0.00115984,-0.00777889
278.986,391,0.653292,0.653245,0.00111302,-0.00772061
279.852,390.5,0.653013,0.652967,0.00105077,-0.00770604
280.718,390,0.652867,0.65282,0.00101004,-0.00774307
281.584,389.5,0.652859,0.652812,0.000995636,-0.00779841
282.45,389,0.652852,0.652804,0.000982156,-0.00786772
283.316,388.5,0.652828,0.652779,0.000956991,-0.00795853
284.182,388,0.652794,0.652744,0.000916342,-0.00806715
285.048,387.5,0.652758,0.652707,0.000866583,-0.0081646
285.914,387,0.652711,0.652659,0.000828721,-0.00825277
286.78,386.5,0.652716,0.652662,0.000874689,-0.00835645
287.646,386,0.652724,0.652668,0.000912446,-0.00849463
288.512,385.5,0.65271,0.652652,0.000936884,-0.00866705
289.378,385,0.6526,0.652539,0.000866957,-0.00885434
290.244,384.5,0.652501,0.652438,0.000785695,-0.00904683
291.11,384,0.652427,0.652361,0.000713302,-0.00924506
291.976,383.5,0.652417,0.652348,0.000499418,-0.00953084
292.842,383,0.652463,0.652389,0.000313282,-0.00984382
293.708,382.5,0.652564,0.652485,0.000181457,-0.0101745
294.574,382,0.652825,0.652739,3.71743e-05,-0.0105922
295.44,381.5,0.653139,0.653046,-0.000126485,-0.0110454
296.306,381,0.653441,0.653339,-0.000386357,-0.0115311
297.172,380.5,0.653835,0.653722,-0.000645316,-0.0121279
298.038,380,0.654306,0.654181,-0.00089387,-0.0127943
298.905,379.5,0.654798,0.654658,-0.00112737,-0.013469
299.771,379,0.655358,0.655204,-0.00129602,-0.01416
300.637,378.5,0.656015,0.655847,-0.00140227,-0.0147802
301.503,378,0.656717,0.656537,-0.00150997,-0.0152868
302.369,377.5,0.657491,0.6573,-0.00149293,-0.0157883
303.235,377,0.658395,0.658191,-0.00115382,-0.0163761
304.101,376.5,0.659318,0.6591,-0.000742735,-0.0169505
304.967,376,0.660228,0.659995,-0.000237453,-0.0175449
305.833,375.5,0.660978,0.660721,0.000485323,-0.0184489
306.699,375,0.661775,0.661492,0.0013104,-0.01933
307.565,374.5,0.662614,0.662303,0.00224137,-0.0201877
308.431,374,0.662871,0.662519,0.00318487,-0.0213657
309.297,373.5,0.663053,0.662655,0.00419337,-0.0225836
310.163,373,0.663079,0.662628,0.00545824,-0.0238507
311.029,372.5,0.662332,0.661808,0.00609044,-0.0256461
311.895,372,0.66115,0.660545,0.00624583,-0.0275805
312.761,371.5,0.659662,0.658973,0.00613485,-0.0295173
313.627,371,0.658129,0.657356,0.00464303,-0.0315433
314.493,370.5,0.656697,0.655832,0.00198905,-0.0336193
315.359,370,0.655881,0.654915,-0.000671032,-0.035586
316.225,369.5,0.655395,0.654317,-0.0027278,-0.037475
317.091,369,0.655353,0.654161,-0.00410698,-0.0392974
317.957,368.5,0.655344,0.654033,-0.00564545,-0.0410435
318.823,368,0.655341,0.65391,-0.0069801,-0.0427183
319.689,367.5,0.655611,0.654066,-0.00771093,-0.044327
320.555,367,0.65621,0.654539,-0.00870354,-0.0459808
321.421,366.5,0.657103,0.655288,-0.00994623,-0.0477789
322.287,366,0.659104,0.657119,-0.0113821,-0.0498255
323.153,365.5,0.661357,0.659183,-0.0127303,-0.052042
324.019,365,0.66385,0.66147,-0.0139491,-0.054408
324.885,364.5,0.667984,0.665413,-0.013551,-0.0569711
325.751,364,0.672397,0.669619,-0.0133077,-0.0595859
326.617,363.5,0.677079,0.674081,-0.0132251,-0.062251
327.483,363,0.68131,0.678014,-0.0119578,-0.0658626
328.349,362.5,0.685752,0.682097,-0.0101537,-0.0699726
329.215,362,0.690888,0.686899,-0.00812383,-0.0736864
330.081,361.5,0.695233,0.690908,-0.00471618,-0.0772846
330.947,361,0.698902,0.694181,0.000302347,-0.0810967
331.813,360.5,0.702501,0.697311,0.00672969,-0.0849719
332.679,360,0.705598,0.700008,0.0106555,-0.0879946
333.546,359.5,0.708258,0.702435,0.0106531,-0.0900085
334.412,359,0.710742,0.70475,0.0102105,-0.0915258
335.278,358.5,0.714995,0.708699,0.00862133,-0.0942828
336.144,358,0.721634,0.71479,0.00447013,-0.0990549
337.01,357.5,0.728427,0.720865,0.00083523,-0.104686
337.876,357,0.73599,0.727638,-0.000536711,-0.11056
338.742,356.5,0.747824,0.739354,0.00555088,-0.112103
339.608,356,0.761371,0.752956,0.0125839,-0.112179
340.474,355.5,0.775671,0.76726,0.0202401,-0.112107
341.34,355,0.785551,0.775947,0.0294853,-0.118857
342.206,354.5,0.795197,0.784042,0.0407067,-0.126332
343.072,354,0.804141,0.791129,0.0545032,-0.133367
343.938,353.5,0.822956,0.810551,0.0566884,-0.130572
344.804,353,0.843136,0.831502,0.0654106,-0.12331
345.67,352.5,0.863591,0.852272,0.0829514,-0.11199
346.536,352,0.863006,0.849277,0.110837,-0.105934
347.402,351.5,0.837433,0.815735,0.159568,-0.102017
348.268,351,0.80359,0.768261,0.215434,-0.0954992
349.134,350.5,0.753901,0.704082,0.255126,-0.0868621
350,350,0.677092,0.623812,0.2581,-0.0519263
350.866,349.5,0.570392,0.515759,0.243479,-0.00757794
351.732,349,0.475329,0.419076,0.222298,0.029949
352.598,348.5,0.401597,0.357381,0.167483,0.0742189
353.464,348,0.331471,0.302511,0.0856816,0.104972
354.33,347.5,0.332913,0.309047,0.0318257,0.119614
355.196,347,0.371867,0.338351,-0.011943,0.153823
356.062,346.5,0.39498,0.360392,-0.0445101,0.155387
356.928,346,0.418985,0.382437,-0.0656463,0.158054
357.794,345.5,0.455128,0.425495,-0.0627551,0.148855
358.66,345,0.486047,0.461895,-0.0560705,0.140536
359.526,344.5,0.51041,0.489864,-0.0488408,0.134781
360.392,344,0.534826,0.51555,-0.0334398,0.13831
361.258,343.5,0.555459,0.53627,-0.0176621,0.143656
362.124,343,0.573211,0.553277,-0.00704298,0.149684
362.99,342.5,0.591392,0.570605,-0.00481157,0.155341
363.856,342,0.607142,0.585176,-0.00230593,0.161817
364.722,341.5,0.620262,0.59677,-8.5584e-05,0.16909
365.588,341,0.628603,0.602968,0.00326649,0.177654
366.454,340.5,0.632659,0.604524,0.00743819,0.186421
367.321,340,0.628614,0.601032,0.0108742,0.18384
368.187,339.5,0.620171,0.593855,0.0123465,0.178313
369.053,339,0.609183,0.584147,0.0120396,0.172428
369.919,338.5,0.5969,0.572834,0.0105532,0.16745
370.785,338,0.584476,0.560937,0.00703541,0.164051
371.651,337.5,0.579186,0.555592,0.00217517,0.163613
372.517,337,0.579863,0.556297,0.00146454,0.163623
373.383,336.5,0.580093,0.556821,0.00214157,0.162648
374.249,336,0.579354,0.557362,0.0037404,0.158065
375.115,335.5,0.578074,0.557047,0.00676926,0.154347
375.981,335,0.57627,0.555887,0.0112166,0.151493
376.847,334.5,0.583246,0.563504,0.0129594,0.149902
377.713,334,0.589257,0.570002,0.0162189,0.148519
378.579,333.5,0.593698,0.574757,0.0211482,0.147257
379.445,333,0.596591,0.578249,0.0247384,0.144698
380.311,332.5,0.597747,0.579906,0.0275793,0.142301
381.177,332,0.596127,0.578937,0.0262184,0.139684
382.043,331.5,0.59457,0.578552,0.0190265,0.135758
382.909,331,0.593788,0.578867,0.0119782,0.131731
383.775,330.5,0.59302,0.579033,0.0057941,0.127904
384.641,330,0.592935,0.579852,0.00178614,0.123855
385.507,329.5,0.593187,0.580952,-0.000443143,0.119858
386.373,329,0.593413,0.581838,-0.00226259,0.116609
387.239,328.5,0.593637,0.582717,-0.00343544,0.113285
388.105,328,0.593739,0.583569,-0.00399958,0.109349
388.971,327.5,0.593804,0.584358,-0.00413976,0.10541
389.837,327,0.593828,0.585141,-0.00392169,0.101126
390.703,326.5,0.593296,0.585621,-0.00411393,0.0950325
391.569,326,0.592478,0.58573,-0.00479251,0.0890357
392.435,325.5,0.591903,0.585914,-0.00549098,0.0838078
393.301,325,0.592325,0.587027,-0.00660372,0.0787662
394.167,324.5,0.592851,0.588129,-0.00757516,0.0742943
395.033,324,0.593396,0.589153,-0.0083757,0.070335
395.899,323.5,0.59296,0.589277,-0.00793125,0.0655133
396.765,323,0.592373,0.589174,-0.00759548,0.0610151
397.631,322.5,0.591563,0.588778,-0.00744034,0.0568569
398.497,322,0.591024,0.588581,-0.00717542,0.0531953
399.363,321.5,0.590513,0.588359,-0.00714123,0.0498761
400.229,321,0.591517,0.589588,-0.00696963,0.0472201
401.095,320.5,0.593962,0.592194,-0.00630059,0.0453541
401.962,320,0.596486,0.594845,-0.00552108,0.043869
402.828,319.5,0.598814,0.597275,-0.00473215,0.0426398
403.694,319,0.601111,0.59965,-0.0037685,0.0417196
404.56,318.5,0.603588,0.602194,-0.00260035,0.0409058
405.426,318,0.606961,0.605698,-0.00152475,0.0391045
406.292,317.5,0.610007,0.608858,-0.000591622,0.0374058
407.158,317,0.612784,0.611736,0.000186735,0.0358314
408.024,316.5,0.615181,0.614224,0.000905986,0.0342898
408.89,316,0.617208,0.616334,0.00157432,0.0327944
409.756,315.5,0.618398,0.617589,0.00199576,0.0315546
410.622,315,0.619135,0.618383,0.00222619,0.0304186
411.488,314.5,0.619796,0.619098,0.00240735,0.0293165
412.354,314,0.620525,0.619874,0.00284162,0.0282729
413.22,313.5,0.621221,0.620613,0.00322962,0.0272727
414.086,313,0.621832,0.621268,0.00349055,0.0262434
414.952,312.5,0.622271,0.621763,0.00345461,0.0248971
415.818,312,0.622707,0.622251,0.00345687,0.0235731
416.684,311.5,0.62312,0.622712,0.00348625,0.0222729
417.55,311,0.623659,0.623294,0.00371055,0.0210022
418.416,310.5,0.624253,0.623927,0.00406015,0.0197682
419.282,310,0.624627,0.624331,0.00437225,0.0187041
420.148,309.5,0.624848,0.624579,0.00466849,0.0177252
421.014,309,0.624994,0.62475,0.00497376,0.0167266
421.88,308.5,0.625107,0.624888,0.00526577,0.0156961
422.746,308,0.625187,0.624992,0.00536884,0.0146639
423.612,307.5,0.625136,0.624967,0.00505507,0.0136318
424.478,307,0.624737,0.624595,0.0045992,0.0125373
425.344,306.5,0.624435,0.624315,0.00411126,0.0115477
426.21,306,0.624384,0.62428,0.00338738,0.0108957
427.076,305.5,0.624415,0.624324,0.00270985,0.0102815
427.942,305,0.624529,0.62445,0.00207579,0.00970851
428.808,304.5,0.625066,0.624992,0.00141081,0.0094997
429.674,304,0.625681,0.625611,0.000834081,0.00932977
430.54,303.5,0.626299,0.626232,0.000310547,0.00917033
431.406,303,0.62705,0.626984,-9.18896e-05,0.00914638
432.272,302.5,0.627801,0.627735,-0.000439323,0.00913114
433.138,302,0.628538,0.628472,-0.000712312,0.00908555
434.004,301.5,0.629212,0.629147,-0.000738129,0.00900477
434.87,301,0.629849,0.629785,-0.000718227,0.0089338
435.737,300.5,0.630476,0.630413,-0.000718117,0.00887125
436.603,300,0.631075,0.631013,-0.000695111,0.00883346
437.469,299.5,0.631639,0.631578,-0.000643131,0.00881171
438.335,299,0.632204,0.632142,-0.00056413,0.00880994
439.201,298.5,0.632754,0.632692,-0.000491203,0.00881635
440.067,298,0.633272,0.63321,-0.000436809,0.0088257
440.933,297.5,0.633762,0.633701,-0.000390314,0.00881494
441.799,297,0.634209,0.634148,-0.000351992,0.00878595
442.665,296.5,0.634657,0.634597,-0.000259583,0.00872145
443.531,296,0.635182,0.635124,-5.96727e-05,0.00860161
444.397,295.5,0.635629,0.635573,0.000137556,0.00846478
445.263,295,0.635917,0.635863,0.000264271,0.00830243
446.129,294.5,0.636138,0.636086,0.000358111,0.0081215
446.995,294,0.636294,0.636244,0.000419076,0.00792202
447.861,293.5,0.636376,0.63633,0.000353135,0.00763536
448.727,293,0.636437,0.636395,0.000276882,0.00734509
449.593,292.5,0.63648,0.636441,0.000203583,0.00706059
450.459,292,0.636515,0.636479,0.000193797,0.00678882
451.325,291.5,0.636531,0.636498,0.000197321,0.00652881
452.191,291,0.636537,0.636506,0.000169377,0.0062848
453.057,290.5,0.636587,0.636558,0.000169418,0.00606283
453.923,290,0.636652,0.636625,0.000211657,0.00585054
454.789,289.5,0.636706,0.636681,0.00025543,0.00564107
455.655,289,0.636774,0.636751,0.000349972,0.0054466
456.521,288.5,0.636856,0.636834,0.0005079,0.00527274
457.387,288,0.636813,0.636792,0.000658111,0.00511558
458.253,287.5,0.636765,0.636745,0.000800852,0.00497133
459.119,287,0.636724,0.636705,0.00092104,0.00485097
459.985,286.5,0.636678,0.636659,0.00104121,0.00473278
460.851,286,0.636633,0.636615,0.00114632,0.00461883
461.717,285.5,0.636564,0.636547,0.00113142,0.00453825
462.583,285,0.636429,0.636412,0.00110001,0.00447637
463.449,284.5,0.636298,0.636282,0.0010682,0.00441672
464.315,284,0.636245,0.636229,0.00093434,0.00437822
465.181,283.5,0.636201,0.636186,0.000801346,0.00434129
466.047,283,0.636165,0.63615,0.000672868,0.00430523
466.913,282.5,0.636264,0.636249,0.000423089,0.00424902
467.779,282,0.63637,0.636356,0.000139038,0.00418803
468.645,281.5,0.636475,0.636462,-0.000146744,0.00412617
469.512,281,0.636688,0.636675,-0.000459416,0.00403694
470.378,280.5,0.636956,0.636944,-0.000782948,0.00392456
471.244,280,0.637226,0.637214,-0.00109876,0.00380359
472.11,279.5,0.637544,0.637532,-0.00136993,0.00367875
472.976,279,0.637916,0.637904,-0.00160113,0.00355242
473.842,278.5,0.638293,0.638281,-0.001839,0.00342981
474.708,278,0.638713,0.638701,-0.00205275,0.00331842
475.574,277.5,0.639215,0.639203,-0.00220777,0.00322568
476.44,277,0.639743,0.639731,-0.00233706,0.00311874
477.306,276.5,0.640267,0.640255,-0.00245343,0.00301785
478.172,276,0.640795,0.640783,-0.00252695,0.00292976
479.038,275.5,0.641316,0.641304,-0.00259877,0.00284368
