x,v,vx,vy,vz
220.096,425,0.615172,0.614925,0.00352174,0.0170631
220.962,424.5,0.613639,0.613386,0.00380637,0.017213
221.828,424,0.612097,0.611838,0.00409354,0.01733
222.694,423.5,0.610552,0.610287,0.0043841,0.017414
223.56,423,0.608874,0.608605,0.00467229,0.0174715
224.426,422.5,0.607168,0.606896,0.00496485,0.0174962
225.292,422,0.605469,0.60519,0.0052785,0.017576
226.158,421.5,0.603618,0.603334,0.00566421,0.0176465
227.024,421,0.601692,0.601401,0.00607927,0.0177006
227.89,420.5,0.599763,0.599466,0.00648601,0.0177347
228.756,420,0.597699,0.597395,0.00688648,0.0177676
229.622,419.5,0.595435,0.595124,0.00731063,0.0178038
230.488,419,0.593093,0.592774,0.00774713,0.0178305
231.355,418.5,0.590658,0.590332,0.00816568,0.0178721
232.221,418,0.588057,0.587721,0.00855695,0.0179456
233.087,417.5,0.58547,0.585124,0.00894279,0.0180122
233.953,417,0.582852,0.582498,0.00926093,0.0180947
234.819,416.5,0.580091,0.579723,0.00943406,0.0183713
235.685,416,0.577385,0.577004,0.00964707,0.0186339
236.551,415.5,0.574732,0.574337,0.00989662,0.0188798
237.417,415,0.572068,0.57166,0.0101595,0.0190818
238.283,414.5,0.569455,0.569032,0.0105111,0.0192608
239.149,414,0.566947,0.566512,0.0107646,0.0194309
240.015,413.5,0.564393,0.563951,0.0107385,0.0195622
240.881,413,0.561861,0.561416,0.0107302,0.0196374
241.747,412.5,0.559375,0.558926,0.0107602,0.0196583
242.613,412,0.556864,0.55641,0.0111359,0.0195269
243.479,411.5,0.554326,0.553868,0.0116699,0.0192802
244.345,411,0.551721,0.551257,0.0122871,0.018981
245.211,410.5,0.548927,0.548457,0.0131027,0.0185514
246.077,410,0.545997,0.54552,0.0140312,0.0180036
246.943,409.5,0.543085,0.542601,0.0149328,0.0173895
247.809,409,0.540211,0.539714,0.0161866,0.0165868
248.675,408.5,0.537407,0.536884,0.0179168,0.0155378
249.541,408,0.534654,0.5341,0.0196024,0.0143892
250.407,407.5,0.531774,0.531185,0.0213724,0.0130319
251.273,407,0.528452,0.527811,0.0234384,0.0113105
252.139,406.5,0.525189,0.524485,0.0254689,0.00950851
253.005,406,0.521969,0.521195,0.0273818,0.0076238
253.871,405.5,0.518636,0.517835,0.0282476,0.00564188
254.737,405,0.515358,0.514536,0.0288655,0.00362996
255.603,404.5,0.512133,0.511296,0.0292354,0.00158803
256.469,404,0.508931,0.508172,0.0278,-3.62413e-05
257.335,403.5,0.505877,0.505199,0.0261366,-0.00156121
258.201,403,0.502907,0.502297,0.0245823,-0.00290321
259.067,402.5,0.500625,0.500133,0.0218623,-0.00376418
259.933,402,0.498555,0.498182,0.0188008,-0.00427023
260.799,401.5,0.496502,0.496231,0.0157769,-0.00448772
261.665,401,0.495187,0.49501,0.0125924,-0.00416571
262.531,400.5,0.494458,0.494357,0.00936209,-0.00342546
263.397,400,0.493968,0.493922,0.00631368,-0.00235372
264.263,399.5,0.493698,0.493681,0.00384236,-0.00135586
265.13,399,0.493715,0.49371,0.00201797,-0.000469046
265.996,398.5,0.493937,0.493936,0.000390624,0.000611194
266.862,398,0.494776,0.494772,-0.00115632,0.00165032
267.728,397.5,0.496346,0.496331,-0.00284288,0.00269779
268.594,397,0.497734,0.497699,-0.00424184,0.00405986
269.46,396.5,0.499322,0.499262,-0.00537656,0.00552007
270.326,396,0.502306,0.502218,-0.0065572,0.00673656
271.192,395.5,0.505195,0.505078,-0.00765017,0.00768054
272.058,395,0.508056,0.507906,-0.00895795,0.00847775
272.924,394.5,0.512145,0.51196,-0.0099503,0.00949665
273.79,394,0.516803,0.516569,-0.0112088,0.0108138
274.656,393.5,0.522024,0.52172,-0.0127548,0.0124327
275.522,393,0.529045,0.5287,-0.0136609,0.0133647
276.388,392.5,0.536328,0.535935,-0.0146533,0.0143729
277.254,392,0.541889,0.541478,-0.0138497,0.0159093
278.12,391.5,0.546697,0.546229,-0.0124591,0.0188891
278.986,391,0.551292,0.550718,-0.0109344,0.022648
279.852,390.5,0.55563,0.554919,-0.00920673,0.0265458
280.718,390,0.560487,0.559738,-0.00733039,0.028017
281.584,389.5,0.566059,0.56535,-0.00574715,0.0277318
282.45,389,0.572367,0.571611,-0.00558603,0.028889
283.316,388.5,0.579459,0.578548,-0.00487338,0.032116
284.182,388,0.589002,0.587721,-0.00183263,0.0387749
285.048,387.5,0.600046,0.598261,0.00170367,0.0462209
285.914,387,0.612572,0.610289,0.00408462,0.0526828
286.78,386.5,0.616661,0.614194,0.00102158,0.0550935
287.646,386,0.617715,0.614414,-0.00168903,0.0637469
288.512,385.5,0.618725,0.6137,-0.00417158,0.0785845
289.378,385,0.646644,0.639878,0.00107875,0.0932963
290.244,384.5,0.681716,0.673574,0.0121018,0.104346
291.11,384,0.720319,0.711092,0.0203076,0.113112
291.976,383.5,0.734079,0.723978,0.0133785,0.120616
292.842,383,0.756641,0.745186,0.00958286,0.130814
293.708,382.5,0.790927,0.777601,0.00906404,0.14429
294.574,382,0.809398,0.796134,0.000539036,0.145927
295.44,381.5,0.813034,0.801389,-0.01444,0.13635
296.306,381,0.813627,0.8044,-0.0222827,0.120137
297.172,380.5,0.825296,0.817487,-0.0224275,0.111018
298.038,380,0.841852,0.835572,-0.0208045,0.100504
298.905,379.5,0.858916,0.854318,-0.0220556,0.0859721
299.771,379,0.875371,0.871912,-0.0246997,0.0737228
300.637,378.5,0.888775,0.885632,-0.0262387,0.0699202
301.503,378,0.899424,0.896702,-0.0287197,0.0637523
302.369,377.5,0.907892,0.905716,-0.0321152,0.0539785
303.235,377,0.913507,0.911823,-0.0372125,0.0411075
304.101,376.5,0.918916,0.917523,-0.0433427,0.0260866
304.967,376,0.924102,0.922681,-0.0503876,0.0092895
305.833,375.5,0.918725,0.917069,-0.0544228,-0.00877425
306.699,375,0.915721,0.913551,-0.0581148,-0.0243314
307.565,374.5,0.915477,0.912649,-0.0615745,-0.0371407
308.431,374,0.916033,0.912186,-0.0662229,-0.0514531
309.297,373.5,0.920108,0.914737,-0.0716401,-0.0687295
310.163,373,0.923327,0.915899,-0.0767104,-0.0881912
311.029,372.5,0.913434,0.905379,-0.077182,-0.0932313
311.895,372,0.902688,0.894217,-0.0765333,-0.0967661
312.761,371.5,0.893618,0.884417,-0.0761001,-0.102805
313.627,371,0.882064,0.872143,-0.0768778,-0.107207
314.493,370.5,0.867465,0.856918,-0.0778162,-0.110148
315.359,370,0.844394,0.832086,-0.0759082,-0.121953
316.225,369.5,0.816202,0.802241,-0.0758241,-0.129794
317.091,369,0.78101,0.766618,-0.0763251,-0.12825
317.957,368.5,0.74141,0.726795,-0.0771086,-0.124547
318.823,368,0.705019,0.690411,-0.0770858,-0.120177
319.689,367.5,0.69637,0.682427,-0.073525,-0.117551
320.555,367,0.694636,0.681707,-0.0678206,-0.11487
321.421,366.5,0.689967,0.677964,-0.0582063,-0.114157
322.287,366,0.683879,0.670812,-0.038683,-0.127303
323.153,365.5,0.670621,0.655937,-0.0230177,-0.137653
324.019,365,0.651221,0.634623,-0.00998098,-0.145746
324.885,364.5,0.661511,0.637887,0.00835452,-0.175008
325.751,364,0.668807,0.638866,0.0238156,-0.196431
326.617,363.5,0.672151,0.637491,0.0364314,-0.209917
327.483,363,0.677944,0.645819,0.0333961,-0.203497
328.349,362.5,0.686186,0.659185,0.0252929,-0.18891
329.215,362,0.697472,0.675682,0.0161001,-0.172225
330.081,361.5,0.714466,0.698139,0.015731,-0.151047
330.947,361,0.731571,0.720091,0.0272176,-0.126193
331.813,360.5,0.744362,0.736084,0.0490847,-0.0992266
332.679,360,0.72476,0.71672,0.0684659,-0.0830857
333.546,359.5,0.662867,0.654247,0.0708959,-0.0795385
334.412,359,0.693474,0.682994,0.0748587,-0.0939228
335.278,358.5,0.688948,0.677017,0.091703,-0.0888124
336.144,358,0.677322,0.663466,0.105667,-0.0860947
337.01,357.5,0.628724,0.60922,0.108588,-0.111147
337.876,357,0.577221,0.548628,0.111011,-0.140952
338.742,356.5,0.530602,0.489958,0.1145,-0.168432
339.608,356,0.436864,0.375517,0.137397,-0.175953
340.474,355.5,0.412125,0.329632,0.150462,-0.196344
341.34,355,0.41898,0.301308,0.154155,-0.246969
342.206,354.5,0.426778,0.265432,0.163105,-0.291688
343.072,354,0.436558,0.22453,0.176044,-0.330421
343.938,353.5,0.44195,0.188733,0.16856,-0.362336
344.804,353,0.452747,0.147917,0.162917,-0.395674
345.67,352.5,0.471446,0.102008,0.161322,-0.431082
346.536,352,0.487649,0.0461924,0.200412,-0.442157
347.402,351.5,0.515701,-0.0143687,0.270504,-0.438827
348.268,351,0.508935,-0.0776552,0.307837,-0.397769
349.134,350.5,0.40975,-0.129558,0.270761,-0.278923
350,350,0.292306,-0.174198,0.197309,-0.12715
350.866,349.5,0.379408,-0.353622,0.0134542,0.136825
351.732,349,0.38759,-0.363533,0.0381826,0.128887
352.598,348.5,0.378868,-0.358152,0.034915,0.118528
353.464,348,0.384948,-0.371626,0.0190093,0.0985779
354.33,347.5,0.288089,-0.281265,-0.0319917,0.053493
355.196,347,0.276532,-0.252184,-0.110131,0.0272832
356.062,346.5,0.300511,-0.267103,-0.137646,0.00407154
356.928,346,0.219552,-0.180609,-0.113174,-0.0526815
357.794,345.5,0.201532,-0.159625,-0.0857436,-0.0882209
358.66,345,0.22528,-0.0524274,-0.0198463,-0.218193
359.526,344.5,0.250888,0.0598146,-0.0305353,-0.241732
360.392,344,0.313392,0.139849,-0.0245876,-0.279379
361.258,343.5,0.323967,0.219536,-0.0305928,-0.236268
362.124,343,0.357562,0.321906,-0.036596,-0.151288
362.99,342.5,0.433345,0.428559,-0.0538759,-0.0349562
363.856,342,0.342163,0.313107,-0.120349,-0.067494
364.722,341.5,0.383518,0.332757,-0.184625,-0.0476669
365.588,341,0.421842,0.349337,-0.234661,-0.0291327
366.454,340.5,0.452262,0.360279,-0.272521,-0.0217445
367.321,340,0.425773,0.341869,-0.252187,-0.0284567
368.187,339.5,0.36934,0.313493,-0.19252,-0.0327176
369.053,339,0.302184,0.276082,-0.118653,-0.0318701
369.919,338.5,0.243323,0.234882,-0.0527982,-0.0353372
370.785,338,0.194029,0.18997,0.00177264,-0.0394385
371.651,337.5,0.160325,0.154733,0.0359785,-0.0216185
372.517,337,0.152447,0.141212,0.0539952,0.0195935
373.383,336.5,0.166518,0.139641,0.0639698,0.0643172
374.249,336,0.201816,0.156785,0.0641656,0.109686
375.115,335.5,0.243087,0.179233,0.0603929,0.152707
375.981,335,0.288087,0.206967,0.0526599,0.193354
376.847,334.5,0.317806,0.230272,0.0350241,0.216215
377.713,334,0.346409,0.252302,0.0201188,0.236513
378.579,333.5,0.373986,0.273321,0.00889336,0.255112
379.445,333,0.39308,0.286949,-0.000481191,0.268647
380.311,332.5,0.408744,0.298498,-0.00750458,0.279131
381.177,332,0.421294,0.309026,-0.0113027,0.286119
382.043,331.5,0.432921,0.318326,-0.0146121,0.293046
382.909,331,0.445099,0.327539,-0.0180704,0.30084
383.775,330.5,0.457523,0.33711,-0.0208378,0.308626
384.641,330,0.470306,0.347055,-0.0220791,0.316628
385.507,329.5,0.483117,0.357066,-0.0220586,0.324683
386.373,329,0.497593,0.368984,-0.0265116,0.332787
387.239,328.5,0.512465,0.381691,-0.0291167,0.340712
388.105,328,0.527071,0.394511,-0.0272879,0.348454
388.971,327.5,0.541731,0.407487,-0.0238481,0.356171
389.837,327,0.555428,0.419951,-0.0193992,0.362994
390.703,326.5,0.565047,0.429384,-0.0169877,0.366905
391.569,326,0.575259,0.439115,-0.0162248,0.371265
392.435,325.5,0.586542,0.450093,-0.0168102,0.375719
393.301,325,0.596754,0.462203,-0.0181866,0.377031
394.167,324.5,0.607339,0.475097,-0.0182572,0.377903
395.033,324,0.618366,0.488818,-0.0170309,0.378342
395.899,323.5,0.627847,0.501456,-0.0138168,0.377549
396.765,323,0.636788,0.513623,-0.00928249,0.376304
397.631,322.5,0.645481,0.525564,-0.00352301,0.374721
398.497,322,0.652669,0.536189,-0.000578002,0.372126
399.363,321.5,0.659206,0.546299,0.000944072,0.368929
400.229,321,0.665341,0.555846,0.00117144,0.365669
401.095,320.5,0.671204,0.564985,8.78944e-05,0.362363
401.962,320,0.676986,0.57407,-0.00130531,0.358821
402.828,319.5,0.682677,0.583155,-0.00266777,0.354924
403.694,319,0.687906,0.591652,-0.00314318,0.350932
404.56,318.5,0.692408,0.599186,-0.00248773,0.346985
405.426,318,0.695907,0.606025,-0.00192921,0.342078
406.292,317.5,0.698721,0.612079,-0.00155268,0.336997
407.158,317,0.700212,0.616387,-0.00139843,0.332207
408.024,316.5,0.701403,0.620384,-0.00122774,0.327243
408.89,316,0.702317,0.624073,-0.00126832,0.32215
409.756,315.5,0.702368,0.626807,-0.00239556,0.316902
410.622,315,0.701661,0.628805,-0.00318749,0.311322
411.488,314.5,0.70061,0.630429,-0.0039955,0.30561
412.354,314,0.70007,0.632432,-0.00457706,0.300178
413.22,313.5,0.699264,0.634119,-0.0051739,0.294679
414.086,313,0.698092,0.635404,-0.00579998,0.289067
414.952,312.5,0.696381,0.635985,-0.00543814,0.283621
415.818,312,0.694357,0.636159,-0.00481159,0.278228
416.684,311.5,0.691995,0.635944,-0.00417353,0.272792
417.55,311,0.689317,0.635218,-0.00360694,0.267663
418.416,310.5,0.686367,0.634082,-0.00308504,0.262735
419.282,310,0.683345,0.632934,-0.00295137,0.257577
420.148,309.5,0.680347,0.631707,-0.00326937,0.252602
421.014,309,0.677362,0.630326,-0.00385572,0.247978
421.88,308.5,0.674202,0.628696,-0.00438636,0.243455
422.746,308,0.671026,0.626943,-0.00494796,0.239152
423.612,307.5,0.668148,0.625427,-0.00563819,0.235013
424.478,307,0.665574,0.624375,-0.00625644,0.230446
425.344,306.5,0.662948,0.623176,-0.00671002,0.226069
426.21,306,0.660445,0.621969,-0.00697654,0.22202
427.076,305.5,0.657779,0.620534,-0.00718504,0.218081
427.942,305,0.654948,0.61887,-0.00733527,0.214251
428.808,304.5,0.652215,0.617352,-0.00731126,0.210255
429.674,304,0.649379,0.615727,-0.00719608,0.206208
430.54,303.5,0.646338,0.613849,-0.00702042,0.20222
431.406,303,0.643199,0.61179,-0.00702785,0.198416
432.272,302.5,0.639856,0.609481,-0.0070545,0.194678
433.138,302,0.63645,0.607098,-0.00709025,0.190919
434.004,301.5,0.633496,0.605159,-0.00713494,0.187211
434.87,301,0.630592,0.603219,-0.00718474,0.183635
435.737,300.5,0.627655,0.601209,-0.00726772,0.180127
436.603,300,0.624816,0.599226,-0.00721983,0.176835
437.469,299.5,0.622093,0.597299,-0.00705795,0.173735
438.335,299,0.620486,0.596474,-0.00693882,0.170804
439.201,298.5,0.619302,0.596018,-0.00677428,0.168082
440.067,298,0.618377,0.595755,-0.00653636,0.165597
440.933,297.5,0.617537,0.595557,-0.00628124,0.163169
441.799,297,0.616807,0.595436,-0.00598285,0.160845
442.665,296.5,0.616644,0.595834,-0.00566116,0.158747
443.531,296,0.617259,0.597006,-0.00548064,0.156723
444.397,295.5,0.617879,0.598169,-0.0053012,0.154729
445.263,295,0.618462,0.599253,-0.00512514,0.152857
446.129,294.5,0.619036,0.600319,-0.00495031,0.15099
446.995,294,0.619602,0.601369,-0.00477673,0.149128
447.861,293.5,0.620612,0.602849,-0.00469416,0.147342
448.727,293,0.621678,0.604373,-0.00463175,0.145584
449.593,292.5,0.622745,0.605886,-0.00457747,0.143849
450.459,292,0.623805,0.60736,-0.00449579,0.14222
451.325,291.5,0.624859,0.608806,-0.00439343,0.140658
452.191,291,0.62584,0.610158,-0.00426938,0.139154
453.057,290.5,0.626754,0.611412,-0.00410538,0.137763
453.923,290,0.627682,0.61266,-0.0039175,0.136445
454.789,289.5,0.628609,0.613895,-0.00372216,0.13516
455.655,289,0.629521,0.615096,-0.00349503,0.133945
456.521,288.5,0.630389,0.616229,-0.00322488,0.13282
457.387,288,0.630632,0.61671,-0.00282866,0.131748
458.253,287.5,0.630821,0.617133,-0.00240909,0.130678
459.119,287,0.6309,0.617444,-0.00194446,0.129587
459.985,286.5,0.630952,0.617725,-0.0014771,0.12851
460.851,286,0.630947,0.617944,-0.00101624,0.12743
461.717,285.5,0.630102,0.617328,-0.000618076,0.126231
462.583,285,0.628625,0.616072,-0.000227785,0.125
463.449,284.5,0.627137,0.614806,0.000146094,0.12375
464.315,284,0.625325,0.61326,0.000373928,0.122241
465.181,283.5,0.623459,0.611662,0.000567093,0.120712
466.047,283,0.62153,0.609998,0.000732523,0.11917
466.913,282.5,0.618208,0.606939,0.000921502,0.1175
467.779,282,0.61492,0.603905,0.00104766,0.115866
468.645,281.5,0.611693,0.600917,0.00114141,0.114304
469.512,281,0.608608,0.598063,0.00118278,0.112794
470.378,280.5,0.60566,0.595333,0.00118501,0.111359
471.244,280,0.602758,0.592612,0.00120146,0.110122
472.11,279.5,0.599961,0.589962,0.00124808,0.109069
472.976,279,0.59731,0.587445,0.0012859,0.108104
473.842,278.5,0.59473,0.584983,0.0013001,0.107222
474.708,278,0.592272,0.582628,0.00132693,0.106435
475.574,277.5,0.590083,0.580529,0.00139889,0.105743
476.44,277,0.589053,0.579598,0.00142427,0.10511
477.306,276.5,0.588035,0.578665,0.00146775,0.104545
478.172,276,0.587079,0.577779,0.00164139,0.104067
479.038,275.5,0.586125,0.576887,0.00179801,0.103637
