x,v,vx,vy,vz
220.096,425,0.566898,0.566878,-0.00139858,-0.00447943
220.962,424.5,0.566935,0.566916,-0.00117114,-0.0043961
221.828,424,0.566957,0.56694,-0.000957805,-0.00435344
222.694,423.5,0.566972,0.566955,-0.000761686,-0.00435275
223.56,423,0.566873,0.566856,-0.000457201,-0.00435152
224.426,422.5,0.566755,0.566737,-0.000134213,-0.00440545
225.292,422,0.566684,0.566664,0.000228357,-0.00471185
226.158,421.5,0.566343,0.56632,0.000655432,-0.00502095
227.024,421,0.565918,0.565892,0.001137,-0.00533129
227.89,420.5,0.565562,0.565531,0.00165091,-0.005673
228.756,420,0.565071,0.565035,0.00221033,-0.0059853
229.622,419.5,0.564313,0.564273,0.00277287,-0.00616697
230.488,419,0.56346,0.563415,0.00332141,-0.00629041
231.355,418.5,0.562426,0.562376,0.00387571,-0.006466
232.221,418,0.561096,0.56104,0.00441327,-0.00665421
233.087,417.5,0.55978,0.559716,0.00493515,-0.00686492
233.953,417,0.558433,0.558362,0.00538628,-0.0070805
234.819,416.5,0.557498,0.557422,0.00546503,-0.00742914
235.685,416,0.556565,0.556483,0.00552441,-0.00779021
236.551,415.5,0.555622,0.555534,0.0055627,-0.00815458
237.417,415,0.554618,0.554528,0.00546575,-0.00833961
238.283,414.5,0.55362,0.553529,0.00533978,-0.00853203
239.149,414,0.552676,0.552582,0.00525299,-0.00877472
240.015,413.5,0.551954,0.551857,0.00535608,-0.00882984
240.881,413,0.551263,0.551164,0.00546073,-0.00885744
241.747,412.5,0.550577,0.550477,0.00554592,-0.00889157
242.613,412,0.549927,0.549827,0.00583143,-0.00872894
243.479,411.5,0.549275,0.549174,0.00620557,-0.00849954
244.345,411,0.548101,0.547999,0.00664927,-0.00824794
245.211,410.5,0.546875,0.546772,0.00707332,-0.00790677
246.077,410,0.545596,0.545492,0.00752432,-0.00751143
246.943,409.5,0.544309,0.544203,0.0080156,-0.00714907
247.809,409,0.542905,0.542792,0.00872875,-0.00679517
248.675,408.5,0.541151,0.541025,0.00971382,-0.00650375
249.541,408,0.539283,0.539141,0.0106729,-0.00631009
250.407,407.5,0.537117,0.536958,0.0115622,-0.00615288
251.273,407,0.534013,0.533839,0.0122446,-0.00599047
252.139,406.5,0.530905,0.530715,0.0129316,-0.0059337
253.005,406,0.527702,0.527494,0.0135938,-0.00594654
253.871,405.5,0.523537,0.523318,0.014022,-0.00572616
254.737,405,0.519434,0.519201,0.0145062,-0.00561536
255.603,404.5,0.515392,0.515142,0.0150464,-0.00561413
256.469,404,0.509614,0.509355,0.0152564,-0.00556304
257.335,403.5,0.50367,0.503402,0.0154571,-0.00559438
258.201,403,0.49752,0.497239,0.0157115,-0.00575201
259.067,402.5,0.490272,0.489994,0.0154067,-0.0059432
259.933,402,0.482646,0.482374,0.014953,-0.00617653
260.799,401.5,0.474914,0.474648,0.0145261,-0.00647905
261.665,401,0.466733,0.466444,0.0150695,-0.00657752
262.531,400.5,0.458164,0.457831,0.0161941,-0.00653003
263.397,400,0.449166,0.448779,0.0174595,-0.00652299
264.263,399.5,0.439513,0.439025,0.0197347,-0.00624105
265.13,399,0.429116,0.428469,0.0228725,-0.00561398
265.996,398.5,0.418553,0.417731,0.0257403,-0.00500967
266.862,398,0.407593,0.406621,0.0278546,-0.00395997
267.728,397.5,0.39563,0.394582,0.0287084,-0.00213128
268.594,397,0.38329,0.38215,0.0295311,-0.000519539
269.46,396.5,0.370947,0.369722,0.0301037,0.00115076
270.326,396,0.359724,0.35849,0.0295746,0.00346232
271.192,395.5,0.347973,0.346724,0.0289415,0.00552553
272.058,395,0.335972,0.334726,0.0280117,0.00716239
272.924,394.5,0.321881,0.320775,0.024257,0.0110688
273.79,394,0.307845,0.306861,0.0197408,0.0146554
274.656,393.5,0.293929,0.293027,0.0144875,0.0178749
275.522,393,0.278598,0.277762,0.011864,0.0180171
276.388,392.5,0.261625,0.260945,0.00978872,0.0161116
277.254,392,0.242632,0.242257,0.00830889,0.0106146
278.12,391.5,0.219694,0.219531,-0.000611647,0.00845309
278.986,391,0.198761,0.198039,-0.0156701,0.00638458
279.852,390.5,0.18267,0.179498,-0.0338506,0.00166609
280.718,390,0.172005,0.157978,-0.0670063,-0.0117906
281.584,389.5,0.179445,0.132021,-0.116805,-0.0335777
282.45,389,0.220458,0.115158,-0.17789,-0.0607897
283.316,388.5,0.297322,0.119233,-0.264826,-0.0636461
284.182,388,0.41796,0.164515,-0.384046,-0.0115917
285.048,387.5,0.572412,0.209785,-0.532292,-0.017626
285.914,387,0.687026,0.330731,-0.593396,0.102482
286.78,386.5,0.70278,0.430322,-0.511647,0.216656
287.646,386,0.52161,0.334314,-0.148251,0.371932
288.512,385.5,0.704065,0.483203,-0.00221173,0.512072
289.378,385,0.857087,0.4684,0.279343,0.661186
290.244,384.5,0.953311,0.252851,0.491287,0.776856
291.11,384,0.969189,-0.0594479,0.571903,0.780206
291.976,383.5,0.988818,-0.383873,0.554725,0.722968
292.842,383,0.990611,-0.593475,0.451033,0.652431
293.708,382.5,1.01053,-0.742626,0.329237,0.601073
294.574,382,1.01601,-0.837042,0.196628,0.541277
295.44,381.5,0.971934,-0.838721,0.0397496,0.489513
296.306,381,0.933534,-0.813446,-0.113212,0.443817
297.172,380.5,0.899785,-0.75541,-0.224491,0.434249
298.038,380,0.785203,-0.596803,-0.261224,0.438328
298.905,379.5,0.693132,-0.482156,-0.318161,0.383055
299.771,379,0.607745,-0.358074,-0.329918,0.363718
300.637,378.5,0.549809,-0.249228,-0.289259,0.395607
301.503,378,0.517755,-0.128133,-0.289756,0.409504
302.369,377.5,0.512309,-0.0145833,-0.322109,0.398112
303.235,377,0.508884,0.083757,-0.333031,0.37555
304.101,376.5,0.516054,0.189079,-0.33489,0.344108
304.967,376,0.539295,0.293876,-0.32812,0.311149
305.833,375.5,0.525683,0.299432,-0.290402,0.319921
306.699,375,0.507546,0.306106,-0.253814,0.315405
307.565,374.5,0.486764,0.315481,-0.219864,0.298447
308.431,374,0.454654,0.291695,-0.20967,0.278681
309.297,373.5,0.421651,0.258815,-0.185109,0.276656
310.163,373,0.387915,0.23063,-0.153231,0.271676
311.029,372.5,0.393344,0.278221,-0.208423,0.184043
311.895,372,0.428766,0.323812,-0.267496,0.0862117
312.761,371.5,0.501626,0.37088,-0.336032,0.0340421
313.627,371,0.533547,0.442295,-0.292152,0.060783
314.493,370.5,0.581785,0.531202,-0.183553,0.150357
315.359,370,0.651122,0.612193,-0.0599791,0.213498
316.225,369.5,0.691665,0.639268,-0.00130985,0.264075
317.091,369,0.721518,0.643671,-0.0261397,0.32495
317.957,368.5,0.791595,0.671463,-0.0818365,0.411172
318.823,368,0.842774,0.682172,-0.162051,0.467599
319.689,367.5,0.725116,0.583862,-0.204945,0.378016
320.555,367,0.684146,0.586369,-0.231433,0.26583
321.421,366.5,0.645047,0.544504,-0.263039,0.224527
322.287,366,0.631586,0.561388,-0.219132,0.189013
323.153,365.5,0.675655,0.61199,-0.219803,0.183479
324.019,365,0.724535,0.658581,-0.226157,0.200187
324.885,364.5,0.631859,0.601279,-0.12758,0.146401
325.751,364,0.540087,0.536144,-0.0293201,0.0581707
326.617,363.5,0.472738,0.463369,0.068275,-0.064097
327.483,363,0.452795,0.37541,0.119222,-0.223332
328.349,362.5,0.477173,0.264738,0.139174,-0.371805
329.215,362,0.521412,0.142731,0.118077,-0.487397
330.081,361.5,0.518773,0.120927,0.0591296,-0.501004
330.947,361,0.495654,0.153195,-0.00455645,-0.471364
331.813,360.5,0.48286,0.202737,-0.0666689,-0.433137
332.679,360,0.488317,0.271877,-0.129032,-0.384562
333.546,359.5,0.528763,0.356385,-0.192976,-0.339618
334.412,359,0.605438,0.444992,-0.241292,-0.332138
335.278,358.5,0.673635,0.511585,-0.261582,-0.351625
336.144,358,0.720249,0.556529,-0.253645,-0.380391
337.01,357.5,0.769316,0.603328,-0.250673,-0.406208
337.876,357,0.81431,0.645721,-0.247986,-0.429708
338.742,356.5,0.826957,0.643556,-0.227089,-0.467038
339.608,356,0.860142,0.655807,-0.212347,-0.514461
340.474,355.5,0.918535,0.69466,-0.205732,-0.564649
341.34,355,0.944086,0.723461,-0.191977,-0.575368
342.206,354.5,1.04231,0.806881,-0.187331,-0.632654
343.072,354,1.09218,0.863415,-0.180015,-0.64417
343.938,353.5,1.1209,0.901935,-0.168023,-0.643973
344.804,353,1.10211,0.89705,-0.120767,-0.628782
345.67,352.5,1.08021,0.878872,-0.0817955,-0.622702
346.536,352,1.04438,0.845845,-0.0458171,-0.610885
347.402,351.5,0.97171,0.755495,-0.00627833,-0.611071
348.268,351,0.896639,0.62928,0.0306225,-0.637988
349.134,350.5,0.850205,0.473843,0.0588068,-0.703465
350,350,0.866774,0.363706,0.0424319,-0.78563
350.866,349.5,0.875185,0.325892,0.0651623,-0.809628
351.732,349,0.790338,0.353161,0.151579,-0.690605
352.598,348.5,0.684735,0.474762,0.208123,-0.447379
353.464,348,0.733097,0.673703,0.255164,-0.135821
354.33,347.5,0.872157,0.84292,0.195574,0.109063
355.196,347,0.922545,0.882818,0.0980103,0.249231
356.062,346.5,1.01289,0.943189,0.0110053,0.369087
356.928,346,1.08177,0.984845,-0.0628235,0.443131
357.794,345.5,1.06329,0.969585,-0.0713781,0.43057
358.66,345,1.03607,0.946599,-0.071792,0.415004
359.526,344.5,1.01117,0.92453,-0.0720619,0.403129
360.392,344,0.998335,0.919366,-0.059631,0.384556
361.258,343.5,0.990986,0.91808,-0.0460445,0.370219
362.124,343,0.991671,0.923216,-0.0338908,0.360466
362.99,342.5,0.998619,0.936627,-0.0240677,0.34553
363.856,342,1.00193,0.946025,-0.0154852,0.329639
364.722,341.5,1.00129,0.95061,-0.00869336,0.314404
365.588,341,1.00085,0.953377,-0.00810161,0.304471
366.454,340.5,1.00222,0.956749,-0.0107862,0.29826
367.321,340,1.00265,0.958051,-0.0159499,0.295291
368.187,339.5,1.00379,0.959402,-0.019297,0.294569
369.053,339,1.00403,0.959831,-0.0203248,0.293919
369.919,338.5,1.00283,0.959013,-0.0198124,0.292527
370.785,338,0.999077,0.95598,-0.0176556,0.289736
371.651,337.5,0.993223,0.951609,-0.015207,0.28408
372.517,337,0.990111,0.950383,-0.0139628,0.277301
373.383,336.5,0.988105,0.950006,-0.0133762,0.271406
374.249,336,0.988833,0.95157,-0.0132356,0.268569
375.115,335.5,0.991208,0.954584,-0.0128859,0.26664
375.981,335,0.995233,0.959049,-0.0123253,0.265636
376.847,334.5,1.00174,0.964845,-0.010801,0.269138
377.713,334,1.00632,0.968805,-0.00913907,0.272064
378.579,333.5,1.00886,0.97082,-0.00737437,0.27433
379.445,333,1.00908,0.970179,-0.00691585,0.277388
380.311,332.5,1.00603,0.966512,-0.00681034,0.27913
381.177,332,0.990837,0.950559,-0.00475872,0.279594
382.043,331.5,0.963053,0.922668,-0.000289736,0.275963
382.909,331,0.936996,0.897524,0.00261998,0.269082
383.775,330.5,0.91351,0.875346,0.00398191,0.261256
384.641,330,0.889311,0.852191,0.00558164,0.25419
385.507,329.5,0.863883,0.827586,0.00890416,0.247622
386.373,329,0.856136,0.818536,0.013296,0.25058
387.239,328.5,0.859128,0.818673,0.0170615,0.259969
388.105,328,0.872143,0.82699,0.0243689,0.275913
388.971,327.5,0.891209,0.841395,0.0335577,0.29186
389.837,327,0.914272,0.859795,0.0434247,0.30783
390.703,326.5,0.927065,0.865815,0.0484303,0.327824
391.569,326,0.936739,0.867461,0.0507695,0.349878
392.435,325.5,0.948001,0.871621,0.0513032,0.369256
393.301,325,0.954209,0.874013,0.0493652,0.379709
394.167,324.5,0.959933,0.877412,0.048089,0.386403
395.033,324,0.964313,0.881054,0.0471855,0.389123
395.899,323.5,0.949718,0.862801,0.044469,0.394413
396.765,323,0.933933,0.84393,0.0419395,0.397811
397.631,322.5,0.917073,0.825172,0.0391943,0.398217
398.497,322,0.90725,0.807129,0.0290984,0.413279
399.363,321.5,0.904242,0.791659,0.0156774,0.436672
400.229,321,0.906878,0.778181,0.000494951,0.465684
401.095,320.5,0.907008,0.761121,-0.00775536,0.493253
401.962,320,0.896409,0.736217,-0.0161219,0.511149
402.828,319.5,0.875486,0.705377,-0.0336221,0.517484
403.694,319,0.841688,0.668674,-0.0571791,0.507981
404.56,318.5,0.800624,0.625283,-0.0722066,0.494778
405.426,318,0.754764,0.587478,-0.0523839,0.47095
406.292,317.5,0.711126,0.559419,-0.0309105,0.437944
407.158,317,0.788827,0.652259,0.0174623,0.443284
408.024,316.5,0.763535,0.643287,0.0208048,0.410775
408.89,316,0.730405,0.628969,0.0192843,0.370834
409.756,315.5,0.695459,0.612299,0.0160689,0.329386
410.622,315,0.626905,0.580372,-0.0156733,0.236501
411.488,314.5,0.630509,0.595501,-0.0218092,0.20602
412.354,314,0.579088,0.549296,-0.00472274,0.183288
413.22,313.5,0.530011,0.507887,0.0126112,0.151006
414.086,313,0.487941,0.473557,0.0262328,0.114638
414.952,312.5,0.481351,0.458797,0.016162,0.144717
415.818,312,0.484991,0.451634,0.010109,0.176468
416.684,311.5,0.570109,0.521311,0.0243084,0.229494
417.55,311,0.592808,0.541611,0.0384642,0.237908
418.416,310.5,0.620521,0.567593,0.0532991,0.245037
419.282,310,0.627341,0.572431,0.047228,0.252287
420.148,309.5,0.634982,0.576499,0.0400182,0.263152
421.014,309,0.643621,0.579798,0.0316696,0.277633
421.88,308.5,0.613872,0.526069,-0.00183409,0.316365
422.746,308,0.66816,0.550511,-0.0114539,0.378476
423.612,307.5,0.686727,0.54879,-0.0109247,0.412679
424.478,307,0.672033,0.538345,0.00164779,0.402257
425.344,306.5,0.656356,0.537388,0.0144552,0.376575
426.21,306,0.693952,0.621363,0.048761,0.305121
427.076,305.5,0.711914,0.662019,0.0218181,0.260914
427.942,305,0.799101,0.766384,0.0162541,0.225731
428.808,304.5,0.771848,0.741662,0.0134891,0.213321
429.674,304,0.737574,0.708742,0.0105826,0.203932
430.54,303.5,0.70666,0.680209,0.00841854,0.191347
431.406,303,0.712112,0.693287,0.00857965,0.162431
432.272,302.5,0.732644,0.722992,0.00767811,0.118285
433.138,302,0.760907,0.757952,0.00709904,0.0666114
434.004,301.5,0.755976,0.754009,0.000258914,0.0545036
434.87,301,0.750639,0.749042,-0.0123216,0.0473522
435.737,300.5,0.759059,0.757912,-0.0268266,0.0319343
436.603,300,0.779322,0.778348,-0.0356792,0.0156617
437.469,299.5,0.803161,0.802325,-0.0366397,0.000641889
438.335,299,0.824167,0.823462,-0.0323232,-0.0107359
439.201,298.5,0.837029,0.836293,-0.0258293,-0.0237375
440.067,298,0.832923,0.832101,-0.0170844,-0.0328008
440.933,297.5,0.824889,0.823402,-0.00630083,-0.0491042
441.799,297,0.815432,0.812391,0.00715269,-0.0699956
442.665,296.5,0.812949,0.808044,0.0204985,-0.0867825
443.531,296,0.810026,0.803497,0.0214831,-0.100369
444.397,295.5,0.803786,0.796365,0.0158273,-0.107813
445.263,295,0.80287,0.79617,0.00397424,-0.103434
446.129,294.5,0.807017,0.800964,-0.0129567,-0.0978012
446.995,294,0.81658,0.810749,-0.0349656,-0.0909141
447.861,293.5,0.82998,0.823618,-0.0216463,-0.100259
448.727,293,0.845509,0.83839,-0.00226397,-0.109465
449.593,292.5,0.863234,0.85511,0.0192496,-0.116573
450.459,292,0.876411,0.865045,0.0494577,-0.131708
451.325,291.5,0.89074,0.873671,0.0850609,-0.151263
452.191,291,0.900677,0.878163,0.105714,-0.169921
453.057,290.5,0.893466,0.871956,0.0707421,-0.181573
453.923,290,0.889123,0.867823,0.0323765,-0.190724
454.789,289.5,0.894017,0.871065,0.0134375,-0.200826
455.655,289,0.909262,0.883272,0.0186261,-0.215039
456.521,288.5,0.931623,0.901034,0.0416544,-0.233074
457.387,288,0.941714,0.905434,0.0793429,-0.246414
458.253,287.5,0.939561,0.899733,0.102627,-0.250448
459.119,287,1.03065,0.967473,0.126304,-0.332102
459.985,286.5,1.01853,0.953382,0.133429,-0.332649
460.851,286,1.01576,0.962919,0.163376,-0.279033
461.717,285.5,1.02496,0.984044,0.184879,-0.219124
462.583,285,0.988335,0.959755,0.187677,-0.14302
463.449,284.5,0.832254,0.805805,0.173785,-0.114561
464.315,284,0.616906,0.594434,0.132277,-0.0986138
465.181,283.5,0.53816,0.517604,0.11931,-0.0864162
466.047,283,0.457431,0.437616,0.10592,-0.0807275
466.913,282.5,0.432947,0.420527,0.0897937,-0.0503667
467.779,282,0.417959,0.410938,0.0719783,-0.0252732
468.645,281.5,0.412936,0.409679,0.0514577,-0.0056239
469.512,281,0.416337,0.41462,0.0294284,0.0236878
470.378,280.5,0.43184,0.427209,0.0105748,0.0621795
471.244,280,0.452368,0.442469,0.00966197,0.0936198
472.11,279.5,0.471337,0.457984,0.0203838,0.109515
472.976,279,0.486539,0.472002,0.0289682,0.114436
473.842,278.5,0.590337,0.568171,0.0719729,0.143178
474.708,278,0.600936,0.582719,0.0642187,0.132055
475.574,277.5,0.604126,0.590199,0.0538566,0.117183
476.44,277,0.575575,0.572011,0.0110769,0.0629903
477.306,276.5,0.602419,0.599116,-0.00220343,0.0629566
478.172,276,0.587725,0.584924,0.00115955,0.0572987
479.038,275.5,0.569974,0.568263,0.00372441,0.0439764
