x,v,vx,vy,vz
220.096,425,0.632008,0.631794,0.00556235,0.015455
220.962,424.5,0.630229,0.630013,0.00579691,0.0154779
221.828,424,0.628435,0.628215,0.00604007,0.0154718
222.694,423.5,0.626632,0.626411,0.00629398,0.015436
223.56,423,0.624468,0.624244,0.00647146,0.0154046
224.426,422.5,0.622219,0.621994,0.00663978,0.0153516
225.292,422,0.619981,0.619753,0.00686471,0.0153731
226.158,421.5,0.617461,0.617229,0.00697769,0.0154025
227.024,421,0.614787,0.614553,0.00703124,0.0154205
227.89,420.5,0.612091,0.611856,0.00709093,0.0154201
228.756,420,0.609321,0.609083,0.00717872,0.0154173
229.622,419.5,0.606385,0.606146,0.0073046,0.0154038
230.488,419,0.603326,0.603084,0.00745042,0.0153656
231.355,418.5,0.600175,0.59993,0.0076886,0.0153372
232.221,418,0.596866,0.596614,0.008092,0.0153396
233.087,417.5,0.593527,0.593268,0.00850835,0.0153263
233.953,417,0.590171,0.589905,0.00891642,0.0153312
234.819,416.5,0.586795,0.586514,0.00932902,0.015586
235.685,416,0.583448,0.583153,0.00970174,0.0158414
236.551,415.5,0.580142,0.579832,0.0100427,0.0160983
237.417,415,0.577163,0.576831,0.0106556,0.0164269
238.283,414.5,0.574248,0.573894,0.0112426,0.0167466
239.149,414,0.571487,0.571111,0.0117189,0.0170911
240.015,413.5,0.568781,0.56838,0.0121201,0.0175927
240.881,413,0.5661,0.565673,0.0124992,0.0180662
241.747,412.5,0.563453,0.563003,0.012851,0.0184894
242.613,412,0.560885,0.560409,0.0133154,0.0188776
243.479,411.5,0.558353,0.557851,0.0138375,0.0192023
244.345,411,0.55567,0.555142,0.0143875,0.019473
245.211,410.5,0.552796,0.552247,0.0148486,0.0196515
246.077,410,0.549789,0.549224,0.0152593,0.0197249
246.943,409.5,0.546811,0.54623,0.0156903,0.019703
247.809,409,0.543842,0.543251,0.0162334,0.019469
248.675,408.5,0.540913,0.54032,0.0168371,0.0189115
249.541,408,0.538122,0.537535,0.0173435,0.0181732
250.407,407.5,0.53536,0.53479,0.01779,0.0171312
251.273,407,0.532418,0.531884,0.0181072,0.0155191
252.139,406.5,0.529607,0.529107,0.0183958,0.0137976
253.005,406,0.526916,0.52645,0.0186523,0.0119365
253.871,405.5,0.524223,0.5238,0.0187394,0.00961133
254.737,405,0.521553,0.521167,0.0187428,0.00713486
255.603,404.5,0.518907,0.518551,0.0186625,0.00450712
256.469,404,0.516073,0.515743,0.0183772,0.00171848
257.335,403.5,0.513132,0.512813,0.0180335,-0.00113294
258.201,403,0.510334,0.510013,0.0176144,-0.00411899
259.067,402.5,0.507861,0.507534,0.0169165,-0.00675534
259.933,402,0.50543,0.505087,0.0161477,-0.00924493
260.799,401.5,0.502979,0.502607,0.015379,-0.0117216
261.665,401,0.500836,0.500457,0.0141965,-0.0133287
262.531,400.5,0.498777,0.498414,0.0127045,-0.0141888
263.397,400,0.496391,0.49605,0.0110206,-0.0147279
264.263,399.5,0.494857,0.494567,0.00888202,-0.0144451
265.13,399,0.494273,0.494058,0.00636022,-0.0131334
265.996,398.5,0.493679,0.493526,0.00391299,-0.0116537
266.862,398,0.49346,0.493363,0.00119656,-0.00969151
267.728,397.5,0.494259,0.494213,-0.00208873,-0.00642115
268.594,397,0.494979,0.494944,-0.00524346,-0.00268183
269.46,396.5,0.495919,0.49585,-0.00814747,0.00129665
270.326,396,0.498936,0.498812,-0.00992931,0.00499547
271.192,395.5,0.501779,0.501569,-0.0115262,0.00880995
272.058,395,0.504167,0.503847,-0.0128603,0.012531
272.924,394.5,0.504522,0.504113,-0.013936,0.0147823
273.79,394,0.504595,0.504099,-0.0144638,0.0170635
274.656,393.5,0.504397,0.503818,-0.0144381,0.0193872
275.522,393,0.505997,0.50541,-0.0133035,0.0204082
276.388,392.5,0.507574,0.506988,-0.0119234,0.0212614
277.254,392,0.510696,0.510062,-0.0114237,0.0227315
278.12,391.5,0.513652,0.512896,-0.0124327,0.0249276
278.986,391,0.516156,0.515241,-0.0141731,0.0272463
279.852,390.5,0.51854,0.517453,-0.016026,0.0294976
280.718,390,0.522515,0.521327,-0.0170069,0.03083
281.584,389.5,0.527754,0.526548,-0.0171738,0.031245
282.45,389,0.531451,0.530272,-0.0175853,0.0306954
283.316,388.5,0.533944,0.532734,-0.0186594,0.0306996
284.182,388,0.535427,0.534097,-0.0204157,0.0317147
285.048,387.5,0.537123,0.535683,-0.0214977,0.032901
285.914,387,0.539133,0.537632,-0.0215142,0.0339755
286.78,386.5,0.542851,0.541212,-0.0224143,0.0356929
287.646,386,0.547504,0.545723,-0.0227201,0.0378276
288.512,385.5,0.552804,0.550906,-0.02222,0.0400242
289.378,385,0.555967,0.553269,-0.0322916,0.0441521
290.244,384.5,0.558618,0.554306,-0.0449197,0.052737
291.11,384,0.563762,0.557327,-0.0549818,0.0647398
291.976,383.5,0.597551,0.590118,-0.038978,0.0854947
292.842,383,0.628051,0.618276,-0.0265562,0.107138
293.708,382.5,0.651573,0.638429,-0.0202134,0.128636
294.574,382,0.682229,0.665955,0.00156708,0.148116
295.44,381.5,0.727041,0.706725,0.0378938,0.166411
296.306,381,0.761147,0.7368,0.0478537,0.184883
297.172,380.5,0.761702,0.738657,0.0262883,0.184077
298.038,380,0.748234,0.729931,0.00874648,0.164249
298.905,379.5,0.770125,0.749809,0.00885405,0.175503
299.771,379,0.784402,0.765357,0.0151934,0.171124
300.637,378.5,0.78956,0.775454,-0.00202518,0.148567
301.503,378,0.801467,0.791475,-0.0187699,0.124755
302.369,377.5,0.820549,0.812153,-0.0270069,0.113923
303.235,377,0.843241,0.834691,-0.0248836,0.117163
304.101,376.5,0.862424,0.853753,-0.0254516,0.119301
304.967,376,0.878432,0.86971,-0.0282538,0.120199
305.833,375.5,0.897881,0.889355,-0.0349247,0.118404
306.699,375,0.915485,0.907376,-0.0417953,0.114171
307.565,374.5,0.931143,0.923645,-0.0485226,0.107488
308.431,374,0.941408,0.934456,-0.0546663,0.100264
309.297,373.5,0.948527,0.942286,-0.0567294,0.0926409
310.163,373,0.943162,0.938114,-0.0547967,0.0805857
311.029,372.5,0.924632,0.920828,-0.0568968,0.0615036
311.895,372,0.904232,0.901301,-0.0588368,0.0427977
312.761,371.5,0.882056,0.879711,-0.0592227,0.0249796
313.627,371,0.863778,0.861609,-0.0611444,0.00219868
314.493,370.5,0.852655,0.849949,-0.0637257,-0.0233506
315.359,370,0.841709,0.838146,-0.0607157,-0.0479411
316.225,369.5,0.825846,0.821262,-0.0558726,-0.0665466
317.091,369,0.816159,0.810491,-0.0475249,-0.0834356
317.957,368.5,0.813022,0.805717,-0.0420714,-0.100269
318.823,368,0.812423,0.80336,-0.0383058,-0.114785
319.689,367.5,0.815336,0.805615,-0.037071,-0.119932
320.555,367,0.827855,0.817399,-0.0382691,-0.12545
321.421,366.5,0.842214,0.830186,-0.0399507,-0.136086
322.287,366,0.854738,0.840015,-0.0487312,-0.15026
323.153,365.5,0.86751,0.849984,-0.0551984,-0.164482
324.019,365,0.879927,0.859439,-0.0590155,-0.179315
324.885,364.5,0.890114,0.865668,-0.0652478,-0.19663
325.751,364,0.894837,0.866879,-0.06715,-0.211529
326.617,363.5,0.946709,0.919193,-0.0741094,-0.214127
327.483,363,0.940954,0.911517,-0.0595362,-0.225804
328.349,362.5,0.927042,0.889912,-0.0180757,-0.25911
329.215,362,0.921696,0.873633,0.0201803,-0.293056
330.081,361.5,0.926123,0.862357,0.0418538,-0.335101
330.947,361,0.85277,0.788449,0.0468295,-0.321515
331.813,360.5,0.813697,0.741788,0.0758264,-0.325737
332.679,360,0.776217,0.698799,0.0984253,-0.323273
333.546,359.5,0.732679,0.655075,0.108568,-0.309692
334.412,359,0.688085,0.612354,0.113411,-0.292613
335.278,358.5,0.646138,0.570725,0.121191,-0.277632
336.144,358,0.614038,0.540606,0.126353,-0.26234
337.01,357.5,0.57859,0.513443,0.126455,-0.234844
337.876,357,0.543169,0.490335,0.123083,-0.198634
338.742,356.5,0.515618,0.46843,0.123853,-0.17634
339.608,356,0.479721,0.437929,0.121784,-0.153357
340.474,355.5,0.435716,0.400095,0.116409,-0.127366
341.34,355,0.409717,0.375315,0.104051,-0.127201
342.206,354.5,0.37818,0.343653,0.0942612,-0.126639
343.072,354,0.343915,0.307787,0.0841955,-0.12828
343.938,353.5,0.301973,0.254924,0.0711794,-0.145378
344.804,353,0.252814,0.192871,0.049848,-0.155663
345.67,352.5,0.201772,0.124032,0.0186381,-0.158053
346.536,352,0.12352,0.0477675,0.0335898,-0.108844
347.402,351.5,0.11699,-0.0717326,0.0919582,-0.00920441
348.268,351,0.259821,-0.174467,0.153433,0.116304
349.134,350.5,0.471527,-0.310153,0.207873,0.287978
350,350,0.61101,-0.473156,0.168779,0.347808
350.866,349.5,0.686391,-0.573931,0.050666,0.373054
351.732,349,0.60113,-0.50177,0.0325727,0.329428
352.598,348.5,0.480592,-0.40505,0.094114,0.240927
353.464,348,0.414604,-0.289788,0.216051,0.203081
354.33,347.5,0.335148,-0.279868,0.169634,0.0722635
355.196,347,0.269633,-0.240546,0.117695,-0.0314208
356.062,346.5,0.224088,-0.191623,0.0356302,-0.110574
356.928,346,0.26396,-0.170096,0.013156,-0.201417
357.794,345.5,0.339165,-0.148277,-0.00972578,-0.304881
358.66,345,0.454024,-0.129836,-0.0541859,-0.431676
359.526,344.5,0.551777,-0.114007,-0.0996154,-0.530601
360.392,344,0.631509,-0.101584,-0.120989,-0.61143
361.258,343.5,0.640227,-0.0701647,-0.0638275,-0.633162
362.124,343,0.652784,-0.0225524,-0.00648592,-0.652362
362.99,342.5,0.671912,0.0446511,0.0149192,-0.670261
363.856,342,0.719982,0.0558732,0.0346553,-0.716973
364.722,341.5,0.7625,0.0549153,0.0448722,-0.759195
365.588,341,0.789811,0.0600947,0.0414501,-0.78643
366.454,340.5,0.767694,0.0511283,0.0271264,-0.765509
367.321,340,0.731886,0.0431003,-0.00204463,-0.730613
368.187,339.5,0.701922,0.0532038,0.00507193,-0.699884
369.053,339,0.646933,0.0608807,0.0274639,-0.643477
369.919,338.5,0.596861,0.0892117,0.0248802,-0.589632
370.785,338,0.552197,0.081404,-0.0313513,-0.545263
371.651,337.5,0.548606,0.101218,-0.110615,-0.527719
372.517,337,0.555205,0.131388,-0.189287,-0.505133
373.383,336.5,0.544954,0.131928,-0.21355,-0.483701
374.249,336,0.527624,0.114688,-0.259318,-0.444959
375.115,335.5,0.516958,0.095138,-0.321294,-0.393655
375.981,335,0.491532,0.0779038,-0.357303,-0.328435
376.847,334.5,0.438267,0.036129,-0.379076,-0.216964
377.713,334,0.419357,0.0828218,-0.382118,-0.151612
378.579,333.5,0.356798,0.0741414,-0.341128,-0.073755
379.445,333,0.256125,0.0437523,-0.252055,0.0124231
380.311,332.5,0.243628,0.0993328,-0.22202,0.013956
381.177,332,0.22453,0.138456,-0.171984,0.0408068
382.043,331.5,0.195516,0.147061,-0.102383,0.0782115
382.909,331,0.325586,0.296922,-0.124748,-0.0477665
383.775,330.5,0.228286,0.183204,-0.0759124,0.113084
384.641,330,0.230958,0.173147,-0.0359271,0.148563
385.507,329.5,0.244428,0.193458,-0.0196195,0.148102
386.373,329,0.258307,0.214272,-0.0104182,0.143879
387.239,328.5,0.264249,0.194251,0.00417366,0.179099
388.105,328,0.265354,0.165499,0.0042033,0.207377
388.971,327.5,0.281084,0.186317,0.011163,0.210165
389.837,327,0.289889,0.178471,0.0155475,0.227907
390.703,326.5,0.298737,0.183246,0.0113328,0.235662
391.569,326,0.306452,0.189828,0.0103012,0.240358
392.435,325.5,0.311508,0.192939,0.01298,0.244219
393.301,325,0.321072,0.190739,0.0157134,0.257797
394.167,324.5,0.330205,0.1878,0.0174629,0.271038
395.033,324,0.338841,0.184304,0.0185107,0.283729
395.899,323.5,0.350033,0.185805,0.023874,0.295685
396.765,323,0.363641,0.187396,0.0255123,0.310591
397.631,322.5,0.379326,0.188915,0.0233787,0.328104
398.497,322,0.397005,0.191567,0.0208349,0.347104
399.363,321.5,0.414939,0.192305,0.0173393,0.367277
400.229,321,0.434419,0.197968,0.0181743,0.386261
401.095,320.5,0.456806,0.214585,0.0251966,0.40248
401.962,320,0.482544,0.235627,0.034527,0.419687
402.828,319.5,0.519045,0.257025,0.0565737,0.447376
403.694,319,0.558088,0.285421,0.0653542,0.475107
404.56,318.5,0.590962,0.319493,0.0593146,0.493601
405.426,318,0.620847,0.350423,0.0500109,0.510052
406.292,317.5,0.660032,0.387282,0.0550827,0.531621
407.158,317,0.716325,0.43746,0.0672392,0.563231
408.024,316.5,0.726441,0.463073,0.0559919,0.556906
408.89,316,0.758252,0.501734,0.0516149,0.566167
409.756,315.5,0.776412,0.526018,0.0458462,0.569227
410.622,315,0.790079,0.547407,0.0380163,0.568441
411.488,314.5,0.797574,0.567381,0.0269257,0.559891
412.354,314,0.79838,0.580364,0.0153626,0.548044
413.22,313.5,0.794396,0.592038,-0.000923351,0.529675
414.086,313,0.785531,0.601199,-0.0211475,0.505145
414.952,312.5,0.776496,0.599567,-0.0278341,0.492636
415.818,312,0.766743,0.59758,-0.0352775,0.479113
416.684,311.5,0.754869,0.596055,-0.0466742,0.460833
417.55,311,0.751165,0.599765,-0.0553604,0.44885
418.416,310.5,0.753361,0.60675,-0.0627422,0.442119
419.282,310,0.755081,0.612717,-0.0646985,0.436509
420.148,309.5,0.755325,0.619729,-0.0579709,0.427891
421.014,309,0.755188,0.627265,-0.0459585,0.418013
421.88,308.5,0.755584,0.634807,-0.0353724,0.40826
422.746,308,0.754991,0.64078,-0.0264512,0.398389
423.612,307.5,0.751407,0.642877,-0.0192695,0.388525
424.478,307,0.747672,0.644439,-0.0128619,0.378875
425.344,306.5,0.744011,0.646071,-0.00764282,0.368899
426.21,306,0.74183,0.649422,-0.00883717,0.358448
427.076,305.5,0.739349,0.652096,-0.0102415,0.348287
427.942,305,0.736579,0.654124,-0.0118619,0.338422
428.808,304.5,0.735631,0.657707,-0.0148415,0.329172
429.674,304,0.734439,0.660816,-0.017762,0.320012
430.54,303.5,0.733012,0.663482,-0.0203329,0.310943
431.406,303,0.732133,0.665997,-0.0183177,0.303533
432.272,302.5,0.73117,0.668128,-0.0158043,0.296589
433.138,302,0.730241,0.67011,-0.013569,0.289865
434.004,301.5,0.728516,0.670937,-0.0108764,0.283657
434.87,301,0.726215,0.670946,-0.00811519,0.277765
435.737,300.5,0.723862,0.670767,-0.00560782,0.272059
436.603,300,0.721196,0.670137,-0.00416438,0.266501
437.469,299.5,0.718282,0.669137,-0.00343408,0.2611
438.335,299,0.716135,0.668795,-0.00243197,0.25604
439.201,298.5,0.714158,0.668522,-0.00154165,0.251192
440.067,298,0.712156,0.668119,-0.000949172,0.246539
440.933,297.5,0.710164,0.667657,-0.00036749,0.242005
441.799,297,0.708344,0.66729,0.000165003,0.237646
442.665,296.5,0.707275,0.667564,0.000508831,0.233657
443.531,296,0.706529,0.668091,0.000773776,0.229864
444.397,295.5,0.705818,0.668619,0.00101227,0.22611
445.263,295,0.70584,0.66983,0.00124202,0.222569
446.129,294.5,0.705815,0.670965,0.00141624,0.219038
446.995,294,0.70574,0.672026,0.00153492,0.215518
447.861,293.5,0.705508,0.67284,0.00153236,0.212193
448.727,293,0.70521,0.673565,0.0015282,0.208877
449.593,292.5,0.70487,0.674231,0.00153377,0.205551
450.459,292,0.704669,0.674994,0.00142773,0.202335
451.325,291.5,0.704457,0.675713,0.00127256,0.199174
452.191,291,0.703723,0.675858,0.0011141,0.196062
453.057,290.5,0.702302,0.675218,0.00109954,0.193151
453.923,290,0.700828,0.674478,0.00116282,0.190364
454.789,289.5,0.699317,0.673682,0.00121384,0.187606
455.655,289,0.697677,0.672709,0.00121293,0.184974
456.521,288.5,0.695892,0.671531,0.00114176,0.182511
457.387,288,0.693077,0.669222,0.00115779,0.180266
458.253,287.5,0.690276,0.666892,0.00127733,0.178141
459.119,287,0.68754,0.664575,0.00159876,0.176209
459.985,286.5,0.684766,0.662208,0.00193274,0.174301
460.851,286,0.681933,0.659771,0.00229752,0.172425
461.717,285.5,0.678503,0.656695,0.00278809,0.170615
462.583,285,0.674544,0.653075,0.00326582,0.168796
463.449,284.5,0.670533,0.649405,0.003731,0.166951
464.315,284,0.666452,0.645693,0.00397634,0.164993
465.181,283.5,0.662309,0.641931,0.00419484,0.162971
466.047,283,0.658099,0.638115,0.00439409,0.160883
466.913,282.5,0.653492,0.633975,0.00445817,0.158457
467.779,282,0.648838,0.629804,0.00443797,0.155939
468.645,281.5,0.644145,0.625607,0.0043719,0.153363
469.512,281,0.639498,0.621455,0.00411917,0.150778
470.378,280.5,0.634928,0.61737,0.00376734,0.148236
471.244,280,0.63086,0.613774,0.00345858,0.145783
472.11,279.5,0.627352,0.610703,0.00314365,0.143534
472.976,279,0.624017,0.607768,0.00278121,0.141448
473.842,278.5,0.620722,0.604859,0.00240668,0.139412
474.708,278,0.617521,0.602023,0.00205348,0.137461
475.574,277.5,0.614563,0.599409,0.00175961,0.135624
476.44,277,0.613014,0.598234,0.001545,0.133789
477.306,276.5,0.611462,0.597049,0.0013539,0.131974
478.172,276,0.609954,0.595894,0.00129796,0.130204
479.038,275.5,0.608449,0.594728,0.0012225,0.128478
