x,v,vx,vy,vz
220.096,425,0.617846,0.617786,-0.00690191,-0.00514266
220.962,424.5,0.618616,0.61855,-0.00715916,-0.00549801
221.828,424,0.619403,0.619331,-0.00741583,-0.00583521
222.694,423.5,0.620205,0.620127,-0.00767306,-0.00615396
223.56,423,0.621046,0.620964,-0.00775208,-0.00645003
224.426,422.5,0.621905,0.62182,-0.0077901,-0.00672501
225.292,422,0.622756,0.622668,-0.00780989,-0.00699374
226.158,421.5,0.623549,0.623459,-0.00770392,-0.00725635
227.024,421,0.624315,0.624225,-0.00753389,-0.00751471
227.89,420.5,0.62509,0.624999,-0.00736289,-0.00777077
228.756,420,0.625812,0.62572,-0.00716335,-0.00801908
229.622,419.5,0.626492,0.626399,-0.00692781,-0.0082494
230.488,419,0.627184,0.627091,-0.00668188,-0.00846387
231.355,418.5,0.627816,0.627723,-0.00642225,-0.00867571
232.221,418,0.628336,0.628244,-0.00613433,-0.00888855
233.087,417.5,0.62885,0.628757,-0.00584839,-0.00910215
233.953,417,0.629317,0.629223,-0.00554113,-0.00931743
234.819,416.5,0.629699,0.629605,-0.00513121,-0.00960934
235.685,416,0.630062,0.629966,-0.00472492,-0.00990817
236.551,415.5,0.630394,0.630297,-0.00432209,-0.010213
237.417,415,0.630414,0.630314,-0.00391323,-0.0105297
238.283,414.5,0.630412,0.630309,-0.00350517,-0.010852
239.149,414,0.630374,0.630268,-0.00308998,-0.011186
240.015,413.5,0.630154,0.630043,-0.0026394,-0.011525
240.881,413,0.629902,0.629787,-0.00218433,-0.011869
241.747,412.5,0.629641,0.62952,-0.00172872,-0.0122188
242.613,412,0.629166,0.629039,-0.00126784,-0.0125766
243.479,411.5,0.628601,0.628467,-0.000800467,-0.0129437
244.345,411,0.628051,0.627909,-0.000325817,-0.0133484
245.211,410.5,0.627367,0.627216,0.000133141,-0.0137523
246.077,410,0.626574,0.626414,0.000582732,-0.0141583
246.943,409.5,0.625772,0.625602,0.00103999,-0.0145718
247.809,409,0.624817,0.624635,0.00151883,-0.0149838
248.675,408.5,0.62366,0.623467,0.00202519,-0.0153847
249.541,408,0.622512,0.622307,0.00253943,-0.015788
250.407,407.5,0.621268,0.62105,0.00305417,-0.0161932
251.273,407,0.61974,0.619507,0.00355357,-0.0165915
252.139,406.5,0.618206,0.617959,0.00405687,-0.0169938
253.005,406,0.616631,0.616368,0.00456709,-0.0174031
253.871,405.5,0.614673,0.614393,0.00510839,-0.0178459
254.737,405,0.612716,0.612417,0.00565017,-0.0183003
255.603,404.5,0.61076,0.610441,0.00619243,-0.0187661
256.469,404,0.60847,0.608128,0.00667036,-0.019264
257.335,403.5,0.606152,0.605787,0.00714771,-0.0197854
258.201,403,0.60387,0.603481,0.00761321,-0.0202996
259.067,402.5,0.6013,0.600885,0.00802141,-0.0208498
259.933,402,0.59864,0.598196,0.00841774,-0.0214414
260.799,401.5,0.595981,0.595507,0.00881743,-0.0220661
261.665,401,0.593241,0.592733,0.00912337,-0.0227685
262.531,400.5,0.590456,0.589912,0.00936236,-0.0235532
263.397,400,0.587709,0.587123,0.00958407,-0.0244225
264.263,399.5,0.584871,0.584237,0.00984816,-0.0253827
265.13,399,0.581921,0.581231,0.0101643,-0.0264476
265.996,398.5,0.57898,0.578228,0.0105013,-0.0275724
266.862,398,0.575917,0.575094,0.0108821,-0.0287963
267.728,397.5,0.57261,0.5717,0.0112882,-0.0302346
268.594,397,0.569332,0.568323,0.0116844,-0.0318071
269.46,396.5,0.565937,0.564813,0.0120967,-0.0335215
270.326,396,0.561815,0.560552,0.0125681,-0.0354991
271.192,395.5,0.557705,0.556283,0.0130161,-0.0376166
272.058,395,0.553609,0.552008,0.0134339,-0.0398601
272.924,394.5,0.548593,0.546806,0.0134674,-0.042152
273.79,394,0.543631,0.541635,0.0133783,-0.0445728
274.656,393.5,0.538738,0.536511,0.0131708,-0.0471229
275.522,393,0.532997,0.530491,0.0134543,-0.0498414
276.388,392.5,0.527181,0.524358,0.0137929,-0.0527085
277.254,392,0.521731,0.518554,0.0141714,-0.0557229
278.12,391.5,0.515426,0.511811,0.0153211,-0.0589859
278.986,391,0.508777,0.504645,0.0168682,-0.0624731
279.852,390.5,0.502327,0.497612,0.0184404,-0.0661431
280.718,390,0.494845,0.489446,0.0198815,-0.0701371
281.584,389.5,0.486605,0.480413,0.0211756,-0.074426
282.45,389,0.479078,0.472044,0.0225367,-0.0786273
283.316,388.5,0.471938,0.463909,0.0238969,-0.0833225
284.182,388,0.465196,0.455925,0.0253397,-0.0888662
285.048,387.5,0.459016,0.448324,0.0269015,-0.0947506
285.914,387,0.453139,0.440747,0.029244,-0.101105
286.78,386.5,0.446742,0.432292,0.0340127,-0.107448
287.646,386,0.441088,0.424429,0.0385409,-0.113724
288.512,385.5,0.436118,0.417025,0.0429476,-0.120186
289.378,385,0.429979,0.407383,0.0485518,-0.1287
290.244,384.5,0.424865,0.398551,0.0538994,-0.136974
291.11,384,0.420523,0.390354,0.0587479,-0.144953
291.976,383.5,0.413188,0.378728,0.0620215,-0.15311
292.842,383,0.406564,0.367474,0.0652886,-0.161227
293.708,382.5,0.401107,0.357103,0.0686908,-0.169251
294.574,382,0.395787,0.345438,0.0708436,-0.179725
295.44,381.5,0.389858,0.33259,0.071954,-0.190252
296.306,381,0.386255,0.321454,0.0724826,-0.201511
297.172,380.5,0.383937,0.309818,0.0761035,-0.213608
298.038,380,0.383611,0.297754,0.0812847,-0.2278
298.905,379.5,0.385958,0.286618,0.0850835,-0.24408
299.771,379,0.388887,0.272392,0.0898855,-0.262595
300.637,378.5,0.392634,0.256629,0.0982517,-0.280445
301.503,378,0.400233,0.248728,0.107412,-0.29459
302.369,377.5,0.414368,0.243877,0.112652,-0.315491
303.235,377,0.439124,0.239421,0.110499,-0.351137
304.101,376.5,0.464857,0.246311,0.108103,-0.379126
304.967,376,0.496483,0.271339,0.104409,-0.402455
305.833,375.5,0.547786,0.334828,0.0921063,-0.423646
306.699,375,0.654525,0.413262,0.0877024,-0.499926
307.565,374.5,0.59286,0.431852,0.0808787,-0.398052
308.431,374,0.504741,0.454555,0.0754424,-0.206038
309.297,373.5,0.582665,0.56955,0.0531105,-0.110867
310.163,373,0.521599,0.511926,0.0321589,0.0946738
311.029,372.5,0.510506,0.38924,0.0186811,0.329787
311.895,372,0.59255,0.119597,0.0225678,0.579916
312.761,371.5,0.869493,-0.258181,-0.0241844,0.829926
313.627,371,1.36557,-0.7757,-0.193541,1.10707
314.493,370.5,2.39106,-1.538,-0.663439,1.70633
315.359,370,3.56897,-2.45352,-1.03488,2.37631
316.225,369.5,4.57749,-3.35963,-0.81669,2.99989
317.091,369,5.21536,-4.10979,-0.420272,3.18323
317.957,368.5,5.91427,-4.89157,-0.227436,3.31653
318.823,368,6.12154,-5.26592,-0.528011,3.07644
319.689,367.5,6.51548,-5.6465,-1.04333,3.07896
320.555,367,6.89629,-5.87329,-1.6476,3.21694
321.421,366.5,6.89299,-5.71734,-1.98674,3.29821
322.287,366,7.1756,-5.7099,-2.42275,3.60785
323.153,365.5,7.12003,-5.4343,-2.65576,3.75634
324.019,365,6.89352,-5.07957,-2.70322,3.7962
324.885,364.5,6.80769,-4.82722,-2.78198,3.91193
325.751,364,6.18509,-4.25944,-2.56316,3.68004
326.617,363.5,5.66063,-3.79721,-2.30419,3.50922
327.483,363,5.14323,-3.33968,-2.03723,3.33903
328.349,362.5,4.39822,-2.76713,-1.59557,3.02348
329.215,362,3.78235,-2.27617,-1.21961,2.76366
330.081,361.5,3.15877,-1.76641,-0.845855,2.47833
330.947,361,2.45917,-1.2128,-0.4381,2.09398
331.813,360.5,1.90979,-0.728278,-0.0795931,1.76369
332.679,360,1.37861,-0.157479,0.290267,1.33847
333.546,359.5,1.12665,0.350025,0.522342,0.934872
334.412,359,1.31754,0.869956,0.771575,0.619477
335.278,358.5,1.5663,1.24704,0.860266,0.397668
336.144,358,1.81108,1.53826,0.90189,0.316773
337.01,357.5,2.05257,1.78523,0.961382,0.319019
337.876,357,1.99112,1.75901,0.863679,0.352854
338.742,356.5,1.88026,1.66756,0.777516,0.387419
339.608,356,1.69712,1.50568,0.672139,0.401712
340.474,355.5,1.49887,1.32829,0.557573,0.413972
341.34,355,1.33989,1.17342,0.488274,0.42424
342.206,354.5,1.20444,1.03527,0.460196,0.408787
343.072,354,1.08507,0.917794,0.433808,0.383195
343.938,353.5,0.983597,0.814484,0.422793,0.354012
344.804,353,0.906576,0.759382,0.370303,0.328778
345.67,352.5,0.867385,0.730502,0.340667,0.32042
346.536,352,0.856095,0.716855,0.337199,0.324522
347.402,351.5,0.845958,0.708177,0.337735,0.316329
348.268,351,0.846973,0.691245,0.388658,0.29747
349.134,350.5,0.849989,0.651606,0.473149,0.27207
350,350,0.758689,0.562302,0.445478,0.246929
350.866,349.5,0.635103,0.459507,0.366132,0.241158
351.732,349,0.521344,0.372177,0.23718,0.277542
352.598,348.5,0.501303,0.354915,0.151676,0.319897
353.464,348,0.536562,0.379298,0.0871918,0.369364
354.33,347.5,0.587895,0.416489,0.0319776,0.413684
355.196,347,0.613599,0.449833,0.00539135,0.417283
356.062,346.5,0.653066,0.489122,-0.0233258,0.432101
356.928,346,0.673935,0.515795,-0.0338068,0.432437
357.794,345.5,0.668816,0.528018,-0.0361221,0.40891
358.66,345,0.663398,0.536389,-0.0376086,0.388548
359.526,344.5,0.659744,0.544206,-0.0371204,0.371112
360.392,344,0.662403,0.560328,-0.0380127,0.351234
361.258,343.5,0.662878,0.574212,-0.0393423,0.328847
362.124,343,0.662405,0.586488,-0.0417116,0.305078
362.99,342.5,0.671038,0.605458,-0.044267,0.285926
363.856,342,0.681384,0.624359,-0.044232,0.269264
364.722,341.5,0.69143,0.641493,-0.0416058,0.254619
365.588,341,0.704706,0.658883,-0.0328379,0.247801
366.454,340.5,0.720141,0.676746,-0.020986,0.24531
367.321,340,0.734863,0.693588,-0.0141574,0.242402
368.187,339.5,0.747116,0.707148,-0.00993641,0.240883
369.053,339,0.757347,0.717864,-0.00707199,0.241238
369.919,338.5,0.766664,0.727457,-0.0038912,0.242003
370.785,338,0.774515,0.735273,-0.000247916,0.243406
371.651,337.5,0.776824,0.737118,0.00323863,0.245158
372.517,337,0.772589,0.732127,0.00451723,0.246707
373.383,336.5,0.766995,0.725843,0.0055054,0.247795
374.249,336,0.758802,0.716897,0.00626427,0.248594
375.115,335.5,0.750434,0.707732,0.00705827,0.249433
375.981,335,0.741889,0.698341,0.00787927,0.250313
376.847,334.5,0.732327,0.68913,0.0052254,0.247738
377.713,334,0.723482,0.680814,0.00288975,0.244767
378.579,333.5,0.715385,0.673319,0.0010456,0.241694
379.445,333,0.707255,0.666026,-0.000599885,0.237947
380.311,332.5,0.699699,0.659345,-0.00187628,0.234178
381.177,332,0.696428,0.656729,-0.00123027,0.23177
382.043,331.5,0.697936,0.658809,0.000714672,0.230403
382.909,331,0.699804,0.661376,0.00243775,0.228696
383.775,330.5,0.702093,0.664426,0.00424429,0.226836
384.641,330,0.704448,0.667789,0.00603005,0.224206
385.507,329.5,0.706837,0.671382,0.00768938,0.22092
386.373,329,0.705756,0.671107,0.00851417,0.218251
387.239,328.5,0.704564,0.670782,0.00926575,0.215352
388.105,328,0.703488,0.670642,0.0097127,0.212227
388.971,327.5,0.702604,0.670615,0.0100845,0.209346
389.837,327,0.702201,0.671003,0.0102952,0.206723
390.703,326.5,0.700196,0.669572,0.00910342,0.204611
391.569,326,0.695654,0.665393,0.00719427,0.202819
392.435,325.5,0.691305,0.661367,0.00554884,0.201163
393.301,325,0.687771,0.658107,0.00413059,0.199766
394.167,324.5,0.684132,0.654739,0.00287855,0.198354
395.033,324,0.680366,0.651245,0.00176385,0.196913
395.899,323.5,0.676602,0.64776,0.000344123,0.195444
396.765,323,0.672939,0.644376,-0.000891395,0.193974
397.631,322.5,0.669324,0.641049,-0.00195493,0.192477
398.497,322,0.665384,0.637483,-0.00255362,0.190644
399.363,321.5,0.661253,0.633796,-0.00293298,0.188545
400.229,321,0.658198,0.631255,-0.00291493,0.18637
401.095,320.5,0.65556,0.629188,-0.00260507,0.184048
401.962,320,0.652669,0.626895,-0.00234869,0.181587
402.828,319.5,0.649752,0.624584,-0.00222698,0.179074
403.694,319,0.646749,0.622212,-0.00225553,0.176443
404.56,318.5,0.643866,0.619958,-0.00247048,0.173809
405.426,318,0.642187,0.618826,-0.002963,0.171611
406.292,317.5,0.640729,0.61791,-0.00351852,0.169438
407.158,317,0.639534,0.617276,-0.00400104,0.167207
408.024,316.5,0.638515,0.616772,-0.00459374,0.165144
408.89,316,0.637695,0.616426,-0.00526735,0.163233
409.756,315.5,0.636729,0.615874,-0.00524578,0.161539
410.622,315,0.63548,0.615008,-0.00496926,0.159925
411.488,314.5,0.634175,0.614091,-0.00474558,0.158265
412.354,314,0.632525,0.612899,-0.00430926,0.156282
413.22,313.5,0.630721,0.611574,-0.0039015,0.154181
414.086,313,0.628546,0.609892,-0.0034356,0.151955
414.952,312.5,0.624745,0.606642,-0.00242395,0.149286
415.818,312,0.620769,0.603235,-0.0014554,0.146491
416.684,311.5,0.616719,0.599758,-0.000562116,0.14364
417.55,311,0.612484,0.596128,0.000333054,0.140596
418.416,310.5,0.608198,0.592458,0.00121961,0.137469
419.282,310,0.603521,0.588423,0.00235276,0.134126
420.148,309.5,0.598428,0.584021,0.0035794,0.13047
421.014,309,0.593102,0.579407,0.00476466,0.126626
421.88,308.5,0.587649,0.574635,0.00591991,0.122844
422.746,308,0.582104,0.569764,0.00693415,0.11902
423.612,307.5,0.576928,0.565287,0.00764269,0.115057
424.478,307,0.572851,0.561908,0.00820637,0.111129
425.344,306.5,0.568699,0.558423,0.00873762,0.107264
426.21,306,0.564696,0.555079,0.00896996,0.103384
427.076,305.5,0.560556,0.551551,0.00925528,0.0996437
427.942,305,0.556287,0.54785,0.0095878,0.0960438
428.808,304.5,0.554163,0.546317,0.00895524,0.0924904
429.674,304,0.552642,0.545343,0.0081577,0.0891465
430.54,303.5,0.551241,0.544433,0.00738211,0.0860491
431.406,303,0.550701,0.544292,0.00655207,0.083516
432.272,302.5,0.550423,0.544357,0.005746,0.0812904
433.138,302,0.550522,0.544749,0.00490798,0.0793675
434.004,301.5,0.551737,0.546179,0.0040213,0.0780125
434.87,301,0.553154,0.547773,0.00322542,0.0769008
435.737,300.5,0.554574,0.549347,0.00248869,0.07592
436.603,300,0.556127,0.55103,0.00189518,0.0750987
437.469,299.5,0.557725,0.552747,0.00143314,0.074333
438.335,299,0.559303,0.554449,0.00100299,0.07352
439.201,298.5,0.560829,0.556102,0.00068982,0.0726572
440.067,298,0.562282,0.557691,0.000531945,0.0716993
440.933,297.5,0.563675,0.559218,0.000366677,0.0707416
441.799,297,0.564984,0.560664,0.000213087,0.0697344
442.665,296.5,0.566183,0.562028,8.97008e-05,0.0684665
443.531,296,0.567369,0.563393,-7.43855e-05,0.067049
444.397,295.5,0.568509,0.56471,-0.00024961,0.0656083
445.263,295,0.569642,0.56602,-0.000565094,0.0641353
446.129,294.5,0.570766,0.567315,-0.000897729,0.0626576
446.995,294,0.571879,0.568596,-0.00124752,0.0611752
447.861,293.5,0.572455,0.569334,-0.00148876,0.0596754
448.727,293,0.57297,0.570012,-0.00168698,0.0581246
449.593,292.5,0.573493,0.570698,-0.00185808,0.0565238
450.459,292,0.574095,0.571457,-0.00203933,0.0549255
451.325,291.5,0.57471,0.572229,-0.0022096,0.0533042
452.191,291,0.575255,0.572922,-0.00232951,0.0517098
453.057,290.5,0.575801,0.573604,-0.00239481,0.0502024
453.923,290,0.576422,0.574357,-0.00244692,0.0486893
454.789,289.5,0.577074,0.575139,-0.00248401,0.047149
455.655,289,0.577833,0.576023,-0.00248119,0.0456334
456.521,288.5,0.578706,0.577011,-0.00243244,0.0441817
457.387,288,0.578396,0.576806,-0.00230813,0.0428022
458.253,287.5,0.578119,0.576627,-0.00217072,0.0414504
459.119,287,0.577981,0.576579,-0.00204288,0.040177
459.985,286.5,0.577872,0.576557,-0.00188609,0.0389151
460.851,286,0.57782,0.576588,-0.00171271,0.0376777
461.717,285.5,0.577634,0.576469,-0.00155335,0.0366351
462.583,285,0.577081,0.575974,-0.00131029,0.0357026
463.449,284.5,0.576518,0.575467,-0.00103346,0.0347861
464.315,284,0.576103,0.575103,-0.000843301,0.0339266
465.181,283.5,0.575663,0.574711,-0.000659818,0.0330893
466.047,283,0.575215,0.574309,-0.000483386,0.0322722
466.913,282.5,0.57636,0.575501,-0.000693867,0.031448
467.779,282,0.577491,0.576676,-0.000943018,0.0306665
468.645,281.5,0.578557,0.577782,-0.00119552,0.0299243
469.512,281,0.579683,0.578944,-0.00152388,0.0292124
470.378,280.5,0.580798,0.580096,-0.00189003,0.0284967
471.244,280,0.581973,0.581308,-0.00228113,0.0277181
472.11,279.5,0.583322,0.582694,-0.00274288,0.0269251
472.976,279,0.58474,0.584145,-0.00324932,0.0261742
473.842,278.5,0.586091,0.585526,-0.00377875,0.0254396
474.708,278,0.587457,0.58692,-0.00429173,0.0247384
475.574,277.5,0.588934,0.588422,-0.00474531,0.0240849
476.44,277,0.590418,0.58993,-0.00520482,0.0234399
477.306,276.5,0.591877,0.591411,-0.0056379,0.0228066
478.172,276,0.593396,0.592951,-0.00596905,0.0221895
479.038,275.5,0.59487,0.594446,-0.00630687,0.0215714
