x,v,vx,vy,vz
220.096,425,0.512799,0.512044,0.00582017,0.0272005
220.962,424.5,0.512418,0.511712,0.00655584,0.0260896
221.828,424,0.511683,0.511027,0.00756401,0.0247747
222.694,423.5,0.510587,0.50998,0.00884683,0.0232657
223.56,423,0.509136,0.508572,0.0100057,0.0217579
224.426,422.5,0.507202,0.506663,0.0112865,0.0204787
225.292,422,0.501303,0.500709,0.0111768,0.0216723
226.158,421.5,0.496382,0.495724,0.00995122,0.0235325
227.024,421,0.492613,0.491873,0.0081491,0.0257378
227.89,420.5,0.489811,0.488957,0.00613715,0.0282571
228.756,420,0.488202,0.487205,0.00411444,0.0309041
229.622,419.5,0.489193,0.48807,0.00330941,0.0329685
230.488,419,0.491643,0.490426,0.00389633,0.0343527
231.355,418.5,0.493034,0.491729,0.00480353,0.0355185
232.221,418,0.493281,0.491909,0.00601164,0.0362671
233.087,417.5,0.492487,0.491057,0.00709063,0.0368287
233.953,417,0.490817,0.489337,0.00802451,0.0372326
234.819,416.5,0.491227,0.489749,0.0068808,0.0374516
235.685,416,0.491978,0.490494,0.00588058,0.0377276
236.551,415.5,0.493051,0.491553,0.00508825,0.0380687
237.417,415,0.494657,0.493123,0.00544213,0.0385319
238.283,414.5,0.496473,0.494908,0.00594351,0.0389357
239.149,414,0.496338,0.494717,0.00724456,0.0394316
240.015,413.5,0.493529,0.491807,0.00922629,0.0401471
240.881,413,0.490467,0.488627,0.0111101,0.0409607
241.747,412.5,0.487229,0.485256,0.0128745,0.0418729
242.613,412,0.483434,0.481348,0.0143949,0.0424932
243.479,411.5,0.479585,0.477395,0.0157195,0.0429943
244.345,411,0.481023,0.478777,0.016718,0.0433136
245.211,410.5,0.481888,0.479626,0.01729,0.043319
246.077,410,0.482102,0.479859,0.0174901,0.0430309
246.943,409.5,0.482084,0.479853,0.0179165,0.0427281
247.809,409,0.48165,0.479479,0.0175587,0.0421754
248.675,408.5,0.478545,0.476508,0.0157912,0.0411823
249.541,408,0.473622,0.471725,0.0137552,0.0400578
250.407,407.5,0.468519,0.466774,0.011414,0.0387625
251.273,407,0.463549,0.461971,0.00888962,0.037165
252.139,406.5,0.4585,0.457101,0.00601977,0.0352782
253.005,406,0.453497,0.452256,0.00296206,0.0333946
253.871,405.5,0.449624,0.448305,0.00134322,0.0343896
254.737,405,0.44626,0.444841,-0.000431613,0.0355609
255.603,404.5,0.443409,0.441864,-0.00236245,0.0369085
256.469,404,0.441127,0.439317,-0.00387122,0.039731
257.335,403.5,0.438611,0.436501,-0.00540769,0.0426297
258.201,403,0.434343,0.431885,-0.00711125,0.0455947
259.067,402.5,0.42994,0.427162,-0.00766056,0.0481914
259.933,402,0.42569,0.422634,-0.00788724,0.0503012
260.799,401.5,0.421377,0.418088,-0.00816467,0.0519013
261.665,401,0.417265,0.413826,-0.00681856,0.0530278
262.531,400.5,0.413223,0.409706,-0.0045064,0.0536097
263.397,400,0.407426,0.403856,-0.00120316,0.0538002
264.263,399.5,0.399797,0.396127,0.00228413,0.0539984
265.13,399,0.389814,0.385957,0.00626359,0.0543385
265.996,398.5,0.379309,0.375296,0.0102229,0.0540744
266.862,398,0.369408,0.365069,0.0144277,0.0545776
267.728,397.5,0.366066,0.361207,0.0175474,0.0568005
268.594,397,0.365263,0.360478,0.0190402,0.0557691
269.46,396.5,0.362842,0.358444,0.0174752,0.0535423
270.326,396,0.346686,0.340983,0.000770813,0.0626176
271.192,395.5,0.333272,0.324657,-0.0179733,0.073109
272.058,395,0.325197,0.311508,-0.0386804,0.0849701
272.924,394.5,0.32835,0.31207,-0.0402359,0.0938464
273.79,394,0.31344,0.281615,-0.0496355,0.12835
274.656,393.5,0.294855,0.260267,-0.0601046,0.124852
275.522,393,0.269871,0.234327,-0.0713871,0.113249
276.388,392.5,0.238761,0.203379,-0.0807108,0.0955489
277.254,392,0.204272,0.169023,-0.078984,0.0831865
278.12,391.5,0.169568,0.133966,-0.0724368,0.0745621
278.986,391,0.132695,0.10625,-0.0370436,0.0703331
279.852,390.5,0.0853644,0.0613682,-0.0258369,0.0534179
280.718,390,0.0707715,0.0565398,-0.0211433,0.0369435
281.584,389.5,0.0961958,0.0787853,-0.031546,0.0452919
282.45,389,0.140655,0.115984,-0.0452915,0.0654232
283.316,388.5,0.180481,0.154493,-0.0498322,0.0788791
284.182,388,0.214984,0.192334,-0.0495213,0.0823008
285.048,387.5,0.248616,0.229652,-0.064473,0.0700952
285.914,387,0.283311,0.262927,-0.0915439,0.0524771
286.78,386.5,0.305562,0.275064,-0.103046,0.0841965
287.646,386,0.336358,0.29979,-0.113325,0.10208
288.512,385.5,0.374553,0.339473,-0.122686,0.0999809
289.378,385,0.390764,0.376903,-0.0891264,0.0519323
290.244,384.5,0.415413,0.406944,0.00872347,0.0829985
291.11,384,0.454258,0.445521,0.034109,0.0818437
291.976,383.5,0.497264,0.487836,0.0556116,0.0787116
292.842,383,0.547648,0.539119,0.0634442,0.0724115
293.708,382.5,0.617428,0.616405,0.0351171,0.00535024
294.574,382,0.687763,0.68742,0.0215048,0.00296
295.44,381.5,0.755086,0.755025,-0.00645557,0.00705491
296.306,381,0.792797,0.791228,-0.0413772,0.0277925
297.172,380.5,0.848731,0.843466,-0.0750991,0.0571897
298.038,380,0.918018,0.90712,-0.107285,0.091551
298.905,379.5,0.986111,0.968071,-0.140511,0.124544
299.771,379,1.05011,1.02603,-0.160322,0.155812
300.637,378.5,1.08077,1.05339,-0.152282,0.187732
301.503,378,1.07076,1.0389,-0.130553,0.223986
302.369,377.5,1.05081,1.01462,-0.102352,0.253499
303.235,377,1.00687,0.972536,-0.0610508,0.253435
304.101,376.5,0.956815,0.923449,-0.0121281,0.25018
304.967,376,0.900365,0.866961,0.0418303,0.239348
305.833,375.5,0.810085,0.784512,0.0803543,0.185261
306.699,375,0.723362,0.698853,0.119681,0.143294
307.565,374.5,0.641491,0.610829,0.159567,0.113742
308.431,374,0.576473,0.544008,0.170033,0.0864065
309.297,373.5,0.513704,0.479925,0.174578,0.0555597
310.163,373,0.445032,0.41087,0.168455,0.0293542
311.029,372.5,0.388828,0.35434,0.157687,0.0276676
311.895,372,0.336154,0.303625,0.14107,0.0301862
312.761,371.5,0.278908,0.251072,0.117039,0.0324735
313.627,371,0.214064,0.196254,0.0803233,0.0292571
314.493,370.5,0.18289,0.169415,0.0599347,0.033986
315.359,370,0.140687,0.133169,0.0295512,0.0344297
316.225,369.5,0.148221,0.148172,-0.001389,-0.00354815
317.091,369,0.211752,0.207306,-0.0239523,-0.0359058
317.957,368.5,0.236136,0.226923,-0.0346518,-0.0553659
318.823,368,0.260341,0.246989,-0.0374923,-0.0732665
319.689,367.5,0.320553,0.302643,-0.0390141,-0.0981792
320.555,367,0.40375,0.378773,-0.0501321,-0.130506
321.421,366.5,0.477888,0.446406,-0.0606342,-0.159444
322.287,366,0.529395,0.492083,-0.0663937,-0.183589
323.153,365.5,0.575194,0.533294,-0.0663618,-0.205041
324.019,365,0.617751,0.572457,-0.0612131,-0.223969
324.885,364.5,0.676555,0.63289,-0.064291,-0.230312
325.751,364,0.728186,0.685141,-0.0655158,-0.237792
326.617,363.5,0.77247,0.729214,-0.064868,-0.246475
327.483,363,0.797404,0.751924,-0.07265,-0.255314
328.349,362.5,0.814253,0.765163,-0.0786614,-0.267107
329.215,362,0.823594,0.770719,-0.0718352,-0.281317
330.081,361.5,0.834575,0.781992,-0.0518733,-0.286902
330.947,361,0.841175,0.787875,-0.0303804,-0.293096
331.813,360.5,0.839644,0.782973,-0.0111089,-0.303038
332.679,360,0.814718,0.756814,0.00310469,-0.301643
333.546,359.5,0.78068,0.724345,0.0117332,-0.290943
334.412,359,0.769682,0.713289,0.00938176,-0.289035
335.278,358.5,0.771858,0.714184,-0.00492007,-0.292714
336.144,358,0.783567,0.723626,-0.0305329,-0.299017
337.01,357.5,0.807108,0.74375,-0.05096,-0.309293
337.876,357,0.832425,0.765853,-0.0600076,-0.320625
338.742,356.5,0.816299,0.753352,-0.047556,-0.310715
339.608,356,0.833624,0.776075,-0.020836,-0.303651
340.474,355.5,0.855228,0.797676,-0.0175335,-0.307929
341.34,355,0.914703,0.853616,-0.045854,-0.32545
342.206,354.5,0.987691,0.925935,-0.0414635,-0.341261
343.072,354,1.04736,0.986676,-0.0263749,-0.350353
343.938,353.5,1.01704,0.955116,0.0253029,-0.348554
344.804,353,1.00274,0.935126,0.0774056,-0.35359
345.67,352.5,1.00701,0.929481,0.129264,-0.365273
346.536,352,0.978156,0.885378,0.19205,-0.368798
347.402,351.5,0.961308,0.834534,0.270416,-0.393118
348.268,351,0.905748,0.744913,0.347655,-0.380289
349.134,350.5,0.829541,0.651554,0.402569,-0.318673
350,350,0.727259,0.592316,0.324276,-0.270024
350.866,349.5,0.647972,0.518223,0.299489,-0.248232
351.732,349,0.5479,0.457084,0.248165,-0.172286
352.598,348.5,0.472633,0.432815,0.186492,-0.0356961
353.464,348,0.45375,0.419513,0.136798,0.105753
354.33,347.5,0.486637,0.407861,0.089756,0.249817
355.196,347,0.640427,0.485493,0.060771,0.41322
356.062,346.5,0.628265,0.417645,0.000532824,0.46935
356.928,346,0.679518,0.419023,-0.0442512,0.53311
357.794,345.5,0.66443,0.42799,-0.0738402,0.502831
358.66,345,0.648541,0.431895,-0.0883131,0.475682
359.526,344.5,0.633203,0.431213,-0.0867128,0.455502
360.392,344,0.623795,0.433945,-0.0665936,0.443144
361.258,343.5,0.616558,0.443992,-0.0413002,0.425804
362.124,343,0.606779,0.451116,-0.0188714,0.405362
362.99,342.5,0.585197,0.439382,-0.0232555,0.385821
363.856,342,0.566454,0.43093,-0.0315956,0.366294
364.722,341.5,0.551229,0.426145,-0.0411097,0.347223
365.588,341,0.54599,0.425957,-0.0500404,0.337879
366.454,340.5,0.546914,0.429723,-0.0575379,0.33338
367.321,340,0.556079,0.442061,-0.0569294,0.332513
368.187,339.5,0.572168,0.456027,-0.0529173,0.34149
369.053,339,0.595684,0.470028,-0.0478273,0.362803
369.919,338.5,0.621385,0.484558,-0.0437375,0.386536
370.785,338,0.653002,0.501794,-0.040543,0.415898
371.651,337.5,0.697997,0.531013,-0.0393531,0.451304
372.517,337,0.747141,0.566302,-0.0390006,0.485799
373.383,336.5,0.793827,0.598489,-0.03771,0.520144
374.249,336,0.827431,0.620425,-0.0322973,0.546509
375.115,335.5,0.856337,0.636758,-0.0275013,0.571923
375.981,335,0.880528,0.647443,-0.0233269,0.596324
376.847,334.5,0.882237,0.650936,-0.0195212,0.595184
377.713,334,0.882797,0.653853,-0.0138986,0.592971
378.579,333.5,0.882619,0.65574,-0.00645389,0.590745
379.445,333,0.882608,0.651754,0.00388778,0.595146
380.311,332.5,0.884943,0.645121,0.0179827,0.605491
381.177,332,0.898106,0.647762,0.0299475,0.62137
382.043,331.5,0.912337,0.670927,0.0284227,0.617581
382.909,331,0.916021,0.690737,0.0213626,0.601266
383.775,330.5,0.91371,0.703679,0.0115924,0.582725
384.641,330,0.906927,0.698868,-0.00191367,0.578011
385.507,329.5,0.902952,0.68313,-0.0176732,0.590206
386.373,329,0.853762,0.643793,-0.0232635,0.560267
387.239,328.5,0.824244,0.624993,-0.02265,0.536888
388.105,328,0.902931,0.70073,-0.00047744,0.569439
388.971,327.5,0.926872,0.719383,0.00268685,0.584442
389.837,327,0.952045,0.738837,0.00723968,0.600381
390.703,326.5,0.97847,0.759093,0.013181,0.617258
391.569,326,0.98099,0.764333,0.0137193,0.614775
392.435,325.5,0.966456,0.75645,0.0104144,0.601426
393.301,325,0.932217,0.736005,0.00351603,0.572113
394.167,324.5,0.827737,0.704917,-0.00759974,0.433801
395.033,324,0.885433,0.766799,-0.00999766,0.442618
395.899,323.5,0.891129,0.7509,-0.0129552,0.479678
396.765,323,0.887935,0.724536,-0.0107024,0.513189
397.631,322.5,0.880682,0.695741,-0.00342344,0.539938
398.497,322,0.876004,0.674884,0.0135192,0.55833
399.363,321.5,0.876766,0.656661,0.0367386,0.579798
400.229,321,0.878493,0.643425,0.0501927,0.596017
401.095,320.5,0.856519,0.623838,0.0387488,0.585618
401.962,320,0.831965,0.600802,0.0283042,0.574806
402.828,319.5,0.820514,0.583244,0.0308199,0.576299
403.694,319,0.82087,0.575234,0.0417154,0.584118
404.56,318.5,0.826107,0.573854,0.0464574,0.59244
405.426,318,0.843325,0.583451,0.0383178,0.607712
406.292,317.5,0.87292,0.604943,0.0240842,0.628851
407.158,317,0.924087,0.651798,0.0126414,0.654932
408.024,316.5,0.988575,0.713674,0.0027795,0.684062
408.89,316,1.04764,0.777893,-0.00681562,0.701699
409.756,315.5,0.926419,0.705444,-0.0196552,0.600179
410.622,315,0.868544,0.645444,-0.050291,0.579001
411.488,314.5,0.864403,0.642344,-0.0666668,0.574581
412.354,314,0.823616,0.610142,-0.0697599,0.54882
413.22,313.5,0.776177,0.577511,-0.0670219,0.514238
414.086,313,0.730472,0.551192,-0.0600802,0.47557
414.952,312.5,0.689489,0.527533,-0.0526581,0.440829
415.818,312,0.653218,0.506533,-0.0447556,0.410018
416.684,311.5,0.52144,0.405865,0.0122811,0.327143
417.55,311,0.510552,0.392239,0.0333975,0.325109
418.416,310.5,0.512183,0.39278,0.0522347,0.32454
419.282,310,0.523505,0.414094,0.0457189,0.317007
420.148,309.5,0.537269,0.443492,0.0258779,0.302164
421.014,309,0.547489,0.467425,0.00352694,0.285036
421.88,308.5,0.556683,0.484201,-0.0151449,0.274256
422.746,308,0.565944,0.495318,-0.0299386,0.272134
423.612,307.5,0.574165,0.503871,-0.0375858,0.272704
424.478,307,0.57815,0.512199,-0.0286394,0.266625
425.344,306.5,0.579739,0.517892,-0.0180723,0.25992
426.21,306,0.586753,0.526577,-0.025966,0.257528
427.076,305.5,0.595392,0.534891,-0.037427,0.258811
427.942,305,0.606067,0.542999,-0.0519456,0.264142
428.808,304.5,0.6583,0.581858,-0.0223908,0.30708
429.674,304,0.717479,0.624843,0.0131218,0.352385
430.54,303.5,0.776634,0.665602,0.0515859,0.39683
431.406,303,0.810785,0.68921,0.0695919,0.42133
432.272,302.5,0.829227,0.700067,0.0795987,0.437251
433.138,302,0.829556,0.696292,0.0787649,0.444001
434.004,301.5,0.812299,0.679358,0.0598239,0.441275
434.87,301,0.783963,0.654917,0.0356982,0.429428
435.737,300.5,0.743227,0.62155,0.00705317,0.407447
436.603,300,0.680982,0.565573,-0.0033837,0.379278
437.469,299.5,0.597934,0.487646,0.00790262,0.345925
438.335,299,0.509043,0.409579,0.0245196,0.301278
439.201,298.5,0.433714,0.340672,0.022085,0.267513
440.067,298,0.383399,0.276316,0.00280371,0.265774
440.933,297.5,0.359587,0.225626,-0.0107445,0.279786
441.799,297,0.362407,0.200413,-0.0138269,0.301633
442.665,296.5,0.376877,0.218819,-0.00124605,0.306844
443.531,296,0.51185,0.274993,0.0146583,0.431457
444.397,295.5,0.54604,0.285252,0.0101811,0.465497
445.263,295,0.57791,0.29806,0.00223273,0.495111
446.129,294.5,0.594817,0.318048,-0.00661604,0.502602
446.995,294,0.595424,0.3366,-0.00985099,0.491054
447.861,293.5,0.591747,0.345936,-0.00794072,0.48003
448.727,293,0.583281,0.346057,-0.000885233,0.469532
449.593,292.5,0.572338,0.342089,0.0110644,0.45872
450.459,292,0.574393,0.363598,0.0229482,0.444068
451.325,291.5,0.576853,0.388301,0.0319952,0.425391
452.191,291,0.570658,0.417203,0.0339279,0.387868
453.057,290.5,0.574048,0.448951,0.0352288,0.355995
453.923,290,0.586392,0.483547,0.0358979,0.329771
454.789,289.5,0.606899,0.520991,0.0359352,0.309198
455.655,289,0.634731,0.561281,0.0353406,0.294274
456.521,288.5,0.669113,0.604419,0.0341142,0.285001
457.387,288,0.691815,0.629458,0.0322942,0.285215
458.253,287.5,0.705464,0.645706,0.0300861,0.282558
459.119,287,0.704496,0.648491,0.0278353,0.27386
459.985,286.5,0.678163,0.626879,0.026514,0.257341
460.851,286,0.658969,0.612553,0.0250027,0.241648
461.717,285.5,0.647006,0.605512,0.0233013,0.226781
462.583,285,0.654339,0.615166,0.0197177,0.222131
463.449,284.5,0.674901,0.635919,0.0150283,0.225551
464.315,284,0.709643,0.683701,0.0228719,0.188742
465.181,283.5,0.77056,0.740524,0.0244598,0.211632
466.047,283,0.832818,0.797007,0.0265549,0.240128
466.913,282.5,0.838216,0.801282,0.0186868,0.245366
467.779,282,0.840156,0.803264,0.0102073,0.246016
468.645,281.5,0.838419,0.801988,0.000435815,0.244462
469.512,281,0.829093,0.792975,-0.00794206,0.241914
470.378,280.5,0.818666,0.780565,-0.0136531,0.246467
471.244,280,0.806887,0.765522,-0.0115567,0.254775
472.11,279.5,0.790548,0.748685,0.000302501,0.253845
472.976,279,0.766701,0.726039,0.0168625,0.245793
473.842,278.5,0.733256,0.693986,0.0323975,0.234519
474.708,278,0.686668,0.647345,0.0454997,0.224469
475.574,277.5,0.626563,0.584079,0.0575312,0.219368
476.44,277,0.56997,0.52507,0.0688809,0.210767
477.306,276.5,0.523732,0.476139,0.0782196,0.203639
478.172,276,0.490318,0.443338,0.0837981,0.191939
479.038,275.5,0.468375,0.419722,0.087916,0.188361
