x,v,vx,vy,vz
220.096,425,0.608916,0.608666,0.00242672,0.0172801
220.962,424.5,0.607793,0.60754,0.00266203,0.0173253
221.828,424,0.606666,0.606411,0.00289978,0.0173447
222.694,423.5,0.605541,0.605285,0.00314136,0.0173389
223.56,423,0.604297,0.604039,0.00339727,0.0173164
224.426,422.5,0.603024,0.602766,0.00366066,0.0172728
225.292,422,0.601769,0.601507,0.00393515,0.0172924
226.158,421.5,0.600346,0.600081,0.00430083,0.0173173
227.024,421,0.598835,0.598566,0.00471701,0.0173327
227.89,420.5,0.597324,0.59705,0.00513927,0.0173301
228.756,420,0.59563,0.595352,0.00552769,0.0173364
229.622,419.5,0.593718,0.593435,0.00589217,0.0173578
230.488,419,0.591767,0.591479,0.00626087,0.0173724
231.355,418.5,0.589713,0.589419,0.00663254,0.0173985
232.221,418,0.587462,0.587161,0.00701383,0.0174515
233.087,417.5,0.585222,0.584914,0.00739987,0.0174916
233.953,417,0.582923,0.582607,0.00776224,0.0175346
234.819,416.5,0.580362,0.580035,0.00808051,0.0177331
235.685,416,0.577843,0.577504,0.00840339,0.0179151
236.551,415.5,0.575358,0.575008,0.00872756,0.0180788
237.417,415,0.572681,0.572321,0.00900408,0.0182151
238.283,414.5,0.570033,0.569662,0.00931353,0.0183253
239.149,414,0.567455,0.567075,0.00957052,0.018437
240.015,413.5,0.564889,0.564503,0.00964996,0.0185138
240.881,413,0.56233,0.561941,0.00974524,0.0185196
241.747,412.5,0.559787,0.559396,0.00987388,0.0184561
242.613,412,0.557293,0.556898,0.0103834,0.0182164
243.479,411.5,0.554801,0.554403,0.0110556,0.017842
244.345,411,0.552296,0.551894,0.0117882,0.0174368
245.211,410.5,0.549589,0.54918,0.0128603,0.0168799
246.077,410,0.546731,0.546307,0.0141686,0.0161799
246.943,409.5,0.543885,0.543447,0.0154577,0.0153963
247.809,409,0.540992,0.540523,0.0172842,0.0144362
248.675,408.5,0.538111,0.537582,0.0198508,0.013237
249.541,408,0.535326,0.534727,0.0223525,0.0119087
250.407,407.5,0.532183,0.531508,0.0247018,0.0103806
251.273,407,0.52785,0.527107,0.0266501,0.00854422
252.139,406.5,0.523578,0.522755,0.0285871,0.00660647
253.005,406,0.51939,0.518481,0.0303571,0.00459998
253.871,405.5,0.515477,0.514568,0.0304645,0.00282158
254.737,405,0.511705,0.510799,0.0304259,0.00104945
255.603,404.5,0.508075,0.507174,0.0302413,-0.000716421
256.469,404,0.503744,0.50293,0.0285529,-0.00206876
257.335,403.5,0.499609,0.498882,0.0267465,-0.00327777
258.201,403,0.495457,0.494798,0.0251829,-0.00430071
259.067,402.5,0.491909,0.491348,0.0228229,-0.00548771
259.933,402,0.48866,0.488195,0.020206,-0.00679015
260.799,401.5,0.485534,0.485146,0.0176117,-0.00813677
261.665,401,0.48297,0.482635,0.0153883,-0.00926525
262.531,400.5,0.480972,0.480678,0.0134323,-0.0100985
263.397,400,0.479661,0.479418,0.0114202,-0.0101498
264.263,399.5,0.479477,0.479274,0.00922498,-0.0104701
265.13,399,0.480487,0.480312,0.00685132,-0.0109902
265.996,398.5,0.481971,0.481819,0.00431197,-0.0112914
266.862,398,0.484734,0.484596,0.00131926,-0.0114682
267.728,397.5,0.488719,0.488581,-0.0015897,-0.0115
268.594,397,0.492155,0.49201,-0.00383345,-0.01131
269.46,396.5,0.495645,0.49549,-0.00541937,-0.0111832
270.326,396,0.500449,0.50028,-0.00536098,-0.0118587
271.192,395.5,0.50502,0.504853,-0.00501391,-0.0119785
272.058,395,0.509892,0.50974,-0.00497422,-0.0114088
272.924,394.5,0.518474,0.518325,-0.00673165,-0.0104345
273.79,394,0.527302,0.527159,-0.00817682,-0.00918649
274.656,393.5,0.536348,0.536212,-0.00930857,-0.00765847
275.522,393,0.545205,0.545082,-0.00954691,-0.00655016
276.388,392.5,0.553851,0.553748,-0.00926065,-0.00530753
277.254,392,0.559148,0.559093,-0.00706079,-0.0033912
278.12,391.5,0.564849,0.564815,-0.00577691,-0.00232301
278.986,391,0.57067,0.570648,-0.0048424,-0.00113689
279.852,390.5,0.575853,0.575842,-0.0033767,0.000876739
280.718,390,0.582562,0.582556,-0.00121711,0.00231667
281.584,389.5,0.592553,0.592549,-8.37149e-05,0.0020971
282.45,389,0.60608,0.606055,-0.00446322,0.00313771
283.316,388.5,0.620604,0.620483,-0.0106179,0.00611132
284.182,388,0.63957,0.639264,-0.0167308,0.0105613
285.048,387.5,0.662935,0.662406,-0.0223011,0.0142933
285.914,387,0.689769,0.68909,-0.0264164,0.0154502
286.78,386.5,0.701596,0.701111,-0.0217695,0.0143548
287.646,386,0.709436,0.708936,-0.0220468,0.0149715
288.512,385.5,0.716537,0.715817,-0.0276201,0.0163564
289.378,385,0.740581,0.740275,-0.0083558,0.0195719
290.244,384.5,0.774673,0.774355,0.0148984,0.0164561
291.11,384,0.809601,0.808562,0.0401726,0.00814432
291.976,383.5,0.793854,0.793582,0.0207831,-0.000805811
292.842,383,0.782878,0.78284,-0.00211007,-0.00746909
293.708,382.5,0.78172,0.78129,-0.0231331,-0.0117034
294.574,382,0.797802,0.797526,-0.0184206,-0.01005
295.44,381.5,0.823269,0.82319,0.00256382,-0.0110948
296.306,381,0.850699,0.850303,0.0236159,-0.0107648
297.172,380.5,0.858794,0.858353,0.0262819,-0.00809816
298.038,380,0.86028,0.86008,0.0184293,-0.00218671
298.905,379.5,0.865242,0.86516,0.0114109,0.00344612
299.771,379,0.872124,0.872074,0.00722662,0.00588505
300.637,378.5,0.875865,0.875857,0.003178,-0.00160407
301.503,378,0.877317,0.87719,-0.00361982,-0.0145167
302.369,377.5,0.876872,0.876455,-0.0089045,-0.0255195
303.235,377,0.876129,0.875453,-0.0111561,-0.0325611
304.101,376.5,0.873579,0.872545,-0.0113996,-0.040945
304.967,376,0.869394,0.867936,-0.0103549,-0.04925
305.833,375.5,0.866823,0.865617,-0.0182289,-0.0419068
306.699,375,0.863987,0.862983,-0.0258989,-0.0325854
307.565,374.5,0.860876,0.859969,-0.0332076,-0.0213878
308.431,374,0.8675,0.866551,-0.0401948,-0.00541751
309.297,373.5,0.876103,0.874859,-0.0458003,0.00892124
310.163,373,0.881529,0.87969,-0.0534724,0.019475
311.029,372.5,0.879545,0.877046,-0.0642301,0.0162504
311.895,372,0.875935,0.872861,-0.0726103,0.0101533
312.761,371.5,0.871057,0.867488,-0.0786375,0.00451085
313.627,371,0.8561,0.853268,-0.0694698,-0.00380886
314.493,370.5,0.832772,0.831525,-0.043842,-0.0123538
315.359,370,0.805282,0.805012,-0.00873739,-0.0189418
316.225,369.5,0.782458,0.781729,0.0287565,-0.0177133
317.091,369,0.763241,0.760394,0.0657963,-0.00291035
317.957,368.5,0.750545,0.743487,0.10099,0.0185919
318.823,368,0.732402,0.719415,0.129779,0.0448548
319.689,367.5,0.690505,0.675057,0.136382,0.0499425
320.555,367,0.658818,0.644335,0.130555,0.0427704
321.421,366.5,0.641717,0.631181,0.110259,0.035417
322.287,366,0.635132,0.632448,0.0519171,0.0265957
323.153,365.5,0.642066,0.641968,-0.00677263,0.00898422
324.019,365,0.661627,0.658376,-0.0637701,-0.0149891
324.885,364.5,0.682312,0.67861,-0.0695169,-0.0143234
325.751,364,0.708283,0.7045,-0.0725976,-0.00857091
326.617,363.5,0.73961,0.735981,-0.073138,0.00228094
327.483,363,0.773874,0.770713,-0.068249,0.0150091
328.349,362.5,0.808246,0.805173,-0.0662331,0.0239192
329.215,362,0.809219,0.806602,-0.0612116,0.0219305
330.081,361.5,0.767682,0.766253,-0.046696,0.00336624
330.947,361,0.718491,0.71765,-0.0276092,-0.0210791
331.813,360.5,0.722122,0.716247,0.0342486,-0.0853051
332.679,360,0.693101,0.677938,0.0515613,-0.134648
333.546,359.5,0.660344,0.631543,0.0640887,-0.181933
334.412,359,0.588992,0.550415,0.0501696,-0.203564
335.278,358.5,0.575316,0.510657,0.0598272,-0.258146
336.144,358,0.576355,0.472306,0.0750219,-0.321688
337.01,357.5,0.593018,0.443518,0.0916499,-0.382835
337.876,357,0.607407,0.421713,0.105948,-0.424119
338.742,356.5,0.573542,0.408443,0.0996544,-0.39012
339.608,356,0.551737,0.406234,0.092549,-0.361694
340.474,355.5,0.541724,0.408266,0.0877125,-0.345095
341.34,355,0.558003,0.399748,0.0891401,-0.378976
342.206,354.5,0.564344,0.377013,0.097934,-0.408356
343.072,354,0.561097,0.340155,0.111212,-0.432153
343.938,353.5,0.550894,0.312595,0.116345,-0.438443
344.804,353,0.536568,0.273811,0.125071,-0.444174
345.67,352.5,0.520568,0.221343,0.137476,-0.450664
346.536,352,0.489891,0.138419,0.167229,-0.439168
347.402,351.5,0.464827,0.0388537,0.209848,-0.412938
348.268,351,0.442855,-0.0235092,0.247056,-0.366784
349.134,350.5,0.373512,-0.0520773,0.255201,-0.267716
350,350,0.274618,-0.0589278,0.232713,-0.13337
350.866,349.5,0.251379,-0.234061,0.0912418,0.00904689
351.732,349,0.210663,-0.190394,0.0596123,0.0676411
352.598,348.5,0.125638,-0.100063,0.033311,0.068284
353.464,348,0.112405,-0.0840866,0.0457566,0.0589125
354.33,347.5,0.142281,-0.0542209,0.0950609,0.090926
355.196,347,0.144335,-0.00825041,0.109943,0.0931496
356.062,346.5,0.123392,-0.0407115,0.110805,0.0359199
356.928,346,0.210445,-0.162013,0.0780088,0.109333
357.794,345.5,0.0870341,0.00157359,0.0524142,0.0694638
358.66,345,0.168295,0.11175,-0.0366753,0.120375
359.526,344.5,0.26354,0.219752,-0.0979017,0.107599
360.392,344,0.34496,0.270468,-0.17839,0.118413
361.258,343.5,0.341544,0.259369,-0.179785,0.130605
362.124,343,0.404289,0.244223,-0.267371,0.179771
362.99,342.5,0.388805,0.259823,-0.231569,0.173312
363.856,342,0.373809,0.284434,-0.170766,0.172247
364.722,341.5,0.372446,0.306082,-0.104436,0.184724
365.588,341,0.380559,0.321646,-0.0403967,0.199343
366.454,340.5,0.39217,0.328256,0.0179483,0.21383
367.321,340,0.409207,0.319791,0.0411505,0.251974
368.187,339.5,0.421129,0.308467,0.0510962,0.282112
369.053,339,0.425935,0.29666,0.0550361,0.30064
369.919,338.5,0.42861,0.286892,0.0546723,0.313703
370.785,338,0.431482,0.279611,0.0512273,0.324608
371.651,337.5,0.444104,0.283596,0.0470732,0.338506
372.517,337,0.459257,0.300111,0.0394378,0.34539
373.383,336.5,0.473929,0.318841,0.0315252,0.34922
374.249,336,0.490483,0.337684,0.0249268,0.354855
375.115,335.5,0.50819,0.35722,0.0184955,0.360983
375.981,335,0.52705,0.377447,0.012234,0.367648
376.847,334.5,0.555564,0.401533,0.00651426,0.383901
377.713,334,0.582642,0.42509,1.25745e-05,0.398459
378.579,333.5,0.608004,0.447795,-0.00729214,0.411212
379.445,333,0.62604,0.464742,-0.0179355,0.419069
380.311,332.5,0.641716,0.480497,-0.0288055,0.424372
381.177,332,0.655447,0.496116,-0.0371521,0.426731
382.043,331.5,0.66678,0.51178,-0.0387919,0.425643
382.909,331,0.677113,0.526995,-0.0378766,0.423466
383.775,330.5,0.686793,0.541666,-0.0356725,0.420724
384.641,330,0.69421,0.554183,-0.0309527,0.416955
385.507,329.5,0.699939,0.564902,-0.0255789,0.412487
386.373,329,0.705098,0.574913,-0.0204281,0.407702
387.239,328.5,0.708803,0.583356,-0.0159061,0.4023
388.105,328,0.711206,0.590324,-0.0132747,0.396429
388.971,327.5,0.713083,0.59662,-0.0120456,0.390368
389.837,327,0.714512,0.602345,-0.0120782,0.384138
390.703,326.5,0.71591,0.608043,-0.0119722,0.377714
391.569,326,0.716877,0.613281,-0.0112822,0.371042
392.435,325.5,0.717402,0.617947,-0.0102965,0.364282
393.301,325,0.717327,0.621754,-0.00788694,0.357656
394.167,324.5,0.716847,0.625051,-0.00566385,0.350925
395.033,324,0.715963,0.62785,-0.00363924,0.344085
395.899,323.5,0.715049,0.630365,-0.00256076,0.337531
396.765,323,0.714107,0.632678,-0.00168105,0.331156
397.631,322.5,0.713132,0.634811,-0.000942296,0.324918
398.497,322,0.712684,0.637202,-0.000816952,0.319205
399.363,321.5,0.712437,0.63965,-0.00105706,0.31371
400.229,321,0.712399,0.642216,-0.00174784,0.308332
401.095,320.5,0.712929,0.645118,-0.00261483,0.303452
401.962,320,0.713722,0.648107,-0.00349098,0.298905
402.828,319.5,0.714483,0.650975,-0.00443932,0.294443
403.694,319,0.715341,0.653803,-0.00523818,0.290221
404.56,318.5,0.716253,0.656574,-0.0057594,0.286176
405.426,318,0.716372,0.658715,-0.00619063,0.281504
406.292,317.5,0.716367,0.660647,-0.00657152,0.27692
407.158,317,0.716246,0.662361,-0.00672451,0.272473
408.024,316.5,0.716016,0.663915,-0.00690333,0.268044
408.89,316,0.715696,0.665329,-0.00710246,0.263643
409.756,315.5,0.714316,0.665606,-0.00687104,0.25917
410.622,315,0.712193,0.665087,-0.00645745,0.254632
411.488,314.5,0.70996,0.664412,-0.00609606,0.250127
412.354,314,0.707912,0.663882,-0.0056253,0.2457
413.22,313.5,0.70582,0.663261,-0.00523106,0.241328
414.086,313,0.703378,0.662223,-0.00490111,0.23702
414.952,312.5,0.699527,0.659598,-0.0045725,0.232913
415.818,312,0.695607,0.656849,-0.00430493,0.228911
416.684,311.5,0.691595,0.653962,-0.00409073,0.224991
417.55,311,0.687624,0.651034,-0.00396493,0.221281
418.416,310.5,0.683657,0.64805,-0.00390304,0.217721
419.282,310,0.679101,0.644408,-0.00396391,0.214245
420.148,309.5,0.674275,0.640414,-0.00413641,0.210949
421.014,309,0.669425,0.636333,-0.00438531,0.207826
421.88,308.5,0.664525,0.632167,-0.00463629,0.204784
422.746,308,0.659609,0.627958,-0.00496619,0.201811
423.612,307.5,0.654847,0.623911,-0.00546374,0.198819
424.478,307,0.650419,0.620236,-0.00591487,0.195748
425.344,306.5,0.646015,0.616555,-0.00629829,0.192758
426.21,306,0.641801,0.613061,-0.00664884,0.189789
427.076,305.5,0.637546,0.609498,-0.00700483,0.18689
427.942,305,0.633252,0.605868,-0.00736559,0.184059
428.808,304.5,0.629866,0.603222,-0.00762262,0.181096
429.674,304,0.626558,0.600654,-0.00782483,0.178122
430.54,303.5,0.623095,0.59791,-0.00798641,0.175177
431.406,303,0.619587,0.595102,-0.00796666,0.172273
432.272,302.5,0.615914,0.592114,-0.00791627,0.169375
433.138,302,0.612312,0.589219,-0.00791125,0.166388
434.004,301.5,0.609284,0.586947,-0.0079033,0.163274
434.87,301,0.606279,0.584663,-0.00786288,0.160256
435.737,300.5,0.603277,0.582353,-0.00784655,0.157308
436.603,300,0.600404,0.580116,-0.00777903,0.154564
437.469,299.5,0.597689,0.577978,-0.00764837,0.152039
438.335,299,0.5962,0.577059,-0.00747587,0.14967
439.201,298.5,0.595203,0.576587,-0.00725486,0.14752
440.067,298,0.594489,0.576335,-0.00695782,0.145623
440.933,297.5,0.593869,0.576157,-0.0066425,0.143804
441.799,297,0.593345,0.576048,-0.00629009,0.142085
442.665,296.5,0.59323,0.576324,-0.00587728,0.140493
443.531,296,0.593761,0.57726,-0.00550604,0.138901
444.397,295.5,0.594274,0.578175,-0.00512766,0.137292
445.263,295,0.594657,0.578956,-0.00482566,0.135656
446.129,294.5,0.595004,0.579692,-0.00448309,0.134042
446.995,294,0.595317,0.580381,-0.00409996,0.132449
447.861,293.5,0.59627,0.581725,-0.00403114,0.130835
448.727,293,0.597273,0.583105,-0.00396152,0.12926
449.593,292.5,0.598246,0.584438,-0.00385021,0.127733
450.459,292,0.59927,0.585796,-0.00378923,0.126308
451.325,291.5,0.600252,0.587085,-0.00371739,0.124983
452.191,291,0.601249,0.588372,-0.00364918,0.123715
453.057,290.5,0.60239,0.589797,-0.00363561,0.122472
453.923,290,0.603486,0.591159,-0.00360428,0.121299
454.789,289.5,0.604473,0.592392,-0.00354005,0.120196
455.655,289,0.605361,0.593513,-0.00344472,0.119133
456.521,288.5,0.606112,0.594485,-0.00332297,0.118104
457.387,288,0.606846,0.595455,-0.00309011,0.116988
458.253,287.5,0.607454,0.596302,-0.00281856,0.115832
459.119,287,0.607865,0.596968,-0.00252095,0.114553
459.985,286.5,0.608121,0.597469,-0.00220601,0.113304
460.851,286,0.608201,0.597788,-0.00187494,0.112049
461.717,285.5,0.607774,0.597634,-0.00151085,0.110546
462.583,285,0.607049,0.59718,-0.00111732,0.109014
463.449,284.5,0.606255,0.596648,-0.00074023,0.107494
464.315,284,0.605308,0.595992,-0.000437469,0.105789
465.181,283.5,0.604307,0.59527,-0.000180807,0.10412
466.047,283,0.603237,0.594466,3.36001e-05,0.102497
466.913,282.5,0.601208,0.592653,0.00028319,0.101061
467.779,282,0.599259,0.590908,0.000474012,0.09969
468.645,281.5,0.597379,0.589219,0.000623423,0.0983969
469.512,281,0.595708,0.587724,0.000706311,0.0971997
470.378,280.5,0.594193,0.586374,0.000724128,0.0960787
471.244,280,0.5924,0.584709,0.000707589,0.0951419
472.11,279.5,0.590478,0.582883,0.000701168,0.0943998
472.976,279,0.588739,0.581228,0.000694239,0.0937415
473.842,278.5,0.587094,0.579659,0.000659298,0.0931358
474.708,278,0.5856,0.578232,0.000629875,0.0925974
475.574,277.5,0.584359,0.57705,0.000643505,0.0921321
476.44,277,0.58367,0.576414,0.000632877,0.0917438
477.306,276.5,0.583012,0.575805,0.000633553,0.091385
478.172,276,0.582458,0.575296,0.000730379,0.0910508
479.038,275.5,0.581924,0.574806,0.000815593,0.0907365
