x,v,vx,vy,vz
220.096,425,0.637858,0.637723,0.00645634,0.0114388
220.962,424.5,0.636402,0.636265,0.00665221,0.0113896
221.828,424,0.634924,0.634786,0.00686232,0.0112993
222.694,423.5,0.633433,0.633295,0.0070883,0.0111675
223.56,423,0.631599,0.631461,0.00728076,0.0110265
224.426,422.5,0.629676,0.629538,0.00747294,0.0108539
225.292,422,0.627798,0.627659,0.00772282,0.0107376
226.158,421.5,0.625643,0.625503,0.00780922,0.0106623
227.024,421,0.623326,0.623187,0.00781198,0.0106025
227.89,420.5,0.620977,0.620838,0.00782461,0.0105363
228.756,420,0.618538,0.6184,0.00774942,0.0104988
229.622,419.5,0.615919,0.615783,0.00759912,0.0104867
230.488,419,0.613151,0.613016,0.00745911,0.0104787
231.355,418.5,0.610302,0.610167,0.00735391,0.0105036
232.221,418,0.607345,0.607209,0.00730612,0.0105769
233.087,417.5,0.604358,0.60422,0.00727156,0.0106572
233.953,417,0.601327,0.601187,0.00726411,0.0107652
234.819,416.5,0.598212,0.598064,0.00748255,0.0110235
235.685,416,0.595086,0.594929,0.00772167,0.0112912
236.551,415.5,0.59195,0.591784,0.00798711,0.0115688
237.417,415,0.588874,0.588692,0.00851895,0.0118969
238.283,414.5,0.585819,0.585621,0.00907038,0.0122304
239.149,414,0.582912,0.582698,0.00950252,0.0126056
240.015,413.5,0.580141,0.579908,0.0100228,0.0130329
240.881,413,0.577417,0.577164,0.0105684,0.0134467
241.747,412.5,0.574743,0.574469,0.0111072,0.0138438
242.613,412,0.572109,0.571807,0.0119509,0.0142459
243.479,411.5,0.569502,0.569168,0.012917,0.0146214
244.345,411,0.566658,0.566288,0.0139097,0.0150529
245.211,410.5,0.563652,0.563244,0.0148996,0.0154304
246.077,410,0.560521,0.560075,0.0158771,0.0157299
246.943,409.5,0.557391,0.556909,0.0168148,0.0159501
247.809,409,0.554255,0.553736,0.0177811,0.0160878
248.675,408.5,0.551066,0.550508,0.01882,0.0161386
249.541,408,0.547896,0.547302,0.0198337,0.016038
250.407,407.5,0.544704,0.544079,0.020842,0.0156994
251.273,407,0.541333,0.540683,0.02187,0.0150041
252.139,406.5,0.538062,0.537389,0.0228972,0.0141206
253.005,406,0.534872,0.53418,0.0238698,0.0130416
253.871,405.5,0.531602,0.530921,0.0242531,0.0116262
254.737,405,0.528408,0.527737,0.0246571,0.0100403
255.603,404.5,0.525291,0.524627,0.025082,0.00828385
256.469,404,0.522442,0.52183,0.0245478,0.00600632
257.335,403.5,0.519642,0.519076,0.0239672,0.00355677
258.201,403,0.51706,0.516538,0.0231874,0.00108918
259.067,402.5,0.515136,0.51468,0.0216169,-0.00147957
259.933,402,0.513458,0.51306,0.0198081,-0.004127
260.799,401.5,0.511889,0.511529,0.0179428,-0.00682673
261.665,401,0.510845,0.510522,0.0156357,-0.00926142
262.531,400.5,0.510084,0.509786,0.013105,-0.0115114
263.397,400,0.508839,0.508538,0.0108144,-0.013748
264.263,399.5,0.508049,0.507741,0.00843887,-0.0155446
265.13,399,0.50774,0.507428,0.00590962,-0.0167905
265.996,398.5,0.507382,0.507053,0.00329336,-0.01798
266.862,398,0.507208,0.506867,0.000351227,-0.0186037
267.728,397.5,0.508254,0.507924,-0.00326863,-0.0180117
268.594,397,0.50961,0.509269,-0.00687096,-0.0173302
269.46,396.5,0.511194,0.510828,-0.0102435,-0.0164051
270.326,396,0.513972,0.513611,-0.0124794,-0.0146666
271.192,395.5,0.51656,0.516188,-0.0146949,-0.0129476
272.058,395,0.518821,0.518423,-0.0169413,-0.0112328
272.924,394.5,0.519024,0.518616,-0.0183878,-0.00920631
273.79,394,0.518894,0.518467,-0.0197514,-0.00725516
274.656,393.5,0.51845,0.517995,-0.0210459,-0.00538406
275.522,393,0.518429,0.517998,-0.0206752,-0.00441416
276.388,392.5,0.517948,0.517556,-0.019797,-0.00366705
277.254,392,0.518612,0.518256,-0.0189716,-0.00305931
278.12,391.5,0.519329,0.518975,-0.0191009,-0.00144971
278.986,391,0.519925,0.519551,-0.0197134,0.000606116
279.852,390.5,0.520568,0.520161,-0.0204238,0.00266007
280.718,390,0.522817,0.522381,-0.0210222,0.00369842
281.584,389.5,0.526425,0.52597,-0.0215123,0.00399808
282.45,389,0.52922,0.528748,-0.0220178,0.0038552
283.316,388.5,0.531491,0.530994,-0.0226519,0.00395499
284.182,388,0.533477,0.532957,-0.0230426,0.00494752
285.048,387.5,0.535359,0.534833,-0.0229992,0.00585195
285.914,387,0.537125,0.536621,-0.022474,0.00607635
286.78,386.5,0.541758,0.54124,-0.0232462,0.00460316
287.646,386,0.546506,0.545922,-0.0249307,0.00393707
288.512,385.5,0.550797,0.550108,-0.0272367,0.00405223
289.378,385,0.556521,0.55571,-0.0295378,0.0054698
290.244,384.5,0.561432,0.56054,-0.0311384,0.00557348
291.11,384,0.564546,0.563668,-0.0312253,0.00394533
291.976,383.5,0.56673,0.565508,-0.0370039,0.00385383
292.842,383,0.575162,0.573402,-0.0440846,0.0088316
293.708,382.5,0.590244,0.587685,-0.0515524,0.0188734
294.574,382,0.615218,0.611055,-0.0600355,0.0387334
295.44,381.5,0.638638,0.631366,-0.0713325,0.0643998
296.306,381,0.664155,0.65457,-0.0764776,0.0824069
297.172,380.5,0.684758,0.674927,-0.0714175,0.0909206
298.038,380,0.700745,0.691472,-0.0644797,0.09355
298.905,379.5,0.714299,0.705726,-0.0593617,0.0930046
299.771,379,0.724823,0.71731,-0.0557985,0.0878678
300.637,378.5,0.732262,0.72557,-0.0544379,0.0824174
301.503,378,0.738073,0.731497,-0.0522893,0.0832434
302.369,377.5,0.745751,0.739103,-0.050511,0.0855628
303.235,377,0.756851,0.750111,-0.047271,0.0890046
304.101,376.5,0.768667,0.761116,-0.0467733,0.0967607
304.967,376,0.781271,0.772132,-0.0483261,0.108914
305.833,375.5,0.797779,0.787627,-0.0432201,0.119272
306.699,375,0.816073,0.804733,-0.0390011,0.129843
307.565,374.5,0.835992,0.823264,-0.0357656,0.140853
308.431,374,0.854666,0.842483,-0.0349619,0.139479
309.297,373.5,0.874741,0.863038,-0.036609,0.13783
310.163,373,0.892858,0.881393,-0.04117,0.136551
311.029,372.5,0.906233,0.895406,-0.0473243,0.1314
311.895,372,0.918705,0.908627,-0.0539856,0.124505
312.761,371.5,0.930696,0.921321,-0.061221,0.116684
313.627,371,0.939531,0.930628,-0.0670044,0.110276
314.493,370.5,0.944083,0.935852,-0.0686088,0.103762
315.359,370,0.928099,0.921739,-0.065285,0.0866246
316.225,369.5,0.906236,0.901762,-0.0615454,0.0655732
317.091,369,0.881356,0.878394,-0.0589097,0.0417248
317.957,368.5,0.85682,0.854615,-0.058902,0.0174178
318.823,368,0.835243,0.83287,-0.0625939,-0.00636125
319.689,367.5,0.824576,0.821171,-0.0687741,-0.0295571
320.555,367,0.818617,0.813696,-0.0736079,-0.0511352
321.421,366.5,0.814237,0.807701,-0.0768157,-0.068562
322.287,366,0.813817,0.806581,-0.0746613,-0.0784284
323.153,365.5,0.816807,0.809205,-0.0719454,-0.084761
324.019,365,0.822377,0.81492,-0.0664724,-0.0882582
324.885,364.5,0.819806,0.811697,-0.0381978,-0.108491
325.751,364,0.811998,0.802707,-0.0171939,-0.121275
326.617,363.5,0.87867,0.861934,-0.00255398,-0.170658
327.483,363,0.885102,0.862339,-0.000485184,-0.199442
328.349,362.5,0.900668,0.877074,0.0115818,-0.204477
329.215,362,0.916329,0.889831,0.0168268,-0.218122
330.081,361.5,0.927357,0.896335,0.0154667,-0.237349
330.947,361,0.926939,0.892588,0.0243174,-0.24882
331.813,360.5,0.951006,0.911761,0.0427109,-0.266985
332.679,360,0.956483,0.915006,0.0707763,-0.269472
333.546,359.5,0.955683,0.909406,0.105257,-0.274284
334.412,359,0.958745,0.900991,0.143538,-0.294625
335.278,358.5,0.923653,0.860749,0.148729,-0.300208
336.144,358,0.789158,0.735743,0.130199,-0.253967
337.01,357.5,0.735629,0.67091,0.153103,-0.259981
337.876,357,0.674752,0.595179,0.177962,-0.263404
338.742,356.5,0.629383,0.552201,0.189117,-0.235438
339.608,356,0.592836,0.522857,0.193075,-0.201983
340.474,355.5,0.559491,0.497107,0.193604,-0.168617
341.34,355,0.514875,0.452062,0.184895,-0.16294
342.206,354.5,0.46335,0.397645,0.177437,-0.15839
343.072,354,0.406315,0.335158,0.168706,-0.155883
343.938,353.5,0.364588,0.291768,0.140318,-0.167651
344.804,353,0.325423,0.246628,0.115335,-0.178248
345.67,352.5,0.287646,0.197452,0.0951293,-0.186288
346.536,352,0.238886,0.129488,0.12442,-0.157541
347.402,351.5,0.162351,0.053425,0.126622,-0.0864326
348.268,351,0.197781,-0.0537453,0.190082,-0.00987041
349.134,350.5,0.364568,-0.203045,0.295971,0.0639066
350,350,0.43471,-0.325552,0.273521,0.0904163
350.866,349.5,0.475354,-0.442588,0.156983,0.0737141
351.732,349,0.38552,-0.376802,0.0794873,0.0180903
352.598,348.5,0.31077,-0.28367,0.105615,-0.0703885
353.464,348,0.31614,-0.231868,0.138471,-0.16434
354.33,347.5,0.350309,-0.232905,0.171115,-0.197968
355.196,347,0.355023,-0.225607,0.159865,-0.22268
356.062,346.5,0.327355,-0.195393,0.0975425,-0.243861
356.928,346,0.328665,-0.147535,0.0674308,-0.285845
357.794,345.5,0.346047,-0.098067,0.0692471,-0.324555
358.66,345,0.390343,-0.0531944,0.0971362,-0.374302
359.526,344.5,0.414365,-0.000766894,0.112404,-0.398827
360.392,344,0.430144,0.0468416,0.135844,-0.405433
361.258,343.5,0.457704,0.0737641,0.159392,-0.422665
362.124,343,0.500398,0.106081,0.180731,-0.454403
362.99,342.5,0.542676,0.144205,0.201549,-0.482784
363.856,342,0.56669,0.1843,0.202462,-0.496165
364.722,341.5,0.598065,0.217661,0.206394,-0.517404
365.588,341,0.626642,0.245115,0.226842,-0.530228
366.454,340.5,0.626887,0.261031,0.232681,-0.520298
367.321,340,0.630348,0.270776,0.23105,-0.520225
368.187,339.5,0.639411,0.237835,0.231234,-0.546637
369.053,339,0.674683,0.175273,0.245754,-0.603392
369.919,338.5,0.709725,0.118562,0.260488,-0.64946
370.785,338,0.690771,0.103562,0.283425,-0.621377
371.651,337.5,0.665224,0.102966,0.306545,-0.581336
372.517,337,0.636399,0.102078,0.327988,-0.535731
373.383,336.5,0.626589,0.128199,0.344378,-0.507526
374.249,336,0.638749,0.153261,0.367944,-0.499128
375.115,335.5,0.679987,0.157863,0.402856,-0.524566
375.981,335,0.756747,0.125049,0.427448,-0.611815
376.847,334.5,0.842595,0.0863023,0.444738,-0.710441
377.713,334,0.861502,0.118379,0.443457,-0.729053
378.579,333.5,0.865539,0.201315,0.420563,-0.729216
379.445,333,0.893247,0.318865,0.402108,-0.731112
380.311,332.5,0.964368,0.464525,0.340889,-0.773315
381.177,332,1.06658,0.634492,0.259368,-0.817157
382.043,331.5,1.23624,0.850341,0.13583,-0.887
382.909,331,1.39395,1.04229,-0.0133842,-0.925499
383.775,330.5,1.58077,1.24712,-0.209657,-0.94846
384.641,330,1.8021,1.4549,-0.448385,-0.964246
385.507,329.5,1.96357,1.59471,-0.599709,-0.976155
386.373,329,2.07525,1.71038,-0.71814,-0.930335
387.239,328.5,2.03686,1.72155,-0.731353,-0.806354
388.105,328,1.60916,1.38991,-0.566607,-0.580082
388.971,327.5,1.62833,1.42453,-0.56442,-0.551007
389.837,327,1.63594,1.44475,-0.559752,-0.525057
390.703,326.5,1.67912,1.50825,-0.55019,-0.491846
391.569,326,1.9649,1.84656,-0.565206,-0.362769
392.435,325.5,1.99918,1.90229,-0.532426,-0.307517
393.301,325,2.01198,1.93655,-0.479066,-0.261442
394.167,324.5,2.02751,1.9716,-0.437028,-0.180575
395.033,324,2.03268,1.9865,-0.418945,-0.100516
395.899,323.5,2.00373,1.96034,-0.409939,-0.0629309
396.765,323,2.02501,1.9895,-0.352428,-0.135492
397.631,322.5,2.07213,2.03704,-0.308387,-0.221552
398.497,322,2.12282,2.08379,-0.31871,-0.250205
399.363,321.5,2.3439,2.29104,-0.265047,-0.41803
400.229,321,2.55009,2.47542,-0.307255,-0.529975
401.095,320.5,2.77496,2.68286,-0.384786,-0.595479
401.962,320,3.0003,2.8954,-0.395333,-0.679829
402.828,319.5,3.17694,3.05691,-0.469352,-0.726628
403.694,319,3.32215,3.20583,-0.470432,-0.733493
404.56,318.5,3.44943,3.34787,-0.399638,-0.728414
405.426,318,3.57566,3.49256,-0.344475,-0.68459
406.292,317.5,3.70768,3.64408,-0.157729,-0.665394
407.158,317,3.8349,3.76059,0.123027,-0.74115
408.024,316.5,3.94633,3.80223,0.521655,-0.918941
408.89,316,3.9354,3.50899,0.9205,-1.52546
409.756,315.5,3.94485,2.9976,1.22127,-2.25493
410.622,315,4.05786,2.35582,1.26739,-3.05124
411.488,314.5,3.99575,1.682,0.970774,-3.49206
412.354,314,3.8683,1.02992,0.503156,-3.69457
413.22,313.5,3.55458,0.635416,-0.0781806,-3.49645
414.086,313,3.36101,0.6283,-0.344826,-3.28371
414.952,312.5,3.24449,0.871753,-0.41289,-3.09778
415.818,312,3.30639,1.42908,-0.421236,-2.95169
416.684,311.5,3.47732,1.99994,-0.526082,-2.79557
417.55,311,3.75015,2.59081,-0.654622,-2.63112
418.416,310.5,3.83762,2.87743,-0.858167,-2.38983
419.282,310,3.84984,3.00305,-1.0694,-2.15855
420.148,309.5,3.69529,2.95187,-1.18058,-1.88357
421.014,309,3.3874,2.90483,-0.997894,-1.4285
421.88,308.5,3.13132,2.94441,-0.644738,-0.848476
422.746,308,3.11306,3.10988,-0.0162488,-0.139694
423.612,307.5,2.95734,2.91887,0.395039,0.264617
424.478,307,2.38391,2.29119,0.535859,0.382517
425.344,306.5,1.84646,1.76537,0.467093,0.273375
426.21,306,1.36635,1.31531,0.307152,0.206217
427.076,305.5,1.16824,1.13566,0.208326,0.17789
427.942,305,1.02129,0.995582,0.116079,0.195883
428.808,304.5,0.941282,0.914842,0.089514,0.202644
429.674,304,0.870236,0.839181,0.0682868,0.220051
430.54,303.5,0.811904,0.773055,0.0489126,0.243273
431.406,303,0.779327,0.738913,0.0341705,0.245337
432.272,302.5,0.755887,0.714599,0.0213047,0.245478
433.138,302,0.740053,0.696015,0.0108561,0.251244
434.004,301.5,0.729228,0.682038,0.00572351,0.258002
434.87,301,0.720451,0.672021,0.00283078,0.259671
435.737,300.5,0.714658,0.665778,0.0013442,0.259759
436.603,300,0.711407,0.661498,0.00391181,0.261735
437.469,299.5,0.710297,0.658966,0.00831194,0.264986
438.335,299,0.711807,0.657284,0.00665032,0.273137
439.201,298.5,0.715048,0.657237,0.00110415,0.281661
440.067,298,0.719386,0.658685,-0.00690634,0.289142
440.933,297.5,0.727019,0.664662,-0.0134301,0.294281
441.799,297,0.736455,0.673673,-0.0187222,0.296951
442.665,296.5,0.742283,0.679494,-0.0241421,0.297808
443.531,296,0.748205,0.686385,-0.0286307,0.296422
444.397,295.5,0.755166,0.69611,-0.0317313,0.291033
445.263,295,0.760168,0.701599,-0.0324943,0.290788
446.129,294.5,0.765688,0.708418,-0.0347567,0.288468
446.995,294,0.771783,0.716568,-0.0385185,0.284071
447.861,293.5,0.77003,0.714229,-0.0433613,0.284504
448.727,293,0.7672,0.712372,-0.0482933,0.280696
449.593,292.5,0.764251,0.712347,-0.0532398,0.271674
450.459,292,0.762635,0.711595,-0.0513926,0.26945
451.325,291.5,0.763347,0.711858,-0.046808,0.2716
452.191,291,0.766119,0.713485,-0.0406275,0.276093
453.057,290.5,0.767772,0.715001,-0.0336563,0.277693
453.923,290,0.769768,0.718096,-0.0269684,0.27596
454.789,289.5,0.773342,0.722972,-0.0205185,0.273767
455.655,289,0.77434,0.725254,-0.0151279,0.270887
456.521,288.5,0.770312,0.722368,-0.0104932,0.267311
457.387,288,0.766197,0.719451,-0.00554903,0.263471
458.253,287.5,0.76245,0.717047,-0.00153474,0.259173
459.119,287,0.759788,0.715868,-0.000675665,0.254579
459.985,286.5,0.756949,0.714492,0.000246498,0.249945
460.851,286,0.75387,0.71283,0.00114419,0.245342
461.717,285.5,0.750219,0.710511,0.00141026,0.240831
462.583,285,0.746336,0.708055,0.00160871,0.235951
463.449,284.5,0.742142,0.705243,0.00176423,0.231091
464.315,284,0.738684,0.70306,0.00228743,0.226616
465.181,283.5,0.735036,0.70066,0.00283823,0.222137
466.047,283,0.731165,0.698016,0.00341035,0.217634
466.913,282.5,0.726815,0.694971,0.00456741,0.212733
467.779,282,0.722195,0.69161,0.00570807,0.207869
468.645,281.5,0.717381,0.68802,0.00678235,0.203021
469.512,281,0.712247,0.684091,0.00723535,0.19815
470.378,280.5,0.70693,0.679956,0.00735933,0.193275
471.244,280,0.70213,0.676347,0.00760715,0.188367
472.11,279.5,0.697646,0.673009,0.00789504,0.183593
472.976,279,0.69302,0.669451,0.00810409,0.179016
473.842,278.5,0.688347,0.6658,0.00826871,0.174538
474.708,278,0.683611,0.662007,0.00835776,0.170298
475.574,277.5,0.678918,0.658155,0.00833303,0.166412
476.44,277,0.675507,0.655611,0.00833817,0.162524
477.306,276.5,0.67207,0.652992,0.00828981,0.158779
478.172,276,0.668675,0.650319,0.00804664,0.155393
479.038,275.5,0.665224,0.647563,0.00777628,0.152072
