x,v,vx,vy,vz
220.096,425,0.586934,0.586652,0.00383759,0.0177646
220.962,424.5,0.585466,0.585201,0.00375109,0.0172238
221.828,424,0.584018,0.583767,0.00363249,0.0167411
222.694,423.5,0.582595,0.582356,0.00348825,0.0163162
223.56,423,0.58112,0.580892,0.00309755,0.0160041
224.426,422.5,0.57961,0.57939,0.00262716,0.0157776
225.292,422,0.578197,0.577978,0.00230088,0.015771
226.158,421.5,0.576828,0.576609,0.00204201,0.0157809
227.024,421,0.5754,0.575178,0.00178971,0.0158705
227.89,420.5,0.573882,0.573655,0.00152026,0.0160479
228.756,420,0.572406,0.572171,0.00143866,0.0163318
229.622,419.5,0.571424,0.57118,0.00158942,0.0166344
230.488,419,0.570958,0.570704,0.00178576,0.0169098
231.355,418.5,0.570434,0.57017,0.00205524,0.0172267
232.221,418,0.569899,0.56962,0.00245057,0.0176435
233.087,417.5,0.569446,0.569149,0.0027847,0.0181899
233.953,417,0.569086,0.568766,0.00302649,0.0188651
234.819,416.5,0.569439,0.569084,0.00344511,0.0198103
235.685,416,0.569768,0.56938,0.00380438,0.0206619
236.551,415.5,0.570071,0.569654,0.00410561,0.0214109
237.417,415,0.57064,0.570199,0.00460205,0.0219478
238.283,414.5,0.571085,0.57062,0.00511394,0.0224659
239.149,414,0.570803,0.570311,0.00541564,0.0230862
240.015,413.5,0.5699,0.569378,0.0059136,0.0236581
240.881,413,0.569059,0.56851,0.00647236,0.0241362
241.747,412.5,0.568293,0.567719,0.00703248,0.0245356
242.613,412,0.567403,0.566815,0.00785901,0.0246028
243.479,411.5,0.566455,0.565857,0.00881818,0.0244869
244.345,411,0.564593,0.563981,0.00990031,0.0243241
245.211,410.5,0.562598,0.561993,0.0106303,0.0238108
246.077,410,0.560519,0.559937,0.0110699,0.0230181
246.943,409.5,0.558479,0.557921,0.0114856,0.0221606
247.809,409,0.556634,0.556109,0.0117394,0.0211197
248.675,408.5,0.554797,0.554316,0.0116832,0.0199218
249.541,408,0.552753,0.552314,0.0115635,0.0187474
250.407,407.5,0.550694,0.550293,0.0115249,0.0175691
251.273,407,0.548637,0.548265,0.0117343,0.0164494
252.139,406.5,0.54655,0.546203,0.0119366,0.0153685
253.005,406,0.544452,0.544127,0.0121574,0.0143323
253.871,405.5,0.54252,0.542204,0.0127182,0.0134804
254.737,405,0.540533,0.540218,0.0133765,0.0126895
255.603,404.5,0.538489,0.538171,0.0141323,0.0119596
256.469,404,0.536309,0.535966,0.0150678,0.0118499
257.335,403.5,0.533977,0.533601,0.0161166,0.0118833
258.201,403,0.531865,0.531455,0.0171379,0.0119608
259.067,402.5,0.530242,0.529799,0.0178015,0.0123291
259.933,402,0.52879,0.528313,0.0184088,0.0128839
260.799,401.5,0.527444,0.526925,0.019052,0.0135462
261.665,401,0.52623,0.525663,0.0195491,0.0146332
262.531,400.5,0.524966,0.524334,0.0199986,0.0162194
263.397,400,0.522908,0.522182,0.0205847,0.018317
264.263,399.5,0.520921,0.520104,0.0207741,0.0204714
265.13,399,0.519,0.518102,0.0203972,0.0227007
265.996,398.5,0.517016,0.516021,0.0199478,0.0251015
266.862,398,0.51536,0.514285,0.0185563,0.0276145
267.728,397.5,0.514607,0.513485,0.014985,0.0304726
268.594,397,0.513876,0.512634,0.0114043,0.0338326
269.46,396.5,0.513588,0.512155,0.00761566,0.0375684
270.326,396,0.515768,0.51411,0.00245467,0.0412436
271.192,395.5,0.518087,0.516131,-0.00262104,0.0448997
272.058,395,0.520181,0.517864,-0.00749172,0.0484656
272.924,394.5,0.521376,0.518746,-0.0109374,0.0511479
273.79,394,0.522912,0.519908,-0.014247,0.0541239
274.656,393.5,0.52479,0.521349,-0.0174342,0.0574061
275.522,393,0.528245,0.524447,-0.0194986,0.0601508
276.388,392.5,0.531971,0.527818,-0.021533,0.0627584
277.254,392,0.535588,0.531017,-0.023562,0.0657314
278.12,391.5,0.539926,0.534919,-0.0267972,0.0682924
278.986,391,0.544681,0.539298,-0.0308088,0.0698983
279.852,390.5,0.549529,0.543834,-0.034959,0.0707455
280.718,390,0.555806,0.550051,-0.0384527,0.0698946
281.584,389.5,0.56366,0.557951,-0.0406599,0.0689217
282.45,389,0.571154,0.565219,-0.0417072,0.0707433
283.316,388.5,0.58059,0.574377,-0.0410523,0.0740974
284.182,388,0.59374,0.587354,-0.0371118,0.0785189
285.048,387.5,0.609046,0.602476,-0.0338006,0.0825623
285.914,387,0.624441,0.61754,-0.030993,0.0872383
286.78,386.5,0.624451,0.616709,-0.0275358,0.0940785
287.646,386,0.623153,0.614888,-0.025568,0.0978703
288.512,385.5,0.622182,0.613823,-0.0252707,0.0984489
289.378,385,0.620967,0.61317,-0.0283601,0.0939082
290.244,384.5,0.622813,0.615223,-0.0326599,0.091273
291.11,384,0.625473,0.617594,-0.0365937,0.0919497
291.976,383.5,0.634283,0.623496,-0.0388594,0.109807
292.842,383,0.644431,0.630503,-0.0383238,0.127631
293.708,382.5,0.654594,0.637734,-0.0347028,0.143471
294.574,382,0.663076,0.644362,-0.0276285,0.153963
295.44,381.5,0.669205,0.649321,-0.0204818,0.160618
296.306,381,0.692355,0.670069,-0.0287647,0.171859
297.172,380.5,0.713492,0.689101,-0.0406863,0.180431
298.038,380,0.730012,0.70387,-0.0520488,0.186481
298.905,379.5,0.74474,0.717122,-0.0628759,0.190845
299.771,379,0.758102,0.73022,-0.0723591,0.190423
300.637,378.5,0.773098,0.747615,-0.0755914,0.181763
301.503,378,0.789959,0.76862,-0.0748523,0.166301
302.369,377.5,0.806501,0.788827,-0.0769279,0.149262
303.235,377,0.819694,0.805609,-0.0798678,0.128505
304.101,376.5,0.833788,0.82293,-0.0857639,0.103119
304.967,376,0.849306,0.840752,-0.0952421,0.0733772
305.833,375.5,0.861755,0.853228,-0.113612,0.0414212
306.699,375,0.873717,0.864062,-0.129236,0.00876277
307.565,374.5,0.885282,0.873479,-0.141989,-0.024459
308.431,374,0.880134,0.869119,-0.120284,-0.0692865
309.297,373.5,0.882742,0.869263,-0.103494,-0.113593
310.163,373,0.893336,0.873804,-0.096366,-0.158836
311.029,372.5,0.914961,0.887718,-0.104149,-0.195608
311.895,372,0.934501,0.90075,-0.109928,-0.223287
312.761,371.5,0.948682,0.910018,-0.110926,-0.244049
313.627,371,0.961004,0.91666,-0.102792,-0.269625
314.493,370.5,0.979606,0.928622,-0.0912821,-0.298257
315.359,370,0.984839,0.925475,-0.0783986,-0.327502
316.225,369.5,0.989557,0.924921,-0.0742737,-0.343844
317.091,369,0.996836,0.929285,-0.0761195,-0.352587
317.957,368.5,1.00909,0.938735,-0.0785,-0.361774
318.823,368,1.0269,0.956797,-0.0870082,-0.362632
319.689,367.5,1.05029,0.988272,-0.109774,-0.338204
320.555,367,1.07368,1.01918,-0.128519,-0.312302
321.421,366.5,1.09664,1.04853,-0.141516,-0.288383
322.287,366,1.1122,1.06924,-0.150453,-0.266594
323.153,365.5,1.12951,1.09128,-0.153031,-0.247934
324.019,365,1.1481,1.11433,-0.149603,-0.232458
324.885,364.5,1.15769,1.12461,-0.149486,-0.230536
325.751,364,1.16888,1.13679,-0.144383,-0.230544
326.617,363.5,1.18179,1.1509,-0.13427,-0.232431
327.483,363,1.19175,1.15997,-0.127905,-0.2416
328.349,362.5,1.19942,1.16653,-0.120842,-0.251454
329.215,362,1.20555,1.17174,-0.112123,-0.260392
330.081,361.5,1.2122,1.17453,-0.103025,-0.281554
330.947,361,1.21752,1.17466,-0.0939424,-0.306101
331.813,360.5,1.22161,1.17354,-0.0845774,-0.328599
332.679,360,1.22132,1.16929,-0.0726637,-0.345114
333.546,359.5,1.21744,1.16223,-0.0595378,-0.357554
334.412,359,1.21238,1.15442,-0.0485216,-0.367167
335.278,358.5,1.20531,1.145,-0.0349382,-0.374871
336.144,358,1.19191,1.13005,-0.0156973,-0.378668
337.01,357.5,1.18042,1.11662,0.00607978,-0.382757
337.876,357,1.16997,1.10331,0.0296748,-0.38814
338.742,356.5,1.15107,1.07909,0.0496804,-0.397573
339.608,356,1.13849,1.05902,0.0648597,-0.412818
340.474,355.5,1.13539,1.04623,0.0754819,-0.434533
341.34,355,1.11506,1.01193,0.0843867,-0.4607
342.206,354.5,1.08431,0.968853,0.0946659,-0.477581
343.072,354,1.04186,0.916404,0.107493,-0.483861
343.938,353.5,1.03023,0.886213,0.125886,-0.510051
344.804,353,1.01959,0.858178,0.14482,-0.531142
345.67,352.5,1.00461,0.8289,0.16422,-0.543314
346.536,352,0.931113,0.74723,0.211641,-0.513641
347.402,351.5,0.849544,0.637079,0.286506,-0.483497
348.268,351,0.79879,0.539822,0.346004,-0.476381
349.134,350.5,0.702078,0.416281,0.317292,-0.46792
350,350,0.556965,0.289542,0.220225,-0.421754
350.866,349.5,0.463944,0.0855283,0.211123,-0.404173
351.732,349,0.240919,0.13509,-0.046855,-0.1939
352.598,348.5,0.307523,0.260661,-0.158638,-0.0382117
353.464,348,0.372227,0.345367,-0.117398,0.0741113
354.33,347.5,0.292142,0.285777,0.0337004,0.0504265
355.196,347,0.257161,0.235008,0.092429,0.048581
356.062,346.5,0.257134,0.217886,0.133627,0.0280585
356.928,346,0.266051,0.25251,0.0723096,0.0423459
357.794,345.5,0.251821,0.247028,0.0388515,0.029693
358.66,345,0.104489,0.102031,-0.0135699,-0.0179882
359.526,344.5,0.12753,0.124433,-0.0103729,-0.0259384
360.392,344,0.186375,0.181524,0.0216283,0.0362872
361.258,343.5,0.280292,0.253191,0.0793539,0.090336
362.124,343,0.392536,0.329319,0.153769,0.148287
362.99,342.5,0.448883,0.333212,0.178503,0.242079
363.856,342,0.501057,0.316091,0.183069,0.342972
364.722,341.5,0.564583,0.291991,0.177019,0.449622
365.588,341,0.589857,0.266509,0.14745,0.505137
366.454,340.5,0.589909,0.237692,0.108524,0.528884
367.321,340,0.560149,0.178302,0.0595361,0.527665
368.187,339.5,0.529019,0.131768,0.0247468,0.511748
369.053,339,0.494421,0.101838,0.00482143,0.483795
369.919,338.5,0.458817,0.0625953,-0.02113,0.454035
370.785,338,0.426708,0.0162572,-0.0494998,0.423515
371.651,337.5,0.418498,-0.0170654,-0.0648196,0.413095
372.517,337,0.429713,-0.0288379,-0.0646868,0.423837
373.383,336.5,0.443814,-0.0305052,-0.0663557,0.437763
374.249,336,0.458773,-0.00881701,-0.0702452,0.453278
375.115,335.5,0.46514,-0.00253108,-0.0831375,0.457643
375.981,335,0.463064,-0.0115667,-0.104961,0.450864
376.847,334.5,0.450725,-0.00768961,-0.103419,0.438632
377.713,334,0.438654,-0.00973037,-0.0969705,0.42769
378.579,333.5,0.427423,-0.0182777,-0.0865925,0.418161
379.445,333,0.414833,-0.0350106,-0.0778773,0.40595
380.311,332.5,0.400921,-0.0581584,-0.069596,0.390528
381.177,332,0.384885,-0.0806769,-0.0582978,0.371791
382.043,331.5,0.361491,-0.0863047,-0.0386314,0.348905
382.909,331,0.334408,-0.0880174,-0.0189511,0.32206
383.775,330.5,0.307398,-0.0919489,-0.0011566,0.293322
384.641,330,0.281231,-0.113697,0.0121917,0.256934
385.507,329.5,0.25918,-0.15324,0.0204747,0.208021
386.373,329,0.235388,-0.152475,0.0204387,0.17816
387.239,328.5,0.214438,-0.136395,0.0216331,0.164049
388.105,328,0.183098,-0.0798597,0.0282904,0.162318
388.971,327.5,0.193678,0.0222693,0.0395908,0.188276
389.837,327,0.18749,0.0414289,0.0509212,0.175622
390.703,326.5,0.185009,0.0640684,0.0628821,0.16177
391.569,326,0.205419,0.104664,0.0541709,0.16825
392.435,325.5,0.250475,0.162538,0.0282189,0.188475
393.301,325,0.326122,0.245703,-0.00276919,0.214425
394.167,324.5,0.405067,0.326634,-0.0291711,0.237779
395.033,324,0.47723,0.399088,-0.0500868,0.256842
395.899,323.5,0.540831,0.463067,-0.0655161,0.271615
396.765,323,0.594181,0.515453,-0.069733,0.287221
397.631,322.5,0.635192,0.563956,-0.0186626,0.291676
398.497,322,0.710666,0.630718,-0.00951824,0.327337
399.363,321.5,0.787012,0.699892,-0.00538389,0.359875
400.229,321,0.834404,0.746662,-0.0145127,0.372177
401.095,320.5,0.856644,0.77095,-0.0256167,0.372584
401.962,320,0.878022,0.793122,-0.0332278,0.3752
402.828,319.5,0.899911,0.81654,-0.0416179,0.375994
403.694,319,0.921511,0.840017,-0.0468928,0.375972
404.56,318.5,0.941057,0.859529,-0.0461114,0.380358
405.426,318,0.958316,0.866976,-0.0314905,0.407101
406.292,317.5,0.971654,0.871587,-0.0187254,0.429066
407.158,317,0.979417,0.871602,-0.00739447,0.446668
408.024,316.5,0.987876,0.872545,0.00128636,0.463209
408.89,316,0.996549,0.874206,0.00722255,0.478352
409.756,315.5,0.996848,0.870846,0.00290087,0.485103
410.622,315,0.994786,0.865426,-0.00940174,0.490458
411.488,314.5,0.994206,0.860323,-0.0257727,0.497621
412.354,314,0.985685,0.846962,-0.0394063,0.50267
413.22,313.5,0.972753,0.828685,-0.0542875,0.506539
414.086,313,0.950864,0.802895,-0.0664738,0.505059
414.952,312.5,0.910277,0.778835,-0.0573302,0.467689
415.818,312,0.896655,0.778872,-0.0547494,0.440853
416.684,311.5,0.911143,0.801203,-0.0599463,0.429723
417.55,311,0.921276,0.810975,-0.053771,0.433794
418.416,310.5,0.915154,0.801846,-0.0381243,0.439428
419.282,310,0.894618,0.779046,-0.0249172,0.4391
420.148,309.5,0.867435,0.760593,-0.0208531,0.416541
421.014,309,0.848539,0.757656,-0.0254307,0.38122
421.88,308.5,0.84103,0.763144,-0.0335916,0.351872
422.746,308,0.84759,0.77742,-0.043594,0.334853
423.612,307.5,0.8692,0.79925,-0.0472894,0.338336
424.478,307,0.888044,0.816969,-0.0352201,0.346329
425.344,306.5,0.903855,0.831328,-0.0186074,0.354263
426.21,306,0.93209,0.855425,0.0065494,0.37013
427.076,305.5,0.964515,0.884933,0.0369401,0.381862
427.942,305,1.00118,0.919506,0.0720844,0.389441
428.808,304.5,1.00793,0.920849,0.0588473,0.405587
429.674,304,1.01017,0.916503,0.0443292,0.422503
430.54,303.5,1.00986,0.910078,0.0346603,0.436328
431.406,303,1.00642,0.903587,0.0308188,0.442102
432.272,302.5,0.998755,0.89509,0.032888,0.441865
433.138,302,0.986293,0.883294,0.0379043,0.437182
434.004,301.5,0.974954,0.871008,0.0343757,0.43669
434.87,301,0.96639,0.860639,0.030972,0.438464
435.737,300.5,0.959265,0.851185,0.0298099,0.441345
436.603,300,0.955221,0.84274,0.0260362,0.448952
437.469,299.5,0.951722,0.834146,0.0185393,0.457856
438.335,299,0.951012,0.831093,0.00744978,0.462226
439.201,298.5,0.951311,0.829539,-0.00256298,0.465674
440.067,298,0.952779,0.829998,-0.0114767,0.467717
440.933,297.5,0.956654,0.832387,-0.0176245,0.471177
441.799,297,0.961843,0.836319,-0.021512,0.474604
442.665,296.5,0.963695,0.84066,-0.0277007,0.470353
443.531,296,0.964131,0.845479,-0.0354179,0.462017
444.397,295.5,0.962878,0.84824,-0.0404056,0.45386
445.263,295,0.967725,0.853316,-0.0397052,0.454718
446.129,294.5,0.978765,0.863287,-0.0388273,0.459574
446.995,294,0.995995,0.878155,-0.0377718,0.468427
447.861,293.5,1.01646,0.89204,-0.0511765,0.484592
448.727,293,1.03238,0.901998,-0.067788,0.497599
449.593,292.5,1.04363,0.908338,-0.0864152,0.506567
450.459,292,1.04044,0.905942,-0.0780093,0.505664
451.325,291.5,1.02001,0.893584,-0.063985,0.487681
452.191,291,0.966025,0.851178,-0.0524868,0.453812
453.057,290.5,0.866955,0.758083,-0.0567642,0.416771
453.923,290,0.765792,0.660504,-0.0675453,0.381588
454.789,289.5,0.667559,0.566274,-0.0748388,0.345498
455.655,289,0.57054,0.479288,-0.0756514,0.300126
456.521,288.5,0.478079,0.404762,-0.0749582,0.243123
457.387,288,0.398959,0.335543,-0.0735778,0.202894
458.253,287.5,0.333296,0.27283,-0.0712617,0.177686
459.119,287,0.29432,0.213148,-0.0613724,0.193457
459.985,286.5,0.278706,0.161761,-0.0536633,0.220524
460.851,286,0.284474,0.119838,-0.0481089,0.253476
461.717,285.5,0.260986,0.101989,-0.038867,0.237067
462.583,285,0.229804,0.0948822,-0.0265739,0.207608
463.449,284.5,0.20116,0.0836825,-0.0171138,0.182126
464.315,284,0.158492,0.0148654,-0.0133133,0.15723
465.181,283.5,0.144835,-0.00445036,-0.0140748,0.144081
466.047,283,0.134608,-0.0167537,-0.0162475,0.13257
466.913,282.5,0.126229,-0.0220445,-0.0198315,0.122696
467.779,282,0.127067,-0.0230385,-0.022678,0.122886
468.645,281.5,0.153763,-0.0126798,-0.0149871,0.152504
469.512,281,0.188899,0.0359173,0.00160639,0.185445
470.378,280.5,0.228574,0.0925649,0.00899215,0.208799
471.244,280,0.273766,0.112413,0.016789,0.249056
472.11,279.5,0.310397,0.14503,0.0303207,0.272751
472.976,279,0.340572,0.180763,0.0451127,0.285095
473.842,278.5,0.41641,0.23898,0.0866564,0.329813
474.708,278,0.447586,0.262502,0.101201,0.348116
475.574,277.5,0.47811,0.284302,0.116012,0.366474
476.44,277,0.507906,0.304379,0.131089,0.384887
477.306,276.5,0.53693,0.322733,0.146434,0.403354
478.172,276,0.56041,0.344046,0.148938,0.416545
479.038,275.5,0.571683,0.371822,0.124197,0.416108
