x,v,vx,vy,vz
220.096,425,0.593484,0.59324,0.00479116,0.0163552
220.962,424.5,0.591769,0.591539,0.00490129,0.015729
221.828,424,0.590068,0.589853,0.00496979,0.0151541
222.694,423.5,0.58839,0.588186,0.00500382,0.0146315
223.56,423,0.586579,0.586389,0.00467929,0.0142049
224.426,422.5,0.584739,0.584559,0.00426172,0.0138547
225.292,422,0.583056,0.58288,0.00394446,0.0137777
226.158,421.5,0.581448,0.581274,0.00364412,0.0137374
227.024,421,0.579865,0.579694,0.00334686,0.0136829
227.89,420.5,0.578269,0.578101,0.00304927,0.0135924
228.756,420,0.576561,0.576393,0.00288291,0.0136043
229.622,419.5,0.575059,0.574885,0.00286291,0.0138462
230.488,419,0.574122,0.57394,0.00287591,0.014144
231.355,418.5,0.573415,0.573225,0.00300733,0.0144512
232.221,418,0.572791,0.57259,0.00332092,0.0147985
233.087,417.5,0.572176,0.571964,0.00358572,0.0151587
233.953,417,0.571611,0.571387,0.00375009,0.015533
234.819,416.5,0.571664,0.571413,0.00397247,0.0164647
235.685,416,0.571799,0.57152,0.004143,0.0173443
236.551,415.5,0.572017,0.571713,0.00426485,0.0181656
237.417,415,0.572578,0.572245,0.00459341,0.0189763
238.283,414.5,0.573102,0.572744,0.00487461,0.019655
239.149,414,0.572865,0.57248,0.00497034,0.0203927
240.015,413.5,0.571843,0.571425,0.00537262,0.0211941
240.881,413,0.570905,0.570455,0.0058305,0.021902
241.747,412.5,0.570074,0.569595,0.00627799,0.02252
242.613,412,0.569176,0.568672,0.00707271,0.022869
243.479,411.5,0.568251,0.567728,0.0080212,0.0230377
244.345,411,0.566468,0.565922,0.00909958,0.0231407
245.211,410.5,0.564494,0.563942,0.00998817,0.0228853
246.077,410,0.562384,0.561839,0.0107012,0.0223323
246.943,409.5,0.560288,0.559753,0.0113948,0.0216843
247.809,409,0.558308,0.557793,0.0119318,0.0207942
248.675,408.5,0.556267,0.555785,0.0121702,0.0196712
249.541,408,0.554016,0.553568,0.0123333,0.0185448
250.407,407.5,0.55175,0.551335,0.0125102,0.0173576
251.273,407,0.549532,0.549147,0.012784,0.016095
252.139,406.5,0.547261,0.546904,0.0130341,0.0148538
253.005,406,0.544973,0.544641,0.0132613,0.0136306
253.871,405.5,0.543005,0.542692,0.0135507,0.0124815
254.737,405,0.541006,0.540708,0.0138963,0.0113809
255.603,404.5,0.538976,0.538688,0.014298,0.0103288
256.469,404,0.537022,0.536725,0.0147923,0.00998208
257.335,403.5,0.534962,0.534651,0.0153919,0.00978421
258.201,403,0.533033,0.532705,0.0159894,0.009656
259.067,402.5,0.531559,0.531215,0.0163707,0.00990074
259.933,402,0.530277,0.529913,0.0167251,0.0103169
260.799,401.5,0.52911,0.528724,0.017105,0.0108
261.665,401,0.52801,0.527594,0.0173872,0.0117213
262.531,400.5,0.526834,0.526374,0.0176657,0.0131358
263.397,400,0.52497,0.524443,0.0180704,0.0150492
264.263,399.5,0.523106,0.522505,0.0183026,0.0171472
265.13,399,0.52117,0.520486,0.0182712,0.0194636
265.996,398.5,0.519141,0.518355,0.018261,0.0219544
266.862,398,0.517315,0.516434,0.0175562,0.0245589
267.728,397.5,0.516072,0.515121,0.0150355,0.0274699
268.594,397,0.514764,0.513683,0.0124651,0.0309276
269.46,396.5,0.513824,0.512551,0.00958357,0.0348507
270.326,396,0.515297,0.5138,0.0048192,0.0389464
271.192,395.5,0.516883,0.515073,0.000124291,0.0432145
272.058,395,0.518201,0.516003,-0.00437664,0.0474773
272.924,394.5,0.519261,0.516726,-0.00781002,0.0506538
273.79,394,0.520558,0.517617,-0.0109354,0.0541671
274.656,393.5,0.52208,0.518663,-0.0137598,0.0580286
275.522,393,0.524749,0.520937,-0.0153399,0.0612454
276.388,392.5,0.527337,0.523118,-0.0167742,0.0644271
277.254,392,0.529916,0.525197,-0.0184802,0.0680956
278.12,391.5,0.53413,0.528869,-0.0208767,0.0718058
278.986,391,0.538796,0.533026,-0.0238179,0.074949
279.852,390.5,0.543117,0.536865,-0.0269597,0.0776267
280.718,390,0.548447,0.541832,-0.0306566,0.0791994
281.584,389.5,0.555113,0.548147,-0.0337933,0.0808887
282.45,389,0.559696,0.552277,-0.0353802,0.083651
283.316,388.5,0.56453,0.556799,-0.0359795,0.0858771
284.182,388,0.571016,0.563233,-0.0351045,0.0871532
285.048,387.5,0.57847,0.570443,-0.0342123,0.0897307
285.914,387,0.586456,0.577916,-0.0326271,0.0942301
286.78,386.5,0.589426,0.580239,-0.0291423,0.0994785
287.646,386,0.591269,0.581391,-0.0262419,0.10438
288.512,385.5,0.592502,0.581895,-0.0237966,0.109045
289.378,385,0.588705,0.578466,-0.0227742,0.106922
290.244,384.5,0.586448,0.576868,-0.0244362,0.102703
291.11,384,0.58522,0.576364,-0.0273014,0.0976817
291.976,383.5,0.586233,0.575893,-0.0273244,0.106159
292.842,383,0.587785,0.575839,-0.0259552,0.115009
293.708,382.5,0.589488,0.576121,-0.0233016,0.122631
294.574,382,0.598271,0.583644,-0.0196751,0.130006
295.44,381.5,0.609664,0.594029,-0.0142503,0.136443
296.306,381,0.640863,0.621886,-0.0205354,0.153433
297.172,380.5,0.672227,0.649386,-0.0300116,0.171132
298.038,380,0.701074,0.67549,-0.0400099,0.183352
298.905,379.5,0.728362,0.701154,-0.0497197,0.190844
299.771,379,0.752098,0.724494,-0.0612576,0.192375
300.637,378.5,0.772391,0.746103,-0.0709157,0.186784
301.503,378,0.793341,0.770009,-0.0742916,0.175945
302.369,377.5,0.81454,0.794576,-0.0762797,0.16219
303.235,377,0.833888,0.817666,-0.0742347,0.145876
304.101,376.5,0.852795,0.840511,-0.070768,0.125671
304.967,376,0.870558,0.861994,-0.0665493,0.102022
305.833,375.5,0.870663,0.863423,-0.0818175,0.076558
306.699,375,0.871967,0.865575,-0.0950851,0.0454572
307.565,374.5,0.875387,0.868947,-0.105623,0.00879013
308.431,374,0.881703,0.87439,-0.109591,-0.0288471
309.297,373.5,0.887188,0.877328,-0.112969,-0.0680865
310.163,373,0.89387,0.879077,-0.12046,-0.108241
311.029,372.5,0.898296,0.87655,-0.135457,-0.14229
311.895,372,0.905382,0.87692,-0.146205,-0.171325
312.761,371.5,0.916668,0.882322,-0.151563,-0.197022
313.627,371,0.938031,0.8976,-0.142798,-0.231999
314.493,370.5,0.970324,0.92111,-0.135215,-0.273498
315.359,370,0.974412,0.915838,-0.12188,-0.309618
316.225,369.5,0.97277,0.907325,-0.111124,-0.332706
317.091,369,0.970283,0.900349,-0.0990732,-0.34786
317.957,368.5,0.980145,0.904257,-0.0849276,-0.368498
318.823,368,0.998454,0.917847,-0.0746716,-0.385864
319.689,367.5,1.00877,0.932264,-0.0875484,-0.375272
320.555,367,1.01451,0.944032,-0.101994,-0.357254
321.421,366.5,1.02284,0.95838,-0.111059,-0.339663
322.287,366,1.03748,0.978388,-0.123637,-0.322229
323.153,365.5,1.05654,1.00249,-0.128577,-0.307835
324.019,365,1.07915,1.03002,-0.126257,-0.296129
324.885,364.5,1.08728,1.04268,-0.125678,-0.28142
325.751,364,1.09959,1.05872,-0.122568,-0.270502
326.617,363.5,1.11605,1.07821,-0.116916,-0.263387
327.483,363,1.13255,1.09513,-0.114013,-0.265258
328.349,362.5,1.149,1.11204,-0.108583,-0.267902
329.215,362,1.16428,1.12818,-0.10111,-0.269301
330.081,361.5,1.1803,1.14168,-0.0989543,-0.282608
330.947,361,1.19494,1.15239,-0.0976228,-0.300585
331.813,360.5,1.20784,1.16142,-0.0934196,-0.318204
332.679,360,1.21407,1.16361,-0.0841379,-0.336023
333.546,359.5,1.2135,1.1585,-0.0736096,-0.35359
334.412,359,1.21084,1.15109,-0.0650362,-0.370019
335.278,358.5,1.20875,1.14414,-0.0543576,-0.386075
336.144,358,1.20471,1.13592,-0.0398613,-0.399303
337.01,357.5,1.20276,1.1293,-0.0271276,-0.413001
337.876,357,1.20059,1.1228,-0.0157526,-0.424835
338.742,356.5,1.18434,1.10679,0.00302074,-0.42151
339.608,356,1.16699,1.08916,0.0252093,-0.418259
340.474,355.5,1.15221,1.07228,0.0475709,-0.418963
341.34,355,1.1434,1.05604,0.0619974,-0.433946
342.206,354.5,1.12943,1.03581,0.080215,-0.443027
343.072,354,1.10884,1.00979,0.100044,-0.447035
343.938,353.5,1.08509,0.965028,0.127116,-0.47957
344.804,353,1.06845,0.918845,0.153675,-0.52316
345.67,352.5,1.0598,0.87234,0.177869,-0.574953
346.536,352,0.998217,0.780919,0.214151,-0.58373
347.402,351.5,0.915318,0.661165,0.268642,-0.573149
348.268,351,0.841698,0.551231,0.313532,-0.553441
349.134,350.5,0.737559,0.424656,0.290618,-0.528394
350,350,0.5963,0.291222,0.201882,-0.479591
350.866,349.5,0.51258,0.125012,0.199612,-0.455265
351.732,349,0.348466,0.108003,-0.0201272,-0.330694
352.598,348.5,0.355219,0.220848,-0.173842,-0.217224
353.464,348,0.455796,0.397964,-0.200989,-0.0947497
354.33,347.5,0.355809,0.339287,-0.0349467,-0.101305
355.196,347,0.271484,0.240666,0.0733663,-0.101986
356.062,346.5,0.270924,0.204251,0.136641,-0.114065
356.928,346,0.261019,0.225212,0.10409,-0.0810911
357.794,345.5,0.253988,0.230118,0.0810904,-0.0705687
358.66,345,0.110789,0.0504918,-0.0171114,-0.0971187
359.526,344.5,0.0985016,0.0871086,-0.0141298,-0.0437607
360.392,344,0.122903,0.117525,0.0315704,-0.0172155
361.258,343.5,0.115285,0.111953,0.027348,0.00303866
362.124,343,0.202258,0.176381,0.0808736,0.057074
362.99,342.5,0.282211,0.208084,0.124863,0.14406
363.856,342,0.375449,0.223244,0.164308,0.253234
364.722,341.5,0.487042,0.228335,0.197294,0.382293
365.588,341,0.53938,0.213227,0.179909,0.461625
366.454,340.5,0.545932,0.18929,0.133909,0.494247
367.321,340,0.50636,0.135041,0.0765191,0.481985
368.187,339.5,0.465045,0.0724278,0.0324597,0.458222
369.053,339,0.433205,0.0192862,0.00866512,0.432689
369.919,338.5,0.416662,-0.0308772,-0.0109945,0.415371
370.785,338,0.409197,-0.0749907,-0.0261947,0.401414
371.651,337.5,0.404666,-0.107721,-0.0397925,0.38803
372.517,337,0.409461,-0.121329,-0.0458768,0.388372
373.383,336.5,0.419889,-0.125953,-0.0527991,0.397058
374.249,336,0.435668,-0.118109,-0.0555353,0.415659
375.115,335.5,0.450754,-0.119934,-0.0662451,0.429426
375.981,335,0.465373,-0.131332,-0.0849221,0.438306
376.847,334.5,0.446599,-0.132692,-0.0942276,0.41589
377.713,334,0.431137,-0.139662,-0.0986683,0.395775
378.579,333.5,0.467444,-0.190703,-0.0932418,0.416464
379.445,333,0.476509,-0.228355,-0.0800443,0.410497
380.311,332.5,0.420462,-0.193069,-0.0687633,0.367129
381.177,332,0.422778,-0.206826,-0.0498633,0.365346
382.043,331.5,0.393899,-0.196001,-0.0335282,0.340024
382.909,331,0.36235,-0.192327,-0.0184934,0.306538
383.775,330.5,0.3405,-0.202081,-0.00295579,0.274034
384.641,330,0.323144,-0.219298,0.0100169,0.237129
385.507,329.5,0.304193,-0.234308,0.0197201,0.192988
386.373,329,0.260769,-0.195702,0.0235476,0.170723
387.239,328.5,0.224945,-0.1531,0.0298056,0.162087
388.105,328,0.190391,-0.104769,0.0398437,0.153899
388.971,327.5,0.160002,-0.0547638,0.0515094,0.141239
389.837,327,0.144465,-0.00548839,0.0634675,0.12966
390.703,326.5,0.15827,0.0434208,0.0636943,0.138229
391.569,326,0.186871,0.0962279,0.0573149,0.149586
392.435,325.5,0.229177,0.151186,0.0502738,0.164735
393.301,325,0.294449,0.224602,0.0220263,0.189127
394.167,324.5,0.426169,0.341702,-0.0313779,0.252736
395.033,324,0.497127,0.410229,-0.0446033,0.277232
395.899,323.5,0.561201,0.474165,-0.0518231,0.295683
396.765,323,0.615731,0.529046,-0.051898,0.310711
397.631,322.5,0.659912,0.57122,-0.0475039,0.327009
398.497,322,0.700217,0.610581,-0.0430063,0.340067
399.363,321.5,0.706051,0.634738,-0.0214787,0.308472
400.229,321,0.808964,0.732324,-0.0226986,0.342943
401.095,320.5,0.855316,0.772205,-0.0268132,0.366806
401.962,320,0.863927,0.777436,-0.0294029,0.37563
402.828,319.5,0.865059,0.780406,-0.0333659,0.371728
403.694,319,0.868852,0.7904,-0.0397292,0.358599
404.56,318.5,0.883318,0.81021,-0.0464676,0.348785
405.426,318,0.896871,0.819582,-0.0391667,0.362118
406.292,317.5,0.907968,0.825436,-0.0307014,0.376987
407.158,317,0.915217,0.82552,-0.0214912,0.39456
408.024,316.5,0.92255,0.825808,-0.0139482,0.411029
408.89,316,0.929114,0.825024,-0.00807044,0.427228
409.756,315.5,0.920398,0.810666,-0.0119067,0.435674
410.622,315,0.907706,0.795816,-0.0210679,0.436078
411.488,314.5,0.896518,0.782836,-0.0306955,0.435856
412.354,314,0.896595,0.777642,-0.0339692,0.444974
413.22,313.5,0.901197,0.775453,-0.0363737,0.457717
414.086,313,0.914178,0.779287,-0.0369442,0.476516
414.952,312.5,0.943458,0.803838,-0.0320092,0.492882
415.818,312,0.971333,0.831515,-0.0244264,0.501472
416.684,311.5,0.999699,0.861924,-0.0136152,0.506259
417.55,311,1.02244,0.88563,0.000746174,0.510924
418.416,310.5,1.04011,0.904912,0.0157117,0.512565
419.282,310,1.03236,0.894231,0.0182382,0.51555
420.148,309.5,1.00214,0.8662,0.00851565,0.503889
421.014,309,0.95874,0.836031,-0.00757328,0.469231
421.88,308.5,0.912496,0.806232,-0.0244523,0.426663
422.746,308,0.870572,0.779228,-0.0399627,0.386139
423.612,307.5,0.849565,0.765443,-0.0467949,0.365606
424.478,307,0.841379,0.762133,-0.0399085,0.354232
425.344,306.5,0.837922,0.759159,-0.0288235,0.353498
426.21,306,0.860488,0.777751,-0.0110779,0.367994
427.076,305.5,0.887268,0.79943,0.00609943,0.384862
427.942,305,0.918037,0.823959,0.0224903,0.4042
428.808,304.5,0.933137,0.828148,0.0213883,0.429487
429.674,304,0.943714,0.827322,0.0154967,0.453756
430.54,303.5,0.95165,0.823153,0.00495687,0.477528
431.406,303,0.944851,0.81205,0.00258251,0.483023
432.272,302.5,0.92995,0.795971,0.00384519,0.480855
433.138,302,0.913012,0.779864,0.00609614,0.474727
434.004,301.5,0.913356,0.77855,0.00404268,0.477559
434.87,301,0.913464,0.776232,-0.000207206,0.48154
435.737,300.5,0.90953,0.77046,-0.00597801,0.483323
436.603,300,0.9006,0.761043,-0.00982766,0.481452
437.469,299.5,0.89004,0.750446,-0.0108078,0.478419
438.335,299,0.889427,0.751961,-0.0102261,0.4749
439.201,298.5,0.897345,0.761272,-0.0124865,0.474909
440.067,298,0.910968,0.774999,-0.018113,0.478447
440.933,297.5,0.925527,0.789817,-0.0241213,0.48188
441.799,297,0.940193,0.80543,-0.0314555,0.484
442.665,296.5,0.947453,0.816049,-0.0404476,0.479683
443.531,296,0.946541,0.819135,-0.0471422,0.471948
444.397,295.5,0.943837,0.819994,-0.0531808,0.464338
445.263,295,0.950881,0.827919,-0.057896,0.464082
446.129,294.5,0.961296,0.836211,-0.0609121,0.470244
446.995,294,0.975088,0.84487,-0.0622291,0.482825
447.861,293.5,1.00124,0.858447,-0.0619646,0.511584
448.727,293,1.01907,0.863436,-0.0604519,0.537894
449.593,292.5,1.02716,0.858976,-0.0579005,0.560245
450.459,292,1.00511,0.837004,-0.0487545,0.554349
451.325,291.5,0.969559,0.804919,-0.0416848,0.538899
452.191,291,0.908247,0.749565,-0.0387528,0.511431
453.057,290.5,0.803037,0.655526,-0.0351477,0.462514
453.923,290,0.69456,0.559029,-0.029333,0.411144
454.789,289.5,0.599562,0.452507,-0.0235297,0.39263
455.655,289,0.522061,0.368899,-0.022653,0.368712
456.521,288.5,0.446104,0.280448,-0.0228903,0.34617
457.387,288,0.393051,0.223862,-0.0222351,0.322306
458.253,287.5,0.349003,0.178098,-0.0218027,0.299348
459.119,287,0.31409,0.144318,-0.021507,0.278141
459.985,286.5,0.293393,0.13339,-0.0210795,0.260466
460.851,286,0.273688,0.119326,-0.022254,0.245298
461.717,285.5,0.255297,0.102128,-0.0250306,0.232637
462.583,285,0.229215,0.0717267,-0.025839,0.216165
463.449,284.5,0.201908,0.0329171,-0.0237242,0.197789
464.315,284,0.156298,-0.0273738,-0.0331893,0.150261
465.181,283.5,0.177782,-0.0422583,-0.0182065,0.171724
466.047,283,0.182505,-0.0786241,-0.0148036,0.164034
466.913,282.5,0.196789,-0.114175,-0.0109713,0.159905
467.779,282,0.21538,-0.137658,-0.0067372,0.16551
468.645,281.5,0.216418,-0.1016,-0.00104467,0.191084
469.512,281,0.216666,-0.0209975,0.00899573,0.215458
470.378,280.5,0.246977,0.111815,0.00745845,0.22009
471.244,280,0.306832,0.166929,0.0114331,0.257197
472.11,279.5,0.344863,0.199043,0.0245291,0.280554
472.976,279,0.368201,0.21689,0.041021,0.294699
473.842,278.5,0.448363,0.270633,0.0838584,0.347498
474.708,278,0.480695,0.295172,0.0994581,0.366128
475.574,277.5,0.512221,0.318228,0.115614,0.384363
476.44,277,0.542903,0.339803,0.132327,0.402203
477.306,276.5,0.572721,0.359897,0.149597,0.419648
478.172,276,0.595837,0.381538,0.152822,0.431388
479.038,275.5,0.604318,0.404596,0.124708,0.43122
