x,v,vx,vy,vz
220.096,425,0.564887,0.564342,-0.000912922,-0.0247848
220.962,424.5,0.563352,0.562867,-0.000760007,-0.0233626
221.828,424,0.561825,0.561394,-0.000616557,-0.0219937
222.694,423.5,0.560309,0.559927,-0.000485072,-0.0206863
223.56,423,0.558636,0.558306,-0.000279249,-0.0191938
224.426,422.5,0.557007,0.556724,-8.30301e-05,-0.0177568
225.292,422,0.555121,0.554877,-3.42701e-05,-0.0164761
226.158,421.5,0.552569,0.552365,-3.06465e-05,-0.0150088
227.024,421,0.54957,0.549403,-2.18157e-05,-0.0135308
227.89,420.5,0.546218,0.546083,1.53926e-05,-0.0121607
228.756,420,0.542444,0.542337,8.27066e-05,-0.010773
229.622,419.5,0.539406,0.539319,0.000298142,-0.00963929
230.488,419,0.537181,0.537109,0.000699548,-0.00881473
231.355,418.5,0.534239,0.534179,0.00118483,-0.0079671
232.221,418,0.530511,0.53046,0.00178711,-0.0071814
233.087,417.5,0.526239,0.526193,0.00241824,-0.00651777
233.953,417,0.521338,0.521294,0.00309156,-0.00599759
234.819,416.5,0.520372,0.520315,0.00353274,-0.00687028
235.685,416,0.519026,0.518951,0.00396818,-0.00788375
236.551,415.5,0.517211,0.517114,0.00441094,-0.00903083
237.417,415,0.514632,0.514497,0.0050778,-0.0106306
238.283,414.5,0.511755,0.511575,0.00569424,-0.0123068
239.149,414,0.512,0.511778,0.00607413,-0.0138263
240.015,413.5,0.515436,0.515165,0.00658845,-0.0153332
240.881,413,0.51895,0.51864,0.00710693,-0.0164829
241.747,412.5,0.522543,0.522205,0.00758106,-0.0172111
242.613,412,0.526516,0.526166,0.00798957,-0.0174397
243.479,411.5,0.530769,0.530425,0.00833696,-0.0171987
244.345,411,0.535202,0.534842,0.00894213,-0.0174742
245.211,410.5,0.539689,0.539334,0.00967474,-0.0169995
246.077,410,0.543927,0.543589,0.0106227,-0.0159527
246.943,409.5,0.54778,0.547454,0.0118468,-0.0147337
247.809,409,0.550859,0.550538,0.0133986,-0.0131842
248.675,408.5,0.549678,0.549347,0.0151965,-0.0115367
249.541,408,0.54599,0.545628,0.0170307,-0.0102735
250.407,407.5,0.541875,0.541463,0.0189023,-0.00941908
251.273,407,0.536826,0.536353,0.0206246,-0.00904292
252.139,406.5,0.531666,0.53112,0.0223547,-0.00899353
253.005,406,0.526062,0.525431,0.024063,-0.00922367
253.871,405.5,0.517779,0.517075,0.0253838,-0.00916909
254.737,405,0.509899,0.509124,0.0266273,-0.0090121
255.603,404.5,0.502424,0.501578,0.0277935,-0.00875269
256.469,404,0.49507,0.494196,0.0281808,-0.00841753
257.335,403.5,0.488094,0.487208,0.0283074,-0.0079807
258.201,403,0.481438,0.480571,0.0279916,-0.00715405
259.067,402.5,0.475185,0.474358,0.0273211,-0.00624562
259.933,402,0.469307,0.468517,0.0266583,-0.00550124
260.799,401.5,0.463796,0.463036,0.0260835,-0.00492395
261.665,401,0.457897,0.457185,0.0250477,-0.00486873
262.531,400.5,0.451794,0.451151,0.0236037,-0.00490932
263.397,400,0.44649,0.445954,0.0215315,-0.00382671
264.263,399.5,0.44203,0.441605,0.0191346,-0.00308714
265.13,399,0.438679,0.438372,0.0161733,-0.00270998
265.996,398.5,0.436449,0.436254,0.0128005,-0.00258777
266.862,398,0.434924,0.434824,0.00880529,-0.00313966
267.728,397.5,0.433229,0.433175,0.00535806,-0.00422257
268.594,397,0.432183,0.432139,0.00266553,-0.00554478
269.46,396.5,0.432064,0.432004,0.00053835,-0.00719566
270.326,396,0.433821,0.433749,0.000666731,-0.00788861
271.192,395.5,0.436322,0.436214,0.00106242,-0.0096365
272.058,395,0.440929,0.440773,0.0020945,-0.0115609
272.924,394.5,0.444416,0.444065,0.000775801,-0.0176511
273.79,394,0.4467,0.446008,-0.0021481,-0.0247715
274.656,393.5,0.447941,0.446687,-0.00663317,-0.0328322
275.522,393,0.468262,0.46729,-0.00918928,-0.0287067
276.388,392.5,0.502025,0.501379,-0.00996316,-0.0234189
277.254,392,0.533427,0.533114,-0.00749329,-0.0166628
278.12,391.5,0.525817,0.525049,-0.0143856,-0.024485
278.986,391,0.528437,0.520683,-0.0635162,-0.0640416
279.852,390.5,0.542586,0.530032,-0.0793765,-0.0846451
280.718,390,0.559017,0.540293,-0.0946018,-0.10786
281.584,389.5,0.577848,0.551465,-0.109192,-0.133686
282.45,389,0.563371,0.54503,-0.104065,-0.0974644
283.316,388.5,0.550697,0.538505,-0.0993033,-0.058469
284.182,388,0.542238,0.533194,-0.0963194,-0.0211943
285.048,387.5,0.53777,0.529097,-0.0951139,0.0143598
285.914,387,0.537011,0.526215,-0.0956867,0.0481931
286.78,386.5,0.539639,0.524548,-0.0980379,0.0803057
287.646,386,0.522149,0.506626,-0.0891673,0.0895452
288.512,385.5,0.484726,0.471923,-0.069964,0.0857486
289.378,385,0.44839,0.439593,-0.0506343,0.0724437
290.244,384.5,0.363085,0.320781,-0.0354776,0.166348
291.11,384,0.357454,0.28185,-0.0340106,0.217203
291.976,383.5,0.281087,0.249488,0.0026321,0.129456
292.842,383,0.224988,0.207305,0.0608403,0.0627888
293.708,382.5,0.209391,0.155996,0.13521,0.0350434
294.574,382,0.220561,0.14274,0.166698,-0.0220042
295.44,381.5,0.250764,0.149157,0.177599,-0.0953584
296.306,381,0.309699,0.201789,0.166777,-0.165469
297.172,380.5,0.334528,0.268346,0.153607,-0.127689
298.038,380,0.371127,0.344624,0.133947,-0.0320626
298.905,379.5,0.440406,0.420764,0.115282,0.0602074
299.771,379,0.503905,0.478425,0.0976202,0.124496
300.637,378.5,0.513431,0.491271,0.0789625,0.126606
301.503,378,0.493755,0.478153,0.05973,0.107684
302.369,377.5,0.463836,0.452775,0.0467793,0.0891617
303.235,377,0.556928,0.54771,0.0213017,0.0986363
304.101,376.5,0.564353,0.557181,0.0199962,0.0874257
304.967,376,0.552131,0.549629,0.0214769,0.047903
305.833,375.5,0.536047,0.535475,0.024649,0.00244076
306.699,375,0.517882,0.514717,0.0295127,-0.0489609
307.565,374.5,0.493058,0.480662,0.0383403,-0.102957
308.431,374,0.447216,0.420541,0.0558484,-0.141521
309.297,373.5,0.425932,0.388661,0.0606645,-0.163344
310.163,373,0.440966,0.404728,0.0413891,-0.170098
311.029,372.5,0.455836,0.41921,0.0194214,-0.177968
311.895,372,0.470843,0.432104,-0.00523858,-0.186953
312.761,371.5,0.450956,0.385454,-0.0374692,-0.231047
313.627,371,0.478479,0.403539,-0.0708422,-0.247144
314.493,370.5,0.51369,0.439455,-0.106061,-0.243941
315.359,370,0.54681,0.482006,-0.135375,-0.219875
316.225,369.5,0.584404,0.532317,-0.152165,-0.187117
317.091,369,0.619526,0.583068,-0.152937,-0.143019
317.957,368.5,0.662348,0.636448,-0.152305,-0.102182
318.823,368,0.710258,0.691293,-0.143943,-0.0765566
319.689,367.5,0.753389,0.73969,-0.118619,-0.0798933
320.555,367,0.786807,0.775593,-0.100572,-0.0860639
321.421,366.5,0.807881,0.797152,-0.0905821,-0.0949469
322.287,366,0.801148,0.792792,-0.0759838,-0.0868716
323.153,365.5,0.79889,0.793126,-0.0569336,-0.0770434
324.019,365,0.802769,0.799351,-0.033423,-0.0660266
324.885,364.5,0.817151,0.812195,-0.0213865,-0.0872768
325.751,364,0.823361,0.816546,-0.0126628,-0.104958
326.617,363.5,0.821121,0.81243,-0.00719269,-0.118934
327.483,363,0.822419,0.811872,-0.00770808,-0.131063
328.349,362.5,0.827246,0.815062,-0.0112301,-0.141006
329.215,362,0.846,0.83277,-0.0123806,-0.148515
330.081,361.5,0.871216,0.857173,-0.0160574,-0.154964
330.947,361,0.894075,0.87867,-0.0268213,-0.163064
331.813,360.5,0.914547,0.896949,-0.0438293,-0.173082
332.679,360,0.930714,0.909186,-0.0564713,-0.190841
333.546,359.5,0.942655,0.914828,-0.0643768,-0.218046
334.412,359,0.937335,0.898658,-0.0671806,-0.257874
335.278,358.5,0.929907,0.878543,-0.0555285,-0.299675
336.144,358,0.919037,0.852972,-0.0167956,-0.34174
337.01,357.5,0.91855,0.833025,0.0200864,-0.386524
337.876,357,0.919725,0.810843,0.0558498,-0.430474
338.742,356.5,0.880412,0.754364,0.096238,-0.44362
339.608,356,0.847644,0.705322,0.135491,-0.45018
340.474,355.5,0.829134,0.668466,0.1723,-0.45927
341.34,355,0.810785,0.616858,0.211237,-0.481911
342.206,354.5,0.791715,0.562465,0.25203,-0.496917
343.072,354,0.774511,0.508825,0.291747,-0.505813
343.938,353.5,0.73269,0.476888,0.282757,-0.479021
344.804,353,0.679682,0.44284,0.302218,-0.417762
345.67,352.5,0.614302,0.373895,0.295386,-0.387708
346.536,352,0.577559,0.30644,0.319397,-0.371018
347.402,351.5,0.550049,0.200591,0.347762,-0.376004
348.268,351,0.494984,0.0667646,0.366861,-0.325523
349.134,350.5,0.427683,-0.0573449,0.374717,-0.198018
350,350,0.418304,0.0416434,0.32866,-0.255396
350.866,349.5,0.380535,-0.167517,0.334291,-0.0706714
351.732,349,0.384931,-0.233837,0.301541,-0.0506438
352.598,348.5,0.401427,-0.248923,0.305505,-0.0764689
353.464,348,0.382043,-0.160085,0.297727,-0.178012
354.33,347.5,0.393364,-0.178805,0.278469,-0.212648
355.196,347,0.489271,-0.349448,0.23801,-0.246218
356.062,346.5,0.532985,-0.393351,0.176649,-0.313278
356.928,346,0.462095,-0.289545,0.0849526,-0.34997
357.794,345.5,0.381906,-0.144065,0.0391128,-0.351522
358.66,345,0.293801,0.0749886,0.0225916,-0.28317
359.526,344.5,0.316304,0.272183,0.0557785,-0.151174
360.392,344,0.450324,0.437939,0.0975386,0.0385671
361.258,343.5,0.655287,0.598731,0.133948,0.230174
362.124,343,0.864099,0.743962,0.147776,0.413943
362.99,342.5,0.979232,0.813355,0.102741,0.53553
363.856,342,1.06806,0.864161,0.0622956,0.624571
364.722,341.5,1.14186,0.908095,0.0339503,0.691414
365.588,341,1.17023,0.929588,0.0027665,0.710837
366.454,340.5,1.16112,0.928009,-0.0294432,0.697228
367.321,340,1.12667,0.910991,-0.0551771,0.66064
368.187,339.5,1.10222,0.903648,-0.0671679,0.627528
369.053,339,1.08441,0.903671,-0.0790875,0.594187
369.919,338.5,1.06643,0.899472,-0.0990029,0.56429
370.785,338,1.05194,0.89358,-0.121296,0.541637
371.651,337.5,1.04787,0.896642,-0.125835,0.527476
372.517,337,1.04239,0.902046,-0.118334,0.508814
373.383,336.5,1.03471,0.906077,-0.113111,0.486684
374.249,336,1.02227,0.907957,-0.0974179,0.459513
375.115,335.5,1.01539,0.913371,-0.0825091,0.435858
375.981,335,1.01396,0.922304,-0.0683549,0.415681
376.847,334.5,1.00157,0.920542,-0.0561442,0.390625
377.713,334,0.989041,0.917128,-0.0463266,0.367332
378.579,333.5,0.976904,0.912848,-0.0383331,0.345804
379.445,333,0.96845,0.909089,-0.0355742,0.331944
380.311,332.5,0.960373,0.904475,-0.0327093,0.321202
381.177,332,0.954704,0.902145,-0.0290397,0.311047
382.043,331.5,0.954896,0.907391,-0.0322683,0.29568
382.909,331,0.960488,0.917932,-0.0380157,0.280166
383.775,330.5,0.971562,0.933238,-0.0425268,0.266817
384.641,330,0.976538,0.939234,-0.0384292,0.264555
385.507,329.5,0.967369,0.928006,-0.0227819,0.272193
386.373,329,0.954436,0.91566,-0.012316,0.269007
387.239,328.5,0.953827,0.918069,-0.00832218,0.258585
388.105,328,0.966606,0.933753,-0.0184754,0.249181
388.971,327.5,0.982239,0.950592,-0.0339456,0.244981
389.837,327,0.996353,0.963945,-0.0476257,0.24751
390.703,326.5,0.987853,0.952609,-0.0261923,0.260202
391.569,326,0.979309,0.94126,0.000933259,0.270325
392.435,325.5,0.976296,0.936616,0.0225551,0.274581
393.301,325,0.972787,0.936261,0.0107106,0.263849
394.167,324.5,0.977022,0.943012,-0.00756798,0.255426
395.033,324,0.987902,0.95537,-0.0315009,0.249452
395.899,323.5,0.964867,0.933263,0.0145193,0.244497
396.765,323,0.952412,0.922287,0.0576284,0.230552
397.631,322.5,0.951206,0.923808,0.0912496,0.207475
398.497,322,0.896492,0.873894,0.0732166,0.186136
399.363,321.5,0.851364,0.819783,0.00973463,0.229524
400.229,321,0.832613,0.80011,0.00153031,0.230359
401.095,320.5,0.811181,0.776924,-0.006729,0.233149
401.962,320,0.787027,0.750145,-0.0149212,0.237637
402.828,319.5,0.731882,0.700547,-0.00666824,0.211755
403.694,319,0.679001,0.652967,0.000714406,0.186217
404.56,318.5,0.631432,0.610255,0.00636277,0.162034
405.426,318,0.589185,0.572411,0.0102769,0.139206
406.292,317.5,0.552275,0.539436,0.0124567,0.117734
407.158,317,0.520724,0.51133,0.0129022,0.0976168
408.024,316.5,0.513289,0.503287,0.00268242,0.100803
408.89,316,0.520154,0.506711,-0.0112604,0.116949
409.756,315.5,0.533346,0.51492,-0.024658,0.136774
410.622,315,0.537195,0.511001,-0.0497647,0.158049
411.488,314.5,0.57822,0.541217,-0.0709693,0.190748
412.354,314,0.618259,0.574993,-0.0742901,0.214728
413.22,313.5,0.657878,0.606809,-0.0787258,0.241638
414.086,313,0.696879,0.637511,-0.0821107,0.269217
414.952,312.5,0.715935,0.661607,-0.0634863,0.266101
415.818,312,0.731853,0.682004,-0.0491982,0.26088
416.684,311.5,0.74802,0.700894,-0.0419491,0.257918
417.55,311,0.765237,0.717913,-0.038419,0.262131
418.416,310.5,0.785225,0.736393,-0.0318565,0.270719
419.282,310,0.804902,0.755688,-0.0201866,0.276399
420.148,309.5,0.815517,0.768526,-0.0107833,0.272617
421.014,309,0.82544,0.780367,-0.0100801,0.268844
421.88,308.5,0.840627,0.794914,-0.0153361,0.273001
422.746,308,0.856806,0.809546,-0.0180472,0.280046
423.612,307.5,0.857553,0.813731,-0.0037542,0.270601
424.478,307,0.850789,0.811362,0.00262837,0.25598
425.344,306.5,0.846586,0.810176,-0.00223938,0.245596
426.21,306,0.827952,0.793033,-0.00091939,0.237912
427.076,305.5,0.806933,0.772709,0.00964418,0.232311
427.942,305,0.784468,0.749725,0.0290906,0.229032
428.808,304.5,0.797122,0.759765,0.0270648,0.239642
429.674,304,0.808118,0.768459,0.0295234,0.248304
430.54,303.5,0.818122,0.776085,0.0374329,0.256154
431.406,303,0.825459,0.78257,0.0270014,0.261222
432.272,302.5,0.846691,0.800286,0.0056692,0.2764
433.138,302,0.884018,0.829903,-0.0209002,0.303829
434.004,301.5,0.919314,0.859732,-0.0109044,0.325394
434.87,301,0.937024,0.877249,0.0108133,0.329137
435.737,300.5,0.937413,0.880882,0.0304287,0.319161
436.603,300,0.918194,0.864063,0.0337023,0.308773
437.469,299.5,0.896152,0.840226,0.0236365,0.310724
438.335,299,0.891533,0.83438,0.0139043,0.313762
439.201,298.5,0.899423,0.843212,0.0110653,0.312783
440.067,298,0.924593,0.872874,0.00862901,0.304777
440.933,297.5,0.946509,0.899806,0.00226755,0.293638
441.799,297,0.956064,0.913684,-0.00787533,0.281386
442.665,296.5,0.928724,0.885861,-0.0182921,0.278285
443.531,296,0.900355,0.853627,-0.0241764,0.285263
444.397,295.5,0.880148,0.83023,-0.0262436,0.291015
445.263,295,0.882016,0.841429,-0.0134951,0.264133
446.129,294.5,0.87883,0.844815,-0.00532104,0.242076
446.995,294,0.869949,0.840388,-0.00172151,0.224845
447.861,293.5,0.868231,0.841601,-0.0063029,0.21329
448.727,293,0.868009,0.84487,-0.010279,0.198815
449.593,292.5,0.868188,0.848904,-0.01283,0.181513
450.459,292,0.868309,0.852388,-0.0135431,0.164962
451.325,291.5,0.867941,0.85447,-0.00979997,0.152006
452.191,291,0.862812,0.84961,0.000901478,0.150357
453.057,290.5,0.852411,0.839466,0.0187097,0.146803
453.923,290,0.836228,0.82458,0.0384321,0.13367
454.789,289.5,0.812019,0.8007,0.0587347,0.121673
455.655,289,0.781482,0.771584,0.0754335,0.0983979
456.521,288.5,0.750613,0.743906,0.0849658,0.0529679
457.387,288,0.752707,0.748531,0.0791758,0.000718154
458.253,287.5,0.764077,0.760275,0.0703022,-0.0292059
459.119,287,0.781967,0.779753,0.0519278,-0.0275881
459.985,286.5,0.804292,0.803279,0.0372894,-0.0154351
460.851,286,0.831063,0.830567,0.0279312,0.00663322
461.717,285.5,0.844537,0.843811,0.0334457,0.0103464
462.583,285,0.841166,0.840407,0.0357194,0.00055747
463.449,284.5,0.836991,0.836228,0.0348991,-0.00760534
464.315,284,0.825062,0.824775,0.0217654,0.000134126
465.181,283.5,0.822377,0.822329,0.00586246,0.00669157
466.047,283,0.829348,0.829175,-0.0123437,0.0116418
466.913,282.5,0.825068,0.824252,-0.0234788,0.0281621
467.779,282,0.817045,0.815128,-0.0337553,0.0446101
468.645,281.5,0.807349,0.804049,-0.0426994,0.059115
469.512,281,0.792267,0.788866,-0.0431053,0.059312
470.378,280.5,0.775455,0.772864,-0.0380255,0.0506613
471.244,280,0.768079,0.766315,-0.0337324,0.039596
472.11,279.5,0.766138,0.764668,-0.0313914,0.0355577
472.976,279,0.767564,0.766106,-0.0268267,0.0389238
473.842,278.5,0.771468,0.769918,-0.0230215,0.043114
474.708,278,0.775839,0.774275,-0.0187598,0.0455167
475.574,277.5,0.773348,0.772187,-0.00901037,0.0414022
476.44,277,0.7406,0.739921,0.00552836,0.0312203
477.306,276.5,0.707169,0.706719,0.0153152,0.0200598
478.172,276,0.68342,0.683108,0.0176378,0.0107736
479.038,275.5,0.666723,0.666418,0.0195897,0.00479068
