x,v,vx,vy,vz
220.096,425,0.586649,0.58644,-0.0048686,-0.0148857
220.962,424.5,0.587316,0.587096,-0.00474579,-0.0153435
221.828,424,0.587991,0.587759,-0.00462346,-0.0158445
222.694,423.5,0.588679,0.588434,-0.004506,-0.0163901
223.56,423,0.589125,0.588867,-0.00432806,-0.01692
224.426,422.5,0.589538,0.589264,-0.00414453,-0.0174779
225.292,422,0.590105,0.589813,-0.00387109,-0.0181411
226.158,421.5,0.590507,0.590198,-0.00356575,-0.0187627
227.024,421,0.590822,0.590495,-0.00324859,-0.0193738
227.89,420.5,0.591151,0.590805,-0.00292455,-0.0200112
228.756,420,0.591383,0.59102,-0.00243881,-0.0205901
229.622,419.5,0.591492,0.591115,-0.00180945,-0.021034
230.488,419,0.591582,0.591193,-0.00120886,-0.0214156
231.355,418.5,0.591543,0.591142,-0.000642948,-0.0217511
232.221,418,0.591247,0.59084,-0.000129042,-0.0219434
233.087,417.5,0.590987,0.590573,0.000365233,-0.0221337
233.953,417,0.590781,0.590361,0.000796613,-0.0222716
234.819,416.5,0.591039,0.59062,0.000924539,-0.0222183
235.685,416,0.591222,0.590806,0.00102408,-0.0221705
236.551,415.5,0.591321,0.590906,0.0011004,-0.0221221
237.417,415,0.591264,0.590857,0.00125627,-0.0219038
238.283,414.5,0.591228,0.590828,0.0013733,-0.0217048
239.149,414,0.59123,0.590834,0.00151576,-0.0215793
240.015,413.5,0.590766,0.590377,0.00160135,-0.0213861
240.881,413,0.590201,0.589817,0.00166131,-0.0212257
241.747,412.5,0.589601,0.58922,0.00171009,-0.0211199
242.613,412,0.588667,0.588289,0.00170245,-0.0210043
243.479,411.5,0.58755,0.587175,0.00168259,-0.0209205
244.345,411,0.586045,0.585672,0.00177856,-0.0208466
245.211,410.5,0.584168,0.583795,0.00192885,-0.0207776
246.077,410,0.581981,0.581608,0.0021279,-0.0207389
246.943,409.5,0.579746,0.579369,0.00232142,-0.0207811
247.809,409,0.577185,0.576803,0.00246439,-0.0208512
248.675,408.5,0.574097,0.573708,0.00253322,-0.0209798
249.541,408,0.570928,0.570527,0.00259927,-0.0212416
250.407,407.5,0.567736,0.56732,0.00267466,-0.021578
251.273,407,0.564537,0.564104,0.00277448,-0.021946
252.139,406.5,0.561303,0.560848,0.00286757,-0.0224213
253.005,406,0.558039,0.557556,0.00298534,-0.0229975
253.871,405.5,0.554769,0.554254,0.00346541,-0.0236437
254.737,405,0.551523,0.550968,0.00396663,-0.0244036
255.603,404.5,0.5483,0.547699,0.00448899,-0.0252773
256.469,404,0.544854,0.544194,0.00547699,-0.0262523
257.335,403.5,0.541435,0.540704,0.00652487,-0.027355
258.201,403,0.53807,0.537259,0.00758212,-0.0285265
259.067,402.5,0.534331,0.53342,0.00920254,-0.029797
259.933,402,0.530556,0.529526,0.0109852,-0.0311745
260.799,401.5,0.52688,0.525712,0.0127641,-0.0326505
261.665,401,0.522303,0.520992,0.0140971,-0.0341958
262.531,400.5,0.517221,0.515759,0.0151884,-0.035769
263.397,400,0.512255,0.510642,0.0163584,-0.0371819
264.263,399.5,0.506879,0.505102,0.0175245,-0.0386078
265.13,399,0.500994,0.499042,0.0187128,-0.0400243
265.996,398.5,0.495225,0.493082,0.0199823,-0.0414547
266.862,398,0.488891,0.486541,0.0213137,-0.0428796
267.728,397.5,0.480873,0.478337,0.0224456,-0.0439225
268.594,397,0.472888,0.470183,0.0234885,-0.0447196
269.46,396.5,0.464829,0.461966,0.0242945,-0.0454268
270.326,396,0.455703,0.452734,0.0237909,-0.046165
271.192,395.5,0.446738,0.443685,0.0232527,-0.0466658
272.058,395,0.437864,0.434748,0.0227105,-0.0469367
272.924,394.5,0.429542,0.426298,0.0223715,-0.0477044
273.79,394,0.420983,0.417631,0.0222135,-0.0481472
274.656,393.5,0.412174,0.408736,0.0222363,-0.048254
275.522,393,0.40415,0.400534,0.024054,-0.0482844
276.388,392.5,0.396179,0.392412,0.0259589,-0.0479168
277.254,392,0.387512,0.383584,0.0278868,-0.0474446
278.12,391.5,0.377809,0.373723,0.0304601,-0.0462914
278.986,391,0.36741,0.363241,0.0330429,-0.0442092
279.852,390.5,0.356514,0.352343,0.0353478,-0.0413139
280.718,390,0.346168,0.342043,0.0384252,-0.0369055
281.584,389.5,0.33544,0.331284,0.0425434,-0.0309996
282.45,389,0.322551,0.318214,0.0462477,-0.0253061
283.316,388.5,0.30725,0.302719,0.0494275,-0.0179149
284.182,388,0.287545,0.282483,0.0530911,-0.00817318
285.048,387.5,0.26572,0.259404,0.057526,0.00264082
285.914,387,0.242678,0.233488,0.0641546,0.0161237
286.78,386.5,0.220318,0.202996,0.0790884,0.0328326
287.646,386,0.199246,0.167205,0.0968937,0.0485072
288.512,385.5,0.183231,0.125448,0.117104,0.0642094
289.378,385,0.167074,0.0586065,0.132022,0.0839597
290.244,384.5,0.180794,-0.0163178,0.148224,0.102223
291.11,384,0.223687,-0.0974217,0.165813,0.114242
291.976,383.5,0.324373,-0.207355,0.205373,0.141574
292.842,383,0.445158,-0.326565,0.253375,0.165296
293.708,382.5,0.575862,-0.451808,0.307433,0.181579
294.574,382,0.741045,-0.591593,0.347979,0.27942
295.44,381.5,0.926584,-0.725547,0.378855,0.43429
296.306,381,1.12074,-0.825532,0.391042,0.649335
297.172,380.5,1.32589,-0.911296,0.360775,0.892948
298.038,380,1.51521,-0.984303,0.285247,1.11608
298.905,379.5,2.65578,-1.57912,0.222985,2.12363
299.771,379,2.65195,-1.57532,-0.153082,2.12785
300.637,378.5,2.78725,-1.52101,-0.592293,2.25931
301.503,378,3.02114,-1.43171,-0.999033,2.46565
302.369,377.5,3.13423,-1.35337,-0.968185,2.65602
303.235,377,3.11362,-1.41857,-0.721471,2.67614
304.101,376.5,3.04649,-1.71186,-0.421502,2.48455
304.967,376,3.15789,-2.16746,-0.42185,2.25752
305.833,375.5,3.35072,-2.46193,-0.485689,2.22043
306.699,375,3.47707,-2.45134,-0.457813,2.42308
307.565,374.5,3.50568,-2.3329,-0.388439,2.58776
308.431,374,3.46071,-2.18114,-0.347822,2.66424
309.297,373.5,3.20418,-2.01965,-0.271997,2.47262
310.163,373,2.92781,-1.86312,-0.226529,2.24712
311.029,372.5,2.65719,-1.7146,-0.253347,2.01411
311.895,372,2.40227,-1.63346,-0.281489,1.73881
312.761,371.5,2.19649,-1.54826,-0.375848,1.51201
313.627,371,2.04541,-1.47995,-0.465765,1.33286
314.493,370.5,1.93885,-1.49128,-0.48909,1.13843
315.359,370,1.8544,-1.47384,-0.533964,0.990697
316.225,369.5,1.78714,-1.43121,-0.578786,0.900282
317.091,369,1.72376,-1.31601,-0.709207,0.858198
317.957,368.5,1.6554,-1.12124,-0.89484,0.82609
318.823,368,1.56456,-0.889047,-1.07768,0.704321
319.689,367.5,1.43407,-0.665585,-1.1663,0.503282
320.555,367,1.19503,-0.496498,-1.06261,0.229021
321.421,366.5,0.853422,-0.523189,-0.667989,-0.0916112
322.287,366,0.730215,-0.562122,-0.273538,-0.377372
323.153,365.5,0.807077,-0.587807,0.0361848,-0.551858
324.019,365,0.902962,-0.60886,0.185032,-0.640619
324.885,364.5,1.0293,-0.654565,0.256557,-0.751779
325.751,364,1.08563,-0.667308,0.217135,-0.828341
326.617,363.5,1.14498,-0.678504,0.131664,-0.912833
327.483,363,1.23128,-0.714456,0.0271161,-1.00243
328.349,362.5,1.2749,-0.681164,-0.0870864,-1.07415
329.215,362,1.32799,-0.675024,-0.183065,-1.12889
330.081,361.5,1.37786,-0.677748,-0.241911,-1.175
330.947,361,1.41948,-0.655062,-0.25289,-1.23364
331.813,360.5,1.47282,-0.635837,-0.248725,-1.30501
332.679,360,1.50632,-0.583435,-0.208054,-1.37306
333.546,359.5,1.51661,-0.511721,-0.121156,-1.42252
334.412,359,1.5427,-0.449054,-0.0184692,-1.47578
335.278,358.5,1.5232,-0.409101,0.0646051,-1.46581
336.144,358,1.47745,-0.385162,0.140429,-1.41943
337.01,357.5,1.42437,-0.388194,0.230931,-1.35085
337.876,357,1.35208,-0.455289,0.218529,-1.25423
338.742,356.5,1.2426,-0.510679,0.208846,-1.11339
339.608,356,1.06204,-0.472424,0.192248,-0.931549
340.474,355.5,0.801405,-0.223136,0.165633,-0.751682
341.34,355,0.605267,0.0862293,0.144723,-0.58135
342.206,354.5,0.610842,0.433665,0.196355,-0.382764
343.072,354,0.872266,0.794919,0.31009,-0.181096
343.938,353.5,1.22878,1.15168,0.425924,-0.0461018
344.804,353,1.37987,1.3117,0.420346,0.0824642
345.67,352.5,1.44877,1.37383,0.408595,0.21113
346.536,352,1.45912,1.36804,0.391826,0.322464
347.402,351.5,1.38248,1.31339,0.293834,0.316086
348.268,351,1.34115,1.27493,0.254801,0.329121
349.134,350.5,1.27789,1.20359,0.277087,0.328046
350,350,1.14227,1.06876,0.25873,0.309197
350.866,349.5,1.03607,0.95803,0.241337,0.312044
351.732,349,0.996275,0.898933,0.222291,0.367519
352.598,348.5,0.956937,0.847048,0.172721,0.410373
353.464,348,0.914962,0.812166,0.110643,0.406569
354.33,347.5,0.894064,0.797176,0.0523032,0.401405
355.196,347,0.906965,0.814102,0.00823822,0.399694
356.062,346.5,0.913829,0.818396,-0.0341474,0.405148
356.928,346,0.916313,0.812712,-0.072628,0.416958
357.794,345.5,0.937577,0.839738,-0.064688,0.411954
358.66,345,0.95254,0.863179,-0.0540158,0.399169
359.526,344.5,0.958855,0.878521,-0.047785,0.381209
360.392,344,0.953719,0.887,-0.0421423,0.347902
361.258,343.5,0.953531,0.898766,-0.0423269,0.315673
362.124,343,0.957187,0.912111,-0.0460284,0.286601
362.99,342.5,0.964242,0.922194,-0.0460998,0.277838
363.856,342,0.970465,0.930651,-0.0448191,0.271446
364.722,341.5,0.974402,0.937285,-0.0421596,0.263019
365.588,341,0.974609,0.940075,-0.0342113,0.254854
366.454,340.5,0.973421,0.9412,-0.024055,0.247206
367.321,340,0.974026,0.942746,-0.0164164,0.24431
368.187,339.5,0.977118,0.945995,-0.0114546,0.244378
369.053,339,0.983939,0.952558,-0.00918981,0.246341
369.919,338.5,0.99381,0.962055,-0.00856491,0.249067
370.785,338,1.00727,0.975195,-0.00930618,0.252012
371.651,337.5,1.02112,0.988662,-0.0113332,0.25515
372.517,337,1.03062,0.996941,-0.0161553,0.260808
373.383,336.5,1.04089,1.0057,-0.0214583,0.267521
374.249,336,1.05214,1.01533,-0.0277957,0.274495
375.115,335.5,1.06513,1.02666,-0.0349442,0.281532
375.981,335,1.07987,1.03969,-0.0428993,0.288647
376.847,334.5,1.09241,1.0511,-0.0461003,0.293998
377.713,334,1.10067,1.05849,-0.0482474,0.297879
378.579,333.5,1.10476,1.0619,-0.0496715,0.300659
379.445,333,1.10054,1.05715,-0.0484134,0.302129
380.311,332.5,1.08994,1.04654,-0.0453592,0.301088
381.177,332,1.07072,1.02838,-0.0376469,0.295742
382.043,331.5,1.04329,1.00263,-0.0250682,0.287318
382.909,331,1.01509,0.975756,-0.0115803,0.279607
383.775,330.5,0.987087,0.948622,0.00285744,0.272852
384.641,330,0.959173,0.92017,0.0184393,0.270113
385.507,329.5,0.930714,0.889811,0.0349272,0.270639
386.373,329,0.907417,0.862278,0.0459056,0.278882
387.239,328.5,0.891887,0.841174,0.0555187,0.291216
388.105,328,0.886263,0.828324,0.0629712,0.308832
388.971,327.5,0.886788,0.820183,0.0698797,0.329862
389.837,327,0.893604,0.817515,0.0749982,0.352948
390.703,326.5,0.904749,0.821238,0.0711099,0.372937
391.569,326,0.915625,0.825084,0.0621559,0.3921
392.435,325.5,0.924636,0.827559,0.0513222,0.409225
393.301,325,0.924106,0.825722,0.0397849,0.413005
394.167,324.5,0.921466,0.822282,0.0273489,0.414976
395.033,324,0.916707,0.817344,0.0140528,0.414852
395.899,323.5,0.904583,0.81088,0.00430142,0.400906
396.765,323,0.890573,0.802649,-0.00478786,0.385813
397.631,322.5,0.875204,0.792892,-0.0135385,0.3703
398.497,322,0.859518,0.782615,-0.0188521,0.354867
399.363,321.5,0.844593,0.772518,-0.0259239,0.340413
400.229,321,0.828635,0.761594,-0.0304585,0.32509
401.095,320.5,0.816458,0.755696,-0.0346886,0.307123
401.962,320,0.807584,0.752704,-0.0423678,0.289538
402.828,319.5,0.79809,0.747505,-0.0505268,0.27501
403.694,319,0.785318,0.739991,-0.05148,0.257854
404.56,318.5,0.77062,0.733772,-0.0426748,0.231545
405.426,318,0.766893,0.738015,-0.0295989,0.206358
406.292,317.5,0.761378,0.73833,-0.0170617,0.185135
407.158,317,0.758027,0.739982,-0.00752263,0.164242
408.024,316.5,0.75679,0.743556,-0.00147217,0.140903
408.89,316,0.756456,0.74746,-0.000359258,0.11631
409.756,315.5,0.743189,0.736331,-0.00745339,0.100452
410.622,315,0.733875,0.728403,-0.0103113,0.0888558
411.488,314.5,0.731321,0.726669,-0.011039,0.0816133
412.354,314,0.745782,0.741638,-0.00975725,0.0779073
413.22,313.5,0.755702,0.752335,-0.0178436,0.0689794
414.086,313,0.761679,0.758952,-0.0324265,0.0556343
414.952,312.5,0.768835,0.767355,-0.0210356,0.0427929
415.818,312,0.776832,0.776455,-0.0111296,0.0214791
416.684,311.5,0.786406,0.78633,-0.00676154,-0.0086065
417.55,311,0.786415,0.785797,0.00563122,-0.0306473
418.416,310.5,0.788616,0.786626,0.0280111,-0.0484744
419.282,310,0.782717,0.77915,0.0469549,-0.0580253
420.148,309.5,0.759688,0.755366,0.0499391,-0.0636739
421.014,309,0.726814,0.722592,0.042587,-0.0656078
421.88,308.5,0.705956,0.70141,0.0394838,-0.0695587
422.746,308,0.700587,0.694697,0.0362894,-0.0830691
423.612,307.5,0.706267,0.697458,0.0213748,-0.109128
424.478,307,0.704068,0.692726,-0.00963405,-0.125497
425.344,306.5,0.703845,0.689842,-0.0423367,-0.133131
426.21,306,0.720861,0.704956,-0.0659764,-0.135372
427.076,305.5,0.745233,0.72663,-0.0833401,-0.142952
427.942,305,0.776105,0.754511,-0.0944158,-0.155359
428.808,304.5,0.760052,0.741514,-0.0919522,-0.13922
429.674,304,0.744686,0.727647,-0.0880813,-0.131637
430.54,303.5,0.736519,0.719425,-0.0857527,-0.132418
431.406,303,0.737441,0.71812,-0.0893488,-0.141917
432.272,302.5,0.742512,0.721024,-0.0958322,-0.149216
433.138,302,0.751711,0.729015,-0.100788,-0.153131
434.004,301.5,0.768409,0.7446,-0.0855382,-0.169429
434.87,301,0.78012,0.75531,-0.0670215,-0.183307
435.737,300.5,0.78312,0.758536,-0.0502795,-0.188075
436.603,300,0.781606,0.755183,-0.0386184,-0.197777
437.469,299.5,0.783718,0.751593,-0.0318036,-0.219798
438.335,299,0.805832,0.765772,-0.0322636,-0.248832
439.201,298.5,0.822176,0.77744,-0.0324781,-0.265529
440.067,298,0.830795,0.786874,-0.0194959,-0.265838
440.933,297.5,0.836998,0.794504,-0.0043149,-0.263271
441.799,297,0.840763,0.801226,0.00937147,-0.25462
442.665,296.5,0.844232,0.809786,0.0122631,-0.238378
443.531,296,0.848552,0.817898,0.00323553,-0.225995
444.397,295.5,0.852298,0.825354,-0.0199845,-0.211668
445.263,295,0.858565,0.832201,-0.0413559,-0.20704
446.129,294.5,0.854698,0.828761,-0.0653243,-0.198485
446.995,294,0.841026,0.815036,-0.0918897,-0.186003
447.861,293.5,0.859735,0.83189,-0.0754081,-0.203509
448.727,293,0.87323,0.843859,-0.050492,-0.21882
449.593,292.5,0.877315,0.846821,-0.0216912,-0.228263
450.459,292,0.87073,0.838179,0.0118434,-0.235553
451.325,291.5,0.864691,0.829035,0.0483514,-0.240944
452.191,291,0.867399,0.830083,0.0849073,-0.236926
453.057,290.5,0.885051,0.850107,0.104499,-0.222964
453.923,290,0.903171,0.87141,0.113489,-0.208528
454.789,289.5,0.916453,0.888551,0.117935,-0.190929
455.655,289,0.923785,0.901164,0.114794,-0.167647
456.521,288.5,0.932189,0.914445,0.114422,-0.140269
457.387,288,0.875468,0.856818,0.119499,-0.13427
458.253,287.5,0.804333,0.782889,0.123231,-0.137298
459.119,287,0.720585,0.693161,0.130507,-0.14744
459.985,286.5,0.63418,0.598307,0.136099,-0.160281
460.851,286,0.546666,0.499297,0.138638,-0.174142
461.717,285.5,0.475788,0.43074,0.121551,-0.16144
462.583,285,0.435029,0.402927,0.0988947,-0.130841
463.449,284.5,0.414395,0.394119,0.0812151,-0.0989818
464.315,284,0.390294,0.377708,0.0619638,-0.0763332
465.181,283.5,0.369079,0.361945,0.0434616,-0.057674
466.047,283,0.351431,0.347845,0.0259153,-0.0428454
466.913,282.5,0.383961,0.38347,-0.000391486,-0.0194075
467.779,282,0.428785,0.427856,-0.0268869,0.00852276
468.645,281.5,0.480684,0.476597,-0.0503324,0.0371383
469.512,281,0.524754,0.51801,-0.0606958,0.0578595
470.378,280.5,0.557443,0.549558,-0.0606702,0.071052
471.244,280,0.567411,0.560551,-0.0544767,0.0690622
472.11,279.5,0.551924,0.547569,-0.0510915,0.0466642
472.976,279,0.539064,0.535965,-0.0518231,0.0253999
473.842,278.5,0.600588,0.59779,-0.0526248,0.0241724
474.708,278,0.606743,0.603857,-0.0549381,0.0218097
475.574,277.5,0.611748,0.608627,-0.0583967,0.0199653
476.44,277,0.583401,0.58057,-0.0573779,0.00166772
477.306,276.5,0.613491,0.609792,-0.0653023,0.0161624
478.172,276,0.632367,0.626582,-0.0788239,0.0327128
479.038,275.5,0.64641,0.637125,-0.0971111,0.049873
