x,v,vx,vy,vz
220.096,425,0.537568,0.537535,-0.00380966,-0.00460973
220.962,424.5,0.537402,0.537373,-0.0038081,-0.0040768
221.828,424,0.537306,0.537279,-0.00414089,-0.00343663
222.694,423.5,0.537277,0.537249,-0.00481582,-0.00269448
223.56,423,0.537417,0.537385,-0.00553518,-0.00185852
224.426,422.5,0.537783,0.537742,-0.00653005,-0.000965912
225.292,422,0.541431,0.541386,-0.00696829,6.17763e-05
226.158,421.5,0.544937,0.544894,-0.0067641,0.000970317
227.024,421,0.548017,0.54798,-0.00619183,0.00175981
227.89,420.5,0.5507,0.550668,-0.00536509,0.00243819
228.756,420,0.552924,0.552898,-0.0043852,0.00303216
229.622,419.5,0.553268,0.553242,-0.00416896,0.00345499
230.488,419,0.552079,0.552044,-0.00486892,0.00383998
231.355,418.5,0.551298,0.551253,-0.00557372,0.00438049
232.221,418,0.550894,0.550836,-0.00615291,0.00506916
233.087,417.5,0.550919,0.550848,-0.00658403,0.00586012
233.953,417,0.55132,0.551236,-0.00683216,0.00673881
234.819,416.5,0.554899,0.554818,-0.00505133,0.00797783
235.685,416,0.558286,0.5582,-0.00338213,0.00919251
236.551,415.5,0.561419,0.56132,-0.00185756,0.0103754
237.417,415,0.564133,0.564016,-0.000579051,0.0115047
238.283,414.5,0.566664,0.566523,0.00055575,0.0126332
239.149,414,0.567923,0.567756,0.000787532,0.0137614
240.015,413.5,0.56809,0.567897,0.000321132,0.0148284
240.881,413,0.568386,0.568165,-5.83327e-05,0.0158534
241.747,412.5,0.568832,0.568583,-0.000345803,0.0168423
242.613,412,0.569204,0.568927,-0.000568012,0.0177521
243.479,411.5,0.569568,0.569264,-0.000712876,0.0185938
244.345,411,0.569717,0.569387,-0.000756719,0.0193741
245.211,410.5,0.569578,0.569223,-0.000948102,0.0200993
246.077,410,0.569266,0.568886,-0.00124991,0.0207614
246.943,409.5,0.568933,0.56853,-0.00162017,0.0213584
247.809,409,0.568486,0.56806,-0.00202365,0.0218918
248.675,408.5,0.568477,0.568041,-0.00227825,0.022136
249.541,408,0.568844,0.568406,-0.0023977,0.0221911
250.407,407.5,0.569044,0.568604,-0.00246938,0.0222371
251.273,407,0.568813,0.568372,-0.0025122,0.0222504
252.139,406.5,0.568505,0.568065,-0.00252072,0.0222304
253.005,406,0.568056,0.567618,-0.00246616,0.0221561
253.871,405.5,0.566848,0.566423,-0.00211164,0.0218466
254.737,405,0.565514,0.565103,-0.00174589,0.021474
255.603,404.5,0.564053,0.563659,-0.00136891,0.0210384
256.469,404,0.561936,0.561562,-0.000840856,0.0204925
257.335,403.5,0.559675,0.559321,-0.000292857,0.0199006
258.201,403,0.557595,0.557265,0.000347149,0.0191557
259.067,402.5,0.555268,0.554964,0.00105404,0.018348
259.933,402,0.552799,0.552518,0.00174536,0.017546
260.799,401.5,0.550292,0.550031,0.00241161,0.0167522
261.665,401,0.547677,0.547437,0.00310383,0.0159343
262.531,400.5,0.544894,0.544672,0.00382721,0.0150915
263.397,400,0.541436,0.541227,0.0047086,0.0142844
264.263,399.5,0.537868,0.53767,0.00569052,0.0134089
265.13,399,0.534196,0.534008,0.00674875,0.0124465
265.996,398.5,0.530524,0.530344,0.00776835,0.0114325
266.862,398,0.526819,0.526643,0.00873442,0.0104286
267.728,397.5,0.522081,0.521905,0.00961114,0.00956971
268.594,397,0.517175,0.516996,0.0103449,0.00882167
269.46,396.5,0.512496,0.512314,0.0109129,0.00824425
270.326,396,0.507725,0.507535,0.0112815,0.0080474
271.192,395.5,0.503249,0.503055,0.0115516,0.00786629
272.058,395,0.49948,0.499281,0.0117391,0.00780194
272.924,394.5,0.49592,0.495734,0.0109526,0.00798083
273.79,394,0.492386,0.492217,0.0101254,0.0079714
274.656,393.5,0.488897,0.488747,0.00927167,0.00777361
275.522,393,0.48409,0.48395,0.00927168,0.00705369
276.388,392.5,0.478972,0.47884,0.00948703,0.00598785
277.254,392,0.474068,0.473944,0.00990289,0.00440988
278.12,391.5,0.466747,0.466598,0.0116366,0.00184076
278.986,391,0.458045,0.457828,0.0139997,-0.00150806
279.852,390.5,0.449098,0.448767,0.0163786,-0.00538938
280.718,390,0.437469,0.43695,0.0185618,-0.0104587
281.584,389.5,0.423119,0.422279,0.0205267,-0.0169962
282.45,389,0.408357,0.406996,0.0224167,-0.0246377
283.316,388.5,0.392922,0.390718,0.0240074,-0.0339259
284.182,388,0.376532,0.372917,0.0249429,-0.0456832
285.048,387.5,0.360653,0.354956,0.0255918,-0.0584967
285.914,387,0.345058,0.336209,0.0266581,-0.0729228
286.78,386.5,0.330198,0.316029,0.0305711,-0.090673
287.646,386,0.317941,0.296559,0.0342987,-0.109376
288.512,385.5,0.308362,0.277392,0.0380541,-0.129201
289.378,385,0.300819,0.253971,0.0476193,-0.154024
290.244,384.5,0.298443,0.231487,0.0568503,-0.179582
291.11,384,0.301527,0.211356,0.0654419,-0.204852
291.976,383.5,0.300156,0.190424,0.0653727,-0.222619
292.842,383,0.301903,0.172198,0.0649611,-0.239318
293.708,382.5,0.307282,0.157403,0.0652709,-0.255708
294.574,382,0.317712,0.145602,0.0629528,-0.275278
295.44,381.5,0.330369,0.134876,0.055921,-0.296353
296.306,381,0.340051,0.123921,0.0500396,-0.312689
297.172,380.5,0.349604,0.118511,0.053841,-0.324467
298.038,380,0.361349,0.11864,0.0636037,-0.335339
298.905,379.5,0.375079,0.120845,0.0724659,-0.347605
299.771,379,0.388238,0.11696,0.0750972,-0.362504
300.637,378.5,0.390692,0.104434,0.0739105,-0.369149
301.503,378,0.392267,0.0986462,0.075708,-0.372036
302.369,377.5,0.403051,0.110653,0.0743391,-0.380368
303.235,377,0.438766,0.14819,0.0510329,-0.409818
304.101,376.5,0.462953,0.169974,0.0288118,-0.429656
304.967,376,0.472206,0.180819,0.00940489,-0.436114
305.833,375.5,0.450757,0.217453,0.0170365,-0.394469
306.699,375,0.423517,0.238557,0.0178979,-0.349481
307.565,374.5,0.388273,0.244376,0.0113555,-0.301508
308.431,374,0.287568,0.23393,0.0125741,-0.166774
309.297,373.5,0.223027,0.183696,0.0279391,-0.123354
310.163,373,0.118455,0.117366,0.00425877,-0.0154498
311.029,372.5,0.180284,0.01772,-0.0603796,0.168946
311.895,372,0.46666,-0.167217,-0.14256,0.411688
312.761,371.5,0.961854,-0.435148,-0.413691,0.751445
313.627,371,1.74209,-0.784086,-0.910057,1.2617
314.493,370.5,2.7907,-1.5434,-0.953073,2.12075
315.359,370,4.02971,-2.60126,-0.599314,3.01874
316.225,369.5,5.154,-3.71738,-0.121948,3.56791
317.091,369,5.80688,-4.51933,-0.255146,3.63736
317.957,368.5,6.26202,-5.07601,-0.764535,3.58643
318.823,368,6.21853,-5.11312,-1.24304,3.31375
319.689,367.5,6.30012,-5.11638,-1.67906,3.27031
320.555,367,6.18013,-4.87848,-2.00706,3.21966
321.421,366.5,6.02585,-4.62822,-2.06568,3.25935
322.287,366,5.86304,-4.37537,-2.12275,3.27494
323.153,365.5,5.40763,-3.94662,-2.03267,3.08786
324.019,365,5.07384,-3.66687,-1.84376,2.98303
324.885,364.5,4.61344,-3.29845,-1.64147,2.77663
325.751,364,4.24497,-3.01071,-1.4081,2.64057
326.617,363.5,3.94953,-2.76949,-1.18226,2.55557
327.483,363,3.59349,-2.46094,-0.982297,2.42735
328.349,362.5,3.29289,-2.19106,-0.73488,2.3457
329.215,362,2.91749,-1.85502,-0.488607,2.19817
330.081,361.5,2.51052,-1.46742,-0.194368,2.02771
330.947,361,1.99017,-1.00773,0.0980335,1.71337
331.813,360.5,1.56801,-0.558468,0.380029,1.41505
332.679,360,1.23676,-0.0814841,0.659931,1.0428
333.546,359.5,1.10953,0.315681,0.789765,0.71251
334.412,359,1.29465,0.728639,0.965669,0.461175
335.278,358.5,1.48112,1.07796,0.968768,0.305263
336.144,358,1.71273,1.38284,0.974727,0.26666
337.01,357.5,1.97283,1.66123,1.03018,0.2666
337.876,357,1.90185,1.64286,0.918588,0.272459
338.742,356.5,1.78841,1.5646,0.825831,0.261615
339.608,356,1.60995,1.4182,0.713756,0.266847
340.474,355.5,1.52126,1.37145,0.603667,0.262521
341.34,355,1.48882,1.36473,0.527708,0.275015
342.206,354.5,1.37559,1.27907,0.428405,0.269623
343.072,354,1.28503,1.20822,0.335042,0.281509
343.938,353.5,1.23173,1.16436,0.268764,0.29865
344.804,353,1.21614,1.14814,0.247802,0.315226
345.67,352.5,1.22809,1.15358,0.245629,0.342241
346.536,352,1.26958,1.17868,0.279079,0.380351
347.402,351.5,1.18409,1.11807,0.229711,0.315006
348.268,351,1.1251,1.07034,0.234218,0.255646
349.134,350.5,1.14433,1.06974,0.329342,0.238078
350,350,1.10651,1.02415,0.349405,0.231082
350.866,349.5,0.973716,0.904421,0.265098,0.244679
351.732,349,0.982195,0.907938,0.242522,0.285551
352.598,348.5,1.00579,0.924161,0.199291,0.343247
353.464,348,1.00102,0.911263,0.141018,0.389548
354.33,347.5,1.01298,0.914223,0.0756756,0.429641
355.196,347,1.04445,0.93448,0.00153374,0.466487
356.062,346.5,1.06991,0.948217,-0.0655387,0.491221
356.928,346,1.08596,0.954696,-0.124237,0.502423
357.794,345.5,1.07038,0.94704,-0.131454,0.481202
358.66,345,1.05008,0.937362,-0.12607,0.456221
359.526,344.5,1.02894,0.926956,-0.116693,0.431115
360.392,344,1.00423,0.916399,-0.102558,0.397714
361.258,343.5,0.982224,0.906369,-0.0861951,0.368549
362.124,343,0.962683,0.896377,-0.0740252,0.343203
362.99,342.5,0.941961,0.886613,-0.0646505,0.311493
363.856,342,0.924812,0.879166,-0.0534534,0.281933
364.722,341.5,0.911982,0.87411,-0.0429114,0.25652
365.588,341,0.906534,0.87346,-0.0410729,0.239132
366.454,340.5,0.90479,0.874981,-0.0455462,0.225785
367.321,340,0.890703,0.862588,-0.0435909,0.217699
368.187,339.5,0.879602,0.852109,-0.0387959,0.214718
369.053,339,0.87564,0.848062,-0.031586,0.215729
369.919,338.5,0.875026,0.847406,-0.0225641,0.216946
370.785,338,0.878104,0.85076,-0.0106931,0.217163
371.651,337.5,0.890489,0.86282,-0.000192932,0.220254
372.517,337,0.90876,0.879484,0.00432241,0.228768
373.383,336.5,0.923616,0.89253,0.00844565,0.237458
374.249,336,0.931611,0.898839,0.0111012,0.244669
375.115,335.5,0.933946,0.899612,0.0137104,0.250531
375.981,335,0.930603,0.894833,0.0162569,0.255014
376.847,334.5,0.927089,0.894089,0.00547021,0.245091
377.713,334,0.925643,0.89502,-0.00565221,0.236053
378.579,333.5,0.925661,0.896846,-0.0162503,0.228587
379.445,333,0.926382,0.897469,-0.0278167,0.227947
380.311,332.5,0.926265,0.897241,-0.03763,0.226958
381.177,332,0.92124,0.893028,-0.0414825,0.222405
382.043,331.5,0.907991,0.882095,-0.0386691,0.211802
382.909,331,0.891813,0.869147,-0.0358712,0.196538
383.775,330.5,0.873846,0.855063,-0.0337926,0.177009
384.641,330,0.856354,0.840821,-0.0326219,0.159052
385.507,329.5,0.840814,0.827384,-0.0313442,0.14636
386.373,329,0.834446,0.822536,-0.0270888,0.13784
387.239,328.5,0.831455,0.821179,-0.0211093,0.1286
388.105,328,0.832098,0.822901,-0.0166533,0.122243
388.971,327.5,0.831175,0.822777,-0.00704418,0.117642
389.837,327,0.829833,0.821871,0.00802846,0.114401
390.703,326.5,0.833193,0.825484,0.0156375,0.111994
391.569,326,0.8367,0.829228,0.0141068,0.110674
392.435,325.5,0.837623,0.830578,0.0104055,0.107911
393.301,325,0.830462,0.823487,0.00148277,0.1074
394.167,324.5,0.826045,0.818927,-0.00108455,0.1082
395.033,324,0.823763,0.816364,0.0025678,0.11013
395.899,323.5,0.81022,0.804409,0.0116563,0.0961639
396.765,323,0.793768,0.789615,0.02094,0.0783422
397.631,322.5,0.77455,0.771806,0.0298604,0.0578972
398.497,322,0.754077,0.752712,0.0312381,0.0328928
399.363,321.5,0.735024,0.734346,0.0303845,0.0085344
400.229,321,0.719094,0.718484,0.024474,-0.0166662
401.095,320.5,0.70825,0.707288,0.00920245,-0.0357316
401.962,320,0.689739,0.687839,0.00399409,-0.0510094
402.828,319.5,0.659299,0.655556,0.0147443,-0.0685823
403.694,319,0.619429,0.611207,0.0314148,-0.0955558
404.56,318.5,0.587013,0.571644,0.0295671,-0.130129
405.426,318,0.589505,0.568274,0.0180658,-0.155738
406.292,317.5,0.604918,0.580244,0.00978128,-0.170725
407.158,317,0.647888,0.621537,0.00563795,-0.182809
408.024,316.5,0.687717,0.660474,-0.00153438,-0.191642
408.89,316,0.720981,0.694726,-0.0110587,-0.192476
409.756,315.5,0.730261,0.712872,-0.0136738,-0.15782
410.622,315,0.745723,0.733865,-0.013227,-0.131795
411.488,314.5,0.767067,0.75822,-0.0107759,-0.115663
412.354,314,0.764915,0.757012,-0.00176532,-0.109659
413.22,313.5,0.762703,0.754711,0.00816314,-0.109817
414.086,313,0.756444,0.747723,0.0183612,-0.113053
414.952,312.5,0.691534,0.685201,0.0283808,-0.0889594
415.818,312,0.650824,0.645326,0.0469846,-0.0701358
416.684,311.5,0.61045,0.604171,0.0582259,-0.0650799
417.55,311,0.622252,0.613817,0.0739487,-0.0704065
418.416,310.5,0.646345,0.635985,0.0892229,-0.0729711
419.282,310,0.653469,0.642296,0.106409,-0.0561602
420.148,309.5,0.642849,0.632883,0.109123,-0.0283783
421.014,309,0.615837,0.609173,0.0903172,0.00236868
421.88,308.5,0.690875,0.686964,0.072278,0.012841
422.746,308,0.717091,0.713839,0.0597817,0.0328427
423.612,307.5,0.743229,0.739919,0.0480716,0.0509819
424.478,307,0.754276,0.751066,0.0403688,0.0565926
425.344,306.5,0.761944,0.759066,0.033985,0.0567583
426.21,306,0.691383,0.685626,0.0335427,0.0824795
427.076,305.5,0.72166,0.715448,0.0297985,0.0896622
427.942,305,0.753012,0.746334,0.0239712,0.0971519
428.808,304.5,0.788702,0.786527,0.0179014,0.0557245
429.674,304,0.826631,0.826325,0.0122731,0.0188521
430.54,303.5,0.864959,0.864872,0.00882264,-0.00856659
431.406,303,0.905954,0.905802,0.00572474,-0.0155419
432.272,302.5,0.945254,0.94498,0.00715939,-0.0216115
433.138,302,0.972399,0.971924,0.00781732,-0.0293841
434.004,301.5,0.971758,0.971196,-0.0072379,-0.0322268
434.87,301,0.973663,0.972906,-0.0228959,-0.0308157
435.737,300.5,0.980373,0.97926,-0.0378168,-0.0274075
436.603,300,0.990713,0.988915,-0.053098,-0.0271807
437.469,299.5,1.00495,1.00223,-0.0652768,-0.0346672
438.335,299,1.00846,1.00531,-0.0622935,-0.0497295
439.201,298.5,1.00371,1.00057,-0.050105,-0.0615649
440.067,298,0.995416,0.992521,-0.0189093,-0.0734603
440.933,297.5,0.994125,0.989827,0.0178837,-0.0905956
441.799,297,1.00009,0.992672,0.0541016,-0.108901
442.665,296.5,0.995711,0.987377,0.068921,-0.108527
443.531,296,0.968571,0.960752,0.0774345,-0.095336
444.397,295.5,0.940037,0.933344,0.0794713,-0.0788766
445.263,295,0.900599,0.895854,0.0720373,-0.0577515
446.129,294.5,0.864016,0.860587,0.0681431,-0.0356306
446.995,294,0.83041,0.827544,0.0677887,-0.012514
447.861,293.5,0.752529,0.749334,0.0692306,0.00230971
448.727,293,0.671314,0.667854,0.0663453,0.0152233
449.593,292.5,0.592582,0.589034,0.0589929,0.0267037
450.459,292,0.519823,0.516663,0.0488311,0.0298388
451.325,291.5,0.454876,0.452615,0.0370959,0.0259927
452.191,291,0.414693,0.413049,0.0296898,0.021897
453.057,290.5,0.39871,0.395509,0.0389642,0.0319946
453.923,290,0.379528,0.372781,0.0527693,0.0478645
454.789,289.5,0.390221,0.36165,0.0972171,0.109685
455.655,289,0.359136,0.317189,0.109663,0.127845
456.521,288.5,0.331998,0.271293,0.123141,0.146488
457.387,288,0.319104,0.239288,0.13376,0.163331
458.253,287.5,0.31116,0.209644,0.143435,0.179712
459.119,287,0.311456,0.199742,0.147337,0.188148
459.985,286.5,0.336064,0.256544,0.133736,0.170993
460.851,286,0.366526,0.307147,0.123043,0.157678
461.717,285.5,0.398543,0.351551,0.115259,0.148201
462.583,285,0.431626,0.393296,0.106188,0.142628
463.449,284.5,0.466179,0.433668,0.0952397,0.142073
464.315,284,0.500038,0.470291,0.0854994,0.146813
465.181,283.5,0.532638,0.503168,0.0769675,0.156848
466.047,283,0.563768,0.532296,0.069644,0.172177
466.913,282.5,0.593474,0.557677,0.063529,0.192801
467.779,282,0.625217,0.582399,0.0576379,0.219968
468.645,281.5,0.661988,0.611384,0.0495203,0.248968
469.512,281,0.68536,0.629931,0.0436736,0.266455
470.378,280.5,0.70887,0.647479,0.0392817,0.285877
471.244,280,0.732563,0.664028,0.0363447,0.307236
472.11,279.5,0.756501,0.679579,0.0348625,0.330532
472.976,279,0.780768,0.694131,0.0348352,0.355763
473.842,278.5,0.737321,0.651117,0.0571384,0.34121
474.708,278,0.796445,0.699372,0.0677714,0.374981
475.574,277.5,0.844908,0.750889,0.0679739,0.381333
476.44,277,0.857907,0.774238,0.0491806,0.366254
477.306,276.5,0.860357,0.785837,0.0265339,0.349243
478.172,276,0.842288,0.777714,0.00506285,0.323396
479.038,275.5,0.81698,0.762572,-0.0175734,0.292628
