x,v,vx,vy,vz
220.096,425,0.654678,0.654678,4.1602e-07,1.68033e-05
220.962,424.5,0.654677,0.654677,3.08743e-07,1.65896e-05
221.828,424,0.654677,0.654677,2.01525e-07,1.63772e-05
222.694,423.5,0.654677,0.654677,9.40852e-08,1.61662e-05
223.56,423,0.654677,0.654677,-2.76739e-09,1.59561e-05
224.426,422.5,0.654677,0.654677,-9.6907e-08,1.5748e-05
225.292,422,0.654677,0.654677,-1.90812e-07,1.55464e-05
226.158,421.5,0.654677,0.654677,-2.76696e-07,1.53459e-05
227.024,421,0.654677,0.654677,-3.58445e-07,1.51461e-05
227.89,420.5,0.654677,0.654677,-4.40254e-07,1.49475e-05
228.756,420,0.654677,0.654677,-5.06718e-07,1.47493e-05
229.622,419.5,0.654677,0.654677,-5.57924e-07,1.45514e-05
230.488,419,0.654677,0.654677,-6.08674e-07,1.43549e-05
231.355,418.5,0.654677,0.654677,-6.52192e-07,1.41602e-05
232.221,418,0.654677,0.654677,-6.82662e-07,1.39671e-05
233.087,417.5,0.654677,0.654677,-7.13296e-07,1.37755e-05
233.953,417,0.654677,0.654677,-7.37148e-07,1.35855e-05
234.819,416.5,0.654677,0.654677,-7.31578e-07,1.33971e-05
235.685,416,0.654677,0.654677,-7.26142e-07,1.32102e-05
236.551,415.5,0.654677,0.654677,-7.20465e-07,1.30245e-05
237.417,415,0.654677,0.654677,-7.03173e-07,1.28397e-05
238.283,414.5,0.654677,0.654677,-6.85382e-07,1.26564e-05
239.149,414,0.654677,0.654677,-6.67023e-07,1.24728e-05
240.015,413.5,0.654677,0.654677,-6.1903e-07,1.22888e-05
240.881,413,0.654677,0.654677,-5.66605e-07,1.21061e-05
241.747,412.5,0.654677,0.654677,-5.13996e-07,1.19247e-05
242.613,412,0.654677,0.654677,-4.58136e-07,1.17443e-05
243.479,411.5,0.654677,0.654677,-4.01395e-07,1.15655e-05
244.345,411,0.654677,0.654677,-3.43254e-07,1.13916e-05
245.211,410.5,0.654677,0.654677,-2.8665e-07,1.12186e-05
246.077,410,0.654677,0.654677,-2.31898e-07,1.10466e-05
246.943,409.5,0.654677,0.654677,-1.77505e-07,1.08759e-05
247.809,409,0.654677,0.654677,-1.21957e-07,1.07062e-05
248.675,408.5,0.654677,0.654677,-6.4872e-08,1.0538e-05
249.541,408,0.654677,0.654677,-8.42284e-09,1.03715e-05
250.407,407.5,0.654677,0.654677,5.59933e-08,1.02062e-05
251.273,407,0.654677,0.654677,1.45907e-07,1.00419e-05
252.139,406.5,0.654676,0.654676,2.36103e-07,9.87916e-06
253.005,406,0.654676,0.654676,3.29156e-07,9.71802e-06
253.871,405.5,0.654676,0.654676,4.49713e-07,9.55903e-06
254.737,405,0.654676,0.654676,5.70251e-07,9.40128e-06
255.603,404.5,0.654676,0.654676,6.90771e-07,9.24476e-06
256.469,404,0.654676,0.654676,7.79678e-07,9.08886e-06
257.335,403.5,0.654675,0.654675,8.66067e-07,8.93423e-06
258.201,403,0.654675,0.654675,9.53427e-07,8.78034e-06
259.067,402.5,0.654675,0.654675,1.03415e-06,8.62715e-06
259.933,402,0.654674,0.654674,1.11248e-06,8.47533e-06
260.799,401.5,0.654674,0.654674,1.19054e-06,8.32497e-06
261.665,401,0.654674,0.654674,1.27451e-06,8.17592e-06
262.531,400.5,0.654674,0.654674,1.3627e-06,8.02859e-06
263.397,400,0.654673,0.654673,1.4516e-06,7.88462e-06
264.263,399.5,0.654673,0.654673,1.53977e-06,7.742e-06
265.13,399,0.654672,0.654672,1.62754e-06,7.60069e-06
265.996,398.5,0.654672,0.654672,1.71579e-06,7.46078e-06
266.862,398,0.654672,0.654672,1.79442e-06,7.32224e-06
267.728,397.5,0.654671,0.654671,1.84862e-06,7.18524e-06
268.594,397,0.654671,0.654671,1.90256e-06,7.04964e-06
269.46,396.5,0.65467,0.65467,1.95308e-06,6.91533e-06
270.326,396,0.65467,0.65467,1.98199e-06,6.78223e-06
271.192,395.5,0.654669,0.654669,2.01062e-06,6.65045e-06
272.058,395,0.654669,0.654669,2.03924e-06,6.5201e-06
272.924,394.5,0.654668,0.654668,2.05977e-06,6.39157e-06
273.79,394,0.654668,0.654668,2.07984e-06,6.26442e-06
274.656,393.5,0.654667,0.654667,2.09956e-06,6.13865e-06
275.522,393,0.654667,0.654667,2.09936e-06,6.014e-06
276.388,392.5,0.654666,0.654666,2.09513e-06,5.89065e-06
277.254,392,0.654666,0.654666,2.09049e-06,5.76793e-06
278.12,391.5,0.654665,0.654665,2.07091e-06,5.64581e-06
278.986,391,0.654665,0.654665,2.04435e-06,5.52484e-06
279.852,390.5,0.654664,0.654664,2.01813e-06,5.40526e-06
280.718,390,0.654664,0.654664,1.98865e-06,5.28684e-06
281.584,389.5,0.654663,0.654663,1.9558e-06,5.16971e-06
282.45,389,0.654663,0.654663,1.92312e-06,5.05431e-06
283.316,388.5,0.654662,0.654662,1.89051e-06,4.9401e-06
284.182,388,0.654662,0.654662,1.85795e-06,4.82695e-06
285.048,387.5,0.654662,0.654662,1.82528e-06,4.71512e-06
285.914,387,0.654661,0.654661,1.79185e-06,4.60459e-06
286.78,386.5,0.654661,0.654661,1.75551e-06,4.49565e-06
287.646,386,0.65466,0.65466,1.71898e-06,4.38815e-06
288.512,385.5,0.65466,0.65466,1.68179e-06,4.28201e-06
289.378,385,0.654659,0.654659,1.63223e-06,4.17724e-06
290.244,384.5,0.654659,0.654659,1.58284e-06,4.07372e-06
291.11,384,0.654659,0.654659,1.53347e-06,3.97147e-06
291.976,383.5,0.654658,0.654658,1.46155e-06,3.8707e-06
292.842,383,0.654658,0.654658,1.38686e-06,3.77125e-06
293.708,382.5,0.654657,0.654657,1.31235e-06,3.67312e-06
294.574,382,0.654657,0.654657,1.2352e-06,3.57642e-06
295.44,381.5,0.654657,0.654657,1.15676e-06,3.4811e-06
296.306,381,0.654656,0.654656,1.07836e-06,3.38731e-06
297.172,380.5,0.654656,0.654656,9.94957e-07,3.29482e-06
298.038,380,0.654656,0.654656,9.07529e-07,3.20359e-06
298.905,379.5,0.654656,0.654656,8.19855e-07,3.11358e-06
299.771,379,0.654655,0.654655,7.42792e-07,3.02483e-06
300.637,378.5,0.654655,0.654655,6.81439e-07,2.93744e-06
301.503,378,0.654655,0.654655,6.20225e-07,2.85139e-06
302.369,377.5,0.654655,0.654655,5.61737e-07,2.76655e-06
303.235,377,0.654654,0.654654,5.11807e-07,2.68287e-06
304.101,376.5,0.654654,0.654654,4.61878e-07,2.60038e-06
304.967,376,0.654654,0.654654,4.14087e-07,2.51908e-06
305.833,375.5,0.654654,0.654654,3.85942e-07,2.4394e-06
306.699,375,0.654654,0.654654,3.57893e-07,2.36097e-06
307.565,374.5,0.654653,0.654653,3.29956e-07,2.28378e-06
308.431,374,0.654653,0.654653,3.0498e-07,2.2078e-06
309.297,373.5,0.654653,0.654653,2.80044e-07,2.13304e-06
310.163,373,0.654653,0.654653,2.5481e-07,2.05919e-06
311.029,372.5,0.654653,0.654653,2.28554e-07,1.98618e-06
311.895,372,0.654653,0.654653,2.02012e-07,1.91437e-06
312.761,371.5,0.654652,0.654652,1.75406e-07,1.84375e-06
313.627,371,0.654652,0.654652,1.45219e-07,1.77423e-06
314.493,370.5,0.654652,0.654652,1.13136e-07,1.7059e-06
315.359,370,0.654652,0.654652,8.13224e-08,1.63862e-06
316.225,369.5,0.654652,0.654652,5.90934e-08,1.57272e-06
317.091,369,0.654652,0.654652,4.79747e-08,1.50805e-06
317.957,368.5,0.654652,0.654652,3.6977e-08,1.44451e-06
318.823,368,0.654652,0.654652,2.57111e-08,1.38216e-06
319.689,367.5,0.654652,0.654652,1.37331e-08,1.32132e-06
320.555,367,0.654651,0.654651,1.97012e-09,1.26188e-06
321.421,366.5,0.654651,0.654651,-9.02515e-09,1.20375e-06
322.287,366,0.654651,0.654651,-1.64885e-08,1.14725e-06
323.153,365.5,0.654651,0.654651,-2.40389e-08,1.092e-06
324.019,365,0.654651,0.654651,-3.16909e-08,1.03803e-06
324.885,364.5,0.654651,0.654651,-3.66695e-08,9.8565e-07
325.751,364,0.654651,0.654651,-4.17389e-08,9.3447e-07
326.617,363.5,0.654651,0.654651,-4.69133e-08,8.8449e-07
327.483,363,0.654651,0.654651,-3.38177e-08,8.35716e-07
328.349,362.5,0.654651,0.654651,-1.70867e-08,7.88241e-07
329.215,362,0.654651,0.654651,-3.86813e-10,7.4186e-07
330.081,361.5,0.654651,0.654651,1.91762e-08,6.96568e-07
330.947,361,0.654651,0.654651,4.01293e-08,6.52465e-07
331.813,360.5,0.654651,0.654651,6.10761e-08,6.09547e-07
332.679,360,0.654651,0.654651,7.73826e-08,5.67864e-07
333.546,359.5,0.65465,0.65465,8.94825e-08,5.27493e-07
334.412,359,0.65465,0.65465,1.01685e-07,4.88442e-07
335.278,358.5,0.65465,0.65465,1.16372e-07,4.50621e-07
336.144,358,0.65465,0.65465,1.35277e-07,4.14043e-07
337.01,357.5,0.65465,0.65465,1.54154e-07,3.78677e-07
337.876,357,0.65465,0.65465,1.78281e-07,3.44512e-07
338.742,356.5,0.65465,0.65465,2.22467e-07,3.1153e-07
339.608,356,0.65465,0.65465,2.66639e-07,2.79788e-07
340.474,355.5,0.65465,0.65465,3.11139e-07,2.4928e-07
341.34,355,0.65465,0.65465,3.62088e-07,2.19942e-07
342.206,354.5,0.65465,0.65465,4.13094e-07,1.91824e-07
343.072,354,0.65465,0.65465,4.64112e-07,1.64959e-07
343.938,353.5,0.65465,0.65465,5.03553e-07,1.39451e-07
344.804,353,0.65465,0.65465,5.4164e-07,1.15165e-07
345.67,352.5,0.654649,0.654649,5.79734e-07,9.20998e-08
346.536,352,0.654649,0.654649,6.18762e-07,7.02347e-08
347.402,351.5,0.654649,0.654649,6.58098e-07,4.96151e-08
348.268,351,0.654649,0.654649,6.97319e-07,3.01008e-08
349.134,350.5,0.654649,0.654649,7.41849e-07,1.17542e-08
350,350,0.654649,0.654649,7.90262e-07,-5.33685e-09
350.866,349.5,0.654649,0.654649,8.38662e-07,-2.11492e-08
351.732,349,0.654648,0.654648,8.88091e-07,-3.56724e-08
352.598,348.5,0.654648,0.654648,9.38962e-07,-4.89263e-08
353.464,348,0.654648,0.654648,9.89899e-07,-6.09455e-08
354.33,347.5,0.654648,0.654648,1.03436e-06,-7.1682e-08
355.196,347,0.654648,0.654648,1.06079e-06,-8.11381e-08
356.062,346.5,0.654647,0.654647,1.08721e-06,-8.93517e-08
356.928,346,0.654647,0.654647,1.11161e-06,-9.63211e-08
357.794,345.5,0.654647,0.654647,1.11928e-06,-1.02041e-07
358.66,345,0.654647,0.654647,1.12699e-06,-1.0651e-07
359.526,344.5,0.654647,0.654647,1.13474e-06,-1.09724e-07
360.392,344,0.654646,0.654646,1.14559e-06,-1.11689e-07
361.258,343.5,0.654646,0.654646,1.15664e-06,-1.12406e-07
362.124,343,0.654646,0.654646,1.16772e-06,-1.11907e-07
362.99,342.5,0.654646,0.654646,1.15753e-06,-1.1036e-07
363.856,342,0.654645,0.654645,1.14182e-06,-1.07634e-07
364.722,341.5,0.654645,0.654645,1.12618e-06,-1.03702e-07
365.588,341,0.654645,0.654645,1.09382e-06,-9.86285e-08
366.454,340.5,0.654645,0.654645,1.05177e-06,-9.23792e-08
367.321,340,0.654645,0.654645,1.00978e-06,-8.47381e-08
368.187,339.5,0.654645,0.654645,9.65559e-07,-7.59078e-08
369.053,339,0.654644,0.654644,9.18718e-07,-6.59293e-08
369.919,338.5,0.654644,0.654644,8.71723e-07,-5.47578e-08
370.785,338,0.654644,0.654644,8.2539e-07,-4.24417e-08
371.651,337.5,0.654644,0.654644,7.80753e-07,-2.89873e-08
372.517,337,0.654644,0.654644,7.36042e-07,-1.42686e-08
373.383,336.5,0.654644,0.654644,6.90004e-07,1.67982e-09
374.249,336,0.654644,0.654644,6.37592e-07,1.89453e-08
375.115,335.5,0.654644,0.654644,5.85221e-07,3.74988e-08
375.981,335,0.654643,0.654643,5.3277e-07,5.73394e-08
376.847,334.5,0.654643,0.654643,4.55011e-07,7.82492e-08
377.713,334,0.654643,0.654643,3.77334e-07,1.0038e-07
378.579,333.5,0.654643,0.654643,2.9976e-07,1.23734e-07
379.445,333,0.654643,0.654643,1.90155e-07,1.48525e-07
380.311,332.5,0.654643,0.654643,7.48119e-08,1.74547e-07
381.177,332,0.654643,0.654643,-4.04652e-08,2.01814e-07
382.043,331.5,0.654643,0.654643,-1.43228e-07,2.30628e-07
382.909,331,0.654643,0.654643,-2.40543e-07,2.60811e-07
383.775,330.5,0.654643,0.654643,-3.38022e-07,2.92272e-07
384.641,330,0.654643,0.654643,-4.36389e-07,3.24809e-07
385.507,329.5,0.654643,0.654643,-5.35368e-07,3.58381e-07
386.373,329,0.654644,0.654644,-6.34102e-07,3.93227e-07
387.239,328.5,0.654644,0.654644,-7.29008e-07,4.29491e-07
388.105,328,0.654644,0.654644,-8.17377e-07,4.67325e-07
388.971,327.5,0.654644,0.654644,-9.058e-07,5.06384e-07
389.837,327,0.654644,0.654644,-9.95294e-07,5.46741e-07
390.703,326.5,0.654644,0.654644,-1.08856e-06,5.88709e-07
391.569,326,0.654644,0.654644,-1.18171e-06,6.31968e-07
392.435,325.5,0.654645,0.654645,-1.27294e-06,6.76404e-07
393.301,325,0.654645,0.654645,-1.33717e-06,7.22245e-07
394.167,324.5,0.654645,0.654645,-1.40146e-06,7.69256e-07
395.033,324,0.654645,0.654645,-1.4658e-06,8.17433e-07
395.899,323.5,0.654646,0.654646,-1.50725e-06,8.66738e-07
396.765,323,0.654646,0.654646,-1.54656e-06,9.17187e-07
397.631,322.5,0.654646,0.654646,-1.58614e-06,9.68776e-07
398.497,322,0.654646,0.654646,-1.60562e-06,1.02146e-06
399.363,321.5,0.654647,0.654647,-1.61799e-06,1.07532e-06
400.229,321,0.654647,0.654647,-1.63027e-06,1.13049e-06
401.095,320.5,0.654647,0.654647,-1.62863e-06,1.18691e-06
401.962,320,0.654647,0.654647,-1.61707e-06,1.24451e-06
402.828,319.5,0.654648,0.654648,-1.60537e-06,1.30332e-06
403.694,319,0.654648,0.654648,-1.57962e-06,1.36327e-06
404.56,318.5,0.654648,0.654648,-1.53555e-06,1.42429e-06
405.426,318,0.654648,0.654648,-1.49141e-06,1.48655e-06
406.292,317.5,0.654649,0.654649,-1.44633e-06,1.55006e-06
407.158,317,0.654649,0.654649,-1.39935e-06,1.61484e-06
408.024,316.5,0.654649,0.654649,-1.35234e-06,1.68086e-06
408.89,316,0.654649,0.654649,-1.30561e-06,1.74816e-06
409.756,315.5,0.65465,0.65465,-1.2612e-06,1.81709e-06
410.622,315,0.65465,0.65465,-1.21693e-06,1.88734e-06
411.488,314.5,0.65465,0.65465,-1.17283e-06,1.95881e-06
412.354,314,0.654651,0.654651,-1.13162e-06,2.03171e-06
413.22,313.5,0.654651,0.654651,-1.09033e-06,2.10585e-06
414.086,313,0.654651,0.654651,-1.04885e-06,2.18128e-06
414.952,312.5,0.654651,0.654651,-9.94831e-07,2.25853e-06
415.818,312,0.654652,0.654652,-9.37682e-07,2.33714e-06
416.684,311.5,0.654652,0.654652,-8.80499e-07,2.41704e-06
417.55,311,0.654652,0.654652,-8.16705e-07,2.49829e-06
418.416,310.5,0.654652,0.654652,-7.49686e-07,2.58084e-06
419.282,310,0.654653,0.654653,-6.82992e-07,2.66484e-06
420.148,309.5,0.654653,0.654653,-6.19274e-07,2.75016e-06
421.014,309,0.654653,0.654653,-5.59065e-07,2.83683e-06
421.88,308.5,0.654653,0.654653,-4.99116e-07,2.92485e-06
422.746,308,0.654653,0.654653,-4.30953e-07,3.01426e-06
423.612,307.5,0.654654,0.654654,-3.45542e-07,3.10501e-06
424.478,307,0.654654,0.654654,-2.6067e-07,3.19669e-06
425.344,306.5,0.654654,0.654654,-1.70281e-07,3.28957e-06
426.21,306,0.654654,0.654654,-4.98936e-08,3.38347e-06
427.076,305.5,0.654654,0.654654,7.07158e-08,3.47867e-06
427.942,305,0.654654,0.654654,1.92648e-07,3.57519e-06
428.808,304.5,0.654655,0.654655,3.89491e-07,3.67274e-06
429.674,304,0.654655,0.654655,5.86445e-07,3.77163e-06
430.54,303.5,0.654655,0.654655,7.83463e-07,3.87191e-06
431.406,303,0.654655,0.654655,9.91374e-07,3.97331e-06
432.272,302.5,0.654655,0.654655,1.20077e-06,4.07594e-06
433.138,302,0.654655,0.654655,1.41002e-06,4.17984e-06
434.004,301.5,0.654655,0.654655,1.59367e-06,4.28533e-06
434.87,301,0.654655,0.654655,1.76615e-06,4.39229e-06
435.737,300.5,0.654655,0.654655,1.93862e-06,4.50062e-06
436.603,300,0.654655,0.654655,2.07531e-06,4.61068e-06
437.469,299.5,0.654655,0.654655,2.18198e-06,4.72246e-06
438.335,299,0.654655,0.654655,2.2885e-06,4.83682e-06
439.201,298.5,0.654655,0.654655,2.35495e-06,4.95287e-06
440.067,298,0.654655,0.654655,2.35803e-06,5.0704e-06
440.933,297.5,0.654654,0.654654,2.36136e-06,5.1893e-06
441.799,297,0.654654,0.654654,2.34345e-06,5.3096e-06
442.665,296.5,0.654654,0.654654,2.25235e-06,5.43119e-06
443.531,296,0.654654,0.654654,2.16088e-06,5.55376e-06
444.397,295.5,0.654654,0.654654,2.06492e-06,5.67778e-06
445.263,295,0.654654,0.654654,1.90887e-06,5.80308e-06
446.129,294.5,0.654654,0.654654,1.75248e-06,5.9298e-06
446.995,294,0.654654,0.654654,1.59575e-06,6.05794e-06
447.861,293.5,0.654654,0.654654,1.42693e-06,6.18773e-06
448.727,293,0.654654,0.654654,1.25683e-06,6.31901e-06
449.593,292.5,0.654654,0.654654,1.08654e-06,6.45173e-06
450.459,292,0.654654,0.654654,9.23744e-07,6.58567e-06
451.325,291.5,0.654654,0.654654,7.63784e-07,6.72095e-06
452.191,291,0.654654,0.654654,6.04126e-07,6.85753e-06
453.057,290.5,0.654654,0.654654,4.53604e-07,6.99491e-06
453.923,290,0.654654,0.654654,3.0962e-07,7.13351e-06
454.789,289.5,0.654654,0.654654,1.65857e-07,7.27362e-06
455.655,289,0.654654,0.654654,3.76543e-08,7.41469e-06
456.521,288.5,0.654654,0.654654,-7.10415e-08,7.55636e-06
457.387,288,0.654654,0.654654,-1.79399e-07,7.70063e-06
458.253,287.5,0.654654,0.654654,-2.73617e-07,7.84651e-06
459.119,287,0.654655,0.654655,-3.3294e-07,7.99388e-06
459.985,286.5,0.654655,0.654655,-3.93733e-07,8.14289e-06
460.851,286,0.654655,0.654655,-4.59665e-07,8.29353e-06
461.717,285.5,0.654655,0.654655,-5.50393e-07,8.4447e-06
462.583,285,0.654655,0.654655,-6.40245e-07,8.59627e-06
463.449,284.5,0.654655,0.654655,-7.30422e-07,8.74921e-06
464.315,284,0.654656,0.654656,-8.68576e-07,8.90394e-06
465.181,283.5,0.654656,0.654656,-1.00828e-06,9.06015e-06
466.047,283,0.654656,0.654656,-1.148e-06,9.21783e-06
466.913,282.5,0.654656,0.654656,-1.324e-06,9.37787e-06
467.779,282,0.654657,0.654657,-1.50798e-06,9.53936e-06
468.645,281.5,0.654657,0.654657,-1.69156e-06,9.70221e-06
469.512,281,0.654657,0.654657,-1.87061e-06,9.86711e-06
470.378,280.5,0.654658,0.654658,-2.04777e-06,1.0034e-05
471.244,280,0.654658,0.654658,-2.22496e-06,1.02027e-05
472.11,279.5,0.654659,0.654659,-2.41852e-06,1.03734e-05
472.976,279,0.654659,0.654659,-2.62953e-06,1.05461e-05
473.842,278.5,0.65466,0.65466,-2.84109e-06,1.07204e-05
474.708,278,0.65466,0.65466,-3.04648e-06,1.08962e-05
475.574,277.5,0.654661,0.654661,-3.23845e-06,1.10736e-05
476.44,277,0.654661,0.654661,-3.42981e-06,1.1255e-05
477.306,276.5,0.654662,0.654662,-3.61948e-06,1.14379e-05
478.172,276,0.654663,0.654663,-3.80068e-06,1.1622e-05
479.038,275.5,0.654663,0.654663,-3.98137e-06,1.18076e-05
