x,v,vx,vy,vz
220.096,425,0.60442,0.604295,-0.000545741,0.0123025
220.962,424.5,0.603806,0.603683,-0.000340141,0.0121911
221.828,424,0.603184,0.603063,-0.000136546,0.0120771
222.694,423.5,0.602558,0.602439,6.39324e-05,0.0119602
223.56,423,0.601695,0.601578,0.000298307,0.0118613
224.426,422.5,0.600778,0.600662,0.000537947,0.0117742
225.292,422,0.599933,0.599818,0.000811443,0.0117115
226.158,421.5,0.598864,0.59875,0.00112996,0.0116591
227.024,421,0.597653,0.597538,0.00147925,0.0116169
227.89,420.5,0.596414,0.596299,0.00184322,0.0115812
228.756,420,0.594975,0.594858,0.00223243,0.0115634
229.622,419.5,0.593351,0.593233,0.00261846,0.0115585
230.488,419,0.591737,0.591617,0.00299357,0.0115563
231.355,418.5,0.589978,0.589855,0.00338523,0.0115797
232.221,418,0.587937,0.58781,0.00379652,0.0116395
233.087,417.5,0.585886,0.585754,0.00422533,0.0117136
233.953,417,0.583771,0.583633,0.0046588,0.0118094
234.819,416.5,0.58146,0.581316,0.00513512,0.0119183
235.685,416,0.579128,0.578976,0.00561981,0.0120108
236.551,415.5,0.576762,0.576603,0.00611164,0.0120871
237.417,415,0.574074,0.573907,0.00660075,0.0121388
238.283,414.5,0.571351,0.571178,0.0070693,0.012167
239.149,414,0.568633,0.568454,0.00747005,0.012164
240.015,413.5,0.56589,0.565706,0.00785395,0.0121143
240.881,413,0.563121,0.562933,0.00823276,0.012024
241.747,412.5,0.560331,0.560139,0.00860079,0.0118941
242.613,412,0.557412,0.557213,0.00917287,0.0117415
243.479,411.5,0.554426,0.554219,0.00981538,0.0115442
244.345,411,0.551447,0.551233,0.0104543,0.0112588
245.211,410.5,0.548379,0.548151,0.0114079,0.0109687
246.077,410,0.545237,0.544988,0.0125994,0.0106436
246.943,409.5,0.542074,0.541802,0.0137779,0.0102467
247.809,409,0.538667,0.538363,0.0152237,0.00980914
248.675,408.5,0.535044,0.53469,0.0171106,0.0093197
249.541,408,0.531548,0.531136,0.0190215,0.00870695
250.407,407.5,0.527864,0.527395,0.0207497,0.00796317
251.273,407,0.523498,0.522993,0.0218809,0.00705204
252.139,406.5,0.519149,0.518603,0.0230285,0.0060224
253.005,406,0.514794,0.514206,0.0241071,0.00487441
253.871,405.5,0.510186,0.509596,0.0242555,0.0035816
254.737,405,0.505679,0.505088,0.0243454,0.00220691
255.603,404.5,0.501274,0.500681,0.0243767,0.000750329
256.469,404,0.496052,0.495487,0.0236162,-0.00141899
257.335,403.5,0.490928,0.490387,0.0227306,-0.00377659
258.201,403,0.48615,0.485618,0.0218684,-0.00621551
259.067,402.5,0.481065,0.480544,0.0205203,-0.00896
259.933,402,0.476128,0.475599,0.0190233,-0.0119296
260.799,401.5,0.471531,0.470964,0.0175374,-0.0150649
261.665,401,0.467109,0.466453,0.0158312,-0.0190098
262.531,400.5,0.462902,0.462101,0.013989,-0.0233515
263.397,400,0.459169,0.458214,0.0121986,-0.0269605
264.263,399.5,0.456485,0.455311,0.0100974,-0.0311183
265.13,399,0.455082,0.453588,0.00793113,-0.0359827
265.996,398.5,0.454372,0.452477,0.00593982,-0.0410181
266.862,398,0.454447,0.451966,0.00450414,-0.0472029
267.728,397.5,0.455461,0.452124,0.0040877,-0.0548784
268.594,397,0.456994,0.452763,0.00357434,-0.0619445
269.46,396.5,0.459392,0.454202,0.00312598,-0.0687904
270.326,396,0.465158,0.458986,0.00360128,-0.0754356
271.192,395.5,0.472622,0.465486,0.00489272,-0.0816725
272.058,395,0.481479,0.473452,0.00650436,-0.0873089
272.924,394.5,0.487097,0.476937,-0.000450837,-0.0989665
273.79,394,0.493344,0.481019,-0.00429591,-0.109504
274.656,393.5,0.50011,0.485768,-0.00489951,-0.118811
275.522,393,0.519407,0.504029,-0.00370118,-0.125398
276.388,392.5,0.541311,0.524975,-0.00188323,-0.131965
277.254,392,0.560975,0.544311,-0.000637631,-0.13571
278.12,391.5,0.570805,0.55352,-0.0170671,-0.138359
278.986,391,0.575786,0.556996,-0.0419652,-0.139726
279.852,390.5,0.580249,0.559404,-0.0662566,-0.139163
280.718,390,0.616177,0.592277,-0.0686121,-0.155481
281.584,389.5,0.682657,0.654041,-0.0498026,-0.18913
282.45,389,0.744572,0.710872,-0.0295144,-0.219492
283.316,388.5,0.781873,0.747614,-0.0103266,-0.228675
284.182,388,0.783628,0.75685,0.000863887,-0.203102
285.048,387.5,0.786817,0.765509,0.0114643,-0.181509
285.914,387,0.791629,0.774024,0.0201239,-0.164797
286.78,386.5,0.79635,0.779866,0.0111111,-0.160804
287.646,386,0.801262,0.784518,-0.00113353,-0.162946
288.512,385.5,0.806689,0.78856,-0.0138514,-0.169491
289.378,385,0.804058,0.787728,-0.0124053,-0.160748
290.244,384.5,0.804721,0.789408,-0.00319872,-0.156208
291.11,384,0.810953,0.796857,0.0188586,-0.14936
291.976,383.5,0.815429,0.802954,0.044564,-0.134917
292.842,383,0.827929,0.81745,0.0603717,-0.116609
293.708,382.5,0.849812,0.841943,0.0668633,-0.0940315
294.574,382,0.865308,0.859452,0.0748082,-0.067103
295.44,381.5,0.877015,0.871612,0.0858888,-0.0455139
296.306,381,0.871934,0.867671,0.0820963,-0.0259854
297.172,380.5,0.880655,0.879117,0.0517072,0.00564497
298.038,380,0.90305,0.901901,0.00832764,0.0447726
298.905,379.5,0.93136,0.927419,-0.0316547,0.0795265
299.771,379,0.958508,0.949548,-0.0605696,0.115876
300.637,378.5,0.975062,0.960496,-0.0618774,0.156095
301.503,378,0.981743,0.961546,-0.0481696,0.19217
302.369,377.5,0.986022,0.960725,-0.0316766,0.219646
303.235,377,0.988672,0.960204,-0.0187743,0.234797
304.101,376.5,0.996165,0.964832,-0.012891,0.247542
304.967,376,1.00506,0.971995,-0.0130204,0.255331
305.833,375.5,0.946885,0.916157,0.0048321,0.239215
306.699,375,0.867267,0.839221,0.0259408,0.217229
307.565,374.5,0.808678,0.782749,0.0401737,0.199124
308.431,374,0.705386,0.684499,0.0591744,0.159777
309.297,373.5,0.617499,0.598854,-0.00183057,0.150583
310.163,373,0.551206,0.529878,-0.0569321,0.140768
311.029,372.5,0.513256,0.480988,-0.0819084,0.159291
311.895,372,0.495398,0.452279,-0.0841341,0.183806
312.761,371.5,0.493904,0.44119,-0.0730597,0.209654
313.627,371,0.466198,0.410107,-0.0256698,0.220214
314.493,370.5,0.418719,0.353186,0.0394216,0.22143
315.359,370,0.43555,0.385286,0.0587116,0.194452
316.225,369.5,0.454231,0.422412,0.0615952,0.155241
317.091,369,0.462814,0.436968,0.0651601,0.137877
317.957,368.5,0.470109,0.436421,0.0780331,0.156364
318.823,368,0.467185,0.420033,0.0950068,0.18113
319.689,367.5,0.439032,0.415141,0.09451,0.107119
320.555,367,0.438414,0.430261,0.0836281,0.0094322
321.421,366.5,0.460389,0.450953,0.06543,-0.0657098
322.287,366,0.53183,0.514497,0.0182936,-0.133424
323.153,365.5,0.569311,0.543686,0.00752506,-0.168713
324.019,365,0.564382,0.535535,0.0318913,-0.17525
324.885,364.5,0.561588,0.50458,0.01859,-0.245836
325.751,364,0.56027,0.473923,0.0126202,-0.298563
326.617,363.5,0.554849,0.443425,0.0141925,-0.333212
327.483,363,0.552072,0.427864,0.014165,-0.348591
328.349,362.5,0.550192,0.41795,0.0228336,-0.357082
329.215,362,0.542629,0.401131,0.032637,-0.363972
330.081,361.5,0.539012,0.37836,0.0422225,-0.381569
330.947,361,0.550473,0.358584,0.0586396,-0.413521
331.813,360.5,0.578535,0.343213,0.0817688,-0.458498
332.679,360,0.605355,0.326,0.105527,-0.499041
333.546,359.5,0.615146,0.30379,0.123861,-0.520361
334.412,359,0.592144,0.291986,0.124683,-0.499833
335.278,358.5,0.567223,0.283805,0.12293,-0.475484
336.144,358,0.540878,0.244327,0.159215,-0.455526
337.01,357.5,0.476492,0.221946,0.179013,-0.381758
337.876,357,0.464894,0.210977,0.156896,-0.383404
338.742,356.5,0.436857,0.195052,0.126426,-0.369885
339.608,356,0.455032,0.259231,0.0898411,-0.363019
340.474,355.5,0.451997,0.273426,0.0738138,-0.352265
341.34,355,0.448532,0.31559,0.056812,-0.313618
342.206,354.5,0.452099,0.364023,0.037662,-0.265447
343.072,354,0.479119,0.427944,0.0144751,-0.214965
343.938,353.5,0.56551,0.524571,-0.00111916,-0.211248
344.804,353,0.631718,0.612545,0.00639024,-0.154322
345.67,352.5,0.694787,0.678277,0.0379014,-0.145714
346.536,352,0.730641,0.710808,0.0980688,-0.137733
347.402,351.5,0.736915,0.707756,0.148825,-0.141337
348.268,351,0.706284,0.669289,0.19072,-0.120479
349.134,350.5,0.65277,0.610826,0.221602,-0.0623874
350,350,0.579859,0.53557,0.221292,-0.0207693
350.866,349.5,0.485548,0.440857,0.202593,-0.0189003
351.732,349,0.368508,0.339269,0.0934958,-0.10933
352.598,348.5,0.354506,0.25124,0.0101216,-0.249902
353.464,348,0.427628,0.125554,-0.032655,-0.407475
354.33,347.5,0.453514,0.0851565,-0.0667096,-0.440424
355.196,347,0.400084,0.0977717,-0.114376,-0.37071
356.062,346.5,0.321814,0.179877,-0.144604,-0.224272
356.928,346,0.358125,0.285715,-0.193438,-0.09593
357.794,345.5,0.469567,0.415242,-0.217963,0.0236493
358.66,345,0.586983,0.543261,-0.176688,0.134898
359.526,344.5,0.680987,0.635312,-0.0942206,0.226372
360.392,344,0.775162,0.712589,-0.0205041,0.304424
361.258,343.5,0.839584,0.757871,0.0174823,0.36087
362.124,343,0.893247,0.797549,0.0316119,0.401007
362.99,342.5,0.925778,0.82046,0.0363118,0.427307
363.856,342,0.909981,0.803166,0.0290823,0.426783
364.722,341.5,0.90157,0.794586,0.0337388,0.424644
365.588,341,0.875864,0.771428,0.0339962,0.413378
366.454,340.5,0.842458,0.743833,0.0339206,0.394078
367.321,340,0.810268,0.719711,0.0341103,0.370657
368.187,339.5,0.784867,0.700711,0.0300926,0.352298
369.053,339,0.767941,0.688231,0.0219024,0.339988
369.919,338.5,0.757319,0.680199,0.0129747,0.332705
370.785,338,0.75481,0.67854,0.00492574,0.330601
371.651,337.5,0.760696,0.685614,0.000497445,0.329532
372.517,337,0.767496,0.694383,-0.00176503,0.326923
373.383,336.5,0.773178,0.701492,-0.00259202,0.325125
374.249,336,0.777354,0.706254,-0.00129345,0.32478
375.115,335.5,0.78078,0.709971,-1.53112e-05,0.324899
375.981,335,0.783451,0.712643,0.00123632,0.325476
376.847,334.5,0.780308,0.709533,0.000214717,0.324722
377.713,334,0.776499,0.705748,-0.00150979,0.323835
378.579,333.5,0.772452,0.701739,-0.00387788,0.322845
379.445,333,0.769582,0.699215,-0.00652849,0.321422
380.311,332.5,0.767112,0.697055,-0.00948664,0.320134
381.177,332,0.764935,0.694961,-0.0126067,0.319366
382.043,331.5,0.762513,0.692742,-0.0131875,0.318372
382.909,331,0.759713,0.690278,-0.0125202,0.317053
383.775,330.5,0.75669,0.687606,-0.0114825,0.315669
384.641,330,0.752813,0.684221,-0.00991326,0.3138
385.507,329.5,0.748258,0.68024,-0.00800701,0.311609
386.373,329,0.745634,0.678654,-0.00723155,0.308781
387.239,328.5,0.742873,0.677077,-0.00685638,0.305582
388.105,328,0.73985,0.675449,-0.0070197,0.301822
388.971,327.5,0.737073,0.674055,-0.0072103,0.298119
389.837,327,0.734501,0.672931,-0.00751561,0.294277
390.703,326.5,0.732112,0.672233,-0.0080329,0.289872
391.569,326,0.730002,0.671623,-0.0083971,0.28593
392.435,325.5,0.727974,0.670931,-0.00868672,0.282352
393.301,325,0.726273,0.670544,-0.00877081,0.278865
394.167,324.5,0.724607,0.67004,-0.00867685,0.275729
395.033,324,0.722937,0.669402,-0.00844067,0.272888
395.899,323.5,0.720904,0.66876,-0.00874414,0.269048
396.765,323,0.718793,0.667968,-0.00900629,0.265333
397.631,322.5,0.716559,0.666975,-0.00923751,0.261755
398.497,322,0.714419,0.666036,-0.00952871,0.258263
399.363,321.5,0.712192,0.664914,-0.00969285,0.254977
400.229,321,0.709616,0.663193,-0.00942387,0.252272
401.095,320.5,0.707043,0.661364,-0.00903206,0.249852
401.962,320,0.704505,0.659569,-0.00870006,0.247426
402.828,319.5,0.701852,0.65763,-0.00833868,0.245051
403.694,319,0.699155,0.65564,-0.00793633,0.242675
404.56,318.5,0.696472,0.653723,-0.00757381,0.240129
405.426,318,0.694235,0.652486,-0.00736623,0.237004
406.292,317.5,0.691913,0.65115,-0.00708857,0.233874
407.158,317,0.68947,0.649697,-0.00678231,0.230686
408.024,316.5,0.68693,0.648137,-0.00647808,0.227484
408.89,316,0.684307,0.646483,-0.00619994,0.224271
409.756,315.5,0.682491,0.645707,-0.00607255,0.220951
410.622,315,0.681039,0.645335,-0.00591825,0.217537
411.488,314.5,0.679518,0.644885,-0.00575902,0.214091
412.354,314,0.678132,0.644531,-0.00553021,0.210742
413.22,313.5,0.676659,0.64408,-0.00529195,0.207365
414.086,313,0.675094,0.643527,-0.00503776,0.20396
414.952,312.5,0.673461,0.642845,-0.00454185,0.2007
415.818,312,0.671712,0.642047,-0.00396589,0.197374
416.684,311.5,0.66984,0.641144,-0.0033538,0.193932
417.55,311,0.667723,0.63997,-0.00262017,0.190487
418.416,310.5,0.665374,0.638559,-0.00179728,0.186982
419.282,310,0.661907,0.63592,-0.00102988,0.183648
420.148,309.5,0.657827,0.632627,-0.000405604,0.180331
421.014,309,0.653548,0.629157,0.000141055,0.17688
421.88,308.5,0.64925,0.625708,0.000714471,0.17325
422.746,308,0.64487,0.622211,0.00121658,0.169437
423.612,307.5,0.639872,0.618053,0.00149303,0.165667
424.478,307,0.633488,0.612291,0.00156297,0.162496
425.344,306.5,0.627335,0.606774,0.00164183,0.159287
426.21,306,0.621464,0.601563,0.00169427,0.156001
427.076,305.5,0.61588,0.596654,0.00173125,0.152675
427.942,305,0.610583,0.592045,0.00175181,0.149303
428.808,304.5,0.605199,0.587247,0.00157731,0.146301
429.674,304,0.599858,0.582449,0.00135561,0.143459
430.54,303.5,0.594625,0.57777,0.00112241,0.140569
431.406,303,0.589617,0.57337,0.000927874,0.137456
432.272,302.5,0.584795,0.569174,0.000710084,0.134256
433.138,302,0.580209,0.565214,0.000344658,0.131054
434.004,301.5,0.576309,0.561856,-0.000330473,0.128257
434.87,301,0.57292,0.558951,-0.00103842,0.125741
435.737,300.5,0.569927,0.556399,-0.00177992,0.123426
436.603,300,0.567703,0.554529,-0.00253933,0.121562
437.469,299.5,0.566205,0.553312,-0.00326295,0.120096
438.335,299,0.56578,0.553124,-0.00371284,0.118942
439.201,298.5,0.565768,0.553319,-0.00403219,0.117967
440.067,298,0.566027,0.553758,-0.00425107,0.117134
440.933,297.5,0.566324,0.554231,-0.00443678,0.116323
441.799,297,0.56666,0.554742,-0.0045836,0.115516
442.665,296.5,0.567297,0.555582,-0.00467669,0.114594
443.531,296,0.568407,0.55692,-0.00472569,0.113596
444.397,295.5,0.569458,0.558189,-0.0047645,0.112627
445.263,295,0.570453,0.559401,-0.00494564,0.111637
446.129,294.5,0.571416,0.560568,-0.00516116,0.110693
446.995,294,0.572344,0.561688,-0.00541106,0.109795
447.861,293.5,0.573474,0.563047,-0.00575579,0.108705
448.727,293,0.574583,0.564374,-0.00611958,0.107654
449.593,292.5,0.575645,0.565638,-0.00649395,0.106671
450.459,292,0.576782,0.566974,-0.00690559,0.105688
451.325,291.5,0.57793,0.568314,-0.00733667,0.104732
452.191,291,0.578743,0.569316,-0.00773003,0.103745
453.057,290.5,0.5792,0.569979,-0.00800118,0.102627
453.923,290,0.579664,0.57065,-0.0082257,0.101497
454.789,289.5,0.580041,0.571222,-0.00843019,0.100409
455.655,289,0.580375,0.571758,-0.00850719,0.0992759
456.521,288.5,0.580699,0.572298,-0.00844342,0.098058
457.387,288,0.580786,0.572647,-0.008078,0.0965537
458.253,287.5,0.580625,0.572747,-0.00770285,0.0950157
459.119,287,0.580218,0.572613,-0.00735446,0.0933474
459.985,286.5,0.579635,0.572288,-0.00704108,0.091721
460.851,286,0.578877,0.571781,-0.00675791,0.0901127
461.717,285.5,0.578618,0.571812,-0.0064202,0.0882471
462.583,285,0.578867,0.572366,-0.00602623,0.0863041
463.449,284.5,0.578962,0.572745,-0.00563041,0.0844318
464.315,284,0.578922,0.57299,-0.00524418,0.0824923
465.181,283.5,0.578766,0.573105,-0.00488018,0.0806056
466.047,283,0.57851,0.573104,-0.00454051,0.0787735
466.913,282.5,0.579244,0.574117,-0.00439,0.0767724
467.779,282,0.579987,0.575125,-0.00427719,0.0748218
468.645,281.5,0.580726,0.576112,-0.00419504,0.0729395
469.512,281,0.581561,0.577179,-0.00417689,0.0711299
470.378,280.5,0.582463,0.578301,-0.00418944,0.0693855
471.244,280,0.583182,0.579217,-0.00420866,0.0677614
472.11,279.5,0.58385,0.580057,-0.00426929,0.0663042
472.976,279,0.584647,0.581011,-0.00437223,0.0649534
473.842,278.5,0.585491,0.582002,-0.00449252,0.0636627
474.708,278,0.586417,0.583063,-0.00461704,0.0624598
475.574,277.5,0.587409,0.584175,-0.0047285,0.0613636
476.44,277,0.587906,0.584777,-0.00484942,0.060383
477.306,276.5,0.588427,0.585395,-0.00497641,0.0594569
478.172,276,0.588984,0.586038,-0.00505928,0.058617
479.038,275.5,0.589576,0.586714,-0.00514642,0.0578008
