x,v,vx,vy,vz
220.096,425,0.586684,0.584323,-0.00410973,-0.0524159
220.962,424.5,0.583922,0.5817,-0.0040301,-0.0507376
221.828,424,0.581037,0.578937,-0.00404253,-0.049185
222.694,423.5,0.578038,0.576046,-0.00414826,-0.0477649
223.56,423,0.574464,0.572573,-0.00427575,-0.046385
224.426,422.5,0.570706,0.568899,-0.00445524,-0.0451686
225.292,422,0.565469,0.563689,-0.00457365,-0.0445911
226.158,421.5,0.559363,0.557595,-0.00467197,-0.0441885
227.024,421,0.552781,0.55101,-0.00475081,-0.0439498
227.89,420.5,0.545932,0.544145,-0.00480897,-0.0438836
228.756,420,0.538713,0.536894,-0.00473062,-0.0439806
229.622,419.5,0.532645,0.530779,-0.0044692,-0.0443192
230.488,419,0.528126,0.526204,-0.00418158,-0.0448255
231.355,418.5,0.523391,0.521405,-0.00386552,-0.0453891
232.221,418,0.518526,0.516465,-0.00345857,-0.0460485
233.087,417.5,0.513709,0.511562,-0.00310799,-0.0468134
233.953,417,0.508954,0.506707,-0.00281623,-0.0476856
234.819,416.5,0.510771,0.508457,-0.00268406,-0.0484932
235.685,416,0.512767,0.51039,-0.0026271,-0.0492429
236.551,415.5,0.514845,0.512411,-0.00263645,-0.0499294
237.417,415,0.517275,0.514811,-0.00255508,-0.0503666
238.283,414.5,0.519927,0.517433,-0.00268659,-0.0507861
239.149,414,0.524253,0.521773,-0.00292952,-0.0508468
240.015,413.5,0.529996,0.527634,-0.00269354,-0.0499079
240.881,413,0.535595,0.533365,-0.0024014,-0.0487641
241.747,412.5,0.54103,0.538937,-0.00211617,-0.0474962
242.613,412,0.545914,0.544007,-0.00147806,-0.0455624
243.479,411.5,0.550389,0.548671,-0.000569733,-0.0434594
244.345,411,0.553058,0.551428,0.000957189,-0.0424288
245.211,410.5,0.554728,0.553196,0.00242003,-0.04112
246.077,410,0.555402,0.553969,0.00385465,-0.0396885
246.943,409.5,0.555423,0.554066,0.00537158,-0.0384292
247.809,409,0.554425,0.553128,0.00689892,-0.0372741
248.675,408.5,0.551481,0.550222,0.00817879,-0.0363378
249.541,408,0.547838,0.546596,0.00932718,-0.0356778
250.407,407.5,0.543876,0.542641,0.0104303,-0.0351241
251.273,407,0.539047,0.53782,0.0113672,-0.0345299
252.139,406.5,0.534202,0.532974,0.0122987,-0.0340447
253.005,406,0.529082,0.527851,0.0132178,-0.0335587
253.871,405.5,0.521678,0.520496,0.0141197,-0.0321359
254.737,405,0.514298,0.513159,0.0151138,-0.0306877
255.603,404.5,0.506942,0.50584,0.0162001,-0.0292141
256.469,404,0.49859,0.49756,0.016779,-0.027284
257.335,403.5,0.490093,0.489132,0.0172343,-0.0253787
258.201,403,0.481278,0.480358,0.0175379,-0.0240119
259.067,402.5,0.471632,0.470741,0.0176627,-0.0229677
259.933,402,0.461679,0.46081,0.0177758,-0.0220512
260.799,401.5,0.451591,0.450733,0.0179254,-0.0212887
261.665,401,0.440726,0.439818,0.0195279,-0.0204495
262.531,400.5,0.429461,0.428454,0.0220204,-0.0194713
263.397,400,0.41931,0.418211,0.0241108,-0.0184243
264.263,399.5,0.40817,0.40695,0.0264327,-0.0171986
265.13,399,0.39572,0.394352,0.0289691,-0.0155451
265.996,398.5,0.383326,0.38179,0.0313129,-0.0139392
266.862,398,0.37104,0.369425,0.0324482,-0.0119519
267.728,397.5,0.36042,0.358951,0.0314219,-0.00832094
268.594,397,0.350325,0.348968,0.0305301,-0.00410445
269.46,396.5,0.340551,0.339271,0.02949,0.000634879
270.326,396,0.333219,0.332024,0.0274273,0.00654321
271.192,395.5,0.325566,0.324316,0.025397,0.0129593
272.058,395,0.317227,0.315754,0.0235503,0.0194404
272.924,394.5,0.306945,0.304682,0.0270656,0.025533
273.79,394,0.295564,0.292314,0.0306333,0.0311788
274.656,393.5,0.283089,0.278655,0.0341825,0.0363621
275.522,393,0.266621,0.260192,0.0351139,0.0464099
276.388,392.5,0.249345,0.239672,0.0346306,0.0594216
277.254,392,0.23508,0.220704,0.0293609,0.0754328
278.12,391.5,0.224447,0.203245,0.0131545,0.0943119
278.986,391,0.215952,0.181289,-0.0112058,0.116807
279.852,390.5,0.21319,0.153226,-0.0403594,0.142628
280.718,390,0.256075,0.124671,-0.0775025,0.209821
281.584,389.5,0.36176,0.0892541,-0.123578,0.328074
282.45,389,0.488782,0.027552,-0.164024,0.459614
283.316,388.5,0.604985,-0.00323557,-0.157997,0.583981
284.182,388,0.92322,-0.0302934,0.00165061,0.922721
285.048,387.5,1.23929,-0.0775647,0.195373,1.22133
285.914,387,1.19637,-0.0850808,0.353555,1.13976
286.78,386.5,1.08264,-0.106664,0.435549,0.985409
287.646,386,0.846573,-0.138478,0.424646,0.719156
288.512,385.5,0.605587,-0.244411,0.372785,0.409914
289.378,385,0.521045,-0.383109,0.32149,0.146147
290.244,384.5,0.573906,-0.50103,0.275305,0.0504435
291.11,384,0.671356,-0.58927,0.279287,0.159621
291.976,383.5,0.80345,-0.670001,0.29732,0.328985
292.842,383,0.756037,-0.61668,0.164792,0.405143
293.708,382.5,0.580003,-0.410232,0.00501012,0.409986
294.574,382,0.633826,-0.444461,-0.135278,0.431149
295.44,381.5,0.764217,-0.580346,-0.261909,0.422646
296.306,381,0.771705,-0.589849,-0.373759,0.328498
297.172,380.5,0.72904,-0.565397,-0.406292,0.216224
298.038,380,0.618801,-0.518701,-0.302109,0.150314
298.905,379.5,0.440349,-0.412691,-0.120467,0.0952951
299.771,379,0.377838,-0.373075,0.026213,0.0537492
300.637,378.5,0.368504,-0.314806,0.176166,0.0752183
301.503,378,0.469602,-0.245895,0.338924,0.212583
302.369,377.5,0.578791,-0.281243,0.371289,0.343578
303.235,377,0.684388,-0.33309,0.354141,0.481688
304.101,376.5,0.768654,-0.399231,0.234488,0.613563
304.967,376,0.693307,-0.39258,-0.00785423,0.571396
305.833,375.5,0.662089,-0.354106,-0.243867,0.503487
306.699,375,0.564628,-0.164766,-0.334866,0.423699
307.565,374.5,0.493049,0.0679832,-0.348538,0.342048
308.431,374,0.574215,0.210494,-0.394774,0.359956
309.297,373.5,0.663226,0.335912,-0.439009,0.366474
310.163,373,0.720621,0.431902,-0.457245,0.351685
311.029,372.5,0.712293,0.468829,-0.409726,0.345956
311.895,372,0.694268,0.494324,-0.350697,0.33862
312.761,371.5,0.675367,0.517925,-0.290167,0.321991
313.627,371,0.647,0.537359,-0.233198,0.274722
314.493,370.5,0.621064,0.549427,-0.179724,0.227046
315.359,370,0.62836,0.564215,-0.132028,0.243034
316.225,369.5,0.65559,0.606687,-0.112636,0.221456
317.091,369,0.700771,0.67015,-0.135171,0.15397
317.957,368.5,0.755685,0.732098,-0.167282,0.0843101
318.823,368,0.775526,0.74995,-0.19544,-0.0286282
319.689,367.5,0.735637,0.659426,-0.191269,-0.264073
320.555,367,0.957922,0.760884,-0.32845,-0.480407
321.421,366.5,1.03973,0.690809,-0.321863,-0.707266
322.287,366,1.11367,0.640903,-0.288825,-0.863759
323.153,365.5,1.13663,0.593757,-0.237889,-0.939563
324.019,365,1.10161,0.605354,-0.171127,-0.904332
324.885,364.5,1.0838,0.637807,-0.147245,-0.863794
325.751,364,0.957994,0.480651,-0.231346,-0.795743
326.617,363.5,0.9413,0.502357,-0.274281,-0.747298
327.483,363,0.947799,0.537242,-0.310451,-0.716459
328.349,362.5,0.960934,0.573985,-0.340469,-0.691386
329.215,362,0.948525,0.583073,-0.343906,-0.66442
330.081,361.5,0.920391,0.563399,-0.309186,-0.658867
330.947,361,0.904702,0.537687,-0.272585,-0.674594
331.813,360.5,0.909353,0.513397,-0.242975,-0.710148
332.679,360,0.926963,0.49659,-0.231787,-0.747619
333.546,359.5,0.928605,0.483417,-0.238321,-0.756187
334.412,359,0.897222,0.444663,-0.246755,-0.739185
335.278,358.5,0.889025,0.425715,-0.25075,-0.739092
336.144,358,0.887524,0.433238,-0.214727,-0.744242
337.01,357.5,0.901822,0.462295,-0.175344,-0.754202
337.876,357,0.920409,0.501697,-0.132191,-0.76025
338.742,356.5,0.873906,0.511243,-0.108478,-0.700411
339.608,356,0.910749,0.605405,-0.0848898,-0.675086
340.474,355.5,0.894424,0.602055,-0.0838504,-0.65612
341.34,355,0.868453,0.588871,-0.0996477,-0.630486
342.206,354.5,0.822441,0.56112,-0.120155,-0.589166
343.072,354,0.786893,0.529375,-0.126138,-0.568376
343.938,353.5,0.755676,0.487692,-0.125141,-0.56351
344.804,353,0.72111,0.426579,-0.123681,-0.568096
345.67,352.5,0.691667,0.359939,-0.116984,-0.578932
346.536,352,0.666315,0.26351,-0.0969285,-0.604271
347.402,351.5,0.691652,0.148225,-0.048356,-0.67385
348.268,351,0.740396,0.0323996,0.0232014,-0.739322
349.134,350.5,0.769298,-0.04593,0.0838169,-0.763338
350,350,0.618742,0.0265108,0.133633,-0.603557
350.866,349.5,0.442384,0.169464,0.193122,-0.360125
351.732,349,0.48713,0.401454,0.27114,-0.0511151
352.598,348.5,0.691684,0.601323,0.282084,0.193044
353.464,348,0.854863,0.731934,0.253083,0.361957
354.33,347.5,0.926293,0.80443,0.173806,0.425092
355.196,347,0.981653,0.857316,0.104194,0.466685
356.062,346.5,1.04349,0.908635,0.0491527,0.510717
356.928,346,1.08272,0.93549,0.00575549,0.545078
357.794,345.5,1.09387,0.956729,-0.0114792,0.530179
358.66,345,1.08844,0.96387,-0.0250623,0.505009
359.526,344.5,1.07302,0.958822,-0.0396564,0.480065
360.392,344,1.06282,0.955782,-0.030667,0.463818
361.258,343.5,1.05785,0.956891,-0.0143923,0.450782
362.124,343,1.05676,0.957778,0.0011359,0.446547
362.99,342.5,1.0453,0.942804,-0.0213795,0.450899
363.856,342,1.03876,0.933471,-0.0371015,0.45417
364.722,341.5,1.03923,0.932427,-0.0383058,0.457287
365.588,341,1.0307,0.926125,-0.0445536,0.450169
366.454,340.5,1.01112,0.911659,-0.0631892,0.432719
367.321,340,0.993937,0.90139,-0.084873,0.410128
368.187,339.5,0.993126,0.904581,-0.0888919,0.400165
369.053,339,1.00016,0.91547,-0.0768329,0.395393
369.919,338.5,1.00714,0.926935,-0.0618471,0.388958
370.785,338,1.01323,0.937657,-0.0454728,0.381272
371.651,337.5,1.01579,0.943179,-0.0367522,0.375345
372.517,337,1.01911,0.947353,-0.0353089,0.373979
373.383,336.5,1.02714,0.954806,-0.0356352,0.376959
374.249,336,1.04002,0.967488,-0.0415874,0.3793
375.115,335.5,1.05179,0.980339,-0.0470893,0.37813
375.981,335,1.06253,0.993349,-0.0521045,0.373506
376.847,334.5,1.06977,0.997723,-0.0487985,0.382841
377.713,334,1.07395,0.999409,-0.0451097,0.39053
378.579,333.5,1.07542,0.998946,-0.0410745,0.396165
379.445,333,1.0727,0.997942,-0.0386894,0.391525
380.311,332.5,1.06747,0.99559,-0.0379769,0.383205
381.177,332,1.05595,0.986701,-0.0375623,0.374227
382.043,331.5,1.04001,0.973399,-0.0377074,0.364267
382.909,331,1.02676,0.964682,-0.0327916,0.350062
383.775,330.5,1.01575,0.959554,-0.0214658,0.332494
384.641,330,0.994648,0.945107,-0.0101413,0.30983
385.507,329.5,0.95702,0.914209,-0.00884503,0.282899
386.373,329,0.916034,0.878309,-0.0150029,0.259746
387.239,328.5,0.888498,0.853685,-0.0229361,0.245204
388.105,328,0.873117,0.839987,-0.0321448,0.236056
388.971,327.5,0.853675,0.822456,-0.0379282,0.225586
389.837,327,0.830113,0.801244,-0.0411329,0.213082
390.703,326.5,0.81568,0.790053,-0.0499014,0.196621
391.569,326,0.810052,0.786045,-0.0585048,0.1868
392.435,325.5,0.803697,0.779466,-0.0645003,0.184938
393.301,325,0.768181,0.745998,-0.0445924,0.177765
394.167,324.5,0.727619,0.707572,-0.0251614,0.167746
395.033,324,0.682847,0.665116,-0.00611942,0.154479
395.899,323.5,0.690021,0.67468,0.00624555,0.144554
396.765,323,0.687175,0.671693,0.0252092,0.142837
397.631,322.5,0.670275,0.651583,0.0520541,0.148315
398.497,322,0.629307,0.61042,0.067246,0.137451
399.363,321.5,0.575471,0.561228,0.0664614,0.108506
400.229,321,0.533847,0.526165,0.0463904,0.0774016
401.095,320.5,0.53931,0.530297,0.0317526,0.0929064
401.962,320,0.577459,0.560503,0.0300759,0.135613
402.828,319.5,0.630046,0.601147,0.0324865,0.185808
403.694,319,0.677307,0.635359,0.0275679,0.233032
404.56,318.5,0.693889,0.642353,0.0105163,0.26221
405.426,318,0.686526,0.62921,0.00678237,0.274529
406.292,317.5,0.688522,0.624105,0.0146933,0.290411
407.158,317,0.708666,0.640653,0.0331488,0.301119
408.024,316.5,0.737416,0.665661,0.0493613,0.313434
408.89,316,0.771989,0.696388,0.0615456,0.327449
409.756,315.5,0.781871,0.701496,0.0415254,0.342786
410.622,315,0.786905,0.700925,0.01546,0.35733
411.488,314.5,0.790977,0.698962,-0.00674018,0.370204
412.354,314,0.786849,0.696756,-0.00984832,0.365465
413.22,313.5,0.785725,0.702824,-0.0059564,0.351236
414.086,313,0.787321,0.715719,0.00215869,0.32805
414.952,312.5,0.785436,0.709999,0.00111742,0.335871
415.818,312,0.79255,0.704085,0.0156266,0.363532
416.684,311.5,0.811152,0.701979,0.0471855,0.403692
417.55,311,0.83247,0.700031,0.0761033,0.444039
418.416,310.5,0.846878,0.695057,0.096326,0.47415
419.282,310,0.853201,0.689488,0.102993,0.491885
420.148,309.5,0.851574,0.68189,0.0962564,0.500938
421.014,309,0.827812,0.660833,0.0823395,0.491724
421.88,308.5,0.790293,0.628341,0.0749201,0.473431
422.746,308,0.731294,0.577869,0.0710861,0.442499
423.612,307.5,0.654101,0.513269,0.0637736,0.40042
424.478,307,0.589546,0.459543,0.0555541,0.365101
425.344,306.5,0.546527,0.423733,0.0495521,0.341594
426.21,306,0.664952,0.480282,0.0520108,0.45693
427.076,305.5,0.643535,0.457905,0.0446394,0.449963
427.942,305,0.614996,0.4331,0.0361013,0.435133
428.808,304.5,0.57925,0.405867,0.0263964,0.412439
429.674,304,0.532088,0.37597,0.015957,0.376178
430.54,303.5,0.471871,0.3383,0.00279887,0.328949
431.406,303,0.433178,0.317144,-0.00686666,0.294984
432.272,302.5,0.396592,0.295361,-0.0143751,0.264274
433.138,302,0.361903,0.27295,-0.0197265,0.236818
434.004,301.5,0.328919,0.249912,-0.0229208,0.212618
434.87,301,0.302542,0.230707,-0.0233027,0.194327
435.737,300.5,0.313064,0.244001,-0.0208625,0.195031
436.603,300,0.322872,0.257988,-0.0235649,0.192699
437.469,299.5,0.332307,0.272668,-0.03141,0.187332
438.335,299,0.341987,0.288042,-0.0443976,0.178929
439.201,298.5,0.352768,0.30411,-0.062528,0.167491
440.067,298,0.365963,0.320949,-0.0853721,0.153729
440.933,297.5,0.374909,0.328616,-0.0787555,0.162376
441.799,297,0.383499,0.335398,-0.0669478,0.173487
442.665,296.5,0.393675,0.343948,-0.0566411,0.182951
443.531,296,0.405199,0.354267,-0.0478353,0.190769
444.397,295.5,0.417903,0.366354,-0.0405306,0.19694
445.263,295,0.431686,0.380209,-0.0347269,0.201465
446.129,294.5,0.439715,0.391678,-0.029914,0.197592
446.995,294,0.442797,0.401207,-0.0240435,0.185807
447.861,293.5,0.448491,0.413293,-0.0169505,0.173336
448.727,293,0.411986,0.392259,0.0050261,0.12586
449.593,292.5,0.456776,0.435764,0.0094395,0.136619
450.459,292,0.500046,0.476175,0.00779806,0.152458
451.325,291.5,0.542433,0.516222,0.000307769,0.166578
452.191,291,0.577358,0.550521,-0.00565404,0.173888
453.057,290.5,0.588103,0.561577,-0.00895093,0.174402
453.923,290,0.596461,0.569115,-0.0149934,0.177903
454.789,289.5,0.606568,0.578144,-0.0221694,0.182161
455.655,289,0.620296,0.591959,-0.025838,0.183534
456.521,288.5,0.635199,0.609194,-0.0251161,0.178128
457.387,288,0.649882,0.626718,-0.0275733,0.169735
458.253,287.5,0.663374,0.642521,-0.030815,0.162118
459.119,287,0.680881,0.659921,-0.0363075,0.163664
459.985,286.5,0.704737,0.682499,-0.0398573,0.171057
460.851,286,0.734683,0.710016,-0.0385533,0.1848
461.717,285.5,0.758275,0.731738,-0.0133636,0.198401
462.583,285,0.763771,0.737656,0.00760243,0.197869
463.449,284.5,0.75681,0.733063,0.0226668,0.186723
464.315,284,0.737662,0.716605,0.00251923,0.174975
465.181,283.5,0.725147,0.703635,-0.0206459,0.174096
466.047,283,0.719713,0.694298,-0.0456275,0.183999
466.913,282.5,0.70677,0.683656,-0.0417381,0.174346
467.779,282,0.691103,0.671438,-0.0345263,0.160007
468.645,281.5,0.672778,0.656322,-0.0282079,0.145176
469.512,281,0.658104,0.644772,-0.017768,0.130592
470.378,280.5,0.647733,0.636039,-0.00642289,0.122354
471.244,280,0.646161,0.634539,-5.84138e-05,0.122001
472.11,279.5,0.653856,0.641696,0.000767923,0.125516
472.976,279,0.66774,0.65455,0.000189117,0.132063
473.842,278.5,0.688049,0.673008,-0.00277341,0.143051
474.708,278,0.726148,0.707252,-0.0117701,0.164157
475.574,277.5,0.791775,0.765113,-0.0245988,0.202251
476.44,277,0.834461,0.799433,-0.0262049,0.237792
477.306,276.5,0.864289,0.819924,-0.0205811,0.272576
478.172,276,0.869269,0.815537,-0.00431074,0.300848
479.038,275.5,0.886506,0.820423,0.0130503,0.335602
