x,v,vx,vy,vz
220.096,425,0.632537,0.63249,-0.00601238,-0.00492649
220.962,424.5,0.6332,0.63315,-0.00606747,-0.00513756
221.828,424,0.633872,0.63382,-0.00611859,-0.00532949
222.694,423.5,0.634554,0.6345,-0.00616895,-0.00550267
223.56,423,0.635209,0.635154,-0.00612226,-0.00565734
224.426,422.5,0.635865,0.63581,-0.0060534,-0.00580042
225.292,422,0.63652,0.636464,-0.00597748,-0.00597377
226.158,421.5,0.637132,0.637075,-0.00586126,-0.0061565
227.024,421,0.637727,0.63767,-0.00572447,-0.00634329
227.89,420.5,0.638331,0.638274,-0.0055884,-0.00653094
228.756,420,0.638885,0.638826,-0.0054053,-0.00672812
229.622,419.5,0.63939,0.639332,-0.00516147,-0.00692835
230.488,419,0.6399,0.639842,-0.00490249,-0.00712236
231.355,418.5,0.64035,0.640291,-0.00464751,-0.00732636
232.221,418,0.640688,0.640629,-0.00439816,-0.00754846
233.087,417.5,0.641028,0.640968,-0.00415254,-0.00777553
233.953,417,0.64136,0.641298,-0.00392841,-0.00801227
234.819,416.5,0.641679,0.641614,-0.00378606,-0.00832405
235.685,416,0.641996,0.641927,-0.00364374,-0.00863882
236.551,415.5,0.642307,0.642235,-0.00350231,-0.0089562
237.417,415,0.642588,0.642512,-0.00338486,-0.00928834
238.283,414.5,0.642866,0.642786,-0.00325836,-0.00962214
239.149,414,0.643134,0.643049,-0.00311736,-0.0099553
240.015,413.5,0.643364,0.643274,-0.00300957,-0.0102904
240.881,413,0.64359,0.643496,-0.0029029,-0.0106207
241.747,412.5,0.643817,0.643718,-0.00279112,-0.0109451
242.613,412,0.644033,0.643929,-0.00267266,-0.0112632
243.479,411.5,0.644245,0.644136,-0.00255032,-0.0115759
244.345,411,0.644466,0.644352,-0.00242559,-0.0118988
245.211,410.5,0.644653,0.644534,-0.00227423,-0.0122146
246.077,410,0.644813,0.644688,-0.00210459,-0.0125239
246.943,409.5,0.644971,0.644841,-0.00193448,-0.012827
247.809,409,0.645091,0.644955,-0.0017572,-0.0131224
248.675,408.5,0.645156,0.645015,-0.0015663,-0.0133992
249.541,408,0.645226,0.645079,-0.00137325,-0.0136618
250.407,407.5,0.645278,0.645127,-0.00120088,-0.0139195
251.273,407,0.645274,0.645118,-0.00109027,-0.0141755
252.139,406.5,0.645273,0.645111,-0.000978282,-0.0144274
253.005,406,0.645272,0.645104,-0.000858964,-0.01468
253.871,405.5,0.645248,0.645074,-0.000684755,-0.0149769
254.737,405,0.645232,0.645051,-0.000518907,-0.01528
255.603,404.5,0.645224,0.645036,-0.00036142,-0.0155893
256.469,404,0.645026,0.644829,-5.24791e-05,-0.0159454
257.335,403.5,0.644821,0.644615,0.000266834,-0.0163224
258.201,403,0.644634,0.644418,0.00057288,-0.0166863
259.067,402.5,0.644207,0.64398,0.000934467,-0.0170748
259.933,402,0.643707,0.643467,0.00131403,-0.0175031
260.799,401.5,0.643208,0.642955,0.00169397,-0.0179658
261.665,401,0.642532,0.642262,0.00209464,-0.0184982
262.531,400.5,0.641751,0.641461,0.00250853,-0.0191036
263.397,400,0.641009,0.640696,0.00291978,-0.019799
264.263,399.5,0.640113,0.639774,0.00337619,-0.0205541
265.13,399,0.639028,0.638659,0.00388826,-0.0213745
265.996,398.5,0.637944,0.637541,0.00442536,-0.0222369
266.862,398,0.636736,0.636296,0.00495377,-0.0231493
267.728,397.5,0.635229,0.634748,0.00538781,-0.0241294
268.594,397,0.633724,0.633198,0.00582056,-0.0251605
269.46,396.5,0.632161,0.631585,0.0062475,-0.0262401
270.326,396,0.630223,0.629594,0.00658248,-0.0273592
271.192,395.5,0.628286,0.627599,0.00691577,-0.028533
272.058,395,0.626353,0.625605,0.00723662,-0.0297377
272.924,394.5,0.624062,0.623255,0.00745825,-0.0308447
273.79,394,0.621797,0.620927,0.00766287,-0.0319901
274.656,393.5,0.619564,0.618626,0.00785132,-0.0331747
275.522,393,0.616962,0.615952,0.00805433,-0.0343574
276.388,392.5,0.614312,0.613225,0.0082663,-0.0355765
277.254,392,0.611756,0.610592,0.00849258,-0.0367522
278.12,391.5,0.60911,0.607868,0.00865789,-0.0378888
278.986,391,0.60644,0.605118,0.00878717,-0.0390479
279.852,390.5,0.603824,0.602414,0.00890883,-0.040257
280.718,390,0.601127,0.599623,0.0090803,-0.0415131
281.584,389.5,0.598394,0.596789,0.00929093,-0.0428075
282.45,389,0.59576,0.594049,0.00948248,-0.0441141
283.316,388.5,0.593138,0.591313,0.00961827,-0.0454904
284.182,388,0.5905,0.58855,0.00972233,-0.0469536
285.048,387.5,0.587942,0.585854,0.00985587,-0.0485107
285.914,387,0.585419,0.583177,0.0101226,-0.0501775
286.78,386.5,0.582891,0.580469,0.0108341,-0.0519625
287.646,386,0.580485,0.577866,0.011534,-0.0538599
288.512,385.5,0.578162,0.575325,0.0122397,-0.0558882
289.378,385,0.575466,0.572355,0.0133809,-0.0582437
290.244,384.5,0.572909,0.569487,0.0145366,-0.0608077
291.11,384,0.570577,0.566819,0.0156932,-0.063472
291.976,383.5,0.567909,0.56376,0.0172143,-0.0663245
292.842,383,0.565401,0.560811,0.0188855,-0.069372
293.708,382.5,0.563148,0.558068,0.0206633,-0.072587
294.574,382,0.560488,0.554862,0.0218761,-0.0761311
295.44,381.5,0.557823,0.551605,0.0227627,-0.0798778
296.306,381,0.555421,0.54859,0.023513,-0.0836014
297.172,380.5,0.553014,0.545485,0.0239761,-0.0877226
298.038,380,0.550679,0.54237,0.0241803,-0.0921813
298.905,379.5,0.548645,0.53949,0.0243387,-0.0967992
299.771,379,0.546467,0.536319,0.0248743,-0.101833
300.637,378.5,0.544026,0.532737,0.026036,-0.107134
301.503,378,0.541998,0.529558,0.0271831,-0.112212
302.369,377.5,0.53987,0.526167,0.0281893,-0.117533
303.235,377,0.536909,0.521712,0.0289135,-0.123496
304.101,376.5,0.534431,0.517664,0.0295861,-0.12948
304.967,376,0.532503,0.51406,0.0300914,-0.135633
305.833,375.5,0.531748,0.511405,0.0292326,-0.142714
306.699,375,0.531549,0.509268,0.0285004,-0.149592
307.565,374.5,0.53189,0.507645,0.0279115,-0.156285
308.431,374,0.533338,0.506495,0.0298128,-0.164388
309.297,373.5,0.535414,0.505924,0.0319133,-0.172309
310.163,373,0.538227,0.506207,0.0342428,-0.179639
311.029,372.5,0.54157,0.506388,0.0388935,-0.188033
311.895,372,0.545447,0.507028,0.0435186,-0.19632
312.761,371.5,0.549848,0.508397,0.047463,-0.20399
313.627,371,0.554735,0.509641,0.0486607,-0.213608
314.493,370.5,0.560473,0.511611,0.0478258,-0.223823
315.359,370,0.566068,0.513901,0.0464121,-0.232776
316.225,369.5,0.574863,0.518862,0.0426736,-0.243778
317.091,369,0.587715,0.527295,0.0368279,-0.256928
317.957,368.5,0.601568,0.537386,0.030943,-0.268594
318.823,368,0.617954,0.549579,0.0257832,-0.281363
319.689,367.5,0.636216,0.561858,0.0226359,-0.297614
320.555,367,0.652019,0.5726,0.0197287,-0.311238
321.421,366.5,0.668277,0.585368,0.0169585,-0.32195
322.287,366,0.6929,0.608856,0.0180335,-0.330272
323.153,365.5,0.716002,0.631626,0.0187039,-0.336687
324.019,365,0.737738,0.653698,0.0189146,-0.341436
324.885,364.5,0.748879,0.666502,-0.000315492,-0.34146
325.751,364,0.761429,0.680801,-0.0207507,-0.340371
326.617,363.5,0.775552,0.696644,-0.0423033,-0.338198
327.483,363,0.821101,0.742485,-0.0405918,-0.348244
328.349,362.5,0.867825,0.787662,-0.0296381,-0.363084
329.215,362,0.90744,0.827165,-0.0197713,-0.372632
330.081,361.5,0.938332,0.867352,-0.0365811,-0.356132
330.947,361,0.971454,0.909376,-0.0521872,-0.337689
331.813,360.5,1.008,0.951862,-0.0546916,-0.327154
332.679,360,1.0497,0.998244,-0.0538261,-0.320132
333.546,359.5,1.08704,1.04188,-0.0572346,-0.304744
334.412,359,1.10765,1.06939,-0.0691562,-0.280206
335.278,358.5,1.127,1.0968,-0.0751827,-0.247987
336.144,358,1.15994,1.13753,-0.0738755,-0.214512
337.01,357.5,1.19881,1.18115,-0.0665047,-0.193881
337.876,357,1.23552,1.22214,-0.0527284,-0.173511
338.742,356.5,1.23718,1.23132,-0.0457765,-0.111292
339.608,356,1.2807,1.27777,-0.031636,-0.0806652
340.474,355.5,1.27408,1.27382,-0.0131776,-0.0221512
341.34,355,1.24513,1.24437,0.0282137,0.0329293
342.206,354.5,1.24415,1.23982,0.0658699,0.0801757
343.072,354,1.22048,1.20925,0.11484,0.118774
343.938,353.5,1.18605,1.16573,0.161319,0.147546
344.804,353,1.14196,1.11396,0.193414,0.160482
345.67,352.5,1.08979,1.05604,0.21036,0.167855
346.536,352,1.03583,0.997359,0.219661,0.173097
347.402,351.5,0.971416,0.919705,0.25317,0.18357
348.268,351,0.914091,0.847099,0.285764,0.190592
349.134,350.5,0.86307,0.770252,0.339056,0.191425
350,350,0.780844,0.675729,0.333855,0.204078
350.866,349.5,0.6768,0.574611,0.274006,0.229784
351.732,349,0.592328,0.498155,0.166106,0.27405
352.598,348.5,0.569044,0.470237,0.0976412,0.305213
353.464,348,0.569582,0.468687,0.0496834,0.319825
354.33,347.5,0.575842,0.475646,0.00119443,0.324582
355.196,347,0.596697,0.485095,-0.0328619,0.345905
356.062,346.5,0.618597,0.507278,-0.0572106,0.349369
356.928,346,0.643208,0.532459,-0.0747052,0.353019
357.794,345.5,0.660348,0.559698,-0.074218,0.342475
358.66,345,0.66968,0.577654,-0.0756777,0.330243
359.526,344.5,0.675495,0.590551,-0.0789606,0.318291
360.392,344,0.672634,0.594507,-0.0704827,0.306643
361.258,343.5,0.666959,0.595465,-0.0613474,0.294096
362.124,343,0.663541,0.597985,-0.0516025,0.28291
362.99,342.5,0.668625,0.606326,-0.039821,0.279002
363.856,342,0.67389,0.614263,-0.0288096,0.275642
364.722,341.5,0.679552,0.622387,-0.0189139,0.272154
365.588,341,0.685757,0.630632,-0.0124923,0.269091
366.454,340.5,0.693821,0.639623,-0.00794364,0.268715
367.321,340,0.702785,0.649489,-0.00525452,0.268409
368.187,339.5,0.710638,0.65908,-0.00306993,0.265727
369.053,339,0.717168,0.667885,-0.00165069,0.26126
369.919,338.5,0.722476,0.675603,-0.0011046,0.255991
370.785,338,0.726302,0.681981,-0.000811421,0.249829
371.651,337.5,0.727588,0.684986,0.00148855,0.245309
372.517,337,0.726288,0.683945,0.00531024,0.244306
373.383,336.5,0.72468,0.682474,0.00944032,0.243519
374.249,336,0.72197,0.679895,0.0141761,0.24245
375.115,335.5,0.719457,0.67736,0.0182314,0.241803
375.981,335,0.717129,0.674869,0.0215887,0.241578
376.847,334.5,0.707536,0.66594,0.0182114,0.238327
377.713,334,0.69723,0.656362,0.0147024,0.234741
378.579,333.5,0.686817,0.646675,0.0113034,0.231087
379.445,333,0.675889,0.63678,0.0084118,0.226422
380.311,332.5,0.664782,0.626777,0.00614883,0.221469
381.177,332,0.655988,0.619119,0.00581282,0.216744
382.043,331.5,0.649978,0.614598,0.00776044,0.211378
382.909,331,0.644155,0.61039,0.00981539,0.205579
383.775,330.5,0.638654,0.606478,0.0117987,0.199811
384.641,330,0.633971,0.603481,0.0134103,0.193777
385.507,329.5,0.630287,0.601497,0.0145299,0.187756
386.373,329,0.63346,0.606003,0.0138154,0.18396
387.239,328.5,0.638505,0.612102,0.0129512,0.18125
388.105,328,0.645726,0.620062,0.0119527,0.17984
388.971,327.5,0.653544,0.628443,0.0108038,0.179063
389.837,327,0.662225,0.63744,0.00957414,0.179221
390.703,326.5,0.669144,0.644326,0.00793,0.180373
391.569,326,0.672826,0.648005,0.00578191,0.180975
392.435,325.5,0.675949,0.651144,0.00371514,0.181394
393.301,325,0.678021,0.653163,0.00234673,0.181891
394.167,324.5,0.679441,0.654641,0.0009691,0.18189
395.033,324,0.679989,0.655358,-0.000369672,0.181356
395.899,323.5,0.674396,0.650165,-0.000163827,0.179149
396.765,323,0.668669,0.644908,0.000128875,0.176668
397.631,322.5,0.662951,0.639715,0.000449607,0.173978
398.497,322,0.656922,0.634399,0.00104595,0.170539
399.363,321.5,0.651061,0.629359,0.00160803,0.166689
400.229,321,0.645733,0.624776,0.00234501,0.163159
401.095,320.5,0.640519,0.620287,0.00333555,0.15968
401.962,320,0.635505,0.616061,0.0042835,0.155939
402.828,319.5,0.63097,0.612332,0.00505529,0.15214
403.694,319,0.626888,0.609054,0.00554776,0.148362
404.56,318.5,0.623643,0.606569,0.00574656,0.144814
405.426,318,0.62182,0.605172,0.00550732,0.142818
406.292,317.5,0.620386,0.604088,0.00522797,0.141168
407.158,317,0.619212,0.603177,0.00489213,0.139919
408.024,316.5,0.618398,0.602653,0.00464972,0.13858
408.89,316,0.617877,0.602445,0.00445711,0.137156
409.756,315.5,0.616729,0.601597,0.00405036,0.135718
410.622,315,0.615344,0.600547,0.00371841,0.134083
411.488,314.5,0.613898,0.59949,0.00345105,0.132178
412.354,314,0.611816,0.597906,0.00314325,0.129681
413.22,313.5,0.609731,0.596361,0.00296785,0.126953
414.086,313,0.60756,0.594762,0.00294503,0.12401
414.952,312.5,0.604702,0.592526,0.00276342,0.120703
415.818,312,0.601948,0.590404,0.00252704,0.117296
416.684,311.5,0.599359,0.588443,0.00230773,0.113848
417.55,311,0.597035,0.586758,0.0019676,0.110281
418.416,310.5,0.59497,0.585319,0.00159319,0.106715
419.282,310,0.592013,0.582925,0.00148072,0.10332
420.148,309.5,0.58889,0.580345,0.00153104,0.0999432
421.014,309,0.586001,0.577994,0.00165968,0.0965284
421.88,308.5,0.583177,0.575678,0.00188057,0.0932051
422.746,308,0.580474,0.573473,0.00219798,0.0898516
423.612,307.5,0.577764,0.571286,0.00260548,0.0862378
424.478,307,0.574446,0.56849,0.00319487,0.0824437
425.344,306.5,0.571063,0.565606,0.00373742,0.0786667
426.21,306,0.56787,0.562911,0.00400512,0.0747769
427.076,305.5,0.564646,0.560156,0.00414602,0.0709478
427.942,305,0.561401,0.557351,0.00415464,0.0671816
428.808,304.5,0.560459,0.556799,0.00350872,0.063851
429.674,304,0.560205,0.556884,0.00282235,0.0608401
430.54,303.5,0.560137,0.55711,0.002159,0.0581116
431.406,303,0.560972,0.558146,0.00152654,0.0562181
432.272,302.5,0.562039,0.559383,0.000905885,0.0545709
433.138,302,0.563326,0.560819,0.000292299,0.0530846
434.004,301.5,0.56501,0.562616,-3.50388e-05,0.0519558
434.87,301,0.566665,0.564373,-0.000190952,0.0509088
435.737,300.5,0.568233,0.566044,-0.000283448,0.0498348
436.603,300,0.569651,0.567557,-0.000161731,0.0487973
437.469,299.5,0.570923,0.568924,0.000168002,0.0477282
438.335,299,0.5725,0.570584,0.000362015,0.0467967
439.201,298.5,0.574005,0.57217,0.00054187,0.0458618
440.067,298,0.575359,0.573606,0.000763406,0.0448716
440.933,297.5,0.576671,0.575005,0.000948188,0.043792
441.799,297,0.577927,0.57635,0.00108082,0.0426516
442.665,296.5,0.5793,0.577809,0.00108963,0.0415222
443.531,296,0.580968,0.579565,0.00101855,0.0403268
444.397,295.5,0.582605,0.581287,0.000948413,0.0391475
445.263,295,0.584247,0.582999,0.000755362,0.0381679
446.129,294.5,0.585832,0.584651,0.000639473,0.0371721
446.995,294,0.587358,0.586244,0.000600747,0.0361602
447.861,293.5,0.588172,0.587123,0.000463124,0.0351034
448.727,293,0.588887,0.587904,0.0003563,0.0340141
449.593,292.5,0.589585,0.588667,0.000295093,0.032897
450.459,292,0.590319,0.589463,0.000222847,0.0317742
451.325,291.5,0.591013,0.590216,0.000172656,0.0306794
452.191,291,0.591666,0.590923,0.000114815,0.0296473
453.057,290.5,0.592413,0.591718,3.00017e-06,0.0287037
453.923,290,0.59319,0.592538,-0.000106294,0.0278112
454.789,289.5,0.593937,0.593325,-0.000203743,0.0269533
455.655,289,0.594722,0.594147,-0.000271654,0.0261569
456.521,288.5,0.595559,0.595016,-0.000318776,0.0254385
457.387,288,0.595634,0.595121,-0.000394372,0.0247083
458.253,287.5,0.595728,0.595244,-0.000432673,0.0240252
459.119,287,0.595934,0.595474,-0.00042874,0.0234259
459.985,286.5,0.596138,0.595699,-0.000402844,0.0228702
460.851,286,0.59636,0.59594,-0.00036613,0.0223643
461.717,285.5,0.596448,0.596044,-0.000319795,0.0219494
462.583,285,0.596232,0.595842,-0.000161707,0.0215578
463.449,284.5,0.595995,0.595619,3.55756e-05,0.021175
464.315,284,0.595818,0.595456,0.000119102,0.0207687
465.181,283.5,0.595566,0.595218,0.000175694,0.020367
466.047,283,0.595249,0.594914,0.000206497,0.019969
466.913,282.5,0.595893,0.595577,-0.000134535,0.0194128
467.779,282,0.596544,0.596246,-0.000522084,0.0188698
468.645,281.5,0.59715,0.596867,-0.000914259,0.0183495
469.512,281,0.59779,0.597523,-0.00136402,0.0178139
470.378,280.5,0.598431,0.598179,-0.00184912,0.0172507
471.244,280,0.599117,0.598881,-0.00232719,0.0166566
472.11,279.5,0.599976,0.599753,-0.00283139,0.01609
472.976,279,0.600927,0.600716,-0.00334766,0.0155677
473.842,278.5,0.601832,0.601632,-0.0038663,0.0150487
474.708,278,0.602759,0.602569,-0.00433329,0.0145293
475.574,277.5,0.603791,0.60361,-0.00469844,0.0140022
476.44,277,0.604914,0.604743,-0.00504803,0.0134524
477.306,276.5,0.606033,0.605871,-0.00537387,0.0129077
478.172,276,0.607213,0.607061,-0.00558416,0.0123702
479.038,275.5,0.608377,0.608234,-0.00579991,0.0118455
