x,v,vx,vy,vz
220.096,425,0.633805,0.633601,0.00584988,0.0149821
220.962,424.5,0.63207,0.631863,0.00603162,0.0149959
221.828,424,0.630322,0.630113,0.00622388,0.014983
222.694,423.5,0.628569,0.628359,0.00642964,0.0149431
223.56,423,0.626479,0.626268,0.00656281,0.0149018
224.426,422.5,0.624312,0.6241,0.0066873,0.0148378
225.292,422,0.622167,0.621953,0.00685066,0.014834
226.158,421.5,0.619755,0.619539,0.00689352,0.0148367
227.024,421,0.617198,0.616981,0.00687795,0.0148297
227.89,420.5,0.614625,0.614408,0.00687554,0.014808
228.756,420,0.61199,0.611773,0.00687442,0.0147757
229.622,419.5,0.609203,0.608986,0.00688748,0.0147239
230.488,419,0.606289,0.606073,0.00692327,0.0146574
231.355,418.5,0.603305,0.603087,0.0070463,0.014597
232.221,418,0.600207,0.599986,0.00731996,0.0145459
233.087,417.5,0.597097,0.596873,0.00760604,0.014482
233.953,417,0.593975,0.593747,0.0079108,0.0144242
234.819,416.5,0.590779,0.59054,0.00838061,0.014545
235.685,416,0.587604,0.587354,0.00883705,0.0146732
236.551,415.5,0.584457,0.584196,0.00928883,0.0148104
237.417,415,0.581512,0.58123,0.0100642,0.0150467
238.283,414.5,0.578621,0.578318,0.0108291,0.01528
239.149,414,0.575885,0.57556,0.0114823,0.0155572
240.015,413.5,0.573147,0.572793,0.0122197,0.0159908
240.881,413,0.570423,0.57004,0.012969,0.0164002
241.747,412.5,0.567732,0.567319,0.0137011,0.0167661
242.613,412,0.56505,0.564603,0.0145285,0.0171473
243.479,411.5,0.562371,0.561888,0.0153954,0.0174844
244.345,411,0.559519,0.558998,0.0163045,0.0178017
245.211,410.5,0.556419,0.555863,0.0170798,0.0180588
246.077,410,0.553129,0.552543,0.0177556,0.0182396
246.943,409.5,0.549845,0.54923,0.0184423,0.0183324
247.809,409,0.546554,0.545911,0.0192101,0.0182633
248.675,408.5,0.543277,0.542611,0.0200054,0.0179711
249.541,408,0.540106,0.539425,0.0207096,0.0175153
250.407,407.5,0.536919,0.536233,0.0213367,0.0167678
251.273,407,0.533459,0.532789,0.0217569,0.0155021
252.139,406.5,0.530124,0.529474,0.0221323,0.0141099
253.005,406,0.526912,0.526284,0.0224335,0.01256
253.871,405.5,0.523773,0.523193,0.0222923,0.0105023
254.737,405,0.520674,0.520139,0.0220882,0.00827343
255.603,404.5,0.517617,0.517123,0.0218212,0.0058735
256.469,404,0.514529,0.514086,0.0211249,0.00320511
257.335,403.5,0.511392,0.510987,0.0203419,0.000424353
258.201,403,0.508454,0.508078,0.0193975,-0.00248422
259.067,402.5,0.50604,0.505688,0.0181311,-0.00522397
259.933,402,0.503765,0.503423,0.0167774,-0.00793274
260.799,401.5,0.501525,0.501174,0.0154042,-0.0106949
261.665,401,0.499623,0.499275,0.01358,-0.012757
262.531,400.5,0.497823,0.497487,0.0114875,-0.0142325
263.397,400,0.495622,0.495293,0.00933732,-0.0154336
264.263,399.5,0.494214,0.49391,0.00700154,-0.0158594
265.13,399,0.493661,0.493402,0.0045349,-0.0153167
265.996,398.5,0.493065,0.492843,0.00207091,-0.0146455
266.862,398,0.492816,0.492634,-0.000693812,-0.0133934
267.728,397.5,0.493774,0.493643,-0.00397363,-0.0106592
268.594,397,0.494754,0.494645,-0.0070921,-0.00754266
269.46,396.5,0.495934,0.495817,-0.0099206,-0.00419966
270.326,396,0.49892,0.498784,-0.0115804,-0.000999463
271.192,395.5,0.501653,0.501477,-0.0130872,0.00228149
272.058,395,0.503879,0.503644,-0.0143611,0.00549093
272.924,394.5,0.504425,0.504128,-0.015308,0.00805792
273.79,394,0.504619,0.504256,-0.0158801,0.0106858
274.656,393.5,0.50447,0.504036,-0.0160747,0.0133775
275.522,393,0.505594,0.505162,-0.015088,0.0144523
276.388,392.5,0.506433,0.506018,-0.013728,0.0152466
277.254,392,0.508703,0.508266,-0.0130988,0.0165329
278.12,391.5,0.511505,0.510973,-0.013293,0.0191645
278.986,391,0.514391,0.513722,-0.0138023,0.0222942
279.852,390.5,0.517344,0.516521,-0.0143434,0.0254097
280.718,390,0.520552,0.519643,-0.0151738,0.0267502
281.584,389.5,0.523502,0.522578,-0.016508,0.0263403
282.45,389,0.525225,0.524302,-0.0183555,0.0251357
283.316,388.5,0.527667,0.526688,-0.0199925,0.0251506
284.182,388,0.532169,0.531081,-0.0205038,0.0271285
285.048,387.5,0.536555,0.535379,-0.0206209,0.0288915
285.914,387,0.539539,0.538296,-0.0210036,0.0299851
286.78,386.5,0.53876,0.537318,-0.0252265,0.0302523
287.646,386,0.537772,0.536036,-0.0293891,0.0316292
288.512,385.5,0.536856,0.534775,-0.0328598,0.0339171
289.378,385,0.550377,0.548534,-0.0286267,0.034724
290.244,384.5,0.563809,0.562091,-0.0249794,0.0362047
291.11,384,0.577887,0.576226,-0.0212973,0.0382583
291.976,383.5,0.58721,0.583256,-0.0328782,0.0595488
292.842,383,0.601669,0.593989,-0.0424279,0.0859208
293.708,382.5,0.622528,0.609943,-0.0475902,0.115093
294.574,382,0.657487,0.642871,-0.0315597,0.134201
295.44,381.5,0.689041,0.672538,-0.0160277,0.149041
296.306,381,0.718838,0.698873,-0.0192306,0.167136
297.172,380.5,0.742522,0.720106,-0.018917,0.180081
298.038,380,0.754185,0.731994,-0.0151773,0.180968
298.905,379.5,0.754771,0.734802,-0.0124643,0.172015
299.771,379,0.748939,0.732512,-0.0157705,0.155201
300.637,378.5,0.758054,0.743936,-0.0152589,0.144816
301.503,378,0.7758,0.763262,-0.009379,0.138591
302.369,377.5,0.791993,0.780901,-0.00905146,0.131777
303.235,377,0.810346,0.8004,-0.0175512,0.125349
304.101,376.5,0.830046,0.820845,-0.024432,0.120802
304.967,376,0.850778,0.841968,-0.0295548,0.118484
305.833,375.5,0.872541,0.863438,-0.0368641,0.120182
306.699,375,0.894462,0.885247,-0.045481,0.119713
307.565,374.5,0.91646,0.907278,-0.0552221,0.117028
308.431,374,0.931421,0.922486,-0.0616341,0.112985
309.297,373.5,0.942434,0.933922,-0.0666704,0.107358
310.163,373,0.942358,0.934961,-0.0681108,0.0961646
311.029,372.5,0.931062,0.925375,-0.0714051,0.0738894
311.895,372,0.918994,0.914282,-0.0792381,0.0485879
312.761,371.5,0.906933,0.902116,-0.0908555,0.0214215
313.627,371,0.896029,0.89159,-0.089056,0.00200445
314.493,370.5,0.885226,0.88225,-0.0714596,-0.0123392
315.359,370,0.867974,0.866391,-0.0456682,-0.0256957
316.225,369.5,0.85076,0.849188,-0.0323489,-0.0403145
317.091,369,0.835861,0.833515,-0.0305852,-0.0546047
317.957,368.5,0.824935,0.821878,-0.0243609,-0.0666461
318.823,368,0.817068,0.813069,-0.0149523,-0.0793435
319.689,367.5,0.818261,0.812694,-0.0184715,-0.0934795
320.555,367,0.830353,0.822686,-0.0304127,-0.108391
321.421,366.5,0.845931,0.835288,-0.0417351,-0.127088
322.287,366,0.911419,0.900969,-0.067223,-0.120084
323.153,365.5,0.936515,0.922081,-0.0672505,-0.149344
324.019,365,0.956668,0.939028,-0.0616501,-0.172157
324.885,364.5,0.976579,0.95603,-0.0572538,-0.190881
325.751,364,0.968828,0.945895,-0.0621548,-0.200116
326.617,363.5,0.973487,0.949269,-0.0626444,-0.206498
327.483,363,0.972014,0.946456,-0.0621736,-0.212523
328.349,362.5,0.968841,0.941716,-0.0628167,-0.218813
329.215,362,0.96847,0.936222,-0.0466875,-0.243401
330.081,361.5,0.969987,0.92497,-0.00512557,-0.292026
330.947,361,0.860161,0.808531,0.0294485,-0.292041
331.813,360.5,0.926615,0.843788,0.0718282,-0.376135
332.679,360,0.909031,0.810601,0.10774,-0.397058
333.546,359.5,0.831403,0.739487,0.116445,-0.361706
334.412,359,0.736538,0.663418,0.116944,-0.297807
335.278,358.5,0.69583,0.620397,0.128674,-0.287627
336.144,358,0.65304,0.57507,0.135963,-0.277973
337.01,357.5,0.607376,0.531598,0.139035,-0.258803
337.876,357,0.563243,0.494333,0.138575,-0.231679
338.742,356.5,0.533164,0.471997,0.137207,-0.206537
339.608,356,0.495481,0.442375,0.131855,-0.180055
340.474,355.5,0.45063,0.405726,0.123011,-0.152714
341.34,355,0.416945,0.371239,0.109427,-0.155082
342.206,354.5,0.377323,0.329156,0.0978369,-0.156387
343.072,354,0.336199,0.283474,0.0864457,-0.158743
343.938,353.5,0.299357,0.240937,0.0637901,-0.165816
344.804,353,0.25266,0.189911,0.0346047,-0.163013
345.67,352.5,0.199264,0.131022,-0.00100997,-0.150127
346.536,352,0.11748,0.0622509,0.0216953,-0.0972407
347.402,351.5,0.0889701,-0.0439096,0.0773596,0.00176376
348.268,351,0.25026,-0.167136,0.15038,0.109915
349.134,350.5,0.461835,-0.328209,0.222457,0.236818
350,350,0.589975,-0.484515,0.208844,0.264008
350.866,349.5,0.653417,-0.586185,0.108515,0.267518
351.732,349,0.542237,-0.486605,0.0876852,0.222595
352.598,348.5,0.440595,-0.389535,0.141416,0.149625
353.464,348,0.391749,-0.309499,0.207774,0.120449
354.33,347.5,0.320939,-0.274318,0.165621,0.0179199
355.196,347,0.261764,-0.225903,0.118586,-0.0585308
356.062,346.5,0.217299,-0.175242,0.0342893,-0.123828
356.928,346,0.259313,-0.147407,0.0291276,-0.211343
357.794,345.5,0.33274,-0.119411,0.0296389,-0.309158
358.66,345,0.444535,-0.0982861,0.00983921,-0.433422
359.526,344.5,0.537437,-0.0718671,-0.0270906,-0.531921
360.392,344,0.62026,-0.054783,-0.051426,-0.615692
361.258,343.5,0.646744,-0.051709,-0.0228235,-0.644269
362.124,343,0.671102,-0.0265203,0.0175838,-0.670347
362.99,342.5,0.703366,0.0348188,0.0434898,-0.701157
363.856,342,0.723833,0.0468635,0.07906,-0.717974
364.722,341.5,0.762129,0.0442024,0.10063,-0.754162
365.588,341,0.798158,0.0261892,0.107079,-0.790509
366.454,340.5,0.806666,-1.95802e-05,0.0997256,-0.800478
367.321,340,0.817383,-0.0283056,0.0842124,-0.81254
368.187,339.5,0.807855,-0.0429101,0.069311,-0.803731
369.053,339,0.760804,-0.0375162,0.0268531,-0.759404
369.919,338.5,0.718925,-0.0301454,-0.0207146,-0.717994
370.785,338,0.736216,-0.00425021,-0.0268668,-0.735714
371.651,337.5,0.776924,0.0476286,-0.0468703,-0.774045
372.517,337,0.853774,0.123439,-0.094726,-0.839476
373.383,336.5,0.890106,0.165104,-0.144053,-0.862716
374.249,336,0.962276,0.209616,-0.207611,-0.915933
375.115,335.5,1.03984,0.24549,-0.269194,-0.973929
375.981,335,1.0797,0.258096,-0.291125,-1.00717
376.847,334.5,1.13056,0.269703,-0.326324,-1.0483
377.713,334,1.13564,0.291242,-0.351409,-1.03989
378.579,333.5,1.11174,0.31314,-0.349061,-1.008
379.445,333,1.06648,0.3155,-0.357765,-0.953858
380.311,332.5,1.02726,0.380444,-0.36655,-0.880998
381.177,332,1.011,0.454113,-0.371994,-0.823119
382.043,331.5,0.877473,0.449808,-0.357825,-0.663018
382.909,331,0.92066,0.599065,-0.402857,-0.57135
383.775,330.5,0.886958,0.66148,-0.433214,-0.401825
384.641,330,0.733011,0.619922,-0.379185,-0.0960274
385.507,329.5,0.806573,0.723184,-0.357156,0.00190401
386.373,329,0.742186,0.616125,-0.255649,0.325382
387.239,328.5,0.767677,0.6181,-0.18243,0.417133
388.105,328,0.792485,0.59374,-0.133033,0.507748
388.971,327.5,0.827246,0.494819,-0.0788816,0.658231
389.837,327,0.768732,0.530754,-0.0223197,0.555654
390.703,326.5,0.729396,0.522747,0.0255102,0.508039
391.569,326,0.699717,0.659276,0.0275351,0.232811
392.435,325.5,0.607403,0.487083,0.0626453,0.357442
393.301,325,0.596016,0.45557,0.0548284,0.380376
394.167,324.5,0.522724,0.426619,0.070872,0.293623
395.033,324,0.470033,0.365687,0.0780779,0.284794
395.899,323.5,0.440445,0.345356,0.0680899,0.264735
396.765,323,0.412469,0.324135,0.0605169,0.2478
397.631,322.5,0.383163,0.29675,0.056784,0.235645
398.497,322,0.368232,0.274005,0.0513055,0.24059
399.363,321.5,0.357644,0.252486,0.0428231,0.249652
400.229,321,0.349623,0.237243,0.0332075,0.254655
401.095,320.5,0.359641,0.236337,0.0338888,0.268958
401.962,320,0.384939,0.242277,0.0409676,0.296313
402.828,319.5,0.423845,0.240472,0.0806559,0.339577
403.694,319,0.474253,0.264305,0.0852185,0.384443
404.56,318.5,0.529601,0.299651,0.0706759,0.430919
405.426,318,0.59387,0.338678,0.0796501,0.481285
406.292,317.5,0.653046,0.383426,0.101404,0.518817
407.158,317,0.717692,0.42142,0.114059,0.569629
408.024,316.5,0.814923,0.460471,0.0929581,0.665901
408.89,316,0.866663,0.502546,0.0682142,0.702779
409.756,315.5,0.881359,0.52074,0.0632757,0.708251
410.622,315,0.849256,0.531445,0.0726723,0.658423
411.488,314.5,0.885267,0.55737,0.0727465,0.683918
412.354,314,0.888536,0.570806,0.0595672,0.678328
413.22,313.5,0.878743,0.57557,0.0472539,0.662325
414.086,313,0.855786,0.571733,0.0355212,0.63579
414.952,312.5,0.834777,0.575215,0.0176338,0.604706
415.818,312,0.815718,0.578349,0.00133468,0.575244
416.684,311.5,0.795166,0.577755,-0.0124286,0.546199
417.55,311,0.782255,0.579041,-0.0240497,0.525411
418.416,310.5,0.774604,0.585586,-0.0373342,0.505674
419.282,310,0.768287,0.594934,-0.0491398,0.483636
420.148,309.5,0.766019,0.604207,-0.0486913,0.468345
421.014,309,0.767288,0.613409,-0.0393119,0.459254
421.88,308.5,0.768561,0.6234,-0.0314467,0.448409
422.746,308,0.769545,0.632403,-0.0243021,0.437807
423.612,307.5,0.770106,0.638683,-0.0182187,0.429903
424.478,307,0.771424,0.646182,-0.0161367,0.421051
425.344,306.5,0.772283,0.653708,-0.0143873,0.41095
426.21,306,0.770915,0.658579,-0.0130849,0.400515
427.076,305.5,0.769261,0.663289,-0.010544,0.389486
427.942,305,0.767362,0.667839,-0.00683903,0.377873
428.808,304.5,0.765698,0.672279,-0.00879309,0.366411
429.674,304,0.763634,0.676034,-0.0105581,0.354969
430.54,303.5,0.761162,0.679064,-0.0116475,0.343664
431.406,303,0.759841,0.682143,-0.0120768,0.334504
432.272,302.5,0.758315,0.684662,-0.0123826,0.325771
433.138,302,0.756472,0.686734,-0.0127579,0.31699
434.004,301.5,0.755022,0.688713,-0.0121809,0.309166
434.87,301,0.753662,0.690387,-0.0111493,0.302073
435.737,300.5,0.752266,0.691816,-0.0102107,0.295281
436.603,300,0.750355,0.69248,-0.00913028,0.288825
437.469,299.5,0.748021,0.692534,-0.00779175,0.282615
438.335,299,0.746162,0.692907,-0.00604184,0.276769
439.201,298.5,0.744186,0.693005,-0.00431395,0.271179
440.067,298,0.741717,0.692457,-0.00282595,0.26578
440.933,297.5,0.73923,0.691801,-0.00129864,0.260519
441.799,297,0.73677,0.691065,9.61454e-05,0.25546
442.665,296.5,0.734588,0.690434,0.000851393,0.250838
443.531,296,0.732619,0.689912,0.00149302,0.246475
444.397,295.5,0.730686,0.68938,0.00208632,0.242182
445.263,295,0.729011,0.689003,0.00214958,0.238176
446.129,294.5,0.727301,0.688548,0.00219332,0.234231
446.995,294,0.725554,0.688014,0.00221753,0.230347
447.861,293.5,0.724096,0.687736,0.0022099,0.226559
448.727,293,0.7225,0.687294,0.00218255,0.222773
449.593,292.5,0.720746,0.686671,0.00214024,0.218982
450.459,292,0.71958,0.686576,0.00191741,0.215417
451.325,291.5,0.718713,0.686754,0.00162883,0.211933
452.191,291,0.717467,0.686507,0.0013169,0.208483
453.057,290.5,0.715751,0.685693,0.00110467,0.205242
453.923,290,0.714171,0.684973,0.00100757,0.202116
454.789,289.5,0.712624,0.684274,0.000951352,0.199
455.655,289,0.711092,0.683562,0.000990411,0.195944
456.521,288.5,0.709462,0.682701,0.0011171,0.193013
457.387,288,0.706792,0.680687,0.00127727,0.19031
458.253,287.5,0.704171,0.678675,0.00147043,0.187764
459.119,287,0.701593,0.676636,0.00175089,0.185453
459.985,286.5,0.69899,0.674553,0.00208367,0.183196
460.851,286,0.696274,0.672335,0.00249287,0.180989
461.717,285.5,0.692497,0.669014,0.00310127,0.178778
462.583,285,0.688205,0.665164,0.00372058,0.176547
463.449,284.5,0.683836,0.661239,0.00434402,0.174286
464.315,284,0.679205,0.657031,0.00470502,0.172068
465.181,283.5,0.674485,0.652743,0.0050278,0.169798
466.047,283,0.669679,0.648378,0.00532177,0.167473
466.913,282.5,0.664607,0.643803,0.00547317,0.164896
467.779,282,0.659473,0.639185,0.00553021,0.162225
468.645,281.5,0.654286,0.634527,0.00553558,0.159484
469.512,281,0.649137,0.629914,0.00540025,0.156708
470.378,280.5,0.644047,0.625358,0.00518588,0.153937
471.244,280,0.639462,0.621306,0.00502224,0.151214
472.11,279.5,0.635497,0.61784,0.00479204,0.148685
472.976,279,0.631764,0.614568,0.00443681,0.14633
473.842,278.5,0.628075,0.611326,0.00406272,0.14402
474.708,278,0.624515,0.608189,0.00368044,0.141811
475.574,277.5,0.621264,0.605332,0.00330943,0.139754
476.44,277,0.619418,0.603908,0.00302915,0.137711
477.306,276.5,0.617582,0.602483,0.00276387,0.135698
478.172,276,0.615827,0.601117,0.00259863,0.13377
479.038,275.5,0.61407,0.599738,0.00241421,0.131876
