x,v,vx,vy,vz
220.096,425,0.654487,0.654487,1.34888e-06,7.56457e-06
220.962,424.5,0.654487,0.654487,1.30305e-06,7.46227e-06
221.828,424,0.654486,0.654486,1.25722e-06,7.36065e-06
222.694,423.5,0.654486,0.654486,1.21118e-06,7.2597e-06
223.56,423,0.654485,0.654485,1.17433e-06,7.15944e-06
224.426,422.5,0.654485,0.654485,1.1399e-06,7.05996e-06
225.292,422,0.654484,0.654484,1.10475e-06,6.96291e-06
226.158,421.5,0.654484,0.654484,1.07407e-06,6.86676e-06
227.024,421,0.654484,0.654484,1.04589e-06,6.77136e-06
227.89,420.5,0.654483,0.654483,1.01775e-06,6.67673e-06
228.756,420,0.654483,0.654483,9.98643e-07,6.58269e-06
229.622,419.5,0.654482,0.654482,9.88468e-07,6.48937e-06
230.488,419,0.654482,0.654482,9.78713e-07,6.39702e-06
231.355,418.5,0.654482,0.654482,9.69729e-07,6.30544e-06
232.221,418,0.654481,0.654481,9.61452e-07,6.21459e-06
233.087,417.5,0.654481,0.654481,9.52948e-07,6.12456e-06
233.953,417,0.65448,0.65448,9.45701e-07,6.03528e-06
234.819,416.5,0.65448,0.65448,9.44648e-07,5.94706e-06
235.685,416,0.65448,0.65448,9.43435e-07,5.85956e-06
236.551,415.5,0.654479,0.654479,9.4193e-07,5.77278e-06
237.417,415,0.654479,0.654479,9.36437e-07,5.68674e-06
238.283,414.5,0.654479,0.654479,9.31323e-07,5.60141e-06
239.149,414,0.654478,0.654478,9.26365e-07,5.51657e-06
240.015,413.5,0.654478,0.654478,9.38645e-07,5.4323e-06
240.881,413,0.654478,0.654478,9.53621e-07,5.34865e-06
241.747,412.5,0.654477,0.654477,9.68791e-07,5.26559e-06
242.613,412,0.654477,0.654477,9.84286e-07,5.18308e-06
243.479,411.5,0.654477,0.654477,9.99547e-07,5.10125e-06
244.345,411,0.654476,0.654476,1.01532e-06,5.02108e-06
245.211,410.5,0.654476,0.654476,1.03098e-06,4.94154e-06
246.077,410,0.654476,0.654476,1.04596e-06,4.86264e-06
246.943,409.5,0.654475,0.654475,1.06052e-06,4.78437e-06
247.809,409,0.654475,0.654475,1.07625e-06,4.70666e-06
248.675,408.5,0.654475,0.654475,1.09422e-06,4.62966e-06
249.541,408,0.654474,0.654474,1.11197e-06,4.55345e-06
250.407,407.5,0.654474,0.654474,1.13287e-06,4.47781e-06
251.273,407,0.654474,0.654474,1.16431e-06,4.40276e-06
252.139,406.5,0.654473,0.654473,1.19596e-06,4.32842e-06
253.005,406,0.654473,0.654473,1.22778e-06,4.25483e-06
253.871,405.5,0.654473,0.654473,1.25946e-06,4.18214e-06
254.737,405,0.654472,0.654472,1.29113e-06,4.11009e-06
255.603,404.5,0.654472,0.654472,1.3228e-06,4.0387e-06
256.469,404,0.654472,0.654472,1.33818e-06,3.96776e-06
257.335,403.5,0.654471,0.654471,1.35223e-06,3.89749e-06
258.201,403,0.654471,0.654471,1.36669e-06,3.82767e-06
259.067,402.5,0.654471,0.654471,1.38121e-06,3.75836e-06
259.933,402,0.65447,0.65447,1.39543e-06,3.68978e-06
260.799,401.5,0.65447,0.65447,1.40942e-06,3.62195e-06
261.665,401,0.65447,0.65447,1.42438e-06,3.5548e-06
262.531,400.5,0.654469,0.654469,1.44032e-06,3.48835e-06
263.397,400,0.654469,0.654469,1.45648e-06,3.42303e-06
264.263,399.5,0.654468,0.654468,1.47203e-06,3.35842e-06
265.13,399,0.654468,0.654468,1.48727e-06,3.2945e-06
265.996,398.5,0.654468,0.654468,1.50294e-06,3.23128e-06
266.862,398,0.654467,0.654467,1.51351e-06,3.16878e-06
267.728,397.5,0.654467,0.654467,1.51062e-06,3.10708e-06
268.594,397,0.654467,0.654467,1.50759e-06,3.046e-06
269.46,396.5,0.654466,0.654466,1.50272e-06,2.9855e-06
270.326,396,0.654466,0.654466,1.48562e-06,2.92549e-06
271.192,395.5,0.654466,0.654466,1.46829e-06,2.86606e-06
272.058,395,0.654465,0.654465,1.45088e-06,2.80713e-06
272.924,394.5,0.654465,0.654465,1.43466e-06,2.74857e-06
273.79,394,0.654464,0.654464,1.41813e-06,2.69065e-06
274.656,393.5,0.654464,0.654464,1.40128e-06,2.63337e-06
275.522,393,0.654464,0.654464,1.38235e-06,2.57663e-06
276.388,392.5,0.654463,0.654463,1.36305e-06,2.52047e-06
277.254,392,0.654463,0.654463,1.34376e-06,2.46439e-06
278.12,391.5,0.654463,0.654463,1.32034e-06,2.40868e-06
278.986,391,0.654462,0.654462,1.29513e-06,2.35363e-06
279.852,390.5,0.654462,0.654462,1.27016e-06,2.29928e-06
280.718,390,0.654462,0.654462,1.24736e-06,2.24568e-06
281.584,389.5,0.654461,0.654461,1.2264e-06,2.1928e-06
282.45,389,0.654461,0.654461,1.20557e-06,2.14063e-06
283.316,388.5,0.654461,0.654461,1.18543e-06,2.08908e-06
284.182,388,0.65446,0.65446,1.16652e-06,2.03811e-06
285.048,387.5,0.65446,0.65446,1.14751e-06,1.98778e-06
285.914,387,0.65446,0.65446,1.12826e-06,1.9381e-06
286.78,386.5,0.654459,0.654459,1.10839e-06,1.88909e-06
287.646,386,0.654459,0.654459,1.08841e-06,1.84077e-06
288.512,385.5,0.654459,0.654459,1.06795e-06,1.79313e-06
289.378,385,0.654458,0.654458,1.03901e-06,1.74618e-06
290.244,384.5,0.654458,0.654458,1.01024e-06,1.69982e-06
291.11,384,0.654458,0.654458,9.81516e-07,1.65397e-06
291.976,383.5,0.654458,0.654458,9.44059e-07,1.60877e-06
292.842,383,0.654457,0.654457,9.05648e-07,1.56423e-06
293.708,382.5,0.654457,0.654457,8.67422e-07,1.52031e-06
294.574,382,0.654457,0.654457,8.30363e-07,1.47714e-06
295.44,381.5,0.654457,0.654457,7.93484e-07,1.43467e-06
296.306,381,0.654456,0.654456,7.56633e-07,1.39274e-06
297.172,380.5,0.654456,0.654456,7.19379e-07,1.35143e-06
298.038,380,0.654456,0.654456,6.81601e-07,1.31074e-06
298.905,379.5,0.654456,0.654456,6.43613e-07,1.27064e-06
299.771,379,0.654455,0.654455,6.10806e-07,1.23126e-06
300.637,378.5,0.654455,0.654455,5.8588e-07,1.19268e-06
301.503,378,0.654455,0.654455,5.61074e-07,1.1547e-06
302.369,377.5,0.654455,0.654455,5.36448e-07,1.11731e-06
303.235,377,0.654454,0.654454,5.12785e-07,1.08052e-06
304.101,376.5,0.654454,0.654454,4.89183e-07,1.04429e-06
304.967,376,0.654454,0.654454,4.66855e-07,1.00861e-06
305.833,375.5,0.654454,0.654454,4.5576e-07,9.73496e-07
306.699,375,0.654454,0.654454,4.44767e-07,9.38985e-07
307.565,374.5,0.654454,0.654454,4.33883e-07,9.05068e-07
308.431,374,0.654453,0.654453,4.23911e-07,8.71764e-07
309.297,373.5,0.654453,0.654453,4.1387e-07,8.39077e-07
310.163,373,0.654453,0.654453,4.03634e-07,8.06987e-07
311.029,372.5,0.654453,0.654453,3.93492e-07,7.75473e-07
311.895,372,0.654453,0.654453,3.83375e-07,7.44568e-07
312.761,371.5,0.654453,0.654453,3.73226e-07,7.14275e-07
313.627,371,0.654452,0.654452,3.61891e-07,6.84609e-07
314.493,370.5,0.654452,0.654452,3.50068e-07,6.55553e-07
315.359,370,0.654452,0.654452,3.38337e-07,6.27171e-07
316.225,369.5,0.654452,0.654452,3.30315e-07,5.99452e-07
317.091,369,0.654452,0.654452,3.26669e-07,5.72358e-07
317.957,368.5,0.654452,0.654452,3.23131e-07,5.45833e-07
318.823,368,0.654452,0.654452,3.18728e-07,5.19897e-07
319.689,367.5,0.654451,0.654451,3.12195e-07,4.94652e-07
320.555,367,0.654451,0.654451,3.05782e-07,4.70053e-07
321.421,366.5,0.654451,0.654451,2.99515e-07,4.46076e-07
322.287,366,0.654451,0.654451,2.93321e-07,4.2281e-07
323.153,365.5,0.654451,0.654451,2.87019e-07,4.00167e-07
324.019,365,0.654451,0.654451,2.80609e-07,3.78153e-07
324.885,364.5,0.654451,0.654451,2.7131e-07,3.56824e-07
325.751,364,0.654451,0.654451,2.6192e-07,3.36079e-07
326.617,363.5,0.654451,0.654451,2.52453e-07,3.15916e-07
327.483,363,0.654451,0.654451,2.48917e-07,2.96348e-07
328.349,362.5,0.65445,0.65445,2.46596e-07,2.77381e-07
329.215,362,0.65445,0.65445,2.44344e-07,2.58984e-07
330.081,361.5,0.65445,0.65445,2.41843e-07,2.41164e-07
330.947,361,0.65445,0.65445,2.39248e-07,2.23926e-07
331.813,360.5,0.65445,0.65445,2.36672e-07,2.0727e-07
332.679,360,0.65445,0.65445,2.33703e-07,1.91172e-07
333.546,359.5,0.65445,0.65445,2.30339e-07,1.75643e-07
334.412,359,0.65445,0.65445,2.26949e-07,1.60702e-07
335.278,358.5,0.65445,0.65445,2.24546e-07,1.46362e-07
336.144,358,0.65445,0.65445,2.23769e-07,1.32631e-07
337.01,357.5,0.65445,0.65445,2.22965e-07,1.19512e-07
337.876,357,0.65445,0.65445,2.23568e-07,1.06998e-07
338.742,356.5,0.65445,0.65445,2.29574e-07,9.50138e-08
339.608,356,0.65445,0.65445,2.35551e-07,8.36115e-08
340.474,355.5,0.65445,0.65445,2.41666e-07,7.28102e-08
341.34,355,0.65445,0.65445,2.50671e-07,6.25904e-08
342.206,354.5,0.65445,0.65445,2.59721e-07,5.29583e-08
343.072,354,0.65445,0.65445,2.68805e-07,4.3922e-08
343.938,353.5,0.654449,0.654449,2.71377e-07,3.55354e-08
344.804,353,0.654449,0.654449,2.73182e-07,2.77403e-08
345.67,352.5,0.654449,0.654449,2.74994e-07,2.05334e-08
346.536,352,0.654449,0.654449,2.7849e-07,1.39132e-08
347.402,351.5,0.654449,0.654449,2.82571e-07,7.90149e-09
348.268,351,0.654449,0.654449,2.86619e-07,2.4766e-09
349.134,350.5,0.654449,0.654449,2.92562e-07,-2.36774e-09
350,350,0.654449,0.654449,2.99888e-07,-6.60041e-09
350.866,349.5,0.654449,0.654449,3.07212e-07,-1.02103e-08
351.732,349,0.654449,0.654449,3.15242e-07,-1.32011e-08
352.598,348.5,0.654449,0.654449,3.24248e-07,-1.55812e-08
353.464,348,0.654449,0.654449,3.33266e-07,-1.73384e-08
354.33,347.5,0.654449,0.654449,3.40732e-07,-1.8485e-08
355.196,347,0.654449,0.654449,3.43879e-07,-1.90454e-08
356.062,346.5,0.654449,0.654449,3.4701e-07,-1.90093e-08
356.928,346,0.654449,0.654449,3.49483e-07,-1.83726e-08
357.794,345.5,0.654449,0.654449,3.4658e-07,-1.70963e-08
358.66,345,0.654448,0.654448,3.43686e-07,-1.52158e-08
359.526,344.5,0.654448,0.654448,3.40801e-07,-1.27328e-08
360.392,344,0.654448,0.654448,3.321e-07,-9.6099e-09
361.258,343.5,0.654448,0.654448,3.23115e-07,-5.88627e-09
362.124,343,0.654448,0.654448,3.14159e-07,-1.59198e-09
362.99,342.5,0.654448,0.654448,2.97205e-07,3.17201e-09
363.856,342,0.654448,0.654448,2.78197e-07,8.50939e-09
364.722,341.5,0.654448,0.654448,2.59247e-07,1.44371e-08
365.588,341,0.654448,0.654448,2.37956e-07,2.09024e-08
366.454,340.5,0.654448,0.654448,2.15261e-07,2.79213e-08
367.321,340,0.654448,0.654448,1.92667e-07,3.56043e-08
368.187,339.5,0.654448,0.654448,1.72602e-07,4.38855e-08
369.053,339,0.654448,0.654448,1.55173e-07,5.27383e-08
369.919,338.5,0.654448,0.654448,1.37623e-07,6.2173e-08
370.785,338,0.654448,0.654448,1.20074e-07,7.2172e-08
371.651,337.5,0.654448,0.654448,1.02763e-07,8.27317e-08
372.517,337,0.654448,0.654448,8.53953e-08,9.39084e-08
373.383,336.5,0.654448,0.654448,6.64959e-08,1.05701e-07
374.249,336,0.654448,0.654448,4.00472e-08,1.18132e-07
375.115,335.5,0.654448,0.654448,1.36476e-08,1.31189e-07
375.981,335,0.654448,0.654448,-1.27218e-08,1.44872e-07
376.847,334.5,0.654448,0.654448,-4.30459e-08,1.5898e-07
377.713,334,0.654448,0.654448,-7.32512e-08,1.73661e-07
378.579,333.5,0.654448,0.654448,-1.03325e-07,1.88922e-07
379.445,333,0.654448,0.654448,-1.39629e-07,2.04843e-07
380.311,332.5,0.654448,0.654448,-1.7708e-07,2.21364e-07
381.177,332,0.654448,0.654448,-2.14529e-07,2.38544e-07
382.043,331.5,0.654448,0.654448,-2.53564e-07,2.56526e-07
382.909,331,0.654448,0.654448,-2.93418e-07,2.75117e-07
383.775,330.5,0.654448,0.654448,-3.33371e-07,2.94268e-07
384.641,330,0.654448,0.654448,-3.77042e-07,3.14041e-07
385.507,329.5,0.654448,0.654448,-4.2385e-07,3.34439e-07
386.373,329,0.654448,0.654448,-4.70682e-07,3.55498e-07
387.239,328.5,0.654448,0.654448,-5.13013e-07,3.77221e-07
388.105,328,0.654448,0.654448,-5.47752e-07,3.99661e-07
388.971,327.5,0.654448,0.654448,-5.82446e-07,4.22688e-07
389.837,327,0.654449,0.654449,-6.16491e-07,4.46306e-07
390.703,326.5,0.654449,0.654449,-6.48398e-07,4.7056e-07
391.569,326,0.654449,0.654449,-6.80213e-07,4.95404e-07
392.435,325.5,0.654449,0.654449,-7.10863e-07,5.20801e-07
393.301,325,0.654449,0.654449,-7.25368e-07,5.46784e-07
394.167,324.5,0.654449,0.654449,-7.3996e-07,5.73338e-07
395.033,324,0.654449,0.654449,-7.54628e-07,6.00462e-07
395.899,323.5,0.65445,0.65445,-7.60376e-07,6.28129e-07
396.765,323,0.65445,0.65445,-7.65405e-07,6.56386e-07
397.631,322.5,0.65445,0.65445,-7.70663e-07,6.85235e-07
398.497,322,0.65445,0.65445,-7.6937e-07,7.14621e-07
399.363,321.5,0.65445,0.65445,-7.65643e-07,7.44612e-07
400.229,321,0.65445,0.65445,-7.61848e-07,7.75225e-07
401.095,320.5,0.654451,0.654451,-7.56994e-07,8.06433e-07
401.962,320,0.654451,0.654451,-7.51223e-07,8.38247e-07
402.828,319.5,0.654451,0.654451,-7.45332e-07,8.70686e-07
403.694,319,0.654451,0.654451,-7.37216e-07,9.03718e-07
404.56,318.5,0.654451,0.654451,-7.26361e-07,9.37279e-07
405.426,318,0.654451,0.654451,-7.15449e-07,9.71394e-07
406.292,317.5,0.654452,0.654452,-7.05943e-07,1.00615e-06
407.158,317,0.654452,0.654452,-7.00728e-07,1.04158e-06
408.024,316.5,0.654452,0.654452,-6.95497e-07,1.07762e-06
408.89,316,0.654452,0.654452,-6.90657e-07,1.11429e-06
409.756,315.5,0.654452,0.654452,-6.88903e-07,1.15178e-06
410.622,315,0.654453,0.654453,-6.87289e-07,1.18986e-06
411.488,314.5,0.654453,0.654453,-6.85828e-07,1.22851e-06
412.354,314,0.654453,0.654453,-6.88213e-07,1.26788e-06
413.22,313.5,0.654453,0.654453,-6.9059e-07,1.30785e-06
414.086,313,0.654453,0.654453,-6.92803e-07,1.34845e-06
414.952,312.5,0.654454,0.654454,-6.8902e-07,1.38999e-06
415.818,312,0.654454,0.654454,-6.8369e-07,1.43218e-06
416.684,311.5,0.654454,0.654454,-6.78286e-07,1.475e-06
417.55,311,0.654454,0.654454,-6.70964e-07,1.51844e-06
418.416,310.5,0.654455,0.654455,-6.62908e-07,1.56248e-06
419.282,310,0.654455,0.654455,-6.55059e-07,1.60711e-06
420.148,309.5,0.654455,0.654455,-6.46815e-07,1.6523e-06
421.014,309,0.654455,0.654455,-6.38475e-07,1.69812e-06
421.88,308.5,0.654455,0.654455,-6.3033e-07,1.74459e-06
422.746,308,0.654456,0.654456,-6.18289e-07,1.79173e-06
423.612,307.5,0.654456,0.654456,-5.97909e-07,1.8395e-06
424.478,307,0.654456,0.654456,-5.77944e-07,1.88762e-06
425.344,306.5,0.654456,0.654456,-5.5672e-07,1.93631e-06
426.21,306,0.654457,0.654457,-5.26848e-07,1.98553e-06
427.076,305.5,0.654457,0.654457,-4.96724e-07,2.03538e-06
427.942,305,0.654457,0.654457,-4.66037e-07,2.08585e-06
428.808,304.5,0.654457,0.654457,-4.14065e-07,2.13677e-06
429.674,304,0.654457,0.654457,-3.6195e-07,2.18829e-06
430.54,303.5,0.654458,0.654458,-3.09709e-07,2.24047e-06
431.406,303,0.654458,0.654458,-2.63154e-07,2.29324e-06
432.272,302.5,0.654458,0.654458,-2.17778e-07,2.34659e-06
433.138,302,0.654458,0.654458,-1.72475e-07,2.40053e-06
434.004,301.5,0.654458,0.654458,-1.27403e-07,2.45519e-06
434.87,301,0.654459,0.654459,-8.26271e-08,2.51053e-06
435.737,300.5,0.654459,0.654459,-3.78778e-08,2.56651e-06
436.603,300,0.654459,0.654459,-2.42002e-09,2.6233e-06
437.469,299.5,0.654459,0.654459,2.53188e-08,2.68091e-06
438.335,299,0.654459,0.654459,5.29023e-08,2.73961e-06
439.201,298.5,0.654459,0.654459,6.85104e-08,2.79902e-06
440.067,298,0.65446,0.65446,6.55406e-08,2.85908e-06
440.933,297.5,0.65446,0.65446,6.2758e-08,2.91973e-06
441.799,297,0.65446,0.65446,5.1827e-08,2.98103e-06
442.665,296.5,0.65446,0.65446,1.24422e-08,3.04316e-06
443.531,296,0.65446,0.65446,-2.71337e-08,3.1059e-06
444.397,295.5,0.65446,0.65446,-6.77645e-08,3.1693e-06
445.263,295,0.65446,0.65446,-1.23433e-07,3.2333e-06
446.129,294.5,0.654461,0.654461,-1.79377e-07,3.29794e-06
446.995,294,0.654461,0.654461,-2.35598e-07,3.36322e-06
447.861,293.5,0.654461,0.654461,-2.88881e-07,3.42917e-06
448.727,293,0.654461,0.654461,-3.42043e-07,3.4958e-06
449.593,292.5,0.654461,0.654461,-3.95412e-07,3.5631e-06
450.459,292,0.654461,0.654461,-4.54305e-07,3.63097e-06
451.325,291.5,0.654462,0.654462,-5.14667e-07,3.69947e-06
452.191,291,0.654462,0.654462,-5.74904e-07,3.76863e-06
453.057,290.5,0.654462,0.654462,-6.32317e-07,3.83821e-06
453.923,290,0.654462,0.654462,-6.87253e-07,3.90833e-06
454.789,289.5,0.654462,0.654462,-7.41787e-07,3.97913e-06
455.655,289,0.654463,0.654463,-7.90747e-07,4.05058e-06
456.521,288.5,0.654463,0.654463,-8.33054e-07,4.12262e-06
457.387,288,0.654463,0.654463,-8.7566e-07,4.1958e-06
458.253,287.5,0.654463,0.654463,-9.15822e-07,4.26971e-06
459.119,287,0.654464,0.654464,-9.50509e-07,4.34428e-06
459.985,286.5,0.654464,0.654464,-9.85416e-07,4.41942e-06
460.851,286,0.654464,0.654464,-1.02152e-06,4.49516e-06
461.717,285.5,0.654464,0.654464,-1.06434e-06,4.57156e-06
462.583,285,0.654465,0.654465,-1.10703e-06,4.64857e-06
463.449,284.5,0.654465,0.654465,-1.14965e-06,4.72629e-06
464.315,284,0.654465,0.654465,-1.20499e-06,4.80511e-06
465.181,283.5,0.654465,0.654465,-1.26048e-06,4.88466e-06
466.047,283,0.654466,0.654466,-1.31572e-06,4.96494e-06
466.913,282.5,0.654466,0.654466,-1.39482e-06,5.04642e-06
467.779,282,0.654466,0.654466,-1.47908e-06,5.12852e-06
468.645,281.5,0.654467,0.654467,-1.56296e-06,5.21121e-06
469.512,281,0.654467,0.654467,-1.64823e-06,5.29468e-06
470.378,280.5,0.654467,0.654467,-1.73466e-06,5.37903e-06
471.244,280,0.654468,0.654468,-1.82116e-06,5.4645e-06
472.11,279.5,0.654468,0.654468,-1.91491e-06,5.55098e-06
472.976,279,0.654469,0.654469,-2.01675e-06,5.63813e-06
473.842,278.5,0.654469,0.654469,-2.11914e-06,5.72589e-06
474.708,278,0.65447,0.65447,-2.2137e-06,5.81419e-06
475.574,277.5,0.65447,0.65447,-2.29165e-06,5.90306e-06
476.44,277,0.65447,0.65447,-2.36886e-06,5.99382e-06
477.306,276.5,0.654471,0.654471,-2.44495e-06,6.08539e-06
478.172,276,0.654472,0.654472,-2.5146e-06,6.17777e-06
479.038,275.5,0.654472,0.654472,-2.58389e-06,6.27095e-06
