x,v,vx,vy,vz
220.096,425,0.565945,0.565942,-0.000973629,-0.00134129
220.962,424.5,0.565947,0.565945,-0.000698417,-0.00115109
221.828,424,0.565921,0.56592,-0.000443436,-0.000983249
222.694,423.5,0.565872,0.565871,-0.000214474,-0.00083897
223.56,423,0.565583,0.565583,5.15858e-05,-0.000699494
224.426,422.5,0.56525,0.565249,0.000320718,-0.000608012
225.292,422,0.564962,0.564961,0.000593974,-0.000765433
226.158,421.5,0.564577,0.564575,0.00101429,-0.00094212
227.024,421,0.564183,0.56418,0.00152654,-0.00114247
227.89,420.5,0.563842,0.563836,0.00206294,-0.00138706
228.756,420,0.563218,0.563209,0.00272895,-0.00162234
229.622,419.5,0.562225,0.562211,0.00350657,-0.00174061
230.488,419,0.561155,0.561136,0.00426721,-0.00178989
231.355,418.5,0.559904,0.559879,0.00497062,-0.00189172
232.221,418,0.558319,0.558287,0.00557502,-0.00202914
233.087,417.5,0.556734,0.556695,0.00617569,-0.00221634
233.953,417,0.55508,0.555034,0.00669767,-0.00244142
234.819,416.5,0.553819,0.55377,0.0067715,-0.00288163
235.685,416,0.55256,0.552507,0.00684379,-0.00332747
236.551,415.5,0.551289,0.551232,0.00690865,-0.00377061
237.417,415,0.549963,0.549907,0.00672126,-0.00407656
238.283,414.5,0.548638,0.548582,0.00651454,-0.00438354
239.149,414,0.547347,0.54729,0.00635936,-0.00472359
240.015,413.5,0.546327,0.546267,0.00646644,-0.00490813
240.881,413,0.545349,0.545285,0.00658517,-0.00507011
241.747,412.5,0.544377,0.54431,0.00668569,-0.00523755
242.613,412,0.54353,0.54346,0.00698376,-0.0051993
243.479,411.5,0.542719,0.542645,0.00735657,-0.00508293
244.345,411,0.541349,0.54127,0.00777602,-0.00494807
245.211,410.5,0.540066,0.539984,0.0082,-0.00467009
246.077,410,0.538845,0.538758,0.00865717,-0.00429333
246.943,409.5,0.537626,0.537534,0.00914213,-0.00393479
247.809,409,0.536386,0.536282,0.00995308,-0.00355281
248.675,408.5,0.534912,0.534786,0.0112048,-0.00317818
249.541,408,0.533317,0.533164,0.0124414,-0.00288119
250.407,407.5,0.531412,0.53123,0.0136478,-0.00260565
251.273,407,0.528509,0.528299,0.014746,-0.00230549
252.139,406.5,0.525615,0.525372,0.0158393,-0.00210686
253.005,406,0.522623,0.522346,0.0168893,-0.0019716
253.871,405.5,0.518587,0.518287,0.0175403,-0.00157834
254.737,405,0.514645,0.514322,0.0181845,-0.00128681
255.603,404.5,0.510797,0.510449,0.0188221,-0.001097
256.469,404,0.505214,0.504868,0.0186644,-0.000869113
257.335,403.5,0.499508,0.499166,0.0184613,-0.000731918
258.201,403,0.493631,0.493291,0.0182985,-0.000755068
259.067,402.5,0.486808,0.486492,0.0175136,-0.000894278
259.933,402,0.479649,0.479362,0.0165445,-0.00112663
260.799,401.5,0.472384,0.472125,0.0155815,-0.00146963
261.665,401,0.464518,0.464264,0.015256,-0.00171113
262.531,400.5,0.456187,0.455928,0.0152582,-0.001854
263.397,400,0.447489,0.447233,0.0149862,-0.00208725
264.263,399.5,0.43846,0.438182,0.0154501,-0.00215905
265.13,399,0.428996,0.428659,0.0168624,-0.00205429
265.996,398.5,0.419388,0.418977,0.0184304,-0.00206258
266.862,398,0.409297,0.408823,0.0196081,-0.00185719
267.728,397.5,0.398104,0.397629,0.0194006,-0.00132333
268.594,397,0.386883,0.386402,0.0192463,-0.00111555
269.46,396.5,0.376107,0.375615,0.0191947,-0.00101587
270.326,396,0.367433,0.366936,0.0190752,-0.000901045
271.192,395.5,0.3583,0.357802,0.0188373,-0.00132313
272.058,395,0.349021,0.34851,0.018761,-0.00219078
272.924,394.5,0.337703,0.337329,0.0158797,-0.000863862
273.79,394,0.326465,0.326275,0.0111439,-5.27476e-05
274.656,393.5,0.315423,0.315389,0.00459522,0.000206932
275.522,393,0.306315,0.306288,-0.00373382,-0.00164661
276.388,392.5,0.298267,0.29791,-0.0137727,-0.00480766
277.254,392,0.290476,0.289304,-0.0237201,-0.0108025
278.12,391.5,0.283035,0.27988,-0.0380241,-0.0181769
278.986,391,0.280365,0.273071,-0.0569179,-0.0282339
279.852,390.5,0.283754,0.269421,-0.078771,-0.0415214
280.718,390,0.29492,0.264062,-0.118736,-0.0561339
281.584,389.5,0.322128,0.25704,-0.181908,-0.0678734
282.45,389,0.37777,0.265518,-0.25599,-0.0817278
283.316,388.5,0.455287,0.299846,-0.33321,-0.0796873
284.182,388,0.52048,0.353037,-0.379258,-0.0492748
285.048,387.5,0.697902,0.445931,-0.535157,-0.0426481
285.914,387,0.655863,0.505188,-0.418082,-0.012148
286.78,386.5,0.575452,0.530892,-0.213481,0.0610307
287.646,386,0.477029,0.448965,0.0723366,0.144066
288.512,385.5,0.567524,0.443198,0.276402,0.221947
289.378,385,0.552589,0.319449,0.372519,0.254041
290.244,384.5,0.557791,0.170857,0.451949,0.278713
291.11,384,0.588987,0.00640235,0.511915,0.291218
291.976,383.5,0.558452,-0.133232,0.45825,0.290042
292.842,383,0.587878,-0.329524,0.388519,0.293373
293.708,382.5,0.659364,-0.521723,0.297265,0.272395
294.574,382,0.698233,-0.625095,0.170844,0.259996
295.44,381.5,0.685741,-0.640766,0.00666026,0.244165
296.306,381,0.693844,-0.63013,-0.141964,0.253383
297.172,380.5,0.695607,-0.589267,-0.228967,0.290187
298.038,380,0.595887,-0.444139,-0.248921,0.309612
298.905,379.5,0.551972,-0.355707,-0.313149,0.282991
299.771,379,0.499055,-0.235392,-0.349673,0.267161
300.637,378.5,0.436829,-0.0801007,-0.328839,0.276167
301.503,378,0.433671,0.0723379,-0.312014,0.292378
302.369,377.5,0.47522,0.188194,-0.320708,0.295911
303.235,377,0.528059,0.301582,-0.342344,0.265885
304.101,376.5,0.535004,0.3671,-0.340552,0.188389
304.967,376,0.582632,0.440349,-0.365672,0.108797
305.833,375.5,0.568662,0.465035,-0.301476,0.127402
306.699,375,0.55797,0.476261,-0.263916,0.121879
307.565,374.5,0.545669,0.473672,-0.254796,0.0920205
308.431,374,0.52046,0.44966,-0.252521,0.0701213
309.297,373.5,0.477751,0.409634,-0.239341,0.0562264
310.163,373,0.418402,0.362308,-0.204377,0.044979
311.029,372.5,0.418243,0.362393,-0.208567,0.00989756
311.895,372,0.429735,0.364409,-0.226628,-0.0227568
312.761,371.5,0.433842,0.35517,-0.245009,-0.0452098
313.627,371,0.455471,0.375135,-0.249943,-0.0652383
314.493,370.5,0.486906,0.413931,-0.24389,-0.0790966
315.359,370,0.546765,0.487407,-0.230262,-0.0914652
316.225,369.5,0.603112,0.570532,-0.183332,-0.0680211
317.091,369,0.666526,0.658586,-0.10196,-0.0112137
317.957,368.5,0.738481,0.736105,-0.0278585,0.0522364
318.823,368,0.790287,0.779033,0.0129505,0.132262
319.689,367.5,0.787852,0.754149,-0.0120623,0.227653
320.555,367,0.785408,0.728046,-0.0392773,0.292015
321.421,366.5,0.776513,0.706286,-0.0680853,0.315431
322.287,366,0.738442,0.683987,-0.0952058,0.261522
323.153,365.5,0.718261,0.671944,-0.120701,0.223208
324.019,365,0.712341,0.667616,-0.142169,0.203735
324.885,364.5,0.719103,0.677571,-0.140901,0.19533
325.751,364,0.725021,0.692672,-0.119887,0.17745
326.617,363.5,0.732679,0.712739,-0.0790462,0.150243
327.483,363,0.689228,0.68639,0.00859033,0.0618866
328.349,362.5,0.645856,0.638488,0.0852799,-0.0468082
329.215,362,0.586268,0.545786,0.129843,-0.170202
330.081,361.5,0.534299,0.423583,0.137461,-0.295224
330.947,361,0.524957,0.3087,0.135088,-0.402536
331.813,360.5,0.552045,0.204923,0.130818,-0.495628
332.679,360,0.549768,0.146402,0.106763,-0.51905
333.546,359.5,0.498541,0.147838,0.060878,-0.472209
334.412,359,0.45517,0.212976,0.00401603,-0.402249
335.278,358.5,0.451063,0.290514,-0.0468424,-0.341855
336.144,358,0.486802,0.375297,-0.0767761,-0.30039
337.01,357.5,0.543156,0.459254,-0.104896,-0.270373
337.876,357,0.611235,0.539992,-0.128198,-0.256091
338.742,356.5,0.674678,0.603828,-0.130426,-0.27124
339.608,356,0.731404,0.655103,-0.127519,-0.299216
340.474,355.5,0.781932,0.694173,-0.122781,-0.338327
341.34,355,0.905565,0.801165,-0.128742,-0.402004
342.206,354.5,0.97638,0.852062,-0.118,-0.461934
343.072,354,1.04634,0.901178,-0.108922,-0.520435
343.938,353.5,1.13223,0.964673,-0.11002,-0.582445
344.804,353,1.16104,0.980014,-0.102667,-0.614037
345.67,352.5,1.18495,0.99701,-0.0799712,-0.635355
346.536,352,1.20179,1.01085,-0.035697,-0.649003
347.402,351.5,1.15549,0.970597,0.028199,-0.626344
348.268,351,1.12088,0.948443,0.0962313,-0.589547
349.134,350.5,1.0634,0.910568,0.175852,-0.520346
350,350,0.967741,0.820532,0.181052,-0.480073
350.866,349.5,0.883006,0.725075,0.174016,-0.472954
351.732,349,0.762772,0.568237,0.134971,-0.490623
352.598,348.5,0.686263,0.413959,0.0940723,-0.539208
353.464,348,0.672885,0.271589,0.061684,-0.612543
354.33,347.5,0.675195,0.408097,0.101451,-0.528254
355.196,347,0.679471,0.600664,0.0995563,-0.301615
356.062,346.5,0.817085,0.81345,0.0769825,0.000563694
356.928,346,1.02461,0.999153,0.0549464,0.220251
357.794,345.5,1.13816,1.08431,0.0234695,0.345155
358.66,345,1.09424,1.02582,-0.0223634,0.380216
359.526,344.5,1.11926,1.03742,-0.0463272,0.41756
360.392,344,1.07843,1.00007,-0.0413269,0.401454
361.258,343.5,1.03683,0.965393,-0.0309133,0.376921
362.124,343,1.00424,0.940124,-0.0189007,0.352587
362.99,342.5,1.00272,0.941443,-0.0134861,0.344887
363.856,342,1.00323,0.945178,-0.00939606,0.336172
364.722,341.5,1.00182,0.947623,-0.0061914,0.324977
365.588,341,0.998921,0.948657,-0.00806098,0.312773
366.454,340.5,0.994832,0.947925,-0.0136435,0.301568
367.321,340,0.990969,0.946114,-0.0214684,0.293986
368.187,339.5,0.993549,0.949216,-0.0269018,0.292243
369.053,339,0.999846,0.955008,-0.0291204,0.294623
369.919,338.5,1.0059,0.960398,-0.0292861,0.297667
370.785,338,1.01019,0.964125,-0.0270393,0.300354
371.651,337.5,1.01038,0.964768,-0.022737,0.29928
372.517,337,1.01066,0.966243,-0.0179759,0.295767
373.383,336.5,1.00988,0.966855,-0.0136377,0.291316
374.249,336,1.008,0.966671,-0.0114133,0.285441
375.115,335.5,1.00691,0.967036,-0.00988016,0.28036
375.981,335,1.0066,0.96796,-0.00903649,0.276082
376.847,334.5,1.0075,0.969229,-0.0078562,0.274936
377.713,334,1.00682,0.968781,-0.00658468,0.274062
378.579,333.5,1.00468,0.96676,-0.00524617,0.273369
379.445,333,0.996998,0.960038,-0.0047012,0.268905
380.311,332.5,0.984365,0.949236,-0.00522188,0.260573
381.177,332,0.966477,0.933642,-0.00929245,0.249604
382.043,331.5,0.945607,0.913279,-0.00642252,0.245055
382.909,331,0.922351,0.889827,0.00581867,0.242703
383.775,330.5,0.898267,0.865274,0.0227142,0.240144
384.641,330,0.884378,0.848405,0.033737,0.247378
385.507,329.5,0.883743,0.840931,0.0402043,0.268738
386.373,329,0.886706,0.835608,0.0497721,0.292456
387.239,328.5,0.88737,0.829311,0.0600335,0.309944
388.105,328,0.883559,0.821231,0.0666776,0.319078
388.971,327.5,0.886595,0.818417,0.0778129,0.331949
389.837,327,0.897418,0.821478,0.0914473,0.349528
390.703,326.5,0.915674,0.828403,0.0902387,0.379558
391.569,326,0.940553,0.840119,0.0852523,0.414213
392.435,325.5,0.969903,0.856754,0.085125,0.446584
393.301,325,0.975645,0.860633,0.0770689,0.45305
394.167,324.5,0.969772,0.852001,0.0688542,0.458051
395.033,324,0.951791,0.830358,0.060125,0.4613
395.899,323.5,0.935528,0.810747,0.0524086,0.463849
396.765,323,0.924752,0.796007,0.0482882,0.468195
397.631,322.5,0.917592,0.784391,0.0470688,0.473804
398.497,322,0.910064,0.775805,0.0408921,0.473996
399.363,321.5,0.901447,0.766608,0.0334382,0.473076
400.229,321,0.885304,0.749163,0.0236996,0.471123
401.095,320.5,0.876934,0.732312,0.0119648,0.482276
401.962,320,0.886762,0.72585,0.00348258,0.509388
402.828,319.5,0.907216,0.726107,-0.00220071,0.54388
403.694,319,0.909668,0.719278,-0.00696908,0.556854
404.56,318.5,0.867543,0.694226,-0.0115211,0.520143
405.426,318,0.80784,0.66286,-0.016458,0.461466
406.292,317.5,0.736677,0.615539,-0.0188523,0.404289
407.158,317,0.814603,0.6677,-0.0442732,0.464536
408.024,316.5,0.807675,0.666442,-0.0409155,0.454445
408.89,316,0.796938,0.662508,-0.0295823,0.441948
409.756,315.5,0.787816,0.660993,-0.0153015,0.428379
410.622,315,0.78057,0.661895,0.00192704,0.41374
411.488,314.5,0.775519,0.665215,0.0221032,0.398031
412.354,314,0.732028,0.634221,0.0335831,0.364007
413.22,313.5,0.678728,0.595595,0.0332652,0.323777
414.086,313,0.621519,0.552573,0.0198642,0.283821
414.952,312.5,0.570845,0.513856,0.00835863,0.248488
415.818,312,0.477663,0.441151,-0.00197852,0.183151
416.684,311.5,0.488596,0.449332,-0.00896659,0.191692
417.55,311,0.456696,0.423527,-0.0147862,0.170228
418.416,310.5,0.434046,0.404408,-0.0176226,0.156651
419.282,310,0.469846,0.427822,-0.00173841,0.194218
420.148,309.5,0.520422,0.463369,0.0184372,0.236195
421.014,309,0.585546,0.511048,0.0429044,0.282582
421.88,308.5,0.739343,0.619005,0.100851,0.391522
422.746,308,0.847016,0.705028,0.132161,0.45045
423.612,307.5,0.86388,0.71967,0.133184,0.458939
424.478,307,0.825137,0.687154,0.118532,0.441158
425.344,306.5,0.774615,0.645809,0.0950753,0.417038
426.21,306,0.72692,0.610874,0.0561948,0.389984
427.076,305.5,0.668576,0.553288,-0.0216551,0.374696
427.942,305,0.670492,0.542338,-0.0726781,0.387488
428.808,304.5,0.689844,0.573969,-0.0351653,0.381061
429.674,304,0.709819,0.597643,-0.000797612,0.382969
430.54,303.5,0.725079,0.610043,0.025479,0.391072
431.406,303,0.727454,0.622989,0.0147808,0.375307
432.272,302.5,0.73339,0.645703,-0.00265547,0.347737
433.138,302,0.746919,0.677008,-0.0168828,0.315061
434.004,301.5,0.746718,0.688065,-0.0161826,0.289643
434.87,301,0.745049,0.698787,-0.0172728,0.257871
435.737,300.5,0.751498,0.718849,-0.0221787,0.217975
436.603,300,0.769955,0.747087,-0.0190094,0.185284
437.469,299.5,0.796655,0.779449,-0.00988733,0.164379
438.335,299,0.824317,0.813164,-0.00276604,0.135113
439.201,298.5,0.848262,0.842855,0.00461609,0.0955066
440.067,298,0.854514,0.851654,0.0085384,0.0693247
440.933,297.5,0.857702,0.85638,0.00776811,0.0469656
441.799,297,0.860651,0.860263,0.00271365,0.0256978
442.665,296.5,0.872713,0.87265,0.00322102,-0.0100181
443.531,296,0.875529,0.874363,0.00751897,-0.04453
444.397,295.5,0.86985,0.866721,0.0112212,-0.0728555
445.263,295,0.834833,0.832555,0.00322445,-0.0615522
446.129,294.5,0.804819,0.802996,-0.00561329,-0.0538429
446.995,294,0.779782,0.778045,-0.015292,-0.0497277
447.861,293.5,0.775065,0.772655,-0.0201796,-0.0576409
448.727,293,0.774586,0.771406,-0.0232972,-0.06613
449.593,292.5,0.77675,0.7728,-0.0250977,-0.0740984
450.459,292,0.784464,0.779921,-0.0144705,-0.0830518
451.325,291.5,0.793712,0.788351,0.000808858,-0.0920921
452.191,291,0.800132,0.794253,0.00656608,-0.0965981
453.057,290.5,0.802348,0.795886,-0.00656103,-0.101412
453.923,290,0.808384,0.800035,-0.0205354,-0.114048
454.789,289.5,0.820238,0.808945,-0.033259,-0.131502
455.655,289,0.833667,0.819428,-0.0378566,-0.148678
456.521,288.5,0.843339,0.828044,-0.0273696,-0.157529
457.387,288,0.877923,0.859579,0.0308893,-0.175836
458.253,287.5,0.921197,0.897173,0.0803792,-0.192937
459.119,287,0.931592,0.904764,0.102855,-0.196687
459.985,286.5,1.04005,0.995195,0.120485,-0.277065
460.851,286,1.0267,0.984309,0.134107,-0.259351
461.717,285.5,1.02045,0.980088,0.155016,-0.238132
462.583,285,1.01071,0.971197,0.177455,-0.216387
463.449,284.5,0.870413,0.837547,0.167807,-0.167255
464.315,284,0.66439,0.644251,0.13137,-0.0953735
465.181,283.5,0.598603,0.578557,0.129347,-0.0828649
466.047,283,0.531629,0.51118,0.126544,-0.0728835
466.913,282.5,0.487585,0.471116,0.114879,-0.0509112
467.779,282,0.450887,0.43858,0.100509,-0.0290583
468.645,281.5,0.423416,0.415148,0.0828964,-0.00784516
469.512,281,0.40773,0.401728,0.0632871,0.0292067
470.378,280.5,0.410593,0.401108,0.0459518,0.0747483
471.244,280,0.432143,0.415257,0.0442774,0.111125
472.11,279.5,0.457396,0.433147,0.0524764,0.137265
472.976,279,0.476367,0.446922,0.0582575,0.154248
473.842,278.5,0.592118,0.5457,0.107128,0.20332
474.708,278,0.596758,0.55529,0.0964748,0.196125
475.574,277.5,0.594892,0.559698,0.0823232,0.184003
476.44,277,0.554184,0.540137,0.0278831,0.12081
477.306,276.5,0.576148,0.562222,0.00998073,0.125513
478.172,276,0.56605,0.551958,0.00926708,0.125176
479.038,275.5,0.553205,0.540583,0.00728507,0.117274
