x,v,vx,vy,vz
220.096,425,0.600436,0.597652,-0.00551448,-0.0574912
220.962,424.5,0.595913,0.593235,-0.00568258,-0.0561389
221.828,424,0.5913,0.588702,-0.00595059,-0.0550499
222.694,423.5,0.586616,0.58407,-0.00632143,-0.0542285
223.56,423,0.581331,0.578817,-0.00667854,-0.0535988
224.426,422.5,0.575952,0.573445,-0.00709714,-0.0532036
225.292,422,0.569611,0.567068,-0.00718241,-0.0532785
226.158,421.5,0.56276,0.560167,-0.00711586,-0.0534876
227.024,421,0.555728,0.55307,-0.00698098,-0.05383
227.89,420.5,0.548698,0.54596,-0.00682415,-0.0543215
228.756,420,0.541512,0.538678,-0.00646717,-0.0549542
229.622,419.5,0.536188,0.533256,-0.00600002,-0.0556809
230.488,419,0.533295,0.530267,-0.00567045,-0.0564655
231.355,418.5,0.530305,0.527171,-0.00534201,-0.057325
232.221,418,0.527156,0.523907,-0.00496571,-0.0582316
233.087,417.5,0.524157,0.520779,-0.00467848,-0.059222
233.953,417,0.521304,0.517792,-0.00450636,-0.0602395
234.819,416.5,0.524515,0.520961,-0.00444098,-0.06079
235.685,416,0.527938,0.524352,-0.00444318,-0.0612676
236.551,415.5,0.531482,0.527874,-0.00451059,-0.0616602
237.417,415,0.535279,0.531717,-0.00454053,-0.0614868
238.283,414.5,0.539237,0.53573,-0.00465613,-0.0612191
239.149,414,0.544072,0.540664,-0.00467586,-0.0606237
240.015,413.5,0.549266,0.546049,-0.00434706,-0.0591959
240.881,413,0.554121,0.551097,-0.00394351,-0.0576761
241.747,412.5,0.558654,0.555814,-0.00348949,-0.0561456
242.613,412,0.562526,0.559893,-0.0028334,-0.0542859
243.479,411.5,0.565729,0.563291,-0.00200137,-0.0524231
244.345,411,0.56658,0.56422,-0.000818316,-0.0516538
245.211,410.5,0.566402,0.564107,0.000200919,-0.0509329
246.077,410,0.565322,0.563078,0.00105047,-0.0503003
246.943,409.5,0.563673,0.561463,0.00182978,-0.0498286
247.809,409,0.561227,0.559035,0.00249738,-0.049492
248.675,408.5,0.557976,0.555781,0.00292776,-0.0493524
249.541,408,0.554743,0.55253,0.00324271,-0.049399
250.407,407.5,0.551455,0.54922,0.00360043,-0.0494668
251.273,407,0.547767,0.545521,0.00412651,-0.0493757
252.139,406.5,0.544127,0.541862,0.00467434,-0.0493752
253.005,406,0.540278,0.537996,0.00531024,-0.0493248
253.871,405.5,0.534141,0.531927,0.0066632,-0.0481246
254.737,405,0.52796,0.525794,0.00806223,-0.0470884
255.603,404.5,0.521735,0.519597,0.00950732,-0.0462162
256.469,404,0.514042,0.511949,0.0115082,-0.0448812
257.335,403.5,0.505985,0.503908,0.01366,-0.0437234
258.201,403,0.497387,0.495251,0.016074,-0.0431491
259.067,402.5,0.487222,0.485016,0.0184189,-0.0424816
259.933,402,0.476348,0.474047,0.0207517,-0.0419031
260.799,401.5,0.465098,0.462657,0.0231408,-0.0415822
261.665,401,0.453194,0.450607,0.0257016,-0.0409674
262.531,400.5,0.441098,0.438375,0.0281495,-0.0400326
263.397,400,0.430784,0.427961,0.02995,-0.0390807
264.263,399.5,0.420282,0.417389,0.0313687,-0.0379389
265.13,399,0.409405,0.40651,0.0323531,-0.0362731
265.996,398.5,0.398413,0.395508,0.033429,-0.034481
266.862,398,0.387547,0.384709,0.0339277,-0.0322627
267.728,397.5,0.377954,0.375404,0.0330169,-0.0288169
268.594,397,0.368581,0.366315,0.0322781,-0.0249681
269.46,396.5,0.359305,0.357288,0.0318428,-0.0207649
270.326,396,0.351175,0.349318,0.0324087,-0.0158321
271.192,395.5,0.34262,0.340858,0.0331153,-0.0104
272.058,395,0.333688,0.33193,0.0338853,-0.00471103
272.924,394.5,0.321739,0.319566,0.0373305,0.000211523
273.79,394,0.308981,0.306146,0.0413944,0.00555274
274.656,393.5,0.295538,0.291711,0.0460389,0.0113182
275.522,393,0.279932,0.274181,0.0535835,0.0177642
276.388,392.5,0.263733,0.255019,0.0626238,0.0244735
277.254,392,0.248024,0.23554,0.0708479,0.0318989
278.12,391.5,0.22852,0.213285,0.072016,0.0393059
278.986,391,0.20794,0.189834,0.071068,0.0463841
279.852,390.5,0.188774,0.166345,0.0713975,0.053548
280.718,390,0.172771,0.144992,0.074096,0.0577656
281.584,389.5,0.15867,0.124661,0.0764557,0.0615655
282.45,389,0.146616,0.0994222,0.0795852,0.0726467
283.316,388.5,0.146202,0.0746203,0.084858,0.0927683
284.182,388,0.16808,0.0545721,0.0935477,0.128537
285.048,387.5,0.203057,0.0356196,0.100285,0.172934
285.914,387,0.261264,0.0315939,0.101888,0.238494
286.78,386.5,0.411084,0.0417275,0.0731426,0.402367
287.646,386,0.678869,0.0314151,0.035204,0.677228
288.512,385.5,1.00475,0.0809303,-0.136221,0.992173
289.378,385,1.26226,0.0102779,-0.371372,1.20635
290.244,384.5,1.20171,-0.415602,-0.27863,1.09259
291.11,384,1.13423,-0.800545,0.122725,0.794067
291.976,383.5,1.33053,-1.06381,0.633799,0.48674
292.842,383,1.60948,-1.10237,1.01015,0.595624
293.708,382.5,1.80797,-1.17845,1.19322,0.675434
294.574,382,1.8979,-1.35406,1.11776,0.720543
295.44,381.5,1.62778,-1.37824,0.487942,0.71556
296.306,381,1.40882,-1.24452,-0.187494,0.633082
297.172,380.5,1.35012,-0.968989,-0.779811,0.525158
298.038,380,1.35036,-0.758977,-0.994862,0.507609
298.905,379.5,1.26988,-0.605608,-0.998765,0.498296
299.771,379,1.01104,-0.608547,-0.709586,0.385178
300.637,378.5,0.846028,-0.71378,-0.395158,0.223901
301.503,378,0.866814,-0.845931,-0.155794,0.10721
302.369,377.5,1.01343,-1.00804,0.0696121,0.0777839
303.235,377,1.40479,-1.36503,0.326974,-0.0568725
304.101,376.5,1.53394,-1.46854,0.425412,0.124051
304.967,376,1.49194,-1.32565,0.443549,0.521357
305.833,375.5,1.50169,-1.14975,0.452749,0.853321
306.699,375,1.45867,-0.958423,0.392241,1.02728
307.565,374.5,1.3899,-0.769704,0.350458,1.10298
308.431,374,1.35242,-0.59177,0.374312,1.15704
309.297,373.5,1.19928,-0.382767,0.334906,1.08609
310.163,373,1.12906,-0.202299,0.317745,1.06438
311.029,372.5,1.1738,-0.0678786,0.394467,1.10345
311.895,372,1.13757,0.0931418,0.362297,1.07431
312.761,371.5,1.06469,0.214677,0.311612,0.995181
313.627,371,0.762542,0.148961,0.188451,0.723718
314.493,370.5,0.539551,0.251998,0.0571529,0.473652
315.359,370,0.307628,0.278101,-0.0530053,0.120353
316.225,369.5,0.493764,0.384284,-0.257702,-0.17239
317.091,369,0.627222,0.388165,-0.369531,-0.325857
317.957,368.5,0.813263,0.429976,-0.523609,-0.449834
318.823,368,0.983362,0.440318,-0.784943,-0.396214
319.689,367.5,1.04849,0.38446,-0.901944,-0.371512
320.555,367,0.820607,0.150068,-0.759428,-0.272293
321.421,366.5,0.812468,0.0176635,-0.778237,-0.232678
322.287,366,0.812742,-0.185875,-0.775619,-0.156252
323.153,365.5,0.855014,-0.222301,-0.81175,-0.150645
324.019,365,0.939178,-0.239007,-0.855013,-0.306405
324.885,364.5,0.978812,-0.183214,-0.842956,-0.462527
325.751,364,0.898021,-0.0988463,-0.634991,-0.627262
326.617,363.5,1.01375,-0.116232,-0.640608,-0.777051
327.483,363,1.02695,-0.0840846,-0.582717,-0.841424
328.349,362.5,1.06534,-0.0064563,-0.548802,-0.913089
329.215,362,1.07624,0.0152793,-0.48708,-0.959593
330.081,361.5,1.04441,0.0141487,-0.411889,-0.959651
330.947,361,1.05531,0.0318541,-0.339644,-0.998651
331.813,360.5,1.03057,0.0551633,-0.312514,-0.980494
332.679,360,1.03249,0.0459588,-0.30641,-0.984909
333.546,359.5,1.03026,0.00772464,-0.296782,-0.986554
334.412,359,1.03633,-0.0349229,-0.28376,-0.996111
335.278,358.5,0.999259,-0.064285,-0.274506,-0.958662
336.144,358,0.919065,-0.0975987,-0.261055,-0.875789
337.01,357.5,0.971941,-0.127778,-0.391052,-0.880579
337.876,357,0.927408,-0.193348,-0.312735,-0.85141
338.742,356.5,0.879071,-0.224288,-0.189993,-0.828471
339.608,356,0.838172,-0.234607,-0.0567776,-0.802663
340.474,355.5,0.818913,-0.228124,-0.025245,-0.786092
341.34,355,0.80569,-0.226622,-0.0434344,-0.77194
342.206,354.5,0.764394,-0.224537,-0.0901204,-0.725093
343.072,354,0.759546,-0.212752,-0.0959385,-0.722801
343.938,353.5,0.660707,-0.13502,-0.0363902,-0.645739
344.804,353,0.564426,-0.0305281,0.018864,-0.563284
345.67,352.5,0.473187,0.0934792,0.0402578,-0.462112
346.536,352,0.448963,0.257413,0.0666353,-0.361754
347.402,351.5,0.52742,0.434077,0.182911,-0.237261
348.268,351,0.699868,0.624547,0.287467,-0.130839
349.134,350.5,0.888632,0.80253,0.381547,-0.0058628
350,350,0.986401,0.888341,0.411081,0.121858
350.866,349.5,1.03918,0.916233,0.444814,0.2063
351.732,349,0.97513,0.863438,0.399196,0.214465
352.598,348.5,0.896564,0.799374,0.331063,0.235003
353.464,348,0.870733,0.782,0.257317,0.28362
354.33,347.5,0.855407,0.781958,0.16409,0.305512
355.196,347,0.904415,0.820738,0.0753633,0.372391
356.062,346.5,0.964373,0.861818,0.00180453,0.43276
356.928,346,1.02504,0.901913,-0.0545094,0.484027
357.794,345.5,1.02671,0.898298,-0.0640127,0.493052
358.66,345,1.02369,0.891705,-0.0619802,0.498959
359.526,344.5,1.02174,0.886201,-0.0532887,0.505728
360.392,344,1.02592,0.89687,-0.0392233,0.496582
361.258,343.5,1.01679,0.89925,-0.0365349,0.473154
362.124,343,0.999163,0.89376,-0.0461268,0.444288
362.99,342.5,0.993118,0.884823,-0.0642656,0.446364
363.856,342,0.990769,0.878464,-0.0797656,0.451179
364.722,341.5,0.990626,0.875798,-0.0910344,0.453906
365.588,341,0.987615,0.876486,-0.095339,0.445047
366.454,340.5,0.980713,0.876677,-0.101493,0.427708
367.321,340,0.979293,0.880372,-0.10878,0.414882
368.187,339.5,0.987715,0.891279,-0.103894,0.412805
369.053,339,1.00236,0.909157,-0.0826414,0.413924
369.919,338.5,1.02135,0.932186,-0.0578565,0.413323
370.785,338,1.03947,0.9552,-0.0389694,0.408143
371.651,337.5,1.04209,0.964019,-0.0446944,0.393223
372.517,337,1.04203,0.970497,-0.0532623,0.375661
373.383,336.5,1.04692,0.980386,-0.0575865,0.362717
374.249,336,1.0506,0.986349,-0.0493993,0.358394
375.115,335.5,1.05071,0.988437,-0.0416541,0.353894
375.981,335,1.0472,0.986678,-0.034377,0.349172
376.847,334.5,1.04475,0.990141,-0.0306065,0.331954
377.713,334,1.0438,0.994393,-0.027044,0.316187
378.579,333.5,1.04432,0.999349,-0.0238821,0.302227
379.445,333,1.04315,1.00301,-0.0287635,0.285137
380.311,332.5,1.04229,1.00702,-0.0373524,0.266222
381.177,332,1.03692,1.00578,-0.0451452,0.24814
382.043,331.5,1.02009,0.990555,-0.0390357,0.240562
382.909,331,0.997257,0.969628,-0.0288373,0.231326
383.775,330.5,0.96927,0.944755,-0.0196156,0.215726
384.641,330,0.939173,0.917642,-0.014131,0.199445
385.507,329.5,0.909089,0.889502,-0.0119341,0.187316
386.373,329,0.879592,0.860432,-0.0152347,0.181953
387.239,328.5,0.857703,0.838778,-0.0208649,0.177962
388.105,328,0.841117,0.822637,-0.027921,0.173111
388.971,327.5,0.823529,0.805783,-0.0337644,0.166654
389.837,327,0.805348,0.788717,-0.0366206,0.158653
390.703,326.5,0.791972,0.776043,-0.0322778,0.154706
391.569,326,0.780481,0.764976,-0.0287562,0.152105
392.435,325.5,0.76879,0.753955,-0.0257727,0.148076
393.301,325,0.760862,0.746157,-0.0149833,0.148109
394.167,324.5,0.752801,0.737699,-0.00211522,0.150015
395.033,324,0.74416,0.728024,0.0128253,0.153591
395.899,323.5,0.730774,0.714996,0.0096221,0.150726
396.765,323,0.714663,0.697897,0.0119106,0.153434
397.631,322.5,0.695117,0.675529,0.0221198,0.162353
398.497,322,0.663761,0.641101,0.0470094,0.165403
399.363,321.5,0.629311,0.605473,0.0707145,0.156316
400.229,321,0.60739,0.584303,0.0789657,0.145864
401.095,320.5,0.607328,0.580796,0.0734678,0.161635
401.962,320,0.618413,0.5836,0.0631104,0.194585
402.828,319.5,0.637296,0.59053,0.0491195,0.234536
403.694,319,0.6632,0.603034,0.0335679,0.273967
404.56,318.5,0.68986,0.617589,0.0215432,0.306637
405.426,318,0.70512,0.626856,0.0254305,0.321866
406.292,317.5,0.716767,0.632827,0.0291295,0.335316
407.158,317,0.726545,0.638047,0.0308665,0.346138
408.024,316.5,0.728746,0.636123,0.0357514,0.353752
408.89,316,0.723225,0.627304,0.0419147,0.357473
409.756,315.5,0.729993,0.632288,0.0353644,0.363113
410.622,315,0.745973,0.644438,0.0311165,0.374443
411.488,314.5,0.761853,0.655393,0.0291686,0.387336
412.354,314,0.779629,0.661222,0.0344739,0.411603
413.22,313.5,0.794733,0.662622,0.0361004,0.437298
414.086,313,0.80656,0.659916,0.0341534,0.462475
414.952,312.5,0.833955,0.672898,0.0315646,0.491623
415.818,312,0.867202,0.687633,0.0205894,0.527992
416.684,311.5,0.902364,0.699834,0.000571755,0.569643
417.55,311,0.917883,0.692786,-0.00292005,0.60212
418.416,310.5,0.904642,0.65933,0.00989162,0.619325
419.282,310,0.860177,0.604148,0.0288226,0.61162
420.148,309.5,0.773497,0.537963,0.033391,0.554778
421.014,309,0.673618,0.480338,0.0264482,0.471526
421.88,308.5,0.721555,0.491361,0.0145433,0.528199
422.746,308,0.693359,0.461654,0.0177736,0.517017
423.612,307.5,0.665271,0.430542,0.0199541,0.506775
424.478,307,0.639993,0.420233,0.0150749,0.48246
425.344,306.5,0.611386,0.411165,0.00769211,0.452413
426.21,306,0.577766,0.395287,-0.000120511,0.42138
427.076,305.5,0.538984,0.372599,-0.00836293,0.389363
427.942,305,0.494976,0.3431,-0.0170351,0.356362
428.808,304.5,0.445791,0.306791,-0.0261372,0.322375
429.674,304,0.397801,0.266565,-0.0286494,0.293885
430.54,303.5,0.360182,0.229261,-0.0221786,0.27691
431.406,303,0.344692,0.224067,-0.0145852,0.261522
432.272,302.5,0.327568,0.217783,-0.00910874,0.244517
433.138,302,0.308762,0.210409,-0.00574921,0.225896
434.004,301.5,0.288265,0.201944,-0.00450662,0.205657
434.87,301,0.269539,0.194491,-0.00484715,0.186551
435.737,300.5,0.275367,0.200401,-0.00304238,0.188831
436.603,300,0.282014,0.20377,-0.00266352,0.194943
437.469,299.5,0.289572,0.204598,-0.00371056,0.204885
438.335,299,0.298349,0.202885,-0.00618351,0.218659
439.201,298.5,0.308831,0.198632,-0.0100824,0.236263
440.067,298,0.32245,0.194338,-0.0152568,0.256853
440.933,297.5,0.33339,0.207003,-0.0139687,0.260966
441.799,297,0.339464,0.217527,-0.00952491,0.260436
442.665,296.5,0.343413,0.227342,-0.00299342,0.25737
443.531,296,0.345435,0.236446,0.00562579,0.251767
444.397,295.5,0.345788,0.244841,0.0163327,0.24363
445.263,295,0.286207,0.222397,0.0543495,0.171756
446.129,294.5,0.283405,0.218777,0.0872311,0.157626
446.995,294,0.28464,0.211501,0.127677,0.14137
447.861,293.5,0.294846,0.233163,0.103085,0.148131
448.727,293,0.316184,0.266807,0.0724806,0.153405
449.593,292.5,0.348131,0.309063,0.043407,0.154242
450.459,292,0.395772,0.359391,0.0229931,0.16415
451.325,291.5,0.446359,0.410017,0.00226209,0.1764
452.191,291,0.483934,0.446686,-0.0143032,0.185632
453.057,290.5,0.500014,0.46093,-0.0226703,0.192467
453.923,290,0.516925,0.475693,-0.0295926,0.200129
454.789,289.5,0.53653,0.493564,-0.0339641,0.207618
455.655,289,0.560829,0.517981,-0.0311511,0.212731
456.521,288.5,0.586139,0.544952,-0.0222406,0.214689
457.387,288,0.602482,0.55994,-0.0200538,0.22147
458.253,287.5,0.618761,0.574413,-0.0211305,0.22906
459.119,287,0.636877,0.589911,-0.0257006,0.238655
459.985,286.5,0.65374,0.604311,-0.0270421,0.247897
460.851,286,0.669228,0.618206,-0.0251706,0.255057
461.717,285.5,0.683723,0.636213,-0.0225052,0.249407
462.583,285,0.69659,0.652854,-0.0176074,0.2423
463.449,284.5,0.706017,0.666023,-0.00820561,0.234107
464.315,284,0.706514,0.672876,-0.00814223,0.215252
465.181,283.5,0.703703,0.675306,-0.00698708,0.197763
466.047,283,0.697493,0.673338,-0.00444271,0.181911
466.913,282.5,0.701355,0.680423,-0.0108962,0.169723
467.779,282,0.709655,0.690372,-0.0179099,0.163327
468.645,281.5,0.71846,0.699678,-0.024798,0.161308
469.512,281,0.72041,0.700827,-0.0264059,0.164727
470.378,280.5,0.716112,0.695572,-0.0247894,0.168467
471.244,280,0.720341,0.698509,-0.0230266,0.174491
472.11,279.5,0.738119,0.71423,-0.0193348,0.185259
472.976,279,0.760702,0.734725,-0.0120241,0.19673
473.842,278.5,0.788403,0.76043,-0.00221786,0.208136
474.708,278,0.823467,0.79216,0.00651616,0.224807
475.574,277.5,0.866514,0.827813,0.00741942,0.255965
476.44,277,0.895592,0.846451,-0.000453607,0.292583
477.306,276.5,0.916151,0.857127,-0.00065413,0.323521
478.172,276,0.917294,0.855085,0.00934257,0.33192
479.038,275.5,0.921608,0.857795,0.0176966,0.336504
