x,v,vx,vy,vz
220.096,425,0.505987,0.505397,0.00585238,0.023727
220.962,424.5,0.506466,0.505956,0.00686976,0.0216488
221.828,424,0.506305,0.505855,0.00815008,0.0197277
222.694,423.5,0.505493,0.505081,0.00969714,0.0179738
223.56,423,0.504196,0.503802,0.0110621,0.0165678
224.426,422.5,0.502332,0.501936,0.0124633,0.0155589
225.292,422,0.498605,0.498167,0.0112461,0.0175917
226.158,421.5,0.496075,0.495584,0.00905367,0.0201366
227.024,421,0.494618,0.494047,0.00654467,0.0228313
227.89,420.5,0.494069,0.493386,0.00403254,0.0256486
228.756,420,0.494568,0.493745,0.00189408,0.0284613
229.622,419.5,0.495528,0.494593,0.00152813,0.0303888
230.488,419,0.495505,0.494503,0.00260806,0.0313955
231.355,418.5,0.494415,0.493345,0.00364344,0.032301
232.221,418,0.492372,0.491237,0.00461642,0.0330914
233.087,417.5,0.489548,0.488346,0.0053099,0.0338729
233.953,417,0.486101,0.484834,0.00572152,0.0346024
234.819,416.5,0.488467,0.487209,0.00435644,0.0347612
235.685,416,0.491004,0.489745,0.0032768,0.0349752
236.551,415.5,0.49363,0.492363,0.00254031,0.035259
237.417,415,0.496551,0.495244,0.00295303,0.0358876
238.283,414.5,0.49941,0.498053,0.00353988,0.0366304
239.149,414,0.499508,0.498087,0.00455482,0.0373689
240.015,413.5,0.496117,0.494628,0.00573882,0.0379772
240.881,413,0.492463,0.490901,0.00683295,0.0385938
241.747,412.5,0.488669,0.487029,0.00783703,0.0392283
242.613,412,0.484286,0.482567,0.00861781,0.0398503
243.479,411.5,0.479914,0.478111,0.00925198,0.0405136
244.345,411,0.480758,0.478872,0.010521,0.0412186
245.211,410.5,0.48084,0.478869,0.0115574,0.0419331
246.077,410,0.480124,0.478069,0.0122843,0.0426375
246.943,409.5,0.479041,0.476899,0.0130545,0.0433222
247.809,409,0.47751,0.475287,0.0132016,0.0440835
248.675,408.5,0.473889,0.471595,0.0119883,0.0450018
249.541,408,0.468882,0.466519,0.0102653,0.0458747
250.407,407.5,0.463916,0.461475,0.00852783,0.0467556
251.273,407,0.459501,0.456949,0.00741425,0.047789
252.139,406.5,0.455001,0.452354,0.00586957,0.048661
253.005,406,0.450554,0.4478,0.00407761,0.049577
253.871,405.5,0.447265,0.44416,0.00374316,0.0524753
254.737,405,0.444034,0.440563,0.00313044,0.0553195
255.603,404.5,0.440861,0.437009,0.00223945,0.0581097
256.469,404,0.438658,0.434415,0.000400577,0.0608597
257.335,403.5,0.436373,0.431722,-0.00132326,0.0635281
258.201,403,0.432479,0.427453,-0.00309279,0.0656694
259.067,402.5,0.429759,0.424401,-0.00182493,0.0676303
259.933,402,0.427803,0.422121,0.000254606,0.0694907
260.799,401.5,0.426017,0.42003,0.00219923,0.0711375
261.665,401,0.421098,0.414982,0.00539263,0.0713044
262.531,400.5,0.413854,0.407768,0.0101147,0.0699855
263.397,400,0.405508,0.399434,0.016436,0.0679621
264.263,399.5,0.395098,0.388672,0.0237435,0.0668807
265.13,399,0.382181,0.374854,0.0324899,0.0670151
265.996,398.5,0.368898,0.360266,0.0429121,0.0667296
266.862,398,0.353331,0.343437,0.0495963,0.0665885
267.728,397.5,0.333324,0.323775,0.0396295,0.0685882
268.594,397,0.314071,0.304779,0.0263005,0.0711221
269.46,396.5,0.298332,0.288075,0.0100516,0.0769023
270.326,396,0.301828,0.283583,-0.0134764,0.102464
271.192,395.5,0.309837,0.277643,-0.0392038,0.131819
272.058,395,0.32209,0.270623,-0.067257,0.161189
272.924,394.5,0.304982,0.238987,-0.085162,0.169254
273.79,394,0.273672,0.185333,-0.105283,0.17165
274.656,393.5,0.238312,0.109875,-0.127807,0.168481
275.522,393,0.234086,0.0222315,-0.147406,0.180482
276.388,392.5,0.258439,-0.0674281,-0.158352,0.192793
277.254,392,0.273839,-0.114444,-0.14593,0.201482
278.12,391.5,0.255437,-0.133008,-0.0850415,0.20081
278.986,391,0.258087,-0.152455,0.00600217,0.208159
279.852,390.5,0.315197,-0.179073,0.113731,0.233125
280.718,390,0.369364,-0.19578,0.187771,0.250683
281.584,389.5,0.354778,-0.179897,0.184896,0.243552
282.45,389,0.286122,-0.129216,0.135304,0.216476
283.316,388.5,0.254505,-0.0838646,0.100537,0.218247
284.182,388,0.283823,-0.0333846,0.0858386,0.268464
285.048,387.5,0.35913,0.0198549,0.080012,0.34954
285.914,387,0.459582,0.0777871,0.0839935,0.445095
286.78,386.5,0.468921,0.153422,0.0732857,0.43701
287.646,386,0.489146,0.223588,0.0560722,0.431426
288.512,385.5,0.524136,0.28578,0.0365457,0.43785
289.378,385,0.532541,0.355966,0.0105086,0.395952
290.244,384.5,0.557741,0.421477,-0.0132459,0.365043
291.11,384,0.584577,0.475581,-0.0217401,0.339235
291.976,383.5,0.597631,0.518138,-0.0137396,0.297501
292.842,383,0.617713,0.556767,-0.00977717,0.267365
293.708,382.5,0.641587,0.590453,-0.00921775,0.250826
294.574,382,0.692939,0.642798,-0.00714157,0.258697
295.44,381.5,0.748687,0.694834,-0.00185656,0.27881
296.306,381,0.797636,0.73954,-0.0056907,0.298784
297.172,380.5,0.837566,0.784024,-0.00688611,0.294576
298.038,380,0.864063,0.820466,0.000414762,0.271001
298.905,379.5,0.919688,0.87726,0.0268683,0.274805
299.771,379,0.93885,0.901119,0.0439304,0.259798
300.637,378.5,0.935014,0.906001,0.0466379,0.226359
301.503,378,0.914587,0.897421,0.0449008,0.170555
302.369,377.5,0.888231,0.88026,0.0624092,0.101006
303.235,377,0.868797,0.864316,0.0568289,0.0673596
304.101,376.5,0.863141,0.859868,0.0502037,0.0558463
304.967,376,0.867194,0.865055,0.0442734,0.0417683
305.833,375.5,0.865144,0.863578,0.0466022,0.0231736
306.699,375,0.837395,0.83477,0.047911,-0.0457708
307.565,374.5,0.805544,0.796492,0.0499327,-0.109583
308.431,374,0.783181,0.764187,0.0484759,-0.164438
309.297,373.5,0.76493,0.739226,0.0498939,-0.190194
310.163,373,0.742815,0.706951,0.0619956,-0.219436
311.029,372.5,0.721645,0.671572,0.0703175,-0.254594
311.895,372,0.631043,0.586907,0.00911,-0.231672
312.761,371.5,0.522762,0.478273,-0.0552915,-0.20366
313.627,371,0.496884,0.447592,-0.0514656,-0.20954
314.493,370.5,0.483923,0.426611,-0.0406267,-0.224799
315.359,370,0.489287,0.429498,-0.0500341,-0.228976
316.225,369.5,0.481684,0.423974,-0.0434574,-0.224447
317.091,369,0.467173,0.414463,-0.0239062,-0.214241
317.957,368.5,0.462555,0.411811,-0.00545691,-0.210569
318.823,368,0.459842,0.410073,0.0104923,-0.207809
319.689,367.5,0.469459,0.426671,0.012894,-0.195389
320.555,367,0.502734,0.468082,0.00752256,-0.18326
321.421,366.5,0.537472,0.508513,0.0018639,-0.174031
322.287,366,0.558792,0.532322,-0.00763181,-0.169774
323.153,365.5,0.580346,0.555092,-0.015205,-0.168649
324.019,365,0.603257,0.577925,-0.021384,-0.171649
324.885,364.5,0.636255,0.618253,-0.0275453,-0.14773
325.751,364,0.670943,0.657052,-0.0374942,-0.130542
326.617,363.5,0.7065,0.694293,-0.0512665,-0.120297
327.483,363,0.705816,0.696527,-0.0596882,-0.0972818
328.349,362.5,0.752493,0.750818,-0.0498655,0.00564661
329.215,362,0.778563,0.776653,-0.0526945,0.0138973
330.081,361.5,0.803023,0.800961,-0.0563276,0.0115592
330.947,361,0.821093,0.818811,-0.0609568,-0.00518735
331.813,360.5,0.71198,0.695853,-0.0672658,-0.134831
332.679,360,0.731011,0.70835,-0.0679218,-0.167346
333.546,359.5,0.75756,0.729794,-0.0728015,-0.189732
334.412,359,0.820428,0.791215,-0.0935058,-0.195802
335.278,358.5,0.886868,0.854986,-0.116119,-0.205064
336.144,358,0.951633,0.916742,-0.13616,-0.215986
337.01,357.5,1.03597,0.995847,-0.155522,-0.239444
337.876,357,1.13041,1.08414,-0.170609,-0.270872
338.742,356.5,1.12399,1.0805,-0.13776,-0.277295
339.608,356,1.09323,1.05079,-0.0955567,-0.286128
340.474,355.5,1.07359,1.02726,-0.0600994,-0.306108
341.34,355,1.02643,0.973738,-0.0220398,-0.323881
342.206,354.5,1.00261,0.938261,0.00407012,-0.353378
343.072,354,0.989167,0.910088,0.0244952,-0.386769
343.938,353.5,0.926482,0.848449,0.0541544,-0.3682
344.804,353,0.877895,0.797678,0.0793723,-0.357925
345.67,352.5,0.845514,0.758464,0.101183,-0.359706
346.536,352,0.795445,0.701193,0.155418,-0.341915
347.402,351.5,0.7486,0.64131,0.221132,-0.316581
348.268,351,0.706427,0.603231,0.266344,-0.253402
349.134,350.5,0.63787,0.550456,0.288102,-0.144478
350,350,0.576793,0.497758,0.290903,-0.0174026
350.866,349.5,0.698403,0.558468,0.386323,0.1632
351.732,349,0.743167,0.624691,0.253914,0.312387
352.598,348.5,0.77664,0.640736,0.129473,0.419362
353.464,348,0.794369,0.629139,0.0331865,0.483845
354.33,347.5,0.743832,0.562727,-0.0690048,0.481521
355.196,347,0.701965,0.488247,-0.147048,0.482439
356.062,346.5,0.638298,0.395991,-0.171946,0.470159
356.928,346,0.670777,0.394904,-0.246186,0.4831
357.794,345.5,0.661314,0.39651,-0.236531,0.473465
358.66,345,0.651078,0.41172,-0.215524,0.456003
359.526,344.5,0.709165,0.51622,-0.200121,0.443152
360.392,344,0.759192,0.586825,-0.176502,0.448169
361.258,343.5,0.774938,0.626347,-0.154417,0.429387
362.124,343,0.746617,0.629427,-0.114383,0.384934
362.99,342.5,0.71565,0.626478,-0.074661,0.337796
363.856,342,0.752262,0.665553,-0.0651471,0.344519
364.722,341.5,0.743598,0.655369,-0.0357802,0.3495
365.588,341,0.771301,0.682793,-0.0121729,0.358538
366.454,340.5,0.787815,0.701073,0.00500676,0.359338
367.321,340,0.790058,0.706796,0.0071964,0.352958
368.187,339.5,0.806781,0.723663,0.015586,0.35632
369.053,339,0.828096,0.739458,0.0208386,0.37217
369.919,338.5,0.848196,0.751035,0.0233701,0.393492
370.785,338,0.869916,0.758224,0.0277986,0.425533
371.651,337.5,0.896178,0.759835,0.0362726,0.473783
372.517,337,0.921107,0.759023,0.0360767,0.520597
373.383,336.5,0.944115,0.761034,0.0339602,0.557698
374.249,336,0.963159,0.765845,0.030603,0.583284
375.115,335.5,0.973721,0.765433,0.0290485,0.601166
375.981,335,0.975563,0.759761,0.029235,0.611255
376.847,334.5,0.945461,0.733347,0.00945779,0.596665
377.713,334,0.921677,0.713778,-0.00125578,0.583102
378.579,333.5,0.905016,0.702246,-0.00177469,0.570877
379.445,333,0.883707,0.685247,-0.00832939,0.557948
380.311,332.5,0.864136,0.667608,-0.0078745,0.548606
381.177,332,0.845249,0.643796,0.000317035,0.547697
382.043,331.5,0.824665,0.620879,-0.00226859,0.542749
382.909,331,0.807769,0.609366,-0.00731484,0.530199
383.775,330.5,0.796184,0.606363,-0.00911377,0.515897
384.641,330,0.787956,0.600931,-0.00620738,0.509626
385.507,329.5,0.776088,0.585413,-0.00568559,0.509483
386.373,329,0.786801,0.589146,0.00404135,0.521485
387.239,328.5,0.805048,0.601677,0.0159647,0.534632
388.105,328,0.823108,0.624999,0.0196736,0.535254
388.971,327.5,0.8269,0.640404,0.0107858,0.523
389.837,327,0.822465,0.643729,-0.0059009,0.511885
390.703,326.5,0.8339,0.627789,-0.0103608,0.548783
391.569,326,0.849345,0.615744,-0.0156767,0.584808
392.435,325.5,0.869514,0.611506,-0.0231414,0.617721
393.301,325,0.885872,0.607151,-0.0292192,0.644425
394.167,324.5,0.893821,0.589302,-0.0502882,0.670157
395.033,324,0.89583,0.558717,-0.0844585,0.695136
395.899,323.5,0.90501,0.561686,-0.0524765,0.707671
396.765,323,0.905807,0.556128,-0.02988,0.714363
397.631,322.5,0.896993,0.538834,-0.0210275,0.716807
398.497,322,0.858506,0.503883,-0.0326619,0.694311
399.363,321.5,0.815878,0.465695,-0.0488474,0.668131
400.229,321,0.780415,0.435369,-0.0520987,0.645591
401.095,320.5,0.764686,0.432504,-0.0346176,0.629671
401.962,320,0.75872,0.437613,-0.0112865,0.619696
402.828,319.5,0.751263,0.433435,0.0113907,0.613515
403.694,319,0.723201,0.418385,0.0286445,0.589198
404.56,318.5,0.667885,0.402844,0.035149,0.531556
405.426,318,0.618501,0.411765,0.030714,0.460489
406.292,317.5,0.570384,0.414433,0.025551,0.391062
407.158,317,0.633275,0.457849,0.0216905,0.436968
408.024,316.5,0.628491,0.459925,0.0214277,0.427798
408.89,316,0.627023,0.464988,0.0188106,0.420226
409.756,315.5,0.62755,0.472463,0.0149587,0.412763
410.622,315,0.63017,0.482349,0.0098721,0.405409
411.488,314.5,0.634997,0.494647,0.00355073,0.398163
412.354,314,0.611965,0.491009,-0.00175603,0.36525
413.22,313.5,0.585415,0.482494,-0.00301921,0.331513
414.086,313,0.565028,0.475623,-0.00194758,0.305017
414.952,312.5,0.547024,0.46781,-0.00101434,0.283527
415.818,312,0.531078,0.459055,-0.000219484,0.267045
416.684,311.5,0.445867,0.381477,-0.00069908,0.230808
417.55,311,0.451271,0.37791,0.00177359,0.246631
418.416,310.5,0.460806,0.379942,0.00527692,0.260688
419.282,310,0.474047,0.391334,0.00875033,0.267398
420.148,309.5,0.474625,0.399355,0.0177218,0.255872
421.014,309,0.477839,0.409559,0.0256623,0.244811
421.88,308.5,0.501536,0.431752,0.0248372,0.253991
422.746,308,0.550805,0.473047,0.022247,0.281278
423.612,307.5,0.607674,0.525765,0.0339623,0.302796
424.478,307,0.624037,0.549786,0.0342972,0.293225
425.344,306.5,0.62178,0.553369,0.0242292,0.2825
426.21,306,0.621674,0.546146,0.00435135,0.296959
427.076,305.5,0.630515,0.542939,-0.00811126,0.32047
427.942,305,0.648036,0.543648,-0.0132402,0.352452
428.808,304.5,0.657416,0.557126,-0.00864644,0.348899
429.674,304,0.671998,0.574116,-0.00456007,0.349214
430.54,303.5,0.68738,0.589068,-0.00496219,0.35421
431.406,303,0.708362,0.603207,-0.0109151,0.371213
432.272,302.5,0.727804,0.612406,-0.0149628,0.392979
433.138,302,0.743089,0.617143,-0.0133034,0.413689
434.004,301.5,0.749377,0.622793,-0.00485068,0.416738
434.87,301,0.735773,0.611002,0.00445768,0.4099
435.737,300.5,0.700162,0.577754,0.0154567,0.395206
436.603,300,0.637788,0.517844,0.0252128,0.37145
437.469,299.5,0.552647,0.439603,0.0296212,0.333603
438.335,299,0.575794,0.425323,0.0302008,0.386945
439.201,298.5,0.549588,0.378127,0.0374083,0.397074
440.067,298,0.52602,0.329099,0.0436934,0.408021
440.933,297.5,0.52327,0.322151,0.0220065,0.41176
441.799,297,0.517978,0.315008,0.00170901,0.411179
442.665,296.5,0.509726,0.303698,-0.0130234,0.409168
443.531,296,0.498175,0.288219,-0.0221907,0.405728
444.397,295.5,0.483202,0.268573,-0.0257929,0.400858
445.263,295,0.464921,0.244758,-0.02383,0.394559
446.129,294.5,0.441117,0.226052,-0.015399,0.37848
446.995,294,0.410916,0.212932,-0.00563053,0.351397
447.861,293.5,0.376581,0.195859,0.00278155,0.321628
448.727,293,0.338059,0.174832,0.00983725,0.289173
449.593,292.5,0.301104,0.158803,0.0151285,0.255375
450.459,292,0.298437,0.189052,0.0176223,0.230246
451.325,291.5,0.306337,0.21819,0.0218438,0.213911
452.191,291,0.329109,0.243552,0.0326763,0.218922
453.057,290.5,0.349403,0.266367,0.0408025,0.22241
453.923,290,0.366932,0.286635,0.0462222,0.224373
454.789,289.5,0.381533,0.304356,0.0489355,0.224811
455.655,289,0.393126,0.319529,0.0489424,0.223726
456.521,288.5,0.401695,0.332156,0.0462429,0.221116
457.387,288,0.419607,0.352987,0.0387632,0.223535
458.253,287.5,0.437527,0.373018,0.0308914,0.226569
459.119,287,0.454768,0.392326,0.024114,0.228719
459.985,286.5,0.477335,0.417834,0.020606,0.229866
460.851,286,0.50209,0.444594,0.0167582,0.232701
461.717,285.5,0.52895,0.472605,0.0125706,0.237223
462.583,285,0.557561,0.501209,0.0109059,0.244019
463.449,284.5,0.587655,0.531509,0.0117892,0.250394
464.315,284,0.64991,0.607617,0.0212616,0.229633
465.181,283.5,0.713027,0.670543,0.024834,0.241169
466.047,283,0.77609,0.734492,0.0281095,0.249093
466.913,282.5,0.796718,0.754339,0.0276588,0.254887
467.779,282,0.813481,0.771128,0.0291512,0.257418
468.645,281.5,0.821395,0.780026,0.0310204,0.255513
469.512,281,0.801962,0.760373,0.024057,0.253768
470.378,280.5,0.777543,0.732626,0.0149226,0.260017
471.244,280,0.757578,0.708095,0.0166409,0.26879
472.11,279.5,0.744625,0.698779,0.0341522,0.254965
472.976,279,0.725435,0.687033,0.0587324,0.225369
473.842,278.5,0.685292,0.648674,0.0873287,0.20303
474.708,278,0.626605,0.585337,0.112005,0.19357
475.574,277.5,0.580534,0.533711,0.118731,0.195127
476.44,277,0.552006,0.511078,0.106566,0.179315
477.306,276.5,0.530457,0.494019,0.0916577,0.170087
478.172,276,0.519252,0.488989,0.0740057,0.158226
479.038,275.5,0.516261,0.488756,0.0552702,0.156807
