x,v,vx,vy,vz
220.096,425,0.605776,0.605606,0.000104117,0.0143551
220.962,424.5,0.605107,0.604939,0.000316161,0.0142595
221.828,424,0.604429,0.604263,0.000525847,0.0141586
222.694,423.5,0.603749,0.603585,0.000732534,0.0140526
223.56,423,0.602855,0.602692,0.000982054,0.0139654
224.426,422.5,0.601913,0.601751,0.00124091,0.0138895
225.292,422,0.601045,0.600884,0.00153779,0.0138515
226.158,421.5,0.599927,0.599765,0.00190768,0.0138053
227.024,421,0.598668,0.598506,0.00231831,0.0137553
227.89,420.5,0.597394,0.59723,0.00274043,0.013704
228.756,420,0.595903,0.595738,0.0031828,0.0136728
229.622,419.5,0.594194,0.594026,0.00361991,0.0136616
230.488,419,0.592487,0.592316,0.0040442,0.0136488
231.355,418.5,0.590621,0.590446,0.00448076,0.0136563
232.221,418,0.588443,0.588263,0.00493204,0.0137018
233.087,417.5,0.586255,0.586068,0.00540396,0.0137583
233.953,417,0.583988,0.583795,0.00587196,0.0138379
234.819,416.5,0.581482,0.581279,0.00632368,0.0139821
235.685,416,0.578958,0.578746,0.00679772,0.014109
236.551,415.5,0.576404,0.576182,0.00729234,0.014218
237.417,415,0.573479,0.573248,0.00778124,0.0142967
238.283,414.5,0.570518,0.570277,0.00827749,0.0143505
239.149,414,0.567566,0.567317,0.00871571,0.0143614
240.015,413.5,0.56455,0.564296,0.00912899,0.0142905
240.881,413,0.561509,0.561249,0.00953706,0.0141638
241.747,412.5,0.558454,0.558191,0.0099342,0.0139844
242.613,412,0.555264,0.554994,0.0105232,0.0137129
243.479,411.5,0.552013,0.551738,0.0111727,0.0133684
244.345,411,0.548786,0.548506,0.0118128,0.0129427
245.211,410.5,0.54547,0.545178,0.0127853,0.0124605
246.077,410,0.542083,0.541771,0.0140304,0.0119055
246.943,409.5,0.538692,0.538357,0.0152809,0.011274
247.809,409,0.53508,0.534709,0.0168575,0.0105803
248.675,408.5,0.531253,0.530825,0.0189224,0.0098225
249.541,408,0.527544,0.52705,0.0209944,0.00895566
250.407,407.5,0.523642,0.523084,0.0228075,0.00795593
251.273,407,0.51905,0.51846,0.0237934,0.00678227
252.139,406.5,0.514494,0.513867,0.024782,0.00550809
253.005,406,0.509993,0.509329,0.0256843,0.0041441
253.871,405.5,0.505695,0.505035,0.0256904,0.00275422
254.737,405,0.501518,0.500854,0.0257663,0.00131062
255.603,404.5,0.497463,0.496787,0.0259121,-0.000186686
256.469,404,0.492532,0.491869,0.0254181,-0.00245961
257.335,403.5,0.487686,0.487033,0.0247587,-0.00487101
258.201,403,0.483133,0.48248,0.0240173,-0.00729051
259.067,402.5,0.478752,0.47812,0.0224708,-0.0099807
259.933,402,0.474658,0.474033,0.0207203,-0.0128027
260.799,401.5,0.470896,0.47025,0.0190144,-0.0156826
261.665,401,0.467447,0.466753,0.0165578,-0.0193234
262.531,400.5,0.464334,0.463552,0.0136533,-0.0232287
263.397,400,0.461597,0.460729,0.0108011,-0.0261539
264.263,399.5,0.460842,0.459839,0.00801791,-0.0293102
265.13,399,0.462831,0.461633,0.0054436,-0.0328351
265.996,398.5,0.46578,0.464354,0.00264003,-0.0363266
266.862,398,0.469032,0.467264,0.000458776,-0.0406904
267.728,397.5,0.470657,0.468387,0.000753028,-0.0461681
268.594,397,0.472463,0.46972,0.00144541,-0.0508202
269.46,396.5,0.475335,0.472108,0.00290691,-0.0552252
270.326,396,0.481939,0.478039,0.00730961,-0.0607485
271.192,395.5,0.488891,0.48429,0.0120724,-0.0658112
272.058,395,0.496356,0.491075,0.0163434,-0.0703403
272.924,394.5,0.501087,0.49552,0.00506279,-0.0743131
273.79,394,0.507298,0.501303,-0.00540855,-0.0775682
274.656,393.5,0.514969,0.508484,-0.0148752,-0.0801014
275.522,393,0.535142,0.527606,-0.0190012,-0.087447
276.388,392.5,0.557001,0.548438,-0.0205726,-0.0950913
277.254,392,0.574909,0.56532,-0.0195812,-0.102715
278.12,391.5,0.585589,0.576205,-0.0174055,-0.102956
278.986,391,0.592678,0.584397,-0.0141623,-0.0977104
279.852,390.5,0.598915,0.591999,-0.00970755,-0.0902321
280.718,390,0.61071,0.603865,-0.0039754,-0.0910927
281.584,389.5,0.629954,0.622188,0.00141783,-0.098598
282.45,389,0.659907,0.651305,0.00259316,-0.106175
283.316,388.5,0.693808,0.683819,0.0069971,-0.117099
284.182,388,0.72466,0.712544,0.0126996,-0.131346
285.048,387.5,0.74906,0.735369,0.0198838,-0.141166
285.914,387,0.766842,0.752419,0.0293261,-0.145093
286.78,386.5,0.772399,0.756814,0.0340096,-0.150586
287.646,386,0.777655,0.759947,0.0323548,-0.161806
288.512,385.5,0.784385,0.764017,0.0250989,-0.175807
289.378,385,0.784994,0.769993,0.0029818,-0.152703
290.244,384.5,0.778893,0.769114,-0.0112146,-0.122522
291.11,384,0.778409,0.772696,-0.0086278,-0.0937396
291.976,383.5,0.798451,0.789052,0.0210633,-0.120318
292.842,383,0.812723,0.800863,0.0367209,-0.133376
293.708,382.5,0.819733,0.809009,0.0367784,-0.126943
294.574,382,0.837697,0.83104,0.0319093,-0.100455
295.44,381.5,0.86621,0.862959,0.0266073,-0.0700955
296.306,381,0.880111,0.878725,0.0240767,-0.0430924
297.172,380.5,0.889684,0.8892,0.0265941,-0.0124044
298.038,380,0.896604,0.895947,0.0283346,0.0193828
298.905,379.5,0.900486,0.8987,0.0276528,0.0494674
299.771,379,0.90195,0.898101,0.0177119,0.0813311
300.637,378.5,0.909153,0.902219,-0.000606712,0.112072
301.503,378,0.921756,0.911267,-0.0121437,0.138123
302.369,377.5,0.931775,0.917749,-0.0155569,0.160305
303.235,377,0.934614,0.917755,-0.0076632,0.176551
304.101,376.5,0.935904,0.916518,0.00489371,0.189441
304.967,376,0.93545,0.913617,0.0220836,0.19971
305.833,375.5,0.895718,0.870146,0.0290188,0.210513
306.699,375,0.838469,0.810079,0.0336587,0.213706
307.565,374.5,0.764939,0.734822,0.0365531,0.20936
308.431,374,0.684186,0.644599,0.0590253,0.221626
309.297,373.5,0.607943,0.546097,0.0969769,0.248933
310.163,373,0.553875,0.435731,0.144211,0.31003
311.029,372.5,0.533937,0.392637,0.129207,0.33798
311.895,372,0.524426,0.386232,0.0984569,0.340814
312.761,371.5,0.525744,0.398466,0.0673542,0.336296
313.627,371,0.522603,0.403227,0.0548078,0.327899
314.493,370.5,0.512234,0.410349,0.0487317,0.302692
315.359,370,0.530478,0.460665,0.0157646,0.262577
316.225,369.5,0.542593,0.493984,-0.0053313,0.224409
317.091,369,0.564816,0.528777,-0.0158987,0.197887
317.957,368.5,0.606511,0.585123,-0.0258627,0.157534
318.823,368,0.650541,0.640804,-0.0236866,0.109603
319.689,367.5,0.653873,0.649463,-0.0089839,0.0752826
320.555,367,0.674739,0.674278,-0.0161354,0.0190139
321.421,366.5,0.718235,0.71485,-0.0384798,-0.0580591
322.287,366,0.731026,0.718467,-0.068885,-0.116018
323.153,365.5,0.734825,0.71541,-0.0661078,-0.154227
324.019,365,0.724924,0.702821,-0.0290446,-0.175252
324.885,364.5,0.69697,0.664639,0.00694519,-0.2097
325.751,364,0.662928,0.617787,0.0405909,-0.236993
326.617,363.5,0.622396,0.562191,0.0720296,-0.257156
327.483,363,0.5981,0.510828,0.0776781,-0.301238
328.349,362.5,0.570802,0.450931,0.0796259,-0.340787
329.215,362,0.541442,0.392549,0.0758083,-0.365127
330.081,361.5,0.545208,0.377787,0.0679289,-0.387187
330.947,361,0.558381,0.371635,0.0667107,-0.411372
331.813,360.5,0.592472,0.37371,0.0874326,-0.451353
332.679,360,0.609461,0.375008,0.0992735,-0.47006
333.546,359.5,0.617928,0.379883,0.102121,-0.476546
334.412,359,0.619106,0.378443,0.105878,-0.478396
335.278,358.5,0.612447,0.373102,0.0949804,-0.476304
336.144,358,0.553144,0.333618,0.100664,-0.429574
337.01,357.5,0.462849,0.282363,0.131199,-0.342472
337.876,357,0.440296,0.278153,0.162014,-0.300405
338.742,356.5,0.421284,0.263961,0.177209,-0.276409
339.608,356,0.483483,0.313484,0.153498,-0.334548
340.474,355.5,0.51275,0.309168,0.159537,-0.376664
341.34,355,0.51148,0.272453,0.177846,-0.394654
342.206,354.5,0.509143,0.227246,0.214057,-0.4022
343.072,354,0.508914,0.185157,0.255808,-0.399089
343.938,353.5,0.482848,0.234092,0.207509,-0.367809
344.804,353,0.43926,0.254555,0.191885,-0.302209
345.67,352.5,0.429731,0.31527,0.184104,-0.226669
346.536,352,0.451548,0.38651,0.204052,-0.113441
347.402,351.5,0.521791,0.459484,0.244392,-0.037588
348.268,351,0.574617,0.498439,0.283689,0.0355638
349.134,350.5,0.592093,0.490518,0.312645,0.11054
350,350,0.549599,0.43359,0.309195,0.135859
350.866,349.5,0.483507,0.350899,0.300169,0.143344
351.732,349,0.353925,0.272314,0.21005,0.0835849
352.598,348.5,0.300354,0.269362,0.12419,0.0472648
353.464,348,0.297789,0.289944,0.0609374,0.0299569
354.33,347.5,0.194489,0.168145,0.0527461,-0.0822851
355.196,347,0.230039,0.0756566,0.0124901,-0.216883
356.062,346.5,0.325189,0.0159197,-0.0279856,-0.323591
356.928,346,0.32379,0.0382028,-0.124435,-0.296474
357.794,345.5,0.330186,0.0956301,-0.215204,-0.231441
358.66,345,0.361557,0.243463,-0.241836,-0.113862
359.526,344.5,0.507379,0.449879,-0.227222,0.0584168
360.392,344,0.698085,0.637318,-0.179916,0.220859
361.258,343.5,0.793581,0.721993,-0.0812034,0.319223
362.124,343,0.848755,0.759875,-0.0082255,0.378031
362.99,342.5,0.888008,0.782889,0.0331987,0.41778
363.856,342,0.901989,0.785981,0.0389794,0.440793
364.722,341.5,0.899776,0.778256,0.036404,0.450099
365.588,341,0.890928,0.77213,0.0424356,0.442455
366.454,340.5,0.869515,0.756919,0.0462176,0.425434
367.321,340,0.832534,0.727647,0.046848,0.401806
368.187,339.5,0.797019,0.699105,0.0462612,0.379938
369.053,339,0.765562,0.673887,0.0424367,0.360778
369.919,338.5,0.73865,0.653067,0.0380656,0.343014
370.785,338,0.720311,0.639779,0.0314234,0.32946
371.651,337.5,0.71976,0.64007,0.0202772,0.328564
372.517,337,0.726327,0.646323,0.010097,0.331233
373.383,336.5,0.733334,0.653699,0.00247735,0.33234
374.249,336,0.741913,0.662689,-0.00024613,0.333582
375.115,335.5,0.748943,0.669944,-0.00157069,0.334794
375.981,335,0.754403,0.675459,-0.00149665,0.335971
376.847,334.5,0.753621,0.67431,-0.00226289,0.336518
377.713,334,0.752374,0.672707,-0.00267552,0.336936
378.579,333.5,0.750999,0.671056,-0.00258849,0.33716
379.445,333,0.748948,0.669308,-0.00256884,0.33607
380.311,332.5,0.7466,0.667386,-0.00196119,0.334669
381.177,332,0.744947,0.666147,-0.00208526,0.333451
382.043,331.5,0.74457,0.666277,-0.00405977,0.332329
382.909,331,0.74424,0.666547,-0.0057525,0.331022
383.775,330.5,0.743918,0.666853,-0.00687113,0.329658
384.641,330,0.743392,0.667154,-0.00733876,0.327847
385.507,329.5,0.742587,0.667326,-0.00724032,0.325667
386.373,329,0.742352,0.668575,-0.00715674,0.322556
387.239,328.5,0.741742,0.669446,-0.00689343,0.319336
388.105,328,0.740655,0.669827,-0.00669365,0.316002
388.971,327.5,0.739528,0.67008,-0.00640662,0.312816
389.837,327,0.738242,0.670152,-0.00616571,0.309611
390.703,326.5,0.736335,0.670026,-0.00628538,0.305311
391.569,326,0.734241,0.669889,-0.00643904,0.300529
392.435,325.5,0.732143,0.66968,-0.00668985,0.295833
393.301,325,0.730088,0.669604,-0.00740931,0.290868
394.167,324.5,0.728049,0.669434,-0.00809674,0.286092
395.033,324,0.725972,0.669105,-0.00873758,0.281529
395.899,323.5,0.723192,0.667749,-0.00890017,0.27756
396.765,323,0.720511,0.666396,-0.00904612,0.273808
397.631,322.5,0.717897,0.665009,-0.00919362,0.270286
398.497,322,0.715545,0.663817,-0.00919465,0.266957
399.363,321.5,0.713277,0.662612,-0.0091636,0.263867
400.229,321,0.710871,0.661217,-0.00911219,0.260857
401.095,320.5,0.708501,0.659884,-0.00900705,0.257771
401.962,320,0.706212,0.658613,-0.00888259,0.254726
402.828,319.5,0.703918,0.657284,-0.00872703,0.251798
403.694,319,0.701711,0.65603,-0.00851578,0.248899
404.56,318.5,0.69968,0.654975,-0.00824186,0.245951
405.426,318,0.698439,0.654797,-0.00788492,0.242889
406.292,317.5,0.697197,0.65461,-0.00749714,0.23982
407.158,317,0.695969,0.654448,-0.00706783,0.236687
408.024,316.5,0.694662,0.654194,-0.00667211,0.233542
408.89,316,0.693271,0.653841,-0.00630796,0.230382
409.756,315.5,0.692053,0.653771,-0.00590946,0.226906
410.622,315,0.690937,0.653852,-0.00552636,0.223251
411.488,314.5,0.689758,0.653854,-0.00518633,0.219577
412.354,314,0.688533,0.653779,-0.00497167,0.21593
413.22,313.5,0.687243,0.65362,-0.00478908,0.212276
414.086,313,0.685758,0.653229,-0.00462772,0.208648
414.952,312.5,0.683637,0.652082,-0.00436331,0.205254
415.818,312,0.681451,0.650867,-0.0040741,0.20182
416.684,311.5,0.679187,0.649577,-0.00378165,0.198317
417.55,311,0.676783,0.648129,-0.0033433,0.194812
418.416,310.5,0.674244,0.646548,-0.00280409,0.191239
419.282,310,0.67027,0.643406,-0.00226885,0.187847
420.148,309.5,0.665604,0.639507,-0.0017945,0.18454
421.014,309,0.660841,0.63552,-0.00137974,0.18117
421.88,308.5,0.65608,0.631556,-0.00100078,0.177698
422.746,308,0.651294,0.627585,-0.000702379,0.174126
423.612,307.5,0.646133,0.623209,-0.000540574,0.170581
424.478,307,0.63994,0.617636,-0.00048018,0.167481
425.344,306.5,0.633886,0.612198,-0.000433897,0.164393
426.21,306,0.628039,0.606965,-0.000447286,0.161328
427.076,305.5,0.62239,0.601937,-0.000491354,0.158243
427.942,305,0.616939,0.597115,-0.000566897,0.155135
428.808,304.5,0.611607,0.592336,-0.000709295,0.152317
429.674,304,0.60634,0.587594,-0.00085379,0.149602
430.54,303.5,0.601122,0.582909,-0.00100274,0.146844
431.406,303,0.595956,0.578326,-0.00111478,0.14388
432.272,302.5,0.590884,0.573848,-0.00123757,0.140857
433.138,302,0.586073,0.569635,-0.00146308,0.137824
434.004,301.5,0.582027,0.566157,-0.00187587,0.134974
434.87,301,0.578348,0.563002,-0.00229666,0.132329
435.737,300.5,0.574951,0.560085,-0.0027406,0.129868
436.603,300,0.572197,0.557736,-0.00318166,0.127789
437.469,299.5,0.57008,0.555953,-0.00358925,0.126073
438.335,299,0.569218,0.555384,-0.00385586,0.124668
439.201,298.5,0.568847,0.555265,-0.00402883,0.123494
440.067,298,0.56879,0.555425,-0.00412084,0.122509
440.933,297.5,0.568761,0.555601,-0.0041756,0.121573
441.799,297,0.568774,0.555811,-0.00419096,0.120668
442.665,296.5,0.56915,0.55642,-0.00418213,0.11963
443.531,296,0.57005,0.557588,-0.00416092,0.118469
444.397,295.5,0.570894,0.558686,-0.00412062,0.117355
445.263,295,0.571748,0.559793,-0.00423121,0.116227
446.129,294.5,0.572571,0.560852,-0.0043477,0.115169
446.995,294,0.573364,0.561862,-0.00447009,0.11418
447.861,293.5,0.574493,0.563256,-0.00480433,0.112968
448.727,293,0.575597,0.564608,-0.0051651,0.111817
449.593,292.5,0.576633,0.565868,-0.00552875,0.110764
450.459,292,0.577724,0.567171,-0.00592879,0.109759
451.325,291.5,0.57879,0.568433,-0.00635128,0.108814
452.191,291,0.579587,0.569426,-0.00672968,0.107844
453.057,290.5,0.580135,0.570191,-0.00697749,0.106726
453.923,290,0.580643,0.570913,-0.00718255,0.105609
454.789,289.5,0.581009,0.571477,-0.00737068,0.10455
455.655,289,0.581287,0.571957,-0.0074493,0.103461
456.521,288.5,0.581509,0.57239,-0.00740464,0.102307
457.387,288,0.581792,0.57294,-0.0070992,0.100856
458.253,287.5,0.581838,0.573251,-0.00677395,0.0993661
459.119,287,0.581648,0.573341,-0.00646442,0.0977389
459.985,286.5,0.58123,0.573188,-0.00617702,0.0961539
460.851,286,0.580596,0.57281,-0.00590965,0.0945848
461.717,285.5,0.580435,0.572948,-0.00561844,0.0927532
462.583,285,0.580733,0.573557,-0.00529109,0.0908588
463.449,284.5,0.580882,0.573996,-0.00496369,0.0890403
464.315,284,0.580966,0.57437,-0.00465835,0.0871729
465.181,283.5,0.580929,0.574606,-0.00436804,0.0853709
466.047,283,0.580779,0.574711,-0.00409356,0.0836368
466.913,282.5,0.581283,0.575488,-0.00395316,0.081783
467.779,282,0.581801,0.576267,-0.00384989,0.0799667
468.645,281.5,0.582314,0.577025,-0.00377651,0.0782093
469.512,281,0.58293,0.577878,-0.00375084,0.076489
470.378,280.5,0.583618,0.57879,-0.00375097,0.0748149
471.244,280,0.584044,0.579418,-0.00375988,0.0732632
472.11,279.5,0.584361,0.579915,-0.00377508,0.0718542
472.976,279,0.584816,0.580535,-0.00380197,0.0705305
473.842,278.5,0.58533,0.581203,-0.00384522,0.0692737
474.708,278,0.585937,0.581953,-0.00389374,0.0681013
475.574,277.5,0.586636,0.582781,-0.00392917,0.0670253
476.44,277,0.586954,0.583208,-0.00396887,0.0660859
477.306,276.5,0.587295,0.58365,-0.00402097,0.0652055
478.172,276,0.587682,0.584129,-0.00404487,0.0643946
479.038,275.5,0.588102,0.584636,-0.00407834,0.0636156
