x,v,vx,vy,vz
220.096,425,0.621051,0.619384,-0.00253065,-0.0453968
220.962,424.5,0.619108,0.617471,-0.00260246,-0.0449249
221.828,424,0.617609,0.616007,-0.002598,-0.0443741
222.694,423.5,0.616552,0.614992,-0.00251927,-0.0437455
223.56,423,0.616071,0.614574,-0.00234854,-0.0428649
224.426,422.5,0.616114,0.614688,-0.00209272,-0.0418496
225.292,422,0.618101,0.61684,-0.0016946,-0.0394163
226.158,421.5,0.620513,0.619435,-0.00141155,-0.036535
227.024,421,0.623167,0.622267,-0.00122743,-0.0334571
227.89,420.5,0.626028,0.625295,-0.00111392,-0.030265
228.756,420,0.628994,0.628412,-0.00103458,-0.027024
229.622,419.5,0.632647,0.63218,-0.000825345,-0.0242956
230.488,419,0.636676,0.636287,-0.000438523,-0.0222356
231.355,418.5,0.639932,0.639605,-4.78084e-05,-0.0204722
232.221,418,0.642295,0.642008,0.000284669,-0.0191891
233.087,417.5,0.644125,0.64387,0.00059674,-0.0181405
233.953,417,0.645307,0.645071,0.000846,-0.0174046
234.819,416.5,0.645507,0.645271,0.000292664,-0.0174428
235.685,416,0.645515,0.645274,-0.000274876,-0.0176213
236.551,415.5,0.645324,0.645074,-0.000847033,-0.0179485
237.417,415,0.64474,0.644465,-0.00138276,-0.01877
238.283,414.5,0.644036,0.643733,-0.00184706,-0.019673
239.149,414,0.643072,0.642725,-0.00220299,-0.0210121
240.015,413.5,0.642031,0.641621,-0.00247328,-0.0228236
240.881,413,0.641169,0.640691,-0.00273931,-0.0245891
241.747,412.5,0.640491,0.639944,-0.00301007,-0.0262882
242.613,412,0.640033,0.639418,-0.00314381,-0.0278757
243.479,411.5,0.639779,0.639099,-0.00318607,-0.0293201
244.345,411,0.639618,0.638902,-0.00313021,-0.0300913
245.211,410.5,0.639576,0.638823,-0.00297051,-0.030877
246.077,410,0.639634,0.638845,-0.00271315,-0.0316381
246.943,409.5,0.639807,0.638982,-0.00238762,-0.0324027
247.809,409,0.640098,0.639237,-0.00207216,-0.0331194
248.675,408.5,0.640538,0.639634,-0.001916,-0.0339517
249.541,408,0.641085,0.640132,-0.00180401,-0.0348887
250.407,407.5,0.641722,0.640723,-0.00169618,-0.0357558
251.273,407,0.642481,0.641441,-0.0016571,-0.0364905
252.139,406.5,0.643283,0.642209,-0.00160202,-0.0371152
253.005,406,0.644077,0.642976,-0.00154753,-0.0376144
253.871,405.5,0.64443,0.643312,-0.00162943,-0.037912
254.737,405,0.64464,0.643504,-0.00163077,-0.0382151
255.603,404.5,0.644705,0.643551,-0.00155155,-0.0385238
256.469,404,0.644387,0.643225,-0.00122176,-0.0386577
257.335,403.5,0.643829,0.642659,-0.000812581,-0.0387962
258.201,403,0.64334,0.642155,-0.000563351,-0.0390149
259.067,402.5,0.64255,0.641364,-0.000364501,-0.0390183
259.933,402,0.641663,0.640481,-0.000174215,-0.0389339
260.799,401.5,0.640805,0.639627,-2.26923e-05,-0.0388259
261.665,401,0.63962,0.63847,0.00011945,-0.0383449
262.531,400.5,0.638422,0.637314,0.000294047,-0.037586
263.397,400,0.637831,0.636758,0.000755335,-0.0369669
264.263,399.5,0.636687,0.635662,0.00131073,-0.0360943
265.13,399,0.634673,0.633699,0.00209376,-0.0350774
265.996,398.5,0.632274,0.631331,0.00301616,-0.0343858
266.862,398,0.628733,0.627801,0.00407686,-0.0339717
267.728,397.5,0.624485,0.623516,0.00465716,-0.0344683
268.594,397,0.621157,0.620093,0.00498119,-0.0360032
269.46,396.5,0.617848,0.616632,0.00522047,-0.0383805
270.326,396,0.612851,0.611434,0.00509991,-0.0413282
271.192,395.5,0.608014,0.606357,0.00508299,-0.0445742
272.058,395,0.602981,0.60105,0.00534742,-0.047927
272.924,394.5,0.596179,0.593992,0.00603781,-0.0506603
273.79,394,0.589705,0.587219,0.0067573,-0.0536589
274.656,393.5,0.583577,0.580745,0.0075093,-0.0569277
275.522,393,0.578025,0.574838,0.00803264,-0.0600799
276.388,392.5,0.572791,0.569254,0.00833737,-0.0630063
277.254,392,0.569154,0.565415,0.00794877,-0.0646409
278.12,391.5,0.5679,0.564015,0.00732809,-0.0659003
278.986,391,0.567849,0.56388,0.0066551,-0.0666869
279.852,390.5,0.568344,0.564379,0.00595746,-0.0667536
280.718,390,0.570196,0.566193,0.00578287,-0.0671942
281.584,389.5,0.573433,0.569289,0.00620252,-0.0685321
282.45,389,0.577091,0.572781,0.00674462,-0.0700728
283.316,388.5,0.581503,0.576978,0.00726482,-0.0720442
284.182,388,0.58733,0.582453,0.00774152,-0.0751393
285.048,387.5,0.593937,0.588728,0.00813921,-0.0780679
285.914,387,0.601462,0.595892,0.00827493,-0.0812454
286.78,386.5,0.608729,0.602895,0.0077084,-0.0837237
287.646,386,0.615515,0.609481,0.00688354,-0.0856978
288.512,385.5,0.622119,0.615897,0.00577752,-0.0875743
289.378,385,0.629636,0.623551,0.00546761,-0.0871564
290.244,384.5,0.638348,0.632402,0.00555215,-0.0867441
291.11,384,0.647066,0.641244,0.00589638,-0.0863986
291.976,383.5,0.654289,0.648343,0.00110486,-0.0880057
292.842,383,0.662711,0.656254,-0.00403666,-0.0921983
293.708,382.5,0.67236,0.665,-0.00883554,-0.0988137
294.574,382,0.679857,0.672636,-0.0129279,-0.097977
295.44,381.5,0.686638,0.680218,-0.0177101,-0.0919868
296.306,381,0.700142,0.69456,-0.0219362,-0.0854667
297.172,380.5,0.714853,0.7098,-0.0194808,-0.0825715
298.038,380,0.72978,0.724995,-0.0120737,-0.0825525
298.905,379.5,0.745306,0.740486,-0.000752153,-0.0846279
299.771,379,0.763063,0.758221,0.00446331,-0.0857063
300.637,378.5,0.778722,0.77472,-0.00947844,-0.0782744
301.503,378,0.785533,0.782206,-0.0213399,-0.0690038
302.369,377.5,0.787844,0.784942,-0.0210142,-0.0642028
303.235,377,0.782493,0.779242,-0.00339845,-0.0711673
304.101,376.5,0.777493,0.773666,0.00849359,-0.0765775
304.967,376,0.773255,0.76901,0.0140857,-0.0796795
305.833,375.5,0.779971,0.776083,0.0116151,-0.0769048
306.699,375,0.786885,0.78351,0.010867,-0.0719911
307.565,374.5,0.793824,0.791087,0.01189,-0.0647878
308.431,374,0.805045,0.80283,0.0140745,-0.0579896
309.297,373.5,0.815339,0.813822,0.0175164,-0.0465183
310.163,373,0.806225,0.805065,0.0242204,-0.0358313
311.029,372.5,0.76852,0.766981,0.0328295,-0.0358522
311.895,372,0.718605,0.716384,0.041031,-0.0387764
312.761,371.5,0.656954,0.653671,0.0493543,-0.0431965
313.627,371,0.596288,0.592328,0.0490112,-0.0480103
314.493,370.5,0.54065,0.536985,0.0398525,-0.0485955
315.359,370,0.531794,0.530039,0.0161961,-0.0400136
316.225,369.5,0.52868,0.527753,-0.00615997,-0.0306807
317.091,369,0.530548,0.529437,-0.0221211,-0.0262317
317.957,368.5,0.528086,0.526871,-0.0302378,-0.0191794
318.823,368,0.52062,0.519314,-0.0342477,-0.0136038
319.689,367.5,0.523596,0.520677,-0.0484743,-0.026422
320.555,367,0.538284,0.532407,-0.065601,-0.0445948
321.421,366.5,0.553871,0.544616,-0.0816492,-0.0591567
322.287,366,0.580669,0.567694,-0.0959217,-0.0754906
323.153,365.5,0.603794,0.587448,-0.110836,-0.0847761
324.019,365,0.620644,0.601446,-0.124821,-0.0887729
324.885,364.5,0.593326,0.570986,-0.101166,-0.125604
325.751,364,0.573035,0.543255,-0.0744305,-0.166441
326.617,363.5,0.561494,0.518327,-0.0447029,-0.211221
327.483,363,0.525756,0.479649,-0.0164267,-0.214677
328.349,362.5,0.481298,0.438777,0.0132906,-0.197347
329.215,362,0.460909,0.428991,0.0267303,-0.1664
330.081,361.5,0.484677,0.460121,0.0253595,-0.150192
330.947,361,0.51607,0.494983,0.023472,-0.144115
331.813,360.5,0.682404,0.645515,0.00271903,-0.221312
332.679,360,0.693216,0.659051,0.0129683,-0.214553
333.546,359.5,0.697631,0.668165,0.0243698,-0.199123
334.412,359,0.64632,0.625673,0.0399772,-0.157049
335.278,358.5,0.680519,0.665784,0.0456276,-0.133248
336.144,358,0.702942,0.693441,0.057556,-0.0997766
337.01,357.5,0.713727,0.707935,0.0687494,-0.0592299
337.876,357,0.718272,0.71416,0.0740873,-0.0200185
338.742,356.5,0.754368,0.750154,0.0668466,-0.0432666
339.608,356,0.787194,0.78056,0.0592934,-0.0829756
340.474,355.5,0.805132,0.794118,0.0494729,-0.123152
341.34,355,0.816943,0.799351,0.0492987,-0.161253
342.206,354.5,0.824196,0.800488,0.053755,-0.188754
343.072,354,0.830751,0.802905,0.063847,-0.203506
343.938,353.5,0.902465,0.876101,0.0667195,-0.206009
344.804,353,1.04369,1.02302,0.0885137,-0.186781
345.67,352.5,1.10642,1.08509,0.116842,-0.181918
346.536,352,1.11939,1.08874,0.16363,-0.202251
347.402,351.5,1.10089,1.05981,0.218876,-0.202129
348.268,351,1.04996,0.997455,0.276306,-0.176523
349.134,350.5,0.951082,0.877095,0.338631,-0.143492
350,350,0.761406,0.655477,0.373049,-0.104516
350.866,349.5,0.527758,0.419909,0.316941,-0.041875
351.732,349,0.328417,0.282448,0.16667,0.0173731
352.598,348.5,0.302393,0.286925,0.0822257,0.0485236
353.464,348,0.353839,0.347445,0.0207312,0.0636693
354.33,347.5,0.497432,0.472502,0.0214724,0.154013
355.196,347,0.620019,0.56665,0.0210014,0.250781
356.062,346.5,0.692018,0.641242,0.0132561,0.259848
356.928,346,0.757861,0.713041,0.0158403,0.25627
357.794,345.5,0.811185,0.771421,0.0172983,0.250264
358.66,345,0.841549,0.806258,0.0208178,0.240246
359.526,344.5,0.862008,0.83239,0.0267799,0.222412
360.392,344,0.838124,0.816411,0.0396903,0.185337
361.258,343.5,0.812844,0.797272,0.0630808,0.145234
362.124,343,0.78805,0.776198,0.0848885,0.106459
362.99,342.5,0.796718,0.788483,0.0570162,0.0990133
363.856,342,0.818998,0.812603,0.0283606,0.0981299
364.722,341.5,0.846492,0.840813,0.00673919,0.0976613
365.588,341,0.877412,0.871183,-0.00867741,0.103997
366.454,340.5,0.907778,0.900468,-0.0189087,0.113404
367.321,340,0.910413,0.902215,-0.0218637,0.119928
368.187,339.5,0.904346,0.895866,-0.0193502,0.122028
369.053,339,0.894629,0.886247,-0.01347,0.121432
369.919,338.5,0.884207,0.875999,-0.00621716,0.120042
370.785,338,0.872701,0.865192,0.00185348,0.114223
371.651,337.5,0.863346,0.857305,0.00755334,0.101679
372.517,337,0.855246,0.849838,0.011124,0.0953751
373.383,336.5,0.846912,0.841822,0.0149119,0.0915023
374.249,336,0.842213,0.838567,0.0159462,0.076642
375.115,335.5,0.840485,0.838029,0.0128128,0.0629182
375.981,335,0.841708,0.840187,0.00549663,0.0502674
376.847,334.5,0.848746,0.848458,0.00301038,0.0219219
377.713,334,0.861428,0.861396,-0.00319064,-0.00670113
378.579,333.5,0.879234,0.87841,-0.0141219,-0.0353495
379.445,333,0.901894,0.900887,-0.0168434,-0.0391341
380.311,332.5,0.918951,0.918105,-0.0096089,-0.0382325
381.177,332,0.936214,0.935376,0.00252165,-0.0395119
382.043,331.5,0.957473,0.955464,0.00881694,-0.0613533
382.909,331,0.971676,0.967769,0.0107426,-0.0863792
383.775,330.5,0.980637,0.974686,0.00947481,-0.10746
384.641,330,0.98674,0.979718,0.00460595,-0.117416
385.507,329.5,0.994444,0.987493,0.00285916,-0.117337
386.373,329,1.00042,0.993328,0.00886978,-0.11859
387.239,328.5,1.01022,1.00242,0.0191114,-0.123795
388.105,328,1.02417,1.01515,0.0334094,-0.131448
388.971,327.5,1.04405,1.03286,0.0543109,-0.142478
389.837,327,1.06643,1.05231,0.0780967,-0.154335
390.703,326.5,1.06766,1.05444,0.0787936,-0.147794
391.569,326,1.06518,1.05463,0.0686314,-0.132832
392.435,325.5,1.06909,1.06058,0.0618286,-0.119603
393.301,325,1.07625,1.06958,0.0621366,-0.102289
394.167,324.5,1.0894,1.08396,0.0645805,-0.0874261
395.033,324,1.10726,1.10257,0.0685093,-0.0753762
395.899,323.5,1.09967,1.09665,0.0505299,-0.0638672
396.765,323,1.09362,1.09211,0.0290036,-0.0495602
397.631,322.5,1.08994,1.08942,0.00478532,-0.0332353
398.497,322,1.09393,1.09353,-0.0185384,-0.0227996
399.363,321.5,1.10099,1.10024,-0.0386875,-0.0123406
400.229,321,1.11164,1.11068,-0.0458201,-0.00467315
401.095,320.5,1.12879,1.12786,-0.0451237,-0.00857208
401.962,320,1.14892,1.14784,-0.0479378,-0.0136387
402.828,319.5,1.16873,1.16745,-0.05312,-0.0126833
403.694,319,1.18515,1.18398,-0.050979,-0.0122862
404.56,318.5,1.19634,1.19565,-0.0337674,-0.0225188
405.426,318,1.20078,1.20026,-0.0168874,-0.0311555
406.292,317.5,1.20576,1.20515,-0.0111798,-0.0364133
407.158,317,1.2132,1.21247,-0.0210525,-0.0364609
408.024,316.5,1.22212,1.22114,-0.0347209,-0.0346088
408.89,316,1.23215,1.2307,-0.0513538,-0.030445
409.756,315.5,1.2352,1.234,-0.048603,-0.0240881
410.622,315,1.23596,1.2353,-0.0344928,-0.0206927
411.488,314.5,1.23626,1.236,-0.0164664,-0.0195908
412.354,314,1.23031,1.23009,0.00876431,-0.0216019
413.22,313.5,1.2246,1.22385,0.0356166,-0.0237909
414.086,313,1.21215,1.21017,0.0626708,-0.0293823
414.952,312.5,1.16273,1.15851,0.0781298,-0.0607144
415.818,312,1.11711,1.10901,0.0966876,-0.0931646
416.684,311.5,1.07677,1.06277,0.120418,-0.124321
417.55,311,1.03931,1.01829,0.149745,-0.144315
418.416,310.5,1.00513,0.976149,0.184109,-0.153339
419.282,310,1.0017,0.973257,0.201315,-0.125047
420.148,309.5,1.00815,0.985725,0.195888,-0.0795865
421.014,309,1.00684,0.990474,0.175616,-0.0430018
421.88,308.5,0.999966,0.986747,0.159967,-0.025962
422.746,308,0.991088,0.980655,0.142074,-0.0196455
423.612,307.5,0.987605,0.981231,0.11202,-0.00145005
424.478,307,0.995021,0.990521,0.0945059,0.00215262
425.344,306.5,1.00042,0.995853,0.095039,-0.00891626
426.21,306,0.948582,0.943484,0.0831366,-0.0522993
427.076,305.5,0.909708,0.898366,0.0217959,-0.141539
427.942,305,0.905231,0.886415,-0.0017385,-0.183601
428.808,304.5,0.90311,0.872862,-0.0279089,-0.230088
429.674,304,0.893709,0.853199,-0.037066,-0.263424
430.54,303.5,0.872822,0.827948,-0.0188274,-0.275619
431.406,303,0.825925,0.78313,0.016582,-0.261887
432.272,302.5,0.785518,0.742335,0.0444762,-0.252981
433.138,302,0.750985,0.705563,0.0648554,-0.248903
434.004,301.5,0.721835,0.672814,0.0777194,-0.249651
434.87,301,0.696052,0.642903,0.0814693,-0.254022
435.737,300.5,0.660367,0.605783,0.0721024,-0.25281
436.603,300,0.625476,0.568004,0.0659332,-0.253464
437.469,299.5,0.59155,0.529566,0.0629619,-0.255983
438.335,299,0.518577,0.481326,0.0510492,-0.186123
439.201,298.5,0.49379,0.443282,0.0584334,-0.209561
440.067,298,0.496164,0.407806,0.0798726,-0.271096
440.933,297.5,0.519215,0.377327,0.109884,-0.339314
441.799,297,0.5539,0.351149,0.142723,-0.403893
442.665,296.5,0.555698,0.337873,0.145444,-0.41652
443.531,296,0.535899,0.344451,0.1314,-0.388942
444.397,295.5,0.513634,0.352904,0.121614,-0.35283
445.263,295,0.5109,0.379527,0.123453,-0.318964
446.129,294.5,0.514018,0.391467,0.12565,-0.308513
446.995,294,0.521887,0.411926,0.117787,-0.298009
447.861,293.5,0.53759,0.436848,0.110451,-0.293201
448.727,293,0.541399,0.471105,0.0853424,-0.252763
449.593,292.5,0.579552,0.503519,0.0853751,-0.273971
450.459,292,0.61476,0.53009,0.092071,-0.297417
451.325,291.5,0.670109,0.567131,0.109228,-0.339819
452.191,291,0.733743,0.611892,0.129198,-0.383765
453.057,290.5,0.734324,0.625229,0.135887,-0.360354
453.923,290,0.727814,0.640317,0.146063,-0.313645
454.789,289.5,0.753262,0.679956,0.163628,-0.279802
455.655,289,0.785175,0.719732,0.176566,-0.259442
456.521,288.5,0.791424,0.731262,0.175105,-0.246871
457.387,288,0.733455,0.683556,0.153899,-0.216847
458.253,287.5,0.68577,0.648665,0.128245,-0.181844
459.119,287,0.669297,0.645209,0.105869,-0.143026
459.985,286.5,0.674867,0.660918,0.0864098,-0.105669
460.851,286,0.699912,0.692854,0.0685791,-0.0716122
461.717,285.5,0.722398,0.71884,0.0467223,-0.054257
462.583,285,0.749993,0.748327,0.0318932,-0.0384581
463.449,284.5,0.777186,0.776642,0.0211793,-0.0198998
464.315,284,0.805687,0.804921,0.00223274,-0.0350417
465.181,283.5,0.831425,0.82842,-0.0243997,-0.0662843
466.047,283,0.856272,0.846842,-0.0581806,-0.112584
466.913,282.5,0.867028,0.85326,-0.0485917,-0.146024
467.779,282,0.878928,0.858736,-0.0288186,-0.185084
468.645,281.5,0.893112,0.862169,-0.00449205,-0.233008
469.512,281,0.881512,0.841563,0.0161615,-0.261867
470.378,280.5,0.854898,0.8057,0.0320869,-0.284024
471.244,280,0.823765,0.760162,0.0397428,-0.314903
472.11,279.5,0.799247,0.716121,0.0487005,-0.35156
472.976,279,0.788477,0.685437,0.0591032,-0.385199
473.842,278.5,0.786865,0.662008,0.0731204,-0.418994
474.708,278,0.794621,0.648952,0.0858321,-0.450463
475.574,277.5,0.800519,0.64307,0.0870516,-0.468737
476.44,277,0.808281,0.66139,0.0698525,-0.459349
477.306,276.5,0.828456,0.684361,0.0557818,-0.463549
478.172,276,0.857915,0.705201,0.0488879,-0.486127
479.038,275.5,0.885942,0.720523,0.0477362,-0.513283
