x,v,vx,vy,vz
220.096,425,0.530179,0.529587,0.00305327,0.0248613
220.962,424.5,0.527807,0.527202,0.00312502,0.0250833
221.828,424,0.525277,0.524673,0.00347168,0.0249459
222.694,423.5,0.522593,0.522005,0.0040961,0.0244433
223.56,423,0.519871,0.519314,0.00479731,0.0235801
224.426,422.5,0.517049,0.516532,0.00565443,0.0224223
225.292,422,0.510313,0.509824,0.00618019,0.0214562
226.158,421.5,0.504466,0.503966,0.00624108,0.021572
227.024,421,0.49955,0.499005,0.00596141,0.0225611
227.89,420.5,0.495275,0.494649,0.00549258,0.0242789
228.756,420,0.492036,0.491301,0.0046489,0.0264889
229.622,419.5,0.493098,0.492245,0.00398195,0.028706
230.488,419,0.497818,0.496853,0.00410319,0.0307153
231.355,418.5,0.501757,0.50069,0.00454074,0.0323767
232.221,418,0.504806,0.503668,0.00517383,0.0334813
233.087,417.5,0.507116,0.505897,0.00600314,0.0346221
233.953,417,0.508683,0.507379,0.00700881,0.0357221
234.819,416.5,0.50599,0.504658,0.00671849,0.0360716
235.685,416,0.503323,0.501958,0.00636673,0.0364872
236.551,415.5,0.500747,0.499344,0.00598613,0.0369711
237.417,415,0.498448,0.497009,0.00600393,0.0373618
238.283,414.5,0.496364,0.494884,0.00610075,0.0378085
239.149,414,0.494718,0.493184,0.00689349,0.0383164
240.015,413.5,0.493417,0.491795,0.00875944,0.0390042
240.881,413,0.491831,0.490089,0.0106754,0.0399677
241.747,412.5,0.489915,0.488016,0.0125714,0.0412097
242.613,412,0.487971,0.485886,0.0147409,0.0425849
243.479,411.5,0.486001,0.483695,0.0168906,0.0441686
244.345,411,0.48772,0.485292,0.017018,0.0455311
245.211,410.5,0.489691,0.487173,0.0173701,0.046456
246.077,410,0.491822,0.489232,0.0179949,0.0470887
246.943,409.5,0.494002,0.491312,0.0189701,0.0478636
247.809,409,0.496192,0.493466,0.0200194,0.0479348
248.675,408.5,0.495954,0.493261,0.0218393,0.0467627
249.541,408,0.493516,0.490811,0.0242369,0.04556
250.407,407.5,0.490216,0.487552,0.0259907,0.0439181
251.273,407,0.485728,0.483312,0.0259906,0.0408137
252.139,406.5,0.48086,0.478694,0.0258376,0.0375621
253.005,406,0.475709,0.473811,0.0253431,0.0340687
253.871,405.5,0.471318,0.469819,0.0227318,0.0299008
254.737,405,0.467198,0.466041,0.0197934,0.0262155
255.603,404.5,0.463345,0.462478,0.0165279,0.0230126
256.469,404,0.460333,0.459687,0.0111497,0.0216716
257.335,403.5,0.458165,0.457662,0.00506677,0.0208381
258.201,403,0.455019,0.454522,-0.00157591,0.0212087
259.067,402.5,0.452214,0.451538,-0.00829587,0.0232739
259.933,402,0.449857,0.448878,-0.0151231,0.0255275
260.799,401.5,0.447677,0.446273,-0.0221496,0.0276569
261.665,401,0.445685,0.443927,-0.026688,0.029193
262.531,400.5,0.444251,0.442219,-0.0296776,0.0303376
263.397,400,0.443008,0.440764,-0.0318127,0.0311565
264.263,399.5,0.442023,0.43967,-0.0321687,0.0322427
265.13,399,0.441366,0.43904,-0.0300173,0.0338655
265.996,398.5,0.440265,0.437955,-0.0276042,0.0355923
266.862,398,0.438566,0.43624,-0.026108,0.0367894
267.728,397.5,0.437967,0.435666,-0.0278662,0.0351308
268.594,397,0.437539,0.435292,-0.0302313,0.0323606
269.46,396.5,0.437696,0.435462,-0.0321592,0.0302857
270.326,396,0.446894,0.444507,-0.0298994,0.035125
271.192,395.5,0.459518,0.457124,-0.0279118,0.037621
272.058,395,0.475085,0.472753,-0.0259016,0.0392374
272.924,394.5,0.460056,0.45764,-0.0201077,0.0425773
273.79,394,0.463756,0.460187,-0.0137733,0.0557426
274.656,393.5,0.475185,0.472247,-0.0110458,0.0515881
275.522,393,0.488445,0.486339,-0.00933747,0.044342
276.388,392.5,0.497255,0.49571,-0.0112587,0.0375138
277.254,392,0.486868,0.484816,-0.0220014,0.0388482
278.12,391.5,0.475531,0.472796,-0.0336752,0.0381972
278.986,391,0.463314,0.459621,-0.0460406,0.0358903
279.852,390.5,0.451337,0.446678,-0.0504009,0.0405508
280.718,390,0.442007,0.436946,-0.0527666,0.0407851
281.584,389.5,0.435237,0.430428,-0.0531377,0.0365932
282.45,389,0.435989,0.430632,-0.0555932,0.0393888
283.316,388.5,0.439878,0.433967,-0.0583436,0.0419644
284.182,388,0.446544,0.440176,-0.0611713,0.0436365
285.048,387.5,0.455974,0.44926,-0.0640763,0.0444052
285.914,387,0.468165,0.461217,-0.0670586,0.0442705
286.78,386.5,0.483123,0.476049,-0.0701182,0.0432322
287.646,386,0.484874,0.479395,-0.0634432,0.035467
288.512,385.5,0.477247,0.473903,-0.0502725,0.0255574
289.378,385,0.469696,0.467292,-0.0412582,0.0234721
290.244,384.5,0.46798,0.466363,-0.0332713,0.0200913
291.11,384,0.472102,0.471116,-0.0263119,0.015415
291.976,383.5,0.482075,0.481551,-0.02038,0.00944323
292.842,383,0.500123,0.499865,-0.0160541,-0.000537932
293.708,382.5,0.522005,0.519415,-0.00302947,-0.0518508
294.574,382,0.565848,0.561307,-0.00386432,-0.071438
295.44,381.5,0.615159,0.608992,-0.00665194,-0.0866278
296.306,381,0.654085,0.649141,-0.0168572,-0.078481
297.172,380.5,0.694351,0.690715,-0.0252087,-0.0663356
298.038,380,0.735501,0.732814,-0.0323617,-0.0538332
298.905,379.5,0.777704,0.775567,-0.0393742,-0.0420613
299.771,379,0.820181,0.81815,-0.0505544,-0.0277716
300.637,378.5,0.85306,0.850397,-0.0656121,-0.0152026
301.503,378,0.87173,0.868289,-0.0764986,-0.0116719
302.369,377.5,0.889639,0.885312,-0.087228,-0.00837022
303.235,377,0.904551,0.899039,-0.0996606,-0.00297688
304.101,376.5,0.914552,0.907872,-0.11033,0.000697118
304.967,376,0.918751,0.910923,-0.119646,0.00269319
305.833,375.5,0.917353,0.909441,-0.1202,0.00208795
306.699,375,0.917036,0.908949,-0.121519,-4.29045e-05
307.565,374.5,0.917595,0.90914,-0.124226,-0.00363672
308.431,374,0.913127,0.908557,-0.0911185,0.00479804
309.297,373.5,0.903283,0.901319,-0.0586903,0.0099776
310.163,373,0.886927,0.886609,-0.0212722,0.0106229
311.029,372.5,0.844242,0.842609,0.0365703,0.0376435
311.895,372,0.780498,0.771276,0.0965723,0.0705993
312.761,371.5,0.702725,0.677865,0.155187,0.101185
313.627,371,0.620103,0.582237,0.186389,0.10386
314.493,370.5,0.539231,0.49295,0.197704,0.0931864
315.359,370,0.486124,0.437697,0.19004,0.0928598
316.225,369.5,0.422191,0.378268,0.16742,0.0844312
317.091,369,0.345716,0.317507,0.123402,0.0589943
317.957,368.5,0.269675,0.256571,0.0770985,0.0308576
318.823,368,0.215823,0.212385,0.0381461,0.00414451
319.689,367.5,0.234192,0.233416,0.0168337,-0.00892154
320.555,367,0.278625,0.277782,-0.00401924,-0.021282
321.421,366.5,0.327303,0.325008,-0.0175072,-0.0345059
322.287,366,0.492288,0.480972,0.0158995,-0.103735
323.153,365.5,0.541561,0.521393,0.0341112,-0.142388
324.019,365,0.589794,0.557197,0.0582675,-0.184371
324.885,364.5,0.637779,0.588386,0.0883686,-0.229685
325.751,364,0.675043,0.611818,0.108808,-0.263671
326.617,363.5,0.680832,0.617935,0.103106,-0.266568
327.483,363,0.666175,0.609768,0.0907402,-0.252464
328.349,362.5,0.617734,0.588529,0.0531157,-0.180019
329.215,362,0.643291,0.613141,0.0617437,-0.184579
330.081,361.5,0.655973,0.619509,0.0691171,-0.204285
330.947,361,0.669929,0.625196,0.0758109,-0.228445
331.813,360.5,0.687511,0.635268,0.0840665,-0.249076
332.679,360,0.693276,0.640012,0.0924019,-0.249957
333.546,359.5,0.688967,0.63987,0.104233,-0.23319
334.412,359,0.687627,0.645739,0.116127,-0.205829
335.278,358.5,0.684356,0.647578,0.123683,-0.183543
336.144,358,0.667886,0.633636,0.126804,-0.168814
337.01,357.5,0.651104,0.617138,0.128894,-0.162677
337.876,357,0.637917,0.599686,0.130975,-0.173669
338.742,356.5,0.647018,0.597976,0.138588,-0.204573
339.608,356,0.663064,0.602579,0.143567,-0.236518
340.474,355.5,0.683452,0.607611,0.144968,-0.277308
341.34,355,0.708616,0.611689,0.154733,-0.322538
342.206,354.5,0.742975,0.617427,0.167621,-0.377755
343.072,354,0.786771,0.628361,0.179907,-0.437954
343.938,353.5,0.761019,0.618727,0.174812,-0.407145
344.804,353,0.744982,0.614897,0.172477,-0.383603
345.67,352.5,0.747848,0.62187,0.173534,-0.377413
346.536,352,0.732795,0.603619,0.210455,-0.358249
347.402,351.5,0.695081,0.553493,0.278648,-0.314863
348.268,351,0.65029,0.49187,0.321842,-0.278134
349.134,350.5,0.59963,0.445853,0.305897,-0.259227
350,350,0.528514,0.393581,0.272,-0.224583
350.866,349.5,0.371117,0.25066,0.262763,-0.0765048
351.732,349,0.33195,0.212922,0.243478,-0.0746532
352.598,348.5,0.289581,0.217384,0.179786,-0.0654073
353.464,348,0.229153,0.1892,0.119208,-0.0500418
354.33,347.5,0.264772,0.252523,0.0788803,-0.0107019
355.196,347,0.297939,0.295191,0.0389027,0.0108094
356.062,346.5,0.311576,0.306996,-0.0515217,-0.013354
356.928,346,0.316798,0.289868,-0.126838,-0.0157995
357.794,345.5,0.327878,0.293918,-0.140189,0.0382578
358.66,345,0.32686,0.278776,-0.156442,0.0681695
359.526,344.5,0.311215,0.240653,-0.183341,0.0729876
360.392,344,0.292847,0.228552,-0.169047,0.0703318
361.258,343.5,0.266919,0.20705,-0.155188,0.0655179
362.124,343,0.2348,0.174406,-0.13824,0.074855
362.99,342.5,0.194546,0.139466,-0.0807789,0.10896
363.856,342,0.18333,0.109532,-0.0267556,0.144557
364.722,341.5,0.204985,0.084993,0.0153573,0.185901
365.588,341,0.248879,0.0827429,0.0355817,0.232009
366.454,340.5,0.294416,0.0929642,0.0412719,0.276288
367.321,340,0.339087,0.111531,0.0323666,0.31858
368.187,339.5,0.385938,0.134239,0.0162663,0.361474
369.053,339,0.431921,0.16343,-0.000563486,0.399808
369.919,338.5,0.477603,0.194978,-0.0192892,0.435565
370.785,338,0.519858,0.229121,-0.0376033,0.465125
371.651,337.5,0.55028,0.264948,-0.0536279,0.479306
372.517,337,0.572387,0.300706,-0.0730748,0.481521
373.383,336.5,0.593893,0.336976,-0.0896651,0.480746
374.249,336,0.610064,0.374231,-0.0971943,0.471893
375.115,335.5,0.627953,0.412077,-0.10319,0.46246
375.981,335,0.647375,0.45039,-0.107638,0.45239
376.847,334.5,0.628319,0.449124,-0.0997238,0.427934
377.713,334,0.611464,0.447837,-0.0911189,0.406237
378.579,333.5,0.598004,0.447817,-0.0825827,0.387619
379.445,333,0.607088,0.465749,-0.0814448,0.380789
380.311,332.5,0.622371,0.488194,-0.0805481,0.377525
381.177,332,0.637471,0.50972,-0.0766936,0.375064
382.043,331.5,0.643646,0.515228,-0.0733605,0.378732
382.909,331,0.647263,0.513865,-0.0728574,0.386761
383.775,330.5,0.651228,0.511179,-0.0741568,0.396605
384.641,330,0.665064,0.519076,-0.0770652,0.408572
385.507,329.5,0.692501,0.540513,-0.0797896,0.425485
386.373,329,0.725191,0.571517,-0.0824597,0.438713
387.239,328.5,0.746323,0.596961,-0.0852428,0.439738
388.105,328,0.741566,0.607642,-0.0846394,0.416566
388.971,327.5,0.826603,0.687954,-0.0829366,0.450681
389.837,327,0.882128,0.737718,-0.0889168,0.47541
390.703,326.5,0.944399,0.792413,-0.0958505,0.504761
391.569,326,0.972585,0.81793,-0.0942033,0.517724
392.435,325.5,0.973605,0.822514,-0.0880659,0.513441
393.301,325,0.947919,0.811111,-0.0776036,0.484385
394.167,324.5,0.884041,0.774525,-0.0762031,0.419324
395.033,324,0.957823,0.840408,-0.0860974,0.451361
395.899,323.5,0.927226,0.818619,-0.0728355,0.429308
396.765,323,0.889445,0.793138,-0.0593467,0.398149
397.631,322.5,0.853912,0.771368,-0.0474895,0.363181
398.497,322,0.843491,0.766419,-0.0397412,0.349999
399.363,321.5,0.848929,0.771993,-0.0345844,0.351442
400.229,321,0.871192,0.79213,-0.0311886,0.361293
401.095,320.5,0.899306,0.817472,-0.0273847,0.37382
401.962,320,0.923837,0.839337,-0.022584,0.38533
402.828,319.5,0.944798,0.858048,-0.0171056,0.395099
403.694,319,0.957463,0.869541,-0.0122095,0.400607
404.56,318.5,0.958949,0.87217,-0.00838174,0.398538
405.426,318,0.951583,0.868789,-0.00507372,0.388187
406.292,317.5,0.943638,0.86437,-0.00319262,0.37856
407.158,317,0.938546,0.861414,-0.00255159,0.372595
408.024,316.5,0.935963,0.859661,-0.00220408,0.370143
408.89,316,0.936309,0.859258,-0.00250826,0.371946
409.756,315.5,0.934999,0.853915,-0.00907243,0.380749
410.622,315,0.930265,0.845612,-0.0168271,0.387362
411.488,314.5,0.925397,0.838227,-0.023984,0.391356
412.354,314,0.922385,0.830496,-0.0293475,0.40026
413.22,313.5,0.920821,0.824504,-0.033599,0.408626
414.086,313,0.921603,0.821609,-0.0358721,0.415963
414.952,312.5,0.914429,0.814224,-0.0400424,0.414265
415.818,312,0.902498,0.801015,-0.0477202,0.413037
416.684,311.5,0.889051,0.784487,-0.0574067,0.414363
417.55,311,0.882045,0.777874,-0.052205,0.412542
418.416,310.5,0.88415,0.781872,-0.0377489,0.411061
419.282,310,0.886928,0.790587,-0.0251864,0.401224
420.148,309.5,0.859331,0.778385,-0.00844077,0.364
421.014,309,0.806962,0.744561,0.0049213,0.311117
421.88,308.5,0.754906,0.708436,0.0114339,0.260519
422.746,308,0.713014,0.678351,0.00783406,0.219473
423.612,307.5,0.70391,0.674642,0.00130335,0.200859
424.478,307,0.715834,0.688295,0.00934445,0.19642
425.344,306.5,0.728874,0.702114,0.0187941,0.194782
426.21,306,0.754435,0.724537,0.0266026,0.208592
427.076,305.5,0.784616,0.751635,0.0314406,0.222886
427.942,305,0.819474,0.783476,0.0336784,0.237841
428.808,304.5,0.861926,0.817832,0.0533292,0.266875
429.674,304,0.896944,0.847742,0.0601061,0.286756
430.54,303.5,0.92459,0.874294,0.0548905,0.295743
431.406,303,0.946919,0.898563,0.0324229,0.296966
432.272,302.5,0.974123,0.926508,0.00562507,0.300777
433.138,302,1.00376,0.955204,-0.0191265,0.307835
434.004,301.5,1.02255,0.968877,-0.0307613,0.325494
434.87,301,1.03763,0.97922,-0.0429924,0.340512
435.737,300.5,1.05041,0.989832,-0.0579272,0.346757
436.603,300,1.05174,0.992535,-0.0651284,0.341749
437.469,299.5,1.04131,0.986051,-0.0637484,0.328586
438.335,299,1.02032,0.969795,-0.052293,0.312746
439.201,298.5,0.988167,0.946512,-0.0359834,0.281593
440.067,298,0.95099,0.920382,-0.0139099,0.238928
440.933,297.5,0.9312,0.909779,0.0091531,0.198375
441.799,297,0.920474,0.904911,0.0290721,0.166021
442.665,296.5,0.88393,0.869144,0.0371157,0.156661
443.531,296,0.853838,0.840693,0.0430899,0.142891
444.397,295.5,0.840482,0.830898,0.0471189,0.117462
445.263,295,0.850568,0.843344,0.0389872,0.103525
446.129,294.5,0.866059,0.860781,0.032867,0.0896256
446.995,294,0.88692,0.88321,0.0287581,0.0757656
447.861,293.5,0.88539,0.878655,0.0154337,0.107902
448.727,293,0.888344,0.877048,0.00464841,0.141142
449.593,292.5,0.898759,0.882489,-0.00236886,0.170223
450.459,292,0.920211,0.900583,-0.00313858,0.189018
451.325,291.5,0.940935,0.9208,-0.00749154,0.193465
452.191,291,0.948037,0.927458,-0.0124225,0.196067
453.057,290.5,0.928892,0.90139,-0.00812943,0.224208
453.923,290,0.908512,0.872337,-0.00389205,0.253784
454.789,289.5,0.894541,0.851275,-0.00257401,0.274822
455.655,289,0.885046,0.840915,-0.00101321,0.275985
456.521,288.5,0.870438,0.830975,-0.00132927,0.259117
457.387,288,0.864403,0.826503,-0.00245821,0.253141
458.253,287.5,0.864425,0.824703,-0.000962314,0.259026
459.119,287,0.870084,0.825297,0.00161452,0.275551
459.985,286.5,0.87242,0.823279,0.00493471,0.288627
460.851,286,0.871236,0.818844,0.0089086,0.297433
461.717,285.5,0.867643,0.815807,0.00863556,0.295277
462.583,285,0.863755,0.813263,0.00523834,0.290944
463.449,284.5,0.85891,0.808886,0.00315662,0.288823
464.315,284,0.854401,0.804418,0.00205,0.287937
465.181,283.5,0.850512,0.798523,0.00268381,0.292786
466.047,283,0.847505,0.791362,0.00496827,0.303292
466.913,282.5,0.85358,0.798654,0.000960143,0.301247
467.779,282,0.856838,0.804404,-0.00348498,0.295117
468.645,281.5,0.857065,0.808008,-0.00834396,0.285682
469.512,281,0.850636,0.806044,-0.0137825,0.271447
470.378,280.5,0.839888,0.799196,-0.0194416,0.257525
471.244,280,0.825415,0.787249,-0.0224391,0.247074
472.11,279.5,0.811201,0.775735,-0.0214655,0.236267
472.976,279,0.796056,0.764153,-0.019335,0.222265
473.842,278.5,0.777179,0.749362,-0.0176255,0.20531
474.708,278,0.753622,0.729795,-0.0158699,0.187334
475.574,277.5,0.722994,0.702541,-0.013233,0.17024
476.44,277,0.691577,0.674963,-0.0110448,0.150274
477.306,276.5,0.661382,0.648823,-0.00931697,0.127935
478.172,276,0.634281,0.625133,-0.00835773,0.107014
479.038,275.5,0.615798,0.609394,-0.00930356,0.0880845
