x,v,vx,vy,vz
220.096,425,0.601155,0.600973,-1.24443e-07,0.0147749
220.962,424.5,0.598697,0.598552,5.48966e-05,0.0131621
221.828,424,0.596201,0.596091,-3.4458e-05,0.0114594
222.694,423.5,0.593681,0.593602,-0.000267268,0.00968383
223.56,423,0.590705,0.590657,-0.000591488,0.0074694
224.426,422.5,0.587759,0.587736,-0.00104895,0.00508845
225.292,422,0.583262,0.583258,-0.00062918,0.00220949
226.158,421.5,0.578022,0.578021,-0.000170336,-0.000922928
227.024,421,0.572451,0.572434,0.000156594,-0.00444139
227.89,420.5,0.566746,0.566684,0.000333883,-0.00838161
228.756,420,0.561062,0.56092,0.000350292,-0.0125971
229.622,419.5,0.556964,0.556732,7.33035e-07,-0.0160638
230.488,419,0.554966,0.554678,-0.000702747,-0.0178786
231.355,418.5,0.553812,0.553498,-0.00146317,-0.0185866
232.221,418,0.553764,0.553468,-0.00230142,-0.0179574
233.087,417.5,0.554493,0.554227,-0.0033307,-0.0168405
233.953,417,0.55606,0.55584,-0.00448618,-0.0149915
234.819,416.5,0.557805,0.55761,-0.00394504,-0.0142045
235.685,416,0.558857,0.558679,-0.00323403,-0.0137233
236.551,415.5,0.559201,0.559033,-0.00235571,-0.0134955
237.417,415,0.558376,0.558225,-0.000830452,-0.0129501
238.283,414.5,0.557007,0.556864,0.000609172,-0.0125894
239.149,414,0.555409,0.555291,0.00112775,-0.011396
240.015,413.5,0.5541,0.554026,0.000944826,-0.00898791
240.881,413,0.552927,0.552886,0.000767598,-0.00664632
241.747,412.5,0.551894,0.551876,0.00057845,-0.00442389
242.613,412,0.551352,0.551348,0.000727555,-0.0021907
243.479,411.5,0.551274,0.551273,0.00121164,4.23795e-06
244.345,411,0.550651,0.550638,0.00283856,0.00246708
245.211,410.5,0.550774,0.550732,0.00413104,0.00546314
246.077,410,0.551358,0.551266,0.00496495,0.00878754
246.943,409.5,0.552264,0.552098,0.00538333,0.0124281
247.809,409,0.553513,0.553256,0.00552273,0.0159553
248.675,408.5,0.555088,0.554746,0.00653374,0.0183554
249.541,408,0.556056,0.555638,0.00843213,0.0198426
250.407,407.5,0.555754,0.555277,0.0106278,0.020421
251.273,407,0.55327,0.552765,0.0130335,0.0197262
252.139,406.5,0.549973,0.549442,0.0155169,0.0185263
253.005,406,0.545526,0.544973,0.0177557,0.0169496
253.871,405.5,0.538255,0.537733,0.0172667,0.0162167
254.737,405,0.531481,0.531004,0.0164898,0.0153432
255.603,404.5,0.525206,0.524784,0.0154249,0.014329
256.469,404,0.517799,0.517518,0.0124855,0.0116235
257.335,403.5,0.510641,0.510482,0.00918043,0.00881434
258.201,403,0.503025,0.502933,0.00788591,0.00546967
259.067,402.5,0.498276,0.498186,0.00924753,0.00202684
259.933,402,0.494528,0.494402,0.0110992,-0.00104693
260.799,401.5,0.490796,0.490608,0.0130271,-0.00373354
261.665,401,0.48527,0.485004,0.0138488,-0.00814597
262.531,400.5,0.479878,0.479522,0.0130661,-0.013091
263.397,400,0.480413,0.480057,0.00882088,-0.0162328
264.263,399.5,0.48652,0.486196,0.00589588,-0.0167674
265.13,399,0.500486,0.500248,0.00499575,-0.014608
265.996,398.5,0.516382,0.51621,0.00466457,-0.0124876
266.862,398,0.528724,0.528579,0.00207422,-0.0122344
267.728,397.5,0.52183,0.521563,-0.00567563,-0.0156954
268.594,397,0.512669,0.512212,-0.0136778,-0.0167905
269.46,396.5,0.509042,0.508379,-0.0215619,-0.0144862
270.326,396,0.535996,0.535433,-0.0234973,-0.00714445
271.192,395.5,0.564003,0.563414,-0.0256477,-0.00230714
272.058,395,0.593496,0.592868,-0.0272875,0.000810515
272.924,394.5,0.57964,0.578759,-0.0318937,0.00172658
273.79,394,0.614065,0.611995,-0.0499576,0.00655132
274.656,393.5,0.63563,0.632878,-0.0558719,0.019195
275.522,393,0.657158,0.653294,-0.0611934,0.0363051
276.388,392.5,0.672773,0.667443,-0.0636034,0.0556563
277.254,392,0.670023,0.664036,-0.0591834,0.0669645
278.12,391.5,0.667122,0.660753,-0.0553577,0.0734371
278.986,391,0.663631,0.657351,-0.0520987,0.0747114
279.852,390.5,0.651608,0.646738,-0.0485648,0.0629603
280.718,390,0.640311,0.636541,-0.0455944,0.0523047
281.584,389.5,0.629698,0.626759,-0.0431873,0.0427447
282.45,389,0.62425,0.62156,-0.0417939,0.04006
283.316,388.5,0.618438,0.616021,-0.0399616,0.0372507
284.182,388,0.58634,0.584864,-0.0288952,0.0299112
285.048,387.5,0.599518,0.598159,-0.0276635,0.029358
285.914,387,0.611283,0.610085,-0.025227,0.0287586
286.78,386.5,0.602655,0.601653,-0.0238774,0.025242
287.646,386,0.58951,0.588609,-0.0250066,0.0208684
288.512,385.5,0.575391,0.574474,-0.0281204,0.0162598
289.378,385,0.565305,0.56442,-0.0312515,0.00482525
290.244,384.5,0.556092,0.555115,-0.0319285,-0.00809907
291.11,384,0.551553,0.550351,-0.0322832,-0.0168163
291.976,383.5,0.565696,0.563595,-0.0471537,-0.01222
292.842,383,0.587588,0.58407,-0.0635867,-0.00885438
293.708,382.5,0.615935,0.610642,-0.0802661,-0.00702649
294.574,382,0.641689,0.637532,-0.0729026,-0.00172362
295.44,381.5,0.667659,0.66604,-0.0464087,-0.00220375
296.306,381,0.6798,0.679593,-0.0159807,-0.00512098
297.172,380.5,0.68082,0.68075,-0.00974128,0.000229357
298.038,380,0.678731,0.67847,-0.0134769,0.0131465
298.905,379.5,0.680978,0.680328,-0.0121323,0.0271549
299.771,379,0.686222,0.685249,-0.00834699,0.0355629
300.637,378.5,0.690877,0.690137,-0.0101352,0.0303364
301.503,378,0.695554,0.695064,-0.0142394,0.0218762
302.369,377.5,0.701058,0.700668,-0.017994,0.0149296
303.235,377,0.710402,0.71002,-0.0212964,0.00946641
304.101,376.5,0.720474,0.720063,-0.023699,0.00551239
304.967,376,0.731235,0.730803,-0.0249616,0.00290977
305.833,375.5,0.735019,0.734697,-0.0216809,0.0017012
306.699,375,0.739458,0.739245,-0.0172783,0.00405615
307.565,374.5,0.74499,0.74483,-0.0118203,0.00994583
308.431,374,0.753693,0.753337,-0.00841855,0.0215841
309.297,373.5,0.765067,0.764326,-0.00406534,0.0334209
310.163,373,0.772778,0.771477,0.00403981,0.0446416
311.029,372.5,0.771439,0.769556,0.00387013,0.0537282
311.895,372,0.767543,0.765101,-0.00206388,0.0611418
312.761,371.5,0.761253,0.758193,-0.0108097,0.0673198
313.627,371,0.752649,0.749431,-0.0202334,0.0665054
314.493,370.5,0.742476,0.739169,-0.0321002,0.0622003
315.359,370,0.740675,0.737513,-0.0387054,0.0563655
316.225,369.5,0.73606,0.733904,-0.0342292,0.0446858
317.091,369,0.729563,0.728624,-0.0216209,0.0300353
317.957,368.5,0.721744,0.721395,-0.0122453,0.0188049
318.823,368,0.715028,0.714893,-0.00455542,0.0131267
319.689,367.5,0.715658,0.715517,0.00671699,0.0125093
320.555,367,0.715504,0.715203,0.0175986,0.0109681
321.421,366.5,0.711603,0.711047,0.026072,0.0104865
322.287,366,0.702368,0.701336,0.0352288,0.0143972
323.153,365.5,0.688888,0.687225,0.0425594,0.0218576
324.019,365,0.673002,0.670456,0.0485153,0.0326562
324.885,364.5,0.679223,0.675993,0.0584474,0.0310022
325.751,364,0.676872,0.672499,0.0710715,0.0291491
326.617,363.5,0.666117,0.659932,0.0863969,0.0271529
327.483,363,0.645924,0.638555,0.0964526,0.0127269
328.349,362.5,0.621488,0.612804,0.103392,-0.00538401
329.215,362,0.631918,0.623161,0.101168,-0.0274874
330.081,361.5,0.663173,0.654557,0.099336,-0.038534
330.947,361,0.676715,0.666845,0.105452,-0.0462825
331.813,360.5,0.671372,0.658463,0.118611,-0.0556605
332.679,360,0.661994,0.645395,0.127277,-0.0741681
333.546,359.5,0.654462,0.634854,0.120507,-0.103723
334.412,359,0.631413,0.605389,0.109023,-0.142479
335.278,358.5,0.597863,0.562024,0.102458,-0.17627
336.144,358,0.55694,0.504577,0.100601,-0.213222
337.01,357.5,0.51755,0.441402,0.0983966,-0.251675
337.876,357,0.484029,0.377282,0.0966699,-0.287397
338.742,356.5,0.472576,0.35237,0.0987551,-0.299016
339.608,356,0.45901,0.343534,0.096865,-0.288603
340.474,355.5,0.436663,0.340965,0.0902343,-0.25744
341.34,355,0.47129,0.401258,0.0992395,-0.226402
342.206,354.5,0.46729,0.395913,0.107129,-0.223913
343.072,354,0.468181,0.386796,0.118733,-0.235552
343.938,353.5,0.472343,0.377621,0.131848,-0.251251
344.804,353,0.469001,0.369389,0.137717,-0.254062
345.67,352.5,0.492479,0.378679,0.16627,-0.26738
346.536,352,0.519704,0.386811,0.19297,-0.288501
347.402,351.5,0.58664,0.426729,0.216004,-0.339692
348.268,351,0.630176,0.457527,0.250451,-0.353646
349.134,350.5,0.549981,0.413702,0.258177,-0.254311
350,350,0.492902,0.393718,0.235791,-0.179838
350.866,349.5,0.449757,0.342161,0.248522,-0.153113
351.732,349,0.318334,0.237944,0.113087,-0.178691
352.598,348.5,0.249033,0.17401,0.074991,-0.161598
353.464,348,0.28401,0.169598,0.11248,-0.198108
354.33,347.5,0.223274,0.107061,0.051371,-0.189078
355.196,347,0.264259,0.165856,0.0179364,-0.204946
356.062,346.5,0.353062,0.256291,-0.0228633,-0.241754
356.928,346,0.390719,0.288276,-0.0391247,-0.260821
357.794,345.5,0.474116,0.367417,-0.0368208,-0.29738
358.66,345,0.516444,0.455527,-0.0312793,-0.241311
359.526,344.5,0.595123,0.581286,-0.0842185,-0.0958343
360.392,344,0.697799,0.686458,-0.0814014,-0.0952509
361.258,343.5,0.793419,0.782747,-0.0860323,-0.0970534
362.124,343,0.842768,0.831401,-0.0900589,-0.104496
362.99,342.5,0.820312,0.81062,-0.0562587,-0.112432
363.856,342,0.839091,0.830526,-0.0211407,-0.117699
364.722,341.5,0.785692,0.779417,-0.0245532,-0.0960146
365.588,341,0.797036,0.790622,-0.0252991,-0.0976879
366.454,340.5,0.827342,0.819707,-0.0186159,-0.110584
367.321,340,0.853721,0.846261,-0.0175174,-0.11124
368.187,339.5,0.895283,0.888336,-0.0121188,-0.110651
369.053,339,0.970539,0.954042,0.00468808,-0.178122
369.919,338.5,0.950232,0.935058,0.0457362,-0.162833
370.785,338,0.979006,0.961739,0.0590212,-0.173283
371.651,337.5,1.0223,1.00406,0.0738755,-0.177498
372.517,337,1.04247,1.0254,0.0798277,-0.170091
373.383,336.5,1.06109,1.02478,0.0754715,-0.26464
374.249,336,1.05741,1.01201,0.104185,-0.288252
375.115,335.5,1.10371,1.03702,0.0505754,-0.374449
375.981,335,1.11813,1.03935,0.113121,-0.39644
376.847,334.5,1.13225,1.04338,0.16238,-0.408638
377.713,334,1.1443,1.04693,0.195327,-0.418592
378.579,333.5,1.08671,1.02484,0.212448,-0.292435
379.445,333,1.14684,1.07721,0.203869,-0.336622
380.311,332.5,1.1739,1.0951,0.21276,-0.365411
381.177,332,1.17907,1.08213,0.245337,-0.398772
382.043,331.5,1.25351,1.13637,0.233933,-0.474595
382.909,331,1.39937,1.22961,0.262106,-0.614497
383.775,330.5,1.349,1.2176,0.205479,-0.543175
384.641,330,1.40112,1.27026,0.161786,-0.568684
385.507,329.5,1.46797,1.33511,0.0794911,-0.605048
386.373,329,1.76395,1.57327,0.0752419,-0.794156
387.239,328.5,1.90706,1.70391,0.00744924,-0.856453
388.105,328,1.76688,1.58145,-0.0912169,-0.782664
388.971,327.5,2.15446,1.90744,-0.0927919,-0.997377
389.837,327,2.31641,2.03777,-0.178875,-1.08685
390.703,326.5,2.45331,2.14166,-0.246861,-1.17094
391.569,326,2.58787,2.24252,-0.318851,-1.25161
392.435,325.5,2.73845,2.35072,-0.349314,-1.36059
393.301,325,2.86988,2.43053,-0.351133,-1.48508
394.167,324.5,3.00079,2.49348,-0.312124,-1.64007
395.033,324,3.17564,2.56455,-0.234892,-1.85813
395.899,323.5,3.35852,2.62086,-0.169106,-2.09335
396.765,323,3.58587,2.74987,-0.127626,-2.29791
397.631,322.5,3.84273,2.98239,-0.17131,-2.41715
398.497,322,4.13176,3.30164,-0.290541,-2.46702
399.363,321.5,4.40088,3.59333,-0.345595,-2.5172
400.229,321,4.66885,3.8939,-0.376024,-2.54838
401.095,320.5,4.97694,4.20222,-0.374239,-2.6403
401.962,320,5.03911,4.31298,-0.265823,-2.59232
402.828,319.5,5.1234,4.4815,-0.111728,-2.4805
403.694,319,5.17037,4.60771,0.000935542,-2.34558
404.56,318.5,5.03555,4.56485,0.0679126,-2.12469
405.426,318,5.00255,4.60442,0.202849,-1.94517
406.292,317.5,4.97023,4.55386,0.0894928,-1.98937
407.158,317,4.92969,4.47994,0.0118804,-2.05715
408.024,316.5,4.9956,4.47915,0.0963293,-2.20998
408.89,316,5.12947,4.49555,0.272943,-2.45501
409.756,315.5,5.15767,4.42286,0.569746,-2.59138
410.622,315,4.96648,4.16624,0.744715,-2.59881
411.488,314.5,4.16385,3.4026,0.550128,-2.33609
412.354,314,3.20198,2.48621,0.109777,-2.01479
413.22,313.5,2.26163,1.52958,-0.322665,-1.6344
414.086,313,1.61798,0.936875,-0.306571,-1.28301
414.952,312.5,1.16089,0.648053,-0.052419,-0.961742
415.818,312,1.09022,0.785584,0.120401,-0.746288
416.684,311.5,0.723456,0.586476,0.240077,-0.348996
417.55,311,0.589204,0.514091,0.261907,-0.119483
418.416,310.5,0.510824,0.439359,0.24631,-0.0850675
419.282,310,0.448541,0.406174,0.185705,0.0415412
420.148,309.5,0.437382,0.391768,0.146392,0.128026
421.014,309,0.442708,0.389579,0.0997182,0.185134
421.88,308.5,0.434914,0.34583,0.027681,0.26227
422.746,308,0.456229,0.300035,-0.0355568,0.341847
423.612,307.5,0.506356,0.325458,-0.0385782,0.385987
424.478,307,0.557526,0.360304,-0.0483018,0.422709
425.344,306.5,0.612775,0.386106,-0.0508573,0.473106
426.21,306,0.656292,0.409337,-0.052694,0.51028
427.076,305.5,0.695663,0.429112,-0.0457669,0.545633
427.942,305,0.731119,0.445466,-0.0303156,0.578944
428.808,304.5,0.770593,0.481246,-0.026934,0.601241
429.674,304,0.819755,0.521417,-0.0224641,0.632153
430.54,303.5,0.874356,0.560046,-0.0167217,0.671243
431.406,303,0.923309,0.608258,-0.0204868,0.694336
432.272,302.5,0.966224,0.659195,-0.0291637,0.705833
433.138,302,1.00747,0.711363,-0.0380973,0.71239
434.004,301.5,1.04276,0.753242,-0.037522,0.720116
434.87,301,1.06912,0.786573,-0.0341062,0.72329
435.737,300.5,1.08951,0.813231,-0.0294424,0.724438
436.603,300,1.09415,0.830561,-0.0264893,0.711773
437.469,299.5,1.08377,0.840146,-0.0278762,0.684063
438.335,299,1.06221,0.843043,-0.037875,0.645084
439.201,298.5,1.04775,0.844717,-0.0414436,0.618486
440.067,298,1.0399,0.844165,-0.0314896,0.606452
440.933,297.5,1.03225,0.843828,-0.0205423,0.594201
441.799,297,1.02698,0.844743,-0.012911,0.5839
442.665,296.5,1.02148,0.841743,-0.0240999,0.578187
443.531,296,1.00501,0.825037,-0.0373849,0.572675
444.397,295.5,0.991151,0.805897,-0.0426597,0.575406
445.263,295,0.969673,0.786208,-0.0336088,0.56658
446.129,294.5,0.947067,0.76631,-0.0243673,0.555979
446.995,294,0.923331,0.746201,-0.0149353,0.543601
447.861,293.5,0.928364,0.75655,-0.0235227,0.537529
448.727,293,0.944438,0.776124,-0.0338845,0.537072
449.593,292.5,0.968697,0.801914,-0.0440237,0.541637
450.459,292,0.994106,0.828765,-0.0586607,0.545852
451.325,291.5,1.01876,0.856257,-0.0729558,0.547152
452.191,291,1.03833,0.879794,-0.0775991,0.545958
453.057,290.5,1.04142,0.886761,-0.0716788,0.541363
453.923,290,1.03734,0.886609,-0.0665469,0.534379
454.789,289.5,1.02993,0.883968,-0.0615494,0.524937
455.655,289,1.0213,0.880105,-0.0575487,0.51493
456.521,288.5,1.01571,0.878657,-0.0537117,0.506708
457.387,288,1.00991,0.876638,-0.046253,0.499283
458.253,287.5,1.00501,0.875058,-0.0405961,0.49261
459.119,287,0.999832,0.873046,-0.0361977,0.485948
459.985,286.5,0.994724,0.870711,-0.0317541,0.479926
460.851,286,0.988922,0.867574,-0.0265703,0.473895
461.717,285.5,0.984882,0.870187,-0.0172289,0.460946
462.583,285,0.982918,0.87786,-0.0100907,0.442026
463.449,284.5,0.974592,0.879946,-0.00482095,0.418929
464.315,284,0.950029,0.868323,0.00148748,0.385445
465.181,283.5,0.923203,0.853883,0.00679513,0.350915
466.047,283,0.894699,0.837099,0.0110199,0.315642
466.913,282.5,0.889186,0.838015,0.0133417,0.296994
467.779,282,0.890025,0.843022,0.0137473,0.285077
468.645,281.5,0.894375,0.85029,0.0123025,0.27706
469.512,281,0.906414,0.862473,0.00781497,0.278684
470.378,280.5,0.921484,0.876462,0.00208693,0.284506
471.244,280,0.935889,0.890105,-0.00315881,0.289121
472.11,279.5,0.949975,0.903505,-0.00520288,0.293433
472.976,279,0.963442,0.91628,-0.00426704,0.297714
473.842,278.5,0.973856,0.926536,-0.00269695,0.299866
474.708,278,0.977119,0.929986,-0.00175832,0.299809
475.574,277.5,0.97018,0.922971,-0.00286795,0.298939
476.44,277,0.959161,0.91113,-0.00457556,0.299683
477.306,276.5,0.952198,0.902838,-0.00598062,0.302538
478.172,276,0.960817,0.911125,-0.00691099,0.304913
479.038,275.5,0.967066,0.916775,-0.00837903,0.307686
