x,v,vx,vy,vz
220.096,425,0.645109,0.645096,-0.00387811,-0.00135357
220.962,424.5,0.64545,0.645437,-0.00386319,-0.00140557
221.828,424,0.645796,0.645783,-0.00384864,-0.00145766
222.694,423.5,0.646149,0.646136,-0.00383725,-0.00150987
223.56,423,0.646469,0.646456,-0.00376004,-0.00156826
224.426,422.5,0.646786,0.646774,-0.00366869,-0.00162961
225.292,422,0.647114,0.647101,-0.00357169,-0.00170479
226.158,421.5,0.647426,0.647414,-0.00346453,-0.00179067
227.024,421,0.647734,0.647723,-0.00335157,-0.00188381
227.89,420.5,0.648051,0.64804,-0.00323817,-0.00198169
228.756,420,0.64835,0.648339,-0.00310041,-0.00208784
229.622,419.5,0.648631,0.64862,-0.0029345,-0.002201
230.488,419,0.648915,0.648905,-0.00276523,-0.00231682
231.355,418.5,0.64918,0.64917,-0.00260159,-0.00243838
232.221,418,0.649404,0.649395,-0.00244822,-0.00256784
233.087,417.5,0.649635,0.649626,-0.00229818,-0.00270082
233.953,417,0.649872,0.649862,-0.00216528,-0.00284035
234.819,416.5,0.650125,0.650114,-0.00210437,-0.00300111
235.685,416,0.650385,0.650374,-0.00204002,-0.00316331
236.551,415.5,0.650652,0.650641,-0.001973,-0.00332712
237.417,415,0.650947,0.650934,-0.00192915,-0.00350068
238.283,414.5,0.651246,0.651233,-0.00187521,-0.00367524
239.149,414,0.651545,0.651532,-0.00180779,-0.00384055
240.015,413.5,0.651844,0.65183,-0.001734,-0.00399989
240.881,413,0.652148,0.652132,-0.00165671,-0.0041571
241.747,412.5,0.652456,0.65244,-0.00157574,-0.00431131
242.613,412,0.652763,0.652746,-0.00149263,-0.00446742
243.479,411.5,0.653072,0.653054,-0.00140793,-0.00462301
244.345,411,0.653395,0.653376,-0.00132188,-0.00477982
245.211,410.5,0.653717,0.653697,-0.00124044,-0.00493764
246.077,410,0.654039,0.654018,-0.00116681,-0.00509719
246.943,409.5,0.654367,0.654345,-0.00109563,-0.00525624
247.809,409,0.654696,0.654673,-0.0010335,-0.0054196
248.675,408.5,0.655022,0.654998,-0.000979715,-0.00557993
249.541,408,0.655354,0.655328,-0.00092286,-0.005733
250.407,407.5,0.655689,0.655662,-0.000857603,-0.0058916
251.273,407,0.656024,0.655996,-0.000766213,-0.00606666
252.139,406.5,0.656365,0.656335,-0.000672318,-0.00624435
253.005,406,0.656707,0.656676,-0.000574596,-0.00642796
253.871,405.5,0.657018,0.656985,-0.000469102,-0.00664792
254.737,405,0.65734,0.657304,-0.000372447,-0.0068732
255.603,404.5,0.657672,0.657633,-0.000284631,-0.0071038
256.469,404,0.657963,0.657921,-0.000190766,-0.00738326
257.335,403.5,0.658255,0.65821,-9.55417e-05,-0.00767491
258.201,403,0.658559,0.658511,-7.12588e-06,-0.00795316
259.067,402.5,0.658804,0.658752,0.000100357,-0.0082401
259.933,402,0.65903,0.658975,0.000217441,-0.0085476
260.799,401.5,0.659259,0.6592,0.000338664,-0.00887263
261.665,401,0.659386,0.659321,0.000467751,-0.00922994
262.531,400.5,0.659457,0.659387,0.000601376,-0.00962078
263.397,400,0.659575,0.659498,0.000728498,-0.0100441
264.263,399.5,0.659617,0.659533,0.000870738,-0.010472
265.13,399,0.659552,0.659461,0.0010361,-0.0109041
265.996,398.5,0.659485,0.659386,0.00122618,-0.0113488
266.862,398,0.65935,0.659243,0.00141284,-0.0117931
267.728,397.5,0.659022,0.658907,0.00154586,-0.0122013
268.594,397,0.658671,0.658548,0.00168682,-0.0126081
269.46,396.5,0.658286,0.658155,0.00181993,-0.0130084
270.326,396,0.657732,0.657594,0.00185786,-0.013346
271.192,395.5,0.657161,0.657016,0.00190014,-0.0136837
272.058,395,0.656583,0.656431,0.00193599,-0.0140102
272.924,394.5,0.655977,0.65582,0.00193809,-0.0142285
273.79,394,0.655369,0.655207,0.00196774,-0.0144518
274.656,393.5,0.654761,0.654593,0.00202512,-0.0146814
275.522,393,0.654058,0.653886,0.00207654,-0.0148533
276.388,392.5,0.653326,0.65315,0.00213945,-0.01502
277.254,392,0.652553,0.652373,0.00219705,-0.0151714
278.12,391.5,0.651884,0.651703,0.0021452,-0.0152388
278.986,391,0.651278,0.651096,0.00202953,-0.0152831
279.852,390.5,0.650675,0.650491,0.0018999,-0.0153495
280.718,390,0.650185,0.65,0.00185178,-0.0154191
281.584,389.5,0.649818,0.649631,0.00188902,-0.0155002
282.45,389,0.649459,0.649268,0.00192072,-0.0156418
283.316,388.5,0.649065,0.648869,0.00194778,-0.0158077
284.182,388,0.648618,0.648418,0.00198653,-0.0159773
285.048,387.5,0.64817,0.647965,0.0020175,-0.0161794
285.914,387,0.647707,0.647496,0.00206763,-0.0164083
286.78,386.5,0.64726,0.647043,0.00222887,-0.0166055
287.646,386,0.646848,0.646624,0.00237449,-0.0168618
288.512,385.5,0.646454,0.646221,0.00250457,-0.0171896
289.378,385,0.645934,0.645688,0.00268757,-0.0176125
290.244,384.5,0.645445,0.645185,0.00287039,-0.0181121
291.11,384,0.644977,0.6447,0.00306274,-0.0186539
291.976,383.5,0.644466,0.64417,0.00323313,-0.0192386
292.842,383,0.644046,0.643729,0.00344953,-0.0198843
293.708,382.5,0.643729,0.643389,0.00371996,-0.0205853
294.574,382,0.643593,0.643229,0.00390778,-0.0213
295.44,381.5,0.643558,0.643168,0.00409486,-0.0220296
296.306,381,0.64352,0.643104,0.00422295,-0.0227389
297.172,380.5,0.643565,0.643121,0.0041676,-0.023551
298.038,380,0.643678,0.643202,0.00398479,-0.024441
298.905,379.5,0.643812,0.6433,0.00382836,-0.025364
299.771,379,0.644033,0.643483,0.00370382,-0.0263474
300.637,378.5,0.644377,0.643788,0.00354861,-0.0273036
301.503,378,0.644763,0.644141,0.00334273,-0.0281303
302.369,377.5,0.64522,0.644563,0.0032475,-0.028928
303.235,377,0.645814,0.645118,0.00345331,-0.0297759
304.101,376.5,0.64645,0.645716,0.00380484,-0.0305453
304.967,376,0.64711,0.646339,0.0043101,-0.0312762
305.833,375.5,0.647898,0.64707,0.00487999,-0.0323808
306.699,375,0.648727,0.647842,0.00560732,-0.0333993
307.565,374.5,0.649585,0.648645,0.00649978,-0.0343279
308.431,374,0.650012,0.648985,0.00727669,-0.0357895
309.297,373.5,0.650345,0.649228,0.00813378,-0.037227
310.163,373,0.650665,0.649446,0.00937797,-0.0386815
311.029,372.5,0.650425,0.649067,0.0103282,-0.0407247
311.895,372,0.649686,0.648178,0.0109507,-0.0428621
312.761,371.5,0.648552,0.646892,0.0114235,-0.0449397
313.627,371,0.647011,0.645181,0.0102408,-0.0475411
314.493,370.5,0.645134,0.643113,0.00758178,-0.0504528
315.359,370,0.643772,0.641519,0.00454995,-0.0536197
316.225,369.5,0.643099,0.640559,0.00171408,-0.0570748
317.091,369,0.64333,0.640453,-0.00089753,-0.0607674
317.957,368.5,0.643585,0.640363,-0.00369939,-0.0642143
318.823,368,0.643838,0.640262,-0.00610347,-0.0674937
319.689,367.5,0.644469,0.640534,-0.00740053,-0.0707238
320.555,367,0.645589,0.641285,-0.00899587,-0.0738761
321.421,366.5,0.647142,0.642444,-0.010942,-0.0770655
322.287,366,0.650223,0.64509,-0.0134352,-0.080428
323.153,365.5,0.653663,0.648071,-0.0162207,-0.0837623
324.019,365,0.657461,0.65139,-0.0192275,-0.087046
324.885,364.5,0.664057,0.657573,-0.0190283,-0.0905928
325.751,364,0.671033,0.664137,-0.0189698,-0.094058
326.617,363.5,0.678374,0.671069,-0.0190648,-0.0974387
327.483,363,0.684007,0.676138,-0.0163692,-0.102155
328.349,362.5,0.689551,0.681074,-0.0127285,-0.107035
329.215,362,0.695533,0.686508,-0.00899102,-0.111317
330.081,361.5,0.701726,0.692087,-0.00451449,-0.115824
330.947,361,0.707658,0.697256,0.00132037,-0.120879
331.813,360.5,0.713399,0.702106,0.00837796,-0.126153
332.679,360,0.717759,0.705667,0.0118265,-0.130663
333.546,359.5,0.722026,0.70941,0.0114716,-0.133892
334.412,359,0.725624,0.712751,0.0104515,-0.13567
335.278,358.5,0.731525,0.71814,0.00782683,-0.139078
336.144,358,0.742857,0.72869,0.0028033,-0.144355
337.01,357.5,0.756433,0.741693,-0.000576525,-0.1486
337.876,357,0.771141,0.755975,-0.00267205,-0.152163
338.742,356.5,0.779125,0.763255,-0.00617954,-0.156331
339.608,356,0.787497,0.77179,-0.00649719,-0.156359
340.474,355.5,0.798411,0.783672,-0.00310294,-0.152672
341.34,355,0.820449,0.803829,0.00709506,-0.16415
342.206,354.5,0.835524,0.816253,0.0162602,-0.177672
343.072,354,0.844434,0.821846,0.0251698,-0.192363
343.938,353.5,0.880677,0.858498,0.0245872,-0.194856
344.804,353,0.927637,0.905741,0.0325927,-0.19769
345.67,352.5,0.982564,0.960213,0.051272,-0.201972
346.536,352,1.00538,0.982014,0.0930564,-0.194363
347.402,351.5,1.00934,0.982865,0.154117,-0.17029
348.268,351,1.001,0.965754,0.223566,-0.139044
349.134,350.5,0.961623,0.913217,0.282092,-0.105729
350,350,0.859747,0.796393,0.322555,-0.0296661
350.866,349.5,0.703884,0.619455,0.329085,0.0585743
351.732,349,0.538158,0.445426,0.270754,0.133799
352.598,348.5,0.438121,0.356341,0.18056,0.179915
353.464,348,0.391779,0.311901,0.0917288,0.21862
354.33,347.5,0.416434,0.328301,0.0416738,0.252783
355.196,347,0.440629,0.345038,0.0173339,0.273501
356.062,346.5,0.470351,0.373189,0.00277154,0.286272
356.928,346,0.499051,0.398219,-0.00210052,0.300781
357.794,345.5,0.516413,0.42573,-0.0100237,0.292123
358.66,345,0.525668,0.443682,-0.020545,0.28116
359.526,344.5,0.531078,0.455298,-0.0310061,0.271637
360.392,344,0.534465,0.466845,-0.0316473,0.258276
361.258,343.5,0.535943,0.474374,-0.030742,0.247507
362.124,343,0.537921,0.480512,-0.0289353,0.240064
362.99,342.5,0.550132,0.497607,-0.0239579,0.233362
363.856,342,0.562197,0.513963,-0.0179692,0.227124
364.722,341.5,0.572381,0.527567,-0.0116572,0.221714
365.588,341,0.57958,0.53713,-0.00328413,0.2177
366.454,340.5,0.584299,0.543051,0.00510829,0.215581
367.321,340,0.585315,0.546652,0.011171,0.208904
368.187,339.5,0.584195,0.548421,0.0145956,0.200762
369.053,339,0.581573,0.548624,0.0162267,0.192288
369.919,338.5,0.577279,0.546938,0.0173986,0.183868
370.785,338,0.571774,0.543575,0.0187044,0.176359
371.651,337.5,0.570141,0.543012,0.0201637,0.172606
372.517,337,0.575518,0.548903,0.0208593,0.171731
373.383,336.5,0.582172,0.55582,0.0221087,0.171753
374.249,336,0.589338,0.562649,0.0246672,0.173601
375.115,335.5,0.597269,0.570124,0.0277479,0.175837
375.981,335,0.605964,0.578241,0.0313366,0.178458
376.847,334.5,0.612022,0.584254,0.0312065,0.179566
377.713,334,0.617815,0.590205,0.0313287,0.179924
378.579,333.5,0.623499,0.596221,0.031809,0.179609
379.445,333,0.628175,0.601602,0.0327416,0.177784
380.311,332.5,0.632443,0.60671,0.0344013,0.175223
381.177,332,0.632359,0.607054,0.0353615,0.173531
382.043,331.5,0.626464,0.600954,0.0338072,0.173691
382.909,331,0.62086,0.595258,0.0314018,0.173634
383.775,330.5,0.616067,0.590544,0.0284306,0.173168
384.641,330,0.612471,0.587124,0.0244354,0.172655
385.507,329.5,0.610169,0.585022,0.0197016,0.172241
386.373,329,0.607337,0.582543,0.0150355,0.1711
387.239,328.5,0.605598,0.580965,0.0106722,0.170632
388.105,328,0.604875,0.580275,0.0065524,0.170624
388.971,327.5,0.604989,0.580408,0.00297889,0.170674
389.837,327,0.605665,0.581222,-1.17314e-05,0.170327
390.703,326.5,0.605011,0.581587,-0.000866668,0.166714
391.569,326,0.60349,0.581458,-0.000267311,0.161576
392.435,325.5,0.601704,0.581058,0.000450338,0.156264
393.301,325,0.599172,0.58028,0.000866305,0.149273
394.167,324.5,0.596595,0.579265,0.00156656,0.142739
395.033,324,0.593925,0.577979,0.0025747,0.136679
395.899,323.5,0.590904,0.576354,0.00375033,0.130268
396.765,323,0.587708,0.574418,0.00490861,0.124179
397.631,322.5,0.584279,0.572096,0.00609938,0.118537
398.497,322,0.580979,0.569891,0.00690665,0.112756
399.363,321.5,0.577464,0.567348,0.00755635,0.107349
400.229,321,0.575561,0.566288,0.00704135,0.102656
401.095,320.5,0.575831,0.567348,0.00555401,0.0983181
401.962,320,0.576634,0.568843,0.00414962,0.094378
402.828,319.5,0.577561,0.570327,0.0031135,0.0910729
403.694,319,0.579072,0.572315,0.0025347,0.0881658
404.56,318.5,0.581325,0.575011,0.00231609,0.0854173
405.426,318,0.584395,0.57858,0.00174858,0.0822216
406.292,317.5,0.587512,0.582169,0.00145143,0.0790416
407.158,317,0.590779,0.585919,0.00130624,0.0756128
408.024,316.5,0.593758,0.58934,0.0013316,0.0722842
408.89,316,0.596483,0.592474,0.00151229,0.0690187
409.756,315.5,0.597726,0.594103,0.00170246,0.0656867
410.622,315,0.598077,0.594786,0.00199418,0.062616
411.488,314.5,0.598386,0.59539,0.00237211,0.0597548
412.354,314,0.598921,0.596182,0.00273855,0.0571525
413.22,313.5,0.599364,0.596856,0.00308909,0.0546888
414.086,313,0.599637,0.597342,0.0033304,0.0523077
414.952,312.5,0.599877,0.597798,0.00317227,0.0497982
415.818,312,0.600184,0.598307,0.00302532,0.0473443
416.684,311.5,0.600479,0.598788,0.00286968,0.0449388
417.55,311,0.601041,0.599522,0.002888,0.0426073
418.416,310.5,0.601721,0.60036,0.00302651,0.0403394
419.282,310,0.602113,0.600881,0.00303872,0.0383669
420.148,309.5,0.602553,0.601435,0.00319113,0.0365498
421.014,309,0.603092,0.602083,0.00354247,0.0346988
421.88,308.5,0.603568,0.602664,0.00389833,0.032799
422.746,308,0.603967,0.603163,0.00425,0.0308491
423.612,307.5,0.604018,0.603317,0.00450225,0.0287438
424.478,307,0.603212,0.602619,0.00443183,0.0263755
425.344,306.5,0.602445,0.601948,0.00410925,0.0241272
426.21,306,0.601919,0.601498,0.00326836,0.0222631
427.076,305.5,0.601512,0.601158,0.00241954,0.0204827
427.942,305,0.601229,0.600933,0.00155839,0.0187934
428.808,304.5,0.601868,0.601604,0.000802402,0.0178205
429.674,304,0.602713,0.602475,0.000205156,0.0169456
430.54,303.5,0.60358,0.603365,-0.000350715,0.0161236
431.406,303,0.604713,0.604509,-0.000807724,0.0157123
432.272,302.5,0.60587,0.605673,-0.00122221,0.0153811
433.138,302,0.607017,0.606829,-0.00154984,0.0150388
434.004,301.5,0.608147,0.607968,-0.0015266,0.0146848
434.87,301,0.609232,0.609062,-0.00139,0.0143491
435.737,300.5,0.610279,0.610117,-0.00121565,0.0140061
436.603,300,0.611243,0.611089,-0.00101411,0.0136676
437.469,299.5,0.612123,0.611978,-0.000803518,0.0133387
438.335,299,0.613027,0.612886,-0.000586256,0.0131542
439.201,298.5,0.613933,0.613795,-0.000414982,0.0129992
440.067,298,0.614845,0.61471,-0.000323781,0.0128735
440.933,297.5,0.615753,0.615621,-0.000280138,0.0127714
441.799,297,0.616667,0.616536,-0.00028427,0.0127
442.665,296.5,0.617728,0.617599,-0.000220453,0.012617
443.531,296,0.618906,0.618781,4.4118e-05,0.0124526
444.397,295.5,0.619928,0.619806,0.000349478,0.0122694
445.263,295,0.620712,0.620595,0.00062005,0.0120426
446.129,294.5,0.621375,0.621262,0.000879839,0.0117807
446.995,294,0.621914,0.621807,0.00112884,0.0114838
447.861,293.5,0.622308,0.62221,0.000982047,0.0110523
448.727,293,0.622674,0.622583,0.000817755,0.0106234
449.593,292.5,0.62302,0.622936,0.000681729,0.0102121
450.459,292,0.623383,0.623305,0.000605001,0.00983664
451.325,291.5,0.623717,0.623645,0.000553379,0.00948467
452.191,291,0.624033,0.623966,0.000458737,0.0091477
453.057,290.5,0.624379,0.624316,0.000378353,0.00881285
453.923,290,0.624719,0.624661,0.000357287,0.00849223
454.789,289.5,0.625037,0.624983,0.000338935,0.00818703
455.655,289,0.625355,0.625305,0.000389825,0.00791053
456.521,288.5,0.625679,0.625631,0.000523489,0.00766194
457.387,288,0.625748,0.625703,0.000626573,0.00742399
458.253,287.5,0.625803,0.625761,0.000747931,0.00720367
459.119,287,0.625858,0.625818,0.00091086,0.00700916
459.985,286.5,0.625906,0.625868,0.001082,0.00681509
460.851,286,0.625949,0.625913,0.00124469,0.00662209
461.717,285.5,0.625864,0.625829,0.00129527,0.00643064
462.583,285,0.625622,0.62559,0.00133263,0.00623777
463.449,284.5,0.625376,0.625345,0.0013524,0.00604526
464.315,284,0.625221,0.625192,0.00122876,0.00589866
465.181,283.5,0.625072,0.625045,0.00109035,0.00575275
466.047,283,0.624931,0.624905,0.000941989,0.00560588
466.913,282.5,0.625072,0.625048,0.000632553,0.00545986
467.779,282,0.625207,0.625185,0.000275121,0.0053162
468.645,281.5,0.62533,0.625309,-8.48807e-05,0.00517222
469.512,281,0.625598,0.625578,-0.000521184,0.00503374
470.378,280.5,0.625938,0.625918,-0.000997959,0.00489667
471.244,280,0.626287,0.626267,-0.00146652,0.00475327
472.11,279.5,0.626705,0.626685,-0.00186911,0.00459476
472.976,279,0.627179,0.62716,-0.00221291,0.00442464
473.842,278.5,0.627647,0.627627,-0.00256045,0.00425525
474.708,278,0.628162,0.628142,-0.00287435,0.00407955
475.574,277.5,0.628789,0.62877,-0.00312386,0.00389296
476.44,277,0.629487,0.629467,-0.0033503,0.00367168
477.306,276.5,0.63019,0.630171,-0.00356117,0.00345607
478.172,276,0.630951,0.630931,-0.00370956,0.00325012
479.038,275.5,0.631701,0.631682,-0.00385759,0.00305541
