x,v,vx,vy,vz
220.096,425,0.604862,0.602917,-0.00855706,-0.0477076
220.962,424.5,0.606697,0.604666,-0.00827915,-0.0489104
221.828,424,0.608313,0.606197,-0.00801915,-0.0500561
222.694,423.5,0.609712,0.607513,-0.0077825,-0.0511417
223.56,423,0.610788,0.6085,-0.00742141,-0.0522902
224.426,422.5,0.611754,0.60937,-0.00707417,-0.0534914
225.292,422,0.611679,0.609197,-0.00713573,-0.0545808
226.158,421.5,0.611233,0.608655,-0.00713216,-0.0556313
227.024,421,0.6107,0.60802,-0.00707155,-0.0567108
227.89,420.5,0.610178,0.607393,-0.00698921,-0.0578096
228.756,420,0.609528,0.606637,-0.00682814,-0.0589048
229.622,419.5,0.608705,0.60569,-0.00632066,-0.0601807
230.488,419,0.607705,0.604557,-0.00553453,-0.0615232
231.355,418.5,0.606598,0.603332,-0.00484633,-0.0626731
232.221,418,0.605434,0.602065,-0.00429131,-0.0636406
233.087,417.5,0.604452,0.600981,-0.00382004,-0.0645747
233.953,417,0.60363,0.600062,-0.00345782,-0.065443
234.819,416.5,0.603944,0.600373,-0.0031585,-0.0655087
235.685,416,0.604201,0.600629,-0.00286658,-0.0655343
236.551,415.5,0.604381,0.600813,-0.00259177,-0.0655207
237.417,415,0.604538,0.601005,-0.0025875,-0.0652116
238.283,414.5,0.60478,0.601281,-0.00260717,-0.06491
239.149,414,0.605843,0.60236,-0.00265309,-0.064817
240.015,413.5,0.607565,0.604126,-0.00281206,-0.0644898
240.881,413,0.609153,0.60577,-0.00295374,-0.0640397
241.747,412.5,0.610593,0.607273,-0.00306044,-0.0635157
242.613,412,0.61191,0.608675,-0.00303859,-0.0627676
243.479,411.5,0.613196,0.610051,-0.0029415,-0.061954
244.345,411,0.615063,0.612001,-0.00272822,-0.0612311
245.211,410.5,0.61666,0.61369,-0.00240222,-0.0603985
246.077,410,0.618007,0.615133,-0.00199368,-0.0595062
246.943,409.5,0.619102,0.616317,-0.00156279,-0.0586356
247.809,409,0.619954,0.617262,-0.00106055,-0.0577003
248.675,408.5,0.620967,0.618353,-0.000810261,-0.0569207
249.541,408,0.622121,0.61957,-0.00080111,-0.0562749
250.407,407.5,0.623183,0.620708,-0.000779574,-0.0554783
251.273,407,0.624206,0.621834,-0.000731261,-0.0543636
252.139,406.5,0.625137,0.622868,-0.000673446,-0.0532015
253.005,406,0.625899,0.623733,-0.000578827,-0.0520252
253.871,405.5,0.625925,0.623832,-0.000270792,-0.0511384
254.737,405,0.625851,0.623819,5.38047e-06,-0.0503887
255.603,404.5,0.625675,0.623692,0.00024969,-0.0497759
256.469,404,0.625177,0.623228,0.000323769,-0.0493241
257.335,403.5,0.624556,0.622631,0.000346804,-0.0489882
258.201,403,0.623612,0.6217,0.000236808,-0.0487909
259.067,402.5,0.622554,0.620641,-5.93965e-05,-0.0487662
259.933,402,0.621646,0.619717,-0.000394975,-0.048929
260.799,401.5,0.620911,0.618952,-0.000733773,-0.0492801
261.665,401,0.620262,0.618258,-0.00115002,-0.0498059
262.531,400.5,0.619595,0.617538,-0.00158313,-0.0504242
263.397,400,0.618549,0.616456,-0.0019704,-0.0508012
264.263,399.5,0.617342,0.615203,-0.00229085,-0.0512958
265.13,399,0.615929,0.613725,-0.00250927,-0.0519983
265.996,398.5,0.61451,0.612219,-0.00265548,-0.0529434
266.862,398,0.612894,0.610486,-0.00275431,-0.0542012
267.728,397.5,0.610585,0.60798,-0.00255646,-0.0562819
268.594,397,0.607999,0.605149,-0.00209062,-0.0587689
269.46,396.5,0.605176,0.602043,-0.0014621,-0.0614802
270.326,396,0.602029,0.598582,-0.000670407,-0.0643317
271.192,395.5,0.598577,0.594796,0.000294456,-0.0671683
272.058,395,0.595263,0.591141,0.00140871,-0.0699108
272.924,394.5,0.593653,0.589,0.00216962,-0.0741501
273.79,394,0.592149,0.58693,0.00315547,-0.0783815
274.656,393.5,0.590747,0.584931,0.00437356,-0.0825786
275.522,393,0.590537,0.583983,0.00528924,-0.0875777
276.388,392.5,0.590835,0.583526,0.00615006,-0.0924433
277.254,392,0.591206,0.583216,0.00683688,-0.0966261
278.12,391.5,0.592429,0.583566,0.00636584,-0.101895
278.986,391,0.594319,0.584349,0.00519092,-0.108279
279.852,390.5,0.596666,0.585432,0.00382093,-0.115177
280.718,390,0.599136,0.586919,0.00286748,-0.120342
281.584,389.5,0.601661,0.588894,0.00225467,-0.123269
282.45,389,0.606139,0.59322,0.000788485,-0.124475
283.316,388.5,0.613947,0.600778,-0.00162823,-0.126465
284.182,388,0.628065,0.614045,-0.00640378,-0.131807
285.048,387.5,0.648665,0.633383,-0.0127249,-0.13939
285.914,387,0.673754,0.657206,-0.0198297,-0.147073
286.78,386.5,0.685633,0.670202,-0.0215778,-0.143023
287.646,386,0.700634,0.684946,-0.021201,-0.145898
288.512,385.5,0.720175,0.702816,-0.0189519,-0.15602
289.378,385,0.725776,0.7115,-0.00971982,-0.142914
290.244,384.5,0.736691,0.724715,0.000122149,-0.132296
291.11,384,0.734999,0.725841,0.00959215,-0.115267
291.976,383.5,0.696662,0.692526,0.0156204,-0.0741749
292.842,383,0.659045,0.65729,0.0205486,-0.0434439
293.708,382.5,0.65482,0.653389,0.0219102,-0.0373205
294.574,382,0.646566,0.644756,0.0231307,-0.0424548
295.44,381.5,0.638774,0.63631,0.0239302,-0.050689
296.306,381,0.631573,0.62805,0.0243085,-0.0620229
297.172,380.5,0.625145,0.619977,0.0242657,-0.0764567
298.038,380,0.61924,0.611867,0.023715,-0.0922724
298.905,379.5,0.60187,0.594878,0.0211911,-0.0889886
299.771,379,0.586677,0.579888,0.0187419,-0.086996
300.637,378.5,0.573766,0.566985,0.0163806,-0.0864098
301.503,378,0.563144,0.556168,0.0141072,-0.08723
302.369,377.5,0.554827,0.547438,0.0119216,-0.0894566
303.235,377,0.548836,0.540794,0.00982386,-0.0930897
304.101,376.5,0.548806,0.539842,0.00869702,-0.098401
304.967,376,0.551965,0.541782,0.00802481,-0.105229
305.833,375.5,0.556438,0.544702,0.00737201,-0.11344
306.699,375,0.562269,0.548602,0.00673861,-0.123034
307.565,374.5,0.568489,0.552725,0.00575009,-0.132821
308.431,374,0.572269,0.555051,0.00343507,-0.139277
309.297,373.5,0.575693,0.557172,0.00162906,-0.14484
310.163,373,0.578263,0.559048,0.000513041,-0.147826
311.029,372.5,0.582749,0.562932,-0.000901981,-0.150675
311.895,372,0.589146,0.568823,-0.002616,-0.153386
312.761,371.5,0.597454,0.576721,-0.00462903,-0.15596
313.627,371,0.607674,0.586626,-0.00694105,-0.158396
314.493,370.5,0.619845,0.598693,-0.00962575,-0.160256
315.359,370,0.634825,0.616096,-0.0142152,-0.152401
316.225,369.5,0.652019,0.635733,-0.0192523,-0.143533
317.091,369,0.668773,0.655029,-0.0237362,-0.132782
317.957,368.5,0.680043,0.669035,-0.0257905,-0.119104
318.823,368,0.692358,0.683801,-0.0277936,-0.104895
319.689,367.5,0.705742,0.699328,-0.0297456,-0.0901556
320.555,367,0.721713,0.717358,-0.0310418,-0.0728236
321.421,366.5,0.738384,0.735638,-0.0316727,-0.0551789
322.287,366,0.754982,0.753347,-0.0317995,-0.0381311
323.153,365.5,0.771432,0.770487,-0.0314222,-0.0216801
324.019,365,0.78767,0.787056,-0.0305409,-0.00582579
324.885,364.5,0.80364,0.803056,-0.0291556,0.00943168
325.751,364,0.815669,0.81493,-0.0265315,0.0223839
326.617,363.5,0.819535,0.818636,-0.0231152,0.0306304
327.483,363,0.8187,0.817732,-0.0206881,0.0339941
328.349,362.5,0.816689,0.815737,-0.0181523,0.034981
329.215,362,0.813492,0.812651,-0.015508,0.0335911
330.081,361.5,0.809123,0.808473,-0.0127552,0.0298246
330.947,361,0.803302,0.802888,-0.0101391,0.0237103
331.813,360.5,0.795345,0.795102,-0.00994362,0.0169676
332.679,360,0.789394,0.789257,-0.0102956,0.010556
333.546,359.5,0.785444,0.785351,-0.011195,0.00447574
334.412,359,0.78349,0.783387,-0.0126419,-0.00127334
335.278,358.5,0.783528,0.783362,-0.0146363,-0.00669119
336.144,358,0.782826,0.782617,-0.0165542,-0.00723947
337.01,357.5,0.777068,0.776855,-0.0171069,0.00618985
337.876,357,0.771671,0.771259,-0.0167087,0.0188939
338.742,356.5,0.766844,0.766158,-0.0153388,0.0285843
339.608,356,0.762479,0.761552,-0.012997,0.0352609
340.474,355.5,0.758502,0.757441,-0.0096835,0.0389239
341.34,355,0.744422,0.743586,0.00578904,0.0347872
342.206,354.5,0.76689,0.765638,0.0161473,0.0407147
343.072,354,0.780024,0.778296,0.0266805,0.0445048
343.938,353.5,0.749967,0.748891,0.0161793,0.0367615
344.804,353,0.721264,0.720541,0.00374485,0.0320711
345.67,352.5,0.695647,0.694896,-0.00903569,0.0310353
346.536,352,0.702036,0.700843,-0.0156696,0.0377881
347.402,351.5,0.721027,0.719363,-0.0214858,0.043983
348.268,351,0.739554,0.736912,-0.02723,0.0562173
349.134,350.5,0.722609,0.718543,-0.034441,0.0683576
350,350,0.723635,0.714918,-0.0528288,0.0987409
350.866,349.5,0.73212,0.720017,-0.061696,0.117343
351.732,349,0.740052,0.723659,-0.069088,0.138643
352.598,348.5,0.747613,0.725843,-0.0750047,0.162641
353.464,348,0.732391,0.708594,-0.0674513,0.17246
354.33,347.5,0.711791,0.687004,-0.0573254,0.177163
355.196,347,0.694671,0.671148,-0.0455538,0.173357
356.062,346.5,0.682745,0.661865,-0.0332195,0.164232
356.928,346,0.672462,0.65376,-0.0218483,0.155967
357.794,345.5,0.663774,0.646834,-0.0114403,0.148563
358.66,345,0.658266,0.642717,-0.00478235,0.14215
359.526,344.5,0.65376,0.639242,-0.000932094,0.137007
360.392,344,0.648156,0.634336,0.00280373,0.133106
361.258,343.5,0.641435,0.627998,0.00642513,0.130448
362.124,343,0.633586,0.620228,0.0099321,0.129033
362.99,342.5,0.624608,0.611026,0.0133246,0.128861
363.856,342,0.613725,0.599868,0.0162494,0.128655
364.722,341.5,0.609685,0.597105,0.0153457,0.122253
365.588,341,0.612749,0.60187,0.0135676,0.114148
366.454,340.5,0.615557,0.60621,0.0127765,0.106099
367.321,340,0.618097,0.610123,0.0129722,0.0981074
368.187,339.5,0.620363,0.613611,0.0141549,0.0901725
369.053,339,0.622354,0.616673,0.0163245,0.0822943
369.919,338.5,0.628476,0.624205,0.0164668,0.0712664
370.785,338,0.632014,0.628839,0.0165627,0.0610686
371.651,337.5,0.632237,0.629857,0.0169164,0.0521247
372.517,337,0.629077,0.627261,0.0175278,0.0444348
373.383,336.5,0.622484,0.62105,0.0183969,0.0379989
374.249,336,0.620329,0.61947,0.017258,0.0277124
375.115,335.5,0.628571,0.628315,0.0136819,0.0116114
375.981,335,0.640314,0.640219,0.00939723,-0.00577067
376.847,334.5,0.65093,0.650502,0.0054919,-0.0229584
377.713,334,0.660375,0.659162,0.00196587,-0.0399518
378.579,333.5,0.638885,0.635682,-0.00787386,-0.0634139
379.445,333,0.668994,0.663438,-0.0101883,-0.0854344
380.311,332.5,0.695568,0.687945,-0.0129751,-0.101875
381.177,332,0.71341,0.704447,-0.0139489,-0.111863
382.043,331.5,0.724734,0.71365,-0.00768323,-0.126031
382.909,331,0.844626,0.820936,0.00590737,-0.198553
383.775,330.5,0.887261,0.858764,0.00725634,-0.222944
384.641,330,0.919134,0.886672,0.00677455,-0.24202
385.507,329.5,0.94517,0.909178,0.00560752,-0.258283
386.373,329,0.937941,0.896985,-0.00149698,-0.274133
387.239,328.5,0.931828,0.885791,-0.00871567,-0.289139
388.105,328,0.860417,0.823825,-0.0274002,-0.246738
388.971,327.5,0.884407,0.843215,-0.0371882,-0.264161
389.837,327,0.894528,0.847937,-0.0436493,-0.281563
390.703,326.5,0.93207,0.869864,-0.0396952,-0.332439
391.569,326,0.971272,0.894788,-0.0372824,-0.375943
392.435,325.5,0.998513,0.911967,-0.0401203,-0.404643
393.301,325,0.996801,0.910821,-0.0526609,-0.401553
394.167,324.5,0.995212,0.907085,-0.0588916,-0.405185
395.033,324,0.993198,0.900069,-0.0583644,-0.415827
395.899,323.5,1.00181,0.899842,-0.0233273,-0.439739
396.765,323,1.01268,0.896083,0.00977992,-0.471664
397.631,322.5,1.02378,0.886032,0.0383492,-0.511472
398.497,322,0.93776,0.806739,0.0438615,-0.47607
399.363,321.5,0.860152,0.73889,0.0315991,-0.439209
400.229,321,0.821732,0.698709,0.0429639,-0.430354
401.095,320.5,0.780378,0.655182,0.0542514,-0.420456
401.962,320,0.736473,0.608503,0.0654903,-0.409667
402.828,319.5,0.729211,0.598688,0.0662834,-0.411008
403.694,319,0.722075,0.591885,0.0648818,-0.408478
404.56,318.5,0.712441,0.584535,0.0637262,-0.402281
405.426,318,0.700318,0.576637,0.0628166,-0.392415
406.292,317.5,0.685752,0.568192,0.062153,-0.378881
407.158,317,0.668824,0.559198,0.0617354,-0.361679
408.024,316.5,0.655166,0.555413,0.0565627,-0.342868
408.89,316,0.642964,0.553623,0.0514707,-0.322886
409.756,315.5,0.630086,0.551304,0.0490201,-0.301114
410.622,315,0.616653,0.548455,0.049211,-0.277554
411.488,314.5,0.602847,0.545077,0.0520433,-0.252204
412.354,314,0.605143,0.555103,0.0556611,-0.234437
413.22,313.5,0.613364,0.568442,0.0589706,-0.222736
414.086,313,0.628597,0.585203,0.0625292,-0.220822
414.952,312.5,0.640606,0.599293,0.0678809,-0.215909
415.818,312,0.649509,0.610713,0.0750256,-0.207998
416.684,311.5,0.65546,0.619463,0.0839634,-0.19709
417.55,311,0.658655,0.625542,0.0946942,-0.183183
418.416,310.5,0.659463,0.629012,0.106073,-0.167283
419.282,310,0.657208,0.628457,0.100946,-0.163626
420.148,309.5,0.647853,0.621063,0.0939712,-0.15863
421.014,309,0.631418,0.606831,0.08515,-0.152295
421.88,308.5,0.591858,0.572117,0.0604277,-0.139024
422.746,308,0.58377,0.564909,0.0663878,-0.131371
423.612,307.5,0.559373,0.535456,0.0849054,-0.137754
424.478,307,0.543357,0.510718,0.0950945,-0.159252
425.344,306.5,0.526881,0.485476,0.102609,-0.177168
426.21,306,0.520106,0.47382,0.100647,-0.189407
427.076,305.5,0.515506,0.465446,0.0955525,-0.199941
427.942,305,0.512938,0.460374,0.0872444,-0.208685
428.808,304.5,0.529067,0.483437,0.0716617,-0.202644
429.674,304,0.553151,0.514722,0.0565217,-0.194531
430.54,303.5,0.579499,0.546966,0.0418609,-0.1868
431.406,303,0.6063,0.581034,0.0289385,-0.170766
432.272,302.5,0.634646,0.615065,0.0153413,-0.155676
433.138,302,0.66308,0.647447,0.000258878,-0.143134
434.004,301.5,0.687402,0.674416,-0.0110354,-0.132525
434.87,301,0.708345,0.697222,-0.0198928,-0.123441
435.737,300.5,0.725452,0.715599,-0.0283796,-0.115723
436.603,300,0.735635,0.726787,-0.0321829,-0.109105
437.469,299.5,0.743023,0.734684,-0.0333567,-0.105871
438.335,299,0.763527,0.754223,-0.033337,-0.11406
439.201,298.5,0.784819,0.774417,-0.0313915,-0.123422
440.067,298,0.805639,0.794479,-0.0247679,-0.131312
440.933,297.5,0.830511,0.81873,-0.0191528,-0.138073
441.799,297,0.861295,0.84932,-0.0157518,-0.142255
442.665,296.5,0.89794,0.887632,-0.012528,-0.135091
443.531,296,0.924313,0.9164,0.000559198,-0.120688
444.397,295.5,0.946394,0.940402,0.0156591,-0.105167
445.263,295,0.955089,0.949444,0.0361288,-0.0971915
446.129,294.5,0.970599,0.964602,0.0536916,-0.0933955
446.995,294,0.992681,0.985875,0.0683475,-0.0937793
447.861,293.5,0.967202,0.958738,0.0603127,-0.11253
448.727,293,0.937969,0.926697,0.0505898,-0.135865
449.593,292.5,0.911493,0.895965,0.0413797,-0.162338
450.459,292,0.88716,0.864848,0.0338261,-0.194798
451.325,291.5,0.873185,0.841845,0.0275613,-0.230194
452.191,291,0.862225,0.823487,0.0210528,-0.254672
453.057,290.5,0.844946,0.806837,0.0090775,-0.25073
453.923,290,0.832296,0.795185,-0.00513624,-0.245707
454.789,289.5,0.8229,0.785051,-0.0190656,-0.245962
455.655,289,0.821731,0.782116,-0.034071,-0.249753
456.521,288.5,0.830146,0.789275,-0.0527344,-0.251808
457.387,288,0.859378,0.819601,-0.0597138,-0.251433
458.253,287.5,0.895523,0.857981,-0.0580031,-0.249932
459.119,287,0.927113,0.892703,-0.0571331,-0.243632
459.985,286.5,0.950091,0.920034,-0.0612117,-0.229051
460.851,286,0.96617,0.941498,-0.0693313,-0.205568
461.717,285.5,0.990463,0.97011,-0.0708429,-0.186776
462.583,285,1.01234,0.993674,-0.0642599,-0.182539
463.449,284.5,1.02797,1.0105,-0.0511676,-0.181631
464.315,284,1.02504,1.00978,-0.0230337,-0.174706
465.181,283.5,1.01454,0.999973,0.0104375,-0.170982
466.047,283,0.997153,0.98124,0.0487339,-0.170609
466.913,282.5,0.963028,0.948505,0.0602438,-0.155346
467.779,282,0.932052,0.918711,0.0639064,-0.143551
468.645,281.5,0.905027,0.892332,0.062854,-0.137352
469.512,281,0.878926,0.865446,0.0596148,-0.141278
470.378,280.5,0.853066,0.837841,0.0573059,-0.14987
471.244,280,0.824165,0.808326,0.0538835,-0.151506
472.11,279.5,0.794512,0.778632,0.0534697,-0.148738
472.976,279,0.764537,0.748553,0.0548131,-0.145539
473.842,278.5,0.795141,0.773727,0.0722894,-0.16843
474.708,278,0.77979,0.75629,0.0703913,-0.176474
475.574,277.5,0.763586,0.738293,0.0674424,-0.18286
476.44,277,0.685296,0.664369,0.0532586,-0.159399
477.306,276.5,0.696276,0.673503,0.051909,-0.16882
478.172,276,0.719907,0.695067,0.0524807,-0.179984
479.038,275.5,0.745116,0.719132,0.0544535,-0.187303
