x,v,vx,vy,vz
220.096,425,0.629709,0.627018,0.00293634,-0.0580746
220.962,424.5,0.627061,0.624399,0.00323549,-0.0576241
221.828,424,0.624689,0.622039,0.00347102,-0.0573738
222.694,423.5,0.622615,0.619958,0.00364271,-0.0573377
223.56,423,0.620139,0.617495,0.0036782,-0.0570858
224.426,422.5,0.617754,0.615112,0.00364613,-0.0569565
225.292,422,0.616795,0.614196,0.00368982,-0.0564428
226.158,421.5,0.615673,0.613116,0.00368081,-0.0559247
227.024,421,0.614576,0.61205,0.00364714,-0.0555488
227.89,420.5,0.613782,0.611264,0.0036198,-0.0554269
228.756,420,0.612996,0.610478,0.0035188,-0.0554006
229.622,419.5,0.612848,0.610345,0.00340521,-0.0552194
230.488,419,0.613806,0.611337,0.00336966,-0.0548992
231.355,418.5,0.615053,0.612628,0.00329343,-0.054459
232.221,418,0.616494,0.614146,0.00312881,-0.0536695
233.087,417.5,0.618325,0.616054,0.00297819,-0.0528524
233.953,417,0.620612,0.618437,0.0028454,-0.0518369
234.819,416.5,0.621923,0.619957,0.00304178,-0.0493183
235.685,416,0.62328,0.621514,0.00327715,-0.0467729
236.551,415.5,0.624696,0.623122,0.00355023,-0.0441856
237.417,415,0.625949,0.624606,0.00398163,-0.0407773
238.283,414.5,0.627444,0.626313,0.00449875,-0.0373977
239.149,414,0.628241,0.627291,0.00486172,-0.0341855
240.015,413.5,0.627593,0.626816,0.00528902,-0.0307599
240.881,413,0.626691,0.626054,0.00581961,-0.0276384
241.747,412.5,0.625602,0.625073,0.00642417,-0.0249018
242.613,412,0.623786,0.623323,0.00735941,-0.022891
243.479,411.5,0.62171,0.621285,0.00842476,-0.0213814
244.345,411,0.619711,0.619329,0.00971343,-0.0194826
245.211,410.5,0.617671,0.617316,0.0109932,-0.0178322
246.077,410,0.615693,0.615358,0.0121714,-0.0162691
246.943,409.5,0.61388,0.613568,0.0131906,-0.014469
247.809,409,0.612405,0.612111,0.0139545,-0.0128525
248.675,408.5,0.610862,0.610559,0.0146168,-0.0124906
249.541,408,0.608581,0.608255,0.0153388,-0.0127134
250.407,407.5,0.606029,0.605677,0.0158276,-0.0133014
251.273,407,0.603603,0.603213,0.0157766,-0.0149184
252.139,406.5,0.600881,0.60045,0.0155966,-0.0165709
253.005,406,0.597505,0.597038,0.0151161,-0.0181684
253.871,405.5,0.591061,0.590603,0.0128934,-0.0193485
254.737,405,0.584412,0.583943,0.0104822,-0.0209116
255.603,404.5,0.577565,0.577059,0.00788259,-0.0228577
256.469,404,0.571135,0.570517,0.00509708,-0.0260548
257.335,403.5,0.564529,0.563735,0.00224747,-0.0298328
258.201,403,0.557298,0.55623,0.000738428,-0.0344828
259.067,402.5,0.550266,0.548881,0.000534589,-0.0390019
259.933,402,0.542605,0.540876,0.000340805,-0.0432844
260.799,401.5,0.534011,0.53191,-2.65147e-05,-0.0473278
261.665,401,0.525781,0.523239,-0.000586845,-0.0516351
262.531,400.5,0.520172,0.517101,-0.0018358,-0.0564119
263.397,400,0.523126,0.519535,-0.00441708,-0.0610272
264.263,399.5,0.526016,0.522059,-0.00623245,-0.0640922
265.13,399,0.529396,0.525283,-0.00734679,-0.0654583
265.996,398.5,0.533208,0.52902,-0.00855014,-0.0661415
266.862,398,0.538213,0.53411,-0.00994334,-0.065581
267.728,397.5,0.5473,0.543552,-0.0117189,-0.0628578
268.594,397,0.557356,0.553983,-0.0133743,-0.0597478
269.46,396.5,0.567429,0.564467,-0.0146252,-0.0560297
270.326,396,0.575819,0.573452,-0.0138645,-0.0502752
271.192,395.5,0.583161,0.581339,-0.0122225,-0.0444145
272.058,395,0.589645,0.588293,-0.0104631,-0.0385222
272.924,394.5,0.591217,0.590322,-0.0118134,-0.0302904
273.79,394,0.586192,0.585612,-0.0126131,-0.0227992
274.656,393.5,0.574552,0.574183,-0.0128456,-0.0160924
275.522,393,0.561977,0.561724,-0.0130364,-0.0106959
276.388,392.5,0.545951,0.545776,-0.0122825,-0.00632632
277.254,392,0.539377,0.539293,-0.00867339,-0.00391285
278.12,391.5,0.540127,0.540103,-0.00505372,0.000731851
278.986,391,0.539637,0.539607,-0.00117653,0.00555043
279.852,390.5,0.536186,0.536048,0.00306368,0.0118034
280.718,390,0.527318,0.527121,0.00795399,0.0119946
281.584,389.5,0.513131,0.512968,0.0128102,0.0018589
282.45,389,0.501351,0.500982,0.0148844,-0.0121665
283.316,388.5,0.493135,0.492425,0.016166,-0.0209542
284.182,388,0.54226,0.54105,0.0139242,-0.0334211
285.048,387.5,0.53633,0.534927,0.0169045,-0.0348834
285.914,387,0.527545,0.526043,0.0199142,-0.0344315
286.78,386.5,0.515907,0.514398,0.0229533,-0.0320656
287.646,386,0.507472,0.506096,0.0239931,-0.0286239
288.512,385.5,0.500505,0.499334,0.0236318,-0.0247403
289.378,385,0.494892,0.493668,0.0208698,-0.0278295
290.244,384.5,0.489177,0.487896,0.0182763,-0.0302792
291.11,384,0.483345,0.482019,0.0158513,-0.0320892
291.976,383.5,0.477389,0.476035,0.0135948,-0.0332597
292.842,383,0.473816,0.47233,0.0108705,-0.0358785
293.708,382.5,0.475831,0.474004,0.00764306,-0.0409522
294.574,382,0.477609,0.475649,0.00577574,-0.0428404
295.44,381.5,0.479099,0.477265,0.00526857,-0.0415431
296.306,381,0.480324,0.478853,0.00612153,-0.0370602
297.172,380.5,0.481382,0.480412,0.00833464,-0.0293919
298.038,380,0.483844,0.483363,0.0109494,-0.0185936
298.905,379.5,0.501658,0.501403,0.00563879,-0.014985
299.771,379,0.520586,0.52048,0.000806953,-0.0104869
300.637,378.5,0.540563,0.540528,-0.00351133,-0.00501425
301.503,378,0.561596,0.561547,-0.00731606,0.00143293
302.369,377.5,0.5837,0.583537,-0.0106072,0.00885465
303.235,377,0.60689,0.606497,-0.0133848,0.0172509
304.101,376.5,0.630417,0.629511,-0.0168921,0.0292596
304.967,376,0.653845,0.65219,-0.0214431,0.0412495
305.833,375.5,0.677292,0.674805,-0.026627,0.0515161
306.699,375,0.70069,0.697357,-0.0324435,0.0600593
307.565,374.5,0.721987,0.717873,-0.0376441,0.0671219
308.431,374,0.735246,0.730418,-0.0385244,0.0747847
309.297,373.5,0.747133,0.741501,-0.0392046,0.0827473
310.163,373,0.758017,0.751404,-0.0403337,0.0914032
311.029,372.5,0.768153,0.760214,-0.0422653,0.101721
311.895,372,0.777603,0.767928,-0.0449994,0.113699
312.761,371.5,0.786446,0.774549,-0.0485362,0.127339
313.627,371,0.794769,0.780074,-0.0528755,0.142641
314.493,370.5,0.802962,0.784855,-0.0576294,0.159466
315.359,370,0.81731,0.796695,-0.0543548,0.174121
316.225,369.5,0.832398,0.809189,-0.0503793,0.188579
317.091,369,0.842629,0.817443,-0.044374,0.199606
317.957,368.5,0.836359,0.81091,-0.035232,0.20169
318.823,368,0.826185,0.800448,-0.0268876,0.202831
319.689,367.5,0.812084,0.786056,-0.0193408,0.20303
320.555,367,0.792085,0.766428,-0.0104694,0.199693
321.421,366.5,0.773203,0.747745,-0.00266539,0.196758
322.287,366,0.688893,0.673948,0.0192843,0.141406
323.153,365.5,0.691002,0.675767,0.024467,0.142215
324.019,365,0.691983,0.676324,0.027055,0.143854
324.885,364.5,0.72095,0.69718,0.019042,0.18261
325.751,364,0.747117,0.714335,0.0115086,0.218582
326.617,363.5,0.769931,0.727633,0.00446023,0.251643
327.483,363,0.77022,0.720312,-0.00298544,0.272728
328.349,362.5,0.762693,0.708115,-0.0088641,0.283187
329.215,362,0.736242,0.682274,-0.00963708,0.276519
330.081,361.5,0.683708,0.635928,-0.00544717,0.251043
330.947,361,0.633364,0.591661,-0.00198765,0.226017
331.813,360.5,0.664329,0.60007,0.00418355,0.285012
332.679,360,0.642912,0.5846,-0.00220664,0.267534
333.546,359.5,0.619763,0.568039,-0.0097542,0.247673
334.412,359,0.595052,0.550388,-0.0184591,0.225431
335.278,358.5,0.569011,0.531646,-0.0283214,0.200807
336.144,358,0.546873,0.516719,-0.038357,0.174928
337.01,357.5,0.538251,0.515887,-0.04604,0.146478
337.876,357,0.532027,0.516576,-0.0516706,0.116327
338.742,356.5,0.526493,0.51648,-0.0554992,0.0858088
339.608,356,0.521696,0.515598,-0.0575258,0.0549231
340.474,355.5,0.517705,0.513929,-0.0577503,0.0236699
341.34,355,0.492898,0.490009,-0.0520452,-0.0114681
342.206,354.5,0.502568,0.498176,-0.056143,-0.0352581
343.072,354,0.514711,0.507545,-0.06028,-0.0607595
343.938,353.5,0.516164,0.506618,-0.0548754,-0.0821726
344.804,353,0.516046,0.504014,-0.0503539,-0.0986819
345.67,352.5,0.514596,0.500418,-0.0471714,-0.110298
346.536,352,0.528015,0.512957,-0.037252,-0.119528
347.402,351.5,0.550569,0.534516,-0.0232811,-0.129913
348.268,351,0.574511,0.556739,-0.0062374,-0.141654
349.134,350.5,0.575809,0.557531,0.00376058,-0.143881
350,350,0.618199,0.594779,-0.00842926,-0.168333
350.866,349.5,0.647133,0.621258,-0.00330622,-0.181131
351.732,349,0.678838,0.650576,0.00171216,-0.193826
352.598,348.5,0.713285,0.682732,0.00662588,-0.206418
353.464,348,0.723123,0.68893,0.00303504,-0.219713
354.33,347.5,0.727002,0.689176,-0.0072144,-0.231336
355.196,347,0.725354,0.684303,-0.0194711,-0.239768
356.062,346.5,0.678346,0.637761,-0.0494195,-0.22577
356.928,346,0.711262,0.665534,-0.0697964,-0.241014
357.794,345.5,0.723043,0.676632,-0.0529921,-0.249302
358.66,345,0.726894,0.679351,-0.0415465,-0.255206
359.526,344.5,0.762951,0.700685,-0.0594057,-0.295982
360.392,344,0.781259,0.714973,-0.0610487,-0.308954
361.258,343.5,0.778635,0.713076,-0.0925647,-0.298709
362.124,343,0.835761,0.752762,-0.126702,-0.340282
362.99,342.5,0.842473,0.756082,-0.11353,-0.353852
363.856,342,0.844003,0.753827,-0.0897943,-0.368814
364.722,341.5,0.85626,0.757268,-0.0643915,-0.394437
365.588,341,0.864176,0.75679,-0.0425839,-0.415037
366.454,340.5,0.847698,0.737195,-0.0295963,-0.417444
367.321,340,0.826601,0.712681,-0.0285554,-0.41778
368.187,339.5,0.825848,0.697791,-0.0235681,-0.441086
369.053,339,0.828969,0.683099,-0.0163537,-0.469359
369.919,338.5,0.820299,0.663076,-0.014809,-0.482702
370.785,338,0.804626,0.643148,-0.0219457,-0.483013
371.651,337.5,0.805174,0.638345,-0.0381446,-0.48925
372.517,337,0.822534,0.645317,-0.054159,-0.507144
373.383,336.5,0.84045,0.654198,-0.0743217,-0.522357
374.249,336,0.865658,0.67765,-0.0956502,-0.530101
375.115,335.5,0.889553,0.704065,-0.115358,-0.531309
375.981,335,0.91239,0.73345,-0.133407,-0.526031
376.847,334.5,0.943483,0.768319,-0.136658,-0.530255
377.713,334,0.975427,0.805137,-0.145348,-0.531118
378.579,333.5,1.00826,0.843727,-0.160244,-0.528237
379.445,333,1.04442,0.887505,-0.159169,-0.527084
380.311,332.5,1.08379,0.935116,-0.155096,-0.525446
381.177,332,1.11354,0.972506,-0.142937,-0.523226
382.043,331.5,1.1122,0.985916,-0.112685,-0.502254
382.909,331,1.09988,0.990625,-0.077046,-0.471666
383.775,330.5,1.08288,0.989097,-0.0389266,-0.43909
384.641,330,1.06962,0.982865,-0.00882887,-0.42189
385.507,329.5,1.06749,0.979401,0.0114429,-0.424464
386.373,329,1.05187,0.957038,0.0335965,-0.435172
387.239,328.5,1.02883,0.928538,0.052507,-0.439938
388.105,328,0.995003,0.894034,0.0637984,-0.432046
388.971,327.5,0.988972,0.875554,0.0832391,-0.452263
389.837,327,0.963579,0.853047,0.103179,-0.436061
390.703,326.5,0.936133,0.825815,0.102482,-0.428804
391.569,326,0.923261,0.803883,0.0762226,-0.447631
392.435,325.5,0.899256,0.78205,0.0460536,-0.441518
393.301,325,0.856764,0.745658,0.0337348,-0.420596
394.167,324.5,0.84765,0.736898,0.0119308,-0.418748
395.033,324,0.84165,0.733215,-0.0114438,-0.413085
395.899,323.5,0.839431,0.733794,-0.0205405,-0.407147
396.765,323,0.842238,0.737448,-0.0301098,-0.405745
397.631,322.5,0.848686,0.742786,-0.0401219,-0.408568
398.497,322,0.846376,0.741222,-0.0465868,-0.40592
399.363,321.5,0.844865,0.739597,-0.0534723,-0.404888
400.229,321,0.846274,0.740379,-0.0634288,-0.404963
401.095,320.5,0.857391,0.752444,-0.0696391,-0.405089
401.962,320,0.87667,0.773182,-0.0725359,-0.406789
402.828,319.5,0.898204,0.795396,-0.0752887,-0.410424
403.694,319,0.912261,0.812589,-0.0667259,-0.409227
404.56,318.5,0.920265,0.825408,-0.0431078,-0.404637
405.426,318,0.932751,0.840773,-0.0219361,-0.40329
406.292,317.5,0.935681,0.846301,-0.00236584,-0.399084
407.158,317,0.918878,0.834575,0.0122016,-0.384283
408.024,316.5,0.899939,0.820693,0.0247973,-0.368426
408.89,316,0.878763,0.804898,0.0344818,-0.350961
409.756,315.5,0.872436,0.804698,0.0318533,-0.335546
410.622,315,0.870287,0.807455,0.0276645,-0.323495
411.488,314.5,0.862154,0.804013,0.0240133,-0.310316
412.354,314,0.853903,0.796505,0.0135978,-0.307482
413.22,313.5,0.83556,0.778872,0.00835709,-0.302405
414.086,313,0.819091,0.763803,0.00736973,-0.295737
414.952,312.5,0.871619,0.819053,0.00707505,-0.298029
415.818,312,0.923503,0.872795,0.0120087,-0.301568
416.684,311.5,0.970974,0.921533,0.0218281,-0.305107
417.55,311,0.999793,0.953061,0.0358627,-0.299957
418.416,310.5,1.01404,0.972654,0.0491402,-0.282509
419.282,310,1.02639,0.992612,0.057679,-0.254703
420.148,309.5,1.04506,1.01708,0.066098,-0.230959
421.014,309,1.06603,1.04171,0.0749825,-0.213635
421.88,308.5,1.09069,1.06849,0.0851306,-0.201676
422.746,308,1.11437,1.09259,0.0986813,-0.195816
423.612,307.5,1.10394,1.08101,0.116337,-0.191249
424.478,307,1.02588,1.00145,0.131343,-0.179636
425.344,306.5,0.954058,0.927857,0.144777,-0.168369
426.21,306,0.892869,0.861576,0.162902,-0.168419
427.076,305.5,0.844314,0.808407,0.177537,-0.166806
427.942,305,0.80808,0.768529,0.18862,-0.163645
428.808,304.5,0.828518,0.796615,0.182451,-0.13623
429.674,304,0.864925,0.844041,0.166833,-0.0886334
430.54,303.5,0.90828,0.89625,0.144618,-0.0281789
431.406,303,0.991452,0.982378,0.130738,0.0286101
432.272,302.5,1.08732,1.07628,0.122284,0.0945701
433.138,302,1.18559,1.17115,0.114302,0.144804
434.004,301.5,1.23471,1.22686,0.0872664,0.108229
434.87,301,1.27526,1.2718,0.0532138,0.0772385
435.737,300.5,1.32193,1.3202,0.018465,0.0651368
436.603,300,1.38409,1.38185,-0.0150754,0.0772029
437.469,299.5,1.45967,1.4554,-0.0464989,0.101462
438.335,299,1.49436,1.48854,-0.0548999,0.119694
439.201,298.5,1.50864,1.50213,-0.0461002,0.132184
440.067,298,1.5102,1.50416,-0.0253698,0.132603
440.933,297.5,1.51138,1.506,-0.00188234,0.127302
441.799,297,1.50791,1.50373,0.020835,0.110291
442.665,296.5,1.46988,1.46787,0.0320991,0.0698461
443.531,296,1.39732,1.39633,0.0432474,0.0300447
444.397,295.5,1.32759,1.3264,0.0549047,-0.0124372
445.263,295,1.24693,1.24365,0.0651549,-0.0627226
446.129,294.5,1.16785,1.15955,0.0794798,-0.114072
446.995,294,1.09133,1.0741,0.0978796,-0.166486
447.861,293.5,1.04432,1.02239,0.0913943,-0.192281
448.727,293,0.986983,0.961199,0.0833578,-0.208043
449.593,292.5,0.915832,0.886608,0.0764111,-0.216415
450.459,292,0.855351,0.828549,0.0634834,-0.202736
451.325,291.5,0.809661,0.787758,0.04569,-0.181383
452.191,291,0.811018,0.793579,0.0117467,-0.166866
453.057,290.5,0.858317,0.844675,-0.0182326,-0.151329
453.923,290,0.890963,0.880518,-0.0376876,-0.130702
454.789,289.5,0.908102,0.898968,-0.0612691,-0.11292
455.655,289,0.924864,0.915678,-0.0784769,-0.103678
456.521,288.5,0.963224,0.95427,-0.0822761,-0.101986
457.387,288,1.02181,1.0096,-0.0830651,-0.133803
458.253,287.5,1.05523,1.03659,-0.0839621,-0.178685
459.119,287,1.07278,1.03792,-0.0831382,-0.258206
459.985,286.5,1.10252,1.04937,-0.0832557,-0.327793
460.851,286,1.14061,1.06749,-0.0838638,-0.392981
461.717,285.5,1.18143,1.0701,-0.0786383,-0.494428
462.583,285,1.24188,1.08701,-0.0770189,-0.595611
463.449,284.5,1.31841,1.1179,-0.0763602,-0.694733
464.315,284,1.37558,1.14332,-0.0613598,-0.762423
465.181,283.5,1.55161,1.23884,-0.0132301,-0.934128
466.047,283,1.65108,1.29106,0.0220761,-1.02894
466.913,282.5,1.75765,1.34871,0.0543049,-1.12577
467.779,282,1.75493,1.36606,0.0475872,-1.10064
468.645,281.5,1.77674,1.39001,0.0559211,-1.10524
469.512,281,1.81308,1.40875,0.077663,-1.1387
470.378,280.5,1.85023,1.40755,0.0887046,-1.19762
471.244,280,1.85755,1.38716,0.0999528,-1.23138
472.11,279.5,1.81924,1.35202,0.114467,-1.21185
472.976,279,1.74513,1.32356,0.14181,-1.12852
473.842,278.5,1.64547,1.29042,0.177848,-1.00537
474.708,278,1.54114,1.25503,0.231511,-0.863956
475.574,277.5,1.40585,1.16041,0.267558,-0.747178
476.44,277,1.21933,0.996785,0.258204,-0.653087
477.306,276.5,1.00587,0.809229,0.178717,-0.570068
478.172,276,0.850361,0.694621,0.119415,-0.475769
479.038,275.5,0.764304,0.660147,0.115713,-0.367392
