x,v,vx,vy,vz
220.096,425,0.59312,0.592053,0.00935317,-0.0343096
220.962,424.5,0.588861,0.587773,0.00967091,-0.034447
221.828,424,0.584816,0.583698,0.00992135,-0.0347567
222.694,423.5,0.581005,0.579846,0.0101058,-0.0352466
223.56,423,0.576916,0.575735,0.00999035,-0.0355163
224.426,422.5,0.572947,0.571741,0.00975107,-0.0358536
225.292,422,0.572388,0.571245,0.00947196,-0.0348928
226.158,421.5,0.572461,0.571417,0.00894288,-0.0333895
227.024,421,0.5731,0.572165,0.00825699,-0.031664
227.89,420.5,0.57443,0.573601,0.00751816,-0.0299151
228.756,420,0.576396,0.575679,0.00676345,-0.0279431
229.622,419.5,0.578287,0.577687,0.00621789,-0.0256091
230.488,419,0.579643,0.57915,0.00602392,-0.0231241
231.355,418.5,0.580984,0.580583,0.00608224,-0.0207134
232.221,418,0.582117,0.581788,0.00649099,-0.0184516
233.087,417.5,0.58331,0.583037,0.0070104,-0.01643
233.953,417,0.584429,0.584194,0.00770158,-0.014681
234.819,416.5,0.583044,0.582829,0.00892653,-0.0130741
235.685,416,0.581707,0.581502,0.0101344,-0.0116467
236.551,415.5,0.580427,0.580223,0.0113338,-0.0104096
237.417,415,0.57861,0.578387,0.0128639,-0.0096248
238.283,414.5,0.576927,0.576677,0.0143243,-0.0091041
239.149,414,0.575187,0.574897,0.0158031,-0.00912787
240.015,413.5,0.572848,0.572509,0.0169652,-0.010065
240.881,413,0.571056,0.570659,0.0180691,-0.0112917
241.747,412.5,0.569941,0.569476,0.0191676,-0.0127527
242.613,412,0.569177,0.568645,0.0198296,-0.0145491
243.479,411.5,0.569041,0.568442,0.0203188,-0.0163847
244.345,411,0.568994,0.568461,0.0192437,-0.0153635
245.211,410.5,0.569353,0.568897,0.0174099,-0.0147002
246.077,410,0.570365,0.569982,0.0150282,-0.014499
246.943,409.5,0.572283,0.571959,0.0125327,-0.0146274
247.809,409,0.575191,0.574905,0.00982016,-0.0152683
248.675,408.5,0.573092,0.572794,0.00792014,-0.016706
249.541,408,0.566472,0.566146,0.00655017,-0.0180758
250.407,407.5,0.559488,0.55913,0.00495434,-0.0193876
251.273,407,0.552012,0.551593,0.00312713,-0.0212552
252.139,406.5,0.544337,0.543849,0.000907817,-0.0230288
253.005,406,0.536436,0.535857,-0.00153736,-0.0248732
253.871,405.5,0.528137,0.527392,-0.0023005,-0.0279533
254.737,405,0.519516,0.518571,-0.00285023,-0.0311904
255.603,404.5,0.510576,0.509393,-0.00318654,-0.0345843
256.469,404,0.501203,0.499726,-0.00325836,-0.0383184
257.335,403.5,0.492024,0.490164,-0.00350012,-0.0426068
258.201,403,0.482938,0.480853,-0.00524021,-0.0445209
259.067,402.5,0.474756,0.472859,-0.00721054,-0.0417825
259.933,402,0.468036,0.466398,-0.00904454,-0.0380667
260.799,401.5,0.462672,0.461273,-0.011,-0.034231
261.665,401,0.459934,0.458776,-0.0126623,-0.0300607
262.531,400.5,0.460442,0.459512,-0.0138979,-0.0257328
263.397,400,0.465341,0.464651,-0.0127548,-0.0218897
264.263,399.5,0.471196,0.470789,-0.0114113,-0.0159088
265.13,399,0.477886,0.477735,-0.0100083,-0.00659967
265.996,398.5,0.485386,0.485275,-0.00941851,0.00432485
266.862,398,0.493809,0.493444,-0.009924,0.0161813
267.728,397.5,0.501139,0.500299,-0.0107914,0.0269123
268.594,397,0.505064,0.503635,-0.0103982,0.0365235
269.46,396.5,0.505504,0.503466,-0.00843885,0.0445582
270.326,396,0.501512,0.499104,-0.00348328,0.0489703
271.192,395.5,0.494254,0.491537,0.00233729,0.0517074
272.058,395,0.481601,0.478732,0.00848478,0.0518084
272.924,394.5,0.463097,0.46006,0.00875207,0.0522176
273.79,394,0.448285,0.444761,0.0065844,0.0557102
274.656,393.5,0.457855,0.447411,-0.000839232,0.0972311
275.522,393,0.460535,0.445173,-0.00731799,0.117729
276.388,392.5,0.467152,0.445918,-0.01233,0.138695
277.254,392,0.476489,0.451562,-0.00460085,0.152028
278.12,391.5,0.488228,0.459427,0.00539513,0.165121
278.986,391,0.502106,0.469399,0.017527,0.177392
279.852,390.5,0.506302,0.475314,0.0253777,0.172552
280.718,390,0.508132,0.477974,0.0306692,0.169699
281.584,389.5,0.507457,0.477381,0.0334016,0.168834
282.45,389,0.492697,0.467943,0.0178666,0.153168
283.316,388.5,0.47833,0.457318,0.00120588,0.140209
284.182,388,0.465132,0.44598,-0.0153958,0.131195
285.048,387.5,0.453015,0.43393,-0.0319385,0.126125
285.914,387,0.441985,0.421166,-0.0484222,0.125
286.78,386.5,0.432151,0.40769,-0.0648469,0.12782
287.646,386,0.451229,0.426398,-0.0719568,0.128898
288.512,385.5,0.495302,0.473707,-0.0707578,0.126169
289.378,385,0.537836,0.520798,-0.060692,0.119808
290.244,384.5,0.569649,0.555774,-0.0556549,0.111882
291.11,384,0.590255,0.578637,-0.0556464,0.102393
291.976,383.5,0.599498,0.589385,-0.0606665,0.0913399
292.842,383,0.600079,0.589345,-0.066207,0.0915609
293.708,382.5,0.6126,0.596613,-0.0607744,0.125052
294.574,382,0.640806,0.6169,-0.0515855,0.165545
295.44,381.5,0.685308,0.650206,-0.0386405,0.21304
296.306,381,0.746466,0.696531,-0.0219392,0.267537
297.172,380.5,0.824386,0.755874,-0.00148164,0.329036
298.038,380,0.910711,0.822265,0.0207943,0.39095
298.905,379.5,0.855867,0.783833,0.0104631,0.343518
299.771,379,0.809313,0.74947,0.00146764,0.305418
300.637,378.5,0.771587,0.719955,-0.00595639,0.277444
301.503,378,0.705643,0.664807,-0.01825,0.235864
302.369,377.5,0.68873,0.649742,-0.0188745,0.227657
303.235,377,0.708007,0.660503,-0.0187997,0.254275
304.101,376.5,0.705229,0.658101,-0.0163375,0.252951
304.967,376,0.707054,0.663055,-0.0108795,0.245286
305.833,375.5,0.711719,0.671428,-0.00421403,0.236032
306.699,375,0.719383,0.683219,0.00365887,0.22519
307.565,374.5,0.73207,0.7012,0.011942,0.210007
308.431,374,0.751098,0.72783,0.0174912,0.184679
309.297,373.5,0.757649,0.740829,0.0191137,0.157603
310.163,373,0.748989,0.737534,0.0162286,0.129476
311.029,372.5,0.744403,0.736731,0.0156894,0.105438
311.895,372,0.686506,0.679253,0.0161924,0.0982001
312.761,371.5,0.719176,0.711168,0.0176532,0.105555
313.627,371,0.746434,0.740138,0.0319832,0.0913066
314.493,370.5,0.755691,0.751541,0.053804,0.0579683
315.359,370,0.765502,0.761864,0.0666096,0.0334611
316.225,369.5,0.784188,0.780974,0.0674557,0.0219007
317.091,369,0.810709,0.80805,0.0640257,0.0142864
317.957,368.5,0.837039,0.834087,0.0702234,-0.00146996
318.823,368,0.85798,0.853925,0.0794309,-0.0251509
319.689,367.5,0.856634,0.852391,0.0694497,-0.049264
320.555,367,0.846426,0.841614,0.0586582,-0.068429
321.421,366.5,0.83718,0.830401,0.0577371,-0.0892784
322.287,366,0.846418,0.831192,0.0815773,-0.137435
323.153,365.5,0.873808,0.843064,0.108299,-0.202619
324.019,365,0.919518,0.864351,0.136168,-0.282609
324.885,364.5,0.89647,0.843831,0.106423,-0.283343
325.751,364,0.888016,0.834174,0.0837687,-0.292758
326.617,363.5,0.894224,0.835541,0.0684108,-0.311172
327.483,363,0.91334,0.846521,0.059047,-0.337795
328.349,362.5,0.933692,0.858152,0.0498683,-0.364512
329.215,362,0.94779,0.864386,0.0313762,-0.387504
330.081,361.5,0.955484,0.86802,0.0153754,-0.399067
330.947,361,0.961613,0.872285,0.00535805,-0.404709
331.813,360.5,0.969124,0.878395,-0.000567139,-0.409417
332.679,360,0.97758,0.887272,-0.0077406,-0.410304
333.546,359.5,0.985688,0.896035,-0.00944716,-0.410623
334.412,359,0.987457,0.904181,0.0178547,-0.396496
335.278,358.5,0.996413,0.921951,0.0470264,-0.375011
336.144,358,1.00721,0.94244,0.0660764,-0.349165
337.01,357.5,1.01225,0.957175,0.0668206,-0.322505
337.876,357,1.01276,0.967363,0.0531835,-0.295081
338.742,356.5,1.01881,0.977824,0.049512,-0.281733
339.608,356,1.03393,0.994158,0.048232,-0.279897
340.474,355.5,1.0588,1.01858,0.0491261,-0.284858
341.34,355,1.07067,1.02482,0.052623,-0.305465
342.206,354.5,1.07938,1.0274,0.05264,-0.326711
343.072,354,1.07851,1.0225,0.0529047,-0.338922
343.938,353.5,1.08904,1.03475,0.0830276,-0.329261
344.804,353,1.10187,1.04616,0.111213,-0.327583
345.67,352.5,1.11203,1.05256,0.13531,-0.33231
346.536,352,1.09032,1.01475,0.17517,-0.358316
347.402,351.5,1.07434,0.966592,0.231992,-0.407536
348.268,351,1.05376,0.909087,0.290601,-0.446682
349.134,350.5,0.976,0.815746,0.289546,-0.450884
350,350,0.879109,0.705674,0.236467,-0.46791
350.866,349.5,0.803409,0.550796,0.185729,-0.554613
351.732,349,0.789542,0.501282,0.104351,-0.601002
352.598,348.5,0.820222,0.532037,0.0160331,-0.624055
353.464,348,0.894073,0.606648,-0.0170007,-0.656548
354.33,347.5,0.928387,0.641622,-0.0329509,-0.670177
355.196,347,0.871768,0.625322,-0.0237991,-0.606948
356.062,346.5,0.995698,0.705084,-0.0386304,-0.701983
356.928,346,1.01029,0.703239,-0.00225711,-0.725357
357.794,345.5,1.03132,0.713444,0.0420036,-0.743544
358.66,345,1.04077,0.710849,0.0765209,-0.756332
359.526,344.5,0.954541,0.605058,0.0818721,-0.733723
360.392,344,0.95631,0.589937,0.0758093,-0.748836
361.258,343.5,0.954259,0.568905,0.0817759,-0.761755
362.124,343,0.952756,0.546764,0.0934099,-0.774641
362.99,342.5,0.958203,0.54232,0.0762236,-0.786277
363.856,342,0.964197,0.541815,0.0576838,-0.795477
364.722,341.5,0.969968,0.543179,0.042767,-0.802475
365.588,341,0.933182,0.533057,0.0407657,-0.764864
366.454,340.5,0.873267,0.51012,0.0452289,-0.707338
367.321,340,0.823977,0.48319,0.0532145,-0.665307
368.187,339.5,0.773579,0.466433,0.0698391,-0.613177
369.053,339,0.723864,0.45394,0.0918148,-0.556317
369.919,338.5,0.6783,0.442329,0.104731,-0.503456
370.785,338,0.637747,0.420368,0.113335,-0.466011
371.651,337.5,0.59894,0.361574,0.135636,-0.457817
372.517,337,0.570715,0.300812,0.162134,-0.457101
373.383,336.5,0.550235,0.252936,0.181167,-0.453828
374.249,336,0.558891,0.235204,0.19547,-0.467792
375.115,335.5,0.554677,0.209603,0.201691,-0.472286
375.981,335,0.537849,0.176276,0.199879,-0.46718
376.847,334.5,0.523278,0.198162,0.203781,-0.439346
377.713,334,0.500474,0.227321,0.194231,-0.40134
378.579,333.5,0.470407,0.261357,0.170676,-0.351917
379.445,333,0.502931,0.331759,0.111419,-0.361195
380.311,332.5,0.548478,0.389748,0.058042,-0.381519
381.177,332,0.59635,0.436792,0.0114247,-0.405852
382.043,331.5,0.682981,0.530938,-0.0599728,-0.425407
382.909,331,0.780741,0.635004,-0.134224,-0.433946
383.775,330.5,0.871345,0.72955,-0.201273,-0.431842
384.641,330,0.948497,0.812274,-0.244833,-0.424163
385.507,329.5,1.0077,0.880308,-0.25467,-0.419129
386.373,329,1.21762,1.06543,-0.199171,-0.554796
387.239,328.5,1.30869,1.15096,-0.19478,-0.591638
388.105,328,1.17493,1.06719,-0.193178,-0.451951
388.971,327.5,1.24261,1.1374,-0.161894,-0.473498
389.837,327,1.31002,1.21031,-0.126193,-0.485147
390.703,326.5,1.35308,1.27077,-0.121199,-0.448642
391.569,326,1.3696,1.30456,-0.118871,-0.399744
392.435,325.5,1.37243,1.32267,-0.115473,-0.347561
393.301,325,1.61528,1.55801,-0.16668,-0.392364
394.167,324.5,1.41711,1.3816,-0.176264,-0.261366
395.033,324,1.43384,1.40157,-0.207639,-0.219962
395.899,323.5,1.49553,1.45482,-0.252862,-0.236965
396.765,323,1.6863,1.64538,-0.258435,-0.263701
397.631,322.5,1.74255,1.71689,-0.230078,-0.189292
398.497,322,1.78803,1.77411,-0.184039,-0.12528
399.363,321.5,1.83898,1.83139,-0.13252,-0.101645
400.229,321,1.87255,1.86925,-0.0717379,-0.0847971
401.095,320.5,1.90335,1.90106,-0.012001,-0.0924456
401.962,320,1.9872,1.98081,0.0534971,-0.150003
402.828,319.5,2.04705,2.03347,0.120339,-0.202357
403.694,319,2.1351,2.11268,0.174345,-0.254637
404.56,318.5,2.24742,2.21356,0.231336,-0.312309
405.426,318,2.31207,2.26711,0.302673,-0.338043
406.292,317.5,2.40831,2.35312,0.338055,-0.385395
407.158,317,2.4948,2.42805,0.394638,-0.415769
408.024,316.5,2.52601,2.44022,0.499743,-0.41994
408.89,316,2.59367,2.46783,0.601411,-0.524639
409.756,315.5,2.60197,2.39195,0.765816,-0.679958
410.622,315,2.49251,2.11086,0.97199,-0.901179
411.488,314.5,2.4303,1.80105,1.07575,-1.22692
412.354,314,2.34629,1.3426,1.1003,-1.57855
413.22,313.5,2.40722,0.970078,1.00386,-1.96111
414.086,313,2.56439,0.724617,0.77724,-2.33386
414.952,312.5,2.76177,0.523987,0.4466,-2.67458
415.818,312,2.89477,0.643894,-0.0120097,-2.82223
416.684,311.5,3.0431,0.876984,-0.441412,-2.88037
417.55,311,3.221,1.20771,-0.825888,-2.86953
418.416,310.5,3.40566,1.60476,-1.02674,-2.82296
419.282,310,3.6471,2.00093,-1.23187,-2.78929
420.148,309.5,3.87606,2.39359,-1.38239,-2.71727
421.014,309,4.09394,2.78252,-1.42129,-2.64534
421.88,308.5,4.32129,3.15335,-1.4708,-2.56256
422.746,308,4.51199,3.49858,-1.42337,-2.4682
423.612,307.5,4.70905,3.83706,-1.29169,-2.40494
424.478,307,4.90037,4.14766,-1.16816,-2.33364
425.344,306.5,5.03195,4.42253,-0.893107,-2.22802
426.21,306,5.17335,4.68201,-0.586817,-2.12085
427.076,305.5,5.23683,4.8465,-0.24853,-1.96827
427.942,305,4.94404,4.61059,0.242169,-1.76842
428.808,304.5,4.45053,4.016,0.723099,-1.77653
429.674,304,3.48522,2.74067,1.08792,-1.85793
430.54,303.5,2.4425,1.66748,1.06519,-1.43202
431.406,303,1.54948,1.13367,0.79617,-0.694113
432.272,302.5,1.30869,1.20462,0.484544,-0.163581
433.138,302,1.32721,1.28768,0.23127,0.223284
434.004,301.5,1.34591,1.24874,0.0265382,0.501427
434.87,301,1.11068,1.05723,0.0613283,0.334853
435.737,300.5,1.05444,0.955288,0.0146441,0.446159
436.603,300,1.01082,0.884393,-0.0229115,0.488963
437.469,299.5,0.98188,0.858311,-0.0563853,0.473511
438.335,299,0.945088,0.831554,-0.0925857,0.439475
439.201,298.5,0.912202,0.811234,-0.110266,0.402311
440.067,298,0.887105,0.800181,-0.107945,0.36744
440.933,297.5,0.863662,0.787528,-0.101864,0.339613
441.799,297,0.842881,0.774552,-0.0941098,0.318844
442.665,296.5,0.821992,0.757812,-0.088927,0.30575
443.531,296,0.79439,0.731019,-0.0812457,0.300108
444.397,295.5,0.771423,0.707641,-0.0770581,0.297321
445.263,295,0.751586,0.688178,-0.0807387,0.291161
446.129,294.5,0.735498,0.671779,-0.0840403,0.287417
446.995,294,0.723159,0.658444,-0.086963,0.286089
447.861,293.5,0.724184,0.657481,-0.0936945,0.288761
448.727,293,0.730611,0.661899,-0.10026,0.292628
449.593,292.5,0.741352,0.67075,-0.10619,0.297356
450.459,292,0.757256,0.684728,-0.105454,0.305717
451.325,291.5,0.777356,0.702545,-0.102147,0.31667
452.191,291,0.80239,0.724184,-0.0963311,0.331825
453.057,290.5,0.827847,0.746051,-0.0839238,0.348848
453.923,290,0.851841,0.766988,-0.0694725,0.364055
454.789,289.5,0.876415,0.788267,-0.0557228,0.378989
455.655,289,0.897092,0.806833,-0.0421136,0.3899
456.521,288.5,0.911875,0.821335,-0.0275961,0.395174
457.387,288,0.919538,0.829749,-0.0182195,0.395897
458.253,287.5,0.921367,0.833779,-0.0105427,0.391941
459.119,287,0.911013,0.828779,-0.00574246,0.378204
459.985,286.5,0.898446,0.822542,-0.000781876,0.361427
460.851,286,0.883324,0.814716,0.00390017,0.341299
461.717,285.5,0.866408,0.805846,0.00603971,0.31818
462.583,285,0.854649,0.801505,0.00858074,0.296549
463.449,284.5,0.847117,0.800609,0.010834,0.276612
464.315,284,0.85164,0.809791,0.00642652,0.263605
465.181,283.5,0.860633,0.822552,0.00136145,0.253171
466.047,283,0.873776,0.838643,-0.00412586,0.245246
466.913,282.5,0.895811,0.85801,-0.00925325,0.257315
467.779,282,0.919356,0.877914,-0.0137024,0.272573
468.645,281.5,0.942783,0.897531,-0.0170483,0.288075
469.512,281,0.963422,0.916322,-0.0186715,0.296964
470.378,280.5,0.980099,0.933556,-0.0195303,0.297799
471.244,280,0.997164,0.952546,-0.0207373,0.294216
472.11,279.5,1.00784,0.965741,-0.0216946,0.287422
472.976,279,1.00933,0.969654,-0.0212168,0.279425
473.842,278.5,1.00936,0.971712,-0.0211587,0.272279
474.708,278,1.00886,0.971966,-0.019481,0.269615
475.574,277.5,1.0056,0.96879,-0.012738,0.269273
476.44,277,0.986889,0.949927,-0.0085874,0.267422
477.306,276.5,0.976769,0.936096,-0.00708552,0.278841
478.172,276,0.977043,0.931339,-0.00585272,0.295273
479.038,275.5,0.980541,0.925752,-0.00595131,0.323122
