x,v,vx,vy,vz
220.096,425,0.603476,0.601612,-0.00907836,-0.0465247
220.962,424.5,0.605582,0.603631,-0.00887829,-0.047756
221.828,424,0.607468,0.605432,-0.00868444,-0.0489268
222.694,423.5,0.609134,0.607016,-0.00850179,-0.050034
223.56,423,0.610523,0.608317,-0.00818982,-0.0512033
224.426,422.5,0.611805,0.609505,-0.00788441,-0.0524113
225.292,422,0.612031,0.609635,-0.00801218,-0.0535081
226.158,421.5,0.611907,0.609414,-0.00806512,-0.054583
227.024,421,0.611692,0.609099,-0.00805198,-0.0556849
227.89,420.5,0.611465,0.608769,-0.00801403,-0.0567887
228.756,420,0.611099,0.608298,-0.00787813,-0.057904
229.622,419.5,0.610506,0.607578,-0.00736948,-0.0592647
230.488,419,0.609659,0.606591,-0.00656904,-0.0607354
231.355,418.5,0.608664,0.605468,-0.00585352,-0.0620164
232.221,418,0.607573,0.604261,-0.00524551,-0.0631343
233.087,417.5,0.606635,0.603208,-0.00471587,-0.0642131
233.953,417,0.605827,0.602291,-0.00428715,-0.0652164
234.819,416.5,0.606132,0.602586,-0.00390651,-0.0653471
235.685,416,0.606386,0.602836,-0.00352596,-0.0654232
236.551,415.5,0.606569,0.60302,-0.00315537,-0.0654481
237.417,415,0.606685,0.60316,-0.00305876,-0.0652282
238.283,414.5,0.606874,0.603373,-0.00298917,-0.0650205
239.149,414,0.607889,0.604393,-0.00294589,-0.0650346
240.015,413.5,0.609558,0.606093,-0.00306562,-0.0648267
240.881,413,0.611086,0.607666,-0.00318949,-0.0644844
241.747,412.5,0.612462,0.609094,-0.00329415,-0.0640551
242.613,412,0.613717,0.610428,-0.00331343,-0.0633716
243.479,411.5,0.614952,0.611748,-0.00327006,-0.0626082
244.345,411,0.616895,0.613773,-0.0030996,-0.061913
245.211,410.5,0.618556,0.615525,-0.00280904,-0.0611014
246.077,410,0.619964,0.617027,-0.00243684,-0.0602241
246.943,409.5,0.62113,0.618283,-0.00205238,-0.0593608
247.809,409,0.622045,0.619292,-0.00159204,-0.0584419
248.675,408.5,0.623107,0.620425,-0.00134421,-0.0577427
249.541,408,0.624297,0.621666,-0.00131984,-0.0572348
250.407,407.5,0.625364,0.622795,-0.00127655,-0.0566163
251.273,407,0.626358,0.623873,-0.00118995,-0.0557204
252.139,406.5,0.627254,0.624856,-0.00109688,-0.0547785
253.005,406,0.627984,0.625675,-0.000964477,-0.0537964
253.871,405.5,0.628071,0.625844,-0.000577101,-0.0528422
254.737,405,0.628101,0.625945,-0.000234569,-0.052002
255.603,404.5,0.628076,0.625979,6.31194e-05,-0.0512758
256.469,404,0.627765,0.625717,0.000226894,-0.0506606
257.335,403.5,0.627328,0.625318,0.000345901,-0.0501779
258.201,403,0.626448,0.624462,0.000349277,-0.0498477
259.067,402.5,0.625301,0.623322,0.000184603,-0.0497041
259.933,402,0.624255,0.62227,-2.17582e-05,-0.0497381
260.799,401.5,0.623346,0.621342,-0.000237109,-0.0499422
261.665,401,0.622536,0.620498,-0.000555719,-0.0503201
262.531,400.5,0.621764,0.619684,-0.000921148,-0.0508118
263.397,400,0.620689,0.618581,-0.00125039,-0.0510979
264.263,399.5,0.619494,0.617352,-0.00151654,-0.051445
265.13,399,0.618146,0.615957,-0.00169161,-0.0519527
265.996,398.5,0.616797,0.614543,-0.0017952,-0.0526538
266.862,398,0.615265,0.612921,-0.00185228,-0.0536276
267.728,397.5,0.61311,0.610598,-0.00167045,-0.0554171
268.594,397,0.610667,0.607942,-0.00125967,-0.0576122
269.46,396.5,0.607955,0.604984,-0.000699885,-0.060026
270.326,396,0.604929,0.601691,5.63909e-05,-0.0625094
271.192,395.5,0.601684,0.598161,0.000988322,-0.0650013
272.058,395,0.598522,0.594706,0.00208096,-0.0674411
272.924,394.5,0.596201,0.591928,0.00303856,-0.0711806
273.79,394,0.593937,0.589169,0.0042223,-0.0749928
274.656,393.5,0.591736,0.586431,0.00563667,-0.0788561
275.522,393,0.590423,0.584426,0.00674329,-0.0836636
276.388,392.5,0.589508,0.582786,0.00784757,-0.0884263
277.254,392,0.588485,0.581105,0.00885657,-0.0924832
278.12,391.5,0.588379,0.580141,0.00873856,-0.0977243
278.986,391,0.589059,0.579757,0.0079316,-0.103968
279.852,390.5,0.590228,0.579751,0.00694303,-0.110498
280.718,390,0.591682,0.580306,0.00624902,-0.115295
281.584,389.5,0.592971,0.581104,0.00574676,-0.1179
282.45,389,0.594703,0.582614,0.00460873,-0.119211
283.316,388.5,0.599003,0.586626,0.00285247,-0.121101
284.182,388,0.608793,0.595759,-0.000835894,-0.125297
285.048,387.5,0.623582,0.609666,-0.00576766,-0.130878
285.914,387,0.641838,0.626974,-0.0117009,-0.136832
286.78,386.5,0.651513,0.636816,-0.0157423,-0.136699
287.646,386,0.664055,0.648535,-0.0184843,-0.141528
288.512,385.5,0.680459,0.663106,-0.0199973,-0.151377
289.378,385,0.691122,0.676365,-0.0160231,-0.141151
290.244,384.5,0.707654,0.695188,-0.0112189,-0.131764
291.11,384,0.713721,0.704245,-0.00543492,-0.115787
291.976,383.5,0.686049,0.681633,0.00338884,-0.0776369
292.842,383,0.656536,0.654685,0.0111074,-0.0480046
293.708,382.5,0.655783,0.654537,0.0160954,-0.0370638
294.574,382,0.651571,0.650119,0.0182833,-0.0394555
295.44,381.5,0.647516,0.645607,0.0198646,-0.0455406
296.306,381,0.643721,0.641001,0.0208394,-0.0553192
297.172,380.5,0.640362,0.636303,0.0212076,-0.0687914
298.038,380,0.636964,0.630987,0.0209349,-0.0845038
298.905,379.5,0.616335,0.610425,0.0196359,-0.0828574
299.771,379,0.59797,0.592038,0.0182798,-0.0820098
300.637,378.5,0.582022,0.575959,0.0168719,-0.0820734
301.503,378,0.568499,0.562189,0.0154122,-0.0830482
302.369,377.5,0.557411,0.550727,0.0139008,-0.0849343
303.235,377,0.548772,0.541573,0.0123376,-0.0877315
304.101,376.5,0.546507,0.538501,0.0111374,-0.0925357
304.967,376,0.547808,0.538688,0.0101304,-0.0990276
305.833,375.5,0.550674,0.540155,0.00912621,-0.106729
306.699,375,0.55514,0.542901,0.00812495,-0.115641
307.565,374.5,0.560217,0.546111,0.00678395,-0.124738
308.431,374,0.563129,0.547652,0.00417208,-0.13105
309.297,373.5,0.566283,0.54944,0.00212514,-0.137069
310.163,373,0.569002,0.551101,0.00103918,-0.141596
311.029,372.5,0.573475,0.554549,-0.000275035,-0.146111
311.895,372,0.579694,0.559784,-0.00181749,-0.150613
312.761,371.5,0.587654,0.566805,-0.0035882,-0.155103
313.627,371,0.59735,0.575612,-0.00558716,-0.15958
314.493,370.5,0.608783,0.586333,-0.00787458,-0.16361
315.359,370,0.622218,0.601669,-0.0117117,-0.158152
316.225,369.5,0.637706,0.619169,-0.0159158,-0.151809
317.091,369,0.652681,0.636364,-0.0196953,-0.143685
317.957,368.5,0.662453,0.6487,-0.0216403,-0.132529
318.823,368,0.673412,0.662081,-0.0236727,-0.120717
319.689,367.5,0.685599,0.676508,-0.0257927,-0.108247
320.555,367,0.701112,0.694475,-0.0279912,-0.0920851
321.421,366.5,0.717795,0.713243,-0.0297536,-0.0750258
322.287,366,0.734688,0.731713,-0.0310024,-0.0583216
323.153,365.5,0.751731,0.749887,-0.0317375,-0.0419725
324.019,365,0.768868,0.767764,-0.0319591,-0.0259785
324.885,364.5,0.78605,0.785344,-0.0316671,-0.0103396
325.751,364,0.800511,0.799941,-0.0299564,0.00368335
326.617,363.5,0.808597,0.808029,-0.0268819,0.0140184
327.483,363,0.812248,0.811634,-0.0243017,0.0201549
328.349,362.5,0.814307,0.813663,-0.0215908,0.0241322
329.215,362,0.814744,0.814115,-0.0187491,0.0259502
330.081,361.5,0.813547,0.812991,-0.0157765,0.0256089
330.947,361,0.810283,0.809859,-0.0128852,0.0228282
331.813,360.5,0.803143,0.802887,-0.0120437,0.0163407
332.679,360,0.797298,0.797158,-0.0116301,0.00937803
333.546,359.5,0.792759,0.792671,-0.0116443,0.00194019
334.412,359,0.789543,0.789428,-0.0120865,-0.00597284
335.278,358.5,0.787665,0.787427,-0.0129566,-0.0143611
336.144,358,0.783522,0.783183,-0.0140273,-0.0182786
337.01,357.5,0.774745,0.774561,-0.0150722,-0.00761363
337.876,357,0.768058,0.767894,-0.0155845,0.00294895
338.742,356.5,0.763223,0.762986,-0.0153941,0.0112087
339.608,356,0.760168,0.759836,-0.0145009,0.0171655
340.474,355.5,0.75884,0.758445,-0.012905,0.0208195
341.34,355,0.747675,0.747474,-0.00500773,0.0165902
342.206,354.5,0.778731,0.778364,0.00515436,0.023367
343.072,354,0.802986,0.80228,0.0169797,0.0290733
343.938,353.5,0.774109,0.773725,0.0106345,0.02197
344.804,353,0.744476,0.744313,0.00237112,0.015372
345.67,352.5,0.716748,0.716649,-0.00634989,0.0100699
346.536,352,0.718373,0.718162,-0.0114765,0.0130898
347.402,351.5,0.732596,0.732226,-0.016582,0.0163059
348.268,351,0.74674,0.745914,-0.0225463,0.0269215
349.134,350.5,0.727765,0.7259,-0.0314368,0.0415051
350,350,0.729834,0.723866,-0.0521681,0.0771645
350.866,349.5,0.738324,0.729394,-0.0616739,0.096452
351.732,349,0.746883,0.734116,-0.0696928,0.118536
352.598,348.5,0.755693,0.738034,-0.0762246,0.143416
353.464,348,0.742313,0.722585,-0.069195,0.15528
354.33,347.5,0.723762,0.70286,-0.059524,0.162097
355.196,347,0.708523,0.688462,-0.0479956,0.160382
356.062,346.5,0.698247,0.680278,-0.0357937,0.153265
356.928,346,0.689641,0.673387,-0.0246054,0.146799
357.794,345.5,0.682662,0.66779,-0.0144307,0.140984
358.66,345,0.678421,0.664601,-0.00773246,0.136018
359.526,344.5,0.674874,0.661847,-0.00362571,0.131909
360.392,344,0.670388,0.65796,0.00028569,0.12849
361.258,343.5,0.66495,0.652937,0.00400172,0.125762
362.124,343,0.65855,0.64678,0.00752239,0.123724
362.99,342.5,0.651182,0.639488,0.0108477,0.122375
363.856,342,0.641711,0.630034,0.0136397,0.121099
364.722,341.5,0.636961,0.62595,0.0126062,0.11725
365.588,341,0.638944,0.62897,0.0106854,0.111945
366.454,340.5,0.641076,0.632202,0.00976813,0.105845
367.321,340,0.643377,0.635646,0.00985445,0.0989496
368.187,339.5,0.645877,0.639303,0.0109443,0.0912587
369.053,339,0.648608,0.643172,0.0130378,0.0827725
369.919,338.5,0.653327,0.649322,0.0135445,0.0709463
370.785,338,0.655732,0.652836,0.0142459,0.0598891
371.651,337.5,0.655404,0.653314,0.0154075,0.049988
372.517,337,0.652284,0.650756,0.0170294,0.041243
373.383,336.5,0.646323,0.645163,0.0191115,0.0336543
374.249,336,0.64421,0.643479,0.0188786,0.0242023
375.115,335.5,0.651989,0.651726,0.0154276,0.0101987
375.981,335,0.663274,0.663165,0.0108259,-0.00513833
376.847,334.5,0.673952,0.673601,0.00648371,-0.0207307
377.713,334,0.684018,0.683035,0.00240098,-0.0365783
378.579,333.5,0.665691,0.66311,-0.00638738,-0.0582222
379.445,333,0.701016,0.696404,-0.0112747,-0.079484
380.311,332.5,0.734877,0.728272,-0.0176885,-0.0967019
381.177,332,0.75823,0.750165,-0.0221771,-0.108046
382.043,331.5,0.753787,0.744551,-0.0164162,-0.116484
382.909,331,0.826806,0.808689,-0.00297122,-0.172112
383.775,330.5,0.853749,0.832163,-0.00244557,-0.190752
384.641,330,0.872922,0.848554,-0.00331569,-0.204789
385.507,329.5,0.888812,0.862011,-0.00465669,-0.216566
386.373,329,0.895466,0.86222,-0.00410027,-0.241699
387.239,328.5,0.902379,0.862192,-0.00468462,-0.266251
388.105,328,0.805878,0.770991,-0.0186447,-0.233804
388.971,327.5,0.840162,0.792305,-0.025941,-0.278302
389.837,327,0.881888,0.817141,-0.0346265,-0.329861
390.703,326.5,0.933153,0.854558,-0.0357811,-0.373128
391.569,326,0.96929,0.884312,-0.033188,-0.395492
392.435,325.5,0.996654,0.908561,-0.0329707,-0.408348
393.301,325,1.00334,0.922201,-0.0442019,-0.392778
394.167,324.5,1.00925,0.931553,-0.0553788,-0.384361
395.033,324,1.01368,0.935934,-0.0661199,-0.383677
395.899,323.5,1.00808,0.923357,-0.0451585,-0.401998
396.765,323,1.00843,0.91422,-0.0180412,-0.42521
397.631,322.5,1.01554,0.908743,0.0128948,-0.453144
398.497,322,0.966449,0.859981,0.0307805,-0.439898
399.363,321.5,0.91763,0.799039,0.0213285,-0.450696
400.229,321,0.894701,0.770669,0.0305535,-0.45346
401.095,320.5,0.869092,0.738849,0.0383721,-0.456016
401.962,320,0.840911,0.703577,0.0448306,-0.458368
402.828,319.5,0.813271,0.673093,0.0485913,-0.453865
403.694,319,0.785516,0.645171,0.0510553,-0.445178
404.56,318.5,0.757207,0.618594,0.0534565,-0.433412
405.426,318,0.72828,0.593364,0.0557951,-0.418566
406.292,317.5,0.698708,0.56948,0.058071,-0.400641
407.158,317,0.668509,0.546942,0.0602842,-0.379636
408.024,316.5,0.6489,0.538357,0.057993,-0.357602
408.89,316,0.634015,0.535564,0.0554028,-0.33478
409.756,315.5,0.619138,0.532832,0.0547722,-0.310519
410.622,315,0.604436,0.530163,0.056101,-0.28482
411.488,314.5,0.590121,0.527556,0.0593892,-0.257683
412.354,314,0.595387,0.540893,0.0613986,-0.241145
413.22,313.5,0.60419,0.55477,0.0624043,-0.231044
414.086,313,0.614078,0.565976,0.0627066,-0.229851
414.952,312.5,0.619386,0.573565,0.0645511,-0.224712
415.818,312,0.620209,0.577536,0.0679379,-0.21563
416.684,311.5,0.616696,0.577889,0.072867,-0.202602
417.55,311,0.609055,0.574625,0.0793382,-0.185631
418.416,310.5,0.599205,0.569178,0.0870503,-0.165847
419.282,310,0.608598,0.580143,0.0915554,-0.159508
420.148,309.5,0.613521,0.586597,0.0967757,-0.15148
421.014,309,0.614025,0.588541,0.102711,-0.141765
421.88,308.5,0.615957,0.587183,0.107862,-0.151609
422.746,308,0.615531,0.584323,0.109998,-0.159203
423.612,307.5,0.612465,0.57997,0.109109,-0.16384
424.478,307,0.600701,0.56886,0.102271,-0.163648
425.344,306.5,0.588428,0.558002,0.0935403,-0.16165
426.21,306,0.578262,0.549642,0.0841899,-0.15872
427.076,305.5,0.524813,0.494686,0.0791489,-0.156366
427.942,305,0.527661,0.491757,0.0785009,-0.174466
428.808,304.5,0.532927,0.498976,0.0677428,-0.174485
429.674,304,0.547256,0.516419,0.0575508,-0.171722
430.54,303.5,0.565462,0.537208,0.0487058,-0.169653
431.406,303,0.591173,0.568365,0.0357587,-0.158643
432.272,302.5,0.619023,0.600781,0.0220108,-0.147538
433.138,302,0.647058,0.632136,0.00732982,-0.137964
434.004,301.5,0.670645,0.658253,-0.00649044,-0.128163
434.87,301,0.690481,0.67985,-0.0183157,-0.119299
435.737,300.5,0.706596,0.697031,-0.0292369,-0.112122
436.603,300,0.716628,0.707842,-0.0347578,-0.106337
437.469,299.5,0.723959,0.715581,-0.0366813,-0.103515
438.335,299,0.743389,0.733924,-0.0371185,-0.112271
439.201,298.5,0.763772,0.752917,-0.0360377,-0.123146
440.067,298,0.784351,0.772057,-0.0333793,-0.134239
440.933,297.5,0.808527,0.794752,-0.0346301,-0.144522
441.799,297,0.836206,0.821337,-0.0378934,-0.152344
442.665,296.5,0.865972,0.852227,-0.0310293,-0.150513
443.531,296,0.892894,0.88132,-0.0150308,-0.142509
444.397,295.5,0.92019,0.910388,-0.0001723,-0.133954
445.263,295,0.943069,0.934743,0.0139582,-0.124257
446.129,294.5,0.967491,0.959947,0.0279566,-0.117299
446.995,294,0.993343,0.985999,0.0418228,-0.113081
447.861,293.5,0.977294,0.967382,0.0459966,-0.130999
448.727,293,0.956001,0.942607,0.0449637,-0.152997
449.593,292.5,0.93477,0.916977,0.0395355,-0.177157
450.459,292,0.907815,0.88585,0.0286256,-0.196415
451.325,291.5,0.877877,0.85209,0.0186901,-0.210384
452.191,291,0.86071,0.831129,0.0111394,-0.223432
453.057,290.5,0.869289,0.836889,0.00542053,-0.235055
453.923,290,0.873414,0.840503,0.00309295,-0.237479
454.789,289.5,0.868427,0.836811,0.00440137,-0.232152
455.655,289,0.866375,0.835497,0.00187048,-0.229231
456.521,288.5,0.872988,0.841094,-0.0109504,-0.233557
457.387,288,0.876482,0.843105,-0.0258921,-0.238167
458.253,287.5,0.883397,0.850234,-0.036969,-0.236907
459.119,287,0.908738,0.876728,-0.0364352,-0.236272
459.985,286.5,0.937806,0.908433,-0.0266523,-0.23134
460.851,286,0.968568,0.94288,-0.0108609,-0.221324
461.717,285.5,0.978726,0.956808,-0.0221808,-0.204772
462.583,285,0.988765,0.968955,-0.0383932,-0.193156
463.449,284.5,1.00211,0.983818,-0.0514398,-0.18352
464.315,284,1.01425,0.997308,-0.0394142,-0.180338
465.181,283.5,1.02014,1.00397,-0.0181852,-0.179971
466.047,283,1.01987,1.00339,0.0116447,-0.182218
466.913,282.5,0.985203,0.969592,0.0405567,-0.169915
467.779,282,0.949227,0.934792,0.0628982,-0.152449
468.645,281.5,0.913318,0.90018,0.0796323,-0.132233
469.512,281,0.878573,0.865981,0.0841327,-0.122022
470.378,280.5,0.846088,0.832988,0.0827475,-0.123079
471.244,280,0.820608,0.807255,0.0734327,-0.127849
472.11,279.5,0.792552,0.779399,0.0627728,-0.12937
472.976,279,0.765457,0.752442,0.055704,-0.129041
473.842,278.5,0.814339,0.795633,0.0685651,-0.159424
474.708,278,0.791995,0.77171,0.0669395,-0.165038
475.574,277.5,0.766545,0.744883,0.0642932,-0.169134
476.44,277,0.661145,0.644554,0.0510135,-0.138061
477.306,276.5,0.657813,0.638952,0.0509472,-0.147862
478.172,276,0.677857,0.655833,0.0512454,-0.163544
479.038,275.5,0.697951,0.674229,0.0525372,-0.172603
