x,v,vx,vy,vz
220.096,425,0.629934,0.627565,0.00461222,-0.0543893
220.962,424.5,0.626879,0.624549,0.00492048,-0.0537692
221.828,424,0.623979,0.621671,0.00518747,-0.0533645
222.694,423.5,0.621255,0.61895,0.00541265,-0.0531877
223.56,423,0.618008,0.615709,0.00550368,-0.0529666
224.426,422.5,0.614709,0.6124,0.00553913,-0.0529309
225.292,422,0.613223,0.610938,0.0056981,-0.052575
226.158,421.5,0.611641,0.609375,0.0057739,-0.0522835
227.024,421,0.610101,0.607844,0.00580287,-0.0521057
227.89,420.5,0.608856,0.606595,0.0058307,-0.0520954
228.756,420,0.607751,0.605492,0.00575318,-0.0520374
229.622,419.5,0.607513,0.60529,0.00563332,-0.0516112
230.488,419,0.608436,0.606279,0.00559534,-0.0508828
231.355,418.5,0.609761,0.607699,0.00548099,-0.0497975
232.221,418,0.611532,0.609622,0.00522811,-0.0480073
233.087,417.5,0.61375,0.611999,0.00503755,-0.0460572
233.953,417,0.616457,0.614879,0.00487704,-0.0438035
234.819,416.5,0.617314,0.615976,0.00489599,-0.0403268
235.685,416,0.618176,0.617058,0.00502562,-0.0368185
236.551,415.5,0.619075,0.618157,0.00527225,-0.0332737
237.417,415,0.619858,0.619132,0.00593032,-0.0293942
238.283,414.5,0.620579,0.620012,0.00668042,-0.0256686
239.149,414,0.62037,0.619923,0.00730599,-0.0223816
240.015,413.5,0.61863,0.618259,0.00803441,-0.0198506
240.881,413,0.616809,0.616493,0.00885475,-0.0176478
241.747,412.5,0.614999,0.614721,0.00973412,-0.0157377
242.613,412,0.612943,0.612669,0.0109954,-0.0146751
243.479,411.5,0.611107,0.610819,0.0123688,-0.0141173
244.345,411,0.609603,0.60933,0.0134197,-0.0123651
245.211,410.5,0.608244,0.607978,0.0143175,-0.010868
246.077,410,0.607241,0.60698,0.0150034,-0.009572
246.943,409.5,0.606655,0.606404,0.0154621,-0.00809032
247.809,409,0.606638,0.6064,0.0155398,-0.00688539
248.675,408.5,0.605542,0.605294,0.0156844,-0.00738272
249.541,408,0.602769,0.602493,0.0160647,-0.00864244
250.407,407.5,0.599573,0.599269,0.016164,-0.0101766
251.273,407,0.596276,0.595939,0.0156276,-0.0125748
252.139,406.5,0.59268,0.592302,0.0149131,-0.0149904
253.005,406,0.588482,0.588061,0.0138949,-0.0173777
253.871,405.5,0.581695,0.581244,0.0116542,-0.0197176
254.737,405,0.574835,0.574322,0.00938057,-0.0224059
255.603,404.5,0.56791,0.567296,0.00707413,-0.0254426
256.469,404,0.56152,0.560728,0.00503099,-0.0293833
257.335,403.5,0.555317,0.554287,0.00306095,-0.0336802
258.201,403,0.547821,0.546486,0.00203775,-0.0381717
259.067,402.5,0.539403,0.537753,0.00189566,-0.0421158
259.933,402,0.530599,0.528608,0.00153575,-0.0458944
260.799,401.5,0.521348,0.518986,0.000758513,-0.0495656
261.665,401,0.512658,0.509904,-1.99166e-05,-0.0530704
262.531,400.5,0.506974,0.503814,-0.0012158,-0.0565059
263.397,400,0.511057,0.507564,-0.00321799,-0.0595634
264.263,399.5,0.515136,0.511543,-0.00480996,-0.060545
265.13,399,0.51983,0.516441,-0.00603097,-0.0589613
265.996,398.5,0.525063,0.521979,-0.00748608,-0.0563226
266.862,398,0.53187,0.529243,-0.00919931,-0.0519932
267.728,397.5,0.54225,0.54031,-0.0109823,-0.0444916
268.594,397,0.552316,0.551025,-0.0121641,-0.0357294
269.46,396.5,0.561728,0.560978,-0.0126725,-0.0260888
270.326,396,0.570095,0.569715,-0.0123819,-0.016739
271.192,395.5,0.576722,0.576571,-0.0112233,-0.00694689
272.058,395,0.581244,0.581158,-0.00971165,0.00244568
272.924,394.5,0.577328,0.577197,-0.0103932,0.0065752
273.79,394,0.562195,0.562036,-0.00954715,0.00934559
274.656,393.5,0.535835,0.535679,-0.00714958,0.0107878
275.522,393,0.50755,0.507466,-0.0027913,0.00881085
276.388,392.5,0.476347,0.47631,0.00249766,0.00540958
277.254,392,0.463698,0.463612,0.00838215,0.00304981
278.12,391.5,0.463007,0.462814,0.0122181,0.00546901
278.986,391,0.461645,0.461279,0.0156226,0.0096654
279.852,390.5,0.456807,0.456067,0.0191821,0.0175487
280.718,390,0.449887,0.448786,0.0219379,0.0225411
281.584,389.5,0.442842,0.441928,0.0232013,0.0164475
282.45,389,0.439381,0.438818,0.0222229,0.00119556
283.316,388.5,0.437419,0.436842,0.0213059,-0.0070672
284.182,388,0.476973,0.476302,0.0197479,-0.0157974
285.048,387.5,0.472017,0.47139,0.0213096,-0.0117153
285.914,387,0.464005,0.463388,0.02323,-0.00573044
286.78,386.5,0.453018,0.452295,0.0255092,0.00215705
287.646,386,0.445109,0.444384,0.0246228,0.00623595
288.512,385.5,0.439289,0.438725,0.0210992,0.00705866
289.378,385,0.436625,0.436364,0.0150947,-0.000541222
290.244,384.5,0.43468,0.43452,0.0101563,-0.00599405
291.11,384,0.43334,0.433195,0.00628383,-0.00929984
291.976,383.5,0.432527,0.432387,0.00347737,-0.0104586
292.842,383,0.437009,0.436852,0.00148243,-0.0116273
293.708,382.5,0.450534,0.450247,-0.000436362,-0.0160845
294.574,382,0.460856,0.460452,-0.00191775,-0.0191944
295.44,381.5,0.467946,0.467467,-0.00296174,-0.020957
296.306,381,0.47179,0.471292,-0.00356833,-0.0213723
297.172,380.5,0.472384,0.471927,-0.00373751,-0.0204403
298.038,380,0.472734,0.472396,-0.00409437,-0.0174031
298.905,379.5,0.494798,0.494725,-0.0085103,0.00030553
299.771,379,0.517559,0.517112,-0.013507,0.0167351
300.637,378.5,0.540762,0.53949,-0.0190784,0.0317813
301.503,378,0.564258,0.561859,-0.0252245,0.0454439
302.369,377.5,0.587932,0.584219,-0.0319453,0.0577231
303.235,377,0.611699,0.60657,-0.0392409,0.0686188
304.101,376.5,0.630996,0.624106,-0.0471921,0.0801333
304.967,376,0.64981,0.640459,-0.0553063,0.0949019
305.833,375.5,0.670741,0.658157,-0.063457,0.112675
306.699,375,0.693934,0.677202,-0.0716444,0.133452
307.565,374.5,0.716217,0.69503,-0.0780337,0.154308
308.431,374,0.727588,0.704505,-0.0779898,0.16424
309.297,373.5,0.738226,0.715364,-0.0773826,0.165058
310.163,373,0.750202,0.72998,-0.0762654,0.155291
311.029,372.5,0.765768,0.747465,-0.0762349,0.147937
311.895,372,0.784836,0.767819,-0.0772913,0.142996
312.761,371.5,0.807333,0.791041,-0.0794343,0.140468
313.627,371,0.833209,0.817132,-0.0826642,0.140353
314.493,370.5,0.860991,0.844596,-0.0864833,0.143123
315.359,370,0.858782,0.840438,-0.0805042,0.157132
316.225,369.5,0.853286,0.8325,-0.07453,0.171718
317.091,369,0.838711,0.815014,-0.0670418,0.186262
317.957,368.5,0.811251,0.784503,-0.056269,0.19879
318.823,368,0.788763,0.758789,-0.0464257,0.210313
319.689,367.5,0.771121,0.737872,-0.0375119,0.22083
320.555,367,0.778194,0.74509,-0.0271023,0.222919
321.421,366.5,0.791719,0.75887,-0.0188036,0.224903
322.287,366,0.75645,0.730382,0.00868838,0.196683
323.153,365.5,0.81305,0.777207,-0.0121791,0.238435
324.019,365,0.820876,0.781764,-0.0138533,0.249982
324.885,364.5,0.826986,0.783247,-0.0188517,0.264717
325.751,364,0.828716,0.778955,-0.0163951,0.282366
326.617,363.5,0.824598,0.769113,0.00508687,0.297324
327.483,363,0.809022,0.75075,0.0258861,0.300367
328.349,362.5,0.789407,0.729504,0.0408263,0.298865
329.215,362,0.765366,0.705374,0.0499074,0.292817
330.081,361.5,0.736644,0.67836,0.0531296,0.282225
330.947,361,0.701583,0.648699,0.0482802,0.262826
331.813,360.5,0.655293,0.621963,0.021982,0.205155
332.679,360,0.617584,0.599074,-0.00299529,0.150038
333.546,359.5,0.588771,0.580034,-0.0266517,0.0974768
334.412,359,0.568945,0.564841,-0.0489872,0.0474704
335.278,358.5,0.557905,0.553496,-0.0700018,1.90076e-05
336.144,358,0.553555,0.545869,-0.083932,-0.0374963
337.01,357.5,0.549254,0.541159,-0.0782431,-0.0520021
337.876,357,0.548109,0.539587,-0.0699826,-0.0661156
338.742,356.5,0.550558,0.540669,-0.0621436,-0.0832467
339.608,356,0.556832,0.544404,-0.0547259,-0.103396
340.474,355.5,0.567159,0.550793,-0.0477297,-0.126562
341.34,355,0.581757,0.559836,-0.0411549,-0.152746
342.206,354.5,0.594562,0.566762,-0.0375048,-0.17572
343.072,354,0.603108,0.57105,-0.0381925,-0.190218
343.938,353.5,0.613543,0.578044,-0.0408202,-0.201579
344.804,353,0.593726,0.568845,-0.0468668,-0.163491
345.67,352.5,0.611692,0.585545,-0.0565793,-0.167638
346.536,352,0.627935,0.598957,-0.0561549,-0.18
347.402,351.5,0.652448,0.61973,-0.0506483,-0.197631
348.268,351,0.677425,0.64159,-0.0410077,-0.213508
349.134,350.5,0.692415,0.65565,-0.0292824,-0.220691
350,350,0.71298,0.674318,-0.0147384,-0.231122
350.866,349.5,0.744722,0.700791,-0.000114893,-0.251996
351.732,349,0.772766,0.723629,0.00861542,-0.271023
352.598,348.5,0.776581,0.728257,0.00355634,-0.269644
353.464,348,0.770201,0.726172,-0.00881629,-0.256525
354.33,347.5,0.772096,0.729619,-0.0227276,-0.251539
355.196,347,0.779077,0.733077,-0.0356988,-0.261312
356.062,346.5,0.792342,0.739473,-0.0467459,-0.280716
356.928,346,0.810234,0.747947,-0.0535972,-0.30689
357.794,345.5,0.812103,0.747131,-0.0413126,-0.315592
358.66,345,0.818762,0.748375,-0.0301397,-0.330752
359.526,344.5,0.831191,0.752525,-0.0199032,-0.352405
360.392,344,0.828431,0.744725,-0.0260714,-0.361944
361.258,343.5,0.813424,0.72722,-0.0354191,-0.362706
362.124,343,0.79248,0.705083,-0.0444469,-0.359035
362.99,342.5,0.791437,0.695216,-0.0332595,-0.37675
363.856,342,0.792145,0.684578,-0.0231112,-0.397884
364.722,341.5,0.791027,0.671353,-0.0185824,-0.417928
365.588,341,0.78615,0.658029,-0.0156701,-0.429866
366.454,340.5,0.769968,0.638236,-0.0156674,-0.430419
367.321,340,0.77791,0.643086,-0.0244178,-0.437022
368.187,339.5,0.80688,0.663116,-0.0335245,-0.458485
369.053,339,0.841083,0.688092,-0.0428707,-0.48178
369.919,338.5,0.863765,0.708789,-0.0583395,-0.490209
370.785,338,0.87848,0.727339,-0.0776791,-0.486488
371.651,337.5,0.901966,0.75067,-0.0838274,-0.492962
372.517,337,0.931589,0.777591,-0.0809895,-0.506607
373.383,336.5,0.959915,0.806717,-0.0826166,-0.513634
374.249,336,1.00003,0.850265,-0.0946723,-0.517836
375.115,335.5,1.04165,0.89441,-0.103413,-0.523801
375.981,335,1.0845,0.93906,-0.108863,-0.531457
376.847,334.5,1.08624,0.944856,-0.118899,-0.522516
377.713,334,1.08909,0.950379,-0.126303,-0.516666
378.579,333.5,1.09461,0.957382,-0.130846,-0.514268
379.445,333,1.08441,0.951902,-0.116936,-0.506107
380.311,332.5,1.06464,0.938185,-0.0915192,-0.494858
381.177,332,1.03976,0.91699,-0.0537868,-0.487172
382.043,331.5,1.01905,0.897475,-0.00747628,-0.482635
382.909,331,0.991365,0.870913,0.034221,-0.472381
383.775,330.5,0.952787,0.832917,0.0700302,-0.457326
384.641,330,0.911285,0.789163,0.0901071,-0.446702
385.507,329.5,0.87339,0.748883,0.0973564,-0.438755
386.373,329,0.841813,0.721737,0.103056,-0.42086
387.239,328.5,0.808345,0.696516,0.103217,-0.397031
388.105,328,0.781194,0.676737,0.0953415,-0.378419
388.971,327.5,0.749898,0.653345,0.0861393,-0.357864
389.837,327,0.722292,0.633545,0.0696227,-0.339823
390.703,326.5,0.728274,0.642651,0.0355457,-0.340762
391.569,326,0.734314,0.64963,0.00959907,-0.342206
392.435,325.5,0.735652,0.651089,-0.0101615,-0.342292
393.301,325,0.746321,0.654359,-0.0292909,-0.357702
394.167,324.5,0.760975,0.658923,-0.045969,-0.377875
395.033,324,0.779123,0.664509,-0.0607158,-0.402213
395.899,323.5,0.803523,0.685705,-0.0823075,-0.410711
396.765,323,0.833231,0.710697,-0.101413,-0.422965
397.631,322.5,0.866701,0.737399,-0.118203,-0.43982
398.497,322,0.882825,0.757414,-0.113487,-0.439119
399.363,321.5,0.896288,0.777953,-0.103983,-0.432793
400.229,321,0.913738,0.801541,-0.0973556,-0.42775
401.095,320.5,0.926026,0.820783,-0.078818,-0.421458
401.962,320,0.936737,0.837949,-0.0517628,-0.415498
402.828,319.5,0.951088,0.856283,-0.0247355,-0.413202
403.694,319,0.948762,0.860242,-0.0013629,-0.400166
404.56,318.5,0.920235,0.84377,0.0175108,-0.36685
405.426,318,0.897776,0.834017,0.0243823,-0.331396
406.292,317.5,0.889104,0.834696,0.0191884,-0.305649
407.158,317,0.8903,0.84222,-0.00529185,-0.288568
408.024,316.5,0.888139,0.846906,-0.0294834,-0.265842
408.89,316,0.885349,0.851005,-0.0520418,-0.238591
409.756,315.5,0.922175,0.890618,-0.050045,-0.233884
410.622,315,0.960816,0.928992,-0.0352689,-0.242691
411.488,314.5,0.985933,0.951988,-0.0135959,-0.25612
412.354,314,0.983601,0.939751,0.0114914,-0.290183
413.22,313.5,0.974728,0.921099,0.0423114,-0.316039
414.086,313,0.968059,0.906552,0.0731325,-0.331592
414.952,312.5,1.00383,0.94852,0.0692415,-0.321235
415.818,312,1.03458,0.986096,0.0664543,-0.30587
416.684,311.5,1.05816,1.01555,0.0673746,-0.289507
417.55,311,1.07323,1.0322,0.0793585,-0.282999
418.416,310.5,1.071,1.03095,0.0981827,-0.273025
419.282,310,1.05273,1.0131,0.121957,-0.258841
420.148,309.5,1.04439,0.998482,0.148127,-0.268022
421.014,309,1.04643,0.988089,0.174313,-0.297167
421.88,308.5,1.05125,0.98015,0.196396,-0.325372
422.746,308,1.06597,0.981732,0.213912,-0.356009
423.612,307.5,1.06912,0.975289,0.23187,-0.371579
424.478,307,1.03555,0.943006,0.244482,-0.351198
425.344,306.5,1.01551,0.927851,0.253172,-0.325956
426.21,306,1.0222,0.94211,0.261723,-0.298022
427.076,305.5,1.03448,0.963477,0.268135,-0.264515
427.942,305,1.05314,0.992052,0.272289,-0.225364
428.808,304.5,1.10666,1.06183,0.252341,-0.183129
429.674,304,1.16179,1.13018,0.23291,-0.134933
430.54,303.5,1.20934,1.18673,0.219127,-0.0785065
431.406,303,1.23402,1.21744,0.19969,-0.0277723
432.272,302.5,1.24613,1.23268,0.181167,0.02282
433.138,302,1.26136,1.24944,0.163165,0.0574176
434.004,301.5,1.31051,1.30202,0.143961,0.0381456
434.87,301,1.36556,1.35914,0.130482,0.0221621
435.737,300.5,1.42517,1.41974,0.123115,0.0172007
436.603,300,1.46902,1.46438,0.116563,-0.00102565
437.469,299.5,1.48945,1.4851,0.106438,-0.0401133
438.335,299,1.45774,1.45057,0.105238,-0.0988248
439.201,298.5,1.4302,1.41804,0.0978379,-0.158292
440.067,298,1.50749,1.48431,0.062553,-0.255821
440.933,297.5,1.55153,1.51546,0.0189855,-0.332069
441.799,297,1.5598,1.51903,-0.00857365,-0.354192
442.665,296.5,1.57261,1.53364,-0.0202685,-0.347356
443.531,296,1.59919,1.5661,-0.0169567,-0.323217
444.397,295.5,1.52066,1.48946,0.00389311,-0.306389
445.263,295,1.44936,1.41659,0.0108177,-0.306276
446.129,294.5,1.35218,1.32162,-0.00482639,-0.28582
446.995,294,1.25808,1.22859,-0.0303045,-0.269125
447.861,293.5,1.19261,1.16188,-0.0580177,-0.262675
448.727,293,1.14702,1.10851,-0.0933813,-0.279519
449.593,292.5,1.14326,1.09483,-0.127934,-0.303349
450.459,292,1.16501,1.10236,-0.177354,-0.33256
451.325,291.5,1.22556,1.13397,-0.183971,-0.426933
452.191,291,1.30902,1.17936,-0.182048,-0.538057
453.057,290.5,1.42218,1.23375,-0.179248,-0.68434
453.923,290,1.29809,1.05285,-0.113447,-0.750774
454.789,289.5,1.3931,1.09139,-0.0974296,-0.860291
455.655,289,1.46005,1.11615,-0.0689119,-0.938727
456.521,288.5,1.49045,1.12,-0.0251296,-0.983068
457.387,288,1.81768,1.33839,-0.0275476,-1.22959
458.253,287.5,1.92866,1.40228,-0.0287892,-1.32384
459.119,287,2.00238,1.44363,-0.0496934,-1.38672
459.985,286.5,2.05316,1.46798,-0.0724414,-1.43362
460.851,286,2.05967,1.4777,-0.0935525,-1.43174
461.717,285.5,2.06415,1.50342,-0.112726,-1.40986
462.583,285,2.06447,1.5553,-0.133047,-1.35107
463.449,284.5,2.07822,1.62723,-0.142892,-1.2848
464.315,284,2.09589,1.69488,-0.139635,-1.225
465.181,283.5,2.0941,1.72244,-0.100448,-1.18674
466.047,283,2.05167,1.69296,-0.0344349,-1.15847
466.913,282.5,1.98412,1.63051,0.0376515,-1.12994
467.779,282,1.8859,1.55342,0.127876,-1.06166
468.645,281.5,1.76456,1.46306,0.24483,-0.955611
469.512,281,1.60647,1.3269,0.363289,-0.829529
470.378,280.5,1.3251,1.02038,0.35369,-0.767876
471.244,280,1.06517,0.739489,0.288885,-0.710135
472.11,279.5,0.874892,0.600922,0.20894,-0.600561
472.976,279,0.745582,0.580924,0.163482,-0.437828
473.842,278.5,0.637726,0.565121,0.12061,-0.26979
474.708,278,0.598727,0.569922,0.0778113,-0.166159
475.574,277.5,0.581306,0.573251,0.0449161,-0.0853353
476.44,277,0.589037,0.588424,0.0144947,-0.022637
477.306,276.5,0.609372,0.608209,-0.0120701,0.0356408
478.172,276,0.650114,0.64219,-0.0257865,0.0978533
479.038,275.5,0.69565,0.676218,-0.0376511,0.158871
