x,v,vx,vy,vz
220.096,425,0.578401,0.577662,0.0083234,-0.0280131
220.962,424.5,0.575037,0.574308,0.00822521,-0.0277404
221.828,424,0.571928,0.571204,0.00806472,-0.0276181
222.694,423.5,0.569085,0.568358,0.00784403,-0.0276576
223.56,423,0.566051,0.565333,0.00748331,-0.0275102
224.426,422.5,0.563069,0.562359,0.00705761,-0.027375
225.292,422,0.5633,0.562663,0.00662411,-0.0259556
226.158,421.5,0.564173,0.563622,0.0060829,-0.0241787
227.024,421,0.565551,0.565084,0.00546364,-0.0223442
227.89,420.5,0.567553,0.567159,0.0047996,-0.0205974
228.756,420,0.570047,0.569721,0.00417651,-0.0188389
229.622,419.5,0.571985,0.571722,0.00386104,-0.0169167
230.488,419,0.573098,0.572889,0.00389184,-0.0149793
231.355,418.5,0.574279,0.574111,0.00411727,-0.0132575
232.221,418,0.575338,0.575198,0.00464226,-0.0118208
233.087,417.5,0.576509,0.576387,0.00525056,-0.0106595
233.953,417,0.577652,0.577538,0.00600656,-0.00976848
234.819,416.5,0.576838,0.57673,0.00710621,-0.00857427
235.685,416,0.576183,0.576075,0.00817567,-0.00759954
236.551,415.5,0.575685,0.57557,0.00921889,-0.00685618
237.417,415,0.574559,0.57443,0.0103287,-0.0065129
238.283,414.5,0.573552,0.573403,0.0113264,-0.00652146
239.149,414,0.572706,0.572527,0.0124862,-0.00704509
240.015,413.5,0.571512,0.571295,0.0134186,-0.00824904
240.881,413,0.570948,0.570688,0.0143154,-0.00958662
241.747,412.5,0.571151,0.570841,0.0152448,-0.0110082
242.613,412,0.571529,0.571171,0.0158816,-0.012517
243.479,411.5,0.572486,0.572081,0.0163184,-0.0140448
244.345,411,0.573201,0.57285,0.015168,-0.0131215
245.211,410.5,0.574102,0.573801,0.0137243,-0.0125363
246.077,410,0.575472,0.575211,0.012127,-0.0124023
246.943,409.5,0.577763,0.577528,0.0105511,-0.012666
247.809,409,0.580833,0.580608,0.00901883,-0.0133947
248.675,408.5,0.577997,0.577764,0.00816688,-0.0142469
249.541,408,0.570291,0.570052,0.00748712,-0.0146956
250.407,407.5,0.562335,0.562096,0.00665301,-0.0149837
251.273,407,0.554233,0.553986,0.00609912,-0.0153528
252.139,406.5,0.546252,0.546003,0.0051889,-0.0156592
253.005,406,0.538171,0.537915,0.00415605,-0.0160674
253.871,405.5,0.528084,0.527761,0.00524085,-0.0177041
254.737,405,0.517635,0.517224,0.00641639,-0.0195874
255.603,404.5,0.506828,0.506304,0.00768268,-0.0217175
256.469,404,0.495851,0.495236,0.00796004,-0.0233823
257.335,403.5,0.484834,0.484113,0.00774375,-0.025282
258.201,403,0.474599,0.473912,0.00557778,-0.0249247
259.067,402.5,0.467664,0.46718,0.00333634,-0.0210127
259.933,402,0.463164,0.46287,0.00141719,-0.0164222
260.799,401.5,0.460563,0.460412,-0.000497682,-0.011771
261.665,401,0.460088,0.460028,-0.00198108,-0.00712095
262.531,400.5,0.462071,0.462057,-0.00284287,-0.0021463
263.397,400,0.467373,0.46736,-0.00124804,0.00323302
264.263,399.5,0.473761,0.473646,-0.000101844,0.010411
265.13,399,0.479979,0.479547,0.000974086,0.0203359
265.996,398.5,0.486315,0.485298,0.00147293,0.0313882
266.862,398,0.492885,0.490988,0.00140586,0.0431844
267.728,397.5,0.498546,0.495446,0.00174656,0.0554806
268.594,397,0.501318,0.496474,0.00224049,0.0694898
269.46,396.5,0.501677,0.494462,0.00311313,0.0847216
270.326,396,0.499652,0.489678,0.0058662,0.0991613
271.192,395.5,0.493454,0.4799,0.00893422,0.114513
272.058,395,0.48229,0.465119,0.012052,0.126975
272.924,394.5,0.466942,0.451954,0.0125672,0.116681
273.79,394,0.456257,0.442557,0.00921119,0.110584
274.656,393.5,0.486467,0.465273,-0.0132494,0.141407
275.522,393,0.494904,0.468102,-0.0247841,0.158731
276.388,392.5,0.507183,0.474172,-0.0344124,0.176667
277.254,392,0.5219,0.485857,-0.0288657,0.188384
278.12,391.5,0.538768,0.50031,-0.0202365,0.198877
278.986,391,0.556167,0.527353,0.000633448,0.176691
279.852,390.5,0.619546,0.576003,0.00603069,0.228083
280.718,390,0.643627,0.58744,0.008167,0.262873
281.584,389.5,0.607658,0.551233,0.0109989,0.255479
282.45,389,0.548911,0.503838,0.010506,0.217578
283.316,388.5,0.501057,0.470197,-0.000621708,0.173125
284.182,388,0.478155,0.4567,-0.0417832,0.135318
285.048,387.5,0.466585,0.44689,-0.0633531,0.118225
285.914,387,0.460494,0.44033,-0.086485,0.103366
286.78,386.5,0.459981,0.437021,-0.111179,0.0907426
287.646,386,0.486892,0.462819,-0.119819,0.0922276
288.512,385.5,0.535035,0.513058,-0.113289,0.100992
289.378,385,0.578784,0.56076,-0.0932287,0.108845
290.244,384.5,0.615455,0.599986,-0.0787102,0.11228
291.11,384,0.644266,0.630737,-0.0697335,0.111295
291.976,383.5,0.664857,0.653013,-0.0662987,0.105892
292.842,383,0.675257,0.663654,-0.0666321,0.10533
293.708,382.5,0.685839,0.671007,-0.0623451,0.127427
294.574,382,0.708003,0.68886,-0.0542177,0.154272
295.44,381.5,0.742109,0.717213,-0.0422501,0.185866
296.306,381,0.788487,0.756067,-0.0264422,0.222207
297.172,380.5,0.847392,0.805421,-0.00679394,0.263296
298.038,380,0.912382,0.859584,0.0150542,0.305496
298.905,379.5,0.861213,0.819084,0.00768327,0.265952
299.771,379,0.816972,0.784019,0.00218429,0.229677
300.637,378.5,0.78044,0.755085,-0.00122006,0.197311
301.503,378,0.713311,0.69447,-0.0138868,0.162267
302.369,377.5,0.694083,0.678763,-0.0112103,0.14459
303.235,377,0.715832,0.705067,0.00113472,0.123669
304.101,376.5,0.699517,0.691823,0.00229951,0.103438
304.967,376,0.678852,0.673859,0.00176339,0.0821683
305.833,375.5,0.656969,0.654139,0.000975389,0.0609099
306.699,375,0.596573,0.595904,-0.00740958,0.0272622
307.565,374.5,0.607683,0.607276,-0.00965946,0.02003
308.431,374,0.612336,0.612216,-0.00721778,0.009783
309.297,373.5,0.619421,0.619403,-0.00451058,0.00122634
310.163,373,0.633979,0.633921,0.00107806,-0.00849797
311.029,372.5,0.655167,0.654669,-0.000384184,-0.02554
311.895,372,0.679065,0.677359,-0.00386549,-0.0479564
312.761,371.5,0.705884,0.701823,-0.006393,-0.0753363
313.627,371,0.732338,0.722859,0.00285814,-0.117412
314.493,370.5,0.761422,0.741538,0.0264072,-0.170847
315.359,370,0.786659,0.757687,0.0550108,-0.204247
316.225,369.5,0.805343,0.771887,0.0620319,-0.221177
317.091,369,0.820651,0.788094,0.0478523,-0.223798
317.957,368.5,0.8403,0.805666,0.0375184,-0.235794
318.823,368,0.860033,0.818615,0.0365817,-0.261127
319.689,367.5,0.865776,0.813688,0.0397111,-0.293091
320.555,367,0.866537,0.806154,0.0349009,-0.315888
321.421,366.5,0.871705,0.803931,0.0314561,-0.335522
322.287,366,0.882219,0.812387,0.0369332,-0.342015
323.153,365.5,0.895527,0.821407,0.0475988,-0.353544
324.019,365,0.911472,0.830681,0.0634086,-0.369768
324.885,364.5,0.912992,0.83198,0.0650885,-0.370307
325.751,364,0.919378,0.837651,0.0634699,-0.37359
326.617,363.5,0.930721,0.847726,0.0586224,-0.379692
327.483,363,0.937523,0.859482,0.0470154,-0.371523
328.349,362.5,0.941647,0.868175,0.0343581,-0.36303
329.215,362,0.944211,0.875175,0.0193017,-0.35388
330.081,361.5,0.955358,0.891958,0.00949691,-0.342096
330.947,361,0.971815,0.914471,0.00542165,-0.328843
331.813,360.5,0.992174,0.940505,0.00589834,-0.315951
332.679,360,1.01324,0.965571,0.0126949,-0.306876
333.546,359.5,1.02897,0.98377,0.0210809,-0.300888
334.412,359,1.03629,0.992588,0.01655,-0.297295
335.278,358.5,1.04687,1.00482,0.0119947,-0.293462
336.144,358,1.06029,1.02463,0.0216598,-0.271834
337.01,357.5,1.07115,1.04366,0.0469994,-0.236497
337.876,357,1.08228,1.06056,0.0828882,-0.199177
338.742,356.5,1.08918,1.06191,0.092356,-0.223917
339.608,356,1.08708,1.05309,0.0957783,-0.252158
340.474,355.5,1.07784,1.03814,0.0980328,-0.272742
341.34,355,1.06734,1.01728,0.0978137,-0.307873
342.206,354.5,1.05518,0.991966,0.0986508,-0.345939
343.072,354,1.04328,0.96563,0.099342,-0.382247
343.938,353.5,1.04478,0.958552,0.105699,-0.401958
344.804,353,1.05554,0.959623,0.114519,-0.424461
345.67,352.5,1.07498,0.968385,0.1247,-0.44973
346.536,352,1.08441,0.964232,0.157151,-0.470642
347.402,351.5,1.09775,0.958145,0.212228,-0.491907
348.268,351,1.10966,0.95433,0.274912,-0.494989
349.134,350.5,1.07331,0.921352,0.262301,-0.484053
350,350,0.990862,0.843572,0.19497,-0.481853
350.866,349.5,0.926864,0.769761,0.178168,-0.484562
351.732,349,0.847531,0.666963,0.167156,-0.495508
352.598,348.5,0.836334,0.609509,0.115453,-0.560914
353.464,348,0.869124,0.584377,0.0358374,-0.642336
354.33,347.5,0.895356,0.577118,-0.0274741,-0.683989
355.196,347,0.915909,0.55467,-0.0682898,-0.725648
356.062,346.5,0.915176,0.516562,-0.084839,-0.750675
356.928,346,0.909358,0.486497,-0.0555754,-0.766266
357.794,345.5,0.914452,0.467949,-0.00954455,-0.785592
358.66,345,0.926063,0.466004,0.0284046,-0.799767
359.526,344.5,0.947745,0.475451,0.0259366,-0.819448
360.392,344,0.97682,0.489103,0.0263605,-0.845139
361.258,343.5,1.00177,0.484628,0.0341857,-0.876076
362.124,343,1.01551,0.471898,0.0547205,-0.897542
362.99,342.5,1.0291,0.460853,0.0770504,-0.916909
363.856,342,0.971309,0.437408,0.0601145,-0.86516
364.722,341.5,0.927007,0.40787,0.0435494,-0.831317
365.588,341,0.902599,0.356221,0.0297452,-0.828799
366.454,340.5,0.886318,0.279751,0.0586327,-0.838964
367.321,340,0.866634,0.208996,0.106635,-0.834269
368.187,339.5,0.851045,0.158355,0.150942,-0.822446
369.053,339,0.828568,0.118077,0.180252,-0.800058
369.919,338.5,0.814126,0.079986,0.213817,-0.781464
370.785,338,0.840542,0.0622919,0.245872,-0.80136
371.651,337.5,0.874313,0.0618987,0.276751,-0.827044
372.517,337,0.916976,0.0866865,0.310078,-0.858593
373.383,336.5,0.948499,0.132586,0.314317,-0.885029
374.249,336,0.980598,0.218679,0.316825,-0.901872
375.115,335.5,1.02634,0.348826,0.304706,-0.915881
375.981,335,1.1084,0.514919,0.25597,-0.947571
376.847,334.5,1.24395,0.728029,0.19846,-0.988939
377.713,334,1.4481,0.985415,0.120058,-1.05429
378.579,333.5,1.6883,1.24996,0.0259477,-1.13458
379.445,333,1.97864,1.55234,-0.0943205,-1.22326
380.311,332.5,2.30627,1.85162,-0.224962,-1.35638
381.177,332,2.62552,2.13893,-0.33168,-1.48604
382.043,331.5,2.95907,2.44298,-0.425546,-1.61458
382.909,331,3.2556,2.70367,-0.464699,-1.75304
383.775,330.5,3.51951,2.92861,-0.46973,-1.89461
384.641,330,3.80081,3.15916,-0.470059,-2.06032
385.507,329.5,4.04754,3.35297,-0.448636,-2.22236
386.373,329,4.27142,3.52099,-0.420547,-2.38134
387.239,328.5,4.52412,3.71629,-0.405547,-2.54801
388.105,328,4.74587,3.88621,-0.385236,-2.69671
388.971,327.5,4.96842,4.0515,-0.362257,-2.85295
389.837,327,5.19786,4.23382,-0.36738,-2.99292
390.703,326.5,5.40893,4.3961,-0.368207,-3.12973
391.569,326,5.64989,4.57574,-0.377469,-3.29263
392.435,325.5,5.83527,4.72217,-0.410526,-3.40338
393.301,325,6.04652,4.88403,-0.441277,-3.53721
394.167,324.5,6.26407,5.04999,-0.487702,-3.67402
395.033,324,6.39918,5.16453,-0.541888,-3.73945
395.899,323.5,6.64279,5.36654,-0.591075,-3.87008
396.765,323,6.77283,5.48972,-0.660414,-3.91128
397.631,322.5,6.88552,5.61417,-0.709071,-3.92284
398.497,322,7.20588,5.90035,-0.763652,-4.0654
399.363,321.5,7.19079,5.93344,-0.792755,-3.98414
400.229,321,7.33545,6.08859,-0.802484,-4.01172
401.095,320.5,7.58132,6.31313,-0.831037,-4.11462
401.962,320,7.48547,6.27049,-0.746224,-4.01948
402.828,319.5,7.60287,6.37203,-0.679515,-4.09135
403.694,319,7.52968,6.32318,-0.51444,-4.05572
404.56,318.5,7.18363,6.06311,-0.237366,-3.84536
405.426,318,6.98587,5.90885,0.0201448,-3.7266
406.292,317.5,6.24452,5.34212,0.325225,-3.21714
407.158,317,5.47065,4.69842,0.472988,-2.76208
408.024,316.5,4.69841,4.05104,0.430374,-2.34071
408.89,316,3.47142,3.01719,0.228029,-1.70156
409.756,315.5,2.48212,2.1742,0.0673009,-1.1955
410.622,315,1.75606,1.55581,0.119433,-0.80557
411.488,314.5,1.18724,1.02726,0.384418,-0.454408
412.354,314,0.873892,0.585636,0.635795,-0.128381
413.22,313.5,0.719602,0.305927,0.645566,0.0864854
414.086,313,0.75607,0.167994,0.621745,0.396046
414.952,312.5,0.895378,0.00694025,0.454506,0.771413
415.818,312,1.08533,0.20078,0.226605,1.04225
416.684,311.5,1.36233,0.361211,-0.04917,1.31265
417.55,311,1.58966,0.597607,-0.24132,1.45315
418.416,310.5,1.56803,0.854994,-0.34531,1.26825
419.282,310,1.49097,0.994777,-0.338107,1.05787
420.148,309.5,1.42157,1.00048,-0.357095,0.944666
421.014,309,1.29417,0.996753,-0.26188,0.782797
421.88,308.5,1.19646,0.977685,-0.175009,0.667103
422.746,308,1.13087,0.949052,-0.129321,0.601195
423.612,307.5,1.08433,0.92451,-0.113519,0.555121
424.478,307,1.01792,0.870334,-0.0880878,0.520498
425.344,306.5,0.966913,0.824486,-0.0675852,0.500576
426.21,306,0.94302,0.793962,-0.0580502,0.505511
427.076,305.5,0.932785,0.774275,-0.0490354,0.517861
427.942,305,0.935998,0.765346,-0.0405007,0.537306
428.808,304.5,0.92732,0.750698,-0.032842,0.543412
429.674,304,0.917137,0.735999,-0.0275442,0.546523
430.54,303.5,0.905469,0.722934,-0.0239035,0.544673
431.406,303,0.874954,0.709775,-0.0240193,0.511064
432.272,302.5,0.838756,0.69886,-0.0302758,0.462806
433.138,302,0.805399,0.688989,-0.0405711,0.415109
434.004,301.5,0.805477,0.690644,-0.0379555,0.41275
434.87,301,0.818882,0.704769,-0.0253518,0.416205
435.737,300.5,0.838232,0.727341,-0.00605189,0.416619
436.603,300,0.859215,0.75009,0.00639961,0.419016
437.469,299.5,0.8764,0.767097,0.00845986,0.423754
438.335,299,0.876751,0.768482,0.00119066,0.42205
439.201,298.5,0.873614,0.765998,-0.00334044,0.420044
440.067,298,0.869518,0.763366,-0.00409661,0.416314
440.933,297.5,0.866856,0.761812,-0.000125773,0.413621
441.799,297,0.862694,0.758777,0.00779449,0.410412
442.665,296.5,0.844518,0.746587,0.0052307,0.394705
443.531,296,0.819969,0.732284,-0.0148536,0.36863
444.397,295.5,0.796391,0.717418,-0.035469,0.343937
445.263,295,0.782102,0.708891,-0.0530661,0.326098
446.129,294.5,0.770012,0.701555,-0.0699873,0.309581
446.995,294,0.760061,0.695409,-0.0862324,0.294387
447.861,293.5,0.755248,0.69159,-0.0828749,0.291949
448.727,293,0.75527,0.691223,-0.0778939,0.294239
449.593,292.5,0.759604,0.694022,-0.0737788,0.299815
450.459,292,0.789547,0.724634,-0.0601505,0.307687
451.325,291.5,0.828406,0.767706,-0.0442282,0.308104
452.191,291,0.867376,0.813121,-0.0283495,0.30062
453.057,290.5,0.857809,0.808849,-0.017674,0.285111
453.923,290,0.856089,0.803475,-0.0200317,0.294814
454.789,289.5,0.853518,0.808014,0.00202327,0.27496
455.655,289,0.892871,0.847065,0.0147516,0.281926
456.521,288.5,0.939311,0.894411,0.0276348,0.285605
457.387,288,0.932977,0.89391,0.0273767,0.265748
458.253,287.5,0.916626,0.88556,0.0249517,0.235294
459.119,287,0.895623,0.87314,0.0210605,0.198302
459.985,286.5,0.878262,0.861722,0.01835,0.168651
460.851,286,0.866702,0.853708,0.0165865,0.148597
461.717,285.5,0.882379,0.8692,0.0158665,0.151104
462.583,285,0.904259,0.89028,0.0160208,0.157573
463.449,284.5,0.925102,0.910024,0.0146535,0.165695
464.315,284,0.941675,0.923002,0.0038071,0.186559
465.181,283.5,0.960801,0.938197,-0.00719288,0.207057
466.047,283,0.98221,0.955538,-0.0180112,0.226628
466.913,282.5,0.977256,0.950202,-0.0178968,0.227653
467.779,282,0.973477,0.946325,-0.0140783,0.227878
468.645,281.5,0.972467,0.945064,-0.008126,0.229085
469.512,281,0.964569,0.938687,-0.00464701,0.2219
470.378,280.5,0.951002,0.928919,-0.00498652,0.203687
471.244,280,0.927345,0.908498,-0.00576245,0.185923
472.11,279.5,0.875814,0.856793,-0.0006451,0.181539
472.976,279,0.828715,0.807143,0.00821898,0.187673
473.842,278.5,0.900083,0.869017,0.0211621,0.233476
474.708,278,0.893385,0.860037,0.025293,0.240486
475.574,277.5,0.887546,0.852401,0.0288052,0.245603
476.44,277,0.882507,0.846108,0.0316987,0.248825
477.306,276.5,0.878225,0.841158,0.0339736,0.250154
478.172,276,0.873259,0.836571,0.0339215,0.248155
479.038,275.5,0.870276,0.834999,0.0242645,0.244065
