x,v,vx,vy,vz
220.096,425,0.612658,0.610055,-0.00284235,-0.0563402
220.962,424.5,0.611487,0.608814,-0.00236137,-0.0570613
221.828,424,0.610315,0.607561,-0.00193929,-0.0578851
222.694,423.5,0.609155,0.606307,-0.00158044,-0.0588175
223.56,423,0.607581,0.604647,-0.00120305,-0.0596235
224.426,422.5,0.606092,0.603058,-0.000873521,-0.0605662
225.292,422,0.604824,0.601727,-0.000523037,-0.0611268
226.158,421.5,0.603349,0.600213,-0.000250116,-0.0614362
227.024,421,0.601963,0.598788,-4.19655e-05,-0.0617491
227.89,420.5,0.600875,0.597645,0.000137252,-0.062216
228.756,420,0.599848,0.596573,0.000220648,-0.0625959
229.622,419.5,0.599154,0.595851,0.000354932,-0.0628298
230.488,419,0.598985,0.595655,0.00058751,-0.0630654
231.355,418.5,0.598915,0.595573,0.000667096,-0.0631745
232.221,418,0.598875,0.595551,0.000551873,-0.0630078
233.087,417.5,0.599147,0.59583,0.000356834,-0.0629656
233.953,417,0.599726,0.596413,4.83104e-05,-0.0629547
234.819,416.5,0.601265,0.598077,-0.000268334,-0.0618324
235.685,416,0.602889,0.599818,-0.000515687,-0.0607783
236.551,415.5,0.604584,0.601619,-0.000694137,-0.0597948
237.417,415,0.606354,0.603519,-0.000762882,-0.0585629
238.283,414.5,0.608332,0.605616,-0.000791838,-0.0574092
239.149,414,0.610353,0.60773,-0.000894928,-0.0565102
240.015,413.5,0.612144,0.609636,-0.00107127,-0.0553376
240.881,413,0.613856,0.611467,-0.00122555,-0.0540999
241.747,412.5,0.6155,0.613225,-0.00135878,-0.0528628
242.613,412,0.617054,0.614924,-0.00144207,-0.0512044
243.479,411.5,0.618517,0.616539,-0.00148515,-0.0493983
244.345,411,0.619803,0.617954,-0.00128643,-0.0478245
245.211,410.5,0.620832,0.619114,-0.00108284,-0.0461297
246.077,410,0.621635,0.620045,-0.000897018,-0.0444144
246.943,409.5,0.622307,0.620827,-0.00070282,-0.0428917
247.809,409,0.622718,0.621334,-0.000454242,-0.0414827
248.675,408.5,0.622848,0.621565,-0.000531279,-0.0399509
249.541,408,0.622964,0.621779,-0.000876936,-0.0384006
250.407,407.5,0.623009,0.621909,-0.00121476,-0.0369967
251.273,407,0.622874,0.62184,-0.00156649,-0.0358318
252.139,406.5,0.622775,0.621797,-0.0019182,-0.0348441
253.005,406,0.622614,0.621674,-0.00221938,-0.0341229
253.871,405.5,0.621483,0.620539,-0.00214458,-0.0341675
254.737,405,0.619982,0.619044,-0.0021273,-0.034022
255.603,404.5,0.618111,0.617189,-0.00216754,-0.0336865
256.469,404,0.616029,0.615112,-0.00246179,-0.0335095
257.335,403.5,0.613483,0.612587,-0.00294451,-0.033028
258.201,403,0.61179,0.610828,-0.00370426,-0.0340867
259.067,402.5,0.610705,0.609572,-0.00439421,-0.0369149
259.933,402,0.608802,0.607484,-0.00477902,-0.0397415
260.799,401.5,0.605949,0.604446,-0.00484054,-0.0423689
261.665,401,0.602459,0.600699,-0.00499974,-0.0457336
262.531,400.5,0.598374,0.596308,-0.00530647,-0.0493857
263.397,400,0.595687,0.59325,-0.00615271,-0.0534756
264.263,399.5,0.593332,0.590448,-0.00685655,-0.0580262
265.13,399,0.591027,0.58765,-0.00731515,-0.0626581
265.996,398.5,0.588172,0.584323,-0.00764928,-0.0667458
266.862,398,0.585318,0.580967,-0.00798538,-0.0707843
267.728,397.5,0.584695,0.579582,-0.00805133,-0.0767309
268.594,397,0.584472,0.578456,-0.00769218,-0.0832893
269.46,396.5,0.584118,0.577104,-0.00707309,-0.0899735
270.326,396,0.583772,0.575687,-0.00602706,-0.0966287
271.192,395.5,0.583638,0.57435,-0.0047271,-0.103603
272.058,395,0.585261,0.574892,-0.00401986,-0.109605
272.924,394.5,0.592899,0.583121,-0.00748375,-0.106971
273.79,394,0.598841,0.589895,-0.011722,-0.102457
274.656,393.5,0.60312,0.595178,-0.0167192,-0.0961141
275.522,393,0.607291,0.600828,-0.0200381,-0.0860609
276.388,392.5,0.610308,0.605196,-0.022345,-0.0755931
277.254,392,0.612371,0.607815,-0.0192657,-0.072026
278.12,391.5,0.616147,0.612252,-0.0134712,-0.0678399
278.986,391,0.618752,0.615756,-0.00712908,-0.0603942
279.852,390.5,0.619017,0.617039,-0.000839422,-0.0494447
280.718,390,0.618084,0.616638,0.00480786,-0.0419777
281.584,389.5,0.61518,0.613713,0.00858071,-0.041589
282.45,389,0.607107,0.605509,0.00967088,-0.0429323
283.316,388.5,0.597454,0.595795,0.0102215,-0.0432998
284.182,388,0.653859,0.651365,0.00958983,-0.0562333
285.048,387.5,0.656994,0.654277,0.0126017,-0.0583449
285.914,387,0.659134,0.656152,0.0159126,-0.06058
286.78,386.5,0.660287,0.656991,0.0195226,-0.0629386
287.646,386,0.657133,0.653554,0.0227771,-0.0646004
288.512,385.5,0.649429,0.645594,0.0255947,-0.0656684
289.378,385,0.636956,0.633,0.0259516,-0.0659554
290.244,384.5,0.626807,0.622626,0.0256039,-0.067585
291.11,384,0.618998,0.614473,0.0245516,-0.0705573
291.976,383.5,0.613553,0.60854,0.0227946,-0.0748722
292.842,383,0.609031,0.603455,0.020177,-0.079704
293.708,382.5,0.603,0.596907,0.0170913,-0.083774
294.574,382,0.598528,0.591726,0.0142081,-0.0888444
295.44,381.5,0.595636,0.587912,0.0115276,-0.0949153
296.306,381,0.59435,0.585465,0.00904966,-0.101987
297.172,380.5,0.594697,0.584385,0.00677434,-0.110059
298.038,380,0.595734,0.583838,0.00477005,-0.118357
298.905,379.5,0.587097,0.575029,0.00413682,-0.118357
299.771,379,0.580283,0.568064,0.00363042,-0.1184
300.637,378.5,0.575348,0.562996,0.00324252,-0.118533
301.503,378,0.572291,0.559826,0.0029731,-0.118754
302.369,377.5,0.57111,0.558554,0.00282219,-0.119064
303.235,377,0.571805,0.55918,0.00278976,-0.119464
304.101,376.5,0.576133,0.564185,0.00451558,-0.116637
304.967,376,0.583702,0.573057,0.00615404,-0.110797
305.833,375.5,0.593837,0.584754,0.00672519,-0.103244
306.699,375,0.606632,0.599276,0.00622902,-0.0939781
307.565,374.5,0.621244,0.615822,0.00452665,-0.0817793
308.431,374,0.635004,0.631747,0.00175984,-0.0642086
309.297,373.5,0.652794,0.651227,-0.00149035,-0.0451708
310.163,373,0.674969,0.674504,-0.00509927,-0.0245284
311.029,372.5,0.698154,0.69809,-0.00850736,-0.00413882
311.895,372,0.722256,0.721984,-0.0117146,0.015998
312.761,371.5,0.747195,0.746187,-0.014721,0.0358821
313.627,371,0.772895,0.7707,-0.0175266,0.0555133
314.493,370.5,0.799067,0.79532,-0.0200282,0.0746509
315.359,370,0.820308,0.815312,-0.0201291,0.0881357
316.225,369.5,0.840416,0.834136,-0.0199136,0.100598
317.091,369,0.855139,0.847788,-0.0179047,0.110442
317.957,368.5,0.857374,0.84954,-0.0118625,0.115023
318.823,368,0.85757,0.849349,-0.00559405,0.118326
319.689,367.5,0.855721,0.847215,0.00090077,0.120351
320.555,367,0.845277,0.836555,0.00587798,0.120974
321.421,366.5,0.83188,0.823044,0.00969522,0.120535
322.287,366,0.818158,0.809337,0.0128778,0.119121
323.153,365.5,0.8041,0.795433,0.0154257,0.11673
324.019,365,0.789703,0.781331,0.0173389,0.113363
324.885,364.5,0.774966,0.767033,0.0186174,0.10902
325.751,364,0.763683,0.755685,0.0187247,0.108634
326.617,363.5,0.759001,0.749615,0.0159194,0.117923
327.483,363,0.758142,0.746682,0.0112281,0.13084
328.349,362.5,0.759435,0.746102,0.00863578,0.141417
329.215,362,0.762747,0.747877,0.00814252,0.149654
330.081,361.5,0.767986,0.752005,0.00974829,0.15555
330.947,361,0.772692,0.756044,0.0128025,0.159015
331.813,360.5,0.756449,0.739045,0.011332,0.16093
332.679,360,0.739475,0.721121,0.0103698,0.163403
333.546,359.5,0.721793,0.702273,0.00991592,0.166433
334.412,359,0.633649,0.618332,0.00470119,0.138399
335.278,358.5,0.652166,0.632234,0.00633399,0.159879
336.144,358,0.681007,0.655913,0.00753594,0.183009
337.01,357.5,0.704677,0.676026,0.00372837,0.198857
337.876,357,0.712532,0.682998,-0.0053218,0.202944
338.742,356.5,0.686018,0.656697,-0.0104102,0.198148
339.608,356,0.72641,0.686942,-0.0180673,0.23549
340.474,355.5,0.73216,0.689825,-0.0214192,0.24442
341.34,355,0.696412,0.65075,-0.0039487,0.24799
342.206,354.5,0.722402,0.667713,0.000269439,0.275725
343.072,354,0.743429,0.681488,0.00264328,0.297074
343.938,353.5,0.713165,0.665443,-0.0120809,0.25621
344.804,353,0.683307,0.646917,-0.026957,0.21836
345.67,352.5,0.656018,0.62742,-0.0410209,0.187137
346.536,352,0.654902,0.632622,-0.0504941,0.16167
347.402,351.5,0.663399,0.646537,-0.0592423,0.136307
348.268,351,0.670668,0.656185,-0.0613168,0.124325
349.134,350.5,0.647728,0.634365,-0.0562077,0.118208
350,350,0.633145,0.615979,-0.0560245,0.135295
350.866,349.5,0.631495,0.614775,-0.0581769,0.132112
351.732,349,0.629003,0.612385,-0.0596433,0.130659
352.598,348.5,0.625656,0.60881,-0.0604239,0.130938
353.464,348,0.600689,0.587306,-0.0479631,0.116613
354.33,347.5,0.571872,0.562528,-0.0336168,0.0973131
355.196,347,0.546792,0.54119,-0.0192653,0.0756525
356.062,346.5,0.526313,0.523253,-0.00590645,0.0563714
356.928,346,0.507437,0.505744,0.00567834,0.041027
357.794,345.5,0.489806,0.488664,0.0154891,0.0296192
358.66,345,0.484555,0.483781,0.0184205,0.020257
359.526,344.5,0.490182,0.489803,0.0161886,0.0104518
360.392,344,0.496378,0.496187,0.013724,0.00106435
361.258,343.5,0.503116,0.502933,0.0110265,-0.00790526
362.124,343,0.510372,0.510042,0.00809619,-0.0164571
362.99,342.5,0.518121,0.517513,0.00493307,-0.0245911
363.856,342,0.525647,0.524514,0.0011173,-0.0344763
364.722,341.5,0.541162,0.53835,-0.00340273,-0.0549845
365.588,341,0.563886,0.558661,-0.007105,-0.0762516
366.454,340.5,0.58694,0.578854,-0.0111299,-0.096451
367.321,340,0.610175,0.598928,-0.0154775,-0.115583
368.187,339.5,0.63347,0.618883,-0.0201476,-0.133646
369.053,339,0.656726,0.638721,-0.0251405,-0.150642
369.919,338.5,0.693357,0.671796,-0.0119979,-0.171145
370.785,338,0.734527,0.708738,0.00439005,-0.192877
371.651,337.5,0.778874,0.748168,0.0220133,-0.215415
372.517,337,0.826385,0.790086,0.0408716,-0.23876
373.383,336.5,0.877049,0.834492,0.0609652,-0.262911
374.249,336,0.916354,0.86644,0.0739935,-0.288984
375.115,335.5,0.921481,0.866447,0.0609164,-0.30771
375.981,335,0.909474,0.850514,0.0355576,-0.320162
376.847,334.5,0.900389,0.836567,0.013096,-0.332694
377.713,334,0.894009,0.824606,-0.00646847,-0.345306
378.579,333.5,0.811528,0.762382,-0.0404458,-0.275165
379.445,333,0.857747,0.794119,-0.0419244,-0.321475
380.311,332.5,0.909414,0.822869,-0.0294694,-0.386073
381.177,332,0.946564,0.832949,-0.0125011,-0.44947
382.043,331.5,0.93515,0.813902,-0.0183206,-0.460146
382.909,331,0.922646,0.797407,-0.0290547,-0.463221
383.775,330.5,0.918792,0.785376,-0.0374942,-0.475349
384.641,330,0.921695,0.77762,-0.0413368,-0.493072
385.507,329.5,0.91814,0.767256,-0.0408852,-0.50262
386.373,329,0.914362,0.755427,-0.0338853,-0.514043
387.239,328.5,0.911943,0.744889,-0.0265531,-0.525428
388.105,328,0.906771,0.734179,-0.0187703,-0.531848
388.971,327.5,0.897971,0.720946,-0.0090856,-0.535263
389.837,327,0.884125,0.706439,0.00380114,-0.531607
390.703,326.5,0.86678,0.698878,0.0178366,-0.512406
391.569,326,0.855816,0.696473,0.0283472,-0.496531
392.435,325.5,0.847733,0.696238,0.0386664,-0.482088
393.301,325,0.798499,0.671736,0.0368345,-0.430132
394.167,324.5,0.845383,0.700702,0.0508566,-0.470216
395.033,324,0.832274,0.698581,0.0558877,-0.448933
395.899,323.5,0.812952,0.693142,0.0598294,-0.420553
396.765,323,0.788806,0.683763,0.0595245,-0.388766
397.631,322.5,0.66047,0.599199,0.0537801,-0.272559
398.497,322,0.663777,0.603311,0.0608935,-0.270015
399.363,321.5,0.665909,0.607245,0.0657751,-0.265258
400.229,321,0.670617,0.615987,0.0635273,-0.257394
401.095,320.5,0.696761,0.640822,0.0536837,-0.268219
401.962,320,0.735823,0.674588,0.042252,-0.290829
402.828,319.5,0.776696,0.709698,0.0329823,-0.313844
403.694,319,0.814701,0.744935,0.0219204,-0.329135
404.56,318.5,0.847509,0.778845,0.00767659,-0.334086
405.426,318,0.855231,0.792102,-0.00841536,-0.322372
406.292,317.5,0.863415,0.803086,-0.0244456,-0.316132
407.158,317,0.880092,0.816528,-0.0353904,-0.326485
408.024,316.5,0.897787,0.832463,-0.047976,-0.332755
408.89,316,0.911352,0.848714,-0.0552793,-0.327399
409.756,315.5,0.92214,0.861439,-0.0569471,-0.324071
410.622,315,0.921385,0.859308,-0.0442699,-0.329513
411.488,314.5,0.890045,0.820906,-0.0136017,-0.34367
412.354,314,0.85207,0.773101,0.0129396,-0.358009
413.22,313.5,0.849958,0.763566,0.0422164,-0.370963
414.086,313,0.834211,0.733088,0.0713159,-0.391668
414.952,312.5,0.822012,0.696269,0.101206,-0.425053
415.818,312,0.796635,0.660862,0.118433,-0.428792
416.684,311.5,0.7551,0.621987,0.120256,-0.41091
417.55,311,0.727091,0.589758,0.132786,-0.403998
418.416,310.5,0.694009,0.558922,0.139083,-0.387182
419.282,310,0.681775,0.559083,0.131887,-0.367218
420.148,309.5,0.67898,0.572744,0.118385,-0.34491
421.014,309,0.673967,0.584111,0.104507,-0.319569
421.88,308.5,0.664862,0.589612,0.0923341,-0.293042
422.746,308,0.650688,0.588578,0.0810997,-0.265318
423.612,307.5,0.639659,0.587664,0.0712198,-0.242369
424.478,307,0.649893,0.604829,0.0620141,-0.22956
425.344,306.5,0.657123,0.617853,0.0548082,-0.216946
426.21,306,0.658002,0.621608,0.0505084,-0.209808
427.076,305.5,0.649593,0.617222,0.0486733,-0.196569
427.942,305,0.632316,0.604944,0.0492059,-0.177326
428.808,304.5,0.671317,0.646251,0.0371346,-0.177898
429.674,304,0.720455,0.696272,0.0269442,-0.183127
430.54,303.5,0.765552,0.741865,0.021321,-0.187754
431.406,303,0.803609,0.779234,0.0189078,-0.195513
432.272,302.5,0.834534,0.809043,0.0217575,-0.203528
433.138,302,0.857801,0.832111,0.0308918,-0.206055
434.004,301.5,0.882356,0.859447,0.0421237,-0.195266
434.87,301,0.911361,0.89118,0.0537191,-0.183009
435.737,300.5,0.944043,0.926294,0.0665791,-0.169598
436.603,300,0.977246,0.961134,0.0793471,-0.157908
437.469,299.5,1.00461,0.989642,0.0907625,-0.147039
438.335,299,1.00429,0.988656,0.0868575,-0.153692
439.201,298.5,0.998025,0.980264,0.0754156,-0.171605
440.067,298,0.994227,0.972376,0.057364,-0.199206
440.933,297.5,0.999975,0.973512,0.0353062,-0.22578
441.799,297,1.0148,0.984558,0.0123585,-0.245585
442.665,296.5,1.02358,0.992641,0.00796872,-0.249647
443.531,296,1.01798,0.984237,0.0109743,-0.259687
444.397,295.5,1.01659,0.979774,0.00596314,-0.271047
445.263,295,0.985868,0.950121,-0.00628837,-0.262995
446.129,294.5,0.971133,0.935397,-0.0240137,-0.259913
446.995,294,0.972689,0.935604,-0.0472127,-0.261802
447.861,293.5,0.978999,0.950902,-0.0643978,-0.22378
448.727,293,0.991112,0.97087,-0.0769078,-0.18385
449.593,292.5,1.00963,0.995199,-0.0858108,-0.146889
450.459,292,1.03539,1.02463,-0.0872366,-0.120587
451.325,291.5,1.05947,1.05081,-0.0868775,-0.103583
452.191,291,1.07711,1.07057,-0.0795576,-0.087816
453.057,290.5,1.08626,1.08227,-0.0596817,-0.0713649
453.923,290,1.08583,1.08314,-0.046151,-0.0608073
454.789,289.5,1.07336,1.07128,-0.0401606,-0.0532957
455.655,289,1.0628,1.06045,-0.0449123,-0.0545595
456.521,288.5,1.06568,1.06209,-0.060969,-0.0625227
457.387,288,1.06267,1.05731,-0.071943,-0.0786495
458.253,287.5,1.05183,1.04528,-0.0715701,-0.0928581
459.119,287,1.04493,1.03697,-0.0492817,-0.118914
459.985,286.5,1.03777,1.02727,-0.0268554,-0.144734
460.851,286,1.02808,1.01363,-0.00402014,-0.171752
461.717,285.5,1.01096,0.989824,0.016816,-0.204939
462.583,285,1.00481,0.97694,0.0328111,-0.232713
463.449,284.5,1.00325,0.967825,0.0464454,-0.260127
464.315,284,0.998822,0.958686,0.0531317,-0.275216
465.181,283.5,1.00265,0.957159,0.0569258,-0.293097
466.047,283,1.01503,0.963467,0.0579466,-0.314096
466.913,282.5,1.01599,0.966777,0.0441252,-0.309228
467.779,282,1.02211,0.974781,0.0337378,-0.305583
468.645,281.5,1.03768,0.990349,0.0302026,-0.308334
469.512,281,1.0603,1.01405,0.0270613,-0.308554
470.378,280.5,1.08914,1.04417,0.0222407,-0.308926
471.244,280,1.10533,1.0647,0.0173475,-0.296432
472.11,279.5,1.10464,1.06842,0.0213044,-0.27975
472.976,279,1.10069,1.06601,0.0330294,-0.272129
473.842,278.5,1.0942,1.06015,0.0461491,-0.266873
474.708,278,1.08592,1.05139,0.0620564,-0.264478
475.574,277.5,1.07393,1.03745,0.0789134,-0.266057
476.44,277,1.01571,0.972988,0.0965474,-0.275032
477.306,276.5,0.964347,0.917204,0.111324,-0.276241
478.172,276,0.938514,0.89127,0.124387,-0.266408
479.038,275.5,0.937072,0.888965,0.134725,-0.263996
