x,v,vx,vy,vz
220.096,425,0.571895,0.571298,0.00756511,-0.0250051
220.962,424.5,0.568965,0.568383,0.00735261,-0.0246331
221.828,424,0.566233,0.565662,0.00709903,-0.0244167
222.694,423.5,0.56371,0.563142,0.00680598,-0.0243659
223.56,423,0.560982,0.560424,0.00645527,-0.0241771
224.426,422.5,0.558206,0.557659,0.00608713,-0.0239426
225.292,422,0.558519,0.558035,0.0057927,-0.022498
226.158,421.5,0.55946,0.559045,0.00545881,-0.0208334
227.024,421,0.56084,0.560488,0.00508833,-0.0191829
227.89,420.5,0.562758,0.562461,0.00468675,-0.0176538
228.756,420,0.565064,0.564817,0.00431417,-0.01614
229.622,419.5,0.566662,0.566463,0.00419864,-0.0144282
230.488,419,0.567437,0.567278,0.00440486,-0.0127206
231.355,418.5,0.568333,0.568202,0.00474823,-0.0112386
232.221,418,0.569118,0.569005,0.00528257,-0.00999126
233.087,417.5,0.569964,0.569863,0.00590039,-0.00900717
233.953,417,0.570741,0.570643,0.00664512,-0.00824232
234.819,416.5,0.569907,0.569815,0.00750593,-0.00697137
235.685,416,0.569257,0.569164,0.00832746,-0.00598239
236.551,415.5,0.568781,0.568683,0.00910804,-0.00528576
237.417,415,0.567668,0.567563,0.00968486,-0.00497561
238.283,414.5,0.566696,0.566584,0.0100937,-0.00507379
239.149,414,0.56608,0.565951,0.0107058,-0.0055291
240.015,413.5,0.565351,0.565202,0.0113961,-0.00626185
240.881,413,0.565331,0.565157,0.0120558,-0.00714666
241.747,412.5,0.566152,0.565951,0.0127179,-0.00816542
242.613,412,0.56705,0.566815,0.013426,-0.00927189
243.479,411.5,0.568422,0.568153,0.0140543,-0.0104378
244.345,411,0.569062,0.56883,0.0132408,-0.00943509
245.211,410.5,0.569966,0.569767,0.0122853,-0.00873519
246.077,410,0.57139,0.571217,0.0112346,-0.00841571
246.943,409.5,0.573747,0.573594,0.0101728,-0.00847432
247.809,409,0.57696,0.576819,0.00914843,-0.00892857
248.675,408.5,0.574236,0.574098,0.00865837,-0.00916669
249.541,408,0.566675,0.566546,0.00827156,-0.0088469
250.407,407.5,0.559107,0.558991,0.00785843,-0.00827906
251.273,407,0.551805,0.551698,0.00793764,-0.00744034
252.139,406.5,0.544757,0.544665,0.00766973,-0.00642385
253.005,406,0.537669,0.537592,0.00726562,-0.00546033
253.871,405.5,0.528105,0.527998,0.00856867,-0.00633692
254.737,405,0.518101,0.517956,0.00970148,-0.00746175
255.603,404.5,0.507657,0.507468,0.010664,-0.00883483
256.469,404,0.496799,0.496565,0.0113765,-0.0101579
257.335,403.5,0.48599,0.485696,0.0122207,-0.0116811
258.201,403,0.476713,0.476442,0.0115612,-0.0111809
259.067,402.5,0.470818,0.470641,0.0105062,-0.00752957
259.933,402,0.467131,0.467023,0.00957343,-0.00297503
260.799,401.5,0.465242,0.465159,0.00855657,0.00203703
261.665,401,0.464856,0.464752,0.0063696,0.00750175
262.531,400.5,0.46637,0.466164,0.00368622,0.0133677
263.397,400,0.470832,0.470416,0.00268439,0.019614
264.263,399.5,0.476681,0.475872,0.00292515,0.0276052
265.13,399,0.483724,0.482211,0.00565899,0.03781
265.996,398.5,0.491927,0.489375,0.0100461,0.0490267
266.862,398,0.500632,0.496726,0.0143652,0.0607411
267.728,397.5,0.504535,0.498772,0.013216,0.0748776
268.594,397,0.504361,0.495917,0.0118785,0.0911326
269.46,396.5,0.501592,0.489854,0.0107432,0.107343
270.326,396,0.496478,0.482589,0.00724916,0.116385
271.192,395.5,0.486943,0.471208,0.00588967,0.122645
272.058,395,0.473264,0.456624,0.00587529,0.124255
272.924,394.5,0.46339,0.449143,0.00262764,0.113991
273.79,394,0.457526,0.443672,-0.00253958,0.11171
274.656,393.5,0.503725,0.472354,-0.020662,0.173763
275.522,393,0.516382,0.475369,-0.0305424,0.199354
276.388,392.5,0.531604,0.480792,-0.0380861,0.223587
277.254,392,0.543603,0.491121,-0.033172,0.23066
278.12,391.5,0.55658,0.503889,-0.026898,0.234849
278.986,391,0.569741,0.518495,-0.01919,0.23537
279.852,390.5,0.555993,0.514041,-0.00908656,0.211678
280.718,390,0.541204,0.506468,-6.99313e-05,0.190765
281.584,389.5,0.525032,0.495777,0.00785994,0.172631
282.45,389,0.507847,0.484616,-0.00425424,0.151785
283.316,388.5,0.499627,0.48087,-0.0212986,0.133932
284.182,388,0.442923,0.434514,-0.0330208,0.0792945
285.048,387.5,0.512157,0.496118,-0.0664537,0.108423
285.914,387,0.533327,0.515113,-0.0945645,0.100766
286.78,386.5,0.564541,0.541687,-0.126364,0.0965068
287.646,386,0.594157,0.568844,-0.140713,0.0981756
288.512,385.5,0.61979,0.595289,-0.139002,0.102218
289.378,385,0.626763,0.605478,-0.120568,0.108125
290.244,384.5,0.645446,0.628729,-0.10383,0.102563
291.11,384,0.696308,0.676599,-0.109164,0.123055
291.976,383.5,0.67356,0.656129,-0.0955264,0.118546
292.842,383,0.648221,0.63298,-0.0825865,0.11272
293.708,382.5,0.662445,0.644913,-0.0757634,0.131071
294.574,382,0.68231,0.663324,-0.0653896,0.145851
295.44,381.5,0.707803,0.687206,-0.053662,0.160793
296.306,381,0.738948,0.716559,-0.0405809,0.175898
297.172,380.5,0.775761,0.751383,-0.026146,0.191167
298.038,380,0.815589,0.789244,-0.0108601,0.20533
298.905,379.5,0.783928,0.764112,-0.0104344,0.174831
299.771,379,0.755799,0.741785,-0.00950388,0.144554
300.637,378.5,0.731902,0.722788,-0.00794156,0.114869
301.503,378,0.673871,0.66639,-0.0150188,0.0990019
302.369,377.5,0.659848,0.655083,-0.0104889,0.0784575
303.235,377,0.686402,0.685774,0.00053604,0.0293626
304.101,376.5,0.67595,0.675925,0.000297745,0.00584148
304.967,376,0.663573,0.663392,-0.00218258,-0.0153439
305.833,375.5,0.65042,0.649402,-0.00498025,-0.0360328
306.699,375,0.609348,0.606592,-0.014995,-0.0559209
307.565,374.5,0.633364,0.629053,-0.0208462,-0.0707629
308.431,374,0.638186,0.632765,-0.0224142,-0.0799158
309.297,373.5,0.644915,0.638325,-0.0256881,-0.0883005
310.163,373,0.657658,0.649007,-0.0278024,-0.102621
311.029,372.5,0.67587,0.662724,-0.0324825,-0.128619
311.895,372,0.699281,0.679822,-0.0317247,-0.160717
312.761,371.5,0.72901,0.700924,-0.0232571,-0.199046
313.627,371,0.75896,0.719841,-0.00552484,-0.240456
314.493,370.5,0.788815,0.737459,0.0150959,-0.279563
315.359,370,0.798962,0.741316,0.0311413,-0.296346
316.225,369.5,0.805236,0.744324,0.027707,-0.305972
317.091,369,0.818958,0.757495,0.0111505,-0.311079
317.957,368.5,0.847241,0.781408,0.0037936,-0.327422
318.823,368,0.877963,0.804636,0.00788991,-0.351166
319.689,367.5,0.875034,0.800384,0.00810615,-0.35356
320.555,367,0.867944,0.795173,0.00225401,-0.347883
321.421,366.5,0.868224,0.796927,-0.00246232,-0.344549
322.287,366,0.882698,0.813585,-0.00896669,-0.342278
323.153,365.5,0.902292,0.83316,-0.0200662,-0.345794
324.019,365,0.925985,0.854648,-0.0346704,-0.354716
324.885,364.5,0.934062,0.866589,-0.0310061,-0.34718
325.751,364,0.942259,0.87735,-0.0283052,-0.3425
326.617,363.5,0.950503,0.886924,-0.0266067,-0.340754
327.483,363,0.957637,0.896987,-0.0135335,-0.33511
328.349,362.5,0.964358,0.906884,-0.000108187,-0.327946
329.215,362,0.976438,0.923502,0.0105784,-0.316959
330.081,361.5,0.995577,0.947553,0.0222941,-0.304662
330.947,361,1.01703,0.973543,0.0336265,-0.292281
331.813,360.5,1.04029,1.00098,0.0434444,-0.279917
332.679,360,1.06535,1.02827,0.0506111,-0.273984
333.546,359.5,1.08765,1.05137,0.0552788,-0.273044
334.412,359,1.09051,1.05533,0.0504515,-0.270065
335.278,358.5,1.09158,1.05523,0.0454306,-0.275649
336.144,358,1.08625,1.04738,0.0446239,-0.284514
337.01,357.5,1.07984,1.03669,0.0473298,-0.298474
337.876,357,1.07214,1.0219,0.052301,-0.320121
338.742,356.5,1.05443,0.99511,0.057452,-0.343922
339.608,356,1.03924,0.973062,0.0661486,-0.358885
340.474,355.5,1.03136,0.959646,0.0772103,-0.369889
341.34,355,1.02893,0.952639,0.0887864,-0.378543
342.206,354.5,1.03421,0.953948,0.0990613,-0.386978
343.072,354,1.04851,0.964903,0.106021,-0.396347
343.938,353.5,1.06694,0.984206,0.101266,-0.399311
344.804,353,1.09037,1.007,0.100711,-0.405849
345.67,352.5,1.11958,1.03353,0.105073,-0.417418
346.536,352,1.13104,1.03512,0.130398,-0.436764
347.402,351.5,1.13592,1.02406,0.17432,-0.459602
348.268,351,1.12254,0.991919,0.223886,-0.475463
349.134,350.5,1.07,0.924718,0.21989,-0.491361
350,350,0.974851,0.81537,0.165706,-0.507983
350.866,349.5,0.939853,0.73754,0.127197,-0.568489
351.732,349,0.854847,0.605794,0.0205742,-0.602788
352.598,348.5,0.841617,0.537585,-0.0881186,-0.641527
353.464,348,0.861964,0.503338,-0.183106,-0.675355
354.33,347.5,0.843535,0.473447,-0.155081,-0.680698
355.196,347,0.836063,0.449434,-0.125551,-0.69372
356.062,346.5,0.819606,0.426783,-0.114468,-0.690296
356.928,346,0.830117,0.418392,-0.0808759,-0.712391
357.794,345.5,0.843696,0.39741,-0.0371395,-0.743309
358.66,345,0.857674,0.380077,0.00480822,-0.768845
359.526,344.5,0.847259,0.373494,0.0126959,-0.760387
360.392,344,0.831658,0.366711,-0.00230775,-0.74644
361.258,343.5,0.839253,0.336516,-0.0282061,-0.768314
362.124,343,0.857424,0.273949,-0.0283698,-0.811987
362.99,342.5,0.890477,0.203909,-0.0202189,-0.86658
363.856,342,0.870978,0.146608,-0.0509932,-0.857035
364.722,341.5,0.853597,0.0834703,-0.0456909,-0.848276
365.588,341,0.832365,0.0208428,-0.0117733,-0.83202
366.454,340.5,0.785393,-0.00342902,0.0153385,-0.785235
367.321,340,0.769046,-0.0347016,0.0374328,-0.76735
368.187,339.5,0.80963,-0.0710952,0.0319055,-0.805871
369.053,339,0.834245,-0.0819047,0.043475,-0.829076
369.919,338.5,0.865677,-0.0821887,0.0690813,-0.858993
370.785,338,0.884013,-0.0753773,0.0802961,-0.877126
371.651,337.5,0.909517,-0.0305836,0.0759536,-0.905824
372.517,337,0.965532,0.0427896,0.0604704,-0.962686
373.383,336.5,0.99898,0.130289,0.0227113,-0.990187
374.249,336,1.08717,0.264247,-0.0187859,-1.0544
375.115,335.5,1.2469,0.456659,-0.0922009,-1.1566
375.981,335,1.3814,0.628974,-0.159685,-1.21949
376.847,334.5,1.59931,0.833755,-0.240126,-1.34349
377.713,334,1.85673,1.07762,-0.329187,-1.47575
378.579,333.5,2.08183,1.28954,-0.404501,-1.5835
379.445,333,2.39859,1.55893,-0.5028,-1.75219
380.311,332.5,2.63934,1.80328,-0.580698,-1.83768
381.177,332,2.90549,2.05813,-0.641647,-1.94788
382.043,331.5,3.21387,2.34114,-0.713742,-2.08292
382.909,331,3.38751,2.51851,-0.746698,-2.13888
383.775,330.5,3.66251,2.76069,-0.810801,-2.2661
384.641,330,3.88496,2.95871,-0.878917,-2.35934
385.507,329.5,4.01971,3.09014,-0.9404,-2.39265
386.373,329,4.21618,3.25813,-1.01728,-2.47506
387.239,328.5,4.21665,3.28986,-1.03342,-2.42672
388.105,328,4.16096,3.28825,-1.00716,-2.34237
388.971,327.5,4.13191,3.2943,-1.00938,-2.28067
389.837,327,3.74488,3.0802,-0.84504,-1.95511
390.703,326.5,3.40905,2.8868,-0.699832,-1.6728
391.569,326,2.9059,2.58066,-0.489494,-1.24291
392.435,325.5,2.38565,2.21533,-0.229364,-0.855
393.301,325,1.86993,1.81913,0.00973352,-0.432764
394.167,324.5,1.42041,1.40474,0.202848,-0.0559572
395.033,324,1.17094,1.1331,0.2814,0.0895027
395.899,323.5,0.903612,0.720266,0.379445,0.392113
396.765,323,0.840408,0.685811,0.359499,0.326664
397.631,322.5,0.79605,0.574535,0.337961,0.435187
398.497,322,0.768147,0.483251,0.272936,0.53106
399.363,321.5,0.772311,0.547352,0.223407,0.496949
400.229,321,0.787292,0.595425,0.166422,0.487443
401.095,320.5,0.822712,0.661743,0.102984,0.477855
401.962,320,0.854005,0.756079,0.110271,0.381459
402.828,319.5,0.887397,0.780665,0.0733203,0.415522
403.694,319,0.904802,0.784746,0.0493703,0.447665
404.56,318.5,0.911332,0.804851,0.0471514,0.424874
405.426,318,0.875895,0.792352,0.0465722,0.370407
406.292,317.5,0.853486,0.778766,0.0530442,0.345178
407.158,317,0.865714,0.787775,0.0480728,0.355752
408.024,316.5,0.877186,0.794008,0.0427641,0.370374
408.89,316,0.888774,0.797818,0.0370606,0.389912
409.756,315.5,0.888938,0.78226,0.0337081,0.420886
410.622,315,0.884769,0.759268,0.0314745,0.453141
411.488,314.5,0.888573,0.742982,0.0288175,0.486529
412.354,314,0.906126,0.745213,0.027259,0.514761
413.22,313.5,0.916868,0.741716,0.0233993,0.538477
414.086,313,0.922708,0.732622,0.0176501,0.560664
414.952,312.5,0.934751,0.721841,0.0120726,0.593767
415.818,312,0.947547,0.712977,0.00695935,0.624068
416.684,311.5,0.961708,0.707332,0.00278324,0.651579
417.55,311,0.971015,0.703751,0.00274507,0.669027
418.416,310.5,0.974934,0.698916,0.00441558,0.679701
419.282,310,0.984245,0.710857,0.00287432,0.680745
420.148,309.5,0.993371,0.724325,-0.00456744,0.679793
421.014,309,1.00087,0.73164,-0.0177532,0.682742
421.88,308.5,1.00867,0.736558,-0.0314649,0.688402
422.746,308,1.0268,0.748051,-0.0428732,0.70207
423.612,307.5,1.06102,0.772303,-0.0480003,0.725958
424.478,307,1.07723,0.77889,-0.0516057,0.742355
425.344,306.5,1.07377,0.772477,-0.0550542,0.743789
426.21,306,0.995676,0.729592,-0.0521377,0.675534
427.076,305.5,0.982215,0.749911,-0.0382636,0.63318
427.942,305,0.996905,0.767983,-0.0382825,0.634472
428.808,304.5,1.01744,0.789312,-0.0380272,0.640885
429.674,304,1.01624,0.794382,-0.0362541,0.632767
430.54,303.5,0.975841,0.770859,-0.0321471,0.597502
431.406,303,0.922389,0.744501,-0.0274168,0.543845
432.272,302.5,0.779674,0.653109,-0.0293187,0.424831
433.138,302,0.813161,0.690114,-0.0300952,0.429031
434.004,301.5,0.842018,0.72457,-0.0212491,0.428417
434.87,301,0.863822,0.754051,-0.010469,0.42129
435.737,300.5,0.883352,0.782129,0.000959129,0.410589
436.603,300,0.898719,0.805802,0.00145148,0.397965
437.469,299.5,0.908662,0.823406,-0.0102056,0.384142
438.335,299,0.907789,0.827891,-0.0234569,0.371655
439.201,298.5,0.903817,0.82837,-0.0253882,0.360614
440.067,298,0.896506,0.824962,-0.0197892,0.350385
440.933,297.5,0.885838,0.818441,-0.0179276,0.338441
441.799,297,0.871662,0.808839,-0.0182673,0.324409
442.665,296.5,0.855161,0.797193,-0.0154211,0.309106
443.531,296,0.842773,0.789687,-0.0144949,0.294024
444.397,295.5,0.833813,0.786438,-0.0162629,0.276577
445.263,295,0.821207,0.776072,-0.0214544,0.267645
446.129,294.5,0.807787,0.764521,-0.0280436,0.259309
446.995,294,0.793579,0.751786,-0.0360307,0.25157
447.861,293.5,0.774931,0.737234,-0.0419765,0.235035
448.727,293,0.763165,0.726258,-0.0485941,0.229365
449.593,292.5,0.759203,0.719305,-0.0559974,0.236336
450.459,292,0.767523,0.723245,-0.0624127,0.249223
451.325,291.5,0.77984,0.729165,-0.0671253,0.268261
452.191,291,0.784963,0.730957,-0.0611792,0.279509
453.057,290.5,0.772854,0.733513,-0.0478533,0.238687
453.923,290,0.779031,0.75447,-0.0422169,0.189429
454.789,289.5,0.809117,0.793072,-0.0423033,0.154652
455.655,289,0.845862,0.831872,-0.0394715,0.148035
456.521,288.5,0.867022,0.850671,-0.0260931,0.165546
457.387,288,0.879253,0.85909,-0.0121906,0.186817
458.253,287.5,0.891799,0.869539,-0.00251783,0.197993
459.119,287,0.905784,0.884327,-0.00451964,0.195933
459.985,286.5,0.914513,0.894431,-0.00591021,0.190507
460.851,286,0.91806,0.899168,-0.00589059,0.185191
461.717,285.5,0.92029,0.897401,0.000175286,0.203975
462.583,285,0.931038,0.904002,0.00674309,0.222638
463.449,284.5,0.951461,0.92052,0.0138011,0.240272
464.315,284,0.967942,0.939596,0.000759645,0.232531
465.181,283.5,0.994097,0.966588,-0.0187433,0.231482
466.047,283,1.03017,1.00135,-0.0440223,0.237925
466.913,282.5,1.03614,1.0058,-0.0462162,0.244587
467.779,282,1.03956,1.00758,-0.0441512,0.252048
468.645,281.5,1.04303,1.00936,-0.0420862,0.259509
469.512,281,1.04207,1.00672,-0.0354113,0.266796
470.378,280.5,1.04297,1.00475,-0.0285265,0.278308
471.244,280,1.0304,0.989544,-0.0213171,0.28648
472.11,279.5,0.981276,0.943252,-0.0117396,0.270262
472.976,279,0.919033,0.889209,-0.0035985,0.232195
473.842,278.5,0.866334,0.846831,-0.00238254,0.182771
474.708,278,0.833539,0.821576,-0.00889478,0.140437
475.574,277.5,0.832411,0.819735,-0.0191881,0.143439
476.44,277,0.847947,0.827974,-0.023568,0.181434
477.306,276.5,0.865113,0.838432,-0.0298273,0.211098
478.172,276,0.879263,0.846285,-0.036151,0.235794
479.038,275.5,0.890573,0.852479,-0.0417474,0.254277
