x,v,vx,vy,vz
220.096,425,0.595295,0.594203,0.00938309,-0.0347939
220.962,424.5,0.590974,0.589858,0.00974374,-0.0349662
221.828,424,0.586856,0.585706,0.0100405,-0.0353153
222.694,423.5,0.582959,0.581765,0.0102749,-0.0358485
223.56,423,0.578772,0.577551,0.010197,-0.036174
224.426,422.5,0.574705,0.573453,0.00999099,-0.0365745
225.292,422,0.574067,0.572873,0.00974167,-0.0356938
226.158,421.5,0.57406,0.572962,0.00923139,-0.0342625
227.024,421,0.574621,0.573631,0.00855818,-0.0325948
227.89,420.5,0.575873,0.574991,0.00783139,-0.030891
228.756,420,0.577767,0.576998,0.00707569,-0.0289383
229.622,419.5,0.579654,0.579007,0.00650922,-0.0265914
230.488,419,0.581073,0.58054,0.00629047,-0.0240685
231.355,418.5,0.582477,0.582043,0.00632708,-0.0215923
232.221,418,0.583664,0.583308,0.00671767,-0.0192328
233.087,417.5,0.584905,0.584611,0.00722613,-0.0170991
233.953,417,0.586064,0.585812,0.00791398,-0.0152274
234.819,416.5,0.584626,0.584397,0.00916105,-0.0135606
235.685,416,0.583226,0.583009,0.0103959,-0.0120703
236.551,415.5,0.581874,0.581658,0.0116265,-0.0107676
237.417,415,0.579954,0.579719,0.0131842,-0.00993764
238.283,414.5,0.578157,0.577895,0.0146799,-0.0093616
239.149,414,0.576272,0.575969,0.0161861,-0.00931575
240.015,413.5,0.57381,0.573455,0.0173922,-0.0101853
240.881,413,0.571878,0.571465,0.0185329,-0.0113592
241.747,412.5,0.570599,0.570117,0.019656,-0.012782
242.613,412,0.56971,0.56916,0.0203645,-0.0145741
243.479,411.5,0.569481,0.56886,0.0209112,-0.0164275
244.345,411,0.569361,0.568804,0.0199281,-0.0153738
245.211,410.5,0.569636,0.569157,0.0181773,-0.0146704
246.077,410,0.57057,0.570167,0.0158461,-0.0144325
246.943,409.5,0.572415,0.572074,0.0133702,-0.0145197
247.809,409,0.575284,0.574987,0.0106241,-0.0151246
248.675,408.5,0.573284,0.572977,0.00867513,-0.016614
249.541,408,0.56684,0.566504,0.00729632,-0.0181094
250.407,407.5,0.560025,0.559654,0.00568736,-0.0195844
251.273,407,0.552646,0.552208,0.00376902,-0.0216659
252.139,406.5,0.545053,0.544538,0.00146654,-0.0236331
253.005,406,0.537243,0.53663,-0.00108494,-0.0256389
253.871,405.5,0.529261,0.528473,-0.00222783,-0.0287827
254.737,405,0.52094,0.519941,-0.0031392,-0.0320926
255.603,404.5,0.512284,0.511034,-0.00381903,-0.0355687
256.469,404,0.503136,0.501562,-0.00400635,-0.0395563
257.335,403.5,0.494145,0.492152,-0.00429524,-0.0441262
258.201,403,0.48522,0.482962,-0.00596877,-0.0463776
259.067,402.5,0.476902,0.474808,-0.00785453,-0.0439471
259.933,402,0.469769,0.46792,-0.00966096,-0.0405042
260.799,401.5,0.463784,0.462166,-0.0116387,-0.0369144
261.665,401,0.460572,0.459191,-0.0135265,-0.0329703
262.531,400.5,0.460903,0.459747,-0.0151185,-0.0289111
263.397,400,0.465964,0.465047,-0.0143357,-0.0254572
264.263,399.5,0.471864,0.471262,-0.0131197,-0.0198734
265.13,399,0.478446,0.478178,-0.0116729,-0.0109765
265.996,398.5,0.485691,0.485568,-0.0109596,-0.000464511
266.862,398,0.493916,0.493659,-0.0113869,0.0111266
267.728,397.5,0.501651,0.501007,-0.0126024,0.0220838
268.594,397,0.506141,0.504965,-0.012601,0.0320891
269.46,396.5,0.507233,0.505488,-0.0110061,0.0405688
270.326,396,0.503678,0.50163,-0.00616413,0.0449557
271.192,395.5,0.496566,0.494284,-0.00039336,0.0475515
272.058,395,0.483658,0.481304,0.00592962,0.0472973
272.924,394.5,0.463932,0.461714,0.0081228,0.0445831
273.79,394,0.447526,0.445116,0.00748738,0.0457757
274.656,393.5,0.452368,0.444265,0.00211336,0.0852137
275.522,393,0.45213,0.439992,-0.0030673,0.104013
276.388,392.5,0.456324,0.438967,-0.007255,0.124449
277.254,392,0.466537,0.444672,-0.000685504,0.141147
278.12,391.5,0.479831,0.45298,0.00767799,0.158077
278.986,391,0.495928,0.463825,0.0177104,0.174634
279.852,390.5,0.503451,0.472216,0.0235057,0.172982
280.718,390,0.508033,0.477193,0.0269164,0.172222
281.584,389.5,0.509602,0.478757,0.0279426,0.172352
282.45,389,0.493529,0.468664,0.0136408,0.154074
283.316,388.5,0.477651,0.456938,-0.0015992,0.139126
284.182,388,0.462886,0.444235,-0.0167923,0.128986
285.048,387.5,0.449096,0.430554,-0.0319384,0.123655
285.914,387,0.436285,0.415897,-0.0470377,0.123132
286.78,386.5,0.424618,0.400263,-0.06209,0.127417
287.646,386,0.443496,0.418498,-0.068752,0.129695
288.512,385.5,0.488333,0.466516,-0.0677974,0.127419
289.378,385,0.532086,0.514933,-0.0583819,0.120629
290.244,384.5,0.564632,0.550738,-0.0535501,0.112383
291.11,384,0.585475,0.573931,-0.0533019,0.10268
291.976,383.5,0.594434,0.584511,-0.0576374,0.0915211
292.842,383,0.594083,0.583659,-0.0625694,0.0914431
293.708,382.5,0.605088,0.589471,-0.0577534,0.123773
294.574,382,0.631444,0.608093,-0.0494767,0.162778
295.44,381.5,0.673701,0.639527,-0.0377392,0.208458
296.306,381,0.732172,0.683772,-0.0225409,0.260811
297.172,380.5,0.806932,0.740829,-0.00388186,0.31984
298.038,380,0.88987,0.804916,0.0163254,0.379095
298.905,379.5,0.837262,0.767711,0.00636357,0.334048
299.771,379,0.793349,0.734973,-0.00217762,0.298687
300.637,378.5,0.758634,0.707459,-0.00908586,0.273761
301.503,378,0.691118,0.648502,-0.0239615,0.237729
302.369,377.5,0.677361,0.635854,-0.023656,0.232266
303.235,377,0.706763,0.656261,-0.0200129,0.2616
304.101,376.5,0.707065,0.656143,-0.0183219,0.262835
304.967,376,0.711272,0.662789,-0.0147634,0.257684
305.833,375.5,0.718435,0.672773,-0.0104773,0.251825
306.699,375,0.728633,0.686095,-0.00546362,0.245257
307.565,374.5,0.743336,0.705179,-0.000312859,0.235098
308.431,374,0.761595,0.730966,0.00286743,0.213794
309.297,373.5,0.765067,0.741504,0.00427028,0.188362
310.163,373,0.752201,0.735014,0.00437435,0.159816
311.029,372.5,0.744246,0.731787,0.00668875,0.135444
311.895,372,0.740928,0.731824,0.0112135,0.115247
312.761,371.5,0.694947,0.684448,0.0246856,0.117784
313.627,371,0.723843,0.714318,0.0324665,0.112444
314.493,370.5,0.749176,0.742507,0.0455629,0.0887251
315.359,370,0.767683,0.762929,0.0566594,0.0637643
316.225,369.5,0.79278,0.788924,0.0583533,0.0519007
317.091,369,0.823023,0.819712,0.0602922,0.0424681
317.957,368.5,0.853034,0.849744,0.0709433,0.0238584
318.823,368,0.879169,0.875434,0.0808714,-0.00355131
319.689,367.5,0.885131,0.882423,0.0629164,-0.0287732
320.555,367,0.880923,0.878671,0.0442459,-0.0447771
321.421,366.5,0.874201,0.871338,0.037674,-0.05982
322.287,366,0.86362,0.854996,0.0631225,-0.104106
323.153,365.5,0.869717,0.847707,0.0948995,-0.16969
324.019,365,0.895063,0.848184,0.130829,-0.254173
324.885,364.5,0.897426,0.846463,0.111894,-0.276322
325.751,364,0.90372,0.847983,0.0959513,-0.297368
326.617,363.5,0.913703,0.852712,0.0831647,-0.31752
327.483,363,0.914741,0.850721,0.0670973,-0.32943
328.349,362.5,0.919237,0.849108,0.0545562,-0.347903
329.215,362,0.928868,0.850025,0.0378309,-0.372589
330.081,361.5,0.943661,0.859534,0.0199147,-0.388976
330.947,361,0.96629,0.877658,0.004534,-0.404242
331.813,360.5,0.997332,0.903311,-0.00876692,-0.422639
332.679,360,1.01658,0.923408,-0.0213808,-0.424612
333.546,359.5,1.01464,0.929002,-0.0232928,-0.407324
334.412,359,1.00297,0.924903,0.0104611,-0.387809
335.278,358.5,1.00888,0.934955,0.0454381,-0.376344
336.144,358,1.01112,0.941782,0.0679366,-0.361654
337.01,357.5,1.00703,0.944843,0.0774243,-0.339692
337.876,357,1.00188,0.94871,0.0761738,-0.312906
338.742,356.5,1.01053,0.962949,0.0677425,-0.298866
339.608,356,1.02463,0.980226,0.0585054,-0.292575
340.474,355.5,1.04764,1.00447,0.0539643,-0.292688
341.34,355,1.06614,1.0193,0.0528125,-0.308019
342.206,354.5,1.08662,1.03476,0.0508645,-0.327762
343.072,354,1.10066,1.04506,0.0516069,-0.34153
343.938,353.5,1.09447,1.04281,0.0775716,-0.323099
344.804,353,1.0934,1.0418,0.103287,-0.315425
345.67,352.5,1.0959,1.04092,0.127295,-0.318242
346.536,352,1.08221,1.00747,0.176024,-0.353834
347.402,351.5,1.07746,0.964019,0.24143,-0.416295
348.268,351,1.06115,0.907182,0.301936,-0.460321
349.134,350.5,0.985419,0.81489,0.303699,-0.463434
350,350,0.896953,0.709037,0.268143,-0.479469
350.866,349.5,0.849014,0.586594,0.284565,-0.543833
351.732,349,0.823523,0.531211,0.212396,-0.592362
352.598,348.5,0.825754,0.526174,0.109742,-0.626872
353.464,348,0.858946,0.564061,0.027917,-0.647181
354.33,347.5,0.885412,0.582015,-0.0132849,-0.667111
355.196,347,0.848005,0.585617,0.00335891,-0.613314
356.062,346.5,0.958616,0.658663,-0.0327634,-0.695725
356.928,346,0.980499,0.665101,-0.0144444,-0.720285
357.794,345.5,1.01232,0.6772,0.0207551,-0.752173
358.66,345,1.04312,0.678634,0.0663591,-0.789394
359.526,344.5,0.980968,0.60606,0.0858001,-0.766568
360.392,344,0.986164,0.609546,0.0961207,-0.769243
361.258,343.5,0.985654,0.605576,0.115573,-0.769049
362.124,343,0.985753,0.595244,0.134557,-0.774137
362.99,342.5,0.980194,0.565078,0.114353,-0.792711
363.856,342,0.973328,0.540715,0.0917254,-0.804103
364.722,341.5,0.967661,0.528809,0.0724696,-0.807141
365.588,341,0.931955,0.525371,0.0547984,-0.767804
366.454,340.5,0.883223,0.518584,0.0427319,-0.713672
367.321,340,0.848679,0.500604,0.0410062,-0.684083
368.187,339.5,0.804798,0.4834,0.0518467,-0.641356
369.053,339,0.753344,0.468334,0.0686977,-0.586064
369.919,338.5,0.705052,0.457586,0.075439,-0.531057
370.785,338,0.661616,0.442175,0.0786502,-0.48583
371.651,337.5,0.621205,0.398869,0.0997202,-0.465677
372.517,337,0.5884,0.349597,0.128186,-0.455594
373.383,336.5,0.559946,0.304094,0.150855,-0.445319
374.249,336,0.559118,0.281902,0.16614,-0.453367
375.115,335.5,0.549151,0.254956,0.172354,-0.454817
375.981,335,0.529795,0.223293,0.169605,-0.449507
376.847,334.5,0.502026,0.220759,0.185851,-0.410798
377.713,334,0.466404,0.227853,0.187531,-0.361175
378.579,333.5,0.423206,0.242822,0.173948,-0.299805
379.445,333,0.445011,0.301923,0.115722,-0.305753
380.311,332.5,0.487178,0.357362,0.0518783,-0.327022
381.177,332,0.538669,0.404597,-0.00812422,-0.355527
382.043,331.5,0.621657,0.481959,-0.0675226,-0.386798
382.909,331,0.715374,0.572434,-0.126938,-0.409837
383.775,330.5,0.807185,0.662929,-0.184959,-0.421739
384.641,330,0.885869,0.748279,-0.229393,-0.414997
385.507,329.5,0.943633,0.819479,-0.244062,-0.399163
386.373,329,1.10574,0.970415,-0.205707,-0.488519
387.239,328.5,1.19827,1.06183,-0.201379,-0.517502
388.105,328,1.10342,0.997745,-0.204069,-0.424724
388.971,327.5,1.16904,1.06038,-0.174735,-0.460142
389.837,327,1.2377,1.12777,-0.135602,-0.491584
390.703,326.5,1.28948,1.1939,-0.102183,-0.476362
391.569,326,1.30868,1.22746,-0.0710722,-0.448258
392.435,325.5,1.30934,1.2392,-0.0432932,-0.420585
393.301,325,1.31997,1.26566,-0.0622034,-0.369533
394.167,324.5,1.35583,1.31673,-0.0765008,-0.314079
395.033,324,1.41663,1.39068,-0.0871581,-0.255422
395.899,323.5,1.44489,1.41255,-0.149127,-0.264921
396.765,323,1.58874,1.54103,-0.211475,-0.323446
397.631,322.5,1.59683,1.55583,-0.232517,-0.274265
398.497,322,1.60886,1.57464,-0.244942,-0.221176
399.363,321.5,1.65871,1.63453,-0.229223,-0.164639
400.229,321,1.69846,1.68348,-0.196049,-0.110643
401.095,320.5,1.72797,1.71937,-0.154936,-0.0751617
401.962,320,1.77408,1.76855,-0.102205,-0.0956987
402.828,319.5,1.79778,1.793,-0.0272476,-0.128191
403.694,319,1.82588,1.81706,0.0367877,-0.175413
404.56,318.5,1.89173,1.87533,0.0823874,-0.234478
405.426,318,1.93794,1.91218,0.127107,-0.288137
406.292,317.5,2.05101,2.01224,0.16093,-0.362839
407.158,317,2.17421,2.12048,0.215682,-0.4292
408.024,316.5,2.25471,2.19001,0.291368,-0.450202
408.89,316,2.33947,2.26967,0.340267,-0.453797
409.756,315.5,2.37899,2.29478,0.428142,-0.458563
410.622,315,2.37578,2.25658,0.553115,-0.496222
411.488,314.5,2.36452,2.17554,0.679477,-0.629518
412.354,314,2.26841,1.94586,0.831772,-0.816996
413.22,313.5,2.10542,1.55249,0.973792,-1.03647
414.086,313,2.05466,1.1788,1.02584,-1.33407
414.952,312.5,2.04987,0.675909,1.02002,-1.64459
415.818,312,2.2543,0.379922,0.866754,-2.04603
416.684,311.5,2.44355,0.189479,0.583954,-2.36517
417.55,311,2.58715,0.152374,0.166287,-2.5773
418.416,310.5,2.66237,0.416023,-0.220896,-2.62037
419.282,310,2.81131,0.75166,-0.60589,-2.64034
420.148,309.5,3.03015,1.14168,-0.91979,-2.65186
421.014,309,3.25,1.5572,-1.13543,-2.61694
421.88,308.5,3.49493,1.95825,-1.35819,-2.55639
422.746,308,3.68983,2.33927,-1.47049,-2.44548
423.612,307.5,3.87752,2.69424,-1.50017,-2.35069
424.478,307,4.03585,2.99816,-1.53557,-2.22287
425.344,306.5,4.18853,3.29946,-1.40152,-2.16635
426.21,306,4.33675,3.57925,-1.243,-2.10981
427.076,305.5,4.47602,3.83523,-1.06309,-2.04832
427.942,305,4.65043,4.12366,-0.74146,-2.01795
428.808,304.5,4.82022,4.37646,-0.425542,-1.97485
429.674,304,4.79387,4.42513,-0.0415161,-1.84328
430.54,303.5,4.42056,4.03093,0.447102,-1.75871
431.406,303,3.85012,3.28325,0.871656,-1.81215
432.272,302.5,2.73138,2.09973,0.886595,-1.50517
433.138,302,1.85878,1.42138,0.682614,-0.984257
434.004,301.5,1.29085,1.17102,0.408319,-0.358171
434.87,301,1.25016,1.19906,0.291704,-0.200151
435.737,300.5,1.10739,1.08883,0.171164,0.107015
436.603,300,1.03842,0.998857,0.0922177,0.268522
437.469,299.5,0.986236,0.929073,0.0272164,0.329764
438.335,299,0.935613,0.856199,-0.040928,0.374993
439.201,298.5,0.899297,0.807215,-0.084851,0.387221
440.067,298,0.87527,0.791588,-0.0956087,0.361033
440.933,297.5,0.853151,0.777152,-0.102153,0.336849
441.799,297,0.834053,0.765094,-0.103671,0.315478
442.665,296.5,0.815036,0.751102,-0.097162,0.301145
443.531,296,0.789163,0.727649,-0.088281,0.292425
444.397,295.5,0.766997,0.705998,-0.0834401,0.287905
445.263,295,0.747659,0.686803,-0.0874333,0.282225
446.129,294.5,0.732017,0.670471,-0.0911779,0.27929
446.995,294,0.720079,0.657004,-0.0946738,0.279099
447.861,293.5,0.71802,0.653805,-0.099968,0.279461
448.727,293,0.721257,0.655988,-0.10434,0.281076
449.593,292.5,0.729124,0.662869,-0.107544,0.28401
450.459,292,0.741921,0.674005,-0.107047,0.291042
451.325,291.5,0.758552,0.68842,-0.105068,0.300732
452.191,291,0.779742,0.706292,-0.100447,0.314738
453.057,290.5,0.803302,0.725965,-0.0893338,0.332097
453.923,290,0.826991,0.745931,-0.0766575,0.348749
454.789,289.5,0.851523,0.766359,-0.0649275,0.365472
455.655,289,0.873008,0.78463,-0.0523489,0.379153
456.521,288.5,0.889598,0.799473,-0.0379509,0.388315
457.387,288,0.900026,0.808988,-0.0283926,0.393419
458.253,287.5,0.903345,0.812814,-0.0203377,0.39364
459.119,287,0.890505,0.803912,-0.014532,0.382771
459.985,286.5,0.875592,0.794104,-0.00895328,0.368753
460.851,286,0.859275,0.784519,-0.00374062,0.350528
461.717,285.5,0.848733,0.784972,0.000814659,0.322748
462.583,285,0.841549,0.787743,0.00537086,0.296036
463.449,284.5,0.83483,0.789835,0.00902404,0.270225
464.315,284,0.821686,0.781045,0.00354862,0.255195
465.181,283.5,0.829945,0.791628,-0.00319881,0.249245
466.047,283,0.859746,0.821883,-0.0108972,0.252095
466.913,282.5,0.884268,0.844272,-0.0147125,0.262523
467.779,282,0.908854,0.86597,-0.017775,0.275309
468.645,281.5,0.931655,0.885663,-0.0202276,0.288398
469.512,281,0.951002,0.901785,-0.0216617,0.301198
470.378,280.5,0.966965,0.915767,-0.0221088,0.309682
471.244,280,0.983444,0.930622,-0.0222108,0.317194
472.11,279.5,0.994377,0.941439,-0.0214958,0.319399
472.976,279,0.998212,0.947045,-0.0199026,0.314861
473.842,278.5,1.00145,0.951923,-0.0190656,0.31046
474.708,278,1.00247,0.953823,-0.0176513,0.307983
475.574,277.5,0.996604,0.948605,-0.013083,0.305281
476.44,277,0.979789,0.934815,-0.00777348,0.293339
477.306,276.5,0.971359,0.927196,-0.00413749,0.289532
478.172,276,0.974367,0.926636,-0.000242495,0.301225
479.038,275.5,0.981193,0.926058,0.00217689,0.324271
