x,v,vx,vy,vz
220.096,425,0.630543,0.628071,0.00415408,-0.0556262
220.962,424.5,0.627622,0.625188,0.00446398,-0.0550376
221.828,424,0.624895,0.622482,0.00472579,-0.0546597
222.694,423.5,0.622382,0.619971,0.00493888,-0.054506
223.56,423,0.619376,0.616975,0.00501546,-0.0542512
224.426,422.5,0.616352,0.613947,0.00503335,-0.0541611
225.292,422,0.615008,0.612633,0.00517392,-0.0537472
226.158,421.5,0.613534,0.611184,0.00524327,-0.0533945
227.024,421,0.612082,0.609745,0.00527096,-0.0531736
227.89,420.5,0.610914,0.608574,0.00529763,-0.05315
228.756,420,0.609834,0.607492,0.00523707,-0.0531361
229.622,419.5,0.60956,0.607244,0.00515341,-0.0528283
230.488,419,0.610438,0.608175,0.00514793,-0.0522671
231.355,418.5,0.611657,0.609472,0.0050688,-0.0514104
232.221,418,0.613229,0.611175,0.00485953,-0.049919
233.087,417.5,0.615254,0.613338,0.00471378,-0.048292
233.953,417,0.61779,0.61603,0.00459898,-0.0463761
234.819,416.5,0.618729,0.617207,0.00464433,-0.0431277
235.685,416,0.61967,0.61837,0.00478501,-0.0398239
236.551,415.5,0.62064,0.619548,0.00502386,-0.0364558
237.417,415,0.621474,0.620596,0.00556914,-0.0325425
238.283,414.5,0.622374,0.62168,0.00623757,-0.0287038
239.149,414,0.622411,0.621862,0.00676702,-0.0252625
240.015,413.5,0.620892,0.620441,0.00732898,-0.0224766
240.881,413,0.619212,0.618837,0.00798946,-0.0200064
241.747,412.5,0.617457,0.617137,0.00872155,-0.0178335
242.613,412,0.615359,0.615059,0.00984543,-0.016473
243.479,411.5,0.613375,0.613076,0.0110983,-0.0155932
244.345,411,0.611691,0.611415,0.0121818,-0.0137602
245.211,410.5,0.610101,0.609837,0.013168,-0.0121851
246.077,410,0.608791,0.608535,0.0139851,-0.0107785
246.943,409.5,0.607814,0.60757,0.0145874,-0.00915652
247.809,409,0.607357,0.607126,0.0148331,-0.00780069
248.675,408.5,0.606198,0.605957,0.0150893,-0.00808695
249.541,408,0.603653,0.603385,0.0155274,-0.00909346
250.407,407.5,0.600719,0.600424,0.0156885,-0.0103909
251.273,407,0.597753,0.597426,0.0152335,-0.0125992
252.139,406.5,0.594493,0.594128,0.0146078,-0.0148252
253.005,406,0.590634,0.590231,0.013665,-0.0170074
253.871,405.5,0.584183,0.583764,0.0112981,-0.019021
254.737,405,0.577587,0.577121,0.00889746,-0.0214237
255.603,404.5,0.570853,0.570303,0.0064632,-0.0242156
256.469,404,0.564392,0.563682,0.00432249,-0.0279754
257.335,403.5,0.558037,0.557107,0.00226079,-0.03213
258.201,403,0.550643,0.549419,0.00126593,-0.0366733
259.067,402.5,0.542684,0.541145,0.00114465,-0.0408206
259.933,402,0.534237,0.532357,0.000867529,-0.0447736
260.799,401.5,0.525162,0.522911,0.000279065,-0.0485696
261.665,401,0.51659,0.513928,-0.00029924,-0.052375
262.531,400.5,0.510932,0.507819,-0.00135555,-0.0562996
263.397,400,0.514798,0.51129,-0.00342447,-0.0598909
264.263,399.5,0.518639,0.514948,-0.00498893,-0.0615618
265.13,399,0.523083,0.519487,-0.00613366,-0.0609257
265.996,398.5,0.52808,0.524684,-0.00750237,-0.0593272
266.862,398,0.534516,0.531486,-0.00912639,-0.0560879
267.728,397.5,0.544513,0.542107,-0.0108928,-0.0499593
268.594,397,0.55454,0.552735,-0.0121669,-0.0430098
269.46,396.5,0.564012,0.56276,-0.0127844,-0.0353131
270.326,396,0.571827,0.571079,-0.0120562,-0.0266426
271.192,395.5,0.577905,0.577548,-0.0104172,-0.0174335
272.058,395,0.582378,0.582255,-0.00859769,-0.008322
272.924,394.5,0.581706,0.58161,-0.0103982,-0.00174336
273.79,394,0.571096,0.57098,-0.0108495,0.00392325
274.656,393.5,0.550514,0.550356,-0.00991909,0.00868181
275.522,393,0.52752,0.527384,-0.00706462,0.00965722
276.388,392.5,0.50062,0.50053,-0.00299816,0.00900378
277.254,392,0.488704,0.488643,0.00279396,0.00724615
278.12,391.5,0.486819,0.486691,0.00741181,0.00837588
278.986,391,0.483842,0.483578,0.0117305,0.0108527
279.852,390.5,0.477466,0.476899,0.0161183,0.0167728
280.718,390,0.468563,0.46774,0.019803,0.0194506
281.584,389.5,0.45904,0.458345,0.022104,0.0121837
282.45,389,0.453523,0.452992,0.0218087,-0.00228994
283.316,388.5,0.450268,0.449646,0.0213446,-0.0102036
284.182,388,0.493854,0.493075,0.0192969,-0.019916
285.048,387.5,0.4885,0.48773,0.0213426,-0.0171954
285.914,387,0.480051,0.479302,0.0236981,-0.0125282
286.78,386.5,0.46857,0.46779,0.0263633,-0.00591438
287.646,386,0.460339,0.459599,0.0260184,-0.00202049
288.512,385.5,0.454023,0.453425,0.0232768,-0.000549322
289.378,385,0.450359,0.449938,0.0180519,-0.00726926
290.244,384.5,0.447172,0.446798,0.0136359,-0.0121984
291.11,384,0.444383,0.444005,0.0100286,-0.0153366
291.976,383.5,0.441934,0.44156,0.00723005,-0.0166841
292.842,383,0.443684,0.443278,0.00486289,-0.0183326
293.708,382.5,0.453079,0.452486,0.0023818,-0.0230381
294.574,382,0.460406,0.459666,0.000613056,-0.0260798
295.44,381.5,0.465627,0.464817,-0.00044336,-0.0274575
296.306,381,0.468727,0.467939,-0.000787443,-0.0271713
297.172,380.5,0.46971,0.469032,-0.000419192,-0.0252213
298.038,380,0.47111,0.470646,-9.71427e-05,-0.0208972
298.905,379.5,0.493156,0.493064,-0.00459232,-0.00830534
299.771,379,0.515854,0.515756,-0.00928793,0.00392583
300.637,378.5,0.539061,0.538644,-0.0141748,0.0157584
301.503,378,0.562718,0.561731,-0.0192528,0.0271923
302.369,377.5,0.586775,0.585015,-0.0245221,0.0382275
303.235,377,0.611191,0.608497,-0.0299826,0.0488642
304.101,376.5,0.632924,0.62871,-0.0370173,0.0628238
304.967,376,0.653962,0.647656,-0.0450438,0.0786026
305.833,375.5,0.675815,0.66704,-0.0534239,0.0944965
306.699,375,0.698465,0.686862,-0.0621578,0.110505
307.565,374.5,0.718874,0.70449,-0.0693596,0.125151
308.431,374,0.728319,0.712403,-0.0701665,0.134191
309.297,373.5,0.737387,0.7208,-0.0701669,0.13879
310.163,373,0.749353,0.733348,-0.068898,0.137781
311.029,372.5,0.764848,0.749018,-0.0685712,0.138793
311.895,372,0.783858,0.76781,-0.0691866,0.141826
312.761,371.5,0.806376,0.789724,-0.0707443,0.14688
313.627,371,0.832407,0.81476,-0.0732442,0.153956
314.493,370.5,0.860875,0.841818,-0.076265,0.16319
315.359,370,0.867491,0.846408,-0.0709505,0.17635
316.225,369.5,0.872216,0.8488,-0.0655478,0.189742
317.091,369,0.867749,0.842001,-0.0585298,0.201485
317.957,368.5,0.845173,0.817737,-0.0484374,0.208033
318.823,368,0.824539,0.795338,-0.0396872,0.213838
319.689,367.5,0.805781,0.774806,-0.0322793,0.218899
320.555,367,0.800391,0.768623,-0.0244922,0.221909
321.421,366.5,0.801776,0.768422,-0.0185997,0.228091
322.287,366,0.776363,0.747671,0.00606825,0.209024
323.153,365.5,0.812661,0.771978,-0.0149485,0.253464
324.019,365,0.822436,0.775736,-0.0171899,0.272654
324.885,364.5,0.835393,0.780813,-0.0221425,0.29618
325.751,364,0.840897,0.778558,-0.0199369,0.317108
326.617,363.5,0.826901,0.760866,-0.00128469,0.323799
327.483,363,0.800466,0.734874,0.0167692,0.316899
328.349,362.5,0.752421,0.682972,0.0552464,0.310861
329.215,362,0.786079,0.698573,0.0774877,0.352012
330.081,361.5,0.74106,0.668814,0.0713274,0.311079
330.947,361,0.678619,0.628232,0.0550403,0.250638
331.813,360.5,0.649332,0.611716,0.0229321,0.216585
332.679,360,0.620201,0.595609,0.00258003,0.172892
333.546,359.5,0.59489,0.580078,-0.0178716,0.130707
334.412,359,0.573536,0.565122,-0.0384228,0.090029
335.278,358.5,0.55623,0.55074,-0.0590735,0.050859
336.144,358,0.54379,0.538297,-0.0744105,0.020162
337.01,357.5,0.537765,0.532768,-0.0730895,0.00284599
337.876,357,0.535221,0.530511,-0.0689755,-0.0162039
338.742,356.5,0.535507,0.53025,-0.0644675,-0.038033
339.608,356,0.538964,0.531987,-0.0595653,-0.0626415
340.474,355.5,0.545936,0.53572,-0.054269,-0.0900291
341.34,355,0.556754,0.54145,-0.0485786,-0.120196
342.206,354.5,0.567475,0.546456,-0.0438379,-0.1466
343.072,354,0.575902,0.550608,-0.0424554,-0.163375
343.938,353.5,0.585796,0.557015,-0.0437358,-0.176007
344.804,353,0.568615,0.546807,-0.0463872,-0.148909
345.67,352.5,0.584384,0.561032,-0.0531877,-0.154658
346.536,352,0.600634,0.575412,-0.0540288,-0.163534
347.402,351.5,0.623278,0.595802,-0.0516779,-0.175569
348.268,351,0.64707,0.617752,-0.0449748,-0.187241
349.134,350.5,0.664804,0.633845,-0.035997,-0.197254
350,350,0.684816,0.65042,-0.0269907,-0.212598
350.866,349.5,0.709867,0.669705,-0.0198875,-0.234545
351.732,349,0.733572,0.687981,-0.011891,-0.254301
352.598,348.5,0.748263,0.701309,-0.00178846,-0.260884
353.464,348,0.753849,0.708846,0.00267804,-0.256551
354.33,347.5,0.760191,0.716173,-0.00109699,-0.254922
355.196,347,0.763682,0.719978,-0.01917,-0.253919
356.062,346.5,0.773743,0.728595,-0.0367771,-0.257826
356.928,346,0.788955,0.740717,-0.0520749,-0.266603
357.794,345.5,0.796711,0.741134,-0.0552312,-0.287085
358.66,345,0.806257,0.741707,-0.0613383,-0.310094
359.526,344.5,0.817351,0.743047,-0.0697324,-0.33329
360.392,344,0.832415,0.749555,-0.0544016,-0.357941
361.258,343.5,0.842616,0.750187,-0.0342992,-0.382157
362.124,343,0.849828,0.746651,-0.010757,-0.405715
362.99,342.5,0.835401,0.731481,-0.00655864,-0.403469
363.856,342,0.819875,0.714582,-0.00924149,-0.401848
364.722,341.5,0.809718,0.699358,-0.0141009,-0.407851
365.588,341,0.802969,0.684312,-0.0166704,-0.41976
366.454,340.5,0.78395,0.659918,-0.0186443,-0.422774
367.321,340,0.780283,0.651247,-0.0253422,-0.429041
368.187,339.5,0.793271,0.652644,-0.0321606,-0.449778
369.053,339,0.813304,0.659132,-0.0371005,-0.475008
369.919,338.5,0.829185,0.666865,-0.045211,-0.490708
370.785,338,0.844352,0.679936,-0.0569036,-0.497372
371.651,337.5,0.86917,0.705931,-0.0699019,-0.502228
372.517,337,0.900836,0.737475,-0.08207,-0.510785
373.383,336.5,0.932769,0.770631,-0.0969273,-0.516519
374.249,336,0.971532,0.811644,-0.113048,-0.521852
375.115,335.5,1.00422,0.850947,-0.12692,-0.517923
375.981,335,1.03125,0.888552,-0.138532,-0.504729
376.847,334.5,1.05045,0.91327,-0.137807,-0.500393
377.713,334,1.06987,0.937989,-0.141807,-0.494657
378.579,333.5,1.09024,0.963975,-0.151528,-0.486216
379.445,333,1.09027,0.97125,-0.147963,-0.472716
380.311,332.5,1.08362,0.971863,-0.136069,-0.459557
381.177,332,1.07003,0.962956,-0.11248,-0.452792
382.043,331.5,1.05241,0.946975,-0.0684679,-0.454009
382.909,331,1.02897,0.924601,-0.0200753,-0.451105
383.775,330.5,0.997775,0.893559,0.0285524,-0.443049
384.641,330,0.971809,0.861072,0.0635337,-0.446016
385.507,329.5,0.953873,0.831929,0.0828819,-0.459238
386.373,329,0.932991,0.805976,0.0968273,-0.459891
387.239,328.5,0.898275,0.77497,0.103285,-0.442327
388.105,328,0.857833,0.742667,0.0998656,-0.417554
388.971,327.5,0.817501,0.70947,0.0946353,-0.394976
389.837,327,0.784357,0.681464,0.0830152,-0.379381
390.703,326.5,0.781122,0.680501,0.0555294,-0.379457
391.569,326,0.775408,0.678605,0.034043,-0.373624
392.435,325.5,0.764125,0.672028,0.0179778,-0.363238
393.301,325,0.766905,0.675453,-0.00226527,-0.363182
394.167,324.5,0.773319,0.679027,-0.0198088,-0.369529
395.033,324,0.782706,0.682362,-0.034892,-0.381829
395.899,323.5,0.796261,0.692606,-0.0540486,-0.389111
396.765,323,0.81543,0.705913,-0.0727887,-0.40164
397.631,322.5,0.83895,0.720789,-0.0910323,-0.419538
398.497,322,0.852434,0.73299,-0.0967781,-0.424267
399.363,321.5,0.867062,0.749951,-0.099235,-0.4237
400.229,321,0.887802,0.773551,-0.104348,-0.422992
401.095,320.5,0.909547,0.800326,-0.0935559,-0.421902
401.962,320,0.931971,0.827577,-0.0712905,-0.422615
402.828,319.5,0.955664,0.853386,-0.0488963,-0.427359
403.694,319,0.960279,0.862765,-0.0240879,-0.420942
404.56,318.5,0.939572,0.852491,0.00562807,-0.394998
405.426,318,0.921063,0.844113,0.0262625,-0.367614
406.292,317.5,0.907003,0.837529,0.0344065,-0.346433
407.158,317,0.892185,0.829419,0.0199922,-0.328112
408.024,316.5,0.877385,0.823232,0.00102572,-0.303467
408.89,316,0.866002,0.821636,-0.0218496,-0.272757
409.756,315.5,0.896731,0.859328,-0.0292153,-0.254613
410.622,315,0.930539,0.895633,-0.0240041,-0.251335
411.488,314.5,0.953243,0.918088,-0.0113386,-0.256239
412.354,314,0.949713,0.906856,0.00656427,-0.281999
413.22,313.5,0.938108,0.887063,0.0332063,-0.30342
414.086,313,0.92918,0.870793,0.062826,-0.318037
414.952,312.5,0.971584,0.917453,0.0581572,-0.314441
415.818,312,1.00977,0.960758,0.0538654,-0.306081
416.684,311.5,1.04112,0.997158,0.0527011,-0.294679
417.55,311,1.05993,1.0202,0.059072,-0.281352
418.416,310.5,1.06291,1.02811,0.0690565,-0.260771
419.282,310,1.05554,1.02455,0.0854646,-0.239089
420.148,309.5,1.05298,1.02142,0.108533,-0.231723
421.014,309,1.05311,1.01726,0.133738,-0.237351
421.88,308.5,1.05537,1.01445,0.154989,-0.246317
422.746,308,1.06221,1.01339,0.174743,-0.266047
423.612,307.5,1.04582,0.986742,0.199397,-0.283404
424.478,307,0.984352,0.920541,0.217978,-0.2721
425.344,306.5,0.94292,0.877474,0.229391,-0.257912
426.21,306,0.940934,0.875801,0.234961,-0.251242
427.076,305.5,0.943604,0.882208,0.241615,-0.231776
427.942,305,0.952088,0.896893,0.249412,-0.199621
428.808,304.5,1.01687,0.974044,0.240113,-0.166165
429.674,304,1.08188,1.05099,0.222636,-0.127736
430.54,303.5,1.134,1.11241,0.203445,-0.0842969
431.406,303,1.17755,1.16359,0.17788,-0.0322129
432.272,302.5,1.21481,1.20473,0.154368,0.0236991
433.138,302,1.25357,1.24457,0.134936,0.0654837
434.004,301.5,1.30355,1.29667,0.116633,0.0655343
434.87,301,1.36076,1.35524,0.100346,0.0702577
435.737,300.5,1.42914,1.42406,0.0884901,0.0815527
436.603,300,1.49009,1.48559,0.0786366,0.0849546
437.469,299.5,1.53655,1.53302,0.069288,0.0776367
438.335,299,1.52,1.51725,0.0745655,0.052803
439.201,298.5,1.48569,1.48364,0.0778425,0.00657097
440.067,298,1.53292,1.53041,0.0506308,-0.0716055
440.933,297.5,1.51218,1.50485,0.0277479,-0.146124
441.799,297,1.47201,1.45665,0.0421924,-0.207832
442.665,296.5,1.44093,1.41828,0.0559051,-0.248237
443.531,296,1.4386,1.41045,0.0549839,-0.277778
444.397,295.5,1.40162,1.36999,0.0434696,-0.292865
445.263,295,1.37201,1.33716,0.0321123,-0.305595
446.129,294.5,1.3286,1.28984,0.0238495,-0.31768
446.995,294,1.25344,1.20993,0.0176454,-0.326909
447.861,293.5,1.17795,1.13551,0.00786605,-0.313225
448.727,293,1.11583,1.08531,-0.0127642,-0.25889
449.593,292.5,1.05805,1.0379,-0.0430594,-0.200911
450.459,292,1.02042,1.00061,-0.0595827,-0.19103
451.325,291.5,1.03696,1.007,-0.0814349,-0.233656
452.191,291,1.09005,1.05741,-0.101182,-0.244622
453.057,290.5,1.16797,1.13417,-0.11416,-0.254509
453.923,290,1.08377,1.00039,-0.0962476,-0.4056
454.789,289.5,1.15667,1.03652,-0.0939976,-0.504643
455.655,289,1.21413,1.05481,-0.0849936,-0.595196
456.521,288.5,1.25068,1.04701,-0.0632569,-0.681158
457.387,288,1.33393,1.06682,-0.0591321,-0.798614
458.253,287.5,1.42037,1.09885,-0.0566318,-0.898203
459.119,287,1.47409,1.127,-0.04757,-0.948977
459.985,286.5,1.72996,1.30459,-0.0249828,-1.13585
460.851,286,1.844,1.37563,-0.0194153,-1.22785
461.717,285.5,1.92841,1.42772,-0.0234919,-1.29608
462.583,285,1.98926,1.46023,-0.0350724,-1.35043
463.449,284.5,2.00565,1.46952,-0.0472062,-1.36416
464.315,284,2.01903,1.48906,-0.0515109,-1.36254
465.181,283.5,2.02096,1.52793,-0.0529884,-1.3217
466.047,283,2.02727,1.58359,-0.0511895,-1.26469
466.913,282.5,2.03214,1.64233,-0.0461403,-1.19591
467.779,282,2.01391,1.66372,-0.0118571,-1.13479
468.645,281.5,1.96496,1.63933,0.0436452,-1.08248
469.512,281,1.88675,1.57176,0.116373,-1.03722
470.378,280.5,1.75811,1.46226,0.224876,-0.94983
471.244,280,1.59016,1.31045,0.320988,-0.841597
472.11,279.5,1.34782,1.0651,0.341812,-0.751898
472.976,279,1.08172,0.802941,0.267319,-0.673755
473.842,278.5,0.865046,0.62994,0.195953,-0.559538
474.708,278,0.751557,0.603198,0.15361,-0.421182
475.574,277.5,0.672279,0.589174,0.114278,-0.302943
476.44,277,0.599734,0.562522,0.0771547,-0.193124
477.306,276.5,0.586045,0.573194,0.0434054,-0.114073
478.172,276,0.598887,0.596703,0.0181776,-0.0477484
479.038,275.5,0.621435,0.621272,-0.00607458,0.0128889
