x,v,vx,vy,vz
220.096,425,0.614516,0.611865,-0.00254386,-0.0569656
220.962,424.5,0.613199,0.61048,-0.00202711,-0.0576441
221.828,424,0.611919,0.60912,-0.00156491,-0.0584374
222.694,423.5,0.610692,0.607799,-0.00116145,-0.0593523
223.56,423,0.609025,0.606051,-0.000770342,-0.0601169
224.426,422.5,0.60745,0.604377,-0.000435074,-0.0610245
225.292,422,0.60623,0.6031,-6.95388e-05,-0.0615199
226.158,421.5,0.604811,0.601649,0.000197459,-0.0617555
227.024,421,0.603482,0.60029,0.00038276,-0.0619899
227.89,420.5,0.602465,0.599226,0.000530822,-0.0623836
228.756,420,0.601529,0.598254,0.000583132,-0.0626849
229.622,419.5,0.600958,0.597663,0.00068259,-0.0628343
230.488,419,0.600914,0.597603,0.000867762,-0.0629859
231.355,418.5,0.600951,0.597639,0.00090738,-0.0629975
232.221,418,0.60104,0.597757,0.000781061,-0.0627277
233.087,417.5,0.601484,0.598216,0.000577498,-0.0626105
233.953,417,0.602236,0.598978,0.000274209,-0.0625604
234.819,416.5,0.603688,0.600557,4.0547e-05,-0.0613963
235.685,416,0.60525,0.602239,-0.000145779,-0.0603044
236.551,415.5,0.606913,0.60401,-0.000287111,-0.0592852
237.417,415,0.608728,0.605965,-0.000363238,-0.0579347
238.283,414.5,0.610754,0.60812,-0.000382842,-0.0566573
239.149,414,0.612704,0.610172,-0.000482092,-0.0556402
240.015,413.5,0.614306,0.611898,-0.000730368,-0.054338
240.881,413,0.615832,0.61355,-0.000967403,-0.0529492
241.747,412.5,0.61729,0.615134,-0.00118648,-0.0515414
242.613,412,0.618647,0.616646,-0.00136417,-0.049703
243.479,411.5,0.619912,0.61807,-0.00150195,-0.0477308
244.345,411,0.621012,0.619299,-0.00135919,-0.0460612
245.211,410.5,0.621837,0.620257,-0.00119754,-0.0442917
246.077,410,0.622428,0.620973,-0.00104449,-0.0425205
246.943,409.5,0.622896,0.621547,-0.000892603,-0.0409537
247.809,409,0.623102,0.621846,-0.000670349,-0.0395312
248.675,408.5,0.623039,0.621879,-0.000721711,-0.0379991
249.541,408,0.622981,0.621913,-0.00102085,-0.036451
250.407,407.5,0.62287,0.62188,-0.0013105,-0.0350761
251.273,407,0.622615,0.621685,-0.00162796,-0.0339823
252.139,406.5,0.622408,0.621525,-0.00194925,-0.0330873
253.005,406,0.62214,0.621288,-0.00221897,-0.0324721
253.871,405.5,0.620808,0.61995,-0.00208259,-0.0325457
254.737,405,0.619035,0.618185,-0.00202393,-0.0323676
255.603,404.5,0.616822,0.615991,-0.00204299,-0.0319378
256.469,404,0.614426,0.613599,-0.00232786,-0.0317903
257.335,403.5,0.611525,0.610714,-0.00284716,-0.0313532
258.201,403,0.609477,0.608591,-0.00360267,-0.0326585
259.067,402.5,0.608058,0.60698,-0.0042589,-0.0359353
259.933,402,0.605703,0.604421,-0.00459445,-0.0391172
260.799,401.5,0.602238,0.600757,-0.0045778,-0.041952
261.665,401,0.59816,0.596404,-0.00462212,-0.0455562
262.531,400.5,0.593661,0.591571,-0.0048338,-0.0495334
263.397,400,0.591005,0.588504,-0.00572556,-0.0540074
264.263,399.5,0.588703,0.585725,-0.00644062,-0.0587907
265.13,399,0.586556,0.583066,-0.00687198,-0.0635196
265.996,398.5,0.583878,0.579909,-0.00718822,-0.0675903
266.862,398,0.581262,0.576799,-0.00752995,-0.0714972
267.728,397.5,0.581253,0.576044,-0.00762576,-0.0772615
268.594,397,0.581906,0.575794,-0.00731054,-0.0837989
269.46,396.5,0.58255,0.575411,-0.00677961,-0.0906678
270.326,396,0.582902,0.574597,-0.0060017,-0.0978636
271.192,395.5,0.583631,0.57395,-0.00505116,-0.10574
272.058,395,0.586067,0.57518,-0.00504817,-0.112326
272.924,394.5,0.592855,0.583377,-0.00921929,-0.105186
273.79,394,0.597283,0.589248,-0.0134339,-0.0967097
274.656,393.5,0.599368,0.592757,-0.0176855,-0.0869962
275.522,393,0.603807,0.598808,-0.0200904,-0.074889
276.388,392.5,0.608107,0.604456,-0.0211515,-0.0630872
277.254,392,0.612385,0.609546,-0.0162026,-0.0566185
278.12,391.5,0.617891,0.615627,-0.00972713,-0.0519373
278.986,391,0.622214,0.62033,-0.00367808,-0.0482388
279.852,390.5,0.624456,0.622923,0.00183378,-0.0436889
280.718,390,0.623835,0.622395,0.00638045,-0.0418694
281.584,389.5,0.618966,0.617305,0.00900408,-0.0444164
282.45,389,0.608879,0.606965,0.00913657,-0.0473665
283.316,388.5,0.598497,0.596546,0.00922809,-0.0473934
284.182,388,0.654726,0.652161,0.00944711,-0.0571199
285.048,387.5,0.656679,0.653838,0.0123329,-0.0597636
285.914,387,0.657479,0.654295,0.0155565,-0.0627325
286.78,386.5,0.657137,0.653532,0.0191179,-0.0660266
287.646,386,0.652823,0.648917,0.0223597,-0.0677143
288.512,385.5,0.644227,0.640134,0.0251843,-0.067993
289.378,385,0.631689,0.627559,0.0252981,-0.0675331
290.244,384.5,0.621619,0.617328,0.0245771,-0.0686454
291.11,384,0.614035,0.609443,0.0230214,-0.07133
291.976,383.5,0.608965,0.603903,0.0206309,-0.0755868
292.842,383,0.605015,0.599367,0.0173276,-0.0806364
293.708,382.5,0.599466,0.593251,0.0137865,-0.084987
294.574,382,0.595109,0.588146,0.0105985,-0.0901499
295.44,381.5,0.591962,0.584053,0.0077635,-0.096125
296.306,381,0.59004,0.580972,0.00528158,-0.102912
297.172,380.5,0.589364,0.578902,0.00315271,-0.110512
298.038,380,0.589014,0.577049,0.0014766,-0.11811
298.905,379.5,0.580417,0.568408,0.00351509,-0.117407
299.771,379,0.573835,0.561904,0.00520768,-0.116287
300.637,378.5,0.569309,0.557578,0.0065229,-0.114791
301.503,378,0.566841,0.55543,0.00746076,-0.112918
302.369,377.5,0.566434,0.55546,0.00802126,-0.11067
303.235,377,0.568096,0.557667,0.0082044,-0.108045
304.101,376.5,0.574694,0.565353,0.00822017,-0.102862
304.967,376,0.585187,0.577355,0.00780425,-0.0950999
305.833,375.5,0.598384,0.592193,0.00682573,-0.0855816
306.699,375,0.6144,0.609867,0.0052846,-0.0743075
307.565,374.5,0.63236,0.629465,0.00310786,-0.0603503
308.431,374,0.649203,0.647838,0.000383053,-0.0420863
309.297,373.5,0.669221,0.668824,-0.0025263,-0.0229021
310.163,373,0.692227,0.692199,-0.00545075,-0.00308064
311.029,372.5,0.715737,0.715503,-0.00815324,0.0163653
311.895,372,0.739663,0.738737,-0.0106338,0.0354356
312.761,371.5,0.763929,0.7619,-0.0128923,0.0541303
313.627,371,0.788471,0.784993,-0.0149289,0.0724494
314.493,370.5,0.812983,0.807796,-0.0166513,0.0901684
315.359,370,0.831845,0.825344,-0.0161737,0.102524
316.225,369.5,0.849424,0.841617,-0.0153519,0.113872
317.091,369,0.861463,0.852635,-0.0128223,0.122345
317.957,368.5,0.861045,0.851918,-0.00661201,0.124864
318.823,368,0.858777,0.849469,-0.000288535,0.126102
319.689,367.5,0.854658,0.845288,0.00614816,0.126058
320.555,367,0.842962,0.833328,0.010551,0.126643
321.421,366.5,0.828977,0.819049,0.0136014,0.127193
322.287,366,0.815055,0.804927,0.0159836,0.127091
323.153,365.5,0.801185,0.790964,0.0176974,0.126336
324.019,365,0.787358,0.777158,0.018743,0.124928
324.885,364.5,0.773569,0.763509,0.0191204,0.122868
325.751,364,0.762432,0.752066,0.0185317,0.123921
326.617,363.5,0.755942,0.743967,0.0156491,0.133099
327.483,363,0.752779,0.738442,0.0113014,0.145781
328.349,362.5,0.750745,0.734264,0.00896084,0.156183
329.215,362,0.749711,0.731434,0.00862726,0.164305
330.081,361.5,0.74959,0.729951,0.0103007,0.170147
330.947,361,0.748665,0.728152,0.0133491,0.173538
331.813,360.5,0.73362,0.712304,0.0118447,0.175161
332.679,360,0.719049,0.696544,0.0105762,0.178174
333.546,359.5,0.704992,0.680873,0.00954368,0.182577
334.412,359,0.63354,0.610942,0.00179852,0.167689
335.278,358.5,0.655719,0.627267,0.00258928,0.19104
336.144,358,0.683438,0.650526,0.0036255,0.209502
337.01,357.5,0.70393,0.668609,-0.000853002,0.220179
337.876,357,0.707099,0.672356,-0.0108217,0.218654
338.742,356.5,0.679532,0.646327,-0.0151299,0.209278
339.608,356,0.721025,0.677317,-0.0211015,0.24632
340.474,355.5,0.725069,0.679612,-0.0245929,0.25149
341.34,355,0.684587,0.640032,-0.00841102,0.242791
342.206,354.5,0.708689,0.656377,-0.00519246,0.267173
343.072,354,0.72896,0.670333,-0.00383617,0.286394
343.938,353.5,0.702283,0.656489,-0.0184696,0.248761
344.804,353,0.675925,0.640804,-0.0332895,0.212454
345.67,352.5,0.652165,0.624844,-0.0473715,0.180681
346.536,352,0.651589,0.630706,-0.0560057,0.153757
347.402,351.5,0.659264,0.643855,-0.0634296,0.126715
348.268,351,0.664969,0.651922,-0.0639707,0.114408
349.134,350.5,0.642187,0.630484,-0.0574348,0.107681
350,350,0.622437,0.607867,-0.0558166,0.121695
350.866,349.5,0.620156,0.606614,-0.0571197,0.115542
351.732,349,0.617195,0.604373,-0.0580033,0.110897
352.598,348.5,0.613518,0.601144,-0.0584674,0.10776
353.464,348,0.591029,0.581999,-0.0457224,0.092211
354.33,347.5,0.565335,0.559789,-0.0310451,0.0726372
355.196,347,0.542403,0.539654,-0.0164486,0.0519975
356.062,346.5,0.523074,0.521913,-0.00307111,0.0346874
356.928,346,0.505256,0.504728,0.00835765,0.0215372
357.794,345.5,0.488584,0.488097,0.0178376,0.0125468
358.66,345,0.484695,0.484282,0.0197156,0.00347808
359.526,344.5,0.492835,0.492498,0.0158943,-0.00887304
360.392,344,0.502554,0.50194,0.0118338,-0.0218438
361.258,343.5,0.513885,0.512606,0.00753434,-0.0354343
362.124,343,0.52685,0.524498,0.00299581,-0.0496444
362.99,342.5,0.541469,0.537614,-0.00178177,-0.0644742
363.856,342,0.555115,0.549326,-0.00689025,-0.0796623
364.722,341.5,0.567152,0.559131,-0.0111183,-0.094395
365.588,341,0.586432,0.576069,-0.0133768,-0.10894
366.454,340.5,0.608355,0.595599,-0.0148398,-0.123033
367.321,340,0.632852,0.617723,-0.0155073,-0.136674
368.187,339.5,0.659866,0.642439,-0.0153793,-0.149863
369.053,339,0.689355,0.669748,-0.0144558,-0.1626
369.919,338.5,0.728926,0.703743,-0.00139278,-0.189939
370.785,338,0.768277,0.736242,0.0112825,-0.219247
371.651,337.5,0.806227,0.766538,0.0221538,-0.248859
372.517,337,0.84269,0.79463,0.031221,-0.278776
373.383,336.5,0.877616,0.820518,0.0384843,-0.308996
374.249,336,0.899789,0.832728,0.0395934,-0.338551
375.115,335.5,0.900776,0.828493,0.0256377,-0.352619
375.981,335,0.894477,0.819399,0.0063555,-0.358655
376.847,334.5,0.891794,0.812621,-0.00982758,-0.367217
377.713,334,0.866486,0.803575,-0.0357228,-0.322163
378.579,333.5,0.943259,0.866647,-0.0448203,-0.369664
379.445,333,0.950033,0.857257,-0.0378595,-0.407724
380.311,332.5,0.941359,0.83508,-0.0352745,-0.433074
381.177,332,0.928141,0.810649,-0.0402693,-0.450192
382.043,331.5,0.923409,0.794208,-0.0394235,-0.469428
382.909,331,0.924697,0.783874,-0.0346552,-0.489289
383.775,330.5,0.928609,0.775669,-0.029887,-0.509666
384.641,330,0.933693,0.77115,-0.0275341,-0.525693
385.507,329.5,0.933817,0.764768,-0.0252938,-0.535261
386.373,329,0.931142,0.753463,-0.0226745,-0.546631
387.239,328.5,0.924714,0.742877,-0.0178432,-0.550373
388.105,328,0.912127,0.732271,-0.0120747,-0.543699
388.971,327.5,0.898686,0.721188,-0.00663032,-0.536172
389.837,327,0.88533,0.713007,-3.12796e-05,-0.524814
390.703,326.5,0.877419,0.718811,0.0109114,-0.503046
391.569,326,0.87483,0.727359,0.0225172,-0.485561
392.435,325.5,0.873942,0.735633,0.0358096,-0.470465
393.301,325,0.811848,0.694193,0.0373107,-0.419288
394.167,324.5,0.828477,0.689599,0.0515446,-0.456256
395.033,324,0.811064,0.682763,0.0580906,-0.433917
395.899,323.5,0.7892,0.674692,0.0636955,-0.404439
396.765,323,0.770481,0.669481,0.0654919,-0.375694
397.631,322.5,0.671836,0.616683,0.0595199,-0.259853
398.497,322,0.679561,0.627878,0.0592676,-0.253101
399.363,321.5,0.696222,0.645701,0.0542286,-0.254664
400.229,321,0.715845,0.66501,0.0450966,-0.261079
401.095,320.5,0.738923,0.685911,0.0327766,-0.272872
401.962,320,0.768621,0.712794,0.0196147,-0.28691
402.828,319.5,0.8025,0.744717,0.00882028,-0.298872
403.694,319,0.837853,0.778849,-0.00161023,-0.308851
404.56,318.5,0.869875,0.808918,-0.0147702,-0.319558
405.426,318,0.87196,0.810772,-0.0310296,-0.319374
406.292,317.5,0.879547,0.81633,-0.0447547,-0.324355
407.158,317,0.904674,0.83445,-0.0522672,-0.345538
408.024,316.5,0.927275,0.851112,-0.0575545,-0.363505
408.89,316,0.931697,0.857343,-0.051687,-0.361041
409.756,315.5,0.93179,0.859927,-0.0400331,-0.356589
410.622,315,0.921579,0.849162,-0.0202362,-0.357521
411.488,314.5,0.885104,0.803462,0.00708192,-0.371226
412.354,314,0.847261,0.751115,0.0298622,-0.390878
413.22,313.5,0.845453,0.721625,0.0710981,-0.434734
414.086,313,0.843019,0.698925,0.0996573,-0.460709
414.952,312.5,0.834735,0.676326,0.121823,-0.473839
415.818,312,0.787245,0.644092,0.126507,-0.434623
416.684,311.5,0.747964,0.617014,0.125525,-0.403718
417.55,311,0.721007,0.594175,0.129581,-0.387318
418.416,310.5,0.690004,0.572478,0.128393,-0.363167
419.282,310,0.68177,0.579553,0.117402,-0.33933
420.148,309.5,0.682369,0.59533,0.102837,-0.31723
421.014,309,0.678238,0.604377,0.0893108,-0.294547
421.88,308.5,0.66874,0.606022,0.0786685,-0.271591
422.746,308,0.655791,0.602009,0.0708678,-0.250249
423.612,307.5,0.648159,0.600804,0.0654055,-0.234237
424.478,307,0.660403,0.617835,0.0580847,-0.225916
425.344,306.5,0.667732,0.629374,0.0521278,-0.216881
426.21,306,0.668524,0.632358,0.0486017,-0.211388
427.076,305.5,0.66019,0.627578,0.0468566,-0.199505
427.942,305,0.643236,0.615363,0.0467598,-0.181368
428.808,304.5,0.689156,0.663029,0.0347043,-0.184727
429.674,304,0.744483,0.718649,0.0264886,-0.192605
430.54,303.5,0.794785,0.768816,0.0238809,-0.200086
431.406,303,0.828752,0.802294,0.0265833,-0.206027
432.272,302.5,0.855283,0.828109,0.0342981,-0.21111
433.138,302,0.875853,0.849042,0.0478305,-0.209661
434.004,301.5,0.909632,0.885021,0.0628747,-0.200534
434.87,301,0.951684,0.929035,0.0731044,-0.193006
435.737,300.5,0.996592,0.976227,0.0789541,-0.184235
436.603,300,1.02003,1.00242,0.0856133,-0.168139
437.469,299.5,1.02651,1.01001,0.0976482,-0.155196
438.335,299,1.00617,0.989123,0.0921617,-0.159776
439.201,298.5,0.993655,0.976891,0.0706074,-0.167476
440.067,298,0.996517,0.979662,0.0368736,-0.178744
440.933,297.5,1.01146,0.992249,0.00402643,-0.196147
441.799,297,1.03674,1.01423,-0.0239274,-0.213509
442.665,296.5,1.04797,1.02518,-0.028076,-0.215554
443.531,296,1.03598,1.01158,-0.023949,-0.222248
444.397,295.5,1.02799,1.00079,-0.0264359,-0.233406
445.263,295,0.991933,0.964823,-0.0397939,-0.226856
446.129,294.5,0.977369,0.949755,-0.0605465,-0.222597
446.995,294,0.984728,0.955587,-0.0886936,-0.220627
447.861,293.5,1.00249,0.981009,-0.094772,-0.183398
448.727,293,1.02391,1.00896,-0.0966896,-0.145028
449.593,292.5,1.04938,1.03907,-0.0973905,-0.109822
450.459,292,1.07475,1.06727,-0.0910132,-0.0879453
451.325,291.5,1.09616,1.09077,-0.0817703,-0.0714755
452.191,291,1.10836,1.10489,-0.068778,-0.0543866
453.057,290.5,1.10991,1.10744,-0.0571824,-0.0468559
453.923,290,1.10539,1.10322,-0.0517488,-0.0460077
454.789,289.5,1.09165,1.08964,-0.0496819,-0.0437322
455.655,289,1.07953,1.07729,-0.0501882,-0.048007
456.521,288.5,1.07883,1.07588,-0.0510492,-0.0613583
457.387,288,1.07352,1.06935,-0.0420079,-0.0846282
458.253,287.5,1.05731,1.05181,-0.0268402,-0.104266
459.119,287,1.04025,1.03153,-0.00476686,-0.134321
459.985,286.5,1.02526,1.01173,0.0166046,-0.165188
460.851,286,1.00993,0.989881,0.0361949,-0.196934
461.717,285.5,0.991551,0.964699,0.041618,-0.225385
462.583,285,0.990119,0.957091,0.0440638,-0.249743
463.449,284.5,0.996222,0.955947,0.0483276,-0.276201
464.315,284,0.996748,0.953346,0.0497968,-0.286635
465.181,283.5,1.00221,0.955465,0.0461614,-0.298953
466.047,283,1.01312,0.962613,0.0374808,-0.313659
466.913,282.5,1.02198,0.974726,0.0204636,-0.306493
467.779,282,1.03432,0.990384,0.00583658,-0.298189
468.645,281.5,1.05233,1.01067,-0.00431061,-0.29312
469.512,281,1.07607,1.03683,-0.0116684,-0.287714
470.378,280.5,1.10172,1.06413,-0.0186145,-0.284705
471.244,280,1.11106,1.07599,-0.0220962,-0.276034
472.11,279.5,1.11125,1.07716,-0.00483514,-0.273081
472.976,279,1.11307,1.07716,0.0257796,-0.279231
473.842,278.5,1.11059,1.07177,0.0536752,-0.286075
474.708,278,1.09785,1.05724,0.0768148,-0.28566
475.574,277.5,1.0749,1.03455,0.0982512,-0.274681
476.44,277,1.0096,0.969376,0.115221,-0.257532
477.306,276.5,0.96037,0.922926,0.122399,-0.235659
478.172,276,0.949541,0.919168,0.117205,-0.207412
479.038,275.5,0.958078,0.933644,0.111254,-0.183973
